step,type,amount,nameOrig,oldbalanceOrg,newbalanceOrig,nameDest,oldbalanceDest,newbalanceDest,isFraud,fraud_proba,pred_isFraud
372,TRANSFER,8375.89,C6173344564,191764.78,183388.89,C1809283659,158546.28,166922.17,0,0.0,0
454,DEBIT,3561.02,C1149460439,154268.68,150707.66,M2187592160,0.0,0.0,0,0.016666666666666666,0
242,TRANSFER,54169.6,C8313706299,63091.19,8921.59,C3528924461,95053.67,95053.67,1,0.0,0
660,PAYMENT,16295.16,C9166381136,153514.42,137219.26,M8102481401,0.0,0.0,0,0.0,0
504,PAYMENT,12039.68,C4097887746,135826.22,123786.54,M3636366799,0.0,0.0,0,0.0,0
103,TRANSFER,20093.39,C4302709858,127756.1,107662.71,C2699887270,188920.7,209014.09,0,0.0,0
617,TRANSFER,3847.34,C6628158856,4986.95,1139.61,C4098389895,10323.98,14171.32,0,0.006666666666666667,0
657,TRANSFER,2486.77,C9981364488,106419.13,103932.36,C7226553010,111697.39,114184.16,0,0.0,0
411,TRANSFER,152699.77,C3722583581,185135.11,32435.34,M4588312351,0.0,0.0,1,0.30333333333333334,0
665,CASH_OUT,119950.31,C9943959352,193914.92,73964.61,C7552812957,71848.93,71848.93,0,0.0,0
328,CASH_OUT,4241.05,C2503068227,60963.77,56722.72,C7243352390,111509.73,111509.73,0,0.0,0
608,CASH_OUT,28813.01,C5243939720,113408.62,84595.61,C4993808565,185229.38,185229.38,0,0.0,0
187,PAYMENT,935.42,C1439427140,23144.52,22209.1,M9581187661,0.0,0.0,0,0.0,0
24,TRANSFER,161288.36,C2311597141,171000.8,9712.44,C4419410162,103393.93,264682.29,0,0.0,0
474,TRANSFER,178911.42,C7311011808,195648.85,16737.43,C2067970820,104640.11,104640.11,1,0.0,0
92,PAYMENT,3.12,C6719736115,162304.21,162301.09,M1185303518,0.0,0.0,0,0.0,0
539,DEBIT,459.4,C7801180691,198072.97,197613.57,M3317856944,0.0,0.0,0,0.016666666666666666,0
209,TRANSFER,129834.56,C5428082088,137088.74,7254.18,C1091729577,83391.38,213225.94,1,0.0,0
212,CASH_IN,63629.2,C5703357871,57437.46,121066.66,C1515024824,11006.73,11006.73,0,0.0,0
429,CASH_OUT,131742.52,C4095476665,161105.08,29362.56,C2510308881,316.18,316.18,1,0.0,0
255,TRANSFER,9.53,C9248574674,56194.39,56184.86,C9080621072,89499.96,89509.49,0,0.0,0
137,CASH_IN,4955.59,C7568980185,29345.07,34300.66,C2191714875,26405.47,26405.47,0,0.0,0
393,CASH_OUT,1135.56,C7706193636,47575.67,46440.11,C5871743247,71592.67,71592.67,0,0.0,0
61,CASH_OUT,171790.7,C7070083150,146872.22,0.0,M6045729129,0.0,0.0,1,0.056666666666666664,0
613,CASH_OUT,3255.21,C7635473142,6702.06,3446.85,C8182649048,91728.53,91728.53,0,0.0,0
405,PAYMENT,23.33,C1684598046,132248.0,132224.67,M4122901114,0.0,0.0,0,0.0,0
184,CASH_OUT,55803.95,C8791183272,72854.93,17050.98,C8695129534,104115.54,104115.54,1,0.0,0
544,PAYMENT,23833.67,C7757700186,177605.89,153772.22,M6866146362,0.0,0.0,0,0.0,0
512,CASH_OUT,5450.51,C1772303297,13223.16,7772.65,C4586139213,106696.99,106696.99,0,0.0,0
270,CASH_OUT,15534.05,C8239941612,133399.31,117865.26,C7022683808,153741.46,153741.46,0,0.0,0
169,CASH_IN,2353.4,C9369574998,55443.41,57796.81,C2214741296,81401.37,81401.37,0,0.0,0
674,PAYMENT,42.61,C9935429720,189720.31,189677.7,M1413599241,0.0,0.0,0,0.0,0
188,TRANSFER,9856.6,C1770278136,8230.29,0.0,M1357561213,0.0,0.0,1,0.7966666666666666,1
42,CASH_IN,26884.82,C9830946410,9991.6,36876.42,C5667503195,66993.48,66993.48,0,0.0,0
116,CASH_OUT,1091.46,C3987248494,26075.03,24983.57,C2073755632,140870.74,140870.74,0,0.0,0
291,CASH_OUT,158836.95,C3316277000,153976.1,0.0,M7764117705,0.0,0.0,1,0.02,0
5,TRANSFER,707.75,C4633257620,37645.37,36937.62,C6470052645,124992.78,125700.53,0,0.0,0
511,DEBIT,21495.29,C3694860228,25165.49,3670.2,M5412437658,0.0,0.0,0,0.03333333333333333,0
697,CASH_OUT,87961.79,C4605117440,113223.29,25261.5,M6284297249,0.0,0.0,1,0.016666666666666666,0
676,TRANSFER,79641.49,C1110724913,157461.52,77820.03,C6910112521,107944.57,187586.06,0,0.0033333333333333335,0
338,TRANSFER,16863.53,C5483308751,131486.12,114622.59,C3480920839,33815.85,50679.38,0,0.0,0
583,TRANSFER,31292.68,C5227828349,28471.87,0.0,C3313993297,129528.04,129528.04,1,0.02,0
561,PAYMENT,561.92,C8084809436,106251.16,105689.24,M2187592160,0.0,0.0,0,0.0,0
409,CASH_OUT,77167.75,C7374584386,91597.25,14429.5,C6804850108,118432.63,118432.63,1,0.0,0
670,CASH_OUT,198926.77,C8547068234,171363.04,0.0,M4820942294,0.0,0.0,1,0.18,0
618,TRANSFER,144040.99,C1036351450,152454.74,8413.75,C3380064537,172219.26,172219.26,1,0.0,0
488,TRANSFER,39234.81,C7271954644,44377.34,5142.53,C3106408413,111856.21,151091.02,1,0.0,0
646,PAYMENT,10579.57,C6214917780,178427.12,167847.55,M9068916300,0.0,0.0,0,0.0,0
664,PAYMENT,9033.41,C3423086220,56659.4,47625.99,M2625035499,0.0,0.0,0,0.0,0
538,TRANSFER,236383.24,C1041531046,198292.6,0.0,M3690714075,0.0,0.0,1,0.9333333333333333,1
308,TRANSFER,248.93,C6754503097,2259.45,2010.52,C1230624431,64846.99,65095.92,0,0.0,0
79,TRANSFER,28587.62,C6576426590,155421.19,126833.57,C7374810067,157785.68,186373.3,0,0.0,0
476,TRANSFER,9884.08,C7248258423,50622.2,40738.12,C5271453859,85293.15,95177.23,0,0.0,0
84,PAYMENT,572.67,C6496933442,88844.07,88271.4,M1442421654,0.0,0.0,0,0.0,0
187,PAYMENT,1955.36,C4633257620,36937.62,34982.26,M8869140487,0.0,0.0,0,0.0,0
466,PAYMENT,2350.19,C4972536230,102695.84,100345.65,M9900829971,0.0,0.0,0,0.0,0
192,CASH_OUT,139314.7,C2848792488,184972.27,45657.57,M9288057824,0.0,0.0,1,0.0,0
6,PAYMENT,4533.4,C4683585586,158895.75,154362.35,M3690714075,0.0,0.0,0,0.0,0
415,CASH_IN,30769.58,C1364994639,66858.93,97628.51,C6186758088,89194.54,89194.54,0,0.0,0
634,TRANSFER,184140.15,C2866092821,189489.74,5349.59,C1361845490,24541.89,208682.04,0,0.0,0
692,PAYMENT,3.05,C8531118333,97572.22,97569.17,M8861351706,0.0,0.0,0,0.0,0
115,TRANSFER,70.74,C7415801613,111468.06,111397.32,C7027529118,99454.76,99525.5,0,0.0,0
493,TRANSFER,71381.84,C5512036684,138099.45,66717.61,C9579064478,199744.67,271126.51,0,0.0,0
552,TRANSFER,68946.53,C6469458472,96983.7,28037.17,M1466305100,0.0,0.0,1,0.26666666666666666,0
157,PAYMENT,5.39,C5667503195,66993.48,66988.09,M9098037639,0.0,0.0,0,0.0,0
461,PAYMENT,36.74,C4602080228,115193.4,115156.66,M5937271321,0.0,0.0,0,0.0,0
9,CASH_OUT,87799.26,C4277581356,82167.56,0.0,C9138644862,94974.28,94974.28,1,0.01,0
568,PAYMENT,5766.58,C4159699467,115586.28,109819.7,M7340036327,0.0,0.0,0,0.0,0
627,DEBIT,2008.46,C2732553940,40386.35,38377.89,M2910594463,0.0,0.0,0,0.023333333333333334,0
63,PAYMENT,59.1,C9245348297,196723.75,196664.65,M5734228580,0.0,0.0,0,0.0,0
664,PAYMENT,4280.84,C8317619798,43883.27,39602.43,M9822499208,0.0,0.0,0,0.0,0
447,TRANSFER,67575.62,C7808938880,82808.03,15232.41,M1666898313,0.0,0.0,1,0.27,0
702,TRANSFER,79362.66,C7092693247,98329.67,18967.01,C8351491401,858.86,80221.52,0,0.0,0
135,CASH_OUT,29175.86,C9912233947,35234.8,6058.94,C8001729836,116865.24,116865.24,0,0.0,0
690,PAYMENT,8791.62,C4990452762,151096.79,142305.17,M7570511906,0.0,0.0,0,0.0,0
290,PAYMENT,529.73,C8691288568,127484.83,126955.1,M9558906999,0.0,0.0,0,0.0,0
161,PAYMENT,1817.14,C9138644862,94974.28,93157.14,M6786043791,0.0,0.0,0,0.0,0
215,CASH_IN,7799.2,C8858766173,62488.13,70287.33,C3884642366,114442.05,114442.05,0,0.0,0
694,TRANSFER,133250.5,C9248046539,182077.8,48827.3,C9863781331,179200.33,179200.33,1,0.0,0
633,CASH_OUT,142966.54,C2065354117,130868.66,0.0,C1600337712,15880.98,15880.98,1,0.12,0
571,CASH_OUT,34945.44,C1248704157,46465.61,11520.17,M9255306810,0.0,0.0,1,0.013333333333333334,0
449,CASH_IN,141764.7,C3420671425,166917.04,308681.74,C4643576871,2286.88,2286.88,0,0.0,0
626,CASH_OUT,56397.39,C4877520294,165141.05,108743.66,C8831899893,19737.14,19737.14,0,0.0,0
520,CASH_OUT,148319.88,C5272119095,190516.1,42196.22,C1400330495,38651.97,38651.97,1,0.0,0
453,PAYMENT,410.54,C9798613995,109324.01,108913.47,M9921025990,0.0,0.0,0,0.0,0
373,PAYMENT,4089.66,C6717963562,195041.5,190951.84,M3831598303,0.0,0.0,0,0.0,0
426,PAYMENT,2349.98,C1439427140,22209.1,19859.12,M2328736852,0.0,0.0,0,0.0,0
518,TRANSFER,82828.53,C8351491401,80221.52,0.0,M3705237613,0.0,0.0,1,0.9133333333333333,1
543,PAYMENT,3581.63,C5175416378,45314.89,41733.26,M6820149016,0.0,0.0,0,0.0,0
420,CASH_IN,64669.42,C4180599722,28774.52,93443.94,C7292376027,184681.95,184681.95,0,0.0,0
31,CASH_OUT,46920.27,C9954587710,94782.13,47861.86,C2802141793,8503.39,8503.39,0,0.0,0
72,TRANSFER,157505.67,C2918260963,175663.45,18157.78,M6932365592,0.0,0.0,1,0.25666666666666665,0
657,CASH_OUT,56133.89,C5336127859,49330.84,0.0,C8418332121,99883.38,99883.38,1,0.016666666666666666,0
430,TRANSFER,14601.39,C9663561486,91674.07,77072.68,C7645527239,75267.31,89868.7,0,0.0,0
322,PAYMENT,8439.71,C6691628146,145945.7,137505.99,M2129491690,0.0,0.0,0,0.0,0
151,PAYMENT,8870.09,C1400330495,38651.97,29781.88,M7948094928,0.0,0.0,0,0.0,0
634,TRANSFER,116292.7,C7965608188,167386.83,51094.13,C8497938394,184019.61,300312.31,0,0.0,0
415,DEBIT,12755.86,C4993808565,185229.38,172473.52,M3534186676,0.0,0.0,0,0.016666666666666666,0
400,CASH_OUT,16195.68,C6237376063,39219.86,23024.18,C4915196257,114268.91,114268.91,0,0.0,0
96,PAYMENT,7.47,C2554039848,115511.97,115504.5,M9776500600,0.0,0.0,0,0.0,0
553,PAYMENT,12379.08,C6952554500,83902.8,71523.72,M8821456242,0.0,0.0,0,0.0,0
518,CASH_OUT,61659.35,C8281641403,70288.16,8628.81,M9288057824,0.0,0.0,1,0.016666666666666666,0
667,PAYMENT,4382.76,C2854772804,67100.75,62717.99,M6659847491,0.0,0.0,0,0.0,0
242,CASH_IN,117326.67,C5129478722,44114.5,161441.17,C5281907480,64043.59,64043.59,0,0.0,0
643,CASH_OUT,14066.28,C1614685938,82711.86,68645.58,C9049270990,48965.01,48965.01,0,0.0,0
683,CASH_OUT,95419.69,C9432088993,97245.38,1825.69,C9438411468,10907.6,10907.6,0,0.0033333333333333335,0
533,PAYMENT,667.72,C4180599722,93443.94,92776.22,M9896529524,0.0,0.0,0,0.0,0
370,PAYMENT,102.79,C6171239466,120885.9,120783.11,M1257854279,0.0,0.0,0,0.0,0
64,PAYMENT,92.5,C3995732958,147066.36,146973.86,M8063693463,0.0,0.0,0,0.0,0
694,TRANSFER,25884.03,C6244338653,143080.06,117196.03,C6663846005,150525.7,176409.73,0,0.0,0
271,TRANSFER,10032.57,C2720484983,17689.27,7656.7,C8295757364,12589.9,22622.47,0,0.0,0
427,PAYMENT,11810.68,C5419627962,147133.55,135322.87,M7340036327,0.0,0.0,0,0.0,0
133,TRANSFER,89674.99,C9255898264,157076.34,67401.35,C2227193073,100945.87,190620.86,0,0.0,0
467,CASH_OUT,22354.49,C5689870435,160707.64,138353.15,C4262396395,9160.34,9160.34,0,0.0,0
122,PAYMENT,7309.04,C4034047118,114288.12,106979.08,M2115406331,0.0,0.0,0,0.0,0
42,PAYMENT,1811.99,C8160279830,129130.44,127318.45,M6313472215,0.0,0.0,0,0.0,0
498,TRANSFER,188889.24,C6110943464,164662.96,0.0,M6401844042,0.0,0.0,1,0.9633333333333334,1
221,TRANSFER,17898.64,C4163119785,24392.31,6493.67,C7625464411,17015.8,34914.44,1,0.0,0
493,TRANSFER,116222.74,C7406579219,117597.85,1375.11,C6797436140,17415.18,133637.92,0,0.0,0
487,CASH_OUT,2585.47,C9673185158,118775.43,116189.96,C8991514523,98377.3,98377.3,0,0.006666666666666667,0
652,PAYMENT,18233.37,C6582557981,57841.69,39608.32,M1413599241,0.0,0.0,0,0.0,0
334,TRANSFER,138851.03,C6789292252,120727.2,0.0,C6623360831,140670.82,140670.82,1,0.0,0
47,DEBIT,19114.9,C1553155490,170760.81,151645.91,M7713758036,0.0,0.0,0,0.006666666666666667,0
170,TRANSFER,45015.3,C9958044697,72513.71,27498.41,C9103115140,63936.22,108951.52,0,0.0,0
127,PAYMENT,7452.96,C5036200310,165796.32,158343.36,M8030400668,0.0,0.0,0,0.0,0
55,TRANSFER,44035.3,C5183211669,82902.8,38867.5,C5022964382,106504.17,150539.47,0,0.0,0
20,TRANSFER,52876.71,C6289150149,65856.95,12980.24,M8443061472,0.0,0.0,1,0.21,0
594,CASH_OUT,26906.72,C6974875750,179015.83,152109.11,C4500557310,6325.64,6325.64,0,0.0,0
47,DEBIT,1157.79,C3260842187,62496.16,61338.37,M6744039057,0.0,0.0,0,0.0033333333333333335,0
25,PAYMENT,214.06,C8833399096,95142.4,94928.34,M9021793855,0.0,0.0,0,0.0,0
102,PAYMENT,13999.98,C2825957977,172517.53,158517.55,M2187592160,0.0,0.0,0,0.0,0
158,PAYMENT,8564.13,C7186766399,100250.29,91686.16,M5156392601,0.0,0.0,0,0.0,0
334,TRANSFER,78154.88,C6218955985,101337.93,23183.05,C5071218314,164404.61,164404.61,1,0.0,0
265,CASH_OUT,5963.71,C4034047118,106979.08,101015.37,C3363629219,40415.81,40415.81,0,0.0,0
612,PAYMENT,3063.37,C8719734235,151048.75,147985.38,M2303835765,0.0,0.0,0,0.0,0
118,TRANSFER,95353.27,C9493209128,133463.28,38110.01,M2711123163,0.0,0.0,1,0.23,0
20,TRANSFER,104157.65,C2295574037,106571.09,2413.44,C9333798503,34580.5,34580.5,1,0.0033333333333333335,0
312,PAYMENT,753.6,C5714169271,20344.43,19590.83,M6865994703,0.0,0.0,0,0.0,0
146,CASH_IN,38282.09,C5428082088,7254.18,45536.27,C4145461251,182450.56,182450.56,0,0.0,0
434,TRANSFER,34169.33,C3710566582,37106.86,2937.53,C2181241943,163450.14,197619.47,0,0.0,0
636,CASH_OUT,158393.37,C9697354961,168307.86,9914.49,C1245522987,160203.99,160203.99,1,0.0,0
697,PAYMENT,7690.98,C1586412136,65459.19,57768.21,M5919148165,0.0,0.0,0,0.0,0
523,TRANSFER,59680.19,C1065857791,80122.96,20442.77,M1647181551,0.0,0.0,1,0.27,0
144,CASH_IN,4885.62,C8316205130,143144.64,148030.26,C4277581356,0.0,0.0,0,0.0,0
517,PAYMENT,9211.44,C4308701294,21872.98,12661.54,M6498703287,0.0,0.0,0,0.0,0
464,TRANSFER,117254.78,C5923940434,99410.89,0.0,C6214917780,167847.55,167847.55,1,0.013333333333333334,0
709,TRANSFER,28015.57,C5130589741,39750.28,11734.71,M6515490818,0.0,0.0,1,0.2833333333333333,0
570,CASH_OUT,51167.09,C5125568431,137568.64,86401.55,C1149460439,150707.66,150707.66,0,0.0,0
665,TRANSFER,127883.89,C1684598046,132224.67,4340.78,C1036351450,8413.75,136297.64,0,0.0033333333333333335,0
456,PAYMENT,16481.64,C9147687657,180234.97,163753.33,M7928143230,0.0,0.0,0,0.0,0
367,CASH_OUT,192939.3,C8497938394,300312.31,107373.01,C5569295400,34347.43,34347.43,0,0.0,0
128,DEBIT,1815.99,C4242550727,68709.23,66893.24,M3508990774,0.0,0.0,0,0.0033333333333333335,0
21,TRANSFER,5271.57,C6156843353,63388.75,58117.18,C4398953973,139873.1,145144.67,0,0.0,0
629,CASH_OUT,191356.66,C1662976399,199167.27,7810.61,C6385791669,90177.17,90177.17,0,0.0,0
372,TRANSFER,165195.9,C8388580360,138571.85,0.0,M5985331805,0.0,0.0,1,0.9266666666666666,1
114,TRANSFER,14440.6,C7896596272,20781.46,6340.86,C4530959836,175735.45,190176.05,0,0.0,0
580,TRANSFER,62220.33,C3667292043,76441.42,14221.09,C8370987661,14077.63,76297.96,0,0.0,0
67,CASH_OUT,128407.82,C3725152347,120633.09,0.0,M3566125120,0.0,0.0,1,0.08,0
695,CASH_OUT,195766.2,C3550908958,188175.18,0.0,C3058982440,71783.67,71783.67,1,0.10666666666666667,0
3,TRANSFER,298.65,C3169561289,27286.13,26987.48,C2941289685,74084.09,74382.74,0,0.0033333333333333335,0
331,CASH_IN,64247.83,C5763350700,85464.77,149712.6,C7045593274,79838.26,79838.26,0,0.0,0
478,TRANSFER,11233.64,C9894264595,47757.31,36523.67,C2994056084,194174.15,205407.79,0,0.0,0
431,PAYMENT,2251.0,C5092199300,21748.93,19497.93,M3072183247,0.0,0.0,0,0.0,0
586,CASH_IN,22693.8,C4207337120,60910.83,83604.63,C4635552887,174358.74,174358.74,0,0.0,0
77,PAYMENT,57.77,C4673457063,146488.21,146430.44,M2518433834,0.0,0.0,0,0.0,0
641,CASH_OUT,101665.05,C4972536230,100345.65,0.0,M6606958660,0.0,0.0,1,0.16333333333333333,0
257,CASH_OUT,179216.37,C6405851839,161337.45,0.0,M3107992942,0.0,0.0,1,0.013333333333333334,0
243,CASH_OUT,17021.23,C9858643842,25442.35,8421.12,C8419590655,92987.27,92987.27,0,0.0,0
593,TRANSFER,182210.91,C3142452709,159130.35,0.0,C6687206971,139407.55,139407.55,1,0.01,0
131,CASH_OUT,96322.01,C7380780055,105164.27,8842.26,C3894673596,5823.48,5823.48,1,0.0033333333333333335,0
58,PAYMENT,144.62,C5182110973,76763.29,76618.67,M8667946580,0.0,0.0,0,0.0,0
421,TRANSFER,158408.16,C6300607425,177595.58,19187.42,C6789292252,0.0,0.0,1,0.32666666666666666,0
636,PAYMENT,4402.56,C3931997465,81173.19,76770.63,M3369412470,0.0,0.0,0,0.0,0
337,PAYMENT,7916.17,C2625792787,39744.73,31828.56,M2586712032,0.0,0.0,0,0.0,0
199,PAYMENT,2568.3,C2493660313,64680.83,62112.53,M6130446648,0.0,0.0,0,0.0,0
493,PAYMENT,15177.15,C4600630513,102333.29,87156.14,M3580582653,0.0,0.0,0,0.0,0
62,CASH_OUT,46521.3,C2486744752,52932.97,6411.67,C8001729836,116865.24,116865.24,1,0.0,0
555,PAYMENT,1655.62,C1754603440,148516.93,146861.31,M6498703287,0.0,0.0,0,0.0,0
9,TRANSFER,8454.46,C8826851692,41801.91,33347.45,C8380507338,14174.79,22629.25,0,0.0,0
573,PAYMENT,9384.1,C8274273035,155821.58,146437.48,M4160161496,0.0,0.0,0,0.0,0
207,PAYMENT,11220.9,C1613549255,191820.75,180599.85,M6515490818,0.0,0.0,0,0.0,0
479,PAYMENT,23013.56,C2158638062,155532.33,132518.77,M3119908041,0.0,0.0,0,0.0,0
631,CASH_OUT,168852.02,C5659161352,146157.87,0.0,M4125758723,0.0,0.0,1,0.23,0
4,TRANSFER,6670.36,C3057629778,186788.37,180118.01,C6789292252,0.0,6670.36,0,0.013333333333333334,0
493,CASH_IN,77358.64,C5560712830,174359.8,251718.44,C5035765954,158611.04,158611.04,0,0.0,0
211,CASH_OUT,8.77,C4460967357,104227.82,104219.05,C2963288053,162570.2,162570.2,0,0.0,0
367,TRANSFER,4763.03,C1913706213,4797.36,34.33,M1306420495,0.0,0.0,1,0.44,0
45,PAYMENT,885.42,C8151583833,63297.71,62412.29,M1811839103,0.0,0.0,0,0.0,0
269,PAYMENT,565.61,C4907446848,174851.08,174285.47,M6992094064,0.0,0.0,0,0.0,0
23,CASH_OUT,26579.33,C9333798503,34580.5,8001.17,M9065458220,0.0,0.0,1,0.0,0
114,PAYMENT,2800.23,C5376302686,101119.22,98318.99,M1676220116,0.0,0.0,0,0.0,0
382,DEBIT,37590.9,C7340498236,141978.98,104388.08,M6525576685,0.0,0.0,0,0.01,0
67,TRANSFER,119449.85,C6698759353,134349.51,14899.66,M8218146534,0.0,0.0,1,0.25666666666666665,0
614,TRANSFER,58058.08,C9433570024,90645.72,32587.64,C8763140509,104813.95,162872.03,0,0.0,0
549,CASH_OUT,145967.89,C9467483275,173763.71,27795.82,M3846182436,0.0,0.0,1,0.013333333333333334,0
521,DEBIT,29327.96,C3367665472,151555.32,122227.36,M8102481401,0.0,0.0,0,0.02,0
680,PAYMENT,2877.87,C8257484586,97326.06,94448.19,M4641902461,0.0,0.0,0,0.0,0
532,PAYMENT,11211.24,C4485356009,34160.31,22949.07,M2625035499,0.0,0.0,0,0.0,0
507,TRANSFER,73008.31,C5785481124,106224.35,33216.04,C9433570024,32587.64,105595.95,0,0.0,0
213,TRANSFER,65277.15,C1553753599,76526.6,11249.45,M2228388623,0.0,0.0,1,0.24333333333333335,0
586,TRANSFER,116940.94,C9333490239,108700.23,0.0,C2602884797,11210.89,11210.89,1,0.12,0
532,TRANSFER,35627.17,C4455798713,68569.6,32942.43,C6358023411,191121.14,226748.31,0,0.0,0
479,PAYMENT,1438.3,C7799567490,187701.09,186262.79,M1857561275,0.0,0.0,0,0.0,0
26,TRANSFER,45189.54,C8669484644,60967.32,15777.78,M2391874847,0.0,0.0,1,0.21,0
526,PAYMENT,153.27,C7019900273,54883.71,54730.44,M3566125120,0.0,0.0,0,0.0,0
74,TRANSFER,84266.16,C3567900251,144914.13,60647.97,C3362646960,36949.3,121215.46,0,0.0,0
257,CASH_OUT,11634.16,C2126077199,99265.75,87631.59,C4631048029,80124.86,80124.86,0,0.0,0
619,CASH_IN,77298.78,C8719734235,147985.38,225284.16,C4956843441,195120.21,195120.21,0,0.0,0
268,CASH_OUT,96887.48,C4026379752,107425.3,10537.82,M9822499208,0.0,0.0,1,0.0,0
594,PAYMENT,24413.92,C8852676046,85180.45,60766.53,M9625656293,0.0,0.0,0,0.0,0
153,PAYMENT,4848.5,C1667483244,27884.66,23036.16,M5985331805,0.0,0.0,0,0.0,0
529,TRANSFER,127312.67,C3520417815,154073.56,26760.89,C1870644102,146328.1,273640.77,0,0.0,0
349,PAYMENT,14073.29,C9343730920,63499.24,49425.95,M6820149016,0.0,0.0,0,0.0,0
715,PAYMENT,12.24,C6155234610,116383.72,116371.48,M8366710477,0.0,0.0,0,0.0,0
143,PAYMENT,5436.94,C3169561289,26987.48,21550.54,M3508990774,0.0,0.0,0,0.0,0
675,PAYMENT,10902.98,C3420721027,134013.22,123110.24,M5815678365,0.0,0.0,0,0.0033333333333333335,0
414,TRANSFER,61939.19,C6884333221,137167.16,75227.97,C5536224717,182670.77,244609.96,0,0.0,0
582,DEBIT,14417.13,C9633533290,130951.57,116534.44,M8144352013,0.0,0.0,0,0.02,0
618,TRANSFER,6070.77,C8033062794,191176.69,185105.92,C6955593943,194778.35,200849.12,0,0.0,0
401,TRANSFER,176236.14,C9974165440,149230.11,0.0,M8778927211,0.0,0.0,1,0.91,1
312,TRANSFER,39806.37,C9493209128,38110.01,0.0,M4390543744,0.0,0.0,1,0.83,1
192,TRANSFER,112054.72,C5638860656,132522.45,20467.73,M5412437658,0.0,0.0,1,0.26666666666666666,0
466,CASH_OUT,147559.59,C9908115095,162971.73,15412.14,C6628158856,1139.61,1139.61,1,0.0,0
114,TRANSFER,223531.07,C1261903104,194072.13,0.0,M9773795424,0.0,0.0,1,0.9433333333333334,1
211,CASH_OUT,3490.68,C1304205279,196250.32,192759.64,C9974165440,0.0,0.0,0,0.0,0
589,TRANSFER,86960.73,C3483827971,113213.76,26253.03,C7527316141,66256.13,153216.86,0,0.0,0
283,CASH_OUT,94001.1,C3147818256,93773.76,0.0,C7540301973,53163.13,53163.13,1,0.07,0
337,CASH_OUT,26295.73,C6038780151,34922.77,8627.04,C8322868827,52250.52,52250.52,0,0.0,0
295,DEBIT,6339.27,C4586784711,102812.13,96472.86,M8869140487,0.0,0.0,0,0.006666666666666667,0
180,PAYMENT,4482.96,C2670036982,126404.22,121921.26,M4820942294,0.0,0.0,0,0.0,0
675,CASH_OUT,62129.86,C1288765093,75782.2,13652.34,C3434757387,194144.81,194144.81,1,0.0033333333333333335,0
281,TRANSFER,519.48,C9078786223,187829.59,187310.11,C7229869819,41947.83,42467.31,0,0.0,0
223,PAYMENT,241.92,C8991514523,98377.3,98135.38,M5734228580,0.0,0.0,0,0.0,0
378,TRANSFER,88503.33,C8252045593,113114.92,24611.59,M7951820749,0.0,0.0,1,0.27,0
46,PAYMENT,2995.66,C8390631634,168381.57,165385.91,M1442421654,0.0,0.0,0,0.0,0
409,PAYMENT,214.22,C7887950851,187484.18,187269.96,M9977193987,0.0,0.0,0,0.0,0
140,CASH_OUT,545.34,C7508080884,171671.13,171125.79,C7915226263,30227.12,30227.12,0,0.0,0
562,CASH_OUT,38128.92,C2850820685,196733.68,158604.76,C9410288290,189788.18,189788.18,0,0.0,0
286,PAYMENT,556.57,C4131575764,1785.97,1229.4,M8058679999,0.0,0.0,0,0.0,0
128,PAYMENT,10612.05,C5310195918,199686.71,189074.66,M2839566253,0.0,0.0,0,0.0,0
158,PAYMENT,19475.29,C5281907480,64043.59,44568.3,M9918338001,0.0,0.0,0,0.0,0
546,CASH_OUT,199239.33,C9539945315,195235.81,0.0,C9945002229,1015.52,1015.52,1,0.23666666666666666,0
106,PAYMENT,33.34,C9807209816,97074.06,97040.72,M6659847491,0.0,0.0,0,0.0,0
387,DEBIT,1450.3,C2965718821,120888.05,119437.75,M1676220116,0.0,0.0,0,0.006666666666666667,0
17,CASH_IN,3983.05,C2431779064,118857.52,122840.57,C4594787485,43399.62,43399.62,0,0.0,0
686,CASH_OUT,75769.9,C3196545325,73416.58,0.0,C3532855799,177945.28,177945.28,1,0.26,0
46,PAYMENT,389.93,C6628158856,1139.61,749.68,M1888107487,0.0,0.0,0,0.0,0
213,PAYMENT,1009.5,C3412273600,90009.15,88999.65,M1692044390,0.0,0.0,0,0.0,0
109,PAYMENT,2.48,C4662861038,182640.85,182638.37,M4908108692,0.0,0.0,0,0.0,0
218,PAYMENT,9689.38,C8841851495,188369.0,178679.62,M7713758036,0.0,0.0,0,0.0,0
378,CASH_OUT,163600.58,C8598503901,172249.57,8648.99,M5694439775,0.0,0.0,1,0.0,0
550,DEBIT,2409.88,C2877279755,195170.65,192760.77,M4689605624,0.0,0.0,0,0.02,0
98,CASH_IN,63776.44,C8761469117,157869.65,221646.09,C6804850108,118432.63,118432.63,0,0.0,0
711,CASH_OUT,86200.04,C4325878813,83431.35,0.0,M1857561275,0.0,0.0,1,0.23333333333333334,0
19,TRANSFER,75078.03,C7525240100,162783.14,87705.11,C7633342225,76559.8,151637.83,0,0.0,0
239,CASH_OUT,42.65,C8995970241,172731.53,172688.88,C9035194895,139222.83,139222.83,0,0.0,0
128,CASH_OUT,69812.86,C1387652480,92690.37,22877.51,C3698305085,189950.78,189950.78,0,0.0,0
62,TRANSFER,102576.64,C3358880404,100464.92,0.0,M1504729135,0.0,0.0,1,0.9566666666666667,1
613,PAYMENT,302.62,C5751366455,98295.92,97993.3,M4952177946,0.0,0.0,0,0.0,0
326,CASH_OUT,34383.56,C3128675098,50119.27,15735.71,C7631970791,110222.57,110222.57,0,0.0,0
296,PAYMENT,2371.35,C1051354601,38890.01,36518.66,M8144352013,0.0,0.0,0,0.0,0
211,DEBIT,30725.98,C1304205279,192759.64,162033.66,M3223687972,0.0,0.0,0,0.006666666666666667,0
713,TRANSFER,16491.47,C5182110973,76618.67,60127.2,C9470922075,89176.41,105667.88,0,0.0,0
453,PAYMENT,22522.1,C2317723211,109522.51,87000.41,M9773795424,0.0,0.0,0,0.0,0
54,PAYMENT,131.54,C3365835550,98289.12,98157.58,M9410569618,0.0,0.0,0,0.0,0
607,CASH_OUT,44962.94,C3365835550,98157.58,53194.64,C7818568548,40386.4,40386.4,0,0.0,0
437,PAYMENT,1132.87,C6661014794,88421.11,87288.24,M8325043570,0.0,0.0,0,0.0,0
181,PAYMENT,2857.48,C8471762590,8139.78,5282.3,M9441870024,0.0,0.0,0,0.0,0
493,TRANSFER,27476.36,C7004510516,29843.29,2366.93,C2087974350,129890.28,129890.28,1,0.0,0
444,CASH_OUT,36.83,C2914590233,15280.07,15243.24,C8458717057,183542.43,183542.43,0,0.013333333333333334,0
391,PAYMENT,7983.78,C8178927766,72666.86,64683.08,M6361225622,0.0,0.0,0,0.0,0
157,PAYMENT,1846.15,C8487449580,109589.8,107743.65,M9068916300,0.0,0.0,0,0.0,0
291,TRANSFER,2509.5,C9623534576,21102.84,18593.34,C6509985983,26543.43,29052.93,0,0.0,0
481,CASH_OUT,94367.01,C1939042955,88592.19,0.0,M5315720088,0.0,0.0,1,0.2966666666666667,0
415,DEBIT,6090.52,C2308638549,164273.07,158182.55,M6313472215,0.0,0.0,0,0.016666666666666666,0
316,TRANSFER,158.44,C1370292681,10625.46,10467.02,C6638034087,70552.75,70711.19,0,0.0,0
128,TRANSFER,32252.56,C3878201524,178826.02,146573.46,C5728897164,48950.05,81202.61,0,0.0,0
262,CASH_OUT,43074.12,C5150090143,63696.98,20622.86,C7602474923,32393.21,32393.21,0,0.0,0
378,TRANSFER,101795.19,C5403510324,187432.59,85637.4,C1257324536,83171.09,184966.28,0,0.0,0
249,DEBIT,22632.82,C2237386857,151148.59,128515.77,M3605446007,0.0,0.0,0,0.006666666666666667,0
661,TRANSFER,113962.51,C5689870435,138353.15,24390.64,C3933213766,57674.54,57674.54,1,0.0033333333333333335,0
679,PAYMENT,9508.38,C6317152031,32569.45,23061.07,M3595066420,0.0,0.0,0,0.0,0
394,TRANSFER,47157.69,C9461708554,75547.52,28389.83,C3343292475,74343.9,121501.59,0,0.0,0
194,PAYMENT,11116.54,C8991977937,101882.98,90766.44,M6790024996,0.0,0.0,0,0.0,0
513,TRANSFER,14990.04,C7525240100,87705.11,72715.07,C7103588071,187617.92,202607.96,0,0.0,0
422,DEBIT,384.44,C1725783958,68723.13,68338.69,M7512767226,0.0,0.0,0,0.013333333333333334,0
587,PAYMENT,13227.3,C4361393222,138759.05,125531.75,M5067400473,0.0,0.0,0,0.0,0
408,PAYMENT,1.02,C7760554363,47240.95,47239.93,M7717262223,0.0,0.0,0,0.0,0
72,PAYMENT,12625.27,C2076341629,76919.01,64293.74,M5585110649,0.0,0.0,0,0.0,0
175,TRANSFER,117243.05,C3799264931,123244.2,6001.15,M8325043570,0.0,0.0,1,0.27666666666666667,0
581,PAYMENT,15690.91,C5160575046,98281.1,82590.19,M6651754819,0.0,0.0,0,0.0,0
197,CASH_OUT,10594.83,C1370292681,10467.02,0.0,M1306420495,0.0,0.0,1,0.07666666666666666,0
171,TRANSFER,79960.71,C6805759868,111859.24,31898.53,M9444143872,0.0,0.0,1,0.24,0
497,PAYMENT,13346.85,C1676168421,111603.98,98257.13,M6558769264,0.0,0.0,0,0.0,0
8,CASH_OUT,2331.93,C3710566582,2937.53,605.6,C3476426797,116431.14,116431.14,0,0.0,0
385,CASH_IN,128510.42,C4325878813,0.0,128510.42,C3846570058,9806.27,9806.27,0,0.0,0
485,TRANSFER,86131.56,C4750707607,137410.47,51278.91,C3698343112,176480.78,262612.34,0,0.0,0
352,CASH_OUT,81536.72,C6714723660,87226.58,5689.86,C7561728644,194736.38,194736.38,0,0.0,0
388,CASH_IN,93400.75,C2633177480,62911.84,156312.59,C4847761430,155106.64,155106.64,0,0.0,0
4,TRANSFER,153995.31,C7596745715,168175.38,14180.07,C7910817577,56722.29,210717.6,0,0.0,0
143,CASH_OUT,205280.77,C1818112342,190831.07,0.0,M4306983924,0.0,0.0,1,0.02,0
463,TRANSFER,28603.95,C3465883999,150485.57,121881.62,C1885113834,122060.38,150664.33,0,0.0,0
193,TRANSFER,7525.74,C8137764127,7400.75,0.0,C9147687657,163753.33,163753.33,1,0.0,0
334,PAYMENT,12859.93,C7508080884,171125.79,158265.86,M8389750357,0.0,0.0,0,0.0,0
84,DEBIT,48567.26,C1664885408,129384.41,80817.15,M6515490818,0.0,0.0,0,0.01,0
717,CASH_OUT,5489.84,C8761956684,82808.23,77318.39,C3149484176,144280.62,144280.62,0,0.0,0
147,CASH_OUT,96101.2,C2020262123,103634.15,7532.95,C2174793230,96906.57,96906.57,0,0.0,0
33,CASH_OUT,5674.24,C3894673596,5823.48,149.24,C1036351450,136297.64,136297.64,1,0.0,0
173,CASH_IN,38774.56,C8458717057,183542.43,222316.99,C1039887139,111758.09,111758.09,0,0.0,0
250,TRANSFER,17603.44,C6300607425,19187.42,1583.98,C3185386258,70624.18,70624.18,1,0.0,0
165,PAYMENT,898.19,C8417757797,156862.8,155964.61,M4306983924,0.0,0.0,0,0.0,0
264,CASH_IN,61233.24,C4693510920,136045.35,197278.59,C7099469983,154765.03,154765.03,0,0.0,0
548,PAYMENT,18493.42,C3866755218,62314.69,43821.27,M3636366799,0.0,0.0,0,0.0,0
590,TRANSFER,23389.64,C3313993297,129528.04,106138.4,C5626388820,55329.91,78719.55,0,0.0,0
391,CASH_OUT,32360.7,C3291226621,189742.18,157381.48,C5315211627,80888.72,80888.72,0,0.0,0
239,TRANSFER,127527.88,C2145921803,119152.57,0.0,M7351460539,0.0,0.0,1,0.98,1
119,PAYMENT,7454.7,C7757700186,153772.22,146317.52,M7437168216,0.0,0.0,0,0.0,0
2,TRANSFER,24936.38,C1392245997,63519.52,38583.14,C1383539822,185058.06,209994.44,0,0.0,0
434,PAYMENT,5925.79,C9306142066,91574.82,85649.03,M9410569618,0.0,0.0,0,0.0,0
617,PAYMENT,17592.21,C5693307665,64612.64,47020.43,M1783432867,0.0,0.0,0,0.0,0
324,TRANSFER,82388.64,C8046300793,88791.17,6402.53,M9933702652,0.0,0.0,1,0.26,0
150,CASH_OUT,121.2,C2224363672,70964.47,70843.27,C2801177461,194641.22,194641.22,0,0.0,0
328,CASH_IN,148962.01,C7099469983,154765.03,303727.04,C8636525027,13533.34,13533.34,0,0.0,0
588,CASH_OUT,19109.42,C8317619798,39602.43,20493.01,C8115628227,125092.15,125092.15,0,0.0,0
342,CASH_OUT,10515.9,C6613888489,12942.08,2426.18,C1051354601,36518.66,36518.66,1,0.0033333333333333335,0
184,CASH_OUT,1025.62,C2464137110,1226.25,200.63,C8841851495,178679.62,178679.62,0,0.0,0
23,PAYMENT,1.0,C3550908958,0.0,0.0,M2328736852,0.0,0.0,0,0.0,0
401,CASH_OUT,207227.82,C7242730249,197255.69,0.0,C8761469117,221646.09,221646.09,1,0.016666666666666666,0
100,CASH_OUT,40364.48,C1112794026,35882.57,0.0,C5275521470,150321.95,150321.95,1,0.03333333333333333,0
469,TRANSFER,40236.23,C5610783750,192082.21,151845.98,C5421051452,26390.85,66627.08,0,0.0,0
149,CASH_OUT,129027.95,C8274273035,146437.48,17409.53,C4490722186,72212.97,72212.97,1,0.0,0
105,CASH_IN,134117.02,C7371573279,145984.72,280101.74,C7508522951,159351.55,159351.55,0,0.0,0
438,PAYMENT,2571.37,C9526836552,73270.8,70699.43,M1711271599,0.0,0.0,0,0.0,0
486,CASH_OUT,42285.92,C5439176290,35688.43,0.0,M9026301048,0.0,0.0,1,0.10666666666666667,0
414,TRANSFER,126982.0,C4277422858,127226.56,244.56,M7861571879,0.0,0.0,1,0.36333333333333334,0
385,CASH_IN,744.51,C4693510920,197278.59,198023.1,C8106401208,10962.34,10962.34,0,0.0,0
475,TRANSFER,27847.94,C9776185998,58566.54,30718.6,C8796293088,115893.41,143741.35,0,0.0,0
123,TRANSFER,2468.26,C4507822591,2484.6,16.34,M4641902461,0.0,0.0,1,0.4266666666666667,0
492,TRANSFER,154286.03,C6425814872,163768.95,9482.92,C9455610447,72380.26,72380.26,1,0.0033333333333333335,0
445,CASH_OUT,175952.56,C5588254555,155558.08,0.0,M3094407076,0.0,0.0,1,0.24666666666666667,0
416,PAYMENT,14615.28,C8796286443,184963.16,170347.88,M4665677395,0.0,0.0,0,0.0,0
543,TRANSFER,95242.91,C3117951204,127965.14,32722.23,C8901585274,35323.66,130566.57,0,0.0,0
668,CASH_OUT,59228.28,C3035761595,74941.0,15712.72,C8106401208,10962.34,10962.34,1,0.0,0
185,TRANSFER,191506.48,C5789633176,193922.66,2416.18,M3457877922,0.0,0.0,1,0.28,0
90,CASH_OUT,40302.07,C2320763135,69532.94,29230.87,C4713453204,50817.83,50817.83,0,0.0,0
373,PAYMENT,1167.85,C6844582171,35197.04,34029.19,M3660800029,0.0,0.0,0,0.0,0
48,TRANSFER,10229.07,C1674755608,19166.68,8937.61,C3465740756,199797.4,210026.47,0,0.0,0
591,PAYMENT,8311.63,C4015479599,199245.54,190933.91,M7453081889,0.0,0.0,0,0.0,0
523,TRANSFER,91811.89,C1124331395,115626.74,23814.85,M6866146362,0.0,0.0,1,0.30666666666666664,0
221,TRANSFER,21010.18,C5482431018,122300.97,101290.79,C6157617867,23501.56,44511.74,0,0.0,0
132,PAYMENT,1299.19,C7467073633,7408.54,6109.35,M2187592160,0.0,0.0,0,0.0,0
666,PAYMENT,10582.52,C9155819200,42785.63,32203.11,M2187592160,0.0,0.0,0,0.0,0
712,CASH_OUT,175500.11,C5294535887,167397.81,0.0,M5067400473,0.0,0.0,1,0.19,0
382,TRANSFER,3750.17,C7579604766,66530.95,62780.78,C1045302356,35177.52,38927.69,0,0.0,0
158,CASH_OUT,30912.83,C6720572969,80163.29,49250.46,C3694860228,3670.2,3670.2,0,0.0,0
277,TRANSFER,170201.87,C1993998848,166850.06,0.0,M2711123163,0.0,0.0,1,0.9766666666666667,1
342,PAYMENT,1445.58,C8906163641,152717.91,151272.33,M7532669066,0.0,0.0,0,0.0,0
101,CASH_IN,1054.73,C4353689019,106549.11,107603.84,C3207160929,188632.43,188632.43,0,0.0,0
127,CASH_OUT,168565.01,C1033015788,178411.67,9846.66,C2308496151,190059.61,190059.61,1,0.0,0
718,PAYMENT,19662.11,C1225052083,186295.96,166633.85,M9921025990,0.0,0.0,0,0.0,0
175,CASH_OUT,29291.67,C2950049698,41351.45,12059.78,C2879792991,29864.14,29864.14,0,0.0033333333333333335,0
545,DEBIT,15797.81,C2941508568,60910.03,45112.22,M3690714075,0.0,0.0,0,0.02,0
266,TRANSFER,151568.57,C4256292393,170416.59,18848.02,C8086684009,176169.45,176169.45,1,0.0,0
55,TRANSFER,114975.97,C2480915452,157755.74,42779.77,C8923555411,52081.44,167057.41,0,0.0,0
695,CASH_OUT,126632.01,C2825957977,158517.55,31885.54,C8419590655,92987.27,92987.27,0,0.0,0
515,CASH_OUT,18283.42,C3128675098,15735.71,0.0,C1664885408,80817.15,80817.15,1,0.013333333333333334,0
651,DEBIT,34541.11,C1596471620,80839.48,46298.37,M2155671697,0.0,0.0,0,0.016666666666666666,0
650,TRANSFER,24797.27,C6844582171,34029.19,9231.92,C7597996327,111264.62,111264.62,1,0.0033333333333333335,0
568,CASH_OUT,177995.21,C7887950851,187269.96,9274.75,C3655790301,28855.58,28855.58,0,0.0,0
694,CASH_OUT,46455.21,C6517150278,89764.12,43308.91,C7487012742,131321.1,131321.1,0,0.0,0
694,TRANSFER,1434.13,C8703867299,1623.85,189.72,C3479708607,43557.65,44991.78,0,0.006666666666666667,0
8,CASH_OUT,8999.52,C7568861677,81892.13,72892.61,C2879792991,29864.14,29864.14,0,0.0,0
678,CASH_OUT,49094.51,C2419931729,132015.72,82921.21,C6844582171,9231.92,9231.92,0,0.0,0
624,CASH_OUT,13179.17,C7311011808,16737.43,3558.26,M2695447268,0.0,0.0,1,0.02,0
137,CASH_IN,17756.52,C8236980551,198043.53,215800.05,C3423086220,47625.99,47625.99,0,0.0,0
383,PAYMENT,16668.86,C9533595495,178380.64,161711.78,M3223687972,0.0,0.0,0,0.0,0
121,TRANSFER,60618.74,C7004964045,59688.31,0.0,M2869931869,0.0,0.0,1,0.9133333333333333,1
313,CASH_IN,117061.01,C5439176290,0.0,117061.01,C9033653743,117876.11,117876.11,0,0.0,0
475,CASH_OUT,3.49,C8380507338,22629.25,22625.76,C2610237679,35796.6,35796.6,0,0.013333333333333334,0
472,PAYMENT,1170.61,C7635473142,3446.85,2276.24,M3322580659,0.0,0.0,0,0.0,0
364,TRANSFER,140664.58,C6645808194,122396.32,0.0,M7514017540,0.0,0.0,1,0.95,1
500,TRANSFER,79180.02,C5151086814,89251.65,10071.63,C4747699292,165524.2,165524.2,1,0.0,0
187,PAYMENT,455.86,C8419590655,92987.27,92531.41,M7750131975,0.0,0.0,0,0.0,0
363,PAYMENT,198.13,C6566372886,98938.23,98740.1,M8325043570,0.0,0.0,0,0.0,0
292,CASH_OUT,139870.91,C5884391502,179285.77,39414.86,M8144352013,0.0,0.0,1,0.0,0
491,CASH_IN,31096.7,C3319936135,57956.61,89053.31,C3744446292,144267.85,144267.85,0,0.0,0
508,CASH_OUT,110746.02,C5943324387,156988.8,46242.78,C1430073711,111162.77,111162.77,0,0.0,0
410,DEBIT,576.44,C9741628563,21034.38,20457.94,M2635881694,0.0,0.0,0,0.016666666666666666,0
111,PAYMENT,2.97,C2617999521,88223.12,88220.15,M6865994703,0.0,0.0,0,0.0,0
701,CASH_OUT,68585.98,C3088517710,64176.07,0.0,C6443749394,120914.65,120914.65,1,0.11333333333333333,0
297,CASH_OUT,39559.53,C3003484425,37158.21,0.0,M3517195150,0.0,0.0,1,0.01,0
288,CASH_OUT,17363.95,C2050340486,33272.61,15908.66,C9467483275,27795.82,27795.82,0,0.0,0
486,CASH_OUT,5343.58,C2050340486,15908.66,10565.08,C8203447752,107682.46,107682.46,0,0.0,0
606,PAYMENT,3354.63,C3980491761,16509.02,13154.39,M9020002737,0.0,0.0,0,0.0,0
281,DEBIT,17249.98,C8380312396,35959.48,18709.5,M8443061472,0.0,0.0,0,0.016666666666666666,0
94,PAYMENT,11412.83,C8755749566,180923.51,169510.68,M9916475897,0.0,0.0,0,0.0,0
237,TRANSFER,71317.75,C1676168421,98257.13,26939.38,M6771941776,0.0,0.0,1,0.25333333333333335,0
373,TRANSFER,22331.06,C1662259333,30853.46,8522.4,M3517195150,0.0,0.0,1,0.23,0
54,PAYMENT,1522.3,C4572433066,70770.67,69248.37,M9098037639,0.0,0.0,0,0.0,0
622,TRANSFER,102534.06,C6673381261,120319.95,17785.89,M7717262223,0.0,0.0,1,0.31,0
14,CASH_OUT,14470.01,C6204041308,17918.93,3448.92,C5560712830,251718.44,251718.44,0,0.0,0
604,PAYMENT,808.15,C2941289685,74382.74,73574.59,M9444143872,0.0,0.0,0,0.0,0
394,TRANSFER,5536.49,C5294535887,4847.98,0.0,M1692044390,0.0,0.0,1,0.7266666666666667,1
198,DEBIT,17406.91,C8377088167,33361.86,15954.95,M7969674420,0.0,0.0,0,0.016666666666666666,0
309,CASH_IN,72987.14,C3358880404,0.0,72987.14,C6725038117,136367.15,136367.15,0,0.0,0
45,CASH_OUT,65117.46,C4767539382,60311.95,0.0,M6790024996,0.0,0.0,1,0.02666666666666667,0
574,DEBIT,40714.98,C7581349462,159644.64,118929.66,M1185303518,0.0,0.0,0,0.016666666666666666,0
70,TRANSFER,119366.1,C5072538783,144846.89,25480.79,C9863781331,179200.33,298566.43,0,0.0,0
171,TRANSFER,223.59,C5510938155,64682.33,64458.74,C7873709012,195851.53,196075.12,0,0.0,0
580,CASH_OUT,166693.7,C5083595988,175927.62,9233.92,C6496933442,88271.4,88271.4,1,0.0,0
526,PAYMENT,3047.67,C5183211669,38867.5,35819.83,M4641902461,0.0,0.0,0,0.0,0
400,PAYMENT,444.61,C3781569954,141027.28,140582.67,M4865979921,0.0,0.0,0,0.0,0
224,PAYMENT,4431.71,C2076151332,86744.9,82313.19,M9625656293,0.0,0.0,0,0.0,0
538,TRANSFER,30562.41,C1026224160,40237.43,9675.02,C7670476743,112497.45,143059.86,1,0.0,0
547,CASH_OUT,23611.16,C6447717367,28269.48,4658.32,M7713758036,0.0,0.0,1,0.013333333333333334,0
658,CASH_IN,1317.49,C4776677517,185420.64,186738.13,C5025070544,126454.51,126454.51,0,0.0,0
665,TRANSFER,844.0,C9508499533,78415.38,77571.38,C7988845536,22446.25,23290.25,0,0.0,0
563,TRANSFER,82779.76,C1234359689,113609.88,30830.12,M9398575277,0.0,0.0,1,0.29333333333333333,0
365,CASH_OUT,118655.06,C6201313620,122489.68,3834.62,C7706193636,46440.11,46440.11,1,0.0,0
598,CASH_OUT,77342.99,C7431813987,68142.83,0.0,C7573442717,170504.2,170504.2,1,0.02,0
565,TRANSFER,23637.28,C7988845536,23290.25,0.0,M5067400473,0.0,0.0,1,0.92,1
405,TRANSFER,21290.72,C6619138852,18496.23,0.0,M6525576685,0.0,0.0,1,0.7733333333333333,1
186,CASH_OUT,57994.46,C4178659381,192121.14,134126.68,C9935429720,189677.7,189677.7,0,0.0,0
185,PAYMENT,10324.67,C7374584386,14429.5,4104.83,M4390543744,0.0,0.0,0,0.0,0
193,CASH_OUT,216239.08,C4145461251,182450.56,0.0,M4125758723,0.0,0.0,1,0.016666666666666666,0
540,TRANSFER,113911.36,C3303082117,127704.0,13792.64,C9780187424,8663.5,122574.86,1,0.0033333333333333335,0
14,TRANSFER,9336.59,C9894264595,36523.67,27187.08,C5646751885,64147.67,73484.26,0,0.0,0
86,CASH_OUT,6076.7,C8684026200,8623.12,2546.42,M5315720088,0.0,0.0,1,0.0,0
556,PAYMENT,744.39,C8923555411,167057.41,166313.02,M7514017540,0.0,0.0,0,0.0,0
492,DEBIT,3732.33,C3772636814,189758.32,186025.99,M8740820392,0.0,0.0,0,0.02,0
491,CASH_OUT,52209.89,C1513003815,68558.5,16348.61,M6558769264,0.0,0.0,1,0.01,0
106,PAYMENT,341.29,C4659306670,5629.4,5288.11,M3705237613,0.0,0.0,0,0.0,0
230,CASH_OUT,78534.5,C2870403050,96605.27,18070.77,M7453081889,0.0,0.0,1,0.0,0
394,CASH_OUT,41977.14,C9806189256,78060.16,36083.02,C7852415525,60956.68,60956.68,0,0.0,0
113,TRANSFER,161911.11,C6276339732,186778.33,24867.22,C8086527181,167234.88,167234.88,1,0.0,0
87,TRANSFER,31232.9,C1322401182,48072.16,16839.26,C2370592316,71061.45,102294.35,0,0.0,0
696,DEBIT,17764.47,C2331039957,69340.05,51575.58,M5694439775,0.0,0.0,0,0.02,0
294,PAYMENT,10080.13,C7229869819,42467.31,32387.18,M7192742877,0.0,0.0,0,0.0,0
272,CASH_OUT,1.28,C9986353481,67502.57,67501.29,C1110533960,37683.36,37683.36,0,0.0,0
153,PAYMENT,4246.69,C7371573279,280101.74,275855.05,M2635881694,0.0,0.0,0,0.0,0
490,PAYMENT,356.42,C9484167278,110410.01,110053.59,M7713758036,0.0,0.0,0,0.0,0
331,PAYMENT,2029.65,C7637761996,108905.38,106875.73,M7453081889,0.0,0.0,0,0.0,0
435,CASH_IN,55540.41,C1364994639,97628.51,153168.92,C2914590233,15243.24,15243.24,0,0.0,0
142,TRANSFER,29453.5,C6562457052,113098.32,83644.82,C4440904834,118194.04,147647.54,0,0.0,0
510,PAYMENT,3056.0,C8625774078,192185.1,189129.1,M4522855590,0.0,0.0,0,0.0,0
595,TRANSFER,126247.04,C7640122370,187263.4,61016.36,C5998623100,118671.45,244918.49,0,0.0,0
225,PAYMENT,24666.03,C9963334018,153629.13,128963.1,M4211837506,0.0,0.0,0,0.0,0
18,PAYMENT,51.48,C2503068227,56722.72,56671.24,M4093474499,0.0,0.0,0,0.0,0
358,CASH_OUT,2619.53,C2266622851,18901.73,16282.2,C7471636437,19821.14,19821.14,0,0.0,0
472,CASH_OUT,99504.92,C1691293717,121162.95,21658.03,C7705605962,30094.53,30094.53,1,0.0,0
58,PAYMENT,2932.17,C4807122420,60816.47,57884.3,M6282009986,0.0,0.0,0,0.0,0
27,PAYMENT,10114.19,C4645120421,167259.91,157145.72,M6284297249,0.0,0.0,0,0.0,0
76,TRANSFER,2941.28,C6246716604,129882.23,126940.95,C2867302554,137850.0,140791.28,0,0.0,0
145,TRANSFER,152514.68,C2877279755,192760.77,40246.09,M6732306182,0.0,0.0,1,0.24,0
541,PAYMENT,4189.98,C1316756902,173135.93,168945.95,M7960713821,0.0,0.0,0,0.0,0
661,PAYMENT,18926.18,C8261111839,132020.07,113093.89,M5156392601,0.0,0.0,0,0.0,0
33,PAYMENT,3265.33,C8313706299,8921.59,5656.26,M2839566253,0.0,0.0,0,0.0,0
434,CASH_OUT,132570.89,C8189916797,135615.56,3044.67,C2761091683,32519.52,32519.52,0,0.0,0
586,CASH_OUT,3395.63,C9903351330,128448.58,125052.95,C7705605962,30094.53,30094.53,0,0.0,0
95,CASH_IN,4937.46,C8531118333,97569.17,102506.63,C1261903104,0.0,0.0,0,0.0,0
634,CASH_OUT,7783.28,C4026379752,10537.82,2754.54,M4122901114,0.0,0.0,1,0.02,0
489,TRANSFER,3789.57,C3958590550,36169.71,32380.14,C8487449580,107743.65,111533.22,0,0.0,0
381,PAYMENT,91.82,C7418301077,173566.22,173474.4,M1802753761,0.0,0.0,0,0.0,0
618,PAYMENT,461.61,C2268006448,24708.84,24247.23,M8548290298,0.0,0.0,0,0.0,0
110,TRANSFER,147441.52,C3106408413,151091.02,3649.5,C6761084958,57471.11,57471.11,1,0.0033333333333333335,0
34,TRANSFER,32773.58,C8617360361,27465.88,0.0,M3119908041,0.0,0.0,1,0.7233333333333334,1
50,DEBIT,26683.91,C2445662585,62421.87,35737.96,M5194066484,0.0,0.0,0,0.006666666666666667,0
408,PAYMENT,23584.37,C8033062794,185105.92,161521.55,M5194066484,0.0,0.0,0,0.0,0
720,PAYMENT,162.23,C5704029171,65223.37,65061.14,M2115862756,0.0,0.0,0,0.0033333333333333335,0
154,CASH_OUT,101424.65,C4949801453,141121.56,39696.91,C7103588071,202607.96,202607.96,1,0.0,0
699,DEBIT,38159.45,C7597996327,111264.62,73105.17,M8044997538,0.0,0.0,0,0.016666666666666666,0
698,CASH_OUT,43839.16,C6458544482,173354.55,129515.39,C5750815980,87895.08,87895.08,0,0.0,0
624,DEBIT,29384.45,C6214917780,167847.55,138463.1,M9441870024,0.0,0.0,0,0.02,0
348,TRANSFER,98065.92,C1558631501,92831.94,0.0,C7937993287,47349.99,47349.99,1,0.04,0
245,TRANSFER,16176.64,C8377088167,15954.95,0.0,C3396953414,24455.37,24455.37,1,0.016666666666666666,0
16,CASH_OUT,117918.48,C3869963931,108110.41,0.0,C2732553940,38377.89,38377.89,1,0.006666666666666667,0
97,PAYMENT,68.88,C6754503097,2010.52,1941.64,M7570511906,0.0,0.0,0,0.0,0
591,PAYMENT,1269.47,C7845366946,194107.43,192837.96,M6011842297,0.0,0.0,0,0.0,0
485,CASH_OUT,14130.83,C7460728316,15616.38,1485.55,C2941289685,73574.59,73574.59,0,0.0033333333333333335,0
583,PAYMENT,3498.77,C4486522557,103941.16,100442.39,M8667946580,0.0,0.0,0,0.0,0
635,PAYMENT,17252.29,C9481076448,44758.89,27506.6,M9625656293,0.0,0.0,0,0.0,0
322,TRANSFER,10576.56,C4302709858,107662.71,97086.15,C6877052039,184572.9,195149.46,0,0.0,0
699,CASH_OUT,127234.82,C7249213370,121190.72,0.0,C4794276323,198519.43,198519.43,1,0.12,0
159,PAYMENT,3317.91,C3971203213,46233.72,42915.81,M8728631945,0.0,0.0,0,0.0,0
75,TRANSFER,42122.7,C7185179917,45087.45,2964.75,C7597996327,73105.17,73105.17,1,0.0,0
477,CASH_OUT,66621.44,C8285786023,83304.34,16682.9,M3145756342,0.0,0.0,1,0.023333333333333334,0
325,TRANSFER,26148.22,C5933179746,91508.99,65360.77,C4682870880,57049.32,83197.54,0,0.0,0
466,CASH_OUT,109674.74,C3739951076,127514.93,17840.19,M2655546199,0.0,0.0,1,0.013333333333333334,0
616,PAYMENT,11069.81,C7059726570,11853.05,783.24,M9640701016,0.0,0.0,0,0.0,0
219,CASH_OUT,23471.41,C9621419224,28112.03,4640.62,C5297902885,52535.4,52535.4,1,0.0,0
86,CASH_OUT,134388.67,C1547374338,145173.54,10784.87,M8869140487,0.0,0.0,1,0.0,0
220,PAYMENT,133.69,C3910678913,196922.55,196788.86,M3846182436,0.0,0.0,0,0.0,0
439,CASH_OUT,19770.69,C6065662867,49478.43,29707.74,C5243939720,84595.61,84595.61,0,0.0033333333333333335,0
430,TRANSFER,1.0,C6110943464,0.0,0.0,C6458544482,129515.39,129516.39,0,0.0,0
710,CASH_OUT,12866.92,C9830946410,36876.42,24009.5,C1674755608,8937.61,8937.61,0,0.0,0
684,PAYMENT,3.15,C5862655247,40942.52,40939.37,M1857561275,0.0,0.0,0,0.0,0
470,PAYMENT,14968.12,C4627032705,168481.15,153513.03,M8874242713,0.0,0.0,0,0.0,0
691,TRANSFER,130020.93,C1127978094,154245.07,24224.14,C3893976444,149885.06,279905.99,0,0.0,0
650,CASH_IN,5290.54,C2094024844,46598.83,51889.37,C9957813353,166269.92,166269.92,0,0.0,0
193,TRANSFER,23464.26,C5184564874,31401.05,7936.79,C8265834251,57012.9,80477.16,0,0.0,0
357,CASH_OUT,75810.37,C9306142066,85649.03,9838.66,M5087280062,0.0,0.0,1,0.0033333333333333335,0
310,TRANSFER,91057.51,C1981049082,132418.65,41361.14,C6805759868,31898.53,122956.04,0,0.0,0
665,PAYMENT,16513.16,C4277561834,67747.78,51234.62,M7453081889,0.0,0.0,0,0.0,0
437,CASH_OUT,4367.61,C7462972995,107985.95,103618.34,C5403510324,85637.4,85637.4,0,0.0,0
439,TRANSFER,1698.46,C7374584386,4104.83,2406.37,C4579265601,16972.5,18670.96,0,0.006666666666666667,0
676,PAYMENT,24745.7,C7127904756,121768.92,97023.22,M9921025990,0.0,0.0,0,0.0033333333333333335,0
107,TRANSFER,64557.57,C9274189261,60055.13,0.0,M1257854279,0.0,0.0,1,0.8366666666666667,1
558,CASH_OUT,146756.2,C2654584280,130351.16,0.0,M3313346852,0.0,0.0,1,0.17333333333333334,0
466,PAYMENT,22360.86,C5315211627,80888.72,58527.86,M1666898313,0.0,0.0,0,0.0,0
360,DEBIT,2.09,C7227593033,78853.66,78851.57,M6053489772,0.0,0.0,0,0.006666666666666667,0
384,TRANSFER,79821.48,C4735313433,122217.95,42396.47,C9302705838,135004.92,214826.4,0,0.0,0
315,CASH_OUT,8784.36,C1707196784,109023.76,100239.4,C1600566083,105336.52,105336.52,0,0.0,0
425,CASH_OUT,159545.71,C7002076563,166283.24,6737.53,M6313472215,0.0,0.0,1,0.013333333333333334,0
326,CASH_IN,41192.28,C2064803502,115587.7,156779.98,C3734252963,76817.47,76817.47,0,0.0,0
401,CASH_OUT,75082.3,C2660286914,75923.01,840.71,C4965395580,174698.56,174698.56,1,0.0,0
652,CASH_OUT,16097.92,C9868845806,188666.66,172568.74,C8973989997,67193.49,67193.49,0,0.0,0
163,PAYMENT,1.0,C8547068234,0.0,0.0,M9410569618,0.0,0.0,0,0.0,0
402,TRANSFER,54308.5,C5877639950,123953.21,69644.71,C8046300793,6402.53,60711.03,0,0.0,0
331,CASH_OUT,196055.66,C4638577630,196715.82,660.16,M2839566253,0.0,0.0,1,0.0,0
557,PAYMENT,12980.22,C7525240100,72715.07,59734.85,M6606958660,0.0,0.0,0,0.0,0
134,TRANSFER,4976.12,C5993571693,153288.49,148312.37,C1590985753,123263.07,128239.19,0,0.0,0
669,PAYMENT,12371.71,C4930438209,18133.39,5761.68,M6992094064,0.0,0.0,0,0.0,0
388,TRANSFER,20599.23,C9776185998,30718.6,10119.37,C4696689457,112628.94,133228.17,0,0.0,0
654,CASH_OUT,667.8,C4643576871,2286.88,1619.08,C8139209752,2840.6,2840.6,0,0.0033333333333333335,0
146,TRANSFER,97522.08,C6493800024,110732.63,13210.55,M8858274691,0.0,0.0,1,0.24666666666666667,0
401,TRANSFER,77541.03,C5150074940,76557.92,0.0,C3376077463,91744.12,169285.15,1,0.0033333333333333335,0
430,PAYMENT,15664.06,C8369792370,157429.92,141765.86,M2778069478,0.0,0.0,0,0.0,0
185,CASH_OUT,152121.35,C1710924824,134930.59,0.0,M6763471833,0.0,0.0,1,0.02,0
352,PAYMENT,1.22,C5982744929,96881.54,96880.32,M7969674420,0.0,0.0,0,0.0,0
535,DEBIT,12678.75,C5686850445,82250.35,69571.6,M8910440683,0.0,0.0,0,0.02,0
531,PAYMENT,214.65,C1809283659,166922.17,166707.52,M6200141898,0.0,0.0,0,0.0,0
223,TRANSFER,30296.28,C9155819200,32203.11,1906.83,M9410569618,0.0,0.0,1,0.25666666666666665,0
357,TRANSFER,16248.87,C7608141858,30830.06,14581.19,C9544423456,17215.59,33464.46,0,0.0033333333333333335,0
410,PAYMENT,22950.86,C2388450337,53372.52,30421.66,M4306983924,0.0,0.0,0,0.0,0
106,CASH_OUT,38125.42,C4956362540,41652.49,3527.07,C2178158203,78679.96,78679.96,0,0.01,0
500,PAYMENT,15978.72,C4042413312,38743.8,22765.08,M7764117705,0.0,0.0,0,0.0,0
638,TRANSFER,157952.2,C8543865915,137475.58,0.0,M6763471833,0.0,0.0,1,0.9566666666666667,1
461,CASH_OUT,53158.8,C7579604766,62780.78,9621.98,M6790024996,0.0,0.0,1,0.01,0
661,TRANSFER,1705.71,C7004510516,2366.93,661.22,C2867302554,140791.28,142496.99,0,0.013333333333333334,0
331,PAYMENT,1.0,C4145461251,0.0,0.0,M1199447370,0.0,0.0,0,0.0,0
149,PAYMENT,12018.16,C2458198451,172918.74,160900.58,M2839566253,0.0,0.0,0,0.0,0
219,CASH_OUT,56213.96,C8940731272,180281.97,124068.01,C9035194895,139222.83,139222.83,0,0.0,0
395,CASH_OUT,111152.74,C5212581851,105046.11,0.0,M1908459040,0.0,0.0,1,0.03,0
688,TRANSFER,83718.54,C9403748506,97340.27,13621.73,M6525576685,0.0,0.0,1,0.31,0
506,CASH_IN,1522.7,C3744446292,144267.85,145790.55,C1594312071,78864.48,78864.48,0,0.0,0
176,TRANSFER,42.88,C6369130994,90936.64,90893.76,C8471762590,5282.3,5325.18,0,0.0,0
19,CASH_OUT,36540.97,C9703905715,147523.8,110982.83,C8394040015,45177.2,45177.2,0,0.0,0
135,PAYMENT,20712.54,C2349641712,67518.85,46806.31,M2773408660,0.0,0.0,0,0.0,0
41,PAYMENT,16586.25,C3739951076,17840.19,1253.94,M5891831621,0.0,0.0,0,0.0,0
426,PAYMENT,3337.39,C7839819230,76353.91,73016.52,M9822499208,0.0,0.0,0,0.0,0
570,PAYMENT,1749.32,C7146318035,110293.56,108544.24,M4460319291,0.0,0.0,0,0.0,0
466,TRANSFER,8586.8,C7536876169,9506.27,919.47,C5570828113,9862.22,18449.02,0,0.0033333333333333335,0
106,TRANSFER,7989.54,C7887950851,9274.75,1285.21,M2136107759,0.0,0.0,1,0.2,0
447,CASH_OUT,106751.72,C6000952470,110192.0,3440.28,M6692705133,0.0,0.0,1,0.016666666666666666,0
705,PAYMENT,198.67,C2020262123,7532.95,7334.28,M6866146362,0.0,0.0,0,0.0,0
312,TRANSFER,58971.3,C1494287462,75106.48,16135.18,M7437168216,0.0,0.0,1,0.24666666666666667,0
472,CASH_OUT,5510.41,C6447717367,4658.32,0.0,M3019265031,0.0,0.0,1,0.2966666666666667,0
458,TRANSFER,39412.49,C2178884276,89879.68,50467.19,C6618965944,122488.3,161900.79,0,0.0,0
502,PAYMENT,947.77,C5254923696,89091.62,88143.85,M8144889126,0.0,0.0,0,0.0,0
271,CASH_OUT,9931.99,C2878930355,26014.8,16082.81,C4641561499,183603.82,183603.82,0,0.0,0
663,PAYMENT,23473.41,C4311931853,88602.43,65129.02,M2391874847,0.0,0.0,0,0.0,0
62,TRANSFER,187553.74,C1589582865,198717.11,11163.37,C1682781467,114047.07,114047.07,1,0.0,0
605,TRANSFER,107014.33,C7757700186,146317.52,39303.19,C1094115188,130762.59,237776.92,0,0.0,0
672,TRANSFER,59406.23,C4356175095,67367.61,7961.38,C6204041308,3448.92,3448.92,1,0.02666666666666667,0
636,CASH_OUT,11951.08,C9343730920,49425.95,37474.87,C2139027119,37892.08,37892.08,0,0.0,0
169,CASH_IN,990.95,C1457632732,169473.34,170464.29,C4558302256,154367.0,154367.0,0,0.0,0
473,CASH_OUT,17172.59,C2178884276,50467.19,33294.6,C2566942273,55220.01,55220.01,0,0.0,0
30,TRANSFER,1828.28,C4277561834,51234.62,49406.34,C2952996248,184076.94,185905.22,0,0.0,0
564,TRANSFER,8296.05,C5418232833,8696.4,400.35,M3145756342,0.0,0.0,1,0.32666666666666666,0
280,PAYMENT,678.25,C7525240100,59734.85,59056.6,M5380159400,0.0,0.0,0,0.0,0
194,TRANSFER,42315.05,C8933377472,108025.74,65710.69,C5400463094,118541.33,160856.38,0,0.0,0
444,TRANSFER,60971.0,C8758809005,83916.34,22945.34,M4093474499,0.0,0.0,1,0.26666666666666666,0
273,CASH_OUT,28248.06,C7534583219,26909.16,0.0,C4747699292,165524.2,165524.2,1,0.0,0
403,TRANSFER,172473.95,C9302705838,214826.4,42352.45,C4181102664,82338.35,82338.35,1,0.0033333333333333335,0
356,CASH_OUT,1.61,C5819946657,98500.89,98499.28,C1561417687,121015.56,121015.56,0,0.0,0
190,CASH_OUT,14707.27,C4949801453,39696.91,24989.64,C8229344434,174860.35,174860.35,0,0.0,0
705,TRANSFER,57212.25,C4783282817,49752.61,0.0,M5714658227,0.0,0.0,1,0.7566666666666667,1
14,PAYMENT,15407.42,C6649827836,17895.98,2488.56,M4390543744,0.0,0.0,0,0.0,0
175,CASH_OUT,186842.76,C6910112521,187586.06,743.3,C6466597005,88729.53,88729.53,0,0.0,0
598,TRANSFER,100851.02,C4990452762,142305.17,41454.15,C2825989011,45343.53,45343.53,1,0.0033333333333333335,0
298,TRANSFER,2927.92,C3108307952,70382.62,67454.7,C8303853049,165249.66,168177.58,0,0.0,0
97,TRANSFER,719.54,C8208584394,821.97,102.43,C7333316743,94632.11,94632.11,1,0.0,0
680,PAYMENT,1784.18,C8995970241,172688.88,170904.7,M7453081889,0.0,0.0,0,0.0,0
342,CASH_OUT,36077.72,C4283432667,55778.13,19700.41,C6544063167,19266.73,19266.73,0,0.0,0
116,TRANSFER,81906.31,C4227004325,90488.27,8581.96,C6649827836,2488.56,84394.87,1,0.0,0
146,PAYMENT,2632.77,C1457632732,170464.29,167831.52,M8458323087,0.0,0.0,0,0.0,0
92,CASH_OUT,181720.08,C3346569443,159603.5,0.0,C8285786023,16682.9,16682.9,1,0.03333333333333333,0
461,CASH_OUT,8105.83,C9547119184,17559.0,9453.17,C2952996248,185905.22,185905.22,0,0.0,0
340,PAYMENT,652.71,C5140460939,138923.89,138271.18,M7341757401,0.0,0.0,0,0.0,0
594,PAYMENT,3974.83,C1494287462,16135.18,12160.35,M3457877922,0.0,0.0,0,0.0,0
466,CASH_OUT,1563.23,C4586784711,96472.86,94909.63,C8517413631,35981.45,35981.45,0,0.0033333333333333335,0
9,TRANSFER,3090.43,C3057629778,180118.01,177027.58,C3933213766,57674.54,60764.97,0,0.0,0
297,TRANSFER,12959.46,C2173242669,134494.59,121535.13,C6415031531,78230.75,91190.21,0,0.0,0
302,TRANSFER,103259.06,C5703357871,121066.66,17807.6,M1240140248,0.0,0.0,1,0.27666666666666667,0
677,PAYMENT,18811.31,C6231117883,74764.16,55952.85,M3322580659,0.0,0.0,0,0.0033333333333333335,0
515,CASH_OUT,906.66,C8387664437,54262.08,53355.42,C4322510552,146896.08,146896.08,0,0.0,0
278,CASH_OUT,1142.74,C4277581356,1595.85,453.11,C1271730355,104617.37,104617.37,1,0.0,0
255,TRANSFER,185727.55,C8236980551,215800.05,30072.5,C1487258103,77996.53,263724.08,0,0.0,0
101,DEBIT,1058.62,C3975704877,159322.59,158263.97,M2518433834,0.0,0.0,0,0.0033333333333333335,0
447,PAYMENT,10817.76,C2158638062,132518.77,121701.01,M2136107759,0.0,0.0,0,0.0,0
205,TRANSFER,39409.14,C2774884818,46436.51,7027.37,M5694439775,0.0,0.0,1,0.24666666666666667,0
473,PAYMENT,145.32,C3841827734,172072.14,171926.82,M6744039057,0.0,0.0,0,0.0,0
540,PAYMENT,4713.34,C9032096058,40711.61,35998.27,M7270955446,0.0,0.0,0,0.0,0
438,CASH_IN,122649.35,C7915226263,30227.12,152876.47,C7567496105,157712.37,157712.37,0,0.0,0
28,PAYMENT,8586.62,C3420671425,308681.74,300095.12,M2136107759,0.0,0.0,0,0.0,0
310,TRANSFER,70091.59,C3713284816,92248.34,22156.75,C5419627962,135322.87,205414.46,0,0.0,0
580,PAYMENT,262.97,C7473868020,28673.51,28410.54,M4460319291,0.0,0.0,0,0.0,0
687,TRANSFER,4778.95,C3707166618,6571.96,1793.01,C2242377075,128667.63,133446.58,1,0.0033333333333333335,0
666,CASH_OUT,188500.46,C9237880732,180332.06,0.0,C1913706213,34.33,34.33,1,0.23,0
125,TRANSFER,313.46,C6037168610,17519.73,17206.27,C6894808149,141090.27,141403.73,0,0.0,0
210,TRANSFER,2499.27,C5913767020,84756.26,82256.99,C3423086220,47625.99,50125.26,0,0.0,0
692,PAYMENT,12104.61,C7488943393,97842.68,85738.07,M2518433834,0.0,0.0,0,0.0,0
7,TRANSFER,526.31,C4264134512,137628.26,137101.95,C4853479481,100480.32,101006.63,0,0.0,0
157,PAYMENT,760.42,C3476426797,116431.14,115670.72,M3517195150,0.0,0.0,0,0.0,0
486,CASH_OUT,137287.16,C8033062794,161521.55,24234.39,C1251837136,140262.8,140262.8,1,0.0,0
189,CASH_OUT,8957.43,C4636537575,12598.53,3641.1,C7243352390,111509.73,111509.73,0,0.0,0
674,PAYMENT,610.13,C2254516608,8011.74,7401.61,M7282885927,0.0,0.0,0,0.0,0
674,TRANSFER,8898.17,C4104309491,9463.79,565.62,C4636537575,3641.1,3641.1,1,0.02666666666666667,0
103,PAYMENT,3171.84,C1613549255,180599.85,177428.01,M8276498637,0.0,0.0,0,0.0,0
715,PAYMENT,375.6,C6596578419,70306.73,69931.13,M5815678365,0.0,0.0,0,0.0,0
291,TRANSFER,14437.09,C4466589567,104185.25,89748.16,C1112794026,0.0,14437.09,0,0.0,0
661,TRANSFER,31175.27,C4242550727,66893.24,35717.97,C4888749350,171365.86,202541.13,0,0.0033333333333333335,0
143,CASH_OUT,49364.89,C3946766309,105410.55,56045.66,C5693307665,47020.43,47020.43,0,0.0,0
516,TRANSFER,133447.02,C8755749566,169510.68,36063.66,M2635881694,0.0,0.0,1,0.31,0
672,PAYMENT,1.0,C8351491401,0.0,0.0,M2136107759,0.0,0.0,0,0.0,0
311,PAYMENT,2916.17,C4864126433,37757.0,34840.83,M8144889126,0.0,0.0,0,0.0,0
484,PAYMENT,4121.59,C5329194647,6937.82,2816.23,M9590331226,0.0,0.0,0,0.0,0
133,TRANSFER,14662.21,C9989642546,17828.25,3166.04,C7560389844,70063.63,84725.84,0,0.0,0
70,TRANSFER,57341.99,C7792729530,76140.24,18798.25,C1730074215,155746.23,155746.23,1,0.0,0
488,PAYMENT,178.2,C9103115140,108951.52,108773.32,M5449848690,0.0,0.0,0,0.0,0
179,PAYMENT,20928.63,C4660390742,188169.66,167241.03,M6401844042,0.0,0.0,0,0.0,0
64,PAYMENT,4139.39,C1383539822,209994.44,205855.05,M1199447370,0.0,0.0,0,0.0,0
384,CASH_OUT,16437.63,C1862812038,172541.96,156104.33,C7539399243,179435.06,179435.06,0,0.0,0
716,PAYMENT,2331.84,C8584566722,6724.11,4392.27,M4399143287,0.0,0.0,0,0.0,0
503,PAYMENT,3987.01,C6169243284,95320.44,91333.43,M7570511906,0.0,0.0,0,0.0,0
542,PAYMENT,9019.4,C9953716239,83244.45,74225.05,M6606958660,0.0,0.0,0,0.0,0
685,TRANSFER,171571.11,C9410288290,189788.18,18217.07,M6659847491,0.0,0.0,1,0.3233333333333333,0
74,TRANSFER,28384.28,C8706093841,47615.37,19231.09,C4015479599,190933.91,219318.19,0,0.0033333333333333335,0
195,TRANSFER,20124.78,C6674372082,79748.96,59624.18,C4106464319,171288.16,191412.94,0,0.0,0
634,CASH_OUT,1.0,C5227828349,0.0,0.0,C1311570307,19423.85,19423.85,0,0.013333333333333334,0
73,PAYMENT,161.92,C1242425303,43677.3,43515.38,M8869140487,0.0,0.0,0,0.0,0
511,TRANSFER,33539.89,C3799620568,28659.01,0.0,C2970753705,186169.76,186169.76,1,0.013333333333333334,0
258,PAYMENT,23279.86,C3962452613,182987.83,159707.97,M7537130187,0.0,0.0,0,0.0,0
77,PAYMENT,1932.06,C2242377075,133446.58,131514.52,M6865994703,0.0,0.0,0,0.0,0
634,TRANSFER,1876.02,C4643576871,1619.08,0.0,C5201221330,161482.36,161482.36,1,0.01,0
31,CASH_OUT,52430.31,C7981077394,71852.27,19421.96,M7366396017,0.0,0.0,1,0.0,0
338,TRANSFER,8316.4,C8316205130,148030.26,139713.86,C3555656321,83190.64,91507.04,0,0.0,0
75,TRANSFER,134507.11,C7369118672,155795.06,21287.95,C2801177461,194641.22,329148.33,0,0.0,0
37,PAYMENT,19228.07,C4633257620,34982.26,15754.19,M8102481401,0.0,0.0,0,0.0,0
491,PAYMENT,17.26,C3710566582,605.6,588.34,M1802753761,0.0,0.0,0,0.0,0
520,CASH_OUT,33042.63,C9272277508,29029.97,0.0,M8821456242,0.0,0.0,1,0.11,0
57,CASH_OUT,18998.79,C9354542654,21354.29,2355.5,C5025070544,126454.51,126454.51,1,0.0033333333333333335,0
19,PAYMENT,11244.32,C6048096802,116213.15,104968.83,M2571632270,0.0,0.0,0,0.0,0
441,TRANSFER,1816.97,C8033702319,10103.96,8286.99,C2850820685,158604.76,160421.73,0,0.0,0
631,PAYMENT,4036.92,C6726515966,186753.7,182716.78,M6498703287,0.0,0.0,0,0.0,0
60,TRANSFER,9080.81,C8934927891,8437.18,0.0,M3566125120,0.0,0.0,1,0.8,1
550,CASH_IN,72777.31,C9786748825,126581.79,199359.1,C2633177480,156312.59,156312.59,0,0.0,0
59,TRANSFER,94872.88,C8331319481,108446.75,13573.87,M8548290298,0.0,0.0,1,0.24666666666666667,0
251,PAYMENT,9941.62,C7568980185,34300.66,24359.04,M4601406440,0.0,0.0,0,0.0,0
673,TRANSFER,157007.79,C8823677798,147064.84,0.0,M1694904767,0.0,0.0,1,0.9766666666666667,1
226,PAYMENT,1675.94,C9481076448,27506.6,25830.66,M3297681898,0.0,0.0,0,0.0,0
670,TRANSFER,109273.76,C1722124509,150308.04,41034.28,M8030400668,0.0,0.0,1,0.29,0
637,PAYMENT,17099.46,C8394040015,45177.2,28077.74,M3580582653,0.0,0.0,0,0.0,0
534,TRANSFER,218452.51,C4710967433,197125.53,0.0,C2785736751,100364.62,318817.13,1,0.0,0
241,TRANSFER,1692.28,C7801180691,197613.57,195921.29,C9621419224,4640.62,6332.9,0,0.0,0
511,PAYMENT,1774.79,C1459442845,99977.53,98202.74,M6894024976,0.0,0.0,0,0.0,0
87,TRANSFER,77605.64,C5633956194,87070.74,9465.1,C3423086220,50125.26,50125.26,1,0.0,0
230,TRANSFER,40369.37,C7937993287,47349.99,6980.62,M8768773991,0.0,0.0,1,0.25,0
357,DEBIT,7437.95,C9711080868,8446.58,1008.63,M7960713821,0.0,0.0,0,0.023333333333333334,0
606,CASH_OUT,97338.57,C6186758088,89194.54,0.0,M6525576685,0.0,0.0,1,0.30666666666666664,0
59,TRANSFER,10588.9,C5072538783,25480.79,14891.89,C6661014794,87288.24,97877.14,0,0.0,0
548,TRANSFER,47232.92,C9479654136,135679.57,88446.65,C3429019820,23916.74,71149.66,0,0.0,0
167,PAYMENT,290.91,C5115980792,42590.56,42299.65,M5449848690,0.0,0.0,0,0.0,0
16,CASH_OUT,162538.42,C5763350700,149712.6,0.0,C9080621072,89509.49,89509.49,1,0.006666666666666667,0
585,TRANSFER,79967.68,C2237386857,128515.77,48548.09,C1749459431,118993.8,198961.48,0,0.0,0
669,TRANSFER,11888.64,C6928691380,26974.15,15085.51,C6392415228,107393.51,119282.15,0,0.0,0
271,PAYMENT,1.76,C3783290795,157828.76,157827.0,M1306420495,0.0,0.0,0,0.0,0
38,PAYMENT,875.65,C8180620422,17001.18,16125.53,M2156184315,0.0,0.0,0,0.0,0
60,PAYMENT,1956.46,C6362597344,92181.88,90225.42,M3297681898,0.0,0.0,0,0.0,0
66,PAYMENT,1286.8,C2549748436,182157.6,180870.8,M9444143872,0.0,0.0,0,0.0,0
507,CASH_OUT,37494.54,C4037867512,51731.6,14237.06,C3843139149,6319.7,6319.7,1,0.0,0
40,TRANSFER,7478.33,C2720484983,7656.7,178.37,C2752536389,1269.92,8748.25,1,0.0,0
266,PAYMENT,6457.09,C7473868020,28410.54,21953.45,M7453081889,0.0,0.0,0,0.0,0
46,PAYMENT,4186.64,C5310195918,189074.66,184888.02,M9590331226,0.0,0.0,0,0.0,0
524,CASH_OUT,174061.84,C9717175839,167285.42,0.0,M7651029165,0.0,0.0,1,0.21666666666666667,0
437,PAYMENT,2255.14,C3178995337,88754.82,86499.68,M3960136787,0.0,0.0,0,0.0,0
418,PAYMENT,8793.92,C2537965898,31871.7,23077.78,M9398575277,0.0,0.0,0,0.0,0
165,PAYMENT,181.17,C6922713963,132705.67,132524.5,M3369412470,0.0,0.0,0,0.0,0
217,TRANSFER,45110.78,C4143852021,136993.43,91882.65,C6562434335,57726.8,102837.58,0,0.0,0
596,DEBIT,27.79,C4353689019,107603.84,107576.05,M9896529524,0.0,0.0,0,0.016666666666666666,0
154,CASH_IN,538.31,C2125089309,70464.82,71003.13,C5036200310,158343.36,158343.36,0,0.0,0
230,CASH_IN,75955.98,C3383331379,55834.18,131790.16,C2771211118,106788.01,106788.01,0,0.0,0
552,CASH_OUT,293.23,C6338036681,87211.53,86918.3,C8906163641,151272.33,151272.33,0,0.0,0
484,TRANSFER,5486.54,C6340003593,114196.33,108709.79,C1110724913,77820.03,83306.57,0,0.0,0
590,TRANSFER,74728.39,C4600630513,87156.14,12427.75,M9640701016,0.0,0.0,1,0.31,0
710,TRANSFER,72638.34,C2419931729,82921.21,10282.87,C8382488970,164150.66,164150.66,1,0.0,0
371,TRANSFER,29483.01,C6582557981,39608.32,10125.31,C1659663750,68062.62,97545.63,0,0.0,0
584,CASH_IN,6793.58,C4471642620,148441.6,155235.18,C6418365941,153301.62,153301.62,0,0.0,0
418,TRANSFER,44254.95,C3470617247,97012.28,52757.33,C7243352390,111509.73,155764.68,0,0.0,0
121,TRANSFER,3540.54,C6447717367,4430.92,890.38,M2418407139,0.0,0.0,1,0.18,0
465,CASH_OUT,159654.15,C8969097897,170765.86,11111.71,M5734228580,0.0,0.0,1,0.013333333333333334,0
35,PAYMENT,293.36,C7671625956,69355.98,69062.62,M1199447370,0.0,0.0,0,0.0,0
543,DEBIT,6746.48,C7451071432,21185.38,14438.9,M1368287033,0.0,0.0,0,0.03333333333333333,0
571,CASH_OUT,51705.28,C4750707607,51278.91,0.0,M7960713821,0.0,0.0,1,0.08,0
47,CASH_OUT,82656.25,C2214741296,81401.37,0.0,M9441870024,0.0,0.0,1,0.043333333333333335,0
447,CASH_OUT,5969.82,C3799264931,6001.15,31.33,M6651754819,0.0,0.0,1,0.09,0
522,CASH_OUT,141077.19,C6336171726,152225.65,11148.46,M2115406331,0.0,0.0,1,0.013333333333333334,0
181,TRANSFER,1178.41,C6720396142,131734.14,130555.73,C5586143660,32661.77,33840.18,0,0.0,0
305,PAYMENT,7537.7,C2242377075,131514.52,123976.82,M2695447268,0.0,0.0,0,0.0,0
437,CASH_OUT,16493.93,C1387652480,22877.51,6383.58,M5325865521,0.0,0.0,1,0.013333333333333334,0
216,PAYMENT,156.89,C9302705838,42352.45,42195.56,M2155671697,0.0,0.0,0,0.0,0
292,TRANSFER,1184.5,C2065354117,1012.74,0.0,M7750131975,0.0,0.0,1,0.34,0
621,DEBIT,672.84,C6640801643,95698.69,95025.85,M7713758036,0.0,0.0,0,0.016666666666666666,0
212,TRANSFER,817.72,C7311011808,3558.26,2740.54,C7567496105,157712.37,158530.09,0,0.0,0
553,PAYMENT,2798.56,C9392515666,146862.69,144064.13,M3369412470,0.0,0.0,0,0.0,0
289,TRANSFER,47630.52,C1600406558,102357.5,54726.98,C7481631841,155705.43,203335.95,0,0.0,0
465,TRANSFER,58014.28,C5215140451,63325.17,5310.89,M1692044390,0.0,0.0,1,0.30666666666666664,0
141,CASH_OUT,20328.41,C3691864041,78576.54,58248.13,C1529290976,175886.71,175886.71,0,0.0,0
81,PAYMENT,424.88,C3597724331,176564.8,176139.92,M1458227039,0.0,0.0,0,0.0,0
344,CASH_OUT,6754.08,C2486744752,6411.67,0.0,C6944371787,69045.32,69045.32,1,0.1,0
40,DEBIT,4008.55,C6425814872,9482.92,5474.37,M2604788242,0.0,0.0,0,0.02,0
572,CASH_OUT,73515.52,C1248786714,146480.48,72964.96,C5058691146,173434.36,173434.36,0,0.0,0
9,TRANSFER,127421.27,C3962452613,159707.97,32286.7,C3169561289,21550.54,21550.54,1,0.0,0
497,CASH_OUT,1.0,C7242730249,0.0,0.0,C8868054898,69661.57,69661.57,0,0.016666666666666666,0
529,CASH_OUT,528.36,C2812140441,49792.47,49264.11,C7465834732,140976.51,140976.51,0,0.0,0
572,CASH_OUT,39030.78,C7517938612,59134.53,20103.75,C1662259333,8522.4,8522.4,0,0.0,0
647,TRANSFER,79358.1,C8846861559,183608.4,104250.3,C1818112342,0.0,79358.1,0,0.0033333333333333335,0
185,CASH_OUT,82320.25,C6588252632,111333.31,29013.06,C2578662692,169613.96,169613.96,0,0.0,0
502,PAYMENT,4996.29,C8086527181,167234.88,162238.59,M7948094928,0.0,0.0,0,0.0,0
99,CASH_OUT,59192.43,C5704029171,65061.14,5868.71,C8303853049,168177.58,168177.58,1,0.0,0
254,PAYMENT,10042.67,C8809871735,172402.89,162360.22,M4158643786,0.0,0.0,0,0.0,0
356,CASH_OUT,40474.59,C1005502537,54534.07,14059.48,C8168394616,170870.29,170870.29,0,0.0,0
501,TRANSFER,11032.97,C8047877267,87743.78,76710.81,C1913706213,34.33,11067.3,0,0.0,0
221,CASH_OUT,4809.93,C7803990970,12140.04,7330.11,C8663837890,91236.92,91236.92,0,0.0,0
326,CASH_OUT,10389.09,C7374810067,186373.3,175984.21,C8084809436,105689.24,105689.24,0,0.0,0
56,CASH_OUT,112588.17,C4492602049,131796.86,19208.69,C2180484299,94130.53,94130.53,1,0.0,0
587,TRANSFER,1567.14,C5087357728,108742.47,107175.33,C9953941533,122305.62,123872.76,0,0.0,0
629,PAYMENT,22346.74,C6887132821,76832.74,54486.0,M9065458220,0.0,0.0,0,0.0,0
22,PAYMENT,20425.47,C2601198885,30696.96,10271.49,M3636366799,0.0,0.0,0,0.0,0
567,TRANSFER,5515.96,C4710967433,4929.04,0.0,M9640701016,0.0,0.0,1,0.9566666666666667,1
235,TRANSFER,22409.21,C4485356009,22949.07,539.86,M8144352013,0.0,0.0,1,0.27666666666666667,0
14,TRANSFER,1988.66,C1558631501,2110.1,121.44,M2625035499,0.0,0.0,1,0.23333333333333334,0
309,TRANSFER,138601.7,C7598745558,128936.89,0.0,C9467483275,27795.82,27795.82,1,0.056666666666666664,0
387,PAYMENT,18032.03,C6496933442,88271.4,70239.37,M9404002665,0.0,0.0,0,0.0,0
79,TRANSFER,61117.94,C5125568431,86401.55,25283.61,C1051354601,36518.66,36518.66,1,0.0,0
620,PAYMENT,680.96,C1459442845,98202.74,97521.78,M5937271321,0.0,0.0,0,0.0,0
621,CASH_OUT,104190.65,C7374810067,175984.21,71793.56,C6358023411,226748.31,226748.31,0,0.0,0
310,TRANSFER,141728.24,C2540492440,167602.89,25874.65,M5087280062,0.0,0.0,1,0.27666666666666667,0
417,PAYMENT,5600.82,C7246858055,99390.34,93789.52,M2773408660,0.0,0.0,0,0.0,0
392,CASH_OUT,104522.6,C6868336102,98859.03,0.0,M7651029165,0.0,0.0,1,0.04,0
592,PAYMENT,2803.24,C9929101065,187568.49,184765.25,M8063693463,0.0,0.0,0,0.0,0
577,TRANSFER,70626.17,C2465576748,90012.31,19386.14,M4588312351,0.0,0.0,1,0.2866666666666667,0
502,PAYMENT,6017.82,C9868845806,172568.74,166550.92,M2328736852,0.0,0.0,0,0.0,0
581,PAYMENT,3552.15,C5952894290,19539.75,15987.6,M6790024996,0.0,0.0,0,0.0,0
346,PAYMENT,8088.81,C8295757364,22622.47,14533.66,M3119908041,0.0,0.0,0,0.0,0
6,TRANSFER,78145.16,C8663837890,91236.92,13091.76,M7861571879,0.0,0.0,1,0.15,0
330,PAYMENT,20871.5,C1639509845,29790.73,8919.23,M8102481401,0.0,0.0,0,0.0,0
436,PAYMENT,457.46,C1387652480,6383.58,5926.12,M5315720088,0.0,0.0,0,0.0,0
125,TRANSFER,19754.1,C1691293717,21658.03,1903.93,M8874242713,0.0,0.0,1,0.25666666666666665,0
538,CASH_OUT,1.0,C3869963931,0.0,0.0,C1662259333,8522.4,8522.4,0,0.023333333333333334,0
446,CASH_OUT,4542.87,C2419931729,10282.87,5740.0,C5100282913,159980.77,159980.77,0,0.0,0
381,PAYMENT,253.61,C2510308881,316.18,62.57,M7702529931,0.0,0.0,0,0.0,0
381,PAYMENT,21625.01,C8322868827,52250.52,30625.51,M5985331805,0.0,0.0,0,0.0,0
139,TRANSFER,47080.02,C6674372082,59624.18,12544.16,C8934927891,0.0,0.0,1,0.21,0
6,PAYMENT,6386.08,C9388140708,139372.72,132986.64,M5891831621,0.0,0.0,0,0.0,0
339,TRANSFER,44652.16,C6982610835,43855.23,0.0,C7403028869,172856.45,172856.45,1,0.01,0
354,DEBIT,32377.54,C3163970710,110094.22,77716.68,M5412437658,0.0,0.0,0,0.01,0
437,PAYMENT,21528.85,C8926438617,157909.39,136380.54,M6583604299,0.0,0.0,0,0.0,0
575,TRANSFER,3190.56,C5310195918,184888.02,181697.46,C9437783771,19136.77,22327.33,0,0.0,0
222,CASH_OUT,137044.41,C6587537178,137919.02,874.61,M9410569618,0.0,0.0,1,0.0,0
339,CASH_OUT,29310.57,C1045302356,38927.69,9617.12,C3946766309,56045.66,56045.66,0,0.0,0
631,PAYMENT,14610.78,C7760554363,47239.93,32629.15,M4865979921,0.0,0.0,0,0.0,0
222,TRANSFER,16191.91,C4037867512,14237.06,0.0,C2591589823,22255.6,22255.6,1,0.013333333333333334,0
54,TRANSFER,102820.14,C6171239466,120783.11,17962.97,C1304205279,162033.66,162033.66,1,0.0,0
247,PAYMENT,2561.96,C2379592595,47230.86,44668.9,M2328736852,0.0,0.0,0,0.0,0
535,PAYMENT,22610.46,C2111272861,157098.4,134487.94,M2869931869,0.0,0.0,0,0.0,0
649,CASH_OUT,55960.02,C8131923452,168211.66,112251.64,C4638577630,660.16,660.16,0,0.0,0
502,PAYMENT,9064.28,C3980491761,13154.39,4090.11,M8366710477,0.0,0.0,0,0.0,0
183,CASH_OUT,23411.15,C4067213499,29014.05,5602.9,M9822499208,0.0,0.0,1,0.0,0
196,PAYMENT,692.97,C1772303297,7772.65,7079.68,M2839566253,0.0,0.0,0,0.0,0
370,PAYMENT,139.01,C5604529187,144992.83,144853.82,M4952177946,0.0,0.0,0,0.0,0
378,TRANSFER,11500.61,C7665963761,177503.92,166003.31,C6974875750,152109.11,163609.72,0,0.0,0
663,TRANSFER,19808.87,C9894264595,27187.08,7378.21,M6790024996,0.0,0.0,1,0.31333333333333335,0
32,DEBIT,10423.66,C5400463094,160856.38,150432.72,M4125758723,0.0,0.0,0,0.006666666666666667,0
485,TRANSFER,1373.35,C3097302637,118589.09,117215.74,C5035765954,158611.04,159984.39,0,0.0,0
379,CASH_OUT,8130.79,C6756711494,10617.05,2486.26,M4390543744,0.0,0.0,1,0.01,0
123,TRANSFER,88948.66,C3555656321,91507.04,2558.38,C5789633176,2416.18,2416.18,1,0.03,0
199,CASH_OUT,83412.77,C5976777081,135343.46,51930.69,C8046300793,60711.03,60711.03,0,0.0,0
325,PAYMENT,5840.59,C5625342041,122107.6,116267.01,M3495411322,0.0,0.0,0,0.0,0
681,CASH_OUT,489.4,C4102821948,70542.33,70052.93,C1676168421,26939.38,26939.38,0,0.0,0
514,TRANSFER,111461.18,C2304963614,110987.87,0.0,M6275155878,0.0,0.0,1,0.8633333333333333,1
420,TRANSFER,92712.4,C8995045543,110783.18,18070.78,C6714723660,5689.86,5689.86,1,0.03666666666666667,0
350,CASH_OUT,21134.86,C1106456634,79418.11,58283.25,C3521300895,160890.71,160890.71,0,0.0,0
93,CASH_OUT,85265.79,C7824150224,77913.25,0.0,M9065458220,0.0,0.0,1,0.03666666666666667,0
384,CASH_OUT,14969.0,C3169561289,21550.54,6581.54,C1754368373,30017.95,30017.95,0,0.0,0
698,DEBIT,3815.67,C8093179263,153087.0,149271.33,M9020002737,0.0,0.0,0,0.02,0
389,PAYMENT,1977.27,C9410288290,18217.07,16239.8,M3119908041,0.0,0.0,0,0.0,0
232,PAYMENT,2772.41,C2774884818,7027.37,4254.96,M4390543744,0.0,0.0,0,0.0,0
451,TRANSFER,3191.45,C1569113257,3126.07,0.0,M6200141898,0.0,0.0,1,0.8966666666666666,1
647,PAYMENT,3074.43,C6952291828,180114.98,177040.55,M3019265031,0.0,0.0,0,0.0,0
551,CASH_IN,57361.34,C9354711271,113629.92,170991.26,C4586784711,94909.63,94909.63,0,0.0,0
699,PAYMENT,428.37,C4104309491,565.62,137.25,M2115862756,0.0,0.0,0,0.0,0
276,TRANSFER,11366.4,C1600337712,15880.98,4514.58,C1158998032,175156.59,186522.99,1,0.0,0
675,PAYMENT,2844.43,C7608141858,14581.19,11736.76,M1888107487,0.0,0.0,0,0.0,0
387,DEBIT,18060.66,C3587283948,90381.27,72320.61,M1802753761,0.0,0.0,0,0.01,0
9,TRANSFER,1499.0,C4750707607,1918.42,419.42,M8058679999,0.0,0.0,1,0.13,0
23,TRANSFER,8341.46,C6336171726,11148.46,2807.0,C3722583581,32435.34,40776.8,0,0.0,0
485,PAYMENT,5032.89,C3713284816,22156.75,17123.86,M7960713821,0.0,0.0,0,0.0,0
411,CASH_IN,82768.33,C5751366455,97993.3,180761.63,C6385791669,90177.17,90177.17,0,0.0,0
520,TRANSFER,59504.02,C1110724913,83306.57,23802.55,M5087280062,0.0,0.0,1,0.26666666666666666,0
308,CASH_IN,4276.42,C2537965898,23077.78,27354.2,C4647891535,53287.3,53287.3,0,0.0,0
582,PAYMENT,23396.95,C6509985983,29052.93,5655.98,M3846182436,0.0,0.0,0,0.0,0
317,PAYMENT,1664.33,C2928130926,3051.34,1387.01,M1343875431,0.0,0.0,0,0.0,0
675,TRANSFER,122.09,C3894673596,149.24,27.15,M5000316394,0.0,0.0,1,0.17333333333333334,0
93,PAYMENT,1.21,C7556078550,115869.14,115867.93,M6313472215,0.0,0.0,0,0.0,0
164,PAYMENT,11363.43,C2191714875,26405.47,15042.04,M4460319291,0.0,0.0,0,0.0,0
484,CASH_OUT,1443.86,C5215140451,5310.89,3867.03,C4600630513,12427.75,12427.75,0,0.023333333333333334,0
132,DEBIT,39464.16,C4159699467,109819.7,70355.54,M1458227039,0.0,0.0,0,0.006666666666666667,0
691,PAYMENT,1.0,C6868336102,0.0,0.0,M2773408660,0.0,0.0,0,0.0,0
601,TRANSFER,14648.9,C1322401182,16839.26,2190.36,M2228388623,0.0,0.0,1,0.33666666666666667,0
626,PAYMENT,321.78,C5310195918,181697.46,181375.68,M4522855590,0.0,0.0,0,0.0,0
193,TRANSFER,10435.51,C6493800024,13210.55,2775.04,M9026301048,0.0,0.0,1,0.24666666666666667,0
319,CASH_OUT,15091.98,C2320763135,29230.87,14138.89,C9381721143,165050.5,165050.5,0,0.0033333333333333335,0
168,TRANSFER,5141.7,C8184602688,11184.54,6042.84,C4455798713,32942.43,38084.13,0,0.0,0
104,PAYMENT,450.0,C2780016559,21563.48,21113.48,M5315720088,0.0,0.0,0,0.0,0
132,PAYMENT,5115.42,C3923699745,124863.4,119747.98,M2839566253,0.0,0.0,0,0.0,0
687,CASH_OUT,10210.2,C7193532615,67587.37,57377.17,C7374810067,71793.56,71793.56,0,0.0,0
650,TRANSFER,154595.92,C8369792370,141765.86,0.0,C3893976444,279905.99,279905.99,1,0.0,0
548,PAYMENT,6229.88,C7845366946,192837.96,186608.08,M5815678365,0.0,0.0,0,0.0,0
393,PAYMENT,22239.41,C8293453178,196423.17,174183.76,M7960713821,0.0,0.0,0,0.0,0
605,CASH_OUT,163394.73,C7699500243,178097.77,14703.04,C1173215225,116686.29,116686.29,1,0.0,0
41,CASH_OUT,26946.38,C9481076448,25830.66,0.0,M6999146585,0.0,0.0,1,0.023333333333333334,0
346,CASH_OUT,10970.71,C7805745017,125026.47,114055.76,C4579265601,18670.96,18670.96,0,0.0,0
301,PAYMENT,1.0,C7988845536,0.0,0.0,M8869140487,0.0,0.0,0,0.0,0
366,TRANSFER,4335.97,C6892752604,180651.2,176315.23,C8758809005,22945.34,27281.31,0,0.0,0
548,TRANSFER,149353.2,C7420846622,178364.53,29011.33,C5952894290,15987.6,15987.6,1,0.01,0
706,DEBIT,14466.15,C2924568778,135022.26,120556.11,M2695447268,0.0,0.0,0,0.02,0
42,TRANSFER,3626.88,C4037867512,4905.28,1278.4,M8058679999,0.0,0.0,1,0.18666666666666668,0
310,PAYMENT,12195.58,C7208619610,72686.85,60491.27,M6130446648,0.0,0.0,0,0.0,0
82,PAYMENT,7284.61,C3691864041,58248.13,50963.52,M4242579642,0.0,0.0,0,0.0,0
311,TRANSFER,3606.91,C2914590233,15243.24,11636.33,C3776011793,75735.73,79342.64,0,0.0,0
588,CASH_OUT,105237.55,C3305069227,146258.64,41021.09,C3163970710,77716.68,77716.68,0,0.0,0
191,CASH_OUT,9993.19,C1045302356,9617.12,0.0,C8084809436,105689.24,105689.24,1,0.04,0
417,TRANSFER,15078.15,C9409682410,16191.81,1113.66,C6923206003,184827.62,184827.62,1,0.0,0
651,PAYMENT,904.31,C5996775663,8398.67,7494.36,M7951820749,0.0,0.0,0,0.0,0
627,CASH_OUT,194879.89,C9136780852,191549.55,0.0,C8272725281,118354.03,118354.03,1,0.10333333333333333,0
399,TRANSFER,16267.37,C5626388820,78719.55,62452.18,C2554039848,115504.5,131771.87,0,0.0,0
456,TRANSFER,149228.04,C2947476917,190097.79,40869.75,C4710967433,0.0,0.0,1,0.30666666666666664,0
413,CASH_OUT,133907.25,C5077921573,136547.69,2640.44,C2125089309,71003.13,71003.13,1,0.0,0
213,TRANSFER,106477.66,C5783809766,183232.61,76754.95,C5759761714,23585.14,130062.8,0,0.0,0
463,PAYMENT,486.71,C3651552513,127599.84,127113.13,M3019265031,0.0,0.0,0,0.0,0
361,PAYMENT,13330.83,C8083175325,13344.97,14.14,M7282885927,0.0,0.0,0,0.0,0
291,PAYMENT,20868.8,C8750840032,35775.72,14906.92,M7928143230,0.0,0.0,0,0.0,0
135,DEBIT,6506.59,C7099469983,303727.04,297220.45,M1711271599,0.0,0.0,0,0.006666666666666667,0
217,TRANSFER,3506.96,C5306459450,30549.83,27042.87,C6544063167,19266.73,22773.69,0,0.0,0
411,PAYMENT,1.0,C5212581851,0.0,0.0,M6845287382,0.0,0.0,0,0.0,0
372,TRANSFER,10185.86,C2191714875,15042.04,4856.18,C7154795660,77990.13,88175.99,0,0.0,0
515,PAYMENT,5318.8,C7027529118,99525.5,94206.7,M6583604299,0.0,0.0,0,0.0,0
476,TRANSFER,2677.33,C4405620755,3815.66,1138.33,M4390543744,0.0,0.0,1,0.27666666666666667,0
476,TRANSFER,9440.03,C9597198563,18381.02,8940.99,C8417757797,155964.61,165404.64,0,0.0,0
429,TRANSFER,2587.51,C6178804925,40442.18,37854.67,C1293864877,9859.09,12446.6,0,0.0,0
635,PAYMENT,1.0,C9717175839,0.0,0.0,M3965860354,0.0,0.0,0,0.0,0
256,CASH_OUT,74079.25,C7470843264,104137.53,30058.28,C9691572571,4340.27,4340.27,1,0.0,0
670,TRANSFER,48139.23,C6789448659,88600.9,40461.67,C5600836559,24552.43,72691.66,0,0.0,0
246,TRANSFER,89386.02,C9433570024,105595.95,16209.93,M4160161496,0.0,0.0,1,0.2633333333333333,0
212,PAYMENT,24437.75,C8684942020,174998.63,150560.88,M6275155878,0.0,0.0,0,0.0,0
182,TRANSFER,1.0,C4643576871,0.0,0.0,C2818381356,15720.99,15721.99,0,0.0,0
164,CASH_OUT,130194.15,C4776436931,125065.01,0.0,C8293453178,174183.76,174183.76,1,0.016666666666666666,0
533,CASH_OUT,29211.06,C6882074066,35779.58,6568.52,C1674755608,8937.61,8937.61,0,0.0,0
267,TRANSFER,66682.69,C1399546384,147699.0,81016.31,C7640122370,61016.36,127699.05,0,0.0,0
547,PAYMENT,1679.46,C2224363672,70843.27,69163.81,M5156392601,0.0,0.0,0,0.0,0
408,CASH_OUT,26559.04,C1965067727,73422.54,46863.5,C9182543558,183937.81,183937.81,0,0.0,0
524,PAYMENT,171.58,C2836553621,20483.57,20311.99,M1240140248,0.0,0.0,0,0.0,0
269,TRANSFER,97680.18,C7631970791,110222.57,12542.39,C2960488639,155483.72,253163.9,0,0.0,0
376,PAYMENT,15115.54,C3623588379,18391.57,3276.03,M8643636805,0.0,0.0,0,0.0,0
216,TRANSFER,258276.7,C5998623100,244918.49,0.0,M1199447370,0.0,0.0,1,0.97,1
267,TRANSFER,1.0,C3799620568,0.0,0.0,C2836553621,20311.99,20312.99,0,0.0,0
282,CASH_OUT,325.67,C6447717367,890.38,564.71,C8178361487,179302.48,179302.48,0,0.0,0
380,CASH_OUT,95856.83,C6392415228,119282.15,23425.32,C6720396142,130555.73,130555.73,0,0.0,0
582,PAYMENT,411.4,C2571688961,177983.1,177571.7,M9398575277,0.0,0.0,0,0.0,0
712,TRANSFER,76680.39,C7027529118,94206.7,17526.31,C5633956194,9465.1,9465.1,1,0.023333333333333334,0
598,TRANSFER,97425.92,C1417436465,109468.32,12042.4,C9660523876,93655.18,191081.1,0,0.0,0
530,TRANSFER,19145.73,C3051831252,125158.47,106012.74,C8880184233,168294.59,187440.32,0,0.0,0
160,TRANSFER,23522.01,C2616884203,186578.74,163056.73,C9860949331,153588.3,177110.31,0,0.0,0
497,CASH_OUT,40522.41,C8458717057,222316.99,181794.58,C3667292043,14221.09,14221.09,0,0.0,0
389,TRANSFER,31275.38,C1590838716,38509.13,7233.75,M7532669066,0.0,0.0,1,0.24,0
123,PAYMENT,2498.95,C8139209752,2840.6,341.65,M8728631945,0.0,0.0,0,0.0,0
537,CASH_OUT,109.93,C9182543558,183937.81,183827.88,C5862655247,40939.37,40939.37,0,0.0,0
642,CASH_OUT,18790.18,C1311570307,19423.85,633.67,M9404002665,0.0,0.0,1,0.02,0
82,PAYMENT,1164.08,C5625411308,85242.29,84078.21,M7702529931,0.0,0.0,0,0.0,0
263,PAYMENT,971.07,C3591527330,129208.53,128237.46,M6992094064,0.0,0.0,0,0.0,0
468,TRANSFER,10507.96,C3846570058,9806.27,0.0,C7664258343,23637.42,23637.42,1,0.04666666666666667,0
66,PAYMENT,788.83,C7193532615,57377.17,56588.34,M2541015125,0.0,0.0,0,0.0,0
250,TRANSFER,50916.87,C9504724761,159874.4,108957.53,C9597198563,8940.99,59857.86,0,0.0,0
53,TRANSFER,1763.69,C3362646960,121215.46,119451.77,C4765583254,174055.55,175819.24,0,0.0,0
86,PAYMENT,8075.85,C7958672456,156516.61,148440.76,M5570190774,0.0,0.0,0,0.0,0
308,TRANSFER,1605.12,C1818520766,10570.48,8965.36,C3806215682,152980.78,154585.9,0,0.0,0
454,PAYMENT,24575.08,C4751509023,151466.81,126891.73,M8138332494,0.0,0.0,0,0.0,0
258,TRANSFER,4406.94,C3639796200,166337.9,161930.96,C1602569046,147235.77,151642.71,0,0.0,0
520,PAYMENT,1338.13,C8669484644,15777.78,14439.65,M6361225622,0.0,0.0,0,0.0,0
545,TRANSFER,56551.42,C9630522755,61467.47,4916.05,M2115862756,0.0,0.0,1,0.31666666666666665,0
187,PAYMENT,4760.56,C5584288132,157760.54,152999.98,M4641902461,0.0,0.0,0,0.0,0
168,TRANSFER,119137.18,C1600566083,105336.52,0.0,C2846465000,159450.88,159450.88,1,0.0,0
704,PAYMENT,13782.36,C2266622851,16282.2,2499.84,M8778927211,0.0,0.0,0,0.0,0
219,PAYMENT,4791.09,C8252045593,24611.59,19820.5,M8235474949,0.0,0.0,0,0.0,0
702,TRANSFER,3291.59,C9558091177,158620.33,155328.74,C6944371787,69045.32,72336.91,0,0.0,0
161,CASH_OUT,11999.37,C9908115095,15412.14,3412.77,M7537130187,0.0,0.0,1,0.0,0
486,CASH_OUT,11165.59,C5087357728,107175.33,96009.74,C6619138852,0.0,0.0,0,0.013333333333333334,0
270,CASH_OUT,2858.25,C2173242669,121535.13,118676.88,C3698343112,262612.34,262612.34,0,0.0,0
342,CASH_OUT,3880.84,C7949795085,6234.63,2353.79,C6877052039,195149.46,195149.46,0,0.0033333333333333335,0
428,TRANSFER,154665.74,C1251837136,140262.8,0.0,M3965860354,0.0,0.0,1,0.9533333333333334,1
281,CASH_OUT,167487.18,C6341783555,197648.68,30161.5,C3047869247,73114.23,73114.23,1,0.0,0
330,PAYMENT,12852.75,C6265016831,94243.93,81391.18,M4122901114,0.0,0.0,0,0.0,0
221,PAYMENT,1.0,C5763350700,0.0,0.0,M6284297249,0.0,0.0,0,0.0,0
492,TRANSFER,177298.76,C3207160929,188632.43,11333.67,C2476831585,4214.84,181513.6,0,0.006666666666666667,0
676,CASH_IN,7096.26,C5215140451,3867.03,10963.29,C6415031531,91190.21,91190.21,0,0.0,0
622,PAYMENT,1473.59,C2627677155,51187.71,49714.12,M6498703287,0.0,0.0,0,0.0,0
379,PAYMENT,18911.66,C4310415016,128452.22,109540.56,M1732578761,0.0,0.0,0,0.0,0
76,CASH_OUT,1.0,C5150074940,0.0,0.0,C1131267917,100839.05,100839.05,0,0.0033333333333333335,0
307,TRANSFER,17199.49,C9085085822,155773.96,138574.47,C4145461251,0.0,17199.49,0,0.0,0
560,PAYMENT,11036.58,C6448001026,163595.33,152558.75,M6651020291,0.0,0.0,0,0.0,0
144,PAYMENT,22706.38,C8902114913,96979.8,74273.42,M2155671697,0.0,0.0,0,0.0,0
370,PAYMENT,605.29,C6542943838,123387.94,122782.65,M2869931869,0.0,0.0,0,0.0,0
480,TRANSFER,49591.68,C7625389037,46182.27,0.0,M9288057824,0.0,0.0,1,0.95,1
123,PAYMENT,15222.07,C4751509023,126891.73,111669.66,M2910594463,0.0,0.0,0,0.0,0
542,CASH_OUT,20511.43,C3713284816,17123.86,0.0,C2566942273,55220.01,55220.01,1,0.06333333333333334,0
335,PAYMENT,9186.06,C5647317872,110681.55,101495.49,M3636366799,0.0,0.0,0,0.0,0
78,CASH_IN,37383.4,C2612579345,165364.4,202747.8,C7852415525,60956.68,60956.68,0,0.0,0
526,PAYMENT,3514.95,C8991678061,3720.66,205.71,M1357561213,0.0,0.0,0,0.0,0
75,PAYMENT,4343.32,C3946766309,56045.66,51702.34,M3355504998,0.0,0.0,0,0.0,0
156,PAYMENT,2327.17,C8350384902,90968.16,88640.99,M2418407139,0.0,0.0,0,0.0,0
541,CASH_OUT,8912.5,C6673381261,17785.89,8873.39,C7505693643,109233.25,109233.25,0,0.0,0
301,TRANSFER,143152.65,C6924716023,156695.05,13542.4,C2445662585,35737.96,35737.96,1,0.006666666666666667,0
229,CASH_OUT,78476.28,C3400244542,187008.44,108532.16,C3965676060,26507.75,26507.75,0,0.0,0
206,TRANSFER,9150.63,C6307626407,10759.98,1609.35,C8208643631,129616.56,138767.19,0,0.0,0
157,TRANSFER,80034.6,C8503368512,82790.61,2756.01,M3811254192,0.0,0.0,1,0.24333333333333335,0
41,TRANSFER,17155.54,C8624454880,104391.51,87235.97,C9303285822,105238.4,122393.94,0,0.0,0
323,TRANSFER,3712.36,C3358880404,72987.14,69274.78,C7193532615,56588.34,60300.7,0,0.0,0
278,TRANSFER,20678.42,C2918260963,18157.78,0.0,M6045729129,0.0,0.0,1,0.88,1
127,PAYMENT,2982.9,C9327720702,10554.85,7571.95,M4035639663,0.0,0.0,0,0.0,0
458,PAYMENT,7837.98,C6317152031,23061.07,15223.09,M7437168216,0.0,0.0,0,0.0,0
128,CASH_OUT,128460.24,C1805492785,168837.38,40377.14,M5535650160,0.0,0.0,1,0.0,0
124,CASH_OUT,65574.58,C1590985753,128239.19,62664.61,C7568861677,72892.61,72892.61,0,0.0,0
216,CASH_OUT,9920.32,C1340272119,142579.74,132659.42,C9272277508,0.0,0.0,0,0.0,0
115,PAYMENT,3336.73,C9115282784,124174.97,120838.24,M6401844042,0.0,0.0,0,0.0,0
103,DEBIT,1.0,C9539945315,0.0,0.0,M5564953924,0.0,0.0,0,0.03,0
308,CASH_OUT,105671.02,C5694806361,92859.16,0.0,C3313993297,106138.4,106138.4,1,0.023333333333333334,0
282,DEBIT,34736.43,C3030106617,107791.3,73054.87,M3536590481,0.0,0.0,0,0.006666666666666667,0
182,PAYMENT,11231.15,C4256292393,18848.02,7616.87,M2136107759,0.0,0.0,0,0.0,0
40,CASH_OUT,121555.96,C9166381136,137219.26,15663.3,C6098775210,145570.67,145570.67,1,0.0,0
162,PAYMENT,12965.87,C6244338653,117196.03,104230.16,M1504729135,0.0,0.0,0,0.0,0
685,TRANSFER,43020.93,C2825989011,45343.53,2322.6,C1659663750,97545.63,97545.63,1,0.0,0
641,CASH_OUT,80.61,C8039917766,91715.78,91635.17,C2014766981,82773.91,82773.91,0,0.0,0
27,DEBIT,8766.78,C9285415473,37325.35,28558.57,M6282009986,0.0,0.0,0,0.01,0
387,CASH_OUT,1266.11,C5515628633,162378.57,161112.46,C6246716604,126940.95,126940.95,0,0.0,0
358,PAYMENT,23312.44,C2699887270,209014.09,185701.65,M7351460539,0.0,0.0,0,0.0,0
476,CASH_OUT,2419.49,C6929897032,16091.36,13671.87,C2720484983,178.37,178.37,0,0.02,0
618,PAYMENT,19806.11,C6046864799,75960.16,56154.05,M1666898313,0.0,0.0,0,0.0,0
264,CASH_OUT,150304.08,C7935554354,142043.18,0.0,C1375899416,50361.61,50361.61,1,0.02,0
585,TRANSFER,136974.73,C6923206003,184827.62,47852.89,M6282009986,0.0,0.0,1,0.30666666666666664,0
414,TRANSFER,163720.6,C5135595227,153726.08,0.0,C4747699292,165524.2,165524.2,1,0.01,0
474,TRANSFER,10924.73,C1457632732,167831.52,156906.79,C6566372886,98740.1,109664.83,0,0.0,0
135,PAYMENT,12753.24,C5748253283,107601.09,94847.85,M5535650160,0.0,0.0,0,0.0,0
36,CASH_OUT,53992.94,C1586412136,57768.21,3775.27,C4131356954,64520.01,64520.01,0,0.0,0
15,TRANSFER,159060.32,C7292376027,184681.95,25621.63,M5449848690,0.0,0.0,1,0.15,0
496,PAYMENT,3435.57,C1725783958,68338.69,64903.12,M5087280062,0.0,0.0,0,0.0,0
220,PAYMENT,13081.24,C2571688961,177571.7,164490.46,M1185303518,0.0,0.0,0,0.0,0
672,DEBIT,2480.79,C2431779064,122840.57,120359.78,M5959736235,0.0,0.0,0,0.02,0
500,PAYMENT,1.0,C3196545325,0.0,0.0,M6498703287,0.0,0.0,0,0.0,0
375,PAYMENT,140.55,C8236361108,126558.25,126417.7,M9410569618,0.0,0.0,0,0.0,0
469,PAYMENT,264.64,C8118065825,80912.47,80647.83,M9631695368,0.0,0.0,0,0.0,0
356,PAYMENT,23183.57,C7685540186,165445.76,142262.19,M4588312351,0.0,0.0,0,0.0,0
517,TRANSFER,219024.63,C4172006012,195556.59,0.0,C7633342225,151637.83,370662.46,1,0.0033333333333333335,0
18,CASH_OUT,112795.16,C4928783441,114928.05,2132.89,C8265834251,80477.16,80477.16,1,0.0,0
49,PAYMENT,486.83,C1625217504,90339.62,89852.79,M8235474949,0.0,0.0,0,0.0,0
163,CASH_OUT,123409.02,C3098948446,114740.16,0.0,M7532669066,0.0,0.0,1,0.043333333333333335,0
625,PAYMENT,1724.32,C4700855390,22092.83,20368.51,M8667946580,0.0,0.0,0,0.0,0
535,DEBIT,622.71,C1589582865,11163.37,10540.66,M9043367776,0.0,0.0,0,0.02666666666666667,0
308,TRANSFER,181715.24,C8796286443,170347.88,0.0,M2518433834,0.0,0.0,1,0.9666666666666667,1
69,CASH_OUT,20981.55,C2465576748,19386.14,0.0,M1122712790,0.0,0.0,1,0.14,0
249,PAYMENT,7873.05,C3420721027,123110.24,115237.19,M5937271321,0.0,0.0,0,0.0,0
255,PAYMENT,333.97,C5606736607,193984.7,193650.73,M9444143872,0.0,0.0,0,0.0,0
412,TRANSFER,120332.0,C6720396142,130555.73,10223.73,C6944371787,72336.91,72336.91,1,0.0033333333333333335,0
336,TRANSFER,108706.82,C5375461598,107177.1,0.0,M2695447268,0.0,0.0,1,0.8966666666666666,1
677,CASH_OUT,67424.2,C7088451458,179292.14,111867.94,C1261903104,0.0,0.0,0,0.016666666666666666,0
158,TRANSFER,768.72,C7536876169,919.47,150.75,C6311894154,29416.69,29416.69,1,0.0033333333333333335,0
391,PAYMENT,3824.17,C2311597141,9712.44,5888.27,M3355504998,0.0,0.0,0,0.0,0
173,TRANSFER,9440.93,C7292376027,25621.63,16180.7,C6415031531,91190.21,100631.14,0,0.0,0
106,CASH_OUT,95905.03,C8001729836,116865.24,20960.21,C3828935922,35264.76,35264.76,1,0.0,0
507,CASH_IN,55820.19,C9403748506,13621.73,69441.92,C7249213370,0.0,0.0,0,0.0,0
287,CASH_OUT,74993.86,C7215110267,100553.7,25559.84,C8690920484,26314.21,26314.21,0,0.0,0
337,CASH_OUT,15.0,C4997866845,118551.24,118536.24,C9155819200,1906.83,1906.83,0,0.0,0
498,CASH_OUT,35439.29,C5879617459,47127.8,11688.51,M6525576685,0.0,0.0,1,0.013333333333333334,0
500,CASH_OUT,18402.88,C5474951950,20586.44,2183.56,C6974875750,163609.72,163609.72,0,0.006666666666666667,0
392,CASH_OUT,44096.16,C2283298067,58117.87,14021.71,M9921025990,0.0,0.0,1,0.0,0
370,CASH_OUT,127617.52,C8527715219,148083.38,20465.86,C9403748506,69441.92,69441.92,0,0.0,0
41,CASH_OUT,58823.43,C4668931881,142698.76,83875.33,C8272725281,118354.03,118354.03,0,0.0,0
536,CASH_OUT,110443.28,C1287814151,154938.46,44495.18,M4820942294,0.0,0.0,1,0.013333333333333334,0
25,PAYMENT,15381.89,C2578662692,169613.96,154232.07,M8790289305,0.0,0.0,0,0.0,0
468,PAYMENT,2520.67,C1682781467,114047.07,111526.4,M3476758136,0.0,0.0,0,0.0,0
255,CASH_OUT,3520.83,C7988845536,3247.08,0.0,C9248574674,56184.86,56184.86,1,0.013333333333333334,0
572,TRANSFER,26836.5,C1847275937,47528.45,20691.95,C6496933442,70239.37,97075.87,0,0.0,0
357,PAYMENT,2237.08,C9837912162,141615.02,139377.94,M7512767226,0.0,0.0,0,0.0,0
632,CASH_OUT,15921.37,C3291226621,157381.48,141460.11,C4880176825,122626.86,122626.86,0,0.0,0
314,TRANSFER,155814.79,C9546021691,164258.26,8443.47,C3185089287,197284.33,353099.12,1,0.0,0
392,TRANSFER,49084.57,C3874432021,53417.56,4332.99,C4655730355,14248.57,14248.57,1,0.0,0
164,PAYMENT,7595.54,C2960488639,253163.9,245568.36,M8218146534,0.0,0.0,0,0.0,0
519,TRANSFER,1819.2,C3106408413,3649.5,1830.3,C6923893872,26107.55,27926.75,0,0.006666666666666667,0
713,CASH_OUT,782.79,C4767539382,899.67,116.88,M3438830691,0.0,0.0,1,0.03666666666666667,0
137,PAYMENT,8531.81,C2424706705,186311.13,177779.32,M9398575277,0.0,0.0,0,0.0,0
85,PAYMENT,1142.84,C9033653743,117876.11,116733.27,M7664045502,0.0,0.0,0,0.0,0
159,PAYMENT,16736.01,C9941564880,89188.44,72452.43,M9523139706,0.0,0.0,0,0.0,0
225,TRANSFER,75202.71,C8350384902,88640.99,13438.28,M5570190774,0.0,0.0,1,0.25666666666666665,0
627,PAYMENT,2538.5,C2704657157,7375.53,4837.03,M3297681898,0.0,0.0,0,0.0,0
191,TRANSFER,16159.43,C6081137534,17294.87,1135.44,C5957341287,87732.24,103891.67,0,0.0,0
268,CASH_IN,7981.2,C2818381356,15721.99,23703.19,C5227828349,0.0,0.0,0,0.0,0
380,DEBIT,12909.64,C8750840032,14906.92,1997.28,M4158643786,0.0,0.0,0,0.023333333333333334,0
79,PAYMENT,15115.7,C2646331504,26921.68,11805.98,M3517195150,0.0,0.0,0,0.0,0
593,CASH_OUT,2496.16,C6504099682,2579.53,83.37,C9189503254,85396.68,85396.68,1,0.006666666666666667,0
619,CASH_OUT,115595.72,C1644608746,142362.43,26766.71,M5734228580,0.0,0.0,1,0.013333333333333334,0
55,PAYMENT,61.43,C5879617459,11688.51,11627.08,M6744039057,0.0,0.0,0,0.0,0
176,CASH_OUT,69036.01,C2941289685,73574.59,4538.58,M2916502228,0.0,0.0,1,0.0,0
66,PAYMENT,7252.61,C3438771483,196137.96,188885.35,M9444143872,0.0,0.0,0,0.0,0
29,PAYMENT,24247.67,C9924456994,133271.19,109023.52,M1732578761,0.0,0.0,0,0.0,0
221,PAYMENT,2189.75,C5569295400,34347.43,32157.68,M8821456242,0.0,0.0,0,0.0,0
584,TRANSFER,23856.33,C8689593739,25511.14,1654.81,C8943866829,4549.62,28405.95,0,0.0033333333333333335,0
601,PAYMENT,11845.89,C6634526139,65136.99,53291.1,M3846182436,0.0,0.0,0,0.0,0
367,CASH_OUT,467.73,C5972484792,149838.87,149371.14,C5982744929,96880.32,96880.32,0,0.0,0
424,CASH_OUT,25704.25,C8758809005,27281.31,1577.06,C3334938378,86934.33,86934.33,0,0.0,0
186,TRANSFER,139803.47,C9981691030,187133.02,47329.55,M1692044390,0.0,0.0,1,0.25333333333333335,0
718,PAYMENT,11279.01,C5407856339,58836.93,47557.92,M6199197408,0.0,0.0,0,0.0,0
142,PAYMENT,1.0,C5375461598,0.0,0.0,M6045729129,0.0,0.0,0,0.0,0
259,PAYMENT,955.25,C1526723719,114055.28,113100.03,M4160161496,0.0,0.0,0,0.0,0
663,PAYMENT,6029.5,C3821211202,142049.4,136019.9,M5891831621,0.0,0.0,0,0.0,0
21,PAYMENT,10796.49,C7038841740,28318.09,17521.6,M5156392601,0.0,0.0,0,0.0,0
98,TRANSFER,60147.4,C9255898264,67401.35,7253.95,C2625792787,31828.56,91975.96,1,0.0,0
582,CASH_OUT,5089.88,C1660370908,189934.9,184845.02,C2304963614,0.0,0.0,0,0.01,0
636,TRANSFER,1180.2,C3815235019,61853.7,60673.5,C7059591606,54727.38,55907.58,0,0.0,0
700,TRANSFER,60593.9,C4427620889,83030.86,22436.96,C3836517266,125104.92,185698.82,0,0.0,0
182,CASH_OUT,70388.18,C7481631841,203335.95,132947.77,C2948728483,71633.5,71633.5,0,0.0,0
551,CASH_OUT,3686.31,C3980491761,4090.11,403.8,C5035765954,159984.39,159984.39,0,0.0,0
111,PAYMENT,19839.14,C2377246195,182521.84,162682.7,M5714658227,0.0,0.0,0,0.0,0
510,CASH_OUT,51383.67,C8942167666,44132.55,0.0,M7960713821,0.0,0.0,1,0.06666666666666667,0
399,DEBIT,125.21,C3791815554,149003.34,148878.13,M5734228580,0.0,0.0,0,0.006666666666666667,0
253,PAYMENT,636.03,C9019515562,145710.82,145074.79,M7717262223,0.0,0.0,0,0.0,0
414,CASH_OUT,18719.78,C9433570024,16209.93,0.0,M4601406440,0.0,0.0,1,0.25,0
606,TRANSFER,12914.3,C8282534126,13401.18,486.88,C1207916194,189219.1,189219.1,1,0.0033333333333333335,0
545,CASH_OUT,12402.57,C9844874547,59158.09,46755.52,C4264134512,137101.95,137101.95,0,0.0033333333333333335,0
139,PAYMENT,3409.2,C5689870435,24390.64,20981.44,M8646369354,0.0,0.0,0,0.0,0
387,CASH_OUT,60368.93,C7292076361,60078.65,0.0,M9043367776,0.0,0.0,1,0.06666666666666667,0
295,TRANSFER,184.56,C6338036681,86918.3,86733.74,C4914929023,22063.23,22247.79,0,0.0,0
92,TRANSFER,936.04,C7406579219,1375.11,439.07,C9558091177,155328.74,156264.78,0,0.0,0
50,PAYMENT,635.28,C7193532615,60300.7,59665.42,M8964269909,0.0,0.0,0,0.0,0
551,CASH_OUT,86452.99,C7645527239,89868.7,3415.71,C9354711271,170991.26,170991.26,1,0.0,0
380,PAYMENT,4470.17,C3995732958,146973.86,142503.69,M9921025990,0.0,0.0,0,0.0,0
191,CASH_OUT,6031.84,C5871743247,71592.67,65560.83,C6317889312,91608.15,91608.15,0,0.0,0
212,TRANSFER,24005.22,C3030106617,73054.87,49049.65,C1572827654,36120.17,60125.39,0,0.0,0
706,CASH_OUT,29588.65,C7215110267,25559.84,0.0,M9576264323,0.0,0.0,1,0.15333333333333332,0
182,CASH_OUT,1413.74,C5485387618,6052.83,4639.09,C9312085761,60369.4,60369.4,0,0.0,0
146,TRANSFER,3206.69,C1600337712,4514.58,1307.89,C8168394616,170870.29,174076.98,0,0.0,0
642,DEBIT,1358.76,C6448324230,6542.84,5184.08,M7764117705,0.0,0.0,0,0.02666666666666667,0
424,CASH_OUT,15050.09,C1392245997,38583.14,23533.05,C8833889083,32111.47,32111.47,0,0.0033333333333333335,0
11,PAYMENT,276.67,C5421051452,66627.08,66350.41,M9441870024,0.0,0.0,0,0.0,0
707,CASH_OUT,7825.14,C8033702319,8286.99,461.85,C7792729530,18798.25,18798.25,1,0.006666666666666667,0
336,CASH_OUT,165866.19,C5036200310,158343.36,0.0,C3933213766,60764.97,60764.97,1,0.01,0
294,TRANSFER,192806.17,C7418301077,173474.4,0.0,C4939447721,178537.31,178537.31,1,0.0,0
89,PAYMENT,24756.38,C5419627962,205414.46,180658.08,M9620935604,0.0,0.0,0,0.0,0
481,PAYMENT,607.74,C6633778586,13775.32,13167.58,M6495967005,0.0,0.0,0,0.0,0
711,PAYMENT,4069.2,C1792214339,185577.42,181508.22,M2115406331,0.0,0.0,0,0.0,0
147,CASH_OUT,44224.49,C1039887139,111758.09,67533.6,C9645619869,166042.88,166042.88,0,0.0,0
194,CASH_OUT,18.25,C9894264595,7378.21,7359.96,C1230624431,65095.92,65095.92,0,0.0,0
157,CASH_IN,14906.89,C9463197203,152688.44,167595.33,C3667292043,14221.09,14221.09,0,0.0,0
206,PAYMENT,22168.27,C9115282784,120838.24,98669.97,M4554178984,0.0,0.0,0,0.0,0
518,CASH_OUT,171612.7,C4683935600,186650.01,15037.31,M7366396017,0.0,0.0,1,0.013333333333333334,0
72,TRANSFER,3603.68,C5819946657,98499.28,94895.6,C7038841740,17521.6,21125.28,0,0.0,0
561,PAYMENT,3515.56,C7079234115,125455.24,121939.68,M5564953924,0.0,0.0,0,0.0,0
548,TRANSFER,2474.3,C6000952470,3440.28,965.98,C6959501845,87077.76,87077.76,1,0.0033333333333333335,0
701,CASH_OUT,37017.33,C1182758417,34137.88,0.0,M2916502228,0.0,0.0,1,0.11333333333333333,0
230,PAYMENT,5.47,C3097302637,117215.74,117210.27,M1199447370,0.0,0.0,0,0.0,0
488,TRANSFER,1.0,C7242730249,0.0,0.0,C9943959352,73964.61,73965.61,0,0.0,0
244,TRANSFER,26566.24,C2879792991,29864.14,3297.9,C2180484299,94130.53,120696.77,0,0.0,0
157,CASH_OUT,12821.75,C9744120054,126129.71,113307.96,C8943866829,28405.95,28405.95,0,0.0,0
179,PAYMENT,2774.26,C8833399096,94928.34,92154.08,M7570511906,0.0,0.0,0,0.0,0
22,PAYMENT,3524.0,C4888749350,202541.13,199017.13,M6011842297,0.0,0.0,0,0.0,0
555,CASH_IN,53619.49,C8531118333,102506.63,156126.12,C8131923452,112251.64,112251.64,0,0.0,0
214,PAYMENT,12640.7,C3291270703,167992.54,155351.84,M6011842297,0.0,0.0,0,0.0,0
455,PAYMENT,10202.56,C6797436140,133637.92,123435.36,M7951820749,0.0,0.0,0,0.0,0
137,PAYMENT,7214.38,C8779941999,118761.16,111546.78,M8218146534,0.0,0.0,0,0.0,0
676,PAYMENT,18052.98,C6656646925,140154.97,122101.99,M6101516825,0.0,0.0,0,0.0033333333333333335,0
419,PAYMENT,4754.47,C1149460439,150707.66,145953.19,M3536590481,0.0,0.0,0,0.0,0
556,PAYMENT,36.68,C8055515912,140946.18,140909.5,M8790289305,0.0,0.0,0,0.0,0
223,DEBIT,1.0,C1710924824,0.0,0.0,M6894024976,0.0,0.0,0,0.03,0
454,TRANSFER,210775.78,C4110258855,196438.55,0.0,M7050091525,0.0,0.0,1,0.9533333333333334,1
160,TRANSFER,1.0,C8547068234,0.0,0.0,C2388450337,30421.66,30422.66,0,0.0,0
252,PAYMENT,1986.56,C7705605962,30094.53,28107.97,M2910594463,0.0,0.0,0,0.0,0
628,TRANSFER,1182.85,C1248786714,72964.96,71782.11,C8506931282,124190.25,125373.1,0,0.0,0
67,TRANSFER,101034.41,C2068687175,135621.49,34587.08,M3846182436,0.0,0.0,1,0.23333333333333334,0
366,CASH_OUT,43506.51,C7608153267,49356.77,5850.26,M5000316394,0.0,0.0,1,0.0033333333333333335,0
598,PAYMENT,1639.12,C5028688786,9227.95,7588.83,M1811839103,0.0,0.0,0,0.0,0
104,PAYMENT,464.7,C1011759631,137074.83,136610.13,M1504729135,0.0,0.0,0,0.0,0
122,TRANSFER,23697.07,C3971203213,42915.81,19218.74,C1736086849,158739.42,182436.49,0,0.0,0
288,DEBIT,20303.18,C5724657556,191696.72,171393.54,M8874242713,0.0,0.0,0,0.006666666666666667,0
151,PAYMENT,18882.49,C1519709079,52669.85,33787.36,M8861351706,0.0,0.0,0,0.0,0
485,PAYMENT,21358.61,C8235363119,119242.46,97883.85,M9640701016,0.0,0.0,0,0.0,0
599,PAYMENT,22157.09,C8235363119,97883.85,75726.76,M7717262223,0.0,0.0,0,0.0,0
581,PAYMENT,70.48,C4482238042,192330.36,192259.88,M2115406331,0.0,0.0,0,0.0,0
139,TRANSFER,1.0,C3142452709,0.0,0.0,C9081544414,116600.99,116601.99,0,0.0,0
685,CASH_OUT,168620.17,C2578662692,154232.07,0.0,C2761091683,32519.52,32519.52,1,0.09,0
507,TRANSFER,128376.22,C3291270703,155351.84,26975.62,M5869990861,0.0,0.0,1,0.32,0
533,PAYMENT,38.44,C2458198451,160900.58,160862.14,M5714658227,0.0,0.0,0,0.0,0
245,PAYMENT,22.54,C6620138568,73394.01,73371.47,M7960713821,0.0,0.0,0,0.0,0
673,PAYMENT,285.03,C9618334441,8562.91,8277.88,M3313346852,0.0,0.0,0,0.0,0
640,TRANSFER,61810.28,C8137972345,66102.97,4292.69,C8487449580,111533.22,111533.22,1,0.0,0
712,TRANSFER,86.06,C8208584394,102.43,16.37,C9481076448,0.0,86.06,0,0.16666666666666666,0
435,PAYMENT,4042.95,C3169561289,6581.54,2538.59,M9822499208,0.0,0.0,0,0.0,0
501,CASH_OUT,225723.69,C6877052039,195149.46,0.0,M7514017540,0.0,0.0,1,0.26,0
117,TRANSFER,77385.01,C8991514523,98135.38,20750.37,M6284297249,0.0,0.0,1,0.24666666666666667,0
586,CASH_OUT,8.35,C7823288650,135840.87,135832.52,C7393195616,36079.31,36079.31,0,0.0,0
14,PAYMENT,422.01,C1489726608,168076.1,167654.09,M6846530109,0.0,0.0,0,0.0,0
642,CASH_IN,13166.07,C1602569046,151642.71,164808.78,C2633177480,156312.59,156312.59,0,0.0,0
681,TRANSFER,116985.73,C9924456994,109023.52,0.0,M2136107759,0.0,0.0,1,0.87,1
94,PAYMENT,809.73,C6620138568,73371.47,72561.74,M2885370603,0.0,0.0,0,0.0,0
82,TRANSFER,50869.24,C5686850445,69571.6,18702.36,C5022964382,150539.47,201408.71,0,0.0033333333333333335,0
508,PAYMENT,4159.79,C5819946657,94895.6,90735.81,M2541015125,0.0,0.0,0,0.0,0
520,TRANSFER,3323.7,C6645808194,2801.59,0.0,M2121448210,0.0,0.0,1,0.9333333333333333,1
720,PAYMENT,13522.73,C6717963562,190951.84,177429.11,M9043367776,0.0,0.0,0,0.0,0
234,CASH_OUT,21285.25,C9437783771,22327.33,1042.08,C4736031885,56325.34,56325.34,1,0.0,0
437,TRANSFER,83134.22,C4431078106,72588.68,0.0,M8235474949,0.0,0.0,1,0.92,1
289,PAYMENT,2394.16,C6305160342,73813.73,71419.57,M6786043791,0.0,0.0,0,0.0,0
62,CASH_OUT,47859.36,C4882343658,64930.82,17071.46,C7904559790,141965.06,141965.06,0,0.0,0
13,TRANSFER,112987.31,C2458198451,160862.14,47874.83,C1459442845,97521.78,210509.09,0,0.0,0
371,TRANSFER,57892.19,C6961554653,65857.18,7964.99,C6320115677,60780.91,118673.1,0,0.0,0
327,CASH_OUT,43469.91,C5031086659,135698.68,92228.77,C2480915452,42779.77,42779.77,0,0.0,0
501,CASH_IN,46502.3,C5083595988,9233.92,55736.22,C5492496998,10909.33,10909.33,0,0.0,0
44,PAYMENT,2100.93,C2419931729,5740.0,3639.07,M1442421654,0.0,0.0,0,0.0,0
413,DEBIT,684.21,C7333316743,94632.11,93947.9,M4554178984,0.0,0.0,0,0.013333333333333334,0
395,PAYMENT,3000.88,C4518871744,22474.35,19473.47,M1857561275,0.0,0.0,0,0.0,0
648,TRANSFER,165368.47,C7465834732,140976.51,0.0,M7050091525,0.0,0.0,1,0.9466666666666667,1
17,PAYMENT,6.46,C2431779064,120359.78,120353.32,M8325043570,0.0,0.0,0,0.0,0
402,TRANSFER,125525.09,C4073772623,157898.55,32373.46,C1039262289,199166.73,199166.73,1,0.0,0
512,DEBIT,4877.0,C6715705115,19920.74,15043.74,M2910594463,0.0,0.0,0,0.03333333333333333,0
109,TRANSFER,23974.59,C4949801453,24989.64,1015.05,M5270048042,0.0,0.0,1,0.25666666666666665,0
222,PAYMENT,2308.7,C5328166990,156797.81,154489.11,M9776500600,0.0,0.0,0,0.0,0
319,PAYMENT,6176.53,C7045593274,79838.26,73661.73,M9558906999,0.0,0.0,0,0.0,0
350,CASH_OUT,22385.85,C1717346250,30547.33,8161.48,C8055556030,14328.8,14328.8,0,0.0,0
485,TRANSFER,159584.15,C7660813178,184896.41,25312.26,M3517195150,0.0,0.0,1,0.32,0
321,DEBIT,13690.85,C6046864799,56154.05,42463.2,M4306983924,0.0,0.0,0,0.013333333333333334,0
592,TRANSFER,90025.56,C8057994126,114507.73,24482.17,C5419627962,180658.08,270683.64,0,0.0,0
587,PAYMENT,15868.19,C9455610447,72380.26,56512.07,M5449848690,0.0,0.0,0,0.0,0
256,PAYMENT,5707.56,C3392080953,95054.14,89346.58,M2155671697,0.0,0.0,0,0.0,0
98,PAYMENT,1.0,C5923940434,0.0,0.0,M8102481401,0.0,0.0,0,0.0,0
273,CASH_OUT,35682.79,C6789448659,40461.67,4778.88,M9444143872,0.0,0.0,1,0.0,0
486,CASH_OUT,90863.91,C2940955281,96532.64,5668.73,C5416031878,119224.27,119224.27,1,0.0,0
280,PAYMENT,726.22,C5789633176,2416.18,1689.96,M4665677395,0.0,0.0,0,0.0,0
662,TRANSFER,98214.05,C2111272861,134487.94,36273.89,M1692044390,0.0,0.0,1,0.29,0
537,PAYMENT,3766.75,C8134112721,105130.56,101363.81,M7928143230,0.0,0.0,0,0.0,0
12,TRANSFER,9887.81,C1026224160,9675.02,0.0,M6606958660,0.0,0.0,1,0.7133333333333334,1
378,DEBIT,17835.33,C7371573279,275855.05,258019.72,M8063693463,0.0,0.0,0,0.01,0
569,CASH_OUT,1568.23,C5789633176,1689.96,121.73,M8778927211,0.0,0.0,1,0.03666666666666667,0
622,PAYMENT,22649.29,C2982979741,155354.38,132705.09,M1888107487,0.0,0.0,0,0.0,0
127,TRANSFER,105919.11,C3127657643,94917.92,0.0,M6692705133,0.0,0.0,1,0.9566666666666667,1
27,TRANSFER,17057.66,C9370133343,177452.31,160394.65,C1322401182,2190.36,19248.02,0,0.0,0
36,PAYMENT,21.3,C3106408413,1830.3,1809.0,M8728631945,0.0,0.0,0,0.0,0
524,TRANSFER,53933.58,C5646751885,73484.26,19550.68,C7529817193,18388.26,72321.84,1,0.0,0
536,TRANSFER,121189.25,C6704841644,137943.84,16754.59,C9711080868,1008.63,122197.88,1,0.0033333333333333335,0
352,PAYMENT,6050.08,C1726990714,143947.81,137897.73,M2541015125,0.0,0.0,0,0.0,0
658,TRANSFER,989.0,C2771211118,106788.01,105799.01,C6471691689,194715.98,195704.98,0,0.0,0
213,PAYMENT,962.27,C6000009225,80405.47,79443.2,M3469205576,0.0,0.0,0,0.0,0
58,TRANSFER,35821.6,C9807209816,97040.72,61219.12,C8012696455,26542.4,62364.0,0,0.0,0
44,CASH_OUT,740.08,C2214741296,860.83,120.75,C8721631198,123592.96,123592.96,1,0.0,0
650,PAYMENT,5257.38,C8675071314,149113.11,143855.73,M5270048042,0.0,0.0,0,0.0,0
686,PAYMENT,726.74,C9904586976,106332.21,105605.47,M7664045502,0.0,0.0,0,0.0,0
37,CASH_OUT,172579.81,C8293453178,174183.76,1603.95,C2073755632,140870.74,140870.74,1,0.0,0
169,PAYMENT,1354.29,C6756332150,94565.11,93210.82,M8548290298,0.0,0.0,0,0.0,0
384,PAYMENT,2247.74,C6169243284,91333.43,89085.69,M6130446648,0.0,0.0,0,0.0,0
335,PAYMENT,1.0,C5694806361,0.0,0.0,M5794335854,0.0,0.0,0,0.0,0
668,CASH_OUT,1642.37,C7666869046,27502.54,25860.17,C4550353803,27050.5,27050.5,0,0.0,0
397,CASH_OUT,5808.31,C1657675888,91931.25,86122.94,C4921003983,6445.91,6445.91,0,0.0,0
584,PAYMENT,19186.8,C4635552887,174358.74,155171.94,M2869931869,0.0,0.0,0,0.0,0
311,PAYMENT,7171.46,C1506211965,194027.17,186855.71,M4522855590,0.0,0.0,0,0.0,0
259,CASH_OUT,103949.3,C2625792787,91975.96,0.0,M5570190774,0.0,0.0,1,0.023333333333333334,0
398,PAYMENT,20851.0,C8033062794,24234.39,3383.39,M6932365592,0.0,0.0,0,0.0,0
492,PAYMENT,91.48,C5883933127,116023.88,115932.4,M3223687972,0.0,0.0,0,0.0,0
110,CASH_OUT,7663.98,C9858643842,8421.12,757.14,C2926780541,13335.97,13335.97,0,0.0,0
1,PAYMENT,149.29,C9479654136,88446.65,88297.36,M9776500600,0.0,0.0,0,0.0,0
377,TRANSFER,15387.47,C6572436051,16932.69,1545.22,M7651029165,0.0,0.0,1,0.25666666666666665,0
36,PAYMENT,6356.57,C5082603360,7344.21,987.64,M8138332494,0.0,0.0,0,0.0,0
210,CASH_OUT,16978.92,C5072538783,14891.89,0.0,C4308701294,12661.54,12661.54,1,0.03333333333333333,0
179,CASH_OUT,1977.08,C8750840032,1997.28,20.2,M8138332494,0.0,0.0,1,0.0,0
277,CASH_OUT,114445.75,C3553440342,141686.76,27241.01,C2073108894,134311.56,134311.56,1,0.0,0
387,TRANSFER,233480.84,C3910678913,196788.86,0.0,M3355504998,0.0,0.0,1,0.9066666666666666,1
46,CASH_IN,70587.96,C5884080139,60608.91,131196.87,C4014119648,96732.6,96732.6,0,0.0,0
491,CASH_OUT,44012.62,C1431494396,55429.07,11416.45,M7764117705,0.0,0.0,1,0.01,0
2,PAYMENT,6953.38,C7337225482,118208.5,111255.12,M6525576685,0.0,0.0,0,0.0,0
720,PAYMENT,1599.28,C6717963562,177429.11,175829.83,M3192202822,0.0,0.0,0,0.0,0
91,PAYMENT,468.7,C4990452762,41454.15,40985.45,M7948094928,0.0,0.0,0,0.0,0
675,CASH_OUT,16387.23,C1626733282,139176.46,122789.23,C9421518487,40760.27,40760.27,0,0.0033333333333333335,0
655,PAYMENT,4693.56,C1526723719,113100.03,108406.47,M7651029165,0.0,0.0,0,0.0,0
356,PAYMENT,923.56,C9432088993,1825.69,902.13,M3317856944,0.0,0.0,0,0.0,0
443,CASH_OUT,40844.89,C3875303857,39937.04,0.0,M3636366799,0.0,0.0,1,0.11333333333333333,0
553,PAYMENT,5594.97,C4888749350,199017.13,193422.16,M6498703287,0.0,0.0,0,0.0,0
641,CASH_OUT,141850.62,C8796293088,143741.35,1890.73,M9776500600,0.0,0.0,1,0.013333333333333334,0
211,PAYMENT,18905.67,C8831899893,19737.14,831.47,M6845287382,0.0,0.0,0,0.0,0
514,TRANSFER,9871.88,C5957341287,103891.67,94019.79,C1939042955,0.0,9871.88,0,0.0,0
564,PAYMENT,5186.06,C2905584866,92269.43,87083.37,M7366396017,0.0,0.0,0,0.0,0
334,CASH_OUT,1.0,C1993998848,0.0,0.0,C5141593270,51289.33,51289.33,0,0.0,0
403,TRANSFER,75465.55,C6879428703,73844.58,0.0,M6284297249,0.0,0.0,1,0.8533333333333334,1
711,PAYMENT,5665.16,C9697354961,9914.49,4249.33,M2303835765,0.0,0.0,0,0.0,0
74,PAYMENT,1806.71,C3420671425,300095.12,298288.41,M3438830691,0.0,0.0,0,0.0,0
215,PAYMENT,7.52,C5872148707,169172.3,169164.78,M8218146534,0.0,0.0,0,0.0,0
32,TRANSFER,64066.42,C2224363672,69163.81,5097.39,M6846530109,0.0,0.0,1,0.22333333333333333,0
367,PAYMENT,2378.07,C3144490990,137048.75,134670.68,M6361225622,0.0,0.0,0,0.0,0
384,CASH_OUT,147946.17,C7958672456,148440.76,494.59,M3690714075,0.0,0.0,1,0.0,0
33,PAYMENT,17994.83,C9697414638,176540.58,158545.75,M2328736852,0.0,0.0,0,0.0,0
393,CASH_OUT,25876.69,C8236980551,30072.5,4195.81,C5578929439,58303.36,58303.36,0,0.0,0
702,PAYMENT,13631.66,C7517938612,20103.75,6472.09,M2910594463,0.0,0.0,0,0.0,0
89,TRANSFER,98361.4,C4696689457,133228.17,34866.77,C4145461251,17199.49,115560.89,0,0.0,0
647,PAYMENT,1097.12,C9553561889,17689.66,16592.54,M7960713821,0.0,0.0,0,0.0,0
481,TRANSFER,93041.03,C3951331472,102773.3,9732.27,M1099218439,0.0,0.0,1,0.31,0
132,TRANSFER,44742.95,C9639245200,151339.5,106596.55,C4564751926,82487.68,127230.63,0,0.0,0
71,PAYMENT,3118.39,C5569295400,32157.68,29039.29,M3119908041,0.0,0.0,0,0.0,0
549,PAYMENT,11343.3,C7161887665,82406.26,71062.96,M1185303518,0.0,0.0,0,0.0,0
503,TRANSFER,32391.59,C4073772623,32373.46,0.0,M8740820392,0.0,0.0,1,0.97,1
704,TRANSFER,247.29,C7625389037,227.32,0.0,C8458717057,181794.58,181794.58,1,0.0,0
181,PAYMENT,2331.1,C2825957977,31885.54,29554.44,M9523139706,0.0,0.0,0,0.0,0
700,PAYMENT,15658.5,C1446457642,29076.78,13418.28,M6275155878,0.0,0.0,0,0.0,0
119,TRANSFER,92034.99,C6496933442,97075.87,5040.88,M1647181551,0.0,0.0,1,0.25333333333333335,0
441,CASH_OUT,665.5,C5998623100,710.37,44.87,C8025152555,182572.32,182572.32,1,0.006666666666666667,0
571,PAYMENT,18767.02,C4482141802,196591.29,177824.27,M2121448210,0.0,0.0,0,0.0,0
681,PAYMENT,20150.04,C9086117171,107989.52,87839.48,M8643636805,0.0,0.0,0,0.0,0
141,CASH_OUT,2805.47,C9717175839,2341.29,0.0,M5959736235,0.0,0.0,1,0.06,0
270,CASH_IN,45616.95,C7190276026,157538.37,203155.32,C1306702926,199137.16,199137.16,0,0.0,0
119,PAYMENT,297.44,C2870403050,18070.77,17773.33,M6361225622,0.0,0.0,0,0.0,0
719,PAYMENT,206.4,C3271361431,14799.41,14593.01,M5315720088,0.0,0.0,0,0.0,0
682,CASH_OUT,102034.18,C2173242669,118676.88,16642.7,C1011759631,136610.13,136610.13,1,0.0,0
492,PAYMENT,1.0,C9974165440,0.0,0.0,M3690714075,0.0,0.0,0,0.0,0
398,TRANSFER,593.51,C8015775567,50137.97,49544.46,C2869999754,138163.63,138757.14,0,0.0,0
684,TRANSFER,8577.09,C1818520766,8965.36,388.27,C1094115188,237776.92,237776.92,1,0.0,0
580,CASH_OUT,74365.71,C2479679716,63625.46,0.0,C7872090713,13921.83,13921.83,1,0.13666666666666666,0
417,CASH_OUT,30121.04,C5272119095,42196.22,12075.18,M9043367776,0.0,0.0,1,0.016666666666666666,0
383,TRANSFER,105777.28,C1809283659,166707.52,60930.24,C9250327663,58235.87,164013.15,0,0.0,0
131,DEBIT,19123.01,C7602474923,32393.21,13270.2,M2711123163,0.0,0.0,0,0.016666666666666666,0
651,CASH_OUT,83147.64,C5819946657,90735.81,7588.17,C7799567490,186262.79,186262.79,1,0.0033333333333333335,0
68,CASH_OUT,2238.05,C3951331472,9732.27,7494.22,C9421518487,40760.27,40760.27,0,0.0,0
285,PAYMENT,1815.1,C2780016559,21113.48,19298.38,M3107992942,0.0,0.0,0,0.0,0
549,DEBIT,11437.93,C6054421752,95165.26,83727.33,M1666898313,0.0,0.0,0,0.02,0
396,CASH_OUT,351.97,C7958672456,494.59,142.62,C6012067717,89051.26,89051.26,0,0.0,0
614,TRANSFER,1026.16,C3280805846,88037.0,87010.84,C2431779064,120353.32,121379.48,0,0.0,0
502,TRANSFER,456.6,C9715314442,77466.06,77009.46,C5336127859,0.0,456.6,0,0.06333333333333334,0
645,TRANSFER,141797.74,C4096932037,121881.15,0.0,M9625656293,0.0,0.0,1,0.96,1
246,PAYMENT,5792.34,C1033015788,9846.66,4054.32,M4242579642,0.0,0.0,0,0.0,0
422,TRANSFER,70510.16,C4102821948,70052.93,0.0,C2075413763,189064.45,189064.45,1,0.02,0
705,TRANSFER,41779.09,C2237386857,48548.09,6769.0,C8118065825,80647.83,80647.83,1,0.0,0
596,PAYMENT,9321.07,C3511301900,180034.89,170713.82,M6651020291,0.0,0.0,0,0.0,0
211,TRANSFER,97975.47,C2431779064,121379.48,23404.01,C2825957977,29554.44,127529.91,0,0.0,0
384,TRANSFER,100821.16,C6043349038,115793.26,14972.1,M6763471833,0.0,0.0,1,0.2866666666666667,0
74,CASH_OUT,25929.82,C5381866906,36956.36,11026.54,C2602884797,11210.89,11210.89,1,0.01,0
261,PAYMENT,6539.75,C2602884797,11210.89,4671.14,M9896529524,0.0,0.0,0,0.0,0
431,CASH_OUT,103250.53,C9484167278,110053.59,6803.06,M7861571879,0.0,0.0,1,0.016666666666666666,0
123,TRANSFER,69476.78,C2389803385,94508.23,25031.45,M3846182436,0.0,0.0,1,0.22,0
549,CASH_OUT,124567.91,C4471642620,155235.18,30667.27,C1261903104,0.0,0.0,1,0.013333333333333334,0
581,TRANSFER,111878.43,C8926438617,136380.54,24502.11,M9444143872,0.0,0.0,1,0.31,0
619,PAYMENT,17070.08,C1050899550,161420.74,144350.66,M6045729129,0.0,0.0,0,0.0,0
156,TRANSFER,29915.56,C5125568431,25283.61,0.0,C2962491159,165402.02,165402.02,1,0.0,0
555,CASH_IN,77444.84,C9691572571,4340.27,81785.11,C9558091177,156264.78,156264.78,0,0.0,0
277,PAYMENT,903.55,C8505373158,131906.07,131002.52,M2711123163,0.0,0.0,0,0.0,0
471,DEBIT,3027.22,C9312085761,60369.4,57342.18,M9933702652,0.0,0.0,0,0.016666666666666666,0
4,TRANSFER,7139.36,C2752536389,8748.25,1608.89,M8964269909,0.0,0.0,1,0.20333333333333334,0
419,PAYMENT,17511.69,C8229344434,174860.35,157348.66,M6894024976,0.0,0.0,0,0.0,0
390,CASH_OUT,27349.45,C1400330495,29781.88,2432.43,C4895020135,95182.21,95182.21,1,0.0,0
351,PAYMENT,16956.44,C1792214339,181508.22,164551.78,M6495967005,0.0,0.0,0,0.0,0
622,TRANSFER,163601.44,C5310195918,181375.68,17774.24,M2571632270,0.0,0.0,1,0.32,0
362,PAYMENT,2966.16,C1913706213,11067.3,8101.14,M8044997538,0.0,0.0,0,0.0,0
481,TRANSFER,76343.42,C7337225482,111255.12,34911.7,C3776011793,79342.64,155686.06,0,0.0,0
67,CASH_OUT,19264.7,C9771848610,92581.69,73316.99,C3107125807,152845.58,152845.58,0,0.0,0
391,TRANSFER,1159.24,C3147818256,1423.64,264.4,M5815678365,0.0,0.0,1,0.11333333333333333,0
267,PAYMENT,1.0,C4073772623,0.0,0.0,M3019265031,0.0,0.0,0,0.0,0
201,CASH_IN,82181.87,C5911625145,91116.83,173298.7,C4131356954,64520.01,64520.01,0,0.0,0
93,PAYMENT,35.43,C1792214339,164551.78,164516.35,M5734228580,0.0,0.0,0,0.0,0
82,PAYMENT,340.23,C5667181604,3677.7,3337.47,M9398575277,0.0,0.0,0,0.0,0
447,TRANSFER,27317.23,C6554972315,28447.92,1130.69,M3965860354,0.0,0.0,1,0.3333333333333333,0
95,TRANSFER,7597.91,C1674755608,8937.61,1339.7,C6504099682,83.37,7681.28,0,0.0,0
181,TRANSFER,1705.71,C6572436051,1545.22,0.0,M5714658227,0.0,0.0,1,0.38,0
79,TRANSFER,109091.21,C8477300991,100126.88,0.0,M5325865521,0.0,0.0,1,0.92,1
378,PAYMENT,1.0,C9274189261,0.0,0.0,M5959736235,0.0,0.0,0,0.0,0
176,TRANSFER,44396.69,C6649827836,84394.87,39998.18,C4106464319,191412.94,235809.63,0,0.0,0
59,PAYMENT,17328.82,C2041349374,47589.49,30260.67,M8083396378,0.0,0.0,0,0.0,0
248,CASH_OUT,12087.63,C4427620889,22436.96,10349.33,C1674755608,1339.7,1339.7,0,0.0,0
252,CASH_OUT,3652.52,C1446457642,13418.28,9765.76,C4566852761,142409.5,142409.5,0,0.0,0
621,PAYMENT,1.0,C7627266377,65173.95,65172.95,M8861351706,0.0,0.0,0,0.0,0
472,PAYMENT,6719.45,C8291250562,110773.39,104053.94,M6053489772,0.0,0.0,0,0.0,0
414,PAYMENT,2545.23,C2072355594,4882.69,2337.46,M2604788242,0.0,0.0,0,0.0,0
621,CASH_OUT,9593.79,C3738900744,17857.48,8263.69,C3821211202,136019.9,136019.9,0,0.0,0
418,TRANSFER,16962.11,C6237376063,23024.18,6062.07,C6402580787,15547.06,15547.06,1,0.0,0
306,TRANSFER,42044.63,C7525240100,59056.6,17011.97,M7928143230,0.0,0.0,1,0.22,0
17,TRANSFER,182007.0,C5293274004,182882.1,875.1,C2870403050,17773.33,17773.33,1,0.0,0
144,PAYMENT,3.95,C2893321208,76121.4,76117.45,M3536590481,0.0,0.0,0,0.0,0
233,PAYMENT,11874.33,C1487258103,263724.08,251849.75,M3355504998,0.0,0.0,0,0.0,0
381,PAYMENT,1137.36,C9138644862,93157.14,92019.78,M3156792018,0.0,0.0,0,0.0,0
150,DEBIT,79.44,C6754503097,1941.64,1862.2,M6313472215,0.0,0.0,0,0.01,0
477,DEBIT,184.27,C3962452613,32286.7,32102.43,M4820942294,0.0,0.0,0,0.02,0
302,TRANSFER,1.0,C3127657643,0.0,0.0,C2452066459,143.97,144.97,0,0.04666666666666667,0
491,TRANSFER,173252.38,C5604529187,144853.82,0.0,M9590331226,0.0,0.0,1,0.9366666666666666,1
576,TRANSFER,145451.01,C7829772942,157383.97,11932.96,M2604788242,0.0,0.0,1,0.32666666666666666,0
628,TRANSFER,286.83,C1288335378,199004.87,198718.04,C3019214800,123388.42,123675.25,0,0.0,0
530,DEBIT,7946.75,C5297902885,52535.4,44588.65,M2910594463,0.0,0.0,0,0.02666666666666667,0
527,CASH_OUT,34723.07,C9981691030,47329.55,12606.48,C8638763775,151222.81,151222.81,1,0.0,0
387,CASH_OUT,5381.78,C2984460654,17475.39,12093.61,C1870644102,273640.77,273640.77,0,0.0033333333333333335,0
202,TRANSFER,112420.13,C3436297208,132032.95,19612.82,M9933702652,0.0,0.0,1,0.26666666666666666,0
200,PAYMENT,3843.96,C5634076661,5751.91,1907.95,M1504729135,0.0,0.0,0,0.0,0
582,TRANSFER,3054.12,C9697354961,4249.33,1195.21,M5564953924,0.0,0.0,1,0.30333333333333334,0
68,TRANSFER,81410.83,C2178158203,78679.96,0.0,M6786043791,0.0,0.0,1,0.88,1
351,CASH_IN,135758.64,C4820055862,167621.83,303380.47,C2041349374,30260.67,30260.67,0,0.0,0
265,TRANSFER,19124.62,C9461708554,28389.83,9265.21,C4731897202,18155.86,37280.48,0,0.0,0
335,TRANSFER,62596.81,C7910817577,210717.6,148120.79,C7527316141,153216.86,215813.67,0,0.0,0
699,TRANSFER,4173.31,C5704029171,5868.71,1695.4,C4145461251,115560.89,115560.89,1,0.0033333333333333335,0
337,PAYMENT,37.3,C1834624758,132444.69,132407.39,M3438830691,0.0,0.0,0,0.0,0
606,CASH_OUT,2989.29,C1855256552,154180.3,151191.01,C7464468567,42803.08,42803.08,0,0.0,0
229,PAYMENT,4624.57,C2424706705,177779.32,173154.75,M3223687972,0.0,0.0,0,0.0,0
157,TRANSFER,28530.65,C2756070122,187236.41,158705.76,C2963288053,162570.2,191100.85,0,0.0,0
410,PAYMENT,459.65,C5931025271,86117.61,85657.96,M8643636805,0.0,0.0,0,0.0,0
493,TRANSFER,17277.86,C5162260671,71196.86,53919.0,C7088949191,70719.11,87996.97,0,0.0,0
416,PAYMENT,2237.41,C9434946584,33520.08,31282.67,M8910440683,0.0,0.0,0,0.0,0
380,CASH_OUT,19648.78,C9759180824,21876.4,2227.62,M7717262223,0.0,0.0,1,0.0033333333333333335,0
441,PAYMENT,2271.83,C3045102506,65226.44,62954.61,M6932365592,0.0,0.0,0,0.0,0
613,PAYMENT,103.19,C4696689457,34866.77,34763.58,M8058679999,0.0,0.0,0,0.0,0
9,CASH_OUT,1859.51,C5704029171,1695.4,0.0,M3595066420,0.0,0.0,1,0.04,0
156,PAYMENT,298.76,C1674555072,45485.6,45186.84,M3313346852,0.0,0.0,0,0.0,0
376,DEBIT,20450.76,C3185386258,70624.18,50173.42,M5194066484,0.0,0.0,0,0.01,0
90,TRANSFER,153777.65,C4847761430,155106.64,1328.99,M8058679999,0.0,0.0,1,0.27666666666666667,0
630,CASH_OUT,199522.55,C5646880148,179411.35,0.0,M4689605624,0.0,0.0,1,0.25333333333333335,0
274,TRANSFER,42605.03,C7710396573,103076.6,60471.57,C8316648259,83036.92,125641.95,0,0.0,0
67,CASH_OUT,114503.81,C5694628398,173482.09,58978.28,C9844874547,46755.52,46755.52,0,0.0,0
528,TRANSFER,16366.04,C8295757364,14533.66,0.0,C8151583833,62412.29,62412.29,1,0.03333333333333333,0
712,PAYMENT,1853.48,C3207160929,11333.67,9480.19,M4641902461,0.0,0.0,0,0.0,0
670,PAYMENT,15061.44,C2780016559,19298.38,4236.94,M2228388623,0.0,0.0,0,0.0,0
317,PAYMENT,11523.41,C7915226263,152876.47,141353.06,M1413599241,0.0,0.0,0,0.0,0
38,TRANSFER,176221.38,C2227193073,190620.86,14399.48,C7371573279,258019.72,434241.1,1,0.0,0
76,TRANSFER,59176.11,C6795522649,62899.88,3723.77,M5535650160,0.0,0.0,1,0.25333333333333335,0
660,TRANSFER,14414.48,C6822870815,55585.43,41170.95,C6134840512,36000.09,50414.57,0,0.0033333333333333335,0
215,TRANSFER,25312.27,C9660523876,191081.1,165768.83,C7403028869,172856.45,198168.72,0,0.0,0
354,TRANSFER,60395.75,C2965254350,54594.56,0.0,M6790024996,0.0,0.0,1,0.6966666666666667,1
408,CASH_OUT,5362.25,C4503614567,7065.25,1703.0,C3316787198,4841.37,4841.37,0,0.0,0
433,CASH_IN,109896.29,C3821211202,136019.9,245916.19,C5625411308,84078.21,84078.21,0,0.0,0
189,TRANSFER,176035.05,C1446362270,186587.09,10552.04,C9503787171,125290.57,125290.57,1,0.0,0
152,CASH_OUT,4830.16,C2486744752,4555.07,0.0,M3317856944,0.0,0.0,1,0.04666666666666667,0
10,CASH_OUT,22849.01,C4067919621,162914.82,140065.81,C9411532909,28988.25,28988.25,0,0.0,0
3,TRANSFER,56185.04,C7857580528,72599.6,16414.56,C6995554056,25981.45,25981.45,1,0.0,0
518,TRANSFER,183505.91,C3777580509,156187.41,0.0,M7678293431,0.0,0.0,1,0.95,1
466,TRANSFER,33.93,C2510308881,62.57,28.64,C8901585274,130566.57,130600.5,0,0.0033333333333333335,0
292,PAYMENT,974.97,C6081137534,1135.44,160.47,M3094407076,0.0,0.0,0,0.0,0
475,TRANSFER,15771.86,C7576309274,144529.36,128757.5,C3716924538,140666.33,156438.19,0,0.0,0
606,CASH_OUT,73918.76,C4422700486,71473.22,0.0,M4892544235,0.0,0.0,1,0.37666666666666665,0
405,CASH_OUT,117986.96,C1945826486,127605.21,9618.25,C8270110908,79122.24,79122.24,1,0.0,0
441,TRANSFER,27252.67,C2818381356,23703.19,0.0,M8276498637,0.0,0.0,1,0.9233333333333333,1
17,CASH_IN,56198.07,C7292376027,16180.7,72378.77,C1546957087,173669.18,173669.18,0,0.0,0
314,TRANSFER,6689.38,C7529817193,72321.84,65632.46,C1112794026,14437.09,21126.47,0,0.0,0
678,CASH_OUT,41174.58,C6054421752,83727.33,42552.75,C8750840032,20.2,20.2,0,0.01,0
337,TRANSFER,19522.79,C4026113008,22585.69,3062.9,C8309221034,58633.89,78156.68,1,0.0,0
492,TRANSFER,14039.92,C9553561889,16592.54,2552.62,M9288057824,0.0,0.0,1,0.32666666666666666,0
166,PAYMENT,150.54,C6272000062,4297.69,4147.15,M9640701016,0.0,0.0,0,0.0,0
296,TRANSFER,1.0,C1993998848,0.0,0.0,C3346569443,0.0,1.0,0,0.22666666666666666,0
125,PAYMENT,14418.63,C2268006448,24247.23,9828.6,M5564953924,0.0,0.0,0,0.0,0
277,PAYMENT,242.83,C7801948900,112741.25,112498.42,M7960713821,0.0,0.0,0,0.0,0
548,PAYMENT,14698.4,C9626333315,41958.8,27260.4,M7713758036,0.0,0.0,0,0.0,0
365,PAYMENT,6585.59,C8257484586,94448.19,87862.6,M6384311581,0.0,0.0,0,0.0,0
257,DEBIT,3838.22,C2400094541,11930.34,8092.12,M4896576569,0.0,0.0,0,0.02,0
351,TRANSFER,213163.35,C6173344564,183388.89,0.0,C3878201524,146573.46,146573.46,1,0.0,0
31,PAYMENT,171.39,C3106408413,1809.0,1637.61,M4820942294,0.0,0.0,0,0.0,0
525,PAYMENT,8767.77,C4748302739,125046.19,116278.42,M8218146534,0.0,0.0,0,0.0,0
496,CASH_OUT,234.5,C1311570307,633.67,399.17,C5724657556,171393.54,171393.54,0,0.0,0
673,CASH_OUT,35862.26,C3426665919,130766.31,94904.05,C6317152031,15223.09,15223.09,0,0.0,0
330,PAYMENT,119.31,C3710566582,588.34,469.03,M3534186676,0.0,0.0,0,0.0,0
364,TRANSFER,102184.18,C7640078465,95066.87,0.0,C8199372599,174839.81,277023.99,1,0.0,0
323,PAYMENT,7968.01,C9741628563,20457.94,12489.93,M1711271599,0.0,0.0,0,0.0,0
575,TRANSFER,19198.28,C9434946584,31282.67,12084.39,C9941564880,72452.43,91650.71,0,0.0,0
349,CASH_OUT,80281.89,C1659663750,97545.63,17263.74,C7910817577,148120.79,148120.79,1,0.0,0
436,TRANSFER,10451.9,C7380780055,8842.26,0.0,C7135394336,49117.32,59569.22,1,0.03333333333333333,0
265,CASH_IN,104837.94,C7895255573,197437.85,302275.79,C3260842187,61338.37,61338.37,0,0.0,0
77,PAYMENT,12837.89,C4473306055,167091.83,154253.94,M5000316394,0.0,0.0,0,0.0,0
417,CASH_OUT,113487.57,C5539308214,100010.86,0.0,C4550353803,27050.5,27050.5,1,0.11666666666666667,0
618,PAYMENT,23626.39,C7462972995,103618.34,79991.95,M5891831621,0.0,0.0,0,0.0,0
342,PAYMENT,1379.91,C8471762590,5325.18,3945.27,M5919148165,0.0,0.0,0,0.0,0
51,TRANSFER,6901.28,C7467073633,6109.35,0.0,C9711080868,122197.88,122197.88,1,0.0033333333333333335,0
563,CASH_OUT,67849.19,C9842186844,97846.51,29997.32,C2721355673,158039.1,158039.1,0,0.0,0
103,CASH_OUT,4954.63,C1945826486,9618.25,4663.62,C4956362540,3527.07,3527.07,0,0.0,0
674,CASH_OUT,1110.44,C5837082260,163634.38,162523.94,C2139027119,37892.08,37892.08,0,0.0,0
603,CASH_OUT,174659.12,C4888749350,193422.16,18763.04,M1666898313,0.0,0.0,1,0.013333333333333334,0
163,TRANSFER,816.68,C6425814872,5474.37,4657.69,C9218363978,35773.35,36590.03,0,0.0,0
173,CASH_OUT,7484.54,C2050340486,10565.08,3080.54,M1802753761,0.0,0.0,1,0.0,0
130,TRANSFER,9751.53,C1717346250,8161.48,0.0,C9661615016,55188.55,64940.08,1,0.0033333333333333335,0
536,TRANSFER,2568.24,C3205292512,4509.73,1941.49,C6921525436,105922.47,108490.71,0,0.0,0
244,TRANSFER,180546.45,C9078786223,187310.11,6763.66,M6495967005,0.0,0.0,1,0.28,0
415,PAYMENT,1396.26,C2158638062,121701.01,120304.75,M5585110649,0.0,0.0,0,0.0,0
632,PAYMENT,9636.75,C7772180882,14349.2,4712.45,M2187592160,0.0,0.0,0,0.0,0
510,CASH_OUT,955.73,C6732648420,914.01,0.0,M8218146534,0.0,0.0,1,0.23666666666666666,0
657,CASH_IN,70843.38,C8758809005,1577.06,72420.44,C9673185158,116189.96,116189.96,0,0.0,0
237,CASH_OUT,86746.4,C2073108894,134311.56,47565.16,C9623534576,18593.34,18593.34,0,0.0,0
137,PAYMENT,1.06,C7852415525,60956.68,60955.62,M2418407139,0.0,0.0,0,0.0,0
216,CASH_OUT,1464.05,C3479708607,44991.78,43527.73,C2479679716,0.0,0.0,0,0.0,0
212,PAYMENT,18347.26,C4558302256,154367.0,136019.74,M1240140248,0.0,0.0,0,0.0,0
333,PAYMENT,4178.33,C6244338653,104230.16,100051.83,M8276498637,0.0,0.0,0,0.0,0
207,PAYMENT,633.52,C9581991473,111017.54,110384.02,M7453081889,0.0,0.0,0,0.0,0
682,TRANSFER,35636.08,C3975418439,67481.32,31845.24,C5344083406,117744.86,153380.94,0,0.0,0
259,CASH_OUT,25919.48,C1676168421,26939.38,1019.9,M5156392601,0.0,0.0,1,0.0,0
114,PAYMENT,3828.94,C6691628146,137505.99,133677.05,M4390543744,0.0,0.0,0,0.0,0
15,CASH_OUT,35274.88,C8370987661,76297.96,41023.08,C5625342041,116267.01,116267.01,0,0.0,0
311,PAYMENT,1.0,C7598745558,0.0,0.0,M9444143872,0.0,0.0,0,0.0,0
277,TRANSFER,126329.22,C3806215682,154585.9,28256.68,M1732578761,0.0,0.0,1,0.27666666666666667,0
225,TRANSFER,2845.51,C5269015757,146357.26,143511.75,C9645619869,166042.88,168888.39,0,0.0,0
275,TRANSFER,11388.26,C4635552887,155171.94,143783.68,C3880327491,79959.65,91347.91,0,0.0,0
675,PAYMENT,58.01,C7623575561,86945.41,86887.4,M9065458220,0.0,0.0,0,0.0033333333333333335,0
110,CASH_OUT,13702.91,C6477862024,13249.47,0.0,M6992094064,0.0,0.0,1,0.1,0
629,DEBIT,17937.63,C9463197203,167595.33,149657.7,M6651754819,0.0,0.0,0,0.02,0
542,CASH_OUT,5537.99,C2940955281,5668.73,130.74,C7882206934,138849.02,138849.02,1,0.0,0
2,PAYMENT,12169.08,C1051354601,36518.66,24349.58,M9916475897,0.0,0.0,0,0.0,0
436,CASH_OUT,209682.65,C7103588071,202607.96,0.0,C2774884818,4254.96,4254.96,1,0.32666666666666666,0
579,PAYMENT,19358.83,C4310415016,109540.56,90181.73,M7678293431,0.0,0.0,0,0.0,0
333,TRANSFER,65328.03,C8375996697,69015.14,3687.11,M9576264323,0.0,0.0,1,0.23666666666666666,0
576,TRANSFER,181137.18,C2350701477,159835.04,0.0,M3580582653,0.0,0.0,1,0.9666666666666667,1
423,CASH_OUT,70464.71,C5296710795,115246.49,44781.78,C3933213766,60764.97,60764.97,0,0.0,0
139,TRANSFER,185364.64,C3698343112,262612.34,77247.7,M1711271599,0.0,0.0,1,0.23,0
124,TRANSFER,18435.51,C9428056968,68251.3,49815.79,C6877052039,0.0,18435.51,0,0.0,0
243,PAYMENT,9101.77,C5151086814,10071.63,969.86,M4665677395,0.0,0.0,0,0.0,0
247,CASH_OUT,117230.27,C7088451458,111867.94,0.0,C3108307952,67454.7,67454.7,1,0.013333333333333334,0
502,PAYMENT,159.06,C9471306442,47048.23,46889.17,M8144352013,0.0,0.0,0,0.0,0
516,DEBIT,7694.77,C9202102595,104929.24,97234.47,M3660800029,0.0,0.0,0,0.02,0
358,CASH_OUT,3762.82,C2704657157,4837.03,1074.21,C5421051452,66350.41,66350.41,0,0.0,0
100,TRANSFER,5334.31,C5883933127,115932.4,110598.09,C9776185998,10119.37,15453.68,0,0.0,0
161,CASH_OUT,145343.39,C2250949136,181947.08,36603.69,M7678293431,0.0,0.0,1,0.0,0
63,PAYMENT,27.7,C3799264931,31.33,3.63,M3313346852,0.0,0.0,0,0.0,0
210,CASH_OUT,134416.03,C4939447721,178537.31,44121.28,C6884333221,75227.97,75227.97,0,0.0033333333333333335,0
443,TRANSFER,6520.96,C9461708554,9265.21,2744.25,M9776500600,0.0,0.0,1,0.29,0
546,TRANSFER,3669.9,C7772180882,4712.45,1042.55,C7418301077,0.0,3669.9,1,0.05333333333333334,0
426,TRANSFER,157224.64,C9147687657,163753.33,6528.69,M5714658227,0.0,0.0,1,0.3333333333333333,0
694,DEBIT,38493.36,C6157617867,44511.74,6018.38,M3019265031,0.0,0.0,0,0.02666666666666667,0
162,TRANSFER,6840.12,C3815287619,22193.31,15353.19,C6719736115,162301.09,169141.21,0,0.0,0
460,TRANSFER,12077.96,C7292376027,72378.77,60300.81,C7481631841,132947.77,145025.73,0,0.0,0
267,DEBIT,1391.72,C8906163641,151272.33,149880.61,M9065458220,0.0,0.0,0,0.0033333333333333335,0
303,TRANSFER,35207.71,C3878719791,122884.46,87676.75,C9691572571,81785.11,116992.82,0,0.0,0
712,CASH_OUT,56415.5,C2979958124,74566.23,18150.73,M2773408660,0.0,0.0,1,0.013333333333333334,0
666,CASH_OUT,47041.21,C4239406957,198031.84,150990.63,C4590711152,19750.72,19750.72,0,0.0,0
552,CASH_OUT,284.88,C2178884276,33294.6,33009.72,C8117478955,169466.82,169466.82,0,0.0,0
622,PAYMENT,107.27,C8901585274,130600.5,130493.23,M3297681898,0.0,0.0,0,0.0,0
538,PAYMENT,312.15,C1741134891,187604.77,187292.62,M1083302600,0.0,0.0,0,0.0,0
183,TRANSFER,15353.97,C2283298067,14021.71,0.0,M1694904767,0.0,0.0,1,0.9033333333333333,1
92,TRANSFER,97360.69,C8316648259,125641.95,28281.26,C3074232200,87347.02,184707.71,0,0.0,0
560,CASH_OUT,141595.91,C8272725281,118354.03,0.0,C9650701349,105883.07,105883.07,1,0.07,0
34,CASH_OUT,45678.25,C5162260671,53919.0,8240.75,C1304205279,162033.66,162033.66,0,0.0,0
32,TRANSFER,168220.97,C7660157097,161134.56,0.0,M3019265031,0.0,0.0,1,0.97,1
101,DEBIT,93.48,C8350384902,13438.28,13344.8,M7651029165,0.0,0.0,0,0.01,0
646,TRANSFER,82095.81,C3438771483,188885.35,106789.54,C9081544414,116601.99,198697.8,0,0.0,0
689,CASH_OUT,116805.1,C4946081594,140660.9,23855.8,M5270048042,0.0,0.0,1,0.013333333333333334,0
152,TRANSFER,895.97,C4949801453,1015.05,119.08,C3389594115,126371.52,127267.49,0,0.0,0
79,CASH_OUT,359.28,C4096932037,403.81,44.53,C6995554056,25981.45,25981.45,1,0.006666666666666667,0
446,PAYMENT,10090.36,C4700855390,20368.51,10278.15,M4865979921,0.0,0.0,0,0.0,0
252,TRANSFER,98248.08,C4745927824,198682.4,100434.32,C2237386857,6769.0,105017.08,0,0.0,0
282,PAYMENT,1042.18,C7337225482,34911.7,33869.52,M3457877922,0.0,0.0,0,0.0,0
153,TRANSFER,1.0,C5923940434,0.0,0.0,C5364727160,139922.92,139923.92,0,0.0,0
175,PAYMENT,313.67,C3710566582,469.03,155.36,M3297681898,0.0,0.0,0,0.0,0
55,PAYMENT,4530.38,C4302632494,161030.73,156500.35,M8366710477,0.0,0.0,0,0.0,0
364,PAYMENT,609.83,C8926438617,24502.11,23892.28,M2625035499,0.0,0.0,0,0.0,0
67,CASH_OUT,127121.18,C6153541642,153823.83,26702.65,C7625464411,34914.44,34914.44,1,0.0,0
570,CASH_OUT,9016.85,C9730449971,9783.76,766.91,C5870268582,33987.1,33987.1,0,0.0,0
660,TRANSFER,137138.53,C4473306055,154253.94,17115.41,M3223687972,0.0,0.0,1,0.3233333333333333,0
542,PAYMENT,10461.57,C7961674558,158213.32,147751.75,M8083396378,0.0,0.0,0,0.0,0
145,TRANSFER,4102.09,C6069848439,127500.71,123398.62,C6186758088,0.0,4102.09,0,0.0,0
586,TRANSFER,13899.81,C2409274786,67021.93,53122.12,C5407856339,47557.92,61457.73,0,0.0,0
22,TRANSFER,150257.62,C6894808149,141403.73,0.0,M9558906999,0.0,0.0,1,0.93,1
220,TRANSFER,18956.48,C8690920484,26314.21,7357.73,C6618926823,121682.67,121682.67,1,0.0,0
647,PAYMENT,743.58,C5293274004,875.1,131.52,M6313472215,0.0,0.0,0,0.0,0
44,TRANSFER,176249.49,C8453283834,181376.16,5126.67,C3188382776,58452.87,234702.36,1,0.0,0
197,DEBIT,9490.32,C2137651678,199394.62,189904.3,M7514017540,0.0,0.0,0,0.006666666666666667,0
316,PAYMENT,7420.42,C1913706213,8101.14,680.72,M9625656293,0.0,0.0,0,0.0,0
544,DEBIT,1.0,C2918260963,0.0,0.0,M7532669066,0.0,0.0,0,0.043333333333333335,0
570,TRANSFER,1.0,C3910678913,0.0,0.0,C7534583219,0.0,1.0,0,0.23,0
477,TRANSFER,18625.38,C1361845490,208682.04,190056.66,C7598745558,0.0,18625.38,0,0.0,0
297,PAYMENT,1071.7,C6155234610,116371.48,115299.78,M6651020291,0.0,0.0,0,0.0,0
222,CASH_OUT,78888.46,C5271453859,95177.23,16288.77,C3878201524,146573.46,146573.46,1,0.0,0
126,PAYMENT,126.28,C9916336966,173750.47,173624.19,M1908459040,0.0,0.0,0,0.0,0
615,PAYMENT,6561.0,C2268523764,97490.99,90929.99,M1240140248,0.0,0.0,0,0.0,0
622,PAYMENT,5265.7,C6124453431,164387.98,159122.28,M8325043570,0.0,0.0,0,0.0,0
138,PAYMENT,18984.14,C4207337120,83604.63,64620.49,M7664045502,0.0,0.0,0,0.0,0
36,CASH_IN,50904.38,C3484872186,160825.34,211729.72,C5293274004,131.52,131.52,0,0.0,0
518,CASH_IN,27398.27,C9581991473,110384.02,137782.29,C7161404428,71131.15,71131.15,0,0.0,0
513,CASH_OUT,48353.69,C8734449371,113046.3,64692.61,C1717346250,0.0,0.0,0,0.01,0
9,CASH_OUT,31017.67,C4594787485,43399.62,12381.95,M3369412470,0.0,0.0,1,0.0,0
425,CASH_OUT,110725.28,C3144490990,134670.68,23945.4,M2695447268,0.0,0.0,1,0.013333333333333334,0
484,PAYMENT,16288.33,C6822870815,41170.95,24882.62,M5412437658,0.0,0.0,0,0.0,0
611,TRANSFER,133892.58,C4046558332,132497.51,0.0,C3142452709,0.0,133892.58,1,0.03666666666666667,0
377,PAYMENT,87.87,C1197092148,64096.56,64008.69,M2916502228,0.0,0.0,0,0.0,0
619,TRANSFER,58634.12,C7710396573,60471.57,1837.45,M2418407139,0.0,0.0,1,0.3333333333333333,0
407,PAYMENT,13531.97,C5567816720,46534.93,33002.96,M2136107759,0.0,0.0,0,0.0,0
418,TRANSFER,59036.21,C5694628398,58978.28,0.0,C1664885408,80817.15,139853.36,1,0.013333333333333334,0
246,PAYMENT,133.0,C1662259333,8522.4,8389.4,M8858274691,0.0,0.0,0,0.0,0
38,CASH_OUT,47386.72,C9702693937,66758.45,19371.73,C6204041308,3448.92,3448.92,0,0.0,0
418,PAYMENT,39.0,C9481076448,86.06,47.06,M9065458220,0.0,0.0,0,0.0,0
505,PAYMENT,5915.46,C3291226621,141460.11,135544.65,M2249831874,0.0,0.0,0,0.0,0
99,CASH_OUT,237605.01,C2612579345,202747.8,0.0,M8443061472,0.0,0.0,1,0.056666666666666664,0
57,PAYMENT,1613.4,C9912233947,6058.94,4445.54,M3145756342,0.0,0.0,0,0.0,0
28,TRANSFER,45934.98,C3849232839,127724.86,81789.88,C4500557310,6325.64,52260.62,0,0.0,0
180,PAYMENT,38.5,C2554039848,131771.87,131733.37,M5194066484,0.0,0.0,0,0.0,0
441,PAYMENT,5098.0,C9337145038,118617.05,113519.05,M8778927211,0.0,0.0,0,0.0,0
497,TRANSFER,70163.36,C2009317340,161665.31,91501.95,C4361393222,125531.75,195695.11,0,0.0,0
538,PAYMENT,218.93,C5606736607,193650.73,193431.8,M7664045502,0.0,0.0,0,0.0,0
312,PAYMENT,14483.01,C6338036681,86733.74,72250.73,M9441870024,0.0,0.0,0,0.0,0
351,CASH_OUT,106650.18,C5883933127,110598.09,3947.91,M1083302600,0.0,0.0,1,0.0033333333333333335,0
218,TRANSFER,998.35,C6000952470,965.98,0.0,M1240140248,0.0,0.0,1,0.33,0
711,CASH_OUT,84578.73,C9189503254,85396.68,817.95,C8025152555,182572.32,182572.32,1,0.006666666666666667,0
297,CASH_OUT,33185.87,C6488854841,33472.07,286.2,M1099218439,0.0,0.0,1,0.0,0
613,TRANSFER,21396.12,C5870268582,33987.1,12590.98,C3796581976,3141.56,24537.68,0,0.0,0
385,TRANSFER,1.0,C3910678913,0.0,0.0,C1050899550,144350.66,144351.66,0,0.0,0
693,CASH_IN,115834.7,C5376302686,98318.99,214153.69,C1955345537,60066.79,60066.79,0,0.0,0
303,CASH_OUT,95872.26,C6099808894,97393.49,1521.23,C5633956194,9465.1,9465.1,1,0.0,0
579,CASH_OUT,26302.56,C8760642358,23995.42,0.0,M7341757401,0.0,0.0,1,0.14333333333333334,0
180,PAYMENT,1698.03,C4864126433,34840.83,33142.8,M9523139706,0.0,0.0,0,0.0,0
145,PAYMENT,22885.65,C9909257076,163560.04,140674.39,M4122901114,0.0,0.0,0,0.0,0
57,TRANSFER,3310.5,C6265016831,81391.18,78080.68,C9067664957,23198.87,26509.37,0,0.0,0
656,TRANSFER,172631.54,C8880184233,187440.32,14808.78,C1485574228,70253.85,70253.85,1,0.0033333333333333335,0
317,CASH_IN,49967.63,C5492496998,10909.33,60876.96,C9851745648,14583.9,14583.9,0,0.0,0
334,TRANSFER,8978.1,C2237386857,105017.08,96038.98,C2941289685,4538.58,13516.68,0,0.0,0
533,CASH_OUT,7054.86,C1387652480,5926.12,0.0,M8903212516,0.0,0.0,1,0.22,0
353,DEBIT,8995.37,C2227193073,14399.48,5404.11,M3536590481,0.0,0.0,0,0.02,0
445,TRANSFER,2956.97,C6557907251,67726.33,64769.36,C6110943464,0.0,2956.97,0,0.0033333333333333335,0
605,TRANSFER,345.33,C4037867512,1278.4,933.07,C7465834732,0.0,345.33,0,0.07333333333333333,0
564,PAYMENT,599.83,C8689593739,1654.81,1054.98,M1199447370,0.0,0.0,0,0.0,0
576,PAYMENT,13927.38,C6944371787,72336.91,58409.53,M2655546199,0.0,0.0,0,0.0,0
542,PAYMENT,1205.32,C1862812038,156104.33,154899.01,M1692044390,0.0,0.0,0,0.0,0
197,PAYMENT,2602.75,C5667181604,3337.47,734.72,M9576264323,0.0,0.0,0,0.0,0
522,CASH_OUT,62606.66,C7389111087,80047.11,17440.45,M8910440683,0.0,0.0,1,0.016666666666666666,0
2,TRANSFER,394.58,C7465834732,345.33,0.0,C5612645121,128972.17,129366.75,1,0.006666666666666667,0
57,TRANSFER,137880.78,C6611356986,186172.65,48291.87,C9863781331,298566.43,436447.21,1,0.0,0
627,CASH_IN,188.56,C4345526911,128766.24,128954.8,C1470939445,158293.25,158293.25,0,0.0,0
68,PAYMENT,97.82,C4558302256,136019.74,135921.92,M7713758036,0.0,0.0,0,0.0,0
645,CASH_OUT,1.0,C5923940434,0.0,0.0,C6009268066,131584.25,131584.25,0,0.0,0
645,CASH_OUT,75460.49,C6952291828,177040.55,101580.06,C5187948804,159619.65,159619.65,0,0.0,0
643,TRANSFER,6009.56,C4102872611,8483.18,2473.62,C8584566722,4392.27,4392.27,1,0.03,0
454,PAYMENT,19128.93,C2274350418,41747.62,22618.69,M9441870024,0.0,0.0,0,0.0,0
413,PAYMENT,2399.16,C6204041308,3448.92,1049.76,M3580582653,0.0,0.0,0,0.0,0
569,CASH_OUT,71214.02,C6562144159,134560.37,63346.35,C2745958114,80325.98,80325.98,0,0.0,0
486,DEBIT,22762.15,C6458544482,129516.39,106754.24,M3119908041,0.0,0.0,0,0.02,0
617,CASH_OUT,193116.91,C2970753705,186169.76,0.0,C3464975279,36.87,36.87,1,0.2633333333333333,0
200,CASH_OUT,51741.7,C8982597239,60368.33,8626.63,M9020002737,0.0,0.0,1,0.0,0
176,TRANSFER,73677.57,C3109688769,63319.54,0.0,M8778927211,0.0,0.0,1,0.8133333333333334,1
210,DEBIT,186.71,C6065662867,29707.74,29521.03,M1908459040,0.0,0.0,0,0.006666666666666667,0
168,TRANSFER,125.82,C5293274004,131.52,5.7,M5380159400,0.0,0.0,1,0.15666666666666668,0
136,TRANSFER,23249.4,C5724657556,171393.54,148144.14,C2879792991,3297.9,26547.3,0,0.0,0
195,TRANSFER,147673.21,C1613549255,177428.01,29754.8,M7969674420,0.0,0.0,1,0.26666666666666666,0
173,PAYMENT,1692.77,C4070964768,185345.94,183653.17,M6053489772,0.0,0.0,0,0.0,0
45,PAYMENT,1.0,C7534583219,1.0,0.0,M5412437658,0.0,0.0,0,0.0,0
210,CASH_OUT,592.3,C7004510516,661.22,68.92,C1225447588,42171.35,42171.35,0,0.0,0
475,PAYMENT,20570.66,C2183906581,88114.97,67544.31,M4689605624,0.0,0.0,0,0.0,0
77,CASH_OUT,16662.38,C6704841644,16754.59,92.21,M7717262223,0.0,0.0,1,0.006666666666666667,0
105,PAYMENT,518.57,C8791183272,17050.98,16532.41,M6845287382,0.0,0.0,0,0.0,0
560,CASH_OUT,4059.16,C6504099682,7681.28,3622.12,C2073108894,47565.16,47565.16,0,0.006666666666666667,0
437,PAYMENT,1113.68,C4026379752,2754.54,1640.86,M2243802345,0.0,0.0,0,0.0,0
118,PAYMENT,3487.34,C8570850267,191325.39,187838.05,M4158643786,0.0,0.0,0,0.0,0
347,TRANSFER,22905.4,C8001729836,20960.21,0.0,C8229344434,157348.66,157348.66,1,0.0,0
652,TRANSFER,39484.09,C3319936135,89053.31,49569.22,C4098389895,14171.32,53655.41,0,0.0,0
63,DEBIT,11777.01,C7818568548,40386.4,28609.39,M3438830691,0.0,0.0,0,0.016666666666666666,0
151,PAYMENT,2909.26,C9420979586,198866.59,195957.33,M4865979921,0.0,0.0,0,0.0,0
148,CASH_OUT,11727.08,C8331319481,13573.87,1846.79,C9744120054,113307.96,113307.96,1,0.0,0
403,TRANSFER,18042.47,C9786748825,199359.1,181316.63,C3951331472,7494.22,25536.69,0,0.0,0
459,TRANSFER,3095.53,C3738900744,8263.69,5168.16,C4602080228,115156.66,118252.19,0,0.0,0
75,CASH_OUT,54558.68,C7539399243,179435.06,124876.38,C3849232839,81789.88,81789.88,0,0.0,0
582,PAYMENT,446.5,C6910112521,743.3,296.8,M7664045502,0.0,0.0,0,0.0,0
699,TRANSFER,131764.65,C5903457537,135370.51,3605.86,M8030400668,0.0,0.0,1,0.3466666666666667,0
163,CASH_OUT,356684.42,C4820055862,303380.47,0.0,M8144352013,0.0,0.0,1,0.04666666666666667,0
236,TRANSFER,34444.05,C1421776124,47935.17,13491.12,C3438771483,106789.54,141233.59,0,0.0,0
520,TRANSFER,19348.61,C6218955985,23183.05,3834.44,C3197757742,101337.01,120685.62,0,0.0,0
625,TRANSFER,1259.65,C2072355594,2337.46,1077.81,C4993808565,172473.52,173733.17,0,0.006666666666666667,0
559,CASH_IN,99.77,C1430073711,111162.77,111262.54,C3623588379,3276.03,3276.03,0,0.0,0
671,PAYMENT,19595.88,C7845366946,186608.08,167012.2,M2228388623,0.0,0.0,0,0.0,0
412,PAYMENT,9.3,C4927019611,7866.24,7856.94,M5959736235,0.0,0.0,0,0.0,0
631,PAYMENT,12114.49,C4311931853,65129.02,53014.53,M3094407076,0.0,0.0,0,0.0,0
680,PAYMENT,3053.33,C4752171298,113448.78,110395.45,M6786043791,0.0,0.0,0,0.0,0
154,TRANSFER,23703.99,C7316122432,28417.5,4713.51,C2756070122,158705.76,182409.75,0,0.0,0
133,TRANSFER,152.73,C7896596272,6340.86,6188.13,C7568861677,72892.61,73045.34,0,0.0,0
659,TRANSFER,850.7,C9697354961,1195.21,344.51,C8084809436,105689.24,106539.94,0,0.006666666666666667,0
244,TRANSFER,66601.22,C6287793163,78276.96,11675.74,C2867302554,142496.99,209098.21,0,0.0,0
400,TRANSFER,57890.48,C9943959352,73965.61,16075.13,C6642266247,170289.05,228179.53,0,0.0,0
32,PAYMENT,547.45,C4734111722,139191.7,138644.25,M8030400668,0.0,0.0,0,0.0,0
351,PAYMENT,3207.33,C5010075517,160021.01,156813.68,M2695447268,0.0,0.0,0,0.0,0
608,PAYMENT,616.53,C6797174636,87933.17,87316.64,M9398575277,0.0,0.0,0,0.0,0
253,PAYMENT,17338.09,C3400244542,108532.16,91194.07,M2418407139,0.0,0.0,0,0.0,0
401,PAYMENT,6608.92,C2095286033,111965.0,105356.08,M3072183247,0.0,0.0,0,0.0,0
587,PAYMENT,96.5,C6065662867,29521.03,29424.53,M3469205576,0.0,0.0,0,0.0,0
697,PAYMENT,12226.35,C4325878813,128510.42,116284.07,M7960713821,0.0,0.0,0,0.0,0
495,CASH_OUT,57621.92,C9771848610,73316.99,15695.07,M5714658227,0.0,0.0,1,0.013333333333333334,0
227,PAYMENT,166.54,C8933377472,65710.69,65544.15,M2115406331,0.0,0.0,0,0.0,0
517,TRANSFER,143129.64,C5364727160,139923.92,0.0,C2789144223,93079.31,93079.31,1,0.023333333333333334,0
396,TRANSFER,161.94,C6488854841,286.2,124.26,C7369118672,21287.95,21449.89,0,0.0,0
697,TRANSFER,94291.15,C6756332150,93210.82,0.0,M3072183247,0.0,0.0,1,0.9666666666666667,1
525,PAYMENT,20506.92,C1036351450,136297.64,115790.72,M7351460539,0.0,0.0,0,0.0,0
614,PAYMENT,7599.28,C8178361487,179302.48,171703.2,M3636366799,0.0,0.0,0,0.0,0
276,PAYMENT,3231.73,C9660523876,165768.83,162537.1,M5985331805,0.0,0.0,0,0.0,0
91,PAYMENT,744.19,C6628158856,749.68,5.49,M1458227039,0.0,0.0,0,0.0,0
222,PAYMENT,16049.74,C1197092148,64008.69,47958.95,M2869931869,0.0,0.0,0,0.0,0
488,CASH_IN,91508.47,C2094024844,51889.37,143397.84,C6313758032,181432.49,181432.49,0,0.0,0
459,PAYMENT,1.0,C8001729836,0.0,0.0,M6558769264,0.0,0.0,0,0.0,0
659,PAYMENT,16.85,C5899025962,115052.74,115035.89,M4896576569,0.0,0.0,0,0.0,0
363,CASH_OUT,6977.29,C9255898264,7253.95,276.66,M3457877922,0.0,0.0,1,0.013333333333333334,0
620,PAYMENT,1.0,C9272277508,0.0,0.0,M7230477043,0.0,0.0,0,0.0,0
527,CASH_OUT,3687.43,C5150090143,20622.86,16935.43,C4662861038,182638.37,182638.37,0,0.0,0
141,TRANSFER,1677.53,C3623588379,3276.03,1598.5,C1160913827,50602.49,52280.02,0,0.0,0
333,TRANSFER,1.0,C4046558332,0.0,0.0,C6089026099,151261.35,151262.35,0,0.0,0
287,TRANSFER,2850.59,C5868640848,2392.28,0.0,M7960713821,0.0,0.0,1,0.79,1
287,PAYMENT,23090.93,C1459442845,210509.09,187418.16,M5380159400,0.0,0.0,0,0.0,0
325,CASH_OUT,3250.82,C5819946657,7588.17,4337.35,C1322401182,19248.02,19248.02,0,0.0,0
630,CASH_IN,23201.86,C9249923427,41080.24,64282.1,C4012917912,65261.28,65261.28,0,0.0,0
341,TRANSFER,169744.13,C7825844140,154199.19,0.0,M7664045502,0.0,0.0,1,0.9566666666666667,1
236,CASH_OUT,8378.96,C3849232839,81789.88,73410.92,C3396953414,24455.37,24455.37,0,0.0,0
659,DEBIT,1.0,C9136780852,0.0,0.0,M1096405016,0.0,0.0,0,0.05333333333333334,0
71,TRANSFER,195566.54,C7305101214,192352.54,0.0,M9918338001,0.0,0.0,1,0.97,1
187,PAYMENT,6052.94,C9259157845,105078.25,99025.31,M2604788242,0.0,0.0,0,0.0,0
393,TRANSFER,2818.77,C7527316141,215813.67,212994.9,C9856756553,138055.67,140874.44,0,0.0,0
707,PAYMENT,4247.58,C6582557981,10125.31,5877.73,M1306420495,0.0,0.0,0,0.0,0
424,CASH_OUT,48741.15,C9957643727,46338.84,0.0,M9255306810,0.0,0.0,1,0.10333333333333333,0
295,CASH_OUT,1677.38,C4928783441,2132.89,455.51,C7829772942,11932.96,11932.96,1,0.0,0
109,PAYMENT,727.2,C6305160342,71419.57,70692.37,M9410569618,0.0,0.0,0,0.0,0
147,TRANSFER,1438.14,C2311597141,5888.27,4450.13,C8160279830,127318.45,128756.59,0,0.0,0
9,TRANSFER,1.0,C4046558332,0.0,0.0,C7199283151,130655.38,130656.38,0,0.0,0
567,PAYMENT,3405.25,C3294092753,66713.93,63308.68,M9098037639,0.0,0.0,0,0.0,0
90,PAYMENT,4976.21,C2950049698,12059.78,7083.57,M3322580659,0.0,0.0,0,0.0,0
329,TRANSFER,10052.29,C8663837890,13091.76,3039.47,C3978287288,171394.75,181447.04,1,0.0,0
585,PAYMENT,5706.77,C4026816435,195111.18,189404.41,M9021793855,0.0,0.0,0,0.0,0
686,PAYMENT,1094.23,C8086684009,176169.45,175075.22,M5734228580,0.0,0.0,0,0.0,0
105,TRANSFER,32781.59,C9263135031,108270.77,75489.18,C9911329062,188801.91,221583.5,0,0.0,0
124,PAYMENT,712.43,C5945359606,55569.76,54857.33,M5570190774,0.0,0.0,0,0.0,0
223,TRANSFER,56624.19,C7638836058,63297.99,6673.8,C5829062179,29030.48,85654.67,0,0.0,0
334,CASH_OUT,1112.23,C5036200310,1227.67,115.44,M6763471833,0.0,0.0,1,0.013333333333333334,0
104,CASH_OUT,61527.09,C8086684009,175075.22,113548.13,C4073772623,0.0,0.0,0,0.0,0
656,TRANSFER,1.0,C2465576748,0.0,0.0,C6369130994,90893.76,90894.76,0,0.0,0
373,PAYMENT,751.4,C1457632732,156906.79,156155.39,M2243802345,0.0,0.0,0,0.0,0
570,PAYMENT,12314.58,C7625464411,34914.44,22599.86,M7861571879,0.0,0.0,0,0.0,0
475,DEBIT,31301.57,C4735334423,104129.82,72828.25,M7570511906,0.0,0.0,0,0.016666666666666666,0
297,CASH_OUT,51349.3,C5976777081,51930.69,581.39,M3469205576,0.0,0.0,1,0.0,0
511,CASH_OUT,1511.88,C8331319481,1846.79,334.91,C8208643631,138767.19,138767.19,0,0.0033333333333333335,0
597,PAYMENT,72.7,C7196439534,131386.35,131313.65,M1306420495,0.0,0.0,0,0.0,0
57,TRANSFER,48816.81,C3362657890,55285.32,6468.51,C3520417815,26760.89,75577.7,0,0.0,0
116,TRANSFER,170552.53,C9019515562,145074.79,0.0,C6628158856,5.49,5.49,1,0.8266666666666667,1
532,TRANSFER,56706.69,C9249923427,64282.1,7575.41,M9921025990,0.0,0.0,1,0.30333333333333334,0
56,PAYMENT,1350.54,C6566372886,109664.83,108314.29,M6866146362,0.0,0.0,0,0.0,0
568,CASH_OUT,9284.92,C9943959352,16075.13,6790.21,C6638034087,70711.19,70711.19,0,0.0,0
583,TRANSFER,56052.03,C4012917912,65261.28,9209.25,C6098775210,145570.67,201622.7,0,0.0,0
684,PAYMENT,3228.4,C8584566722,4392.27,1163.87,M2773408660,0.0,0.0,0,0.0,0
63,DEBIT,1482.53,C7002076563,6737.53,5255.0,M7664045502,0.0,0.0,0,0.013333333333333334,0
285,PAYMENT,15926.23,C8257484586,87862.6,71936.37,M8102481401,0.0,0.0,0,0.0,0
588,PAYMENT,22544.61,C4586784711,94909.63,72365.02,M8740820392,0.0,0.0,0,0.0,0
585,CASH_OUT,1.0,C2970753705,0.0,0.0,C6663846005,176409.73,176409.73,0,0.0,0
601,TRANSFER,5725.45,C4712367625,55191.43,49465.98,C7193532615,59665.42,65390.87,0,0.0,0
284,CASH_OUT,6494.38,C5686850445,18702.36,12207.98,C7249213370,0.0,0.0,0,0.0033333333333333335,0
6,CASH_IN,65627.34,C4696689457,34763.58,100390.92,C4776677517,186738.13,186738.13,0,0.0,0
512,TRANSFER,73551.27,C5748253283,94847.85,21296.58,C7568980185,24359.04,97910.31,1,0.0,0
213,CASH_OUT,104415.07,C3887823121,115368.66,10953.59,C4706249669,91185.31,91185.31,1,0.0,0
143,TRANSFER,31431.65,C6837342064,41556.76,10125.11,C1361845490,190056.66,190056.66,1,0.0,0
133,PAYMENT,4242.41,C7838460497,143964.24,139721.83,M3313346852,0.0,0.0,0,0.0,0
352,DEBIT,8722.55,C2389803385,25031.45,16308.9,M7750131975,0.0,0.0,0,0.016666666666666666,0
638,PAYMENT,666.88,C8761956684,77318.39,76651.51,M9581187661,0.0,0.0,0,0.0,0
390,TRANSFER,13167.73,C3815287619,15353.19,2185.46,C7845366946,167012.2,180179.93,0,0.0,0
309,PAYMENT,549.02,C9420979586,195957.33,195408.31,M8548290298,0.0,0.0,0,0.0,0
93,CASH_OUT,107393.25,C1290050198,139416.42,32023.17,C3598862507,18106.6,18106.6,1,0.0,0
9,PAYMENT,1.75,C3799264931,3.63,1.88,M1413599241,0.0,0.0,0,0.0,0
18,TRANSFER,22009.11,C4706249669,91185.31,69176.2,C1383539822,205855.05,227864.16,0,0.0,0
359,CASH_OUT,103768.34,C2699887270,185701.65,81933.31,C8274219704,133517.28,133517.28,0,0.0,0
671,CASH_OUT,61904.7,C1399546384,81016.31,19111.61,M8728631945,0.0,0.0,1,0.013333333333333334,0
509,CASH_OUT,35156.35,C4419410162,264682.29,229525.94,C9611537583,187394.46,187394.46,0,0.0,0
146,TRANSFER,144416.71,C8325222092,163488.4,19071.69,M1083302600,0.0,0.0,1,0.25333333333333335,0
134,CASH_OUT,152336.75,C1664885408,139853.36,0.0,M2391874847,0.0,0.0,1,0.016666666666666666,0
494,PAYMENT,4958.7,C2293434554,93139.07,88180.37,M7570511906,0.0,0.0,0,0.0,0
571,PAYMENT,4172.17,C3828935922,35264.76,31092.59,M2541015125,0.0,0.0,0,0.0,0
88,CASH_OUT,7751.46,C8110054933,123728.97,115977.51,C3758823240,140444.38,140444.38,0,0.0,0
130,TRANSFER,1466.64,C6844582171,9231.92,7765.28,C9461708554,2744.25,4210.89,0,0.0,0
328,CASH_OUT,5204.54,C2224363672,5097.39,0.0,C2268523764,90929.99,90929.99,1,0.016666666666666666,0
293,CASH_OUT,21603.21,C6884882440,23929.92,2326.71,M9640701016,0.0,0.0,1,0.0033333333333333335,0
656,PAYMENT,8824.74,C2549748436,180870.8,172046.06,M5000316394,0.0,0.0,0,0.0,0
380,TRANSFER,12643.49,C7560389844,84725.84,72082.35,C5485387618,4639.09,17282.58,0,0.0,0
177,PAYMENT,315.58,C8109891300,35859.46,35543.88,M6284297249,0.0,0.0,0,0.0,0
258,PAYMENT,51.15,C6317189421,144200.71,144149.56,M2156184315,0.0,0.0,0,0.0,0
122,TRANSFER,69.77,C7517938612,6472.09,6402.32,C6469318275,53971.74,54041.51,0,0.0,0
423,PAYMENT,13805.88,C8084809436,106539.94,92734.06,M9444143872,0.0,0.0,0,0.0,0
93,PAYMENT,2.81,C4888749350,18763.04,18760.23,M7948094928,0.0,0.0,0,0.0,0
100,TRANSFER,2996.41,C5992908271,192116.26,189119.85,C1104906255,69586.04,72582.45,0,0.0,0
32,PAYMENT,4605.05,C1590838716,7233.75,2628.7,M2541015125,0.0,0.0,0,0.0,0
201,PAYMENT,41.47,C4877520294,108743.66,108702.19,M3517195150,0.0,0.0,0,0.0,0
235,CASH_IN,9680.21,C5381866906,11026.54,20706.75,C9798613995,108913.47,108913.47,0,0.0,0
544,PAYMENT,541.13,C2774884818,4254.96,3713.83,M8667946580,0.0,0.0,0,0.0,0
202,TRANSFER,72776.19,C9263135031,75489.18,2712.99,C4508521152,28311.37,28311.37,1,0.0033333333333333335,0
437,TRANSFER,2943.33,C1643611097,4740.09,1796.76,C5774080233,38593.06,41536.39,0,0.006666666666666667,0
342,TRANSFER,28933.6,C3962452613,32102.43,3168.83,C3951331472,25536.69,25536.69,1,0.0,0
451,CASH_OUT,32335.71,C7016293621,178268.58,145932.87,C6868336102,0.0,0.0,0,0.01,0
153,CASH_OUT,146975.0,C4039019230,140011.04,0.0,C2178884276,33009.72,33009.72,1,0.03333333333333333,0
33,TRANSFER,118537.15,C1707196784,100239.4,0.0,M5815678365,0.0,0.0,1,0.9,1
26,CASH_OUT,62301.75,C2811967841,167038.67,104736.92,C3214080278,146762.91,146762.91,0,0.0,0
683,DEBIT,26476.87,C3361388464,110904.06,84427.19,M9065458220,0.0,0.0,0,0.02,0
269,TRANSFER,1.0,C1664885408,0.0,0.0,C7664258343,23637.42,23638.42,0,0.0,0
717,TRANSFER,1.57,C5358791907,35483.85,35482.28,C4427620889,10349.33,10350.9,0,0.0,0
256,CASH_OUT,4168.35,C4627032705,153513.03,149344.68,C6504099682,3622.12,3622.12,0,0.0,0
262,TRANSFER,1.0,C4972536230,0.0,0.0,C7958672456,142.62,143.62,0,0.05,0
509,PAYMENT,15765.38,C7209571615,23213.02,7447.64,M2129491690,0.0,0.0,0,0.0,0
664,CASH_OUT,13943.14,C8575707116,15646.92,1703.78,M1692044390,0.0,0.0,1,0.016666666666666666,0
300,TRANSFER,108.8,C5036200310,115.44,6.64,M9921025990,0.0,0.0,1,0.16333333333333333,0
497,PAYMENT,13756.24,C6329323383,27061.33,13305.09,M1811839103,0.0,0.0,0,0.0,0
448,CASH_OUT,82056.34,C5913767020,82256.99,200.65,C5439176290,117061.01,117061.01,1,0.006666666666666667,0
117,PAYMENT,11822.97,C9786748825,181316.63,169493.66,M2586712032,0.0,0.0,0,0.0,0
271,TRANSFER,172577.64,C1660370908,184845.02,12267.38,M2136107759,0.0,0.0,1,0.2833333333333333,0
554,PAYMENT,6015.95,C8598503901,8648.99,2633.04,M3208200227,0.0,0.0,0,0.0,0
676,TRANSFER,211466.44,C3978287288,181447.04,0.0,C1417436465,12042.4,12042.4,1,0.14,0
86,CASH_OUT,35738.77,C5183211669,35819.83,81.06,C9411532909,28988.25,28988.25,1,0.01,0
599,PAYMENT,23699.63,C8737025391,76497.39,52797.76,M4588312351,0.0,0.0,0,0.0,0
23,TRANSFER,11279.66,C5870268582,12590.98,1311.32,C6134840512,50414.57,61694.23,0,0.0,0
521,TRANSFER,5908.39,C6882074066,6568.52,660.13,C2308638549,158182.55,158182.55,1,0.0033333333333333335,0
548,CASH_OUT,98776.47,C7801948900,112498.42,13721.95,C2914126243,3981.75,3981.75,1,0.0033333333333333335,0
239,PAYMENT,4060.2,C6937704752,55276.71,51216.51,M6313472215,0.0,0.0,0,0.0,0
12,PAYMENT,6447.99,C1470939445,158293.25,151845.26,M9288057824,0.0,0.0,0,0.0,0
429,PAYMENT,17130.47,C7597996327,73105.17,55974.7,M3811254192,0.0,0.0,0,0.0,0
390,PAYMENT,13852.28,C9868845806,166550.92,152698.64,M9021793855,0.0,0.0,0,0.0,0
685,CASH_OUT,68698.31,C8730507757,69028.61,330.3,M7192742877,0.0,0.0,1,0.03666666666666667,0
615,TRANSFER,36817.85,C9305502799,50667.15,13849.3,C5418232833,400.35,37218.2,0,0.0,0
402,CASH_IN,29452.04,C8791183272,16532.41,45984.45,C6613888489,2426.18,2426.18,0,0.0,0
651,CASH_OUT,1334.68,C6307626407,1609.35,274.67,M4522855590,0.0,0.0,1,0.02666666666666667,0
595,PAYMENT,19807.95,C6317189421,144149.56,124341.61,M3317856944,0.0,0.0,0,0.0,0
658,CASH_OUT,123034.51,C7904559790,141965.06,18930.55,M5734228580,0.0,0.0,1,0.013333333333333334,0
110,PAYMENT,588.0,C8906163641,149880.61,149292.61,M3145756342,0.0,0.0,0,0.0,0
656,CASH_OUT,77604.35,C9403748506,69441.92,0.0,C1644608746,26766.71,26766.71,1,0.11333333333333333,0
560,TRANSFER,136709.09,C2369705770,147549.57,10840.48,M6820149016,0.0,0.0,1,0.32666666666666666,0
67,PAYMENT,3078.9,C2683446724,93375.18,90296.28,M1908459040,0.0,0.0,0,0.0,0
164,PAYMENT,8235.56,C2389803385,16308.9,8073.34,M8643636805,0.0,0.0,0,0.0,0
556,PAYMENT,2070.1,C5077921573,2640.44,570.34,M4399143287,0.0,0.0,0,0.0,0
273,TRANSFER,68411.55,C4506639908,131278.93,62867.38,C4880176825,122626.86,191038.41,0,0.0,0
447,CASH_OUT,46619.77,C6517150278,43308.91,0.0,M1504729135,0.0,0.0,1,0.1,0
590,TRANSFER,82113.08,C6792661894,111426.42,29313.34,M3094407076,0.0,0.0,1,0.29,0
116,CASH_OUT,20840.89,C2745958114,80325.98,59485.09,C4566852761,142409.5,142409.5,0,0.0,0
615,PAYMENT,11942.02,C4594787485,12381.95,439.93,M4211837506,0.0,0.0,0,0.0,0
111,TRANSFER,73165.82,C5407856339,61457.73,0.0,M3660800029,0.0,0.0,1,0.7966666666666666,1
261,TRANSFER,115702.91,C2916728422,136303.36,20600.45,C1741134891,187292.62,302995.53,0,0.0,0
718,CASH_OUT,61306.36,C8178927766,64683.08,3376.72,M7713758036,0.0,0.0,1,0.02,0
632,CASH_OUT,150400.26,C3615507143,179732.61,29332.35,M4242579642,0.0,0.0,1,0.013333333333333334,0
427,PAYMENT,19662.38,C3420671425,298288.41,278626.03,M8144889126,0.0,0.0,0,0.0,0
67,PAYMENT,7350.43,C5064162365,120020.42,112669.99,M1783432867,0.0,0.0,0,0.0,0
560,TRANSFER,99923.85,C2424706705,173154.75,73230.9,C7246858055,93789.52,193713.37,0,0.0,0
411,TRANSFER,765.31,C3476426797,115670.72,114905.41,C8480622107,18625.26,19390.57,0,0.0,0
278,CASH_OUT,1.0,C5659161352,0.0,0.0,C2836553621,20312.99,20312.99,0,0.0033333333333333335,0
190,TRANSFER,2637.32,C2914126243,3981.75,1344.43,C7004964045,0.0,2637.32,0,0.0,0
552,DEBIT,6509.41,C2579206999,153949.95,147440.54,M8626371177,0.0,0.0,0,0.02,0
634,PAYMENT,7181.89,C7100408092,184539.08,177357.19,M6199197408,0.0,0.0,0,0.0,0
706,PAYMENT,23854.01,C3260842187,61338.37,37484.36,M3469205576,0.0,0.0,0,0.0,0
676,TRANSFER,157592.89,C4239406957,150990.63,0.0,M3811254192,0.0,0.0,1,0.9766666666666667,1
370,TRANSFER,3955.31,C1785418196,5379.97,1424.66,M6866146362,0.0,0.0,1,0.21666666666666667,0
700,PAYMENT,3987.38,C3362657890,6468.51,2481.13,M1783432867,0.0,0.0,0,0.0,0
405,TRANSFER,2605.75,C8598503901,2633.04,27.29,M9410569618,0.0,0.0,1,0.4266666666666667,0
614,CASH_OUT,10541.93,C4700855390,10278.15,0.0,M6606958660,0.0,0.0,1,0.19,0
140,TRANSFER,1125.28,C5151086814,969.86,0.0,C7845366946,180179.93,180179.93,1,0.0,0
699,CASH_OUT,2652.42,C6496933442,5040.88,2388.46,C3906611156,13645.73,13645.73,0,0.006666666666666667,0
510,PAYMENT,455.83,C5512036684,66717.61,66261.78,M2121448210,0.0,0.0,0,0.0,0
319,CASH_OUT,19207.09,C3975418439,31845.24,12638.15,C2327372855,60782.88,60782.88,0,0.0033333333333333335,0
30,CASH_OUT,1007.46,C8503368512,2756.01,1748.55,C1139082827,95208.14,95208.14,0,0.0,0
519,PAYMENT,7109.33,C6698759353,14899.66,7790.33,M8643636805,0.0,0.0,0,0.0,0
415,CASH_OUT,4846.24,C4345526911,128954.8,124108.56,C8235717104,118354.33,118354.33,0,0.0,0
429,PAYMENT,2395.48,C7418301077,3669.9,1274.42,M3145756342,0.0,0.0,0,0.0,0
356,TRANSFER,131212.06,C8390631634,165385.91,34173.85,M5815678365,0.0,0.0,1,0.26666666666666666,0
302,CASH_OUT,11536.49,C9704383251,12283.55,747.06,C3412273600,88999.65,88999.65,1,0.0,0
319,CASH_OUT,1.0,C8942167666,0.0,0.0,C1311570307,399.17,399.17,0,0.03333333333333333,0
182,CASH_OUT,55693.42,C4712367625,49465.98,0.0,C7640078465,0.0,0.0,1,0.01,0
258,TRANSFER,3.7,C6804850108,118432.63,118428.93,C8507497883,15991.36,15995.06,0,0.0,0
550,TRANSFER,87883.86,C4180599722,92776.22,4892.36,M6053489772,0.0,0.0,1,0.32,0
201,PAYMENT,4192.36,C3343459102,131865.43,127673.07,M7270955446,0.0,0.0,0,0.0,0
14,PAYMENT,1.0,C4239406957,0.0,0.0,M3965860354,0.0,0.0,0,0.0,0
654,PAYMENT,20786.43,C8203447752,107682.46,86896.03,M4093474499,0.0,0.0,0,0.0,0
55,TRANSFER,27075.35,C1276905285,29589.19,2513.84,M4601406440,0.0,0.0,1,0.25666666666666665,0
396,TRANSFER,19905.19,C7915226263,141353.06,121447.87,C8189916797,3044.67,22949.86,0,0.0,0
651,TRANSFER,12823.74,C5118430494,16785.91,3962.17,C1484664056,98344.36,98344.36,1,0.0033333333333333335,0
712,TRANSFER,21393.61,C2268523764,90929.99,69536.38,C7248258423,40738.12,62131.73,0,0.0,0
275,TRANSFER,106853.92,C6443749394,120914.65,14060.73,C9333490239,0.0,0.0,1,0.28,0
347,CASH_OUT,705.08,C4631048029,80124.86,79419.78,C2419931729,3639.07,3639.07,0,0.0,0
144,PAYMENT,1586.41,C8418332121,99883.38,98296.97,M9441870024,0.0,0.0,0,0.0,0
551,CASH_OUT,65257.26,C2317723211,87000.41,21743.15,C9661615016,64940.08,64940.08,0,0.0,0
87,DEBIT,28.95,C7004510516,68.92,39.97,M1694904767,0.0,0.0,0,0.02,0
657,PAYMENT,660.68,C5515628633,161112.46,160451.78,M8910440683,0.0,0.0,0,0.0,0
569,TRANSFER,11079.21,C1124331395,23814.85,12735.64,C5871743247,65560.83,76640.04,0,0.0,0
13,PAYMENT,8328.78,C1383539822,227864.16,219535.38,M2586712032,0.0,0.0,0,0.0,0
397,CASH_OUT,397.68,C6299224734,1150.11,752.43,C9919491730,184727.35,184727.35,0,0.0033333333333333335,0
396,CASH_OUT,96846.47,C6904897514,165978.7,69132.23,C5943324387,46242.78,46242.78,0,0.0,0
516,PAYMENT,2196.91,C5856127658,118506.33,116309.42,M4522855590,0.0,0.0,0,0.0,0
236,PAYMENT,5799.9,C1378134712,153599.91,147800.01,M1802753761,0.0,0.0,0,0.0,0
406,TRANSFER,523.2,C1067198189,185717.26,185194.06,C3806215682,28256.68,28779.88,0,0.0,0
436,PAYMENT,20650.81,C7805633786,171082.21,150431.4,M2187592160,0.0,0.0,0,0.0,0
369,TRANSFER,112944.12,C9033653743,116733.27,3789.15,M8768773991,0.0,0.0,1,0.29333333333333333,0
68,TRANSFER,117183.34,C3893976444,279905.99,162722.65,C9924456994,0.0,117183.34,0,0.0,0
110,CASH_OUT,288310.81,C3420671425,278626.03,0.0,C7536876169,150.75,150.75,1,0.06,0
611,TRANSFER,72985.77,C7154795660,88175.99,15190.22,C4203205881,179979.44,179979.44,1,0.0,0
396,TRANSFER,14052.58,C6171239466,17962.97,3910.39,C7103588071,0.0,14052.58,0,0.0,0
708,PAYMENT,7507.62,C2394868732,56092.01,48584.39,M1122712790,0.0,0.0,0,0.0,0
137,PAYMENT,10737.92,C7872090713,13921.83,3183.91,M2778069478,0.0,0.0,0,0.0,0
260,PAYMENT,13187.26,C1955345537,60066.79,46879.53,M2243802345,0.0,0.0,0,0.0,0
391,PAYMENT,16665.11,C5646751885,19550.68,2885.57,M4211837506,0.0,0.0,0,0.0,0
665,TRANSFER,115830.42,C9470922075,105667.88,0.0,M2228388623,0.0,0.0,1,0.8866666666666667,1
116,TRANSFER,25469.68,C9837912162,139377.94,113908.26,C2867302554,209098.21,234567.89,0,0.0,0
161,TRANSFER,1.0,C2304963614,0.0,0.0,C7022683808,153741.46,153742.46,0,0.0,0
592,PAYMENT,27.94,C9421518487,40760.27,40732.33,M3457877922,0.0,0.0,0,0.0,0
120,TRANSFER,1489.96,C1785418196,1424.66,0.0,M4865979921,0.0,0.0,1,0.36666666666666664,0
445,PAYMENT,17092.74,C2867302554,234567.89,217475.15,M4641902461,0.0,0.0,0,0.0,0
612,TRANSFER,39944.11,C5175416378,41733.26,1789.15,C5100282913,159980.77,199924.88,0,0.0,0
396,TRANSFER,1524.17,C9019515562,2041.84,517.67,C6754503097,1862.2,3386.37,1,0.0033333333333333335,0
241,PAYMENT,9403.4,C1722124509,41034.28,31630.88,M8643636805,0.0,0.0,0,0.0,0
88,CASH_OUT,11811.97,C1659663750,17263.74,5451.77,C8691288568,126955.1,126955.1,0,0.0,0
564,PAYMENT,18233.79,C4022245086,167021.15,148787.36,M3965860354,0.0,0.0,0,0.0,0
603,TRANSFER,1.87,C8339176912,162214.85,162212.98,C2320763135,14138.89,14140.76,0,0.0,0
18,CASH_OUT,1.79,C3528924461,95053.67,95051.88,C5010075517,156813.68,156813.68,0,0.0,0
286,CASH_IN,24340.76,C1459442845,187418.16,211758.92,C6720572969,49250.46,49250.46,0,0.0,0
77,DEBIT,7924.29,C8763140509,162872.03,154947.74,M6744039057,0.0,0.0,0,0.006666666666666667,0
685,PAYMENT,20070.47,C6464693977,133048.47,112978.0,M5315720088,0.0,0.0,0,0.0,0
403,PAYMENT,11553.89,C9292791081,145262.66,133708.77,M9021793855,0.0,0.0,0,0.0,0
231,PAYMENT,2094.72,C3214080278,146762.91,144668.19,M8030400668,0.0,0.0,0,0.0,0
409,DEBIT,3322.6,C6157617867,6018.38,2695.78,M5067400473,0.0,0.0,0,0.03,0
536,PAYMENT,3903.32,C1736086849,182436.49,178533.17,M3072183247,0.0,0.0,0,0.0,0
562,CASH_OUT,127591.33,C2087974350,129890.28,2298.95,C5025070544,126454.51,126454.51,1,0.0,0
398,CASH_OUT,51545.24,C6168291913,168809.83,117264.59,C6385791669,90177.17,90177.17,0,0.0,0
572,DEBIT,9608.31,C5129478722,161441.17,151832.86,M1185303518,0.0,0.0,0,0.02,0
699,PAYMENT,2708.49,C7699500243,14703.04,11994.55,M1199447370,0.0,0.0,0,0.0,0
380,PAYMENT,17209.97,C2963288053,191100.85,173890.88,M4125758723,0.0,0.0,0,0.0,0
584,PAYMENT,265.58,C4012917912,9209.25,8943.67,M5449848690,0.0,0.0,0,0.0,0
90,TRANSFER,68298.27,C9369574998,57796.81,0.0,M7270955446,0.0,0.0,1,0.7966666666666666,1
573,PAYMENT,23794.1,C9786748825,169493.66,145699.56,M5694439775,0.0,0.0,0,0.0,0
567,CASH_OUT,22249.66,C6362597344,90225.42,67975.76,C3107125807,152845.58,152845.58,0,0.0,0
143,CASH_OUT,45564.01,C7561728644,194736.38,149172.37,C8208584394,16.37,16.37,0,0.0,0
121,PAYMENT,10392.09,C5215140451,10963.29,571.2,M9021793855,0.0,0.0,0,0.0,0
142,PAYMENT,147.08,C4550353803,27050.5,26903.42,M2391874847,0.0,0.0,0,0.0,0
690,TRANSFER,1048.96,C8826851692,33347.45,32298.49,C7895255573,302275.79,303324.75,0,0.0,0
607,PAYMENT,461.35,C1091729577,213225.94,212764.59,M4390543744,0.0,0.0,0,0.0,0
618,PAYMENT,4300.9,C6134840512,61694.23,57393.33,M2391874847,0.0,0.0,0,0.0,0
271,PAYMENT,177.47,C7229869819,32387.18,32209.71,M9020002737,0.0,0.0,0,0.0,0
567,PAYMENT,2024.69,C5898890707,19655.36,17630.67,M2249831874,0.0,0.0,0,0.0,0
518,CASH_OUT,153411.63,C9916336966,173624.19,20212.56,C6237376063,6062.07,6062.07,1,0.0,0
589,TRANSFER,31672.32,C3553440342,27241.01,0.0,C1586412136,3775.27,3775.27,1,0.27666666666666667,0
420,CASH_OUT,2864.08,C9908115095,3412.77,548.69,M5919148165,0.0,0.0,1,0.04,0
182,DEBIT,16947.63,C8287542751,19612.83,2665.2,M1458227039,0.0,0.0,0,0.02,0
287,TRANSFER,119345.15,C4915196257,114268.91,0.0,M7343954769,0.0,0.0,1,0.9466666666666667,1
247,CASH_OUT,71290.99,C3849232839,73410.92,2119.93,C9581991473,137782.29,137782.29,1,0.0,0
383,CASH_OUT,5564.84,C1659663750,5451.77,0.0,M3322580659,0.0,0.0,1,0.13333333333333333,0
61,CASH_OUT,15135.96,C1421776124,13491.12,0.0,C2181241943,197619.47,197619.47,1,0.02,0
112,TRANSFER,1790.41,C7949795085,2353.79,563.38,C6534540349,195155.38,196945.79,0,0.0,0
45,PAYMENT,1.0,C8477300991,0.0,0.0,M1306420495,0.0,0.0,0,0.0,0
205,CASH_OUT,2434.41,C6477862024,3466.33,1031.92,M8458323087,0.0,0.0,1,0.0,0
718,TRANSFER,58971.95,C5751366455,180761.63,121789.68,C5269728610,139130.73,198102.68,0,0.0,0
320,PAYMENT,15757.08,C3465740756,210026.47,194269.39,M3566125120,0.0,0.0,0,0.0,0
145,TRANSFER,1.0,C2479679716,0.0,0.0,C9455610447,56512.07,56513.07,0,0.0,0
423,TRANSFER,6266.85,C1282103057,21860.45,15593.6,C1375899416,50361.61,56628.46,0,0.0033333333333333335,0
91,CASH_OUT,2698.78,C1885113834,150664.33,147965.55,C4471642620,30667.27,30667.27,0,0.0,0
486,TRANSFER,140604.17,C7430757004,129558.51,0.0,M4588312351,0.0,0.0,1,0.9666666666666667,1
37,CASH_OUT,44546.77,C4277561834,49406.34,4859.57,M1999913493,0.0,0.0,1,0.0,0
71,PAYMENT,4063.93,C2476831585,181513.6,177449.67,M3960136787,0.0,0.0,0,0.0,0
537,CASH_OUT,12064.95,C2431779064,23404.01,11339.06,C3843139149,6319.7,6319.7,0,0.0,0
62,PAYMENT,20.78,C3097302637,117210.27,117189.49,M6525576685,0.0,0.0,0,0.0,0
440,TRANSFER,63232.9,C4735334423,72828.25,9595.35,C9954587710,47861.86,111094.76,0,0.0,0
555,TRANSFER,211.53,C5077921573,570.34,358.81,C3836517266,185698.82,185910.35,0,0.0,0
646,PAYMENT,6450.54,C8373547961,13453.96,7003.42,M3580582653,0.0,0.0,0,0.0,0
339,PAYMENT,3748.91,C9327720702,7571.95,3823.04,M9444143872,0.0,0.0,0,0.0,0
460,PAYMENT,441.28,C9660523876,162537.1,162095.82,M3145756342,0.0,0.0,0,0.0,0
579,TRANSFER,257.22,C6910112521,296.8,39.58,C1083651970,37955.17,37955.17,1,0.0,0
110,TRANSFER,177809.29,C4022245086,148787.36,0.0,C5254923696,88143.85,265953.14,1,0.0,0
240,CASH_OUT,169419.42,C7049001493,144716.11,0.0,M1442421654,0.0,0.0,1,0.02,0
704,CASH_OUT,89709.77,C6069848439,123398.62,33688.85,M6275155878,0.0,0.0,1,0.016666666666666666,0
173,PAYMENT,20779.25,C2965164102,27300.3,6521.05,M2115406331,0.0,0.0,0,0.0,0
323,DEBIT,21583.92,C3434757387,194144.81,172560.89,M4588312351,0.0,0.0,0,0.01,0
1,TRANSFER,123678.98,C5010075517,156813.68,33134.7,C2850820685,160421.73,284100.71,0,0.0,0
580,CASH_IN,107624.96,C7887950851,1285.21,108910.17,C6246716604,126940.95,126940.95,0,0.0,0
717,PAYMENT,1.0,C4643576871,0.0,0.0,M7960713821,0.0,0.0,0,0.0,0
188,PAYMENT,4111.12,C8906163641,149292.61,145181.49,M9288057824,0.0,0.0,0,0.0,0
633,PAYMENT,158.36,C9894264595,7359.96,7201.6,M6786043791,0.0,0.0,0,0.0,0
454,CASH_OUT,25179.14,C6469458472,28037.17,2858.03,C3421719519,154066.26,154066.26,0,0.0,0
605,TRANSFER,33186.99,C1805492785,40377.14,7190.15,C7576309274,128757.5,161944.49,0,0.0,0
50,CASH_OUT,192203.68,C1233079614,176912.97,0.0,M5570190774,0.0,0.0,1,0.016666666666666666,0
707,PAYMENT,263.52,C9202102595,97234.47,96970.95,M8727805468,0.0,0.0,0,0.0,0
33,PAYMENT,60.93,C7100408092,177357.19,177296.26,M5412437658,0.0,0.0,0,0.0,0
556,TRANSFER,190179.03,C5033992825,185184.49,0.0,C5036200310,6.64,6.64,1,0.8633333333333333,1
632,CASH_IN,82004.9,C8325222092,19071.69,101076.59,C2928130926,1387.01,1387.01,0,0.0,0
250,TRANSFER,226.39,C2554039848,131733.37,131506.98,C4037867512,933.07,1159.46,0,0.0033333333333333335,0
398,CASH_OUT,86911.05,C5750815980,87895.08,984.03,M2910594463,0.0,0.0,1,0.0033333333333333335,0
408,DEBIT,99.05,C1489726608,167654.09,167555.04,M6101516825,0.0,0.0,0,0.01,0
560,PAYMENT,860.81,C5082603360,987.64,126.83,M6866146362,0.0,0.0,0,0.0,0
491,TRANSFER,154680.18,C8531118333,156126.12,1445.94,C7527316141,212994.9,367675.08,0,0.0,0
224,TRANSFER,41.07,C4096932037,44.53,3.46,C6392415228,23425.32,23466.39,0,0.0,0
384,PAYMENT,4496.93,C1149460439,145953.19,141456.26,M7717262223,0.0,0.0,0,0.0,0
161,PAYMENT,16524.41,C6458544482,106754.24,90229.83,M8727805468,0.0,0.0,0,0.0,0
75,CASH_IN,1686.86,C7757700186,39303.19,40990.05,C6299224734,752.43,752.43,0,0.0,0
401,TRANSFER,67160.13,C6837975356,91927.87,24767.74,M2187592160,0.0,0.0,1,0.24,0
587,PAYMENT,1.0,C5646880148,0.0,0.0,M9752092528,0.0,0.0,0,0.0,0
72,CASH_OUT,175187.55,C3107125807,152845.58,0.0,C1965067727,46863.5,46863.5,1,0.07333333333333333,0
48,PAYMENT,6867.24,C9420979586,195408.31,188541.07,M2243802345,0.0,0.0,0,0.0,0
424,PAYMENT,121.22,C6075963527,56802.71,56681.49,M1096405016,0.0,0.0,0,0.0,0
403,CASH_OUT,4.08,C9715314442,77009.46,77005.38,C3878719791,87676.75,87676.75,0,0.0,0
695,CASH_IN,13446.22,C8394040015,28077.74,41523.96,C5376302686,214153.69,214153.69,0,0.0,0
577,CASH_IN,106876.98,C9503597301,145394.34,252271.32,C7417183769,43227.98,43227.98,0,0.0,0
191,TRANSFER,2199.97,C6336171726,2807.0,607.03,C9514255777,11702.08,13902.05,1,0.0033333333333333335,0
247,CASH_OUT,6.53,C7845366946,180179.93,180173.4,C3532855799,177945.28,177945.28,0,0.0,0
711,TRANSFER,2252.19,C3128675098,2417.33,165.14,M5959736235,0.0,0.0,1,0.30333333333333334,0
611,CASH_OUT,113221.04,C4853479481,101006.63,0.0,M9021793855,0.0,0.0,1,0.17333333333333334,0
564,TRANSFER,75929.93,C4706249669,69176.2,0.0,M5869990861,0.0,0.0,1,0.85,1
176,TRANSFER,4847.74,C4039019230,4567.33,0.0,M1240140248,0.0,0.0,1,0.77,1
580,TRANSFER,51095.84,C8737025391,52797.76,1701.92,M2115862756,0.0,0.0,1,0.34,0
564,CASH_OUT,167124.27,C7767834064,159907.07,0.0,C2877279755,40246.09,40246.09,1,0.10333333333333333,0
708,TRANSFER,157490.16,C8168204967,131657.88,0.0,C5329194647,2816.23,2816.23,1,0.2733333333333333,0
243,CASH_OUT,34.36,C4104309491,137.25,102.89,C8527715219,20465.86,20465.86,0,0.0033333333333333335,0
385,PAYMENT,1.0,C8369792370,0.0,0.0,M8626371177,0.0,0.0,0,0.0,0
522,TRANSFER,47198.42,C5476654128,63100.57,15902.15,C9166381136,15663.3,15663.3,1,0.0,0
173,PAYMENT,559.3,C2181241943,197619.47,197060.17,M3846182436,0.0,0.0,0,0.0,0
219,TRANSFER,46016.11,C9953941533,123872.76,77856.65,C5403510324,85637.4,131653.51,0,0.0,0
679,PAYMENT,1505.45,C4745927824,100434.32,98928.87,M7713758036,0.0,0.0,0,0.0,0
286,CASH_OUT,32182.82,C5115980792,42299.65,10116.83,C9553561889,2552.62,2552.62,0,0.0,0
68,CASH_IN,49194.1,C2099184899,134174.05,183368.15,C1457632732,156155.39,156155.39,0,0.0,0
201,TRANSFER,743.31,C1276905285,2513.84,1770.53,C6081137534,160.47,903.78,0,0.0033333333333333335,0
650,TRANSFER,92060.71,C6558450990,120246.45,28185.74,M1413599241,0.0,0.0,1,0.30666666666666664,0
510,DEBIT,2239.93,C4807122420,57884.3,55644.37,M1908459040,0.0,0.0,0,0.02,0
199,TRANSFER,6759.92,C6698759353,7790.33,1030.41,C5489485517,193433.1,200193.02,1,0.0,0
260,PAYMENT,2397.39,C6894699853,141551.22,139153.83,M2916502228,0.0,0.0,0,0.0,0
610,TRANSFER,262759.38,C6642266247,228179.53,0.0,C7551874474,22309.88,285069.26,1,0.0033333333333333335,0
551,CASH_OUT,179970.56,C8684942020,150560.88,0.0,C2970753705,0.0,0.0,1,0.16666666666666666,0
700,TRANSFER,1.0,C7660157097,0.0,0.0,C6464693977,112978.0,112979.0,0,0.0,0
623,TRANSFER,86995.93,C9953716239,74225.05,0.0,M8235474949,0.0,0.0,1,0.9166666666666666,1
254,CASH_OUT,521.82,C2071552532,38309.5,37787.68,C5140460939,138271.18,138271.18,0,0.0,0
397,PAYMENT,21761.6,C5931025271,85657.96,63896.36,M3831598303,0.0,0.0,0,0.0,0
430,TRANSFER,22.42,C9481076448,47.06,24.64,C3185089287,353099.12,353121.54,0,0.0,0
428,DEBIT,1.0,C8272725281,0.0,0.0,M7664045502,0.0,0.0,0,0.04666666666666667,0
157,TRANSFER,1396.23,C6868336102,1655.34,259.11,C2293434554,88180.37,88180.37,1,0.0,0
261,PAYMENT,3177.67,C3837784389,98071.72,94894.05,M8458323087,0.0,0.0,0,0.0,0
202,TRANSFER,7493.7,C9935429720,189677.7,182184.0,C6894808149,0.0,7493.7,0,0.0,0
427,PAYMENT,1.0,C1045302356,0.0,0.0,M7928143230,0.0,0.0,0,0.0,0
173,PAYMENT,121.44,C7299420031,65623.08,65501.64,M1185303518,0.0,0.0,0,0.0,0
151,CASH_OUT,51039.81,C2645272822,47726.54,0.0,C3875303857,0.0,0.0,1,0.013333333333333334,0
569,PAYMENT,10673.99,C8949781901,34063.93,23389.94,M8058679999,0.0,0.0,0,0.0,0
526,CASH_IN,31648.3,C1065857791,20442.77,52091.07,C4490722186,72212.97,72212.97,0,0.0,0
609,TRANSFER,170610.72,C6098775210,201622.7,31011.98,C7920516981,68715.2,239325.92,0,0.0,0
152,CASH_OUT,94500.8,C7246858055,193713.37,99212.57,C4594787485,439.93,439.93,0,0.0,0
674,TRANSFER,5864.03,C8969097897,11111.71,5247.68,C4102872611,2473.62,8337.65,0,0.0033333333333333335,0
347,DEBIT,27374.62,C6311894154,29416.69,2042.07,M8548290298,0.0,0.0,0,0.023333333333333334,0
192,TRANSFER,8334.5,C5911625145,173298.7,164964.2,C3589530484,96413.27,104747.77,0,0.0,0
252,CASH_OUT,146596.41,C8841851495,178679.62,32083.21,M9918338001,0.0,0.0,1,0.0,0
375,TRANSFER,140.22,C8703867299,189.72,49.5,C9639245200,106596.55,106736.77,0,0.0,0
379,CASH_OUT,3140.13,C9912233947,4445.54,1305.41,C7229869819,32209.71,32209.71,0,0.0,0
512,PAYMENT,12201.23,C5625342041,116267.01,104065.78,M5067400473,0.0,0.0,0,0.0,0
651,PAYMENT,125.05,C5913767020,200.65,75.6,M1676220116,0.0,0.0,0,0.0,0
278,DEBIT,1.0,C6982610835,0.0,0.0,M2115862756,0.0,0.0,0,0.03666666666666667,0
442,TRANSFER,55780.52,C8478529823,63031.0,7250.48,M4390543744,0.0,0.0,1,0.29,0
9,DEBIT,11271.6,C5141593270,51289.33,40017.73,M9916475897,0.0,0.0,0,0.01,0
350,CASH_OUT,173309.13,C4361393222,195695.11,22385.98,M1888107487,0.0,0.0,1,0.0,0
310,PAYMENT,1.0,C2965254350,0.0,0.0,M1676220116,0.0,0.0,0,0.0,0
283,TRANSFER,99141.3,C9954587710,111094.76,11953.46,M1185303518,0.0,0.0,1,0.27,0
293,TRANSFER,2103.81,C7004964045,2637.32,533.51,C5694806361,0.0,0.0,1,0.19,0
162,CASH_OUT,15943.59,C3653594796,123198.67,107255.08,C7640122370,127699.05,127699.05,0,0.0,0
317,TRANSFER,52143.65,C3480920839,50679.38,0.0,C5625411308,84078.21,84078.21,1,0.0,0
107,TRANSFER,5356.17,C5996775663,7494.36,2138.19,C2867302554,217475.15,222831.32,0,0.0,0
125,TRANSFER,3901.08,C5416031878,119224.27,115323.19,C6947080764,40015.4,43916.48,0,0.0,0
124,CASH_OUT,91827.91,C2962750929,93846.48,2018.57,C4712367625,0.0,0.0,1,0.0,0
215,CASH_IN,117882.17,C6691628146,133677.05,251559.22,C8229344434,157348.66,157348.66,0,0.0,0
444,TRANSFER,1.0,C8272725281,0.0,0.0,C1417436465,12042.4,12043.4,0,0.006666666666666667,0
696,PAYMENT,18388.75,C3878201524,146573.46,128184.71,M8740820392,0.0,0.0,0,0.0,0
693,CASH_OUT,181411.66,C7620473079,163407.74,0.0,C6214917780,138463.1,138463.1,1,0.05333333333333334,0
456,PAYMENT,10770.72,C2064803502,156779.98,146009.26,M8389750357,0.0,0.0,0,0.0,0
417,CASH_OUT,251180.27,C2960488639,245568.36,0.0,M7713758036,0.0,0.0,1,0.33,0
645,CASH_OUT,17284.27,C6596578419,69931.13,52646.86,C8575707116,1703.78,1703.78,0,0.0,0
377,TRANSFER,62.45,C8664882079,77498.17,77435.72,C9957813353,166269.92,166332.37,0,0.0,0
156,TRANSFER,502.02,C6822870815,24882.62,24380.6,C8055556030,14328.8,14830.82,0,0.0,0
191,TRANSFER,1882.7,C7573442717,170504.2,168621.5,C6711463258,54759.23,56641.93,0,0.0,0
28,PAYMENT,14037.47,C7951902330,28247.36,14209.89,M1240140248,0.0,0.0,0,0.0,0
223,TRANSFER,1.0,C3978287288,0.0,0.0,C9388140708,132986.64,132987.64,0,0.0,0
36,TRANSFER,26607.67,C7858937483,34240.26,7632.59,M9822499208,0.0,0.0,1,0.21,0
181,PAYMENT,7417.7,C1408988968,95956.59,88538.89,M5959736235,0.0,0.0,0,0.0,0
647,CASH_OUT,81583.36,C2617999521,88220.15,6636.79,C1116402431,49249.17,49249.17,0,0.0,0
361,CASH_OUT,9967.82,C1290050198,32023.17,22055.35,C7608153267,5850.26,5850.26,0,0.0,0
155,CASH_OUT,91055.61,C1510289448,126737.53,35681.92,C2905584866,87083.37,87083.37,0,0.0,0
195,TRANSFER,12867.61,C7539399243,124876.38,112008.77,C2181241943,197060.17,209927.78,0,0.0,0
486,CASH_OUT,7299.95,C5694848867,60214.46,52914.51,C3780439666,27182.47,27182.47,0,0.0,0
363,TRANSFER,107648.67,C8991977937,90766.44,0.0,M4896576569,0.0,0.0,1,0.8433333333333334,1
94,TRANSFER,168.03,C8139209752,341.65,173.62,C8664882079,77435.72,77603.75,0,0.0,0
510,PAYMENT,16582.5,C2756070122,182409.75,165827.25,M9776500600,0.0,0.0,0,0.0,0
205,PAYMENT,420.39,C2317723211,21743.15,21322.76,M1240140248,0.0,0.0,0,0.0,0
103,CASH_OUT,766.66,C8831899893,831.47,64.81,C9663561486,77072.68,77072.68,0,0.0033333333333333335,0
695,CASH_IN,138267.93,C5215140451,571.2,138839.13,C1955345537,46879.53,46879.53,0,0.0,0
505,CASH_OUT,8976.28,C5151887478,22632.87,13656.59,C3716924538,156438.19,156438.19,0,0.0,0
265,PAYMENT,1.0,C7988845536,0.0,0.0,M5990749811,0.0,0.0,0,0.0,0
215,CASH_IN,2036.45,C2866092821,5349.59,7386.04,C8721631198,123592.96,123592.96,0,0.0,0
166,TRANSFER,1.0,C3098948446,0.0,0.0,C8184602688,6042.84,6043.84,0,0.0,0
158,CASH_IN,42896.19,C7934137693,21607.33,64503.52,C6496933442,2388.46,2388.46,0,0.0,0
681,TRANSFER,101365.93,C9196564761,104761.1,3395.17,C5306459450,27042.87,128408.8,0,0.0,0
363,PAYMENT,816.89,C2071552532,37787.68,36970.79,M7960713821,0.0,0.0,0,0.0,0
672,CASH_OUT,24104.98,C6792661894,29313.34,5208.36,M4601406440,0.0,0.0,1,0.013333333333333334,0
118,PAYMENT,1.0,C8684942020,0.0,0.0,M7717262223,0.0,0.0,0,0.0,0
7,PAYMENT,22320.84,C2174793230,96906.57,74585.73,M4122901114,0.0,0.0,0,0.0,0
125,PAYMENT,892.61,C8995970241,170904.7,170012.09,M6846530109,0.0,0.0,0,0.0,0
395,TRANSFER,2085.83,C3316277000,2116.62,30.79,C6504099682,3622.12,3622.12,1,0.006666666666666667,0
673,PAYMENT,14915.68,C5254923696,265953.14,251037.46,M9444143872,0.0,0.0,0,0.0,0
47,PAYMENT,1472.86,C3849232839,2119.93,647.07,M1811839103,0.0,0.0,0,0.0,0
378,TRANSFER,45924.43,C4735313433,42396.47,0.0,C9623534576,18593.34,18593.34,1,0.023333333333333334,0
338,PAYMENT,7435.24,C3371357111,63730.64,56295.4,M9021793855,0.0,0.0,0,0.0,0
385,PAYMENT,6633.96,C2014766981,82773.91,76139.95,M2778069478,0.0,0.0,0,0.0,0
367,PAYMENT,1.0,C2818381356,0.0,0.0,M3660800029,0.0,0.0,0,0.0,0
173,PAYMENT,8819.85,C9786748825,145699.56,136879.71,M6846530109,0.0,0.0,0,0.0,0
668,PAYMENT,384.02,C3047869247,73114.23,72730.21,M7512767226,0.0,0.0,0,0.0,0
76,TRANSFER,31236.65,C3821211202,245916.19,214679.54,C7527316141,367675.08,398911.73,0,0.0,0
636,TRANSFER,673.41,C2072355594,1077.81,404.4,C7801180691,195921.29,196594.7,0,0.0033333333333333335,0
536,PAYMENT,6987.87,C8380312396,18709.5,11721.63,M7717262223,0.0,0.0,0,0.0,0
617,PAYMENT,10528.38,C2850820685,284100.71,273572.33,M2635881694,0.0,0.0,0,0.0,0
29,PAYMENT,6308.85,C6655089949,19993.57,13684.72,M8235474949,0.0,0.0,0,0.0,0
487,PAYMENT,21854.44,C8925520026,50016.46,28162.02,M4035639663,0.0,0.0,0,0.0,0
702,DEBIT,1499.04,C4012917912,8943.67,7444.63,M7341757401,0.0,0.0,0,0.03,0
618,TRANSFER,217406.81,C9919491730,184727.35,0.0,C1754603440,146861.31,146861.31,1,0.013333333333333334,0
593,PAYMENT,29.14,C6805759868,122956.04,122926.9,M2655546199,0.0,0.0,0,0.0,0
124,PAYMENT,5118.91,C7805745017,114055.76,108936.85,M8727805468,0.0,0.0,0,0.0,0
388,CASH_OUT,7226.41,C4227004325,8581.96,1355.55,M8138332494,0.0,0.0,1,0.01,0
52,TRANSFER,4201.22,C9630522755,4916.05,714.83,M9068916300,0.0,0.0,1,0.19333333333333333,0
446,PAYMENT,20977.65,C5992908271,189119.85,168142.2,M2778069478,0.0,0.0,0,0.0,0
92,PAYMENT,3838.4,C8948573913,19470.01,15631.61,M9822499208,0.0,0.0,0,0.0,0
35,TRANSFER,162817.75,C2137651678,189904.3,27086.55,M2711123163,0.0,0.0,1,0.25666666666666665,0
204,CASH_OUT,3732.18,C1421776124,3159.0,0.0,C3259520140,59858.9,59858.9,1,0.013333333333333334,0
113,TRANSFER,57916.5,C1590985753,62664.61,4748.11,C3875303857,0.0,57916.5,0,0.0,0
390,CASH_OUT,36207.46,C8390631634,34173.85,0.0,M2115406331,0.0,0.0,1,0.006666666666666667,0
359,CASH_OUT,27969.76,C8322868827,30625.51,2655.75,C2479679716,0.0,0.0,1,0.0033333333333333335,0
81,TRANSFER,19960.14,C7229869819,32209.71,12249.57,C4039019230,0.0,19960.14,0,0.0,0
584,TRANSFER,12318.85,C4508521152,28311.37,15992.52,C8991678061,205.71,12524.56,0,0.0,0
674,PAYMENT,1204.82,C4847761430,1328.99,124.17,M2121448210,0.0,0.0,0,0.0,0
300,PAYMENT,14955.25,C2753617371,82030.27,67075.02,M1199447370,0.0,0.0,0,0.0,0
313,PAYMENT,13393.08,C6153541642,26702.65,13309.57,M6992094064,0.0,0.0,0,0.0,0
249,DEBIT,14988.54,C5064162365,112669.99,97681.45,M9444143872,0.0,0.0,0,0.006666666666666667,0
292,TRANSFER,117272.78,C5751366455,121789.68,4516.9,M3965860354,0.0,0.0,1,0.2866666666666667,0
674,PAYMENT,7928.93,C1293864877,12446.6,4517.67,M3192202822,0.0,0.0,0,0.0,0
513,TRANSFER,112.08,C4949801453,119.08,7.0,C1667483244,23036.16,23148.24,0,0.0033333333333333335,0
686,TRANSFER,60941.13,C3197757742,120685.62,59744.49,C7083067988,29770.86,90711.99,0,0.0,0
277,CASH_OUT,387.56,C5077921573,358.81,0.0,M3508990774,0.0,0.0,1,0.04,0
63,PAYMENT,1010.78,C5334769475,2372.61,1361.83,M6866146362,0.0,0.0,0,0.0,0
532,PAYMENT,2815.3,C3674551397,68769.4,65954.1,M8790289305,0.0,0.0,0,0.0,0
484,PAYMENT,19.01,C5993571693,148312.37,148293.36,M9410569618,0.0,0.0,0,0.0,0
11,TRANSFER,53118.4,C6620138568,72561.74,19443.34,M8821456242,0.0,0.0,1,0.14,0
229,CASH_OUT,9435.8,C9916336966,20212.56,10776.76,C6362597344,67975.76,67975.76,0,0.0,0
140,PAYMENT,1.0,C1717346250,0.0,0.0,M1442421654,0.0,0.0,0,0.0,0
365,TRANSFER,37399.19,C5083595988,55736.22,18337.03,C3799620568,0.0,37399.19,0,0.0,0
483,TRANSFER,124498.27,C1415802902,169360.78,44862.51,C2476831585,177449.67,301947.94,0,0.0,0
588,DEBIT,13558.5,C9381721143,165050.5,151492.0,M3960136787,0.0,0.0,0,0.02,0
194,TRANSFER,58369.97,C8257484586,71936.37,13566.4,M9752092528,0.0,0.0,1,0.24,0
380,TRANSFER,14126.25,C8948573913,15631.61,1505.36,M6651754819,0.0,0.0,1,0.25666666666666665,0
139,TRANSFER,49844.42,C8757570742,59868.75,10024.33,M1343875431,0.0,0.0,1,0.21666666666666667,0
111,TRANSFER,270113.4,C9503597301,252271.32,0.0,M5535650160,0.0,0.0,1,0.97,1
674,CASH_OUT,108.68,C4914929023,22247.79,22139.11,C9639245200,106736.77,106736.77,0,0.0,0
667,CASH_OUT,143655.5,C4070964768,183653.17,39997.67,C2877279755,40246.09,40246.09,0,0.0,0
391,CASH_IN,93005.54,C6756711494,2486.26,95491.8,C1197092148,47958.95,47958.95,0,0.0,0
92,CASH_IN,9556.39,C9085085822,138574.47,148130.86,C7016293621,145932.87,145932.87,0,0.0,0
477,CASH_OUT,25614.54,C6463640105,35125.82,9511.28,C8880079328,82608.8,82608.8,1,0.0,0
376,PAYMENT,8412.39,C8841851495,32083.21,23670.82,M4122901114,0.0,0.0,0,0.0,0
288,PAYMENT,12503.99,C7581349462,118929.66,106425.67,M7960713821,0.0,0.0,0,0.0,0
164,TRANSFER,67619.74,C6756711494,95491.8,27872.06,M2885370603,0.0,0.0,1,0.22666666666666666,0
588,PAYMENT,984.03,C6161147047,26897.65,25913.62,M2839566253,0.0,0.0,0,0.0,0
225,CASH_OUT,112948.09,C7671041685,148337.22,35389.13,M2586712032,0.0,0.0,1,0.0,0
468,CASH_OUT,30738.89,C2850820685,273572.33,242833.44,C3725152347,0.0,0.0,0,0.01,0
490,PAYMENT,1175.99,C6596578419,52646.86,51470.87,M4908108692,0.0,0.0,0,0.0,0
59,TRANSFER,5240.61,C4710967433,4536.86,0.0,C2627677155,49714.12,49714.12,1,0.0033333333333333335,0
570,CASH_OUT,84.13,C4530959836,190176.05,190091.92,C9165632300,118063.1,118063.1,0,0.0,0
278,CASH_IN,1603.79,C8868054898,69661.57,71265.36,C1817804383,99509.83,99509.83,0,0.0,0
304,DEBIT,1522.3,C5634076661,1907.95,385.65,M8626371177,0.0,0.0,0,0.013333333333333334,0
17,CASH_OUT,14734.89,C8706093841,19231.09,4496.2,C6128695961,185269.99,185269.99,1,0.0,0
383,CASH_OUT,226977.29,C1870644102,273640.77,46663.48,C5150074940,0.0,0.0,1,0.0,0
474,CASH_IN,29336.92,C3780439666,27182.47,56519.39,C9798548049,130307.36,130307.36,0,0.0,0
652,PAYMENT,179.83,C7243352390,155764.68,155584.85,M8790289305,0.0,0.0,0,0.0,0
616,PAYMENT,3085.61,C8239941612,117865.26,114779.65,M6999146585,0.0,0.0,0,0.0,0
656,TRANSFER,3267.69,C6470052645,125700.53,122432.84,C6131005449,94490.31,97758.0,0,0.0,0
694,PAYMENT,574.96,C2756070122,165827.25,165252.29,M3094407076,0.0,0.0,0,0.0,0
325,CASH_OUT,15999.8,C3117951204,32722.23,16722.43,C5428082088,45536.27,45536.27,0,0.0,0
547,CASH_OUT,48283.54,C6937704752,51216.51,2932.97,M1466305100,0.0,0.0,1,0.013333333333333334,0
463,DEBIT,314.6,C6425814872,4657.69,4343.09,M5959736235,0.0,0.0,0,0.023333333333333334,0
87,CASH_OUT,109992.08,C6448001026,152558.75,42566.67,M1343875431,0.0,0.0,1,0.0,0
705,CASH_OUT,1.0,C1261903104,0.0,0.0,C5982744929,96880.32,96880.32,0,0.0,0
76,PAYMENT,1659.17,C1131267917,100839.05,99179.88,M7340036327,0.0,0.0,0,0.0,0
37,DEBIT,5044.95,C6334440295,94882.57,89837.62,M1504729135,0.0,0.0,0,0.006666666666666667,0
602,TRANSFER,1.0,C8390631634,0.0,0.0,C6307626407,274.67,275.67,0,0.10666666666666667,0
113,PAYMENT,2091.11,C8612747444,2746.66,655.55,M6786043791,0.0,0.0,0,0.0,0
256,TRANSFER,156484.72,C6128695961,185269.99,28785.27,M9065458220,0.0,0.0,1,0.27,0
385,TRANSFER,89062.28,C8309221034,78156.68,0.0,C5461537013,150910.05,150910.05,1,0.0,0
197,CASH_OUT,51470.26,C1958682846,165650.41,114180.15,C1513003815,16348.61,16348.61,0,0.0,0
201,CASH_OUT,10621.79,C6463640105,9511.28,0.0,M5990749811,0.0,0.0,1,0.06333333333333334,0
532,TRANSFER,12.34,C8991678061,12524.56,12512.22,C3799620568,37399.19,37411.53,0,0.0033333333333333335,0
476,CASH_OUT,10492.7,C2646331504,11805.98,1313.28,M6313472215,0.0,0.0,1,0.02,0
358,CASH_OUT,37878.8,C7757700186,40990.05,3111.25,C1392245997,23533.05,23533.05,1,0.0,0
719,PAYMENT,1.0,C3098948446,0.0,0.0,M5985331805,0.0,0.0,0,0.0,0
325,PAYMENT,4842.37,C7333316743,93947.9,89105.53,M4456193555,0.0,0.0,0,0.0,0
175,TRANSFER,133188.51,C9633533290,116534.44,0.0,M8903212516,0.0,0.0,1,0.95,1
86,TRANSFER,168448.35,C7567496105,158530.09,0.0,C8852676046,60766.53,229214.88,1,0.0033333333333333335,0
607,TRANSFER,8497.99,C3887823121,10953.59,2455.6,M1257854279,0.0,0.0,1,0.32,0
681,PAYMENT,4601.05,C5512036684,66261.78,61660.73,M6992094064,0.0,0.0,0,0.0,0
158,PAYMENT,6987.38,C7858937483,7632.59,645.21,M9631695368,0.0,0.0,0,0.0,0
44,PAYMENT,107.26,C8282534126,486.88,379.62,M9288057824,0.0,0.0,0,0.0,0
685,PAYMENT,922.18,C7666869046,25860.17,24937.99,M6284297249,0.0,0.0,0,0.0,0
552,PAYMENT,6300.23,C4202607993,73713.89,67413.66,M4399143287,0.0,0.0,0,0.0,0
230,PAYMENT,553.43,C7471636437,19821.14,19267.71,M4588312351,0.0,0.0,0,0.0,0
156,TRANSFER,38616.41,C5428082088,45536.27,6919.86,C9986353481,67501.29,67501.29,1,0.0033333333333333335,0
116,TRANSFER,52284.07,C5455441991,171934.46,119650.39,C2515672889,96306.58,148590.65,0,0.0,0
549,PAYMENT,172.88,C5856127658,116309.42,116136.54,M3508990774,0.0,0.0,0,0.0,0
597,TRANSFER,918.08,C2704657157,1074.21,156.13,M1783432867,0.0,0.0,1,0.16333333333333333,0
137,TRANSFER,11772.29,C4888749350,18760.23,6987.94,C7292376027,60300.81,72073.1,0,0.0,0
515,PAYMENT,4984.47,C8382963909,95853.87,90869.4,M2695447268,0.0,0.0,0,0.0,0
322,CASH_OUT,1.0,C8001729836,0.0,0.0,C8257484586,13566.4,13566.4,0,0.0033333333333333335,0
409,CASH_OUT,32097.7,C3319936135,49569.22,17471.52,C3362657890,2481.13,2481.13,0,0.0033333333333333335,0
133,TRANSFER,5151.46,C2960488639,4664.78,0.0,C3045102506,62954.61,68106.07,1,0.0033333333333333335,0
198,TRANSFER,165695.07,C3660223333,164728.59,0.0,M2249831874,0.0,0.0,1,0.9733333333333334,1
116,CASH_OUT,389198.89,C7633342225,370662.46,0.0,M6763471833,0.0,0.0,1,0.14,0
483,PAYMENT,7777.07,C7846365089,73292.61,65515.54,M2711123163,0.0,0.0,0,0.0,0
609,PAYMENT,146.96,C2866092821,7386.04,7239.08,M2625035499,0.0,0.0,0,0.0,0
165,PAYMENT,5.52,C1276905285,1770.53,1765.01,M1083302600,0.0,0.0,0,0.0,0
225,PAYMENT,11631.67,C6649827836,39998.18,28366.51,M5869990861,0.0,0.0,0,0.0,0
64,TRANSFER,5640.35,C1772303297,7079.68,1439.33,M7570511906,0.0,0.0,1,0.20333333333333334,0
99,TRANSFER,71114.49,C3178995337,86499.68,15385.19,C6477862024,1031.92,1031.92,1,0.02666666666666667,0
241,PAYMENT,11020.47,C5271453859,16288.77,5268.3,M5734228580,0.0,0.0,0,0.0,0
428,TRANSFER,1043.21,C6300607425,1583.98,540.77,C2266622851,2499.84,3543.05,0,0.02666666666666667,0
62,TRANSFER,83805.38,C7505693643,109233.25,25427.87,C6272000062,4147.15,87952.53,0,0.0,0
250,PAYMENT,1.0,C8796286443,0.0,0.0,M1694904767,0.0,0.0,0,0.0,0
395,DEBIT,31842.17,C5975196341,170425.89,138583.72,M2869931869,0.0,0.0,0,0.01,0
418,PAYMENT,19026.29,C6515369278,186467.47,167441.18,M8874242713,0.0,0.0,0,0.0,0
556,CASH_OUT,4434.51,C1139082827,95208.14,90773.63,C2941508568,45112.22,45112.22,0,0.0,0
466,TRANSFER,94918.43,C8160279830,128756.59,33838.16,M8778927211,0.0,0.0,1,0.29,0
518,PAYMENT,155.8,C4207337120,64620.49,64464.69,M4554178984,0.0,0.0,0,0.0,0
554,CASH_OUT,61845.18,C9744120054,113307.96,51462.78,C2073755632,140870.74,140870.74,0,0.0,0
615,PAYMENT,5.41,C4949801453,7.0,1.59,M7951820749,0.0,0.0,0,0.0,0
718,TRANSFER,186397.86,C8458717057,181794.58,0.0,C5868640848,0.0,0.0,1,0.99,1
645,CASH_OUT,60759.77,C3108307952,67454.7,6694.93,C7825844140,0.0,0.0,0,0.013333333333333334,0
536,CASH_OUT,215016.69,C1091729577,212764.59,0.0,C9467483275,27795.82,27795.82,1,0.14333333333333334,0
456,PAYMENT,11221.32,C3484872186,211729.72,200508.4,M2115862756,0.0,0.0,0,0.0,0
361,PAYMENT,1.0,C2965254350,0.0,0.0,M2773408660,0.0,0.0,0,0.0,0
307,PAYMENT,24490.05,C3768901084,181689.39,157199.34,M8903212516,0.0,0.0,0,0.0,0
155,PAYMENT,6285.56,C5421051452,66350.41,60064.85,M8389750357,0.0,0.0,0,0.0,0
175,PAYMENT,323.24,C4681264539,45510.84,45187.6,M5891831621,0.0,0.0,0,0.0,0
459,CASH_OUT,44151.05,C9455610447,56513.07,12362.02,C5129478722,151832.86,151832.86,1,0.0,0
617,CASH_OUT,129035.35,C2180484299,120696.77,0.0,M3508990774,0.0,0.0,1,0.18333333333333332,0
594,PAYMENT,345.97,C5307145891,138302.72,137956.75,M6515490818,0.0,0.0,0,0.0,0
633,TRANSFER,110770.61,C2846465000,159450.88,48680.27,C6305160342,70692.37,181462.98,0,0.0033333333333333335,0
588,PAYMENT,1964.92,C8663837890,3039.47,1074.55,M4865979921,0.0,0.0,0,0.0,0
315,PAYMENT,10896.72,C5696548897,140259.36,129362.64,M7453081889,0.0,0.0,0,0.0,0
585,TRANSFER,22478.96,C1281199333,22386.47,0.0,M4641902461,0.0,0.0,1,0.9166666666666666,1
310,TRANSFER,2591.74,C4096932037,3227.05,635.31,M1343875431,0.0,0.0,1,0.17333333333333334,0
550,PAYMENT,14326.77,C8487449580,111533.22,97206.45,M6651020291,0.0,0.0,0,0.0,0
547,CASH_OUT,2396.45,C8934927891,2670.89,274.44,M5714658227,0.0,0.0,1,0.02666666666666667,0
176,TRANSFER,34629.47,C3615507143,29332.35,0.0,M8740820392,0.0,0.0,1,0.74,1
410,CASH_OUT,805.28,C1676168421,1019.9,214.62,C5996775663,2138.19,2138.19,1,0.02,0
259,PAYMENT,6880.73,C9457665185,103740.53,96859.8,M3660800029,0.0,0.0,0,0.0,0
553,PAYMENT,2180.24,C1439921366,22711.54,20531.3,M4329446784,0.0,0.0,0,0.0,0
313,TRANSFER,15638.23,C8925520026,28162.02,12523.79,C6178804925,37854.67,53492.9,0,0.0,0
109,PAYMENT,3.28,C6745958212,15303.45,15300.17,M5449848690,0.0,0.0,0,0.0,0
458,DEBIT,1663.42,C7146318035,108544.24,106880.82,M3660800029,0.0,0.0,0,0.013333333333333334,0
696,PAYMENT,165.13,C9533595495,161711.78,161546.65,M6583604299,0.0,0.0,0,0.0,0
611,PAYMENT,3104.7,C6000009225,79443.2,76338.5,M7270955446,0.0,0.0,0,0.0,0
100,CASH_OUT,32574.95,C9229469952,176026.38,143451.43,C7846365089,65515.54,65515.54,0,0.0033333333333333335,0
555,DEBIT,8581.88,C9702693937,19371.73,10789.85,M4820942294,0.0,0.0,0,0.03333333333333333,0
54,PAYMENT,3066.34,C8453283834,5126.67,2060.33,M8443061472,0.0,0.0,0,0.0,0
166,TRANSFER,1652.16,C2320763135,14140.76,12488.6,C4919706735,26946.43,28598.59,0,0.0,0
209,DEBIT,1989.85,C2785736751,318817.13,316827.28,M3192202822,0.0,0.0,0,0.006666666666666667,0
303,CASH_IN,47921.02,C8868054898,71265.36,119186.38,C3334938378,86934.33,86934.33,0,0.0,0
45,PAYMENT,6944.67,C5626388820,62452.18,55507.51,M5380159400,0.0,0.0,0,0.0,0
411,PAYMENT,2938.48,C3653594796,107255.08,104316.6,M4892544235,0.0,0.0,0,0.0,0
130,CASH_OUT,2048.11,C8287542751,2665.2,617.09,M6744039057,0.0,0.0,1,0.0,0
183,TRANSFER,100548.79,C6805759868,122926.9,22378.11,C5903457537,3605.86,3605.86,1,0.03,0
664,PAYMENT,5415.52,C5774080233,41536.39,36120.87,M9288057824,0.0,0.0,0,0.0,0
492,PAYMENT,2845.82,C8517413631,35981.45,33135.63,M7951820749,0.0,0.0,0,0.0,0
229,PAYMENT,1.0,C3196545325,0.0,0.0,M8044997538,0.0,0.0,0,0.0,0
501,CASH_IN,74755.19,C3389594115,127267.49,202022.68,C6509985983,5655.98,5655.98,0,0.0,0
224,CASH_OUT,24268.45,C2068687175,34587.08,10318.63,C4734111722,138644.25,138644.25,1,0.0,0
131,DEBIT,42551.04,C8791183272,45984.45,3433.41,M2586712032,0.0,0.0,0,0.013333333333333334,0
484,CASH_OUT,21083.32,C2591589823,22255.6,1172.28,C8235717104,118354.33,118354.33,1,0.0033333333333333335,0
278,TRANSFER,19427.25,C8505373158,131002.52,111575.27,C7838460497,139721.83,159149.08,0,0.0,0
329,PAYMENT,582.46,C5943324387,46242.78,45660.32,M4689605624,0.0,0.0,0,0.0,0
685,TRANSFER,94965.29,C3293560436,124588.99,29623.7,C9438411468,10907.6,105872.89,0,0.0,0
321,TRANSFER,181324.59,C4203205881,179979.44,0.0,M1458227039,0.0,0.0,1,0.98,1
57,PAYMENT,2695.23,C6576395496,55703.67,53008.44,M3192202822,0.0,0.0,0,0.0,0
614,TRANSFER,57496.35,C2409274786,53122.12,0.0,M5067400473,0.0,0.0,1,0.82,1
366,PAYMENT,2868.79,C7645527239,3415.71,546.92,M2129491690,0.0,0.0,0,0.0,0
303,TRANSFER,103247.71,C7915226263,121447.87,18200.16,C3319936135,17471.52,17471.52,1,0.01,0
585,PAYMENT,18.33,C2525930586,195570.67,195552.34,M4211837506,0.0,0.0,0,0.0,0
237,TRANSFER,2055.9,C3791027186,147034.02,144978.12,C6711463258,56641.93,58697.83,0,0.0,0
223,CASH_OUT,5865.7,C2139027119,37892.08,32026.38,C7598745558,18625.38,18625.38,0,0.0,0
660,TRANSFER,19375.02,C5010075517,33134.7,13759.68,C8991977937,0.0,19375.02,0,0.006666666666666667,0
519,PAYMENT,69.22,C2687477596,18946.72,18877.5,M8366710477,0.0,0.0,0,0.0,0
179,PAYMENT,16470.38,C5710360983,125832.85,109362.47,M5794335854,0.0,0.0,0,0.0,0
446,TRANSFER,3253.6,C7757700186,3111.25,0.0,C3952295757,27715.31,27715.31,1,0.056666666666666664,0
677,CASH_OUT,180773.03,C4747699292,165524.2,0.0,M8144889126,0.0,0.0,1,0.16666666666666666,0
525,PAYMENT,633.45,C7374810067,71793.56,71160.11,M3690714075,0.0,0.0,0,0.0,0
286,PAYMENT,4163.45,C4490722186,72212.97,68049.52,M4601406440,0.0,0.0,0,0.0,0
388,TRANSFER,92055.54,C7568980185,97910.31,5854.77,C2308496151,190059.61,282115.15,0,0.0,0
230,TRANSFER,50967.3,C6134840512,57393.33,6426.03,M2418407139,0.0,0.0,1,0.23333333333333334,0
269,PAYMENT,7710.6,C6634526139,53291.1,45580.5,M2418407139,0.0,0.0,0,0.0,0
30,PAYMENT,2334.32,C3400244542,91194.07,88859.75,M5734228580,0.0,0.0,0,0.0,0
234,TRANSFER,65978.37,C6385791669,90177.17,24198.8,C8055515912,140909.5,206887.87,0,0.0,0
168,CASH_OUT,1345.31,C6982610835,1594.45,249.14,M3965860354,0.0,0.0,1,0.0,0
400,TRANSFER,137345.6,C7640122370,127699.05,0.0,M7343954769,0.0,0.0,1,0.9366666666666666,1
687,PAYMENT,512.47,C3698343112,77247.7,76735.23,M7750131975,0.0,0.0,0,0.0,0
380,DEBIT,4920.13,C8867077130,38042.34,33122.21,M9581187661,0.0,0.0,0,0.013333333333333334,0
533,CASH_OUT,779.81,C4643576871,1059.92,280.11,C7092693247,18967.01,18967.01,1,0.013333333333333334,0
474,TRANSFER,56348.08,C6362597344,67975.76,11627.68,C8215470878,35053.48,91401.56,0,0.0,0
141,CASH_OUT,7818.03,C9546021691,8443.47,625.44,C5130589741,11734.71,11734.71,1,0.0,0
15,CASH_OUT,109.84,C9255898264,276.66,166.82,C2464137110,200.63,200.63,0,0.006666666666666667,0
337,CASH_OUT,6196.11,C7292376027,72073.1,65876.99,C3245108207,93459.06,93459.06,0,0.0,0
509,PAYMENT,175.91,C3918046336,13921.53,13745.62,M7702529931,0.0,0.0,0,0.0,0
187,TRANSFER,10105.48,C2647489402,13227.26,3121.78,C6168291913,117264.59,127370.07,0,0.0,0
550,CASH_OUT,61888.23,C6562457052,83644.82,21756.59,M7717262223,0.0,0.0,1,0.013333333333333334,0
345,DEBIT,1.0,C2970753705,0.0,0.0,M4399143287,0.0,0.0,0,0.04,0
108,TRANSFER,2981.96,C2480915452,42779.77,39797.81,C9245348297,196664.65,199646.61,0,0.0,0
436,TRANSFER,2086.0,C1662976399,7810.61,5724.61,C6471691689,195704.98,197790.98,0,0.0,0
673,TRANSFER,44.46,C5183211669,81.06,36.6,C6649827836,28366.51,28410.97,0,0.0033333333333333335,0
13,TRANSFER,12618.94,C6711463258,58697.83,46078.89,C7166868574,123199.37,135818.31,0,0.0,0
125,TRANSFER,19720.14,C3117951204,16722.43,0.0,M6041646576,0.0,0.0,1,0.84,1
588,PAYMENT,2476.57,C9557663181,171584.42,169107.85,M4908108692,0.0,0.0,0,0.0,0
250,PAYMENT,2154.31,C5160575046,82590.19,80435.88,M8235474949,0.0,0.0,0,0.0,0
548,CASH_OUT,195.24,C6894808149,7493.7,7298.46,C2785736751,316827.28,316827.28,0,0.0,0
336,TRANSFER,47749.22,C4524233168,64979.13,17229.91,M1442421654,0.0,0.0,1,0.21333333333333335,0
714,TRANSFER,1965.33,C4921003983,6445.91,4480.58,C6720572969,49250.46,51215.79,0,0.0033333333333333335,0
451,CASH_OUT,13060.2,C7602474923,13270.2,210.0,C8734449371,64692.61,64692.61,1,0.013333333333333334,0
248,PAYMENT,1494.19,C8293453178,1603.95,109.76,M3636366799,0.0,0.0,0,0.0,0
441,CASH_OUT,96633.29,C5759761714,130062.8,33429.51,C3893976444,162722.65,162722.65,1,0.0,0
396,PAYMENT,618.35,C6306523372,154630.2,154011.85,M6763471833,0.0,0.0,0,0.0,0
356,PAYMENT,1144.84,C6875597607,82688.38,81543.54,M5270048042,0.0,0.0,0,0.0,0
696,TRANSFER,1.0,C2283298067,0.0,0.0,C2613385303,180678.3,180679.3,0,0.0,0
187,CASH_OUT,29945.5,C8709361138,38618.54,8673.04,C6982610835,249.14,249.14,0,0.0,0
666,PAYMENT,1705.05,C4356175095,7961.38,6256.33,M3223687972,0.0,0.0,0,0.0,0
534,CASH_OUT,122657.53,C9861449701,117772.47,0.0,C2139027119,32026.38,32026.38,1,0.09666666666666666,0
108,TRANSFER,1.0,C6405851839,0.0,0.0,C5058691146,173434.36,173435.36,0,0.0033333333333333335,0
343,CASH_OUT,28068.74,C9086117171,87839.48,59770.74,C6884333221,75227.97,75227.97,0,0.0,0
272,TRANSFER,14785.43,C6928691380,15085.51,300.08,M4892544235,0.0,0.0,1,0.29,0
503,PAYMENT,3702.56,C4361393222,22385.98,18683.42,M2910594463,0.0,0.0,0,0.0,0
433,TRANSFER,2628.8,C3962452613,3168.83,540.03,C6587537178,874.61,874.61,1,0.06,0
119,TRANSFER,94897.54,C2349406919,106039.8,11142.26,C6340003593,108709.79,203607.33,0,0.0,0
590,CASH_OUT,6051.94,C1662259333,8389.4,2337.46,C3423086220,50125.26,50125.26,0,0.006666666666666667,0
676,TRANSFER,1.84,C1513003815,16348.61,16346.77,C6947080764,43916.48,43918.32,0,0.0,0
178,CASH_OUT,61573.37,C7934137693,64503.52,2930.15,C5641959772,139165.9,139165.9,1,0.0,0
328,PAYMENT,1.0,C3725152347,0.0,0.0,M5449848690,0.0,0.0,0,0.0,0
551,PAYMENT,251.0,C6072939882,118111.45,117860.45,M7717262223,0.0,0.0,0,0.0,0
273,PAYMENT,15557.5,C3384006407,192663.07,177105.57,M5815678365,0.0,0.0,0,0.0,0
574,CASH_OUT,4377.98,C1939777262,5368.0,990.02,C8417757797,165404.64,165404.64,0,0.0,0
36,CASH_OUT,4315.65,C6732648420,4525.5,209.85,M2115862756,0.0,0.0,1,0.0,0
482,CASH_OUT,7327.83,C3297096148,84573.8,77245.97,C4536306171,12011.73,12011.73,0,0.0033333333333333335,0
240,TRANSFER,1146.97,C9974165440,1405.13,258.16,M2778069478,0.0,0.0,1,0.11333333333333333,0
13,PAYMENT,671.12,C6121801720,18061.26,17390.14,M8727805468,0.0,0.0,0,0.0,0
653,CASH_IN,1622.18,C5829062179,85654.67,87276.85,C1726990714,137897.73,137897.73,0,0.0,0
137,CASH_OUT,35907.38,C5067245523,143134.25,107226.87,C1519709079,33787.36,33787.36,0,0.0,0
175,PAYMENT,12291.23,C4482238042,192259.88,179968.65,M9918338001,0.0,0.0,0,0.0,0
365,PAYMENT,64.83,C5307145891,137956.75,137891.92,M4306983924,0.0,0.0,0,0.0,0
58,PAYMENT,157.71,C6157617867,2695.78,2538.07,M7764117705,0.0,0.0,0,0.0,0
221,CASH_OUT,93869.45,C4143852021,91882.65,0.0,M1676220116,0.0,0.0,1,0.07666666666666666,0
495,PAYMENT,353.89,C8624454880,87235.97,86882.08,M6282009986,0.0,0.0,0,0.0,0
284,PAYMENT,4853.7,C7979466538,7524.24,2670.54,M8366710477,0.0,0.0,0,0.0,0
400,CASH_OUT,6102.3,C4062777850,139259.16,133156.86,C8689593739,1054.98,1054.98,0,0.0,0
182,CASH_IN,90164.86,C9579064478,271126.51,361291.37,C7098134112,64784.77,64784.77,0,0.0,0
190,TRANSFER,37353.84,C9428056968,49815.79,12461.95,M2869931869,0.0,0.0,1,0.23666666666666666,0
637,TRANSFER,17756.6,C7525240100,17011.97,0.0,M2625035499,0.0,0.0,1,0.9733333333333334,1
487,CASH_OUT,77482.71,C7581349462,106425.67,28942.96,C8390631634,0.0,0.0,1,0.02,0
36,TRANSFER,166584.29,C6089026099,151262.35,0.0,M5449848690,0.0,0.0,1,0.9566666666666667,1
72,PAYMENT,7640.0,C3396953414,24455.37,16815.37,M7948094928,0.0,0.0,0,0.0,0
11,PAYMENT,1.0,C7757700186,0.0,0.0,M8910440683,0.0,0.0,0,0.0,0
140,CASH_OUT,66.14,C3035761595,15712.72,15646.58,C2625792787,0.0,0.0,0,0.0,0
473,CASH_OUT,18493.04,C1392245997,23533.05,5040.01,M9918338001,0.0,0.0,1,0.013333333333333334,0
210,PAYMENT,4807.59,C9894847574,75808.71,71001.12,M4641902461,0.0,0.0,0,0.0,0
78,PAYMENT,8.44,C6534540349,196945.79,196937.35,M1692044390,0.0,0.0,0,0.0,0
260,DEBIT,11166.89,C1005502537,14059.48,2892.59,M4306983924,0.0,0.0,0,0.023333333333333334,0
508,TRANSFER,190.69,C4972536230,230.19,39.5,M9773795424,0.0,0.0,1,0.17,0
56,PAYMENT,1681.64,C5283911723,79607.98,77926.34,M5694439775,0.0,0.0,0,0.0,0
135,TRANSFER,11625.46,C8350384902,13344.8,1719.34,M3145756342,0.0,0.0,1,0.21333333333333335,0
602,CASH_OUT,8996.09,C1446362270,10552.04,1555.95,M8903212516,0.0,0.0,1,0.02,0
486,PAYMENT,1.0,C2970753705,0.0,0.0,M4035639663,0.0,0.0,0,0.0,0
641,PAYMENT,4756.52,C3716924538,156438.19,151681.67,M9558906999,0.0,0.0,0,0.0,0
81,TRANSFER,55238.94,C8394198376,68272.32,13033.38,C6311894154,2042.07,57281.01,0,0.0,0
694,CASH_OUT,28344.86,C3958590550,32380.14,4035.28,M7270955446,0.0,0.0,1,0.013333333333333334,0
135,CASH_OUT,116667.28,C9805620900,120460.33,3793.05,C3190227431,141053.24,141053.24,1,0.0,0
94,CASH_OUT,143653.66,C1011759631,136610.13,0.0,M3438830691,0.0,0.0,1,0.09,0
549,PAYMENT,1.0,C8796286443,0.0,0.0,M6820149016,0.0,0.0,0,0.0,0
527,PAYMENT,2517.61,C6469458472,2858.03,340.42,M7437168216,0.0,0.0,0,0.0,0
513,PAYMENT,5712.76,C3115806625,48942.63,43229.87,M6606958660,0.0,0.0,0,0.0,0
237,TRANSFER,41799.11,C5724657556,148144.14,106345.03,C4745927824,98928.87,140727.98,0,0.0,0
34,TRANSFER,900.89,C6719736115,169141.21,168240.32,C6698759353,1030.41,1931.3,0,0.0033333333333333335,0
308,CASH_OUT,19680.25,C2979958124,18150.73,0.0,M2129491690,0.0,0.0,1,0.17666666666666667,0
207,CASH_IN,100509.29,C9953941533,77856.65,178365.94,C1116402431,49249.17,49249.17,0,0.0,0
334,PAYMENT,4047.53,C1749459431,198961.48,194913.95,M6771941776,0.0,0.0,0,0.0,0
460,PAYMENT,930.98,C6246716604,126940.95,126009.97,M1185303518,0.0,0.0,0,0.0,0
541,PAYMENT,11930.3,C8300300577,183422.42,171492.12,M1466305100,0.0,0.0,0,0.0,0
10,CASH_OUT,3874.12,C2774884818,3713.83,0.0,C6496596008,84766.44,84766.44,1,0.03,0
15,PAYMENT,13723.2,C2268523764,69536.38,55813.18,M4035639663,0.0,0.0,0,0.0,0
3,TRANSFER,84628.38,C6244338653,100051.83,15423.45,M7928143230,0.0,0.0,1,0.14333333333333334,0
413,TRANSFER,1.72,C2289624427,173977.26,173975.54,C9703905715,110982.83,110984.55,0,0.0,0
534,CASH_OUT,2595.15,C7271954644,5142.53,2547.38,C5570828113,18449.02,18449.02,0,0.01,0
3,TRANSFER,78251.43,C5600836559,72691.66,0.0,C4712367625,0.0,0.0,1,0.5133333333333333,1
241,CASH_OUT,167366.05,C9645619869,168888.39,1522.34,M8138332494,0.0,0.0,1,0.0,0
592,CASH_OUT,24944.72,C2670036982,121921.26,96976.54,C8168204967,0.0,0.0,0,0.01,0
555,PAYMENT,21961.82,C8236361108,126417.7,104455.88,M4588312351,0.0,0.0,0,0.0,0
561,CASH_IN,131.49,C6804850108,118428.93,118560.42,C7784217828,153652.06,153652.06,0,0.0,0
24,CASH_OUT,10561.96,C8880184233,14808.78,4246.82,C7958672456,143.62,143.62,0,0.0,0
256,DEBIT,44985.01,C3511301900,170713.82,125728.81,M6992094064,0.0,0.0,0,0.01,0
85,TRANSFER,1063.18,C4482238042,179968.65,178905.47,C3250402001,119038.37,120101.55,0,0.0,0
619,PAYMENT,5471.66,C3115806625,43229.87,37758.21,M4952177946,0.0,0.0,0,0.0,0
588,PAYMENT,641.78,C1834624758,132407.39,131765.61,M8443061472,0.0,0.0,0,0.0,0
267,TRANSFER,6021.74,C2139027119,32026.38,26004.64,C2963288053,173890.88,179912.62,0,0.0,0
245,TRANSFER,1993.09,C2962750929,2018.57,25.48,M9043367776,0.0,0.0,1,0.3466666666666667,0
291,CASH_OUT,3500.86,C1553753599,11249.45,7748.59,C4656572173,68852.93,68852.93,0,0.0,0
55,CASH_OUT,25240.54,C8674224347,35649.68,10409.14,C3884642366,114442.05,114442.05,1,0.0033333333333333335,0
553,TRANSFER,2554.8,C6206015111,157837.7,155282.9,C6470052645,122432.84,124987.64,0,0.0,0
228,TRANSFER,54179.38,C1546957087,173669.18,119489.8,C4096932037,635.31,54814.69,0,0.0,0
401,TRANSFER,195967.23,C4106464319,235809.63,39842.4,C7965608188,51094.13,51094.13,1,0.0033333333333333335,0
140,CASH_OUT,35754.42,C8858766173,70287.33,34532.91,C7603978731,153721.28,153721.28,0,0.0,0
164,PAYMENT,1.68,C8907752604,161779.16,161777.48,M8903212516,0.0,0.0,0,0.0,0
90,CASH_OUT,106144.29,C9103115140,108773.32,2629.03,M4122901114,0.0,0.0,1,0.0033333333333333335,0
563,CASH_OUT,4258.24,C4783282817,4877.85,619.61,M4390543744,0.0,0.0,1,0.03,0
682,PAYMENT,53.85,C6566372886,108314.29,108260.44,M3313346852,0.0,0.0,0,0.0,0
617,TRANSFER,8704.79,C8380312396,11721.63,3016.84,M3965860354,0.0,0.0,1,0.32666666666666666,0
535,TRANSFER,54007.08,C1955345537,46879.53,0.0,M1811839103,0.0,0.0,1,0.82,1
643,PAYMENT,576.02,C8531118333,1445.94,869.92,M8910440683,0.0,0.0,0,0.0,0
546,PAYMENT,783.36,C1276905285,1765.01,981.65,M6820149016,0.0,0.0,0,0.0,0
265,CASH_OUT,14721.82,C2308638549,158182.55,143460.73,C6588252632,29013.06,29013.06,0,0.0,0
182,CASH_IN,105488.62,C3420721027,115237.19,220725.81,C4735334423,9595.35,9595.35,0,0.0,0
308,CASH_IN,717.43,C1104906255,72582.45,73299.88,C8039917766,91635.17,91635.17,0,0.0,0
243,CASH_OUT,72438.33,C6496596008,84766.44,12328.11,M4211837506,0.0,0.0,1,0.0,0
266,TRANSFER,1700.25,C9403748506,2167.2,466.95,C9155819200,1906.83,1906.83,1,0.0033333333333333335,0
104,PAYMENT,3226.51,C9857430687,171571.68,168345.17,M6651754819,0.0,0.0,0,0.0,0
4,CASH_OUT,24834.92,C2382129132,167866.34,143031.42,C1160913827,52280.02,52280.02,0,0.0,0
360,CASH_OUT,2577.78,C9621419224,6332.9,3755.12,C8721631198,123592.96,123592.96,0,0.0033333333333333335,0
79,TRANSFER,1246.71,C7460728316,1485.55,238.84,C2994056084,205407.79,206654.5,0,0.0033333333333333335,0
453,CASH_OUT,2891.89,C7002076563,5255.0,2363.11,C6789292252,6670.36,6670.36,0,0.03666666666666667,0
83,TRANSFER,1.0,C3346569443,1.0,0.0,C8880079328,82608.8,82609.8,0,0.0,0
112,PAYMENT,24639.64,C5129478722,151832.86,127193.22,M8144889126,0.0,0.0,0,0.0,0
150,TRANSFER,16552.16,C8480622107,19390.57,2838.41,M5985331805,0.0,0.0,1,0.22666666666666666,0
388,DEBIT,4547.73,C5418232833,37218.2,32670.47,M4896576569,0.0,0.0,0,0.013333333333333334,0
653,PAYMENT,467.02,C6991473746,70271.01,69803.99,M5194066484,0.0,0.0,0,0.0,0
263,PAYMENT,10019.68,C5067245523,107226.87,97207.19,M8389750357,0.0,0.0,0,0.0,0
284,TRANSFER,2016.73,C5759234471,103521.87,101505.14,C8252045593,19820.5,21837.23,0,0.0,0
687,PAYMENT,6722.55,C8274273035,17409.53,10686.98,M7969674420,0.0,0.0,0,0.0,0
544,TRANSFER,16010.0,C4283432667,19700.41,3690.41,M6820149016,0.0,0.0,1,0.32666666666666666,0
295,CASH_OUT,5069.52,C2802141793,8503.39,3433.87,C7845366946,180173.4,180173.4,0,0.0,0
284,PAYMENT,3426.16,C2137651678,27086.55,23660.39,M3438830691,0.0,0.0,0,0.0,0
19,PAYMENT,588.14,C1546696950,158580.84,157992.7,M6866146362,0.0,0.0,0,0.0,0
165,PAYMENT,103.65,C9354542654,2355.5,2251.85,M7713758036,0.0,0.0,0,0.0,0
191,TRANSFER,143868.2,C7670476743,143059.86,0.0,M8667946580,0.0,0.0,1,0.98,1
435,TRANSFER,69897.94,C7529817193,65632.46,0.0,M3536590481,0.0,0.0,1,0.87,1
395,CASH_OUT,23051.88,C6128695961,28785.27,5733.39,M2541015125,0.0,0.0,1,0.0,0
564,TRANSFER,269.62,C5754363475,148577.61,148307.99,C8706093841,4496.2,4765.82,0,0.0,0
92,PAYMENT,1741.21,C8995970241,170012.09,168270.88,M5985331805,0.0,0.0,0,0.0,0
487,PAYMENT,3.66,C5293274004,5.7,2.04,M4456193555,0.0,0.0,0,0.0,0
478,TRANSFER,67008.48,C8664882079,77603.75,10595.27,C2612579345,0.0,67008.48,0,0.0,0
398,PAYMENT,10832.46,C7685540186,142262.19,131429.73,M6045729129,0.0,0.0,0,0.0,0
632,CASH_IN,7639.76,C2168041588,137829.4,145469.16,C9189503254,817.95,817.95,0,0.0,0
596,CASH_OUT,3304.76,C2254516608,7401.61,4096.85,C3057629778,177027.58,177027.58,0,0.0,0
374,TRANSFER,14411.29,C2188332531,31635.29,17224.0,C4921003983,4480.58,18891.87,0,0.0,0
346,CASH_OUT,1.0,C2970753705,0.0,0.0,C4990452762,40985.45,40985.45,0,0.0,0
693,PAYMENT,4786.58,C4413838650,117436.01,112649.43,M4865979921,0.0,0.0,0,0.0,0
480,PAYMENT,203.2,C2905584866,87083.37,86880.17,M1357561213,0.0,0.0,0,0.0,0
426,TRANSFER,11609.85,C1248704157,11520.17,0.0,M9625656293,0.0,0.0,1,0.8233333333333334,1
159,TRANSFER,2345.18,C3362657890,2481.13,135.95,M6894024976,0.0,0.0,1,0.33666666666666667,0
203,CASH_OUT,89.84,C2452066459,144.97,55.13,C7928074841,84203.22,84203.22,0,0.0,0
109,PAYMENT,6631.51,C8906163641,145181.49,138549.98,M5794335854,0.0,0.0,0,0.0,0
690,TRANSFER,3360.28,C6504099682,3622.12,261.84,C4277561834,4859.57,8219.85,0,0.016666666666666666,0
33,TRANSFER,3258.86,C7185179917,2964.75,0.0,C1981049082,41361.14,44620.0,1,0.006666666666666667,0
405,PAYMENT,3163.17,C1131267917,99179.88,96016.71,M3457877922,0.0,0.0,0,0.0,0
39,PAYMENT,6750.92,C3791815554,148878.13,142127.21,M6199197408,0.0,0.0,0,0.0,0
467,CASH_OUT,78840.65,C8235363119,75726.76,0.0,C9771848610,15695.07,15695.07,1,0.28,0
448,PAYMENT,11299.2,C6618965944,161900.79,150601.59,M6200141898,0.0,0.0,0,0.0,0
146,CASH_OUT,513.45,C8033702319,461.85,0.0,M2711123163,0.0,0.0,1,0.016666666666666666,0
5,PAYMENT,1.0,C6645808194,0.0,0.0,M6200141898,0.0,0.0,0,0.0,0
665,PAYMENT,1545.21,C5428082088,6919.86,5374.65,M7537130187,0.0,0.0,0,0.0,0
217,TRANSFER,87691.38,C6097953682,138442.11,50750.73,C7430757004,0.0,87691.38,0,0.0,0
296,PAYMENT,7.57,C2699887270,81933.31,81925.74,M9933702652,0.0,0.0,0,0.0,0
309,CASH_OUT,65229.6,C8265834251,80477.16,15247.56,C1160913827,52280.02,52280.02,0,0.0,0
324,PAYMENT,20394.12,C1546696950,157992.7,137598.58,M6692705133,0.0,0.0,0,0.0,0
387,PAYMENT,24407.79,C5035765954,159984.39,135576.6,M1083302600,0.0,0.0,0,0.0,0
716,CASH_OUT,179443.95,C7784217828,153652.06,0.0,C4403845222,22634.32,22634.32,1,0.09666666666666666,0
239,PAYMENT,4.23,C2812140441,49264.11,49259.88,M7951820749,0.0,0.0,0,0.0,0
122,PAYMENT,1287.2,C2947476917,40869.75,39582.55,M6401844042,0.0,0.0,0,0.0,0
160,CASH_OUT,30362.83,C1271730355,104617.37,74254.54,C2836553621,20312.99,20312.99,0,0.0,0
126,PAYMENT,10044.09,C2431779064,11339.06,1294.97,M9043367776,0.0,0.0,0,0.0,0
114,CASH_OUT,106335.45,C2770980600,122965.57,16630.12,C6582557981,5877.73,5877.73,1,0.0,0
240,CASH_OUT,1220.61,C7487012742,131321.1,130100.49,C7100408092,177296.26,177296.26,0,0.0,0
371,CASH_OUT,42453.7,C2620054076,38383.2,0.0,M2249831874,0.0,0.0,1,0.02666666666666667,0
233,PAYMENT,2552.0,C6754503097,3386.37,834.37,M6651020291,0.0,0.0,0,0.0,0
379,PAYMENT,338.71,C8322868827,2655.75,2317.04,M1357561213,0.0,0.0,0,0.0,0
367,TRANSFER,1979.4,C8272725281,2600.19,620.79,M4211837506,0.0,0.0,1,0.19,0
270,PAYMENT,12.12,C4507822591,16.34,4.22,M4522855590,0.0,0.0,0,0.0,0
222,TRANSFER,48266.68,C5492496998,60876.96,12610.28,M8235474949,0.0,0.0,1,0.22,0
75,TRANSFER,1.0,C7988845536,0.0,0.0,C1770278136,0.0,1.0,0,0.23333333333333334,0
52,CASH_OUT,10856.08,C1417436465,12043.4,1187.32,M4460319291,0.0,0.0,1,0.0,0
462,TRANSFER,11916.49,C8394198376,13033.38,1116.89,C8664882079,10595.27,22511.76,1,0.0033333333333333335,0
457,PAYMENT,752.81,C8372755146,3002.85,2250.04,M6282009986,0.0,0.0,0,0.0,0
212,PAYMENT,1.0,C1993998848,0.0,0.0,M8667946580,0.0,0.0,0,0.0,0
367,PAYMENT,137.95,C9255898264,166.82,28.87,M8458323087,0.0,0.0,0,0.0,0
622,CASH_OUT,127469.48,C9388140708,132987.64,5518.16,M8910440683,0.0,0.0,1,0.013333333333333334,0
403,PAYMENT,14480.1,C8380507338,22625.76,8145.66,M7366396017,0.0,0.0,0,0.0,0
241,CASH_OUT,152147.75,C1470939445,151845.26,0.0,M2695447268,0.0,0.0,1,0.02666666666666667,0
205,CASH_OUT,17145.26,C1375899416,56628.46,39483.2,C3806215682,28779.88,28779.88,0,0.0,0
461,PAYMENT,662.38,C5693307665,47020.43,46358.05,M2155671697,0.0,0.0,0,0.0,0
672,PAYMENT,5446.31,C1664847319,186042.21,180595.9,M2328736852,0.0,0.0,0,0.0,0
475,PAYMENT,1.0,C9333490239,0.0,0.0,M9776500600,0.0,0.0,0,0.0,0
29,CASH_OUT,1114.21,C1417436465,1187.32,73.11,C2870403050,17773.33,17773.33,1,0.0,0
134,PAYMENT,544.27,C8507497883,15995.06,15450.79,M4390543744,0.0,0.0,0,0.0,0
659,CASH_OUT,129664.43,C4325878813,116284.07,0.0,M2391874847,0.0,0.0,1,0.13666666666666666,0
502,PAYMENT,3765.64,C6562144159,63346.35,59580.71,M6284297249,0.0,0.0,0,0.0,0
59,PAYMENT,2838.83,C6287793163,11675.74,8836.91,M7948094928,0.0,0.0,0,0.0,0
296,TRANSFER,12143.8,C6655089949,13684.72,1540.92,C9663561486,77072.68,77072.68,1,0.0,0
436,PAYMENT,1.0,C3117951204,0.0,0.0,M5325865521,0.0,0.0,0,0.0,0
424,CASH_IN,13.35,C7292376027,65876.99,65890.34,C1039262289,199166.73,199166.73,0,0.0,0
273,TRANSFER,48781.08,C3423086220,50125.26,1344.18,M8858274691,0.0,0.0,1,0.25333333333333335,0
462,DEBIT,31129.86,C3392080953,89346.58,58216.72,M5570190774,0.0,0.0,0,0.016666666666666666,0
83,PAYMENT,6442.36,C6027311960,9023.69,2581.33,M7664045502,0.0,0.0,0,0.0,0
34,CASH_OUT,21301.32,C4550353803,26903.42,5602.1,M8790289305,0.0,0.0,1,0.0,0
386,CASH_OUT,4822.73,C1553753599,7748.59,2925.86,C7059726570,783.24,783.24,0,0.0033333333333333335,0
455,PAYMENT,6443.69,C7556078550,115867.93,109424.24,M6659847491,0.0,0.0,0,0.0,0
577,TRANSFER,97540.77,C2267619081,125351.69,27810.92,M7951820749,0.0,0.0,1,0.30666666666666664,0
628,TRANSFER,960.43,C7418301077,1274.42,313.99,C2579206999,147440.54,148400.97,0,0.0033333333333333335,0
231,TRANSFER,553.23,C7556046460,489.33,0.0,C5952894290,15987.6,16540.83,1,0.0033333333333333335,0
587,TRANSFER,78296.0,C7560389844,72082.35,0.0,M3192202822,0.0,0.0,1,0.9333333333333333,1
61,TRANSFER,23245.14,C1121863227,26855.49,3610.35,M1099218439,0.0,0.0,1,0.25,0
171,PAYMENT,1344.54,C1400330495,2432.43,1087.89,M7861571879,0.0,0.0,0,0.0,0
642,PAYMENT,5578.27,C3511301900,125728.81,120150.54,M3660800029,0.0,0.0,0,0.0,0
560,CASH_OUT,42607.06,C7894019119,199491.21,156884.15,C1940684569,192019.06,192019.06,0,0.0,0
373,CASH_OUT,214.53,C2351531223,18280.31,18065.78,C5515628633,160451.78,160451.78,0,0.0,0
11,DEBIT,1.0,C2350701477,0.0,0.0,M4689605624,0.0,0.0,0,0.023333333333333334,0
80,CASH_OUT,3871.19,C6720396142,10223.73,6352.54,C2464137110,200.63,200.63,0,0.0,0
34,CASH_OUT,14850.48,C2687477596,18877.5,4027.02,C9285415473,28558.57,28558.57,1,0.0,0
198,TRANSFER,406.15,C1233079614,522.73,116.58,M5714658227,0.0,0.0,1,0.15666666666666668,0
668,PAYMENT,209.5,C4660390742,167241.03,167031.53,M5156392601,0.0,0.0,0,0.0,0
232,PAYMENT,949.67,C9958044697,27498.41,26548.74,M9918338001,0.0,0.0,0,0.0,0
415,CASH_OUT,616.82,C7059726570,783.24,166.42,C7668801906,34449.8,34449.8,0,0.03666666666666667,0
639,TRANSFER,13732.77,C5686850445,12207.98,0.0,C6588252632,29013.06,29013.06,1,0.04,0
168,PAYMENT,9.6,C8497938394,107373.01,107363.41,M1783432867,0.0,0.0,0,0.0,0
578,TRANSFER,1971.28,C8669484644,14439.65,12468.37,C7576309274,161944.49,163915.77,0,0.0033333333333333335,0
276,PAYMENT,47.74,C9302705838,42195.56,42147.82,M5535650160,0.0,0.0,0,0.0,0
342,PAYMENT,22403.7,C7246858055,99212.57,76808.87,M1732578761,0.0,0.0,0,0.0,0
121,TRANSFER,100806.4,C1526723719,108406.47,7600.07,C2388450337,30422.66,30422.66,1,0.0033333333333333335,0
285,CASH_OUT,10728.52,C5633956194,9465.1,0.0,M6651754819,0.0,0.0,1,0.14,0
580,CASH_OUT,509.98,C7858937483,645.21,135.23,M9921025990,0.0,0.0,1,0.03,0
720,TRANSFER,168464.54,C9929101065,184765.25,16300.71,M8667946580,0.0,0.0,1,0.33,0
485,TRANSFER,11.97,C3316277000,30.79,18.82,C5294535887,0.0,11.97,0,0.17,0
106,PAYMENT,1.0,C1470939445,0.0,0.0,M5815678365,0.0,0.0,0,0.0033333333333333335,0
235,CASH_OUT,18575.36,C3971203213,19218.74,643.38,C6300607425,540.77,540.77,1,0.0,0
141,TRANSFER,49747.98,C4873807154,47581.06,0.0,M6284297249,0.0,0.0,1,0.8333333333333334,1
364,TRANSFER,3183.98,C2647489402,3121.78,0.0,M2136107759,0.0,0.0,1,0.76,1
683,TRANSFER,82869.43,C5610783750,151845.98,68976.55,C5667503195,66988.09,149857.52,0,0.0,0
144,CASH_OUT,112140.04,C7166868574,135818.31,23678.27,C9860949331,177110.31,177110.31,1,0.0,0
96,PAYMENT,8993.15,C1682781467,111526.4,102533.25,M2187592160,0.0,0.0,0,0.0,0
692,DEBIT,15703.54,C9981364488,103932.36,88228.82,M4093474499,0.0,0.0,0,0.02,0
8,TRANSFER,31464.93,C3639796200,161930.96,130466.03,C9894847574,71001.12,102466.05,0,0.0,0
650,TRANSFER,59337.67,C3297096148,77245.97,17908.3,C6341783555,30161.5,89499.17,0,0.0,0
604,TRANSFER,9574.92,C7451071432,14438.9,4863.98,C7161404428,71131.15,80706.07,0,0.0033333333333333335,0
59,CASH_OUT,15636.34,C4579265601,18670.96,3034.62,M5270048042,0.0,0.0,1,0.0,0
342,CASH_OUT,48927.02,C8325222092,101076.59,52149.57,C4490722186,68049.52,68049.52,0,0.0,0
197,TRANSFER,16379.11,C1834624758,131765.61,115386.5,C8441393731,182420.92,198800.03,0,0.0,0
448,PAYMENT,4.62,C4656572173,68852.93,68848.31,M7050091525,0.0,0.0,0,0.0,0
521,CASH_OUT,9660.08,C8106401208,10962.34,1302.26,M3019265031,0.0,0.0,1,0.02,0
653,CASH_OUT,61625.56,C3343292475,121501.59,59876.03,C8902114913,74273.42,74273.42,0,0.0,0
173,PAYMENT,1.72,C1725783958,64903.12,64901.4,M3322580659,0.0,0.0,0,0.0,0
109,PAYMENT,494.88,C3866755218,43821.27,43326.39,M3438830691,0.0,0.0,0,0.0,0
308,TRANSFER,109502.43,C9935429720,182184.0,72681.57,C9370133032,125438.33,234940.76,0,0.0,0
185,PAYMENT,15005.65,C7573442717,168621.5,153615.85,M5869990861,0.0,0.0,0,0.0,0
252,PAYMENT,541.29,C4602080228,118252.19,117710.9,M4399143287,0.0,0.0,0,0.0,0
12,TRANSFER,25831.63,C1207916194,189219.1,163387.47,C3291270703,26975.62,52807.25,0,0.0,0
711,PAYMENT,1316.81,C8084809436,92734.06,91417.25,M3660800029,0.0,0.0,0,0.0,0
351,PAYMENT,1072.76,C9989642546,3166.04,2093.28,M3960136787,0.0,0.0,0,0.0,0
489,TRANSFER,8007.63,C6924716023,13542.4,5534.77,C6894808149,7298.46,15306.09,0,0.0033333333333333335,0
77,TRANSFER,109768.16,C5647317872,101495.49,0.0,C2891100776,90321.92,90321.92,1,0.01,0
182,TRANSFER,339.04,C6469458472,340.42,1.38,M3595066420,0.0,0.0,1,0.17666666666666667,0
6,PAYMENT,350.49,C2149938334,31539.69,31189.2,M2129491690,0.0,0.0,0,0.0,0
498,PAYMENT,199.04,C4014119648,96732.6,96533.56,M8389750357,0.0,0.0,0,0.0,0
702,CASH_OUT,1.0,C7380780055,0.0,0.0,C6674372082,12544.16,12544.16,0,0.013333333333333334,0
401,TRANSFER,69531.61,C8418332121,98296.97,28765.36,C7135394336,59569.22,59569.22,1,0.0,0
475,CASH_OUT,2622.57,C7271954644,2547.38,0.0,M6275155878,0.0,0.0,1,0.35333333333333333,0
690,CASH_OUT,36320.9,C1197092148,47958.95,11638.05,C2388450337,30422.66,30422.66,1,0.0,0
633,TRANSFER,110963.94,C3837784389,94894.05,0.0,C2515672889,148590.65,148590.65,1,0.01,0
399,DEBIT,1507.1,C5819946657,4337.35,2830.25,M1096405016,0.0,0.0,0,0.016666666666666666,0
183,TRANSFER,21391.4,C6804850108,118560.42,97169.02,C2616884203,163056.73,184448.13,0,0.0,0
431,CASH_OUT,89129.28,C3074232200,184707.71,95578.43,C8015775567,49544.46,49544.46,0,0.0033333333333333335,0
258,PAYMENT,1.0,C1421776124,0.0,0.0,M2249831874,0.0,0.0,0,0.0,0
72,CASH_OUT,53785.55,C4642197907,146853.19,93067.64,C7579604766,9621.98,9621.98,0,0.0033333333333333335,0
21,CASH_OUT,68758.96,C9941564880,91650.71,22891.75,C6097953682,50750.73,50750.73,0,0.0,0
194,TRANSFER,100435.27,C9894847574,102466.05,2030.78,C8168394616,174076.98,174076.98,1,0.0,0
274,PAYMENT,886.13,C1643611097,1796.76,910.63,M5869990861,0.0,0.0,0,0.0,0
354,PAYMENT,16326.39,C3362646960,119451.77,103125.38,M6865994703,0.0,0.0,0,0.0,0
587,TRANSFER,75990.75,C4466589567,89748.16,13757.41,C3294092753,63308.68,63308.68,1,0.0,0
231,CASH_OUT,959.89,C1662259333,2337.46,1377.57,C5696548897,129362.64,129362.64,0,0.0,0
479,TRANSFER,193665.08,C8832617672,188680.43,0.0,C5215140451,138839.13,138839.13,1,0.016666666666666666,0
4,PAYMENT,8915.84,C1657675888,86122.94,77207.1,M7960713821,0.0,0.0,0,0.0,0
321,DEBIT,6329.45,C7196439534,131313.65,124984.2,M9021793855,0.0,0.0,0,0.006666666666666667,0
286,CASH_OUT,87794.33,C9780187424,122574.86,34780.53,C6488854841,124.26,124.26,1,0.0,0
489,PAYMENT,1831.29,C9484167278,6803.06,4971.77,M6999146585,0.0,0.0,0,0.0,0
664,CASH_OUT,35476.98,C8761956684,76651.51,41174.53,C8270110908,79122.24,79122.24,0,0.0,0
536,CASH_OUT,19237.14,C6491309593,25954.85,6717.71,M6053489772,0.0,0.0,1,0.013333333333333334,0
668,PAYMENT,19639.31,C9138644862,92019.78,72380.47,M6130446648,0.0,0.0,0,0.0,0
479,TRANSFER,195474.17,C8303853049,168177.58,0.0,C1614685938,68645.58,68645.58,1,0.07666666666666666,0
69,PAYMENT,4482.72,C9388140708,5518.16,1035.44,M4896576569,0.0,0.0,0,0.0,0
624,DEBIT,530.35,C5667181604,734.72,204.37,M1099218439,0.0,0.0,0,0.02666666666666667,0
591,PAYMENT,2248.27,C7022683808,153742.46,151494.19,M5000316394,0.0,0.0,0,0.0,0
715,CASH_OUT,39.35,C8663837890,1074.55,1035.2,C7637761996,106875.73,106875.73,0,0.0033333333333333335,0
242,CASH_OUT,18329.19,C2370592316,102294.35,83965.16,C6687206971,139407.55,139407.55,0,0.0,0
38,CASH_OUT,8564.89,C8674224347,10409.14,1844.25,M5815678365,0.0,0.0,1,0.0,0
495,TRANSFER,27314.05,C8110054933,115977.51,88663.46,C9019515562,517.67,27831.72,0,0.0,0
718,DEBIT,1193.73,C2771211118,105799.01,104605.28,M8861351706,0.0,0.0,0,0.016666666666666666,0
188,DEBIT,18884.98,C3465883999,121881.62,102996.64,M2418407139,0.0,0.0,0,0.006666666666666667,0
84,CASH_OUT,390.85,C9704383251,747.06,356.21,C2613385303,180679.3,180679.3,0,0.01,0
224,PAYMENT,3101.32,C8015124886,193714.77,190613.45,M2249831874,0.0,0.0,0,0.0,0
211,PAYMENT,11277.61,C5861829469,16034.08,4756.47,M5869990861,0.0,0.0,0,0.0,0
711,CASH_OUT,13253.88,C2327372855,60782.88,47529.0,C1799718923,8203.52,8203.52,0,0.0,0
323,TRANSFER,137659.46,C6717963562,175829.83,38170.37,C2351531223,18065.78,155725.24,0,0.0,0
653,PAYMENT,205.14,C2660286914,840.71,635.57,M1185303518,0.0,0.0,0,0.0,0
664,PAYMENT,6579.23,C3185386258,50173.42,43594.19,M8858274691,0.0,0.0,0,0.0,0
412,PAYMENT,773.89,C8689593739,1054.98,281.09,M5937271321,0.0,0.0,0,0.0,0
63,PAYMENT,1701.6,C7374584386,2406.37,704.77,M5087280062,0.0,0.0,0,0.0,0
16,DEBIT,1113.2,C1112794026,21126.47,20013.27,M8626371177,0.0,0.0,0,0.0033333333333333335,0
522,PAYMENT,21335.73,C5625411308,84078.21,62742.48,M4665677395,0.0,0.0,0,0.0,0
503,CASH_OUT,90247.05,C4682870880,83197.54,0.0,M1888107487,0.0,0.0,1,0.29333333333333333,0
239,PAYMENT,5109.98,C4356175095,6256.33,1146.35,M7230477043,0.0,0.0,0,0.0,0
316,PAYMENT,430.9,C7979466538,2670.54,2239.64,M6651020291,0.0,0.0,0,0.0,0
212,TRANSFER,4513.13,C2191714875,4856.18,343.05,C4322510552,146896.08,151409.21,0,0.0,0
90,PAYMENT,3.73,C6628158856,5.49,1.76,M5694439775,0.0,0.0,0,0.0,0
709,CASH_OUT,7493.09,C5162260671,8240.75,747.66,M3119908041,0.0,0.0,1,0.03,0
390,PAYMENT,4091.31,C3260842187,37484.36,33393.05,M1783432867,0.0,0.0,0,0.0,0
3,CASH_IN,136673.37,C1818112342,79358.1,216031.47,C1795212538,100130.16,100130.16,0,0.0,0
279,CASH_OUT,1001.81,C7660157097,1377.72,375.91,M7713758036,0.0,0.0,1,0.0033333333333333335,0
711,CASH_OUT,2861.48,C4067213499,5602.9,2741.42,C2745958114,59485.09,59485.09,0,0.01,0
515,PAYMENT,22531.82,C8902275119,29793.94,7262.12,M7928143230,0.0,0.0,0,0.0,0
278,TRANSFER,40527.16,C9752058817,63829.96,23302.8,C6287793163,8836.91,49364.07,0,0.0,0
54,CASH_OUT,144496.76,C3304560537,124512.07,0.0,C3197757742,59744.49,59744.49,1,0.043333333333333335,0
670,PAYMENT,1.0,C8543865915,0.0,0.0,M9441870024,0.0,0.0,0,0.0,0
56,CASH_IN,10483.52,C3758823240,140444.38,150927.9,C7397963801,146003.55,146003.55,0,0.0,0
457,PAYMENT,1.0,C2486744752,0.0,0.0,M2243802345,0.0,0.0,0,0.0,0
68,PAYMENT,1.0,C3777580509,0.0,0.0,M6932365592,0.0,0.0,0,0.0,0
179,CASH_OUT,137159.23,C8055515912,206887.87,69728.64,C2464137110,200.63,200.63,0,0.0,0
335,PAYMENT,1.0,C4820055862,0.0,0.0,M8443061472,0.0,0.0,0,0.0,0
676,PAYMENT,1.0,C2350701477,0.0,0.0,M2555936898,0.0,0.0,0,0.0,0
283,CASH_OUT,6771.02,C4163119785,6493.67,0.0,M5380159400,0.0,0.0,1,0.13,0
395,PAYMENT,3184.76,C4990452762,40985.45,37800.69,M3438830691,0.0,0.0,0,0.0,0
16,TRANSFER,8669.05,C3923823693,95135.36,86466.31,C6884882440,2326.71,10995.76,0,0.006666666666666667,0
123,TRANSFER,80905.5,C3693916084,156805.94,75900.44,C9547119184,9453.17,90358.67,0,0.0,0
689,PAYMENT,2125.16,C1110724913,23802.55,21677.39,M6247463262,0.0,0.0,0,0.0,0
610,TRANSFER,17919.13,C5269015757,143511.75,125592.62,C7248258423,62131.73,80050.86,0,0.0,0
535,CASH_OUT,91.42,C7406579219,439.07,347.65,C7825844140,0.0,0.0,0,0.02666666666666667,0
303,DEBIT,916.59,C4361393222,18683.42,17766.83,M8869140487,0.0,0.0,0,0.006666666666666667,0
383,CASH_OUT,55294.45,C7161887665,71062.96,15768.51,C7271954644,0.0,0.0,1,0.0,0
373,CASH_OUT,96721.74,C1952396600,107166.8,10445.06,M6558769264,0.0,0.0,1,0.0033333333333333335,0
61,TRANSFER,51142.98,C4939447721,44121.28,0.0,M9441870024,0.0,0.0,1,0.83,1
385,CASH_OUT,1.0,C4422700486,0.0,0.0,C4635552887,143783.68,143783.68,0,0.0,0
228,PAYMENT,11403.99,C6995554056,25981.45,14577.46,M6041646576,0.0,0.0,0,0.0,0
451,CASH_OUT,24.23,C3612617557,122410.75,122386.52,C9306142066,9838.66,9838.66,0,0.0033333333333333335,0
249,CASH_OUT,34868.74,C3259520140,59858.9,24990.16,C3923823693,86466.31,86466.31,0,0.0,0
151,CASH_OUT,1233.38,C8617360361,1394.09,160.71,C9704383251,356.21,356.21,1,0.0033333333333333335,0
410,CASH_IN,5961.66,C5367513465,149674.85,155636.51,C5419627962,270683.64,270683.64,0,0.0,0
40,CASH_OUT,27244.09,C2848792488,45657.57,18413.48,C9094089209,57971.24,57971.24,0,0.0,0
291,PAYMENT,1.0,C2654584280,0.0,0.0,M7341757401,0.0,0.0,0,0.0,0
683,PAYMENT,618.77,C2811967841,104736.92,104118.15,M6130446648,0.0,0.0,0,0.0,0
538,PAYMENT,5.68,C8598503901,27.29,21.61,M1647181551,0.0,0.0,0,0.0,0
427,CASH_IN,43418.45,C6673381261,8873.39,52291.84,C7705605962,28107.97,28107.97,0,0.0,0
418,CASH_OUT,69645.02,C7627266377,65172.95,0.0,M8083396378,0.0,0.0,1,0.25333333333333335,0
562,CASH_OUT,2028.81,C9493209128,2119.12,90.31,M3690714075,0.0,0.0,1,0.043333333333333335,0
462,PAYMENT,1.0,C4143852021,0.0,0.0,M6525576685,0.0,0.0,0,0.0,0
261,PAYMENT,19596.69,C3667740351,171916.8,152320.11,M9977193987,0.0,0.0,0,0.0,0
253,CASH_OUT,127337.63,C6168291913,127370.07,32.44,M8218146534,0.0,0.0,1,0.01,0
130,PAYMENT,1.0,C5704029171,0.0,0.0,M2586712032,0.0,0.0,0,0.0,0
675,DEBIT,497.08,C4037867512,1159.46,662.38,M2586712032,0.0,0.0,0,0.03,0
668,CASH_OUT,7523.05,C5272119095,12075.18,4552.13,C9259157845,99025.31,99025.31,0,0.0,0
223,PAYMENT,1537.32,C4180599722,4892.36,3355.04,M2418407139,0.0,0.0,0,0.0,0
651,PAYMENT,4001.49,C9592390865,58942.92,54941.43,M2243802345,0.0,0.0,0,0.0,0
336,PAYMENT,1728.86,C6715705115,15043.74,13314.88,M8861351706,0.0,0.0,0,0.0,0
12,CASH_IN,261.28,C3102209245,81072.07,81333.35,C8949781901,23389.94,23389.94,0,0.0,0
188,CASH_OUT,34222.88,C4919706735,28598.59,0.0,C8617360361,160.71,160.71,1,0.0033333333333333335,0
105,PAYMENT,259.17,C5735817014,67907.88,67648.71,M8667946580,0.0,0.0,0,0.0,0
583,CASH_OUT,112019.95,C1726990714,137897.73,25877.78,C9433570024,0.0,0.0,0,0.013333333333333334,0
665,PAYMENT,18840.74,C1065857791,52091.07,33250.33,M9020002737,0.0,0.0,0,0.0,0
88,PAYMENT,4285.98,C7488943393,85738.07,81452.09,M4865979921,0.0,0.0,0,0.0,0
419,DEBIT,4456.83,C1415802902,44862.51,40405.68,M9581187661,0.0,0.0,0,0.023333333333333334,0
492,CASH_OUT,173956.96,C2780136605,160237.13,0.0,C1051354601,24349.58,24349.58,1,0.17333333333333334,0
7,CASH_OUT,1.0,C2409274786,0.0,0.0,C5802739154,35983.33,35983.33,0,0.0033333333333333335,0
326,CASH_OUT,109966.36,C3878201524,128184.71,18218.35,M1122712790,0.0,0.0,1,0.0,0
14,TRANSFER,123264.7,C3362646960,103125.38,0.0,M5869990861,0.0,0.0,1,0.5066666666666667,1
232,CASH_OUT,4562.53,C8991514523,20750.37,16187.84,C8282534126,379.62,379.62,0,0.0,0
47,CASH_OUT,67396.87,C8039917766,91635.17,24238.3,M9896529524,0.0,0.0,1,0.0,0
496,CASH_OUT,5570.13,C1392245997,5040.01,0.0,M8869140487,0.0,0.0,1,0.24,0
318,CASH_OUT,1830.73,C7467073633,2568.24,737.51,M3660800029,0.0,0.0,1,0.006666666666666667,0
548,PAYMENT,24260.57,C5283911723,77926.34,53665.77,M4908108692,0.0,0.0,0,0.0,0
6,PAYMENT,1.0,C5923940434,0.0,0.0,M8858274691,0.0,0.0,0,0.0,0
483,CASH_IN,105816.22,C7598745558,18625.38,124441.6,C3426665919,94904.05,94904.05,0,0.0,0
366,TRANSFER,45729.83,C3891796055,47187.62,1457.79,C8086684009,113548.13,113548.13,1,0.0,0
275,PAYMENT,8276.87,C9697414638,158545.75,150268.88,M3534186676,0.0,0.0,0,0.0,0
76,PAYMENT,2426.29,C2181241943,209927.78,207501.49,M3476758136,0.0,0.0,0,0.0,0
81,CASH_OUT,30107.95,C2014766981,76139.95,46032.0,C1197449658,60982.49,60982.49,0,0.0,0
635,PAYMENT,20901.17,C4302632494,156500.35,135599.18,M1096405016,0.0,0.0,0,0.0,0
49,CASH_OUT,12644.75,C9963334018,128963.1,116318.35,C2811967841,104118.15,104118.15,0,0.0,0
602,TRANSFER,3402.68,C2625792787,4485.38,1082.7,C6894808149,15306.09,15306.09,1,0.0033333333333333335,0
19,PAYMENT,383.69,C3716924538,151681.67,151297.98,M7969674420,0.0,0.0,0,0.0,0
84,PAYMENT,3216.0,C3367665472,122227.36,119011.36,M6199197408,0.0,0.0,0,0.0,0
165,CASH_OUT,46203.57,C1965067727,46863.5,659.93,C7751356568,159297.24,159297.24,0,0.0,0
558,TRANSFER,92745.4,C3612617557,122386.52,29641.12,C7488943393,81452.09,174197.49,0,0.0,0
676,TRANSFER,16498.12,C6075963527,56681.49,40183.37,C5092199300,19497.93,35996.05,0,0.0,0
623,PAYMENT,1550.21,C9461708554,4210.89,2660.68,M6199197408,0.0,0.0,0,0.0,0
448,PAYMENT,2368.57,C5975196341,138583.72,136215.15,M5449848690,0.0,0.0,0,0.0,0
428,TRANSFER,4072.73,C1392245997,4280.02,207.29,M1357561213,0.0,0.0,1,0.2966666666666667,0
55,CASH_OUT,44605.93,C6306523372,154011.85,109405.92,C4888749350,6987.94,6987.94,0,0.0,0
620,CASH_IN,2971.54,C4888749350,6987.94,9959.48,C4042413312,22765.08,22765.08,0,0.0033333333333333335,0
696,TRANSFER,21514.05,C9411532909,28988.25,7474.2,C4712367625,0.0,21514.05,0,0.01,0
710,CASH_IN,562.28,C6745958212,15300.17,15862.45,C3791027186,144978.12,144978.12,0,0.0,0
205,DEBIT,5901.5,C5461537013,150910.05,145008.55,M2635881694,0.0,0.0,0,0.006666666666666667,0
99,PAYMENT,31.02,C5028688786,7588.83,7557.81,M1999913493,0.0,0.0,0,0.0,0
167,PAYMENT,201.17,C2176904638,147152.16,146950.99,M1692044390,0.0,0.0,0,0.0,0
672,PAYMENT,367.72,C3923699745,119747.98,119380.26,M9776500600,0.0,0.0,0,0.0,0
322,TRANSFER,4205.14,C3550908958,4769.47,564.33,M7230477043,0.0,0.0,1,0.21666666666666667,0
492,CASH_IN,37392.7,C7249213370,0.0,37392.7,C7823288650,135832.52,135832.52,0,0.0,0
696,DEBIT,193.71,C1197449658,60982.49,60788.78,M7678293431,0.0,0.0,0,0.016666666666666666,0
66,CASH_OUT,210567.75,C6471691689,197790.98,0.0,C7838460497,159149.08,159149.08,1,0.06,0
432,PAYMENT,292.84,C2830154607,114837.66,114544.82,M2711123163,0.0,0.0,0,0.0,0
418,TRANSFER,134109.12,C5855415646,191205.32,57096.2,M5087280062,0.0,0.0,1,0.3,0
14,TRANSFER,23720.13,C6098775210,31011.98,7291.85,M2773408660,0.0,0.0,1,0.16333333333333333,0
569,PAYMENT,5855.43,C9376711497,87198.23,81342.8,M6495967005,0.0,0.0,0,0.0,0
50,CASH_OUT,183.57,C1288765093,13652.34,13468.77,C6369130994,90894.76,90894.76,0,0.0,0
406,TRANSFER,74084.1,C3698343112,76735.23,2651.13,C6317189421,124341.61,124341.61,1,0.0,0
663,PAYMENT,7766.62,C1667779376,136288.46,128521.84,M7969674420,0.0,0.0,0,0.0,0
12,TRANSFER,254.3,C9437783771,1042.08,787.78,C6461974809,44417.13,44671.43,0,0.0,0
243,PAYMENT,8376.25,C5078551333,88442.02,80065.77,M7282885927,0.0,0.0,0,0.0,0
348,CASH_OUT,26922.33,C2537965898,27354.2,431.87,M6011842297,0.0,0.0,1,0.0033333333333333335,0
376,CASH_OUT,58627.52,C3102209245,81333.35,22705.83,M5959736235,0.0,0.0,1,0.0033333333333333335,0
547,PAYMENT,61.32,C5913767020,75.6,14.28,M9068916300,0.0,0.0,0,0.0,0
505,TRANSFER,11530.88,C2753617371,67075.02,55544.14,C2020395327,156474.16,168005.04,0,0.0,0
646,PAYMENT,13166.61,C1722124509,31630.88,18464.27,M5794335854,0.0,0.0,0,0.0,0
620,TRANSFER,111606.04,C4673457063,146430.44,34824.4,M7532669066,0.0,0.0,1,0.2966666666666667,0
575,CASH_OUT,132918.06,C9581991473,137782.29,4864.23,C7560389844,0.0,0.0,1,0.013333333333333334,0
290,PAYMENT,18261.64,C3185089287,353121.54,334859.9,M7537130187,0.0,0.0,0,0.0,0
612,PAYMENT,8627.28,C7099469983,297220.45,288593.17,M6786043791,0.0,0.0,0,0.0,0
54,PAYMENT,6983.1,C3303082117,13792.64,6809.54,M2228388623,0.0,0.0,0,0.0,0
431,PAYMENT,1.0,C6572436051,0.0,0.0,M8910440683,0.0,0.0,0,0.0,0
656,TRANSFER,119482.24,C9463197203,149657.7,30175.46,M3438830691,0.0,0.0,1,0.31,0
65,PAYMENT,22586.14,C5972484792,149371.14,126785.0,M6313472215,0.0,0.0,0,0.0,0
698,TRANSFER,10866.62,C9306142066,9838.66,0.0,M9021793855,0.0,0.0,1,0.8533333333333334,1
56,PAYMENT,276.96,C1798112150,187648.77,187371.81,M6313472215,0.0,0.0,0,0.0,0
262,PAYMENT,131.24,C6732648420,209.85,78.61,M1458227039,0.0,0.0,0,0.0,0
58,CASH_IN,16372.65,C2984460654,12093.61,28466.26,C9544423456,33464.46,33464.46,0,0.0,0
100,PAYMENT,7643.81,C7135394336,59569.22,51925.41,M1357561213,0.0,0.0,0,0.0,0
327,PAYMENT,13608.83,C3371357111,56295.4,42686.57,M6041646576,0.0,0.0,0,0.0,0
538,TRANSFER,5807.58,C5151887478,13656.59,7849.01,C7174772035,117896.19,123703.77,0,0.0033333333333333335,0
415,PAYMENT,6811.46,C6804850108,97169.02,90357.56,M1240140248,0.0,0.0,0,0.0,0
200,CASH_OUT,12699.0,C8317619798,20493.01,7794.01,C8239941612,114779.65,114779.65,0,0.0,0
406,PAYMENT,34.1,C2191714875,343.05,308.95,M1357561213,0.0,0.0,0,0.0,0
191,CASH_IN,104249.29,C9388140708,1035.44,105284.73,C4765583254,175819.24,175819.24,0,0.0,0
91,PAYMENT,1.0,C7825844140,0.0,0.0,M8058679999,0.0,0.0,0,0.0,0
618,PAYMENT,17499.12,C8779941999,111546.78,94047.66,M8218146534,0.0,0.0,0,0.0,0
148,TRANSFER,117794.21,C9516893896,185444.51,67650.3,C5933179746,65360.77,183154.98,0,0.0,0
137,TRANSFER,4098.46,C3738900744,5168.16,1069.7,C9454207717,141717.41,141717.41,1,0.0,0
137,CASH_OUT,172417.83,C3772636814,186025.99,13608.16,C3598862507,18106.6,18106.6,0,0.0,0
472,CASH_OUT,10178.82,C7590302909,178686.89,168508.07,C8252816758,186605.99,186605.99,0,0.0,0
450,PAYMENT,929.46,C6959501845,87077.76,86148.3,M9776500600,0.0,0.0,0,0.0,0
548,TRANSFER,8526.0,C1817804383,99509.83,90983.83,C1654477195,8975.51,17501.51,0,0.0,0
187,TRANSFER,58794.49,C5578929439,58303.36,0.0,M3660800029,0.0,0.0,1,0.9033333333333333,1
180,PAYMENT,5314.33,C5933179746,183154.98,177840.65,M8869140487,0.0,0.0,0,0.0,0
73,TRANSFER,7.46,C7016293621,145932.87,145925.41,C5744003377,65194.46,65201.92,0,0.0,0
689,CASH_OUT,4143.41,C2068687175,10318.63,6175.22,C4993808565,173733.17,173733.17,0,0.0,0
351,TRANSFER,6892.74,C8373547961,7003.42,110.68,M5990749811,0.0,0.0,1,0.4033333333333333,0
72,TRANSFER,334.94,C6928691380,300.08,0.0,C5774080233,36120.87,36120.87,1,0.0,0
252,CASH_OUT,3072.95,C1005502537,2892.59,0.0,M4820942294,0.0,0.0,1,0.08333333333333333,0
132,PAYMENT,6093.27,C7829772942,11932.96,5839.69,M4211837506,0.0,0.0,0,0.0,0
519,PAYMENT,29.88,C7004510516,39.97,10.09,M8667946580,0.0,0.0,0,0.0,0
29,PAYMENT,2666.49,C6469318275,54041.51,51375.02,M8366710477,0.0,0.0,0,0.0,0
244,PAYMENT,504.39,C7699500243,11994.55,11490.16,M2155671697,0.0,0.0,0,0.0,0
516,PAYMENT,645.85,C5819946657,2830.25,2184.4,M7514017540,0.0,0.0,0,0.0,0
485,PAYMENT,19721.82,C5161807235,114202.44,94480.62,M9020002737,0.0,0.0,0,0.0,0
277,CASH_OUT,1536.25,C7465834732,1960.75,424.5,C9434946584,12084.39,12084.39,1,0.0,0
142,DEBIT,33221.1,C9579064478,361291.37,328070.27,M8458323087,0.0,0.0,0,0.006666666666666667,0
15,PAYMENT,745.33,C3738900744,1069.7,324.37,M8218146534,0.0,0.0,0,0.0,0
366,CASH_OUT,41167.66,C7601519165,51679.37,10511.71,C7623575561,86887.4,86887.4,0,0.0,0
422,PAYMENT,1970.66,C5992908271,168142.2,166171.54,M6558769264,0.0,0.0,0,0.0,0
498,PAYMENT,23963.72,C5935852056,128067.05,104103.33,M6247463262,0.0,0.0,0,0.0,0
716,TRANSFER,135800.24,C8638763775,151222.81,15422.57,C4062777850,133156.86,268957.1,0,0.0,0
285,TRANSFER,12967.18,C5310195918,17774.24,4807.06,C2753617371,55544.14,68511.32,0,0.0,0
438,CASH_OUT,225.56,C1785418196,268.19,42.63,C7949795085,563.38,563.38,1,0.04666666666666667,0
678,TRANSFER,604.29,C5162260671,747.66,143.37,C3962452613,540.03,1144.32,1,0.03,0
228,PAYMENT,285.57,C6955593943,200849.12,200563.55,M8058679999,0.0,0.0,0,0.0,0
161,TRANSFER,8867.65,C2079501936,12885.51,4017.86,C1011759631,0.0,8867.65,0,0.0,0
677,PAYMENT,7047.88,C7150970643,90998.17,83950.29,M5585110649,0.0,0.0,0,0.0033333333333333335,0
348,TRANSFER,40334.0,C3185386258,43594.19,3260.19,M1199447370,0.0,0.0,1,0.24,0
168,CASH_OUT,2162.67,C6157617867,2538.07,375.4,M8235474949,0.0,0.0,1,0.0,0
177,DEBIT,6577.03,C2079770569,106312.13,99735.1,M3107992942,0.0,0.0,0,0.006666666666666667,0
473,TRANSFER,46134.4,C7540301973,53163.13,7028.73,C2525930586,195552.34,241686.74,0,0.0,0
514,DEBIT,8641.96,C2982979741,132705.09,124063.13,M4211837506,0.0,0.0,0,0.02,0
659,PAYMENT,23514.13,C7472806994,104725.59,81211.46,M7969674420,0.0,0.0,0,0.0,0
298,TRANSFER,167801.95,C4531928910,157465.35,0.0,C5625980561,52001.49,52001.49,1,0.04,0
262,PAYMENT,13183.16,C3574081104,125440.1,112256.94,M1357561213,0.0,0.0,0,0.0,0
589,CASH_IN,19050.82,C1529290976,175886.71,194937.53,C1225052083,166633.85,166633.85,0,0.0,0
696,PAYMENT,7186.0,C6986770879,62499.94,55313.94,M5067400473,0.0,0.0,0,0.0,0
397,TRANSFER,105858.0,C2513206988,104763.46,0.0,C2476831585,301947.94,301947.94,1,0.0,0
158,TRANSFER,102760.97,C2811967841,104118.15,1357.18,C7872090713,3183.91,105944.88,1,0.0033333333333333335,0
86,PAYMENT,2076.57,C3880327491,91347.91,89271.34,M6845287382,0.0,0.0,0,0.0,0
327,TRANSFER,11945.84,C1596471620,46298.37,34352.53,C5483308751,114622.59,126568.43,0,0.0,0
512,TRANSFER,17192.12,C8084809436,91417.25,74225.13,C3587283948,72320.61,89512.73,0,0.0,0
368,PAYMENT,1235.33,C3291226621,135544.65,134309.32,M7050091525,0.0,0.0,0,0.0,0
442,TRANSFER,14963.67,C8133593748,15578.88,615.21,M2695447268,0.0,0.0,1,0.31666666666666665,0
544,PAYMENT,75.92,C8380507338,8145.66,8069.74,M5194066484,0.0,0.0,0,0.0,0
392,PAYMENT,1410.45,C5071897791,1666.84,256.39,M1811839103,0.0,0.0,0,0.0,0
267,CASH_OUT,7615.1,C2369705770,10840.48,3225.38,C4990452762,37800.69,37800.69,1,0.0,0
207,TRANSFER,137552.89,C5025070544,126454.51,0.0,M8646369354,0.0,0.0,1,0.9766666666666667,1
482,CASH_OUT,45101.38,C7333316743,89105.53,44004.15,C8235363119,0.0,0.0,0,0.013333333333333334,0
47,PAYMENT,408.14,C5141593270,40017.73,39609.59,M5067400473,0.0,0.0,0,0.0,0
218,PAYMENT,15189.22,C8578226896,30341.64,15152.42,M2249831874,0.0,0.0,0,0.0,0
341,TRANSFER,7392.78,C1553155490,151645.91,144253.13,C6173344564,0.0,7392.78,0,0.0,0
624,PAYMENT,1393.47,C9303285822,122393.94,121000.47,M5919148165,0.0,0.0,0,0.0,0
593,CASH_OUT,31150.51,C5785481124,33216.04,2065.53,C2699887270,81925.74,81925.74,1,0.0,0
590,PAYMENT,24455.09,C4202607993,67413.66,42958.57,M7960713821,0.0,0.0,0,0.0,0
569,TRANSFER,4131.74,C9581991473,4864.23,732.49,M9404002665,0.0,0.0,1,0.32,0
476,CASH_OUT,1953.14,C2087974350,2298.95,345.81,C3821211202,214679.54,214679.54,1,0.016666666666666666,0
15,PAYMENT,1.0,C3346569443,0.0,0.0,M9523139706,0.0,0.0,0,0.0,0
345,TRANSFER,1.0,C1993998848,0.0,0.0,C3030106617,49049.65,49050.65,0,0.0,0
2,CASH_OUT,100572.39,C2390587865,91067.57,0.0,C2870403050,17773.33,17773.33,1,0.043333333333333335,0
239,PAYMENT,2212.98,C1818112342,216031.47,213818.49,M2136107759,0.0,0.0,0,0.0,0
288,CASH_OUT,23820.1,C3520417815,75577.7,51757.6,C8093179263,149271.33,149271.33,0,0.0,0
233,TRANSFER,156572.35,C1304205279,162033.66,5461.31,C7551874474,285069.26,285069.26,1,0.0,0
625,DEBIT,130.4,C7190276026,203155.32,203024.92,M7341757401,0.0,0.0,0,0.016666666666666666,0
436,CASH_IN,73179.99,C2191714875,308.95,73488.94,C5935852056,104103.33,104103.33,0,0.0,0
207,CASH_OUT,1771.92,C6000952470,1736.0,0.0,C5510938155,64458.74,64458.74,1,0.016666666666666666,0
714,DEBIT,2317.93,C8184602688,6043.84,3725.91,M9581187661,0.0,0.0,0,0.03333333333333333,0
226,CASH_OUT,2031.18,C4919706735,2008.37,0.0,M3960136787,0.0,0.0,1,0.056666666666666664,0
471,PAYMENT,806.07,C6153541642,13309.57,12503.5,M7343954769,0.0,0.0,0,0.0,0
455,CASH_OUT,123200.04,C9868845806,152698.64,29498.6,M6651754819,0.0,0.0,1,0.013333333333333334,0
698,CASH_OUT,118004.68,C8497938394,107363.41,0.0,M8235474949,0.0,0.0,1,0.13666666666666666,0
554,PAYMENT,540.69,C4037867512,662.38,121.69,M6199197408,0.0,0.0,0,0.0,0
577,TRANSFER,52.7,C6336171726,607.03,554.33,C5569145346,62401.38,62454.08,0,0.0,0
431,PAYMENT,895.39,C6038780151,8627.04,7731.65,M6282009986,0.0,0.0,0,0.0,0
486,TRANSFER,149531.96,C1037811610,192757.38,43225.42,C6099808894,1521.23,151053.19,1,0.0,0
483,TRANSFER,42520.16,C5067116918,55064.89,12544.73,C7670476743,0.0,42520.16,0,0.0,0
439,PAYMENT,206.71,C5634076661,385.65,178.94,M8030400668,0.0,0.0,0,0.0,0
688,PAYMENT,1994.25,C4067213499,2741.42,747.17,M8063693463,0.0,0.0,0,0.0,0
73,PAYMENT,587.37,C1643611097,910.63,323.26,M2155671697,0.0,0.0,0,0.0,0
80,CASH_OUT,1993.44,C8709361138,8673.04,6679.6,C1626733282,122789.23,122789.23,0,0.0033333333333333335,0
464,PAYMENT,7634.04,C2699887270,81925.74,74291.7,M7453081889,0.0,0.0,0,0.0,0
329,PAYMENT,1969.1,C9989642546,2093.28,124.18,M5694439775,0.0,0.0,0,0.0,0
643,PAYMENT,452.0,C7467073633,737.51,285.51,M5985331805,0.0,0.0,0,0.0,0
454,TRANSFER,277.2,C1818520766,388.27,111.07,C4256292393,7616.87,7894.07,0,0.013333333333333334,0
409,TRANSFER,294116.96,C1487258103,251849.75,0.0,M8778927211,0.0,0.0,1,0.9666666666666667,1
618,TRANSFER,77038.48,C6991473746,69803.99,0.0,C5759234471,101505.14,178543.62,1,0.02,0
581,TRANSFER,83648.04,C3313993297,106138.4,22490.36,C6611356986,48291.87,131939.91,0,0.0,0
101,PAYMENT,94.25,C7059726570,166.42,72.17,M3369412470,0.0,0.0,0,0.0,0
412,CASH_OUT,139.66,C3035761595,15646.58,15506.92,C3362657890,135.95,135.95,0,0.02,0
122,CASH_OUT,89846.81,C2891100776,90321.92,475.11,C5778781449,136575.26,136575.26,1,0.0033333333333333335,0
567,PAYMENT,10114.4,C3163970710,77716.68,67602.28,M6771941776,0.0,0.0,0,0.0,0
448,TRANSFER,232.02,C8907752604,161777.48,161545.46,C9433570024,0.0,232.02,0,0.06333333333333334,0
324,CASH_OUT,8745.47,C6038780151,7731.65,0.0,M6771941776,0.0,0.0,1,0.17666666666666667,0
231,PAYMENT,2.85,C7451071432,4863.98,4861.13,M8063693463,0.0,0.0,0,0.0,0
499,CASH_OUT,72811.64,C6048096802,104968.83,32157.19,C4530959836,190091.92,190091.92,0,0.0033333333333333335,0
224,CASH_OUT,4091.7,C1586412136,3775.27,0.0,M4329446784,0.0,0.0,1,0.06,0
34,TRANSFER,14104.36,C4039019230,19960.14,5855.78,C4765583254,175819.24,189923.6,0,0.0,0
228,CASH_OUT,215.77,C7573691558,125795.72,125579.95,C8969097897,5247.68,5247.68,0,0.0,0
377,TRANSFER,1.0,C5659161352,0.0,0.0,C1691293717,1903.93,1904.93,0,0.006666666666666667,0
495,TRANSFER,107004.11,C7321180787,184826.33,77822.22,C6587537178,874.61,107878.72,0,0.0,0
233,CASH_OUT,1.0,C4820055862,0.0,0.0,C4700855390,0.0,0.0,0,0.016666666666666666,0
455,CASH_OUT,13023.05,C1288765093,13468.77,445.72,C7471636437,19267.71,19267.71,1,0.0033333333333333335,0
39,PAYMENT,8669.79,C7085004726,76725.98,68056.19,M2778069478,0.0,0.0,0,0.0,0
551,CASH_OUT,16525.36,C9929101065,16300.71,0.0,M5694439775,0.0,0.0,1,0.18666666666666668,0
525,CASH_OUT,18884.48,C9067664957,26509.37,7624.89,M2418407139,0.0,0.0,1,0.013333333333333334,0
238,PAYMENT,22528.22,C5315211627,58527.86,35999.64,M8646369354,0.0,0.0,0,0.0,0
23,TRANSFER,3661.6,C3799264931,3842.12,180.52,M4158643786,0.0,0.0,1,0.19666666666666666,0
122,DEBIT,23276.44,C2789144223,93079.31,69802.87,M1099218439,0.0,0.0,0,0.006666666666666667,0
165,CASH_OUT,4947.13,C2870403050,17773.33,12826.2,C8215470878,91401.56,91401.56,0,0.0,0
403,CASH_OUT,148.96,C9505085936,148473.33,148324.37,C2052811909,107973.32,107973.32,0,0.0,0
579,PAYMENT,9447.97,C8025152555,182572.32,173124.35,M8821456242,0.0,0.0,0,0.0,0
233,TRANSFER,1907.3,C5474951950,2183.56,276.26,M7651029165,0.0,0.0,1,0.19,0
551,CASH_OUT,18130.8,C9771848610,15695.07,0.0,M6606958660,0.0,0.0,1,0.16666666666666666,0
394,CASH_OUT,1.0,C9771848610,0.0,0.0,C6201313620,3834.62,3834.62,0,0.0033333333333333335,0
648,TRANSFER,7640.87,C2941289685,13516.68,5875.81,C6618926823,121682.67,129323.54,0,0.006666666666666667,0
625,TRANSFER,38461.18,C2812140441,49259.88,10798.7,M7960713821,0.0,0.0,1,0.30666666666666664,0
526,PAYMENT,9545.2,C7664258343,23638.42,14093.22,M6846530109,0.0,0.0,0,0.0,0
294,PAYMENT,16936.79,C7872873371,30910.98,13974.19,M6361225622,0.0,0.0,0,0.0,0
684,TRANSFER,18388.4,C2274350418,22618.69,4230.29,C4873807154,0.0,18388.4,0,0.01,0
209,CASH_OUT,647.34,C5819946657,2184.4,1537.06,C1470939445,0.0,0.0,0,0.0033333333333333335,0
129,PAYMENT,23437.72,C7603978731,153721.28,130283.56,M9576264323,0.0,0.0,0,0.0,0
30,PAYMENT,23339.66,C6155234610,115299.78,91960.12,M8727805468,0.0,0.0,0,0.0,0
31,TRANSFER,1.0,C4531928910,0.0,0.0,C8923555411,166313.02,166314.02,0,0.0,0
194,PAYMENT,24450.48,C7099469983,288593.17,264142.69,M2571632270,0.0,0.0,0,0.0,0
424,PAYMENT,13144.87,C4518871744,19473.47,6328.6,M2155671697,0.0,0.0,0,0.0,0
247,TRANSFER,33932.75,C9463197203,30175.46,0.0,C5951406973,97060.43,130993.18,1,0.0,0
697,PAYMENT,21.57,C3783009621,94198.05,94176.48,M7948094928,0.0,0.0,0,0.0,0
214,CASH_IN,116394.86,C8189916797,22949.86,139344.72,C1662976399,5724.61,5724.61,0,0.0,0
500,CASH_OUT,1.0,C5033992825,0.0,0.0,C3774110439,60273.43,60273.43,0,0.04,0
336,TRANSFER,31572.2,C4731897202,37280.48,5708.28,M6583604299,0.0,0.0,1,0.23666666666666666,0
217,TRANSFER,162904.12,C6305160342,181462.98,18558.86,C3965676060,26507.75,26507.75,1,0.006666666666666667,0
315,TRANSFER,45905.07,C6596578419,51470.87,5565.8,C9807209816,61219.12,61219.12,1,0.0,0
132,PAYMENT,1.0,C3117951204,0.0,0.0,M5194066484,0.0,0.0,0,0.0,0
628,PAYMENT,1.0,C7556046460,0.0,0.0,M7537130187,0.0,0.0,0,0.0,0
450,DEBIT,1.0,C8497938394,0.0,0.0,M3595066420,0.0,0.0,0,0.04666666666666667,0
222,CASH_IN,39872.35,C9086117171,59770.74,99643.09,C4731897202,5708.28,5708.28,0,0.0,0
3,CASH_OUT,466.39,C5578056564,142735.48,142269.09,C9752058817,23302.8,23302.8,0,0.0033333333333333335,0
214,CASH_OUT,12988.0,C1225052083,166633.85,153645.85,C5087357728,96009.74,96009.74,0,0.0,0
700,TRANSFER,157785.74,C5778781449,136575.26,0.0,C4070964768,39997.67,197783.41,1,0.0033333333333333335,0
1,CASH_OUT,508.62,C1375899416,39483.2,38974.58,C1614685938,68645.58,68645.58,0,0.006666666666666667,0
370,TRANSFER,52366.96,C4807122420,55644.37,3277.41,C5736462531,153141.64,153141.64,1,0.0,0
203,TRANSFER,145203.97,C7243352390,155584.85,10380.88,M1343875431,0.0,0.0,1,0.27666666666666667,0
219,TRANSFER,110672.13,C1667779376,128521.84,17849.71,C9454207717,141717.41,252389.54,1,0.0,0
508,PAYMENT,38.06,C1484664056,98344.36,98306.3,M3072183247,0.0,0.0,0,0.0,0
542,TRANSFER,9300.37,C8507497883,15450.79,6150.42,C4642197907,93067.64,102368.01,0,0.0033333333333333335,0
250,TRANSFER,127252.85,C4993808565,173733.17,46480.32,M7951820749,0.0,0.0,1,0.26,0
493,PAYMENT,5109.54,C8106906538,119046.24,113936.7,M7168105904,0.0,0.0,0,0.0,0
562,CASH_OUT,42185.61,C3030106617,49050.65,6865.04,M3438830691,0.0,0.0,1,0.013333333333333334,0
339,CASH_OUT,28457.27,C1596471620,34352.53,5895.26,C2017675569,189986.78,189986.78,0,0.0,0
147,CASH_OUT,9012.89,C7190276026,203024.92,194012.03,C2388450337,30422.66,30422.66,0,0.0,0
74,PAYMENT,2.55,C9392707144,25294.7,25292.15,M7678293431,0.0,0.0,0,0.0,0
35,TRANSFER,4860.5,C4550353803,5602.1,741.6,M2115862756,0.0,0.0,1,0.18,0
344,PAYMENT,496.15,C3178995337,15385.19,14889.04,M3580582653,0.0,0.0,0,0.0,0
98,TRANSFER,141034.22,C9573276057,196335.14,55300.92,C7623575561,86887.4,86887.4,1,0.0,0
263,TRANSFER,1139.99,C3693985578,164026.79,162886.8,C3392080953,58216.72,59356.71,0,0.0,0
412,PAYMENT,335.06,C6557907251,64769.36,64434.3,M9620935604,0.0,0.0,0,0.0,0
139,PAYMENT,1.0,C3615507143,0.0,0.0,M4158643786,0.0,0.0,0,0.0,0
134,TRANSFER,392.08,C7640078465,332.15,0.0,M2571632270,0.0,0.0,1,0.19666666666666666,0
48,PAYMENT,6293.81,C8880079328,82609.8,76315.99,M6130446648,0.0,0.0,0,0.0,0
215,TRANSFER,183112.53,C4880176825,191038.41,7925.88,M1811839103,0.0,0.0,1,0.27666666666666667,0
120,PAYMENT,2263.28,C5220094152,63551.56,61288.28,M2187592160,0.0,0.0,0,0.0,0
422,PAYMENT,616.4,C8493451569,148493.57,147877.17,M8821456242,0.0,0.0,0,0.0,0
410,TRANSFER,32019.77,C6634526139,45580.5,13560.73,C1510289448,35681.92,35681.92,1,0.0,0
525,PAYMENT,12498.33,C7539399243,112008.77,99510.44,M3846182436,0.0,0.0,0,0.0,0
598,PAYMENT,1.13,C5293274004,2.04,0.91,M4125758723,0.0,0.0,0,0.0,0
249,TRANSFER,131705.63,C7603978731,130283.56,0.0,C9953941533,178365.94,178365.94,1,0.0,0
365,CASH_OUT,4463.79,C5578056564,142269.09,137805.3,C7598745558,124441.6,124441.6,0,0.0,0
393,PAYMENT,1425.65,C4731897202,5708.28,4282.63,M3636366799,0.0,0.0,0,0.0,0
500,PAYMENT,1.0,C5694628398,0.0,0.0,M2115406331,0.0,0.0,0,0.0,0
524,TRANSFER,14751.69,C4633257620,15754.19,1002.5,M6361225622,0.0,0.0,1,0.3333333333333333,0
225,TRANSFER,110318.18,C2546720356,96848.62,0.0,C3698343112,2651.13,2651.13,1,0.15666666666666668,0
278,PAYMENT,10254.91,C5141285960,114745.52,104490.61,M1857561275,0.0,0.0,0,0.0,0
347,CASH_OUT,824.65,C8295757364,810.95,0.0,C3185386258,3260.19,3260.19,1,0.056666666666666664,0
565,CASH_OUT,226.41,C5071897791,256.39,29.98,C7873709012,196075.12,196075.12,0,0.006666666666666667,0
398,TRANSFER,18484.14,C1131671246,61554.51,43070.37,C2232285036,181531.13,200015.27,0,0.0,0
84,CASH_OUT,94955.6,C1408988968,88538.89,0.0,M6845287382,0.0,0.0,1,0.08333333333333333,0
230,PAYMENT,1.0,C1710924824,0.0,0.0,M5794335854,0.0,0.0,0,0.0,0
440,TRANSFER,84005.67,C7227593033,78851.57,0.0,C2020262123,7334.28,91339.95,1,0.03333333333333333,0
580,TRANSFER,64573.53,C7150970643,83950.29,19376.76,C5130589741,11734.71,76308.24,0,0.0,0
674,CASH_OUT,18925.57,C9751963589,19920.68,995.11,M9523139706,0.0,0.0,1,0.02,0
528,TRANSFER,9049.6,C4745927824,140727.98,131678.38,C8047877267,76710.81,85760.41,0,0.0,0
510,PAYMENT,4783.38,C6875597607,81543.54,76760.16,M5156392601,0.0,0.0,0,0.0,0
171,CASH_OUT,1675.87,C3169561289,2538.59,862.72,C7161404428,80706.07,80706.07,0,0.0,0
494,DEBIT,39291.91,C3392080953,59356.71,20064.8,M2156184315,0.0,0.0,0,0.016666666666666666,0
396,TRANSFER,5048.98,C2227193073,5404.11,355.13,C8868054898,119186.38,124235.36,0,0.0,0
408,TRANSFER,21433.77,C1131671246,43070.37,21636.6,C1674755608,1339.7,22773.47,0,0.0,0
332,CASH_OUT,10404.47,C8638763775,15422.57,5018.1,C2158638062,120304.75,120304.75,0,0.0,0
398,PAYMENT,29.72,C5183211669,36.6,6.88,M3438830691,0.0,0.0,0,0.0,0
613,CASH_OUT,29380.77,C4714465905,29548.74,167.97,M3019265031,0.0,0.0,1,0.016666666666666666,0
12,CASH_OUT,96680.75,C7199283151,130656.38,33975.63,C2756070122,165252.29,165252.29,1,0.0,0
186,CASH_OUT,13345.45,C4440904834,147647.54,134302.09,C9911329062,221583.5,221583.5,0,0.0,0
472,TRANSFER,66849.91,C6944371787,58409.53,0.0,M3369412470,0.0,0.0,1,0.8166666666666667,1
337,TRANSFER,2042.46,C5659161352,1879.54,0.0,M2635881694,0.0,0.0,1,0.5666666666666667,1
411,PAYMENT,12562.44,C1364994639,153168.92,140606.48,M7764117705,0.0,0.0,0,0.0,0
35,PAYMENT,1.0,C4747699292,0.0,0.0,M8044997538,0.0,0.0,0,0.0,0
488,PAYMENT,1.0,C8458717057,0.0,0.0,M1694904767,0.0,0.0,0,0.0,0
103,CASH_OUT,87224.78,C3097302637,117189.49,29964.71,C3532855799,177945.28,177945.28,1,0.0,0
73,PAYMENT,82.12,C8493451569,147877.17,147795.05,M4892544235,0.0,0.0,0,0.0,0
258,PAYMENT,13055.67,C2916728422,20600.45,7544.78,M2839566253,0.0,0.0,0,0.0,0
605,PAYMENT,17413.75,C7483366056,140265.63,122851.88,M3192202822,0.0,0.0,0,0.0,0
672,PAYMENT,388.83,C8394040015,41523.96,41135.13,M4892544235,0.0,0.0,0,0.0,0
576,PAYMENT,3408.46,C7660813178,25312.26,21903.8,M1185303518,0.0,0.0,0,0.0,0
558,CASH_OUT,148.61,C3849232839,647.07,498.46,C5884080139,131196.87,131196.87,0,0.0,0
299,TRANSFER,132022.01,C5899025962,115035.89,0.0,C7981077394,19421.96,19421.96,1,0.08333333333333333,0
310,DEBIT,4056.59,C8507497883,6150.42,2093.83,M5985331805,0.0,0.0,0,0.02,0
77,TRANSFER,1158.97,C5129478722,127193.22,126034.25,C1431494396,11416.45,12575.42,0,0.0,0
606,TRANSFER,2981.71,C7431813987,3978.58,996.87,M5156392601,0.0,0.0,1,0.30333333333333334,0
89,PAYMENT,14583.14,C5800633419,141211.84,126628.7,M8861351706,0.0,0.0,0,0.0,0
101,PAYMENT,24800.18,C2525930586,241686.74,216886.56,M8903212516,0.0,0.0,0,0.0,0
311,TRANSFER,5830.0,C1939042955,9871.88,4041.88,C2079770569,99735.1,105565.1,0,0.0,0
671,TRANSFER,118049.05,C9673185158,116189.96,0.0,M2773408660,0.0,0.0,1,0.9766666666666667,1
497,PAYMENT,23366.6,C2267619081,27810.92,4444.32,M2869931869,0.0,0.0,0,0.0,0
488,PAYMENT,17949.42,C8487449580,97206.45,79257.03,M9398575277,0.0,0.0,0,0.0,0
193,PAYMENT,19.24,C1110533960,37683.36,37664.12,M6041646576,0.0,0.0,0,0.0,0
653,TRANSFER,81.68,C4643576871,280.11,198.43,C8086684009,113548.13,113629.81,0,0.0,0
592,PAYMENT,1.74,C4507822591,4.22,2.48,M1504729135,0.0,0.0,0,0.0,0
50,TRANSFER,58389.93,C4274374218,80460.19,22070.26,M7366396017,0.0,0.0,1,0.23666666666666666,0
444,PAYMENT,6653.87,C6583444930,192117.35,185463.48,M2711123163,0.0,0.0,0,0.0,0
353,CASH_IN,59328.96,C3667292043,14221.09,73550.05,C1939777262,990.02,990.02,0,0.0,0
320,PAYMENT,1556.39,C7420846622,29011.33,27454.94,M6200141898,0.0,0.0,0,0.0,0
67,PAYMENT,2689.21,C4579265601,3034.62,345.41,M9444143872,0.0,0.0,0,0.0,0
368,TRANSFER,114961.24,C7100408092,177296.26,62335.02,C8617360361,160.71,115121.95,0,0.0,0
60,TRANSFER,174029.0,C6942989052,199132.87,25103.87,M3107992942,0.0,0.0,1,0.26,0
412,CASH_OUT,15592.5,C9305502799,13849.3,0.0,M9631695368,0.0,0.0,1,0.25333333333333335,0
654,PAYMENT,297.71,C5071218314,164404.61,164106.9,M6583604299,0.0,0.0,0,0.0,0
670,PAYMENT,18588.0,C3115806625,37758.21,19170.21,M6199197408,0.0,0.0,0,0.0,0
488,TRANSFER,8753.17,C9702693937,10789.85,2036.68,M8276498637,0.0,0.0,1,0.31666666666666665,0
388,CASH_IN,3451.33,C3744446292,145790.55,149241.88,C1818520766,111.07,111.07,0,0.0,0
42,TRANSFER,1336.43,C4632522232,36649.5,35313.07,C4972536230,39.5,1375.93,0,0.0,0
6,TRANSFER,6527.07,C9147687657,6528.69,1.62,C9471306442,46889.17,46889.17,1,0.0,0
103,TRANSFER,1.0,C6756332150,0.0,0.0,C4310415016,90181.73,90182.73,0,0.0033333333333333335,0
114,TRANSFER,685.46,C1710924824,885.56,200.1,C2079770569,105565.1,106250.56,1,0.0,0
159,CASH_OUT,2395.02,C7070083150,2724.84,329.82,C6628158856,1.76,1.76,1,0.0,0
610,CASH_OUT,90.1,C6704841644,92.21,2.11,M4892544235,0.0,0.0,1,0.05,0
119,CASH_OUT,94952.95,C4877520294,108702.19,13749.24,M1096405016,0.0,0.0,1,0.0,0
322,CASH_OUT,8224.0,C7601519165,10511.71,2287.71,C5187948804,159619.65,159619.65,1,0.0,0
607,TRANSFER,9517.54,C7631970791,12542.39,3024.85,C2267619081,4444.32,4444.32,1,0.02,0
681,PAYMENT,1034.89,C1945826486,4663.62,3628.73,M9068916300,0.0,0.0,0,0.0,0
554,TRANSFER,11054.47,C7061419749,13100.05,2045.58,M6361225622,0.0,0.0,1,0.3333333333333333,0
338,CASH_OUT,555.38,C5976777081,581.39,26.01,M9410569618,0.0,0.0,1,0.02,0
672,TRANSFER,187442.49,C8382488970,164150.66,0.0,M4125758723,0.0,0.0,1,0.9766666666666667,1
38,CASH_OUT,15364.72,C7904559790,18930.55,3565.83,C7556078550,109424.24,109424.24,1,0.0,0
353,DEBIT,20969.7,C2017675569,189986.78,169017.08,M6606958660,0.0,0.0,0,0.01,0
233,TRANSFER,1.0,C8033702319,0.0,0.0,C1613549255,29754.8,29755.8,0,0.0,0
677,DEBIT,31356.61,C4242550727,35717.97,4361.36,M9977193987,0.0,0.0,0,0.02666666666666667,0
413,PAYMENT,3933.02,C4731897202,4282.63,349.61,M8144352013,0.0,0.0,0,0.0,0
505,TRANSFER,111949.01,C3574081104,112256.94,307.93,C2546720356,0.0,111949.01,0,0.006666666666666667,0
558,PAYMENT,1333.84,C7061419749,2045.58,711.74,M3660800029,0.0,0.0,0,0.0,0
441,PAYMENT,2261.81,C6218955985,3834.44,1572.63,M7270955446,0.0,0.0,0,0.0,0
557,PAYMENT,3124.21,C1173215225,116686.29,113562.08,M3192202822,0.0,0.0,0,0.0,0
431,PAYMENT,2827.19,C2327372855,47529.0,44701.81,M7764117705,0.0,0.0,0,0.0,0
45,TRANSFER,3101.77,C9327720702,3823.04,721.27,M3705237613,0.0,0.0,1,0.19,0
71,TRANSFER,4304.36,C2274350418,4230.29,0.0,M2136107759,0.0,0.0,1,0.8166666666666667,1
200,PAYMENT,9370.99,C5982744929,96880.32,87509.33,M7570511906,0.0,0.0,0,0.0,0
408,CASH_OUT,1173.69,C1005502537,1065.68,0.0,M7192742877,0.0,0.0,1,0.19,0
545,CASH_OUT,31021.64,C5884391502,39414.86,8393.22,M3536590481,0.0,0.0,1,0.013333333333333334,0
5,PAYMENT,1872.36,C8907752604,161545.46,159673.1,M9410569618,0.0,0.0,0,0.0,0
339,DEBIT,4.58,C7004510516,10.09,5.51,M8778927211,0.0,0.0,0,0.023333333333333334,0
470,TRANSFER,13967.01,C6153541642,12503.5,0.0,C4095476665,29362.56,29362.56,1,0.03333333333333333,0
388,TRANSFER,92959.58,C9508499533,77571.38,0.0,M1099218439,0.0,0.0,1,0.8366666666666667,1
673,TRANSFER,185565.44,C3188382776,234702.36,49136.92,C8684026200,2546.42,188111.86,1,0.0,0
85,TRANSFER,48533.71,C8274219704,133517.28,84983.57,C4518871744,6328.6,54862.31,0,0.0,0
232,CASH_OUT,569.57,C2660286914,635.57,66.0,M2136107759,0.0,0.0,1,0.006666666666666667,0
707,PAYMENT,5097.7,C6246716604,126009.97,120912.27,M9921025990,0.0,0.0,0,0.0,0
161,CASH_OUT,930.2,C5567816720,33002.96,32072.76,C6463640105,0.0,0.0,0,0.0,0
476,CASH_OUT,21025.3,C3806215682,28779.88,7754.58,C1594312071,78864.48,78864.48,0,0.0,0
247,DEBIT,1.0,C7525240100,0.0,0.0,M5985331805,0.0,0.0,0,0.03666666666666667,0
6,CASH_IN,80014.45,C1124331395,12735.64,92750.09,C6307626407,275.67,275.67,0,0.0,0
221,TRANSFER,1099.42,C4405620755,1138.33,38.91,M6865994703,0.0,0.0,1,0.2,0
367,CASH_OUT,997.88,C1662259333,1377.57,379.69,M5891831621,0.0,0.0,1,0.01,0
659,CASH_OUT,47857.06,C4207337120,64464.69,16607.63,M7861571879,0.0,0.0,1,0.01,0
60,PAYMENT,3911.12,C6548442140,177383.03,173471.91,M3107992942,0.0,0.0,0,0.0,0
386,CASH_OUT,133916.89,C7508522951,159351.55,25434.66,C1399546384,19111.61,19111.61,1,0.0,0
527,PAYMENT,1.05,C8684026200,188111.86,188110.81,M7341757401,0.0,0.0,0,0.0,0
461,TRANSFER,7654.9,C8940731272,124068.01,116413.11,C4361393222,17766.83,25421.73,0,0.0,0
293,PAYMENT,314.85,C2869999754,138757.14,138442.29,M6247463262,0.0,0.0,0,0.0,0
240,TRANSFER,4285.62,C3978287288,3952.83,0.0,M1357561213,0.0,0.0,1,0.8266666666666667,1
386,TRANSFER,19718.58,C8995045543,18070.78,0.0,C7784217828,0.0,19718.58,1,0.02666666666666667,0
303,PAYMENT,20810.06,C1484230338,161759.18,140949.12,M1802753761,0.0,0.0,0,0.0,0
687,PAYMENT,11823.39,C9611537583,187394.46,175571.07,M6401844042,0.0,0.0,0,0.0,0
349,TRANSFER,235.24,C7070083150,329.82,94.58,M6845287382,0.0,0.0,1,0.14666666666666667,0
568,TRANSFER,41584.84,C2014766981,46032.0,4447.16,C4949801453,1.59,41586.43,1,0.006666666666666667,0
640,TRANSFER,122577.32,C9303285822,121000.47,0.0,M8874242713,0.0,0.0,1,0.9766666666666667,1
453,TRANSFER,1389.18,C9272277508,1809.44,420.26,C8796293088,1890.73,3279.91,1,0.03,0
498,CASH_OUT,7020.0,C4256292393,7894.07,874.07,M6846530109,0.0,0.0,1,0.02666666666666667,0
292,PAYMENT,107.89,C4102872611,8337.65,8229.76,M4456193555,0.0,0.0,0,0.0,0
293,TRANSFER,1.0,C5686850445,0.0,0.0,C2351531223,155725.24,155726.24,0,0.0,0
251,PAYMENT,1.0,C8369792370,0.0,0.0,M6992094064,0.0,0.0,0,0.0,0
714,TRANSFER,43152.22,C5625980561,52001.49,8849.27,M1199447370,0.0,0.0,1,0.2966666666666667,0
675,CASH_OUT,6368.07,C9115282784,98669.97,92301.9,C1494287462,12160.35,12160.35,0,0.0033333333333333335,0
491,TRANSFER,804.76,C1600337712,1307.89,503.13,C2232285036,200015.27,200820.03,0,0.0033333333333333335,0
700,PAYMENT,19611.33,C8316648259,28281.26,8669.93,M3107992942,0.0,0.0,0,0.0,0
537,CASH_OUT,126162.41,C6663846005,176409.73,50247.32,M8276498637,0.0,0.0,1,0.013333333333333334,0
362,TRANSFER,181165.18,C8570333548,159912.87,0.0,M2555936898,0.0,0.0,1,0.96,1
378,TRANSFER,111297.02,C2825957977,127529.91,16232.89,M4306983924,0.0,0.0,1,0.2833333333333333,0
255,CASH_OUT,688.8,C9432088993,902.13,213.33,C8650676663,162813.34,162813.34,0,0.0,0
629,PAYMENT,18.52,C9255898264,28.87,10.35,M1306420495,0.0,0.0,0,0.0,0
164,CASH_OUT,167955.48,C6618965944,150601.59,0.0,C5819946657,1537.06,1537.06,1,0.0033333333333333335,0
417,PAYMENT,1.0,C6405851839,0.0,0.0,M8790289305,0.0,0.0,0,0.0,0
429,TRANSFER,1552.85,C3567900251,60647.97,59095.12,C8015775567,49544.46,51097.31,0,0.0,0
689,CASH_OUT,6398.4,C6237376063,6062.07,0.0,M9441870024,0.0,0.0,1,0.22,0
237,CASH_OUT,61326.05,C5982744929,87509.33,26183.28,C6131005449,97758.0,97758.0,0,0.0,0
221,TRANSFER,15471.64,C9166381136,15663.3,191.66,C8299146480,151546.76,151546.76,1,0.0,0
673,PAYMENT,1676.24,C2870403050,12826.2,11149.96,M7678293431,0.0,0.0,0,0.0,0
506,CASH_IN,106162.84,C4635552887,143783.68,249946.52,C9032096058,35998.27,35998.27,0,0.0,0
685,PAYMENT,23510.65,C4015479599,219318.19,195807.54,M3476758136,0.0,0.0,0,0.0,0
581,CASH_OUT,225.92,C4485356009,539.86,313.94,C3691864041,50963.52,50963.52,0,0.01,0
672,TRANSFER,76042.64,C1625217504,89852.79,13810.15,M8235474949,0.0,0.0,1,0.30666666666666664,0
148,PAYMENT,11172.42,C8669484644,12468.37,1295.95,M8083396378,0.0,0.0,0,0.0,0
582,PAYMENT,5164.11,C7540301973,7028.73,1864.62,M6053489772,0.0,0.0,0,0.0,0
456,CASH_OUT,148178.42,C3383331379,131790.16,0.0,M9933702652,0.0,0.0,1,0.20333333333333334,0
533,PAYMENT,326.95,C1311570307,399.17,72.22,M3580582653,0.0,0.0,0,0.0,0
28,CASH_OUT,1.0,C4422700486,0.0,0.0,C5694190173,69775.36,69775.36,0,0.0,0
516,PAYMENT,1.0,C8477300991,0.0,0.0,M6790024996,0.0,0.0,0,0.0,0
209,TRANSFER,2110.24,C6572436051,2966.03,855.79,C6557907251,64434.3,64434.3,1,0.0,0
171,TRANSFER,27388.59,C2111272861,36273.89,8885.3,C8703867299,49.5,27438.09,0,0.0,0
88,PAYMENT,9369.94,C6576395496,53008.44,43638.5,M7366396017,0.0,0.0,0,0.0,0
260,PAYMENT,7.85,C5151887478,7849.01,7841.16,M1732578761,0.0,0.0,0,0.0,0
380,PAYMENT,1.0,C8351491401,0.0,0.0,M3156792018,0.0,0.0,0,0.0,0
268,CASH_OUT,20227.11,C7597996327,55974.7,35747.59,C8117478955,169466.82,169466.82,0,0.0,0
52,CASH_IN,540.36,C3707166618,1793.01,2333.37,C9697354961,344.51,344.51,0,0.0,0
340,CASH_OUT,30457.41,C2879792991,26547.3,0.0,M8235474949,0.0,0.0,1,0.043333333333333335,0
554,PAYMENT,7459.25,C3033747850,132921.17,125461.92,M4641902461,0.0,0.0,0,0.0,0
37,TRANSFER,176.2,C1676168421,214.62,38.42,C6276339732,24867.22,24867.22,1,0.0,0
395,PAYMENT,16753.24,C2331039957,51575.58,34822.34,M2869931869,0.0,0.0,0,0.0,0
196,TRANSFER,37720.98,C3163970710,67602.28,29881.3,C1885113834,147965.55,185686.53,0,0.0,0
470,TRANSFER,70982.68,C2953462417,152489.5,81506.82,C1983297492,3743.97,74726.65,0,0.0,0
13,TRANSFER,25963.03,C7705605962,28107.97,2144.94,M1857561275,0.0,0.0,1,0.16333333333333333,0
462,PAYMENT,413.31,C3655790301,28855.58,28442.27,M4892544235,0.0,0.0,0,0.0,0
474,TRANSFER,233.69,C3738900744,324.37,90.68,C6362597344,11627.68,11861.37,0,0.0033333333333333335,0
662,PAYMENT,136.76,C5296710795,44781.78,44645.02,M6744039057,0.0,0.0,0,0.0,0
375,PAYMENT,23793.47,C7340498236,104388.08,80594.61,M7343954769,0.0,0.0,0,0.0,0
116,TRANSFER,76674.83,C6797174636,87316.64,10641.81,C3780439666,56519.39,56519.39,1,0.0,0
534,TRANSFER,344.25,C5150074940,400.09,55.84,M5564953924,0.0,0.0,1,0.17,0
550,TRANSFER,103587.49,C4997866845,118536.24,14948.75,M2243802345,0.0,0.0,1,0.31666666666666665,0
154,PAYMENT,6009.27,C3207160929,9480.19,3470.92,M1676220116,0.0,0.0,0,0.0,0
608,TRANSFER,1.0,C7242730249,0.0,0.0,C7575259637,195322.39,195323.39,0,0.0,0
97,CASH_OUT,1.0,C8458717057,0.0,0.0,C9995834531,104468.97,104468.97,0,0.0,0
339,PAYMENT,2555.69,C6171239466,3910.39,1354.7,M6820149016,0.0,0.0,0,0.0,0
214,TRANSFER,115828.81,C9279291478,120942.35,5113.54,C4460967357,104219.05,220047.86,1,0.0,0
474,CASH_OUT,149465.96,C2064803502,146009.26,0.0,C9437783771,787.78,787.78,1,0.2866666666666667,0
72,CASH_OUT,3778.56,C7287517250,74582.99,70804.43,C1676168421,38.42,38.42,0,0.0,0
129,PAYMENT,182.15,C8394198376,1116.89,934.74,M8646369354,0.0,0.0,0,0.0,0
245,CASH_OUT,34040.24,C4526242854,48364.5,14324.26,C4248149900,145415.91,145415.91,1,0.0,0
484,TRANSFER,19890.39,C1667779376,17849.71,0.0,C3346569443,0.0,0.0,1,0.95,1
171,CASH_OUT,27615.73,C2041349374,30260.67,2644.94,C1471997674,16502.03,16502.03,0,0.0033333333333333335,0
119,TRANSFER,3317.43,C8570333548,3527.81,210.38,C9410288290,16239.8,16239.8,1,0.0,0
400,TRANSFER,468.88,C1676168421,636.55,167.67,C2445662585,35737.96,35737.96,1,0.0,0
286,TRANSFER,2527.73,C2510308881,3482.13,954.4,M7861571879,0.0,0.0,1,0.17333333333333334,0
496,TRANSFER,1100.65,C3214080278,144668.19,143567.54,C3280805846,87010.84,88111.49,0,0.0,0
634,CASH_OUT,14175.87,C7266763552,20011.34,5835.47,C8991977937,19375.02,19375.02,0,0.0,0
597,PAYMENT,2481.33,C2843567009,136895.59,134414.26,M6525576685,0.0,0.0,0,0.0,0
409,PAYMENT,1.0,C1026224160,0.0,0.0,M7664045502,0.0,0.0,0,0.0,0
387,PAYMENT,3.83,C3389594115,202022.68,202018.85,M6558769264,0.0,0.0,0,0.0,0
630,PAYMENT,22073.36,C3591527330,128237.46,106164.1,M8548290298,0.0,0.0,0,0.0,0
691,CASH_OUT,788.64,C9354542654,2251.85,1463.21,C2612579345,67008.48,67008.48,0,0.0033333333333333335,0
712,CASH_OUT,124156.45,C6099808894,151053.19,26896.74,C4633987776,80311.43,80311.43,1,0.0,0
14,PAYMENT,10419.29,C9259157845,99025.31,88606.02,M3690714075,0.0,0.0,0,0.0,0
432,TRANSFER,3402.06,C5868640848,4734.48,1332.42,M8874242713,0.0,0.0,1,0.2733333333333333,0
45,TRANSFER,7472.03,C1952396600,10445.06,2973.03,C6075963527,40183.37,47655.4,1,0.0,0
411,TRANSFER,10472.98,C6341783555,89499.17,79026.19,C7185179917,0.0,10472.98,0,0.0,0
480,TRANSFER,47878.39,C7823288650,135832.52,87954.13,C2704657157,156.13,48034.52,0,0.0,0
327,TRANSFER,1675.45,C8372755146,2250.04,574.59,C1590985753,4748.11,6423.56,1,0.006666666666666667,0
291,PAYMENT,3052.1,C9691572571,116992.82,113940.72,M6790024996,0.0,0.0,0,0.0,0
518,CASH_IN,9379.8,C2830154607,114544.82,123924.62,C2965254350,0.0,0.0,0,0.0,0
246,PAYMENT,21941.76,C8880079328,76315.99,54374.23,M9021793855,0.0,0.0,0,0.0,0
507,CASH_OUT,1.0,C5407856339,0.0,0.0,C6572436051,855.79,855.79,0,0.05333333333333334,0
146,TRANSFER,100573.52,C8239941612,114779.65,14206.13,C7934137693,2930.15,103503.67,0,0.0,0
511,PAYMENT,11023.77,C1519709079,33787.36,22763.59,M9918338001,0.0,0.0,0,0.0,0
692,PAYMENT,115.24,C3918046336,13745.62,13630.38,M6999146585,0.0,0.0,0,0.0,0
683,CASH_OUT,62468.15,C3190227431,141053.24,78585.09,C1106456634,58283.25,58283.25,0,0.0,0
573,PAYMENT,5334.75,C7464468567,42803.08,37468.33,M6282009986,0.0,0.0,0,0.0,0
118,TRANSFER,1401.86,C3205292512,1941.49,539.63,C7249213370,37392.7,38794.56,0,0.0,0
203,PAYMENT,2999.7,C3796581976,24537.68,21537.98,M6247463262,0.0,0.0,0,0.0,0
206,PAYMENT,1.0,C2274350418,0.0,0.0,M2916502228,0.0,0.0,0,0.0,0
539,TRANSFER,33413.41,C2699887270,74291.7,40878.29,C9493209128,90.31,33503.72,0,0.0,0
117,CASH_OUT,9276.34,C8757570742,10024.33,747.99,C4073772623,0.0,0.0,0,0.0,0
178,CASH_IN,68229.51,C7576309274,163915.77,232145.28,C8208584394,16.37,16.37,0,0.0,0
286,CASH_OUT,873.5,C3169561289,862.72,0.0,C5612645121,129366.75,129366.75,1,0.016666666666666666,0
236,TRANSFER,6125.08,C4102872611,8229.76,2104.68,M6275155878,0.0,0.0,1,0.22333333333333333,0
404,CASH_OUT,95548.39,C5284391408,128914.98,33366.59,M9625656293,0.0,0.0,1,0.0,0
691,TRANSFER,12326.62,C4508521152,15992.52,3665.9,C2965254350,0.0,12326.62,0,0.006666666666666667,0
311,DEBIT,1.0,C9861449701,0.0,0.0,M1343875431,0.0,0.0,0,0.04,0
226,CASH_OUT,185763.98,C5759234471,178543.62,0.0,C9957813353,166332.37,166332.37,1,0.006666666666666667,0
691,PAYMENT,5374.79,C2068687175,6175.22,800.43,M4820942294,0.0,0.0,0,0.0,0
208,TRANSFER,609.29,C2510308881,954.4,345.11,C4518871744,54862.31,55471.6,0,0.0,0
128,PAYMENT,4846.99,C3074232200,95578.43,90731.44,M2885370603,0.0,0.0,0,0.0,0
418,PAYMENT,3433.32,C4095476665,29362.56,25929.24,M1802753761,0.0,0.0,0,0.0,0
498,TRANSFER,42621.8,C9597198563,59857.86,17236.06,C2493660313,62112.53,104734.33,0,0.0,0
408,PAYMENT,15746.96,C6448001026,42566.67,26819.71,M8030400668,0.0,0.0,0,0.0,0
222,PAYMENT,4676.23,C8709361138,6679.6,2003.37,M2625035499,0.0,0.0,0,0.0,0
26,CASH_OUT,1739.18,C9759180824,2227.62,488.44,C6921525436,108490.71,108490.71,1,0.0033333333333333335,0
177,PAYMENT,4187.48,C7505693643,25427.87,21240.39,M6525576685,0.0,0.0,0,0.0,0
708,TRANSFER,34110.18,C4470591645,88772.01,54661.83,C4683935600,15037.31,49147.49,0,0.0,0
407,TRANSFER,2899.43,C8477300991,2841.43,0.0,M7951820749,0.0,0.0,1,0.7766666666666666,1
551,PAYMENT,7649.78,C8115628227,125092.15,117442.37,M8626371177,0.0,0.0,0,0.0,0
326,PAYMENT,8811.67,C7417183769,43227.98,34416.31,M3107992942,0.0,0.0,0,0.0,0
492,PAYMENT,2978.86,C5584288132,152999.98,150021.12,M3317856944,0.0,0.0,0,0.0,0
26,PAYMENT,12657.23,C7038841740,21125.28,8468.05,M2115406331,0.0,0.0,0,0.0,0
325,TRANSFER,99379.55,C2052811909,107973.32,8593.77,M5270048042,0.0,0.0,1,0.2733333333333333,0
397,TRANSFER,576.24,C7415801613,111397.32,110821.08,C3107125807,0.0,576.24,0,0.006666666666666667,0
143,DEBIT,4994.63,C6466597005,88729.53,83734.9,M6053489772,0.0,0.0,0,0.006666666666666667,0
96,PAYMENT,17103.4,C4558302256,135921.92,118818.52,M8874242713,0.0,0.0,0,0.0,0
316,PAYMENT,14223.95,C7085004726,68056.19,53832.24,M3960136787,0.0,0.0,0,0.0,0
5,PAYMENT,6003.85,C5358791907,35482.28,29478.43,M3811254192,0.0,0.0,0,0.0,0
458,DEBIT,49169.79,C2073755632,140870.74,91700.95,M9068916300,0.0,0.0,0,0.016666666666666666,0
642,TRANSFER,8091.6,C9916336966,10776.76,2685.16,M7678293431,0.0,0.0,1,0.33,0
349,PAYMENT,666.07,C6937704752,2932.97,2266.9,M5937271321,0.0,0.0,0,0.0,0
282,CASH_OUT,23668.99,C2137651678,23660.39,0.0,C1526723719,7600.07,7600.07,1,0.03333333333333333,0
186,TRANSFER,756.4,C6879428703,771.52,15.12,C1045302356,0.0,0.0,1,0.18333333333333332,0
43,TRANSFER,708.95,C3346569443,853.29,144.34,C8274273035,10686.98,11395.93,1,0.0,0
395,PAYMENT,27.74,C1417436465,73.11,45.37,M4399143287,0.0,0.0,0,0.0,0
651,TRANSFER,25947.57,C7910439839,23784.44,0.0,M1458227039,0.0,0.0,1,0.9666666666666667,1
658,PAYMENT,19890.61,C1037811610,43225.42,23334.81,M6692705133,0.0,0.0,0,0.0,0
695,PAYMENT,6517.92,C2067970820,104640.11,98122.19,M7437168216,0.0,0.0,0,0.0,0
505,PAYMENT,21805.39,C5783809766,76754.95,54949.56,M6790024996,0.0,0.0,0,0.0,0
225,CASH_OUT,348265.87,C7895255573,303324.75,0.0,C8487449580,79257.03,79257.03,1,0.013333333333333334,0
679,PAYMENT,416.02,C7645527239,546.92,130.9,M9255306810,0.0,0.0,0,0.0,0
275,CASH_OUT,142115.08,C1736086849,178533.17,36418.09,C9738752801,160737.1,160737.1,0,0.0,0
678,PAYMENT,1.0,C3869963931,0.0,0.0,M6820149016,0.0,0.0,0,0.0,0
507,TRANSFER,18510.47,C3780475472,22569.1,4058.63,C6884333221,75227.97,93738.44,1,0.0,0
679,PAYMENT,1.18,C4039019230,5855.78,5854.6,M9098037639,0.0,0.0,0,0.0,0
521,PAYMENT,14126.51,C7792729530,18798.25,4671.74,M3965860354,0.0,0.0,0,0.0,0
625,TRANSFER,14228.58,C8199372599,277023.99,262795.41,C8690920484,7357.73,21586.31,0,0.0,0
441,TRANSFER,101.59,C9166381136,191.66,90.07,C4930438209,5761.68,5863.27,0,0.023333333333333334,0
25,CASH_OUT,404.78,C1722124509,18464.27,18059.49,C5634076661,178.94,178.94,0,0.0033333333333333335,0
33,TRANSFER,1.0,C3109688769,0.0,0.0,C6469458472,1.38,2.38,0,0.22333333333333333,0
53,PAYMENT,7179.75,C9312085761,57342.18,50162.43,M7678293431,0.0,0.0,0,0.0,0
714,PAYMENT,20168.1,C5421592782,195504.73,175336.63,M7861571879,0.0,0.0,0,0.0,0
605,TRANSFER,55743.47,C1572827654,60125.39,4381.92,C7059591606,55907.58,111651.05,0,0.0,0
5,TRANSFER,2524.87,C3553440342,2883.65,358.78,M6401844042,0.0,0.0,1,0.17333333333333334,0
693,CASH_OUT,78974.37,C9703905715,110984.55,32010.18,C8394198376,934.74,934.74,1,0.0033333333333333335,0
576,TRANSFER,80972.11,C2905584866,86880.17,5908.06,M5564953924,0.0,0.0,1,0.31333333333333335,0
701,TRANSFER,63882.84,C1131267917,96016.71,32133.87,C9744120054,51462.78,115345.62,0,0.0,0
339,TRANSFER,45870.03,C2745958114,59485.09,13615.06,C5735817014,67648.71,67648.71,1,0.0,0
590,TRANSFER,78901.26,C7671625956,69062.62,0.0,C3109688769,0.0,0.0,1,0.8266666666666667,1
153,CASH_OUT,4780.17,C9115282784,92301.9,87521.73,C2770980600,16630.12,16630.12,0,0.0,0
684,TRANSFER,42748.87,C3033747850,125461.92,82713.05,C9182543558,183827.88,226576.75,0,0.0,0
542,TRANSFER,66697.08,C8048810275,56653.54,0.0,C5150090143,16935.43,16935.43,1,0.08666666666666667,0
442,CASH_OUT,23921.66,C7464468567,37468.33,13546.67,C1489726608,167555.04,167555.04,0,0.0,0
332,TRANSFER,21513.45,C8057994126,24482.17,2968.72,M8821456242,0.0,0.0,1,0.25,0
226,TRANSFER,29332.82,C1862812038,154899.01,125566.19,C8083175325,14.14,29346.96,0,0.0,0
486,TRANSFER,66671.89,C9138644862,72380.47,5708.58,C1471997674,16502.03,16502.03,1,0.0033333333333333335,0
144,TRANSFER,1.0,C3910678913,0.0,0.0,C5022964382,201408.71,201409.71,0,0.0,0
171,PAYMENT,1772.74,C9333798503,8001.17,6228.43,M7050091525,0.0,0.0,0,0.0,0
264,TRANSFER,33199.61,C5729866281,116009.33,82809.72,C1207916194,163387.47,196587.08,0,0.0,0
164,CASH_OUT,132026.91,C3328710672,177953.47,45926.56,C1257324536,184966.28,184966.28,1,0.0,0
247,CASH_OUT,177761.54,C3716924538,151297.98,0.0,C4026816435,189404.41,189404.41,1,0.013333333333333334,0
506,PAYMENT,12177.36,C4274958945,87500.0,75322.64,M4952177946,0.0,0.0,0,0.0,0
605,DEBIT,615.49,C8531118333,869.92,254.43,M6845287382,0.0,0.0,0,0.03,0
103,CASH_IN,87239.65,C7750819485,76074.83,163314.48,C7895255573,0.0,0.0,0,0.0,0
544,TRANSFER,25971.63,C8086172302,31005.1,5033.47,C8503368512,1748.55,27720.18,0,0.0,0
93,TRANSFER,6552.09,C8380507338,8069.74,1517.65,C5748253283,21296.58,27848.67,0,0.0,0
411,CASH_OUT,3250.6,C9306142066,3970.08,719.48,M2655546199,0.0,0.0,1,0.03333333333333333,0
136,CASH_OUT,37379.41,C5610783750,68976.55,31597.14,C4353689019,107576.05,107576.05,0,0.0,0
621,PAYMENT,7845.37,C5560712830,251718.44,243873.07,M6651020291,0.0,0.0,0,0.0,0
293,PAYMENT,17523.15,C4482238042,178905.47,161382.32,M2604788242,0.0,0.0,0,0.0,0
208,PAYMENT,940.35,C6287793163,49364.07,48423.72,M7651029165,0.0,0.0,0,0.0,0
87,TRANSFER,1.0,C3725152347,0.0,0.0,C4405620755,38.91,39.91,0,0.17666666666666667,0
496,TRANSFER,54437.8,C4500557310,52260.62,0.0,C6488854841,124.26,54562.06,1,0.043333333333333335,0
690,TRANSFER,116520.71,C5071218314,164106.9,47586.19,C7266763552,5835.47,122356.18,0,0.0033333333333333335,0
348,DEBIT,11329.67,C6777263354,80973.35,69643.68,M7570511906,0.0,0.0,0,0.01,0
438,CASH_OUT,11644.96,C6496596008,12328.11,683.15,C5161807235,94480.62,94480.62,1,0.006666666666666667,0
160,CASH_OUT,82315.55,C8505373158,111575.27,29259.72,C3464975279,36.87,36.87,1,0.0,0
224,PAYMENT,14183.88,C8846861559,104250.3,90066.42,M8874242713,0.0,0.0,0,0.0,0
368,TRANSFER,14020.19,C7801948900,13721.95,0.0,C6306523372,109405.92,109405.92,1,0.006666666666666667,0
610,CASH_OUT,144772.1,C8879525611,152836.87,8064.77,C3713284816,0.0,0.0,0,0.013333333333333334,0
58,TRANSFER,118500.46,C7887950851,108910.17,0.0,M4390543744,0.0,0.0,1,0.89,1
534,CASH_OUT,3226.96,C8942167666,3774.93,547.97,M9918338001,0.0,0.0,1,0.02666666666666667,0
57,CASH_OUT,50910.36,C4159699467,70355.54,19445.18,M1099218439,0.0,0.0,1,0.0,0
49,TRANSFER,127681.31,C3438771483,141233.59,13552.28,C1110533960,37664.12,37664.12,1,0.0033333333333333335,0
696,TRANSFER,98159.17,C8625774078,189129.1,90969.93,C2761091683,32519.52,130678.69,0,0.0,0
246,TRANSFER,1.0,C3196545325,0.0,0.0,C8168204967,0.0,1.0,0,0.23333333333333334,0
563,PAYMENT,3772.97,C8316648259,8669.93,4896.96,M3192202822,0.0,0.0,0,0.0,0
250,TRANSFER,685.36,C7049001493,914.71,229.35,M7969674420,0.0,0.0,1,0.11,0
561,CASH_OUT,16214.85,C8578226896,15152.42,0.0,C3615507143,0.0,0.0,1,0.19,0
79,TRANSFER,98178.11,C2616884203,184448.13,86270.02,C5570828113,18449.02,116627.13,0,0.0,0
653,PAYMENT,6379.28,C5693307665,46358.05,39978.77,M5449848690,0.0,0.0,0,0.0,0
693,PAYMENT,17118.04,C3206955437,22711.72,5593.68,M4601406440,0.0,0.0,0,0.0,0
615,TRANSFER,742.91,C9437783771,787.78,44.87,C5215140451,138839.13,138839.13,1,0.0033333333333333335,0
48,CASH_OUT,6047.46,C8879525611,8064.77,2017.31,M6130446648,0.0,0.0,1,0.0,0
486,PAYMENT,1392.1,C9354711271,170991.26,169599.16,M9576264323,0.0,0.0,0,0.0,0
374,PAYMENT,16944.47,C8852676046,229214.88,212270.41,M8768773991,0.0,0.0,0,0.0,0
329,TRANSFER,238174.06,C4460967357,220047.86,0.0,M2129491690,0.0,0.0,1,0.9666666666666667,1
599,TRANSFER,14560.17,C4786674545,68409.03,53848.86,C8012696455,62364.0,76924.17,0,0.0,0
266,PAYMENT,8636.65,C4990452762,37800.69,29164.04,M3536590481,0.0,0.0,0,0.0,0
353,CASH_OUT,35119.75,C8684026200,188110.81,152991.06,C5829062179,87276.85,87276.85,0,0.0,0
511,CASH_OUT,3272.14,C8832617672,3443.5,171.36,M1096405016,0.0,0.0,1,0.03,0
436,CASH_OUT,163657.65,C1855256552,151191.01,0.0,M1732578761,0.0,0.0,1,0.2,0
452,DEBIT,1.0,C7640078465,0.0,0.0,M6200141898,0.0,0.0,0,0.04666666666666667,0
201,CASH_OUT,396.96,C9272277508,420.26,23.3,C6963052185,197327.67,197327.67,0,0.0033333333333333335,0
170,PAYMENT,10264.84,C2973888646,108487.02,98222.18,M5585110649,0.0,0.0,0,0.0,0
71,CASH_OUT,4372.8,C1197092148,11638.05,7265.25,C6955593943,200563.55,200563.55,0,0.01,0
435,TRANSFER,52300.3,C4736031885,56325.34,4025.04,M4093474499,0.0,0.0,1,0.30333333333333334,0
701,TRANSFER,103097.46,C6587537178,107878.72,4781.26,C2965718821,119437.75,222535.21,1,0.0,0
407,CASH_OUT,20367.57,C6469318275,51375.02,31007.45,C6027311960,2581.33,2581.33,0,0.0033333333333333335,0
28,PAYMENT,1.0,C7627266377,0.0,0.0,M1783432867,0.0,0.0,0,0.0,0
523,DEBIT,13486.06,C8493451569,147795.05,134308.99,M2571632270,0.0,0.0,0,0.02,0
237,CASH_OUT,191910.52,C2962491159,165402.02,0.0,M2910594463,0.0,0.0,1,0.013333333333333334,0
233,PAYMENT,17885.63,C1696846464,23530.17,5644.54,M5087280062,0.0,0.0,0,0.0,0
149,CASH_OUT,1672.03,C5118430494,3962.17,2290.14,C6910112521,39.58,39.58,0,0.0,0
660,CASH_OUT,138953.09,C8417757797,165404.64,26451.55,M4952177946,0.0,0.0,1,0.013333333333333334,0
271,CASH_OUT,5031.4,C9943959352,6790.21,1758.81,C5748253283,27848.67,27848.67,1,0.006666666666666667,0
132,PAYMENT,1.0,C6928691380,0.0,0.0,M9620935604,0.0,0.0,0,0.0,0
117,TRANSFER,19507.59,C1037811610,23334.81,3827.22,C2916728422,7544.78,27052.37,0,0.0,0
492,PAYMENT,451.79,C8942167666,547.97,96.18,M2604788242,0.0,0.0,0,0.0,0
489,TRANSFER,2567.35,C6582557981,5877.73,3310.38,C8926438617,23892.28,26459.63,0,0.0033333333333333335,0
139,CASH_OUT,17079.1,C1282103057,15593.6,0.0,M7969674420,0.0,0.0,1,0.06,0
365,PAYMENT,10119.64,C6097953682,50750.73,40631.09,M2773408660,0.0,0.0,0,0.0,0
10,PAYMENT,1.0,C1586412136,0.0,0.0,M2155671697,0.0,0.0,0,0.0,0
418,CASH_OUT,20107.52,C4042413312,22765.08,2657.56,M1442421654,0.0,0.0,1,0.016666666666666666,0
183,CASH_OUT,64220.17,C2232285036,200820.03,136599.86,C7894019119,156884.15,156884.15,0,0.0,0
624,PAYMENT,75.32,C9830946410,24009.5,23934.18,M9590331226,0.0,0.0,0,0.0,0
588,PAYMENT,19206.19,C6155234610,91960.12,72753.93,M8626371177,0.0,0.0,0,0.0,0
55,CASH_IN,183.82,C7671625956,0.0,183.82,C5625980561,8849.27,8849.27,0,0.0,0
213,PAYMENT,7941.03,C2188332531,17224.0,9282.97,M8646369354,0.0,0.0,0,0.0,0
700,PAYMENT,3739.39,C8270110908,79122.24,75382.85,M3072183247,0.0,0.0,0,0.0,0
124,PAYMENT,794.74,C3739951076,1253.94,459.2,M2625035499,0.0,0.0,0,0.0,0
47,TRANSFER,39103.8,C9526836552,70699.43,31595.63,C7961674558,147751.75,186855.55,0,0.0,0
168,CASH_OUT,52367.03,C2428156550,90656.61,38289.58,C1209063208,98411.46,98411.46,0,0.0,0
350,DEBIT,390.57,C4594787485,439.93,49.36,M2228388623,0.0,0.0,0,0.02,0
562,PAYMENT,2980.92,C1799718923,8203.52,5222.6,M7713758036,0.0,0.0,0,0.0,0
648,TRANSFER,28201.72,C3951331472,25536.69,0.0,M6498703287,0.0,0.0,1,0.98,1
615,PAYMENT,9026.81,C6265016831,78080.68,69053.87,M2586712032,0.0,0.0,0,0.0,0
261,CASH_OUT,8623.81,C1234359689,30830.12,22206.31,C2250949136,36603.69,36603.69,0,0.0033333333333333335,0
187,PAYMENT,11271.83,C3361388464,84427.19,73155.36,M3457877922,0.0,0.0,0,0.0,0
405,TRANSFER,5164.25,C1590985753,6423.56,1259.31,C1600337712,503.13,503.13,1,0.02666666666666667,0
258,PAYMENT,477.83,C9581991473,732.49,254.66,M6247463262,0.0,0.0,0,0.0,0
9,CASH_OUT,47715.56,C8015124886,190613.45,142897.89,C3412365931,39133.32,39133.32,0,0.0,0
346,TRANSFER,1.0,C5694806361,0.0,0.0,C7979466538,2239.64,2240.64,0,0.0,0
372,TRANSFER,72282.56,C8809871735,162360.22,90077.66,C5078551333,80065.77,152348.33,0,0.0,0
33,CASH_OUT,4369.15,C2111272861,8885.3,4516.15,C9166381136,90.07,90.07,0,0.0,0
111,TRANSFER,17289.63,C1485574228,70253.85,52964.22,C7415801613,110821.08,128110.71,0,0.0,0
96,TRANSFER,6201.74,C6583444930,185463.48,179261.74,C5751366455,4516.9,10718.64,0,0.0033333333333333335,0
637,DEBIT,1.0,C3480920839,0.0,0.0,M3605446007,0.0,0.0,0,0.05333333333333334,0
491,CASH_OUT,1.0,C1421776124,0.0,0.0,C4466589567,13757.41,13757.41,0,0.02,0
136,TRANSFER,18410.34,C4490722186,68049.52,49639.18,C4820055862,0.0,18410.34,0,0.0,0
632,CASH_OUT,126064.4,C2168041588,145469.16,19404.76,C6904897514,69132.23,69132.23,0,0.0,0
63,DEBIT,319.93,C4550353803,741.6,421.67,M2228388623,0.0,0.0,0,0.01,0
15,TRANSFER,219231.22,C8199372599,262795.41,43564.19,C8134112721,101363.81,101363.81,1,0.0,0
567,PAYMENT,428.54,C7185179917,10472.98,10044.44,M8910440683,0.0,0.0,0,0.0,0
287,CASH_OUT,105597.04,C3019214800,123675.25,18078.21,C8293453178,109.76,109.76,1,0.0,0
719,PAYMENT,3821.92,C9626333315,27260.4,23438.48,M9255306810,0.0,0.0,0,0.0,0
67,PAYMENT,1.0,C5763350700,0.0,0.0,M3508990774,0.0,0.0,0,0.0,0
106,PAYMENT,1621.88,C2965164102,6521.05,4899.17,M2243802345,0.0,0.0,0,0.0,0
198,PAYMENT,1770.5,C5333183840,24723.08,22952.58,M1732578761,0.0,0.0,0,0.0,0
333,TRANSFER,5459.62,C6789292252,6670.36,1210.74,C2627677155,49714.12,55173.74,0,0.0,0
395,TRANSFER,1.0,C9237880732,0.0,0.0,C5613655595,174488.63,174489.63,0,0.0,0
326,TRANSFER,26123.27,C3952295757,27715.31,1592.04,C9553561889,2552.62,28675.89,0,0.0,0
37,PAYMENT,11809.74,C5031086659,92228.77,80419.03,M6199197408,0.0,0.0,0,0.0,0
444,DEBIT,28568.9,C9903351330,125052.95,96484.05,M7050091525,0.0,0.0,0,0.016666666666666666,0
584,PAYMENT,7222.61,C8417757797,26451.55,19228.94,M3595066420,0.0,0.0,0,0.0,0
96,TRANSFER,107615.66,C1654602021,126123.41,18507.75,C9116428507,137669.33,245284.99,0,0.0,0
624,CASH_OUT,39524.69,C2586568081,92098.27,52573.58,C7576309274,232145.28,232145.28,0,0.0,0
288,CASH_OUT,1435.88,C9702693937,2036.68,600.8,C4163119785,0.0,0.0,0,0.01,0
525,PAYMENT,15553.65,C8093179263,149271.33,133717.68,M3831598303,0.0,0.0,0,0.0,0
691,TRANSFER,1.0,C5072538783,0.0,0.0,C6313758032,181432.49,181433.49,0,0.0,0
105,CASH_OUT,159604.83,C6955593943,200563.55,40958.72,C7316122432,4713.51,4713.51,0,0.0,0
261,TRANSFER,21386.09,C6921525436,108490.71,87104.62,C7059726570,72.17,21458.26,0,0.0,0
295,TRANSFER,1045.67,C8663837890,1035.2,0.0,M4390543744,0.0,0.0,1,0.33,0
338,PAYMENT,16207.96,C3365835550,53194.64,36986.68,M3107992942,0.0,0.0,0,0.0,0
23,PAYMENT,9161.48,C3360791536,138136.49,128975.01,M4122901114,0.0,0.0,0,0.0,0
536,CASH_IN,112984.19,C5130589741,76308.24,189292.43,C3259520140,24990.16,24990.16,0,0.0,0
492,CASH_OUT,30747.11,C8758809005,72420.44,41673.33,C2877279755,40246.09,40246.09,0,0.0,0
620,PAYMENT,1.0,C6628158856,1.76,0.76,M5985331805,0.0,0.0,0,0.0,0
482,PAYMENT,15410.28,C3965676060,26507.75,11097.47,M1240140248,0.0,0.0,0,0.0,0
536,TRANSFER,10866.37,C2349406919,11142.26,275.89,M3107992942,0.0,0.0,1,0.3333333333333333,0
218,CASH_IN,50656.79,C6037168610,17206.27,67863.06,C3205292512,539.63,539.63,0,0.0,0
412,TRANSFER,34518.54,C9354711271,169599.16,135080.62,C2064803502,0.0,34518.54,0,0.0033333333333333335,0
552,PAYMENT,11435.69,C2566942273,55220.01,43784.32,M3965860354,0.0,0.0,0,0.0,0
469,CASH_OUT,74595.79,C8110054933,88663.46,14067.67,C3962452613,1144.32,1144.32,0,0.006666666666666667,0
599,CASH_OUT,126111.98,C8999963054,170330.27,44218.29,C2720484983,178.37,178.37,1,0.01,0
221,PAYMENT,168.0,C6121801720,17390.14,17222.14,M9441870024,0.0,0.0,0,0.0,0
402,PAYMENT,1.0,C7505693643,21240.39,21239.39,M7951820749,0.0,0.0,0,0.0,0
347,TRANSFER,3138.3,C8236980551,4195.81,1057.51,C7601519165,2287.71,2287.71,1,0.0,0
300,TRANSFER,23095.2,C1290050198,22055.35,0.0,M3811254192,0.0,0.0,1,0.8333333333333334,1
377,TRANSFER,1677.89,C5151887478,7841.16,6163.27,C5957341287,94019.79,95697.68,0,0.0,0
285,DEBIT,12080.49,C4946081594,23855.8,11775.31,M7366396017,0.0,0.0,0,0.02,0
591,PAYMENT,28.98,C5626388820,55507.51,55478.53,M2518433834,0.0,0.0,0,0.0,0
271,CASH_OUT,4482.27,C5151887478,6163.27,1681.0,C9623534576,18593.34,18593.34,0,0.0033333333333333335,0
602,TRANSFER,189.48,C3147818256,264.4,74.92,M1240140248,0.0,0.0,1,0.17333333333333334,0
58,TRANSFER,16728.03,C2178884276,33009.72,16281.69,C8901585274,130493.23,147221.26,0,0.0,0
503,PAYMENT,5786.53,C9303765140,163510.58,157724.05,M5694439775,0.0,0.0,0,0.0,0
74,CASH_OUT,38982.45,C5789617427,61903.66,22921.21,C1242425303,43515.38,43515.38,0,0.0,0
417,CASH_OUT,5538.58,C1431494396,12575.42,7036.84,C2379592595,44668.9,44668.9,0,0.0,0
525,PAYMENT,6.49,C8131923452,112251.64,112245.15,M7514017540,0.0,0.0,0,0.0,0
82,PAYMENT,2930.66,C4037270171,89861.46,86930.8,M5087280062,0.0,0.0,0,0.0,0
342,TRANSFER,36897.69,C8199372599,43564.19,6666.5,C9505085936,148324.37,148324.37,1,0.0,0
378,TRANSFER,40908.24,C7670476743,42520.16,1611.92,C8102515984,38985.14,38985.14,1,0.0033333333333333335,0
50,PAYMENT,1.0,C1707196784,0.0,0.0,M1466305100,0.0,0.0,0,0.0,0
433,CASH_OUT,114190.24,C6218484323,137730.86,23540.62,M5919148165,0.0,0.0,1,0.013333333333333334,0
613,CASH_OUT,1404.47,C2893321208,76117.45,74712.98,C9035194895,139222.83,139222.83,0,0.0,0
74,PAYMENT,4102.7,C3791027186,144978.12,140875.42,M2115406331,0.0,0.0,0,0.0,0
432,TRANSFER,4965.91,C1261903104,4437.42,0.0,C8057994126,2968.72,2968.72,1,0.26666666666666666,0
309,TRANSFER,80999.5,C6353758928,89330.63,8331.13,M6820149016,0.0,0.0,1,0.25666666666666665,0
251,PAYMENT,1.0,C7757700186,0.0,0.0,M4329446784,0.0,0.0,0,0.0,0
568,TRANSFER,3182.78,C6596578419,5565.8,2383.02,C3171050399,38615.91,41798.69,0,0.006666666666666667,0
384,TRANSFER,4873.89,C2941289685,5875.81,1001.92,C2268006448,9828.6,14702.49,0,0.0,0
343,CASH_OUT,20053.48,C5083595988,18337.03,0.0,M8063693463,0.0,0.0,1,0.22,0
29,CASH_OUT,37233.74,C6046864799,42463.2,5229.46,C9581991473,254.66,254.66,0,0.0,0
571,PAYMENT,6.94,C3962452613,1144.32,1137.38,M1413599241,0.0,0.0,0,0.0,0
492,PAYMENT,2494.84,C8503368512,27720.18,25225.34,M6275155878,0.0,0.0,0,0.0,0
306,CASH_OUT,76.04,C7070083150,94.58,18.54,M4035639663,0.0,0.0,1,0.006666666666666667,0
60,TRANSFER,68588.72,C1817804383,90983.83,22395.11,C9558091177,156264.78,224853.5,0,0.0,0
419,PAYMENT,1105.03,C4302709858,97086.15,95981.12,M1413599241,0.0,0.0,0,0.0,0
298,PAYMENT,9845.81,C8755749566,36063.66,26217.85,M3636366799,0.0,0.0,0,0.0,0
433,PAYMENT,99.67,C8331319481,334.91,235.24,M4160161496,0.0,0.0,0,0.0,0
422,PAYMENT,18019.02,C2126077199,87631.59,69612.57,M5315720088,0.0,0.0,0,0.0,0
38,TRANSFER,4131.89,C9717175839,3730.94,0.0,M6041646576,0.0,0.0,1,0.7733333333333333,1
682,PAYMENT,7195.13,C8478529823,7250.48,55.35,M6865994703,0.0,0.0,0,0.0,0
409,CASH_IN,985.36,C9292791081,133708.77,134694.13,C4282810353,61546.18,61546.18,0,0.0,0
326,CASH_OUT,83309.23,C5992908271,166171.54,82862.31,C2836553621,20312.99,20312.99,0,0.0,0
79,PAYMENT,20975.63,C7581349462,28942.96,7967.33,M5815678365,0.0,0.0,0,0.0,0
523,TRANSFER,1.0,C7633342225,0.0,0.0,C6415031531,100631.14,100632.14,0,0.0,0
473,PAYMENT,6645.66,C1431494396,7036.84,391.18,M6894024976,0.0,0.0,0,0.0,0
151,PAYMENT,2787.24,C8281641403,8628.81,5841.57,M1732578761,0.0,0.0,0,0.0,0
352,TRANSFER,2758.28,C6884882440,10995.76,8237.48,C9451577335,187982.21,190740.49,0,0.0,0
169,TRANSFER,4626.68,C1127978094,24224.14,19597.46,C8203447752,86896.03,91522.71,0,0.0,0
191,DEBIT,3953.74,C6054421752,42552.75,38599.01,M8903212516,0.0,0.0,0,0.013333333333333334,0
493,TRANSFER,22711.35,C3074232200,90731.44,68020.09,C7196439534,124984.2,147695.55,0,0.0,0
57,PAYMENT,1.0,C5759234471,0.0,0.0,M8768773991,0.0,0.0,0,0.0,0
497,CASH_OUT,1566.21,C7608153267,5850.26,4284.05,C7664258343,14093.22,14093.22,0,0.016666666666666666,0
465,TRANSFER,35407.89,C4748302739,116278.42,80870.53,C9381721143,151492.0,186899.89,0,0.0,0
310,PAYMENT,27.78,C2940955281,130.74,102.96,M2121448210,0.0,0.0,0,0.0,0
689,TRANSFER,18510.96,C1674755608,22773.47,4262.51,C9305502799,0.0,0.0,1,0.32,0
85,CASH_OUT,52.5,C4104309491,102.89,50.39,C9711080868,122197.88,122197.88,0,0.006666666666666667,0
509,PAYMENT,1.0,C7271954644,0.0,0.0,M4211837506,0.0,0.0,0,0.0,0
691,TRANSFER,113086.75,C1484664056,98306.3,0.0,M6313472215,0.0,0.0,1,0.8833333333333333,1
326,PAYMENT,14303.01,C4776677517,186738.13,172435.12,M2625035499,0.0,0.0,0,0.0,0
374,TRANSFER,65561.73,C5344083406,153380.94,87819.21,C2602884797,4671.14,70232.87,0,0.0,0
352,CASH_OUT,59728.1,C1664847319,180595.9,120867.8,C7910439839,0.0,0.0,0,0.0,0
311,TRANSFER,165159.28,C4660390742,167031.53,1872.25,C4633987776,80311.43,245470.71,0,0.0,0
568,PAYMENT,1279.27,C4972536230,1375.93,96.66,M9620935604,0.0,0.0,0,0.0,0
114,PAYMENT,851.89,C2965164102,4899.17,4047.28,M5325865521,0.0,0.0,0,0.0,0
211,PAYMENT,1927.77,C4102872611,2104.68,176.91,M2518433834,0.0,0.0,0,0.0,0
94,CASH_OUT,346.34,C9894847574,2030.78,1684.44,C1600406558,54726.98,54726.98,0,0.0,0
201,PAYMENT,148.6,C1600337712,503.13,354.53,M8964269909,0.0,0.0,0,0.0,0
622,PAYMENT,72.63,C8373547961,110.68,38.05,M7537130187,0.0,0.0,0,0.0,0
379,CASH_OUT,63782.5,C3734252963,76817.47,13034.97,C5728897164,81202.61,81202.61,0,0.0,0
105,CASH_OUT,65882.82,C1367704871,77729.03,11846.21,C4990452762,29164.04,29164.04,1,0.0,0
303,PAYMENT,2216.16,C5789617427,22921.21,20705.05,M4588312351,0.0,0.0,0,0.0,0
657,PAYMENT,2049.44,C4645120421,157145.72,155096.28,M3094407076,0.0,0.0,0,0.0,0
40,TRANSFER,3889.85,C4736031885,4025.04,135.19,C7887950851,0.0,0.0,1,0.38333333333333336,0
103,TRANSFER,27719.03,C5694190173,69775.36,42056.33,C6496933442,2388.46,30107.49,0,0.0,0
629,TRANSFER,1.0,C7767834064,0.0,0.0,C3190227431,78585.09,78586.09,0,0.0,0
443,TRANSFER,4239.85,C5588254555,3958.81,0.0,C4659306670,5288.11,9527.96,1,0.11,0
606,TRANSFER,19049.34,C5982744929,26183.28,7133.94,M6558769264,0.0,0.0,1,0.31,0
85,DEBIT,1.0,C2818381356,0.0,0.0,M1908459040,0.0,0.0,0,0.03,0
712,CASH_IN,51636.45,C8487449580,79257.03,130893.48,C1248704157,0.0,0.0,0,0.0,0
18,CASH_OUT,108116.57,C8131923452,112245.15,4128.58,C3020939193,198132.26,198132.26,1,0.0,0
681,TRANSFER,240026.89,C7099469983,264142.69,24115.8,C4656572173,68848.31,68848.31,1,0.0033333333333333335,0
129,TRANSFER,147766.37,C5461537013,145008.55,0.0,M7192742877,0.0,0.0,1,0.9633333333333334,1
391,TRANSFER,2902.84,C5182110973,60127.2,57224.36,C8624454880,86882.08,89784.92,0,0.0,0
542,CASH_OUT,17038.67,C8132531532,24149.1,7110.43,M4896576569,0.0,0.0,1,0.013333333333333334,0
143,TRANSFER,5802.81,C8991678061,12512.22,6709.41,C5141593270,39609.59,45412.4,0,0.0,0
133,TRANSFER,5254.67,C1471997674,16502.03,11247.36,C4700855390,0.0,5254.67,0,0.0033333333333333335,0
32,CASH_OUT,119590.15,C6656646925,122101.99,2511.84,C3623588379,1598.5,1598.5,1,0.0,0
132,TRANSFER,2197.42,C6656646925,2511.84,314.42,M3457877922,0.0,0.0,1,0.15666666666666668,0
191,CASH_OUT,198178.29,C5560712830,243873.07,45694.78,C7420493866,189073.06,189073.06,0,0.0,0
658,TRANSFER,7930.78,C1805492785,7190.15,0.0,M7343954769,0.0,0.0,1,0.9566666666666667,1
566,TRANSFER,51390.51,C3780439666,56519.39,5128.88,C9263135031,2712.99,2712.99,1,0.023333333333333334,0
308,PAYMENT,11143.19,C8624454880,89784.92,78641.73,M8389750357,0.0,0.0,0,0.0,0
622,PAYMENT,1261.17,C6099808894,26896.74,25635.57,M7282885927,0.0,0.0,0,0.0,0
86,CASH_IN,13129.45,C6588316233,41232.04,54361.49,C5431267548,93391.12,93391.12,0,0.0,0
402,PAYMENT,19856.08,C1248786714,71782.11,51926.03,M5891831621,0.0,0.0,0,0.0,0
338,PAYMENT,899.82,C1287814151,44495.18,43595.36,M1732578761,0.0,0.0,0,0.0,0
573,TRANSFER,99478.24,C6576426590,126833.57,27355.33,C1510289448,35681.92,135160.16,0,0.0,0
391,TRANSFER,70726.59,C6000009225,76338.5,5611.91,C3783009621,94176.48,164903.07,0,0.0,0
244,TRANSFER,947.62,C6405851839,814.29,0.0,M3156792018,0.0,0.0,1,0.3333333333333333,0
24,CASH_IN,109896.93,C5634076661,178.94,110075.87,C1515024824,11006.73,11006.73,0,0.0,0
570,DEBIT,1.0,C8458717057,0.0,0.0,M9444143872,0.0,0.0,0,0.04666666666666667,0
82,TRANSFER,25.53,C7628981661,8365.26,8339.73,C2493660313,104734.33,104759.86,0,0.0,0
338,CASH_OUT,3605.74,C9861449701,3016.94,0.0,C2174793230,74585.73,74585.73,1,0.01,0
252,CASH_IN,11247.65,C4602080228,117710.9,128958.55,C7873709012,196075.12,196075.12,0,0.0,0
604,PAYMENT,12550.94,C7551874474,285069.26,272518.32,M1647181551,0.0,0.0,0,0.0,0
371,CASH_OUT,27317.34,C9830946410,23934.18,0.0,M1676220116,0.0,0.0,1,0.06,0
419,TRANSFER,1023.08,C4577406847,2796.86,1773.78,C9270323795,21266.24,22289.32,0,0.01,0
674,PAYMENT,56.34,C4972536230,96.66,40.32,M2156184315,0.0,0.0,0,0.0,0
530,TRANSFER,28717.53,C1940684569,192019.06,163301.53,C4201225242,169056.01,197773.54,0,0.0,0
340,TRANSFER,3890.14,C9455610447,12362.02,8471.88,C8730507757,330.3,4220.44,0,0.0,0
680,TRANSFER,153208.73,C6534540349,196937.35,43728.62,C7085004726,53832.24,207040.97,0,0.0,0
539,CASH_OUT,753.2,C9461708554,2660.68,1907.48,C1958682846,114180.15,114180.15,0,0.0033333333333333335,0
224,CASH_OUT,148.7,C3710566582,155.36,6.66,M6744039057,0.0,0.0,1,0.013333333333333334,0
306,CASH_OUT,28055.09,C5667503195,149857.52,121802.43,C8178927766,3376.72,3376.72,0,0.0,0
508,TRANSFER,1.0,C1487258103,0.0,0.0,C3612617557,29641.12,29642.12,0,0.0,0
492,CASH_OUT,133075.12,C4062777850,268957.1,135881.98,C5588254555,0.0,0.0,0,0.013333333333333334,0
487,PAYMENT,100.65,C8086527181,162238.59,162137.94,M4160161496,0.0,0.0,0,0.0,0
490,PAYMENT,8117.67,C2836553621,20312.99,12195.32,M4952177946,0.0,0.0,0,0.0,0
163,CASH_OUT,51024.46,C9392515666,144064.13,93039.67,C3163970710,29881.3,29881.3,0,0.0,0
469,PAYMENT,735.8,C9943959352,1758.81,1023.01,M3094407076,0.0,0.0,0,0.0,0
540,DEBIT,7751.82,C2076151332,82313.19,74561.37,M7537130187,0.0,0.0,0,0.02,0
331,CASH_OUT,9390.39,C4147025728,14139.72,4749.33,C2227193073,355.13,355.13,0,0.0033333333333333335,0
435,TRANSFER,82.63,C8942167666,96.18,13.55,M2711123163,0.0,0.0,1,0.17,0
657,DEBIT,2093.72,C2369705770,3225.38,1131.66,M6583604299,0.0,0.0,0,0.03333333333333333,0
244,PAYMENT,1.0,C7910439839,0.0,0.0,M6999146585,0.0,0.0,0,0.0,0
517,PAYMENT,14648.49,C7519578899,130555.84,115907.35,M6053489772,0.0,0.0,0,0.0,0
39,CASH_OUT,74416.13,C5957341287,95697.68,21281.55,C3465883999,102996.64,102996.64,1,0.0,0
149,TRANSFER,2650.09,C7088451458,3381.53,731.44,M5570190774,0.0,0.0,1,0.12,0
567,TRANSFER,22865.3,C8252045593,21837.23,0.0,C7805633786,150431.4,150431.4,1,0.006666666666666667,0
649,CASH_IN,90210.61,C3163970710,29881.3,120091.91,C1667779376,0.0,0.0,0,0.0,0
202,TRANSFER,15857.33,C9623534576,18593.34,2736.01,C4287687478,171073.13,186930.46,0,0.0,0
450,PAYMENT,3315.2,C3884642366,114442.05,111126.85,M2625035499,0.0,0.0,0,0.0,0
498,TRANSFER,132303.86,C9381721143,186899.89,54596.03,M7764117705,0.0,0.0,1,0.30666666666666664,0
158,PAYMENT,602.89,C8948573913,1505.36,902.47,M6744039057,0.0,0.0,0,0.0,0
413,PAYMENT,9019.74,C9677466102,29163.7,20143.96,M3192202822,0.0,0.0,0,0.0,0
212,TRANSFER,12997.5,C2586568081,52573.58,39576.08,C2464137110,200.63,13198.13,0,0.0,0
614,CASH_OUT,27944.26,C2071552532,36970.79,9026.53,C4508521152,3665.9,3665.9,0,0.0033333333333333335,0
642,PAYMENT,12808.64,C6995554056,14577.46,1768.82,M6200141898,0.0,0.0,0,0.0,0
175,CASH_OUT,75371.51,C6952291828,101580.06,26208.55,C8086527181,162137.94,162137.94,0,0.0,0
665,PAYMENT,10481.34,C6562457052,21756.59,11275.25,M9065458220,0.0,0.0,0,0.0,0
465,PAYMENT,20522.0,C8588769565,170552.83,150030.83,M7512767226,0.0,0.0,0,0.0,0
396,TRANSFER,440.8,C2537965898,431.87,0.0,M2115406331,0.0,0.0,1,0.23666666666666666,0
405,TRANSFER,2184.81,C7640122370,2506.39,321.58,C1036351450,115790.72,115790.72,1,0.0,0
577,DEBIT,121.94,C3149484176,144280.62,144158.68,M2303835765,0.0,0.0,0,0.016666666666666666,0
495,PAYMENT,1755.66,C2854772804,62717.99,60962.33,M9444143872,0.0,0.0,0,0.0,0
315,PAYMENT,3894.29,C4921003983,18891.87,14997.58,M8058679999,0.0,0.0,0,0.0,0
283,PAYMENT,5865.72,C4079223686,166848.61,160982.89,M6992094064,0.0,0.0,0,0.0,0
660,TRANSFER,11567.41,C3259520140,24990.16,13422.75,C2720484983,178.37,11745.78,0,0.0033333333333333335,0
327,PAYMENT,2126.31,C6924716023,5534.77,3408.46,M9640701016,0.0,0.0,0,0.0,0
628,CASH_OUT,139901.36,C4776677517,172435.12,32533.76,C8382963909,90869.4,90869.4,1,0.0,0
550,PAYMENT,15331.63,C6515369278,167441.18,152109.55,M1257854279,0.0,0.0,0,0.0,0
179,CASH_OUT,2676.13,C3780475472,4058.63,1382.5,C9953716239,0.0,0.0,0,0.0,0
56,DEBIT,3498.07,C9388140708,105284.73,101786.66,M9576264323,0.0,0.0,0,0.006666666666666667,0
116,PAYMENT,1.0,C6469458472,2.38,1.38,M3355504998,0.0,0.0,0,0.0,0
49,TRANSFER,52805.88,C9844874547,46755.52,0.0,M6790024996,0.0,0.0,1,0.7933333333333333,1
630,PAYMENT,2756.09,C8316648259,4896.96,2140.87,M2121448210,0.0,0.0,0,0.0,0
178,PAYMENT,2281.58,C3655790301,28442.27,26160.69,M6865994703,0.0,0.0,0,0.0,0
261,TRANSFER,106550.98,C4558302256,118818.52,12267.54,M2910594463,0.0,0.0,1,0.28,0
665,PAYMENT,1.0,C2645272822,0.0,0.0,M2155671697,0.0,0.0,0,0.0,0
550,PAYMENT,16768.81,C1050899550,144351.66,127582.85,M8443061472,0.0,0.0,0,0.0,0
691,CASH_OUT,1.0,C9539945315,0.0,0.0,C2617999521,6636.79,6636.79,0,0.02,0
500,TRANSFER,1640.96,C6448324230,5184.08,3543.12,C1370292681,0.0,1640.96,0,0.06,0
544,PAYMENT,14338.5,C5292015249,48102.3,33763.8,M1185303518,0.0,0.0,0,0.0,0
421,TRANSFER,122657.21,C1553155490,144253.13,21595.92,M5694439775,0.0,0.0,1,0.32666666666666666,0
258,TRANSFER,16503.92,C3815235019,60673.5,44169.58,C4242550727,4361.36,20865.28,0,0.0,0
505,PAYMENT,23602.63,C1160913827,52280.02,28677.39,M6992094064,0.0,0.0,0,0.0,0
128,CASH_OUT,66823.12,C9337145038,113519.05,46695.93,C3260842187,33393.05,33393.05,0,0.0,0
222,PAYMENT,18.78,C6317889312,91608.15,91589.37,M6583604299,0.0,0.0,0,0.0,0
473,TRANSFER,84037.83,C6804850108,90357.56,6319.73,C1546696950,137598.58,137598.58,1,0.0,0
32,PAYMENT,1.0,C5659161352,0.0,0.0,M7750131975,0.0,0.0,0,0.0,0
472,TRANSFER,41427.21,C4062777850,135881.98,94454.77,C6687206971,139407.55,180834.76,0,0.0,0
443,PAYMENT,2.83,C9255898264,10.35,7.52,M2155671697,0.0,0.0,0,0.0,0
160,CASH_OUT,124189.54,C2158638062,120304.75,0.0,C8274219704,84983.57,84983.57,1,0.03333333333333333,0
600,PAYMENT,1.0,C5135595227,0.0,0.0,M7453081889,0.0,0.0,0,0.0,0
499,PAYMENT,11523.27,C1361845490,190056.66,178533.39,M5194066484,0.0,0.0,0,0.0,0
609,PAYMENT,295.61,C8907752604,159673.1,159377.49,M1368287033,0.0,0.0,0,0.0,0
552,TRANSFER,1410.23,C5913767020,1872.23,462.0,C6777263354,69643.68,71053.91,1,0.0033333333333333335,0
8,CASH_OUT,17497.16,C8527715219,20465.86,2968.7,M1357561213,0.0,0.0,1,0.0033333333333333335,0
318,PAYMENT,66.58,C3738900744,90.68,24.1,M7532669066,0.0,0.0,0,0.0,0
582,CASH_OUT,49238.62,C6542943838,122782.65,73544.03,C6305160342,18558.86,18558.86,0,0.0,0
23,CASH_OUT,1932.34,C4660390742,1872.25,0.0,C4422700486,0.0,0.0,1,0.03333333333333333,0
690,CASH_OUT,32359.18,C6952554500,71523.72,39164.54,C6942989052,25103.87,25103.87,0,0.0,0
374,PAYMENT,5774.26,C1131267917,32133.87,26359.61,M6606958660,0.0,0.0,0,0.0,0
351,CASH_OUT,2449.5,C4046558332,2460.2,10.7,C8925520026,12523.79,12523.79,1,0.0033333333333333335,0
70,TRANSFER,27916.75,C6591038760,23870.93,0.0,C2616884203,86270.02,114186.77,1,0.0,0
130,CASH_IN,2896.65,C7620473079,0.0,2896.65,C4472312361,25068.84,25068.84,0,0.0,0
271,PAYMENT,15517.62,C1809283659,60930.24,45412.62,M9776500600,0.0,0.0,0,0.0,0
85,TRANSFER,52945.52,C4623960580,122685.67,69740.15,C5269015757,125592.62,178538.14,0,0.0,0
151,CASH_OUT,17505.39,C6544063167,22773.69,5268.3,C3574081104,307.93,307.93,0,0.0,0
327,PAYMENT,2933.56,C6092773357,118316.17,115382.61,M7764117705,0.0,0.0,0,0.0,0
382,PAYMENT,1522.35,C3645901955,108286.99,106764.64,M1857561275,0.0,0.0,0,0.0,0
79,CASH_OUT,29328.61,C2139078760,27099.48,0.0,M8768773991,0.0,0.0,1,0.056666666666666664,0
88,CASH_OUT,39107.83,C9343730920,37474.87,0.0,M6771941776,0.0,0.0,1,0.043333333333333335,0
212,TRANSFER,19739.78,C6887132821,54486.0,34746.22,C7049001493,229.35,19969.13,0,0.0,0
440,CASH_OUT,11572.78,C6929897032,13671.87,2099.09,C2266622851,3543.05,3543.05,0,0.01,0
83,CASH_OUT,1396.47,C2178158203,1452.97,56.5,C9639245200,106736.77,106736.77,1,0.0,0
332,TRANSFER,112494.46,C2094024844,143397.84,30903.38,M4093474499,0.0,0.0,1,0.26666666666666666,0
399,CASH_OUT,4879.77,C1799718923,5222.6,342.83,M6053489772,0.0,0.0,1,0.006666666666666667,0
587,TRANSFER,6475.27,C1304205279,5461.31,0.0,M8144889126,0.0,0.0,1,0.96,1
477,CASH_OUT,1.0,C3713284816,0.0,0.0,C9963334018,116318.35,116318.35,0,0.0033333333333333335,0
706,TRANSFER,1097.4,C1306702926,199137.16,198039.76,C3396953414,16815.37,17912.77,0,0.0,0
151,TRANSFER,57552.57,C4631048029,79419.78,21867.21,C4180599722,3355.04,3355.04,1,0.016666666666666666,0
514,TRANSFER,1.0,C8168204967,1.0,0.0,C4747699292,0.0,1.0,0,0.22333333333333333,0
397,TRANSFER,10041.94,C3866755218,43326.39,33284.45,C2916728422,27052.37,37094.31,0,0.0,0
440,PAYMENT,5.99,C8942167666,13.55,7.56,M4588312351,0.0,0.0,0,0.0,0
702,TRANSFER,28793.01,C4332894265,74279.73,45486.72,C6611356986,131939.91,160732.92,0,0.0,0
583,TRANSFER,46677.89,C3674551397,65954.1,19276.21,C5183211669,6.88,6.88,1,0.20666666666666667,0
345,CASH_IN,48076.47,C4873807154,18388.4,66464.87,C3891796055,1457.79,1457.79,0,0.0,0
700,TRANSFER,56186.23,C7759781156,56930.07,743.84,C7823288650,87954.13,144140.36,1,0.0033333333333333335,0
558,TRANSFER,1225.43,C1446362270,1555.95,330.52,M2839566253,0.0,0.0,1,0.18333333333333332,0
253,CASH_OUT,2080.07,C9461708554,1907.48,0.0,M3145756342,0.0,0.0,1,0.08,0
176,PAYMENT,3775.62,C7539399243,99510.44,95734.82,M7351460539,0.0,0.0,0,0.0,0
26,TRANSFER,5.12,C9481076448,24.64,19.52,C9098129449,22793.35,22798.47,0,0.0,0
618,TRANSFER,17205.81,C3019214800,18078.21,872.4,C1726990714,25877.78,25877.78,1,0.0,0
699,TRANSFER,1533.83,C1939042955,4041.88,2508.05,C3369305560,109777.03,111310.86,0,0.006666666666666667,0
335,PAYMENT,2930.82,C2683446724,90296.28,87365.46,M6790024996,0.0,0.0,0,0.0,0
223,CASH_OUT,16968.05,C7625464411,22599.86,5631.81,C3694860228,3670.2,3670.2,0,0.0,0
312,CASH_OUT,108275.41,C4745927824,131678.38,23402.97,C5418232833,32670.47,32670.47,1,0.0,0
339,CASH_IN,30142.89,C5201221330,161482.36,191625.25,C5215140451,138839.13,138839.13,0,0.0,0
593,TRANSFER,3480.86,C4972536230,4699.27,1218.41,M4125758723,0.0,0.0,1,0.31333333333333335,0
28,CASH_OUT,3822.24,C8760642358,4487.61,665.37,M1099218439,0.0,0.0,1,0.0033333333333333335,0
716,PAYMENT,1220.51,C5606736607,193431.8,192211.29,M5937271321,0.0,0.0,0,0.0,0
238,TRANSFER,42.15,C6732648420,78.61,36.46,C4500557310,0.0,42.15,0,0.16,0
573,CASH_OUT,49832.6,C4098389895,53655.41,3822.81,C9369574998,0.0,0.0,1,0.01,0
447,PAYMENT,1903.93,C7573691558,125579.95,123676.02,M9523139706,0.0,0.0,0,0.0,0
672,DEBIT,21150.47,C7340498236,80594.61,59444.14,M4125758723,0.0,0.0,0,0.02,0
685,CASH_OUT,54.45,C3346569443,144.34,89.89,C5125568431,0.0,0.0,0,0.023333333333333334,0
234,CASH_OUT,93635.59,C9981364488,88228.82,0.0,M6401844042,0.0,0.0,1,0.07666666666666666,0
512,PAYMENT,220.93,C1563524533,98050.07,97829.14,M3107992942,0.0,0.0,0,0.0,0
1,PAYMENT,7734.11,C6725038117,136367.15,128633.04,M6866146362,0.0,0.0,0,0.0,0
718,PAYMENT,1084.32,C5175416378,1789.15,704.83,M6247463262,0.0,0.0,0,0.0,0
353,CASH_OUT,3658.02,C7473868020,21953.45,18295.43,C9454207717,252389.54,252389.54,0,0.0,0
53,CASH_OUT,112608.12,C5891280823,138471.67,25863.55,C8730507757,4220.44,4220.44,0,0.0,0
307,PAYMENT,185.95,C9922723063,119026.44,118840.49,M1802753761,0.0,0.0,0,0.0,0
496,TRANSFER,151391.0,C8650676663,162813.34,11422.34,C6392415228,23466.39,174857.39,0,0.0,0
371,TRANSFER,362.93,C1662259333,379.69,16.76,C6214917780,138463.1,138463.1,1,0.0,0
156,TRANSFER,27139.06,C4776677517,32533.76,5394.7,C1026224160,0.0,0.0,1,0.24,0
26,TRANSFER,10138.45,C5130589741,189292.43,179153.98,C9189503254,817.95,10956.4,0,0.0033333333333333335,0
702,CASH_OUT,11.64,C9738752801,160737.1,160725.46,C2076341629,64293.74,64293.74,0,0.0,0
445,TRANSFER,21919.46,C3144490990,23945.4,2025.94,C9263135031,2712.99,24632.45,0,0.0,0
418,CASH_OUT,2012.34,C7705605962,2144.94,132.6,C8382488970,0.0,0.0,1,0.07,0
454,DEBIT,1307.91,C8575707116,1703.78,395.87,M6313472215,0.0,0.0,0,0.02666666666666667,0
211,DEBIT,5822.11,C1596471620,5895.26,73.15,M6282009986,0.0,0.0,0,0.03333333333333333,0
509,PAYMENT,72.42,C9544423456,33464.46,33392.04,M6275155878,0.0,0.0,0,0.0,0
88,TRANSFER,155625.33,C7751356568,159297.24,3671.91,M7270955446,0.0,0.0,1,0.2633333333333333,0
192,PAYMENT,1610.38,C6887132821,34746.22,33135.84,M5714658227,0.0,0.0,0,0.0,0
168,TRANSFER,67205.46,C6921525436,87104.62,19899.16,C3734252963,13034.97,13034.97,1,0.0033333333333333335,0
236,CASH_OUT,13961.18,C2836553621,12195.32,0.0,M8667946580,0.0,0.0,1,0.17,0
387,CASH_IN,64222.37,C2405746777,36899.32,101121.69,C2905584866,5908.06,5908.06,0,0.0,0
3,PAYMENT,1165.08,C6698759353,1931.3,766.22,M8218146534,0.0,0.0,0,0.0,0
402,PAYMENT,313.96,C1195066088,96299.1,95985.14,M9021793855,0.0,0.0,0,0.0,0
352,CASH_OUT,144939.52,C1422701550,128180.79,0.0,C9592390865,54941.43,54941.43,1,0.013333333333333334,0
544,TRANSFER,39584.98,C3389594115,202018.85,162433.87,C3589530484,104747.77,144332.75,0,0.0,0
349,CASH_OUT,1258.53,C1569113257,1428.44,169.91,M2604788242,0.0,0.0,1,0.013333333333333334,0
147,PAYMENT,3520.71,C9218363978,36590.03,33069.32,M6275155878,0.0,0.0,0,0.0,0
310,PAYMENT,4966.91,C3664052763,44471.57,39504.66,M8910440683,0.0,0.0,0,0.0,0
435,TRANSFER,18.07,C2962750929,25.48,7.41,C7402059279,27988.59,28006.66,0,0.0,0
44,TRANSFER,1200.78,C6204041308,1049.76,0.0,C7311011808,2740.54,2740.54,1,0.01,0
36,PAYMENT,6987.31,C9611537583,175571.07,168583.76,M7951820749,0.0,0.0,0,0.0,0
425,CASH_IN,60498.17,C9094089209,57971.24,118469.41,C6655089949,1540.92,1540.92,0,0.0,0
553,TRANSFER,277.9,C7640122370,321.58,43.68,C8846861559,90066.42,90344.32,0,0.0,0
509,CASH_OUT,74439.27,C9986353481,67501.29,0.0,C8690920484,21586.31,21586.31,1,0.15,0
419,CASH_OUT,11241.46,C6674372082,12544.16,1302.7,C3528924461,95051.88,95051.88,1,0.0033333333333333335,0
438,CASH_OUT,11416.83,C2825957977,16232.89,4816.06,M8030400668,0.0,0.0,1,0.02,0
332,TRANSFER,102295.61,C5870891270,98135.89,0.0,M2910594463,0.0,0.0,1,0.9466666666666667,1
22,TRANSFER,163588.39,C2382129132,143031.42,0.0,M4865979921,0.0,0.0,1,0.9066666666666666,1
376,PAYMENT,1.0,C7534583219,0.0,0.0,M8235474949,0.0,0.0,0,0.0,0
713,TRANSFER,24652.03,C1110724913,21677.39,0.0,C3185089287,334859.9,334859.9,1,0.0033333333333333335,0
19,PAYMENT,4259.68,C8703867299,27438.09,23178.41,M9581187661,0.0,0.0,0,0.0,0
283,TRANSFER,43159.9,C1981049082,44620.0,1460.1,M3145756342,0.0,0.0,1,0.26,0
300,DEBIT,1477.18,C6402580787,15547.06,14069.88,M6384311581,0.0,0.0,0,0.013333333333333334,0
587,TRANSFER,11853.09,C5952894290,16540.83,4687.74,C3693985578,162886.8,174739.89,0,0.0033333333333333335,0
222,CASH_OUT,1.0,C7887950851,0.0,0.0,C3605585995,85140.83,85140.83,0,0.0,0
266,CASH_IN,1820.12,C9633533290,0.0,1820.12,C6554972315,1130.69,1130.69,0,0.0,0
498,TRANSFER,108229.57,C3589530484,144332.75,36103.18,C3088517710,0.0,0.0,1,0.29333333333333333,0
8,TRANSFER,3510.59,C1855256552,3124.66,0.0,M3119908041,0.0,0.0,1,0.72,1
136,TRANSFER,128585.45,C3376077463,169285.15,40699.7,M9581187661,0.0,0.0,1,0.23666666666666666,0
563,PAYMENT,11588.29,C6313758032,181433.49,169845.2,M3566125120,0.0,0.0,0,0.0,0
579,PAYMENT,9607.59,C1749459431,194913.95,185306.36,M2418407139,0.0,0.0,0,0.0,0
203,TRANSFER,63442.87,C2756070122,165252.29,101809.42,C2079770569,106250.56,169693.43,0,0.0,0
106,CASH_IN,17029.04,C5336127859,456.6,17485.64,C8369792370,0.0,0.0,0,0.0,0
331,PAYMENT,15389.36,C7092693247,18967.01,3577.65,M5919148165,0.0,0.0,0,0.0,0
662,PAYMENT,20024.18,C9650701349,105883.07,85858.89,M8443061472,0.0,0.0,0,0.0,0
478,DEBIT,3959.49,C8137972345,4292.69,333.2,M4093474499,0.0,0.0,0,0.04666666666666667,0
188,CASH_OUT,734.97,C9136780852,960.57,225.6,C6313758032,169845.2,169845.2,1,0.0,0
530,PAYMENT,1.0,C4776436931,0.0,0.0,M5325865521,0.0,0.0,0,0.0,0
482,PAYMENT,1340.31,C3887823121,2455.6,1115.29,M6525576685,0.0,0.0,0,0.0,0
176,PAYMENT,706.39,C8093179263,133717.68,133011.29,M9916475897,0.0,0.0,0,0.0,0
351,TRANSFER,1512.33,C8322868827,2317.04,804.71,C6244338653,15423.45,16935.78,0,0.0033333333333333335,0
386,PAYMENT,13381.42,C8973989997,67193.49,53812.07,M3438830691,0.0,0.0,0,0.0,0
315,TRANSFER,155610.7,C5100282913,199924.88,44314.18,C8350384902,1719.34,1719.34,1,0.03666666666666667,0
49,PAYMENT,1.0,C6153541642,0.0,0.0,M2773408660,0.0,0.0,0,0.0,0
129,TRANSFER,112216.97,C7894019119,156884.15,44667.18,C3891796055,1457.79,113674.76,1,0.0,0
294,TRANSFER,139339.77,C2579206999,148400.97,9061.2,M6045729129,0.0,0.0,1,0.28,0
172,TRANSFER,133900.42,C9611537583,168583.76,34683.34,C9388140708,101786.66,235687.08,0,0.0,0
129,TRANSFER,5276.4,C8991678061,6709.41,1433.01,C9592390865,54941.43,60217.83,0,0.0,0
237,TRANSFER,64636.8,C8816681105,57965.44,0.0,C1233079614,116.58,116.58,1,0.31333333333333335,0
103,PAYMENT,3718.05,C3734252963,13034.97,9316.92,M8778927211,0.0,0.0,0,0.0,0
472,TRANSFER,18764.55,C5476654128,15902.15,0.0,M5564953924,0.0,0.0,1,0.9066666666666666,1
586,PAYMENT,5974.85,C8429141456,50662.55,44687.7,M5564953924,0.0,0.0,0,0.0,0
129,CASH_OUT,1.0,C5212581851,0.0,0.0,C7472806994,81211.46,81211.46,0,0.0,0
280,PAYMENT,6411.52,C6246716604,120912.27,114500.75,M2418407139,0.0,0.0,0,0.0,0
249,CASH_IN,12487.99,C2072355594,404.4,12892.39,C8991514523,16187.84,16187.84,0,0.0,0
428,DEBIT,1.0,C5778781449,0.0,0.0,M3690714075,0.0,0.0,0,0.04666666666666667,0
362,TRANSFER,75638.35,C4623960580,69740.15,0.0,C7311011808,2740.54,78378.89,1,0.01,0
309,CASH_OUT,10.05,C2941508568,45112.22,45102.17,C7988845536,0.0,0.0,0,0.0,0
208,CASH_OUT,96162.27,C4062777850,94454.77,0.0,C6633778586,13167.58,13167.58,1,0.043333333333333335,0
465,CASH_OUT,1.0,C1408988968,0.0,0.0,C4956362540,3527.07,3527.07,0,0.05333333333333334,0
501,TRANSFER,53384.69,C5943324387,45660.32,0.0,C3250402001,120101.55,120101.55,1,0.013333333333333334,0
291,CASH_OUT,39396.35,C2916728422,37094.31,0.0,M6786043791,0.0,0.0,1,0.01,0
444,PAYMENT,1078.11,C1553753599,2925.86,1847.75,M5067400473,0.0,0.0,0,0.0,0
202,PAYMENT,1.0,C4062777850,0.0,0.0,M8389750357,0.0,0.0,0,0.0,0
218,TRANSFER,3775.62,C6544063167,5268.3,1492.68,C3338877621,61799.68,65575.3,0,0.0,0
179,TRANSFER,35659.32,C3791027186,140875.42,105216.1,C8075122626,91873.68,127533.0,0,0.0,0
255,CASH_OUT,7246.23,C9597198563,17236.06,9989.83,C1485574228,52964.22,52964.22,0,0.0,0
21,PAYMENT,9018.01,C2554039848,131506.98,122488.97,M3223687972,0.0,0.0,0,0.0,0
696,TRANSFER,15502.82,C1625217504,13810.15,0.0,M5380159400,0.0,0.0,1,0.85,1
488,PAYMENT,2878.58,C8617360361,115121.95,112243.37,M1783432867,0.0,0.0,0,0.0,0
470,TRANSFER,53283.19,C4586784711,72365.02,19081.83,M6866146362,0.0,0.0,1,0.2633333333333333,0
255,PAYMENT,5146.35,C7471636437,19267.71,14121.36,M3605446007,0.0,0.0,0,0.0,0
92,PAYMENT,1.0,C5025070544,0.0,0.0,M7192742877,0.0,0.0,0,0.0,0
274,TRANSFER,3185.54,C7340428136,75787.87,72602.33,C6206015111,155282.9,158468.44,0,0.0,0
664,TRANSFER,25666.41,C8168036130,97168.39,71501.98,C6852312425,62428.58,88094.99,0,0.0,0
73,TRANSFER,28479.82,C2428156550,38289.58,9809.76,C5381866906,20706.75,20706.75,1,0.0,0
523,PAYMENT,85.67,C5898890707,17630.67,17545.0,M7343954769,0.0,0.0,0,0.0,0
94,CASH_OUT,21368.31,C1051354601,24349.58,2981.27,C3360791536,128975.01,128975.01,0,0.0,0
358,PAYMENT,1.0,C5578929439,0.0,0.0,M7341757401,0.0,0.0,0,0.0,0
71,CASH_OUT,88976.46,C7519578899,115907.35,26930.89,C6509985983,5655.98,5655.98,0,0.0,0
322,DEBIT,7899.82,C9248046539,48827.3,40927.48,M5937271321,0.0,0.0,0,0.013333333333333334,0
237,CASH_OUT,142931.22,C7074050517,157971.74,15040.52,C8868054898,124235.36,124235.36,1,0.0,0
441,CASH_OUT,24847.8,C4631048029,21867.21,0.0,M2391874847,0.0,0.0,1,0.14,0
443,TRANSFER,153.12,C7645527239,130.9,0.0,M3660800029,0.0,0.0,1,0.22666666666666666,0
297,TRANSFER,1970.87,C8663837890,1920.8,0.0,M8964269909,0.0,0.0,1,0.5766666666666667,1
472,PAYMENT,528.74,C9943959352,1023.01,494.27,M5570190774,0.0,0.0,0,0.0,0
518,TRANSFER,15251.09,C6633778586,13167.58,0.0,C2047905204,173957.3,173957.3,1,0.01,0
428,CASH_OUT,1682.02,C1051354601,2981.27,1299.25,C8493451569,134308.99,134308.99,0,0.016666666666666666,0
526,TRANSFER,6263.32,C6418365941,153301.62,147038.3,C6910112521,39.58,6302.9,0,0.0033333333333333335,0
288,DEBIT,6154.76,C7190276026,194012.03,187857.27,M8874242713,0.0,0.0,0,0.006666666666666667,0
249,PAYMENT,278.01,C5913767020,462.0,183.99,M4641902461,0.0,0.0,0,0.0,0
361,TRANSFER,93953.39,C5409514899,94147.12,193.73,C9274189261,0.0,0.0,1,0.36,0
643,CASH_OUT,123471.25,C8075122626,127533.0,4061.75,C3412365931,39133.32,39133.32,1,0.0,0
491,CASH_OUT,52651.99,C9516893896,67650.3,14998.31,M8083396378,0.0,0.0,1,0.01,0
654,PAYMENT,4262.03,C3791815554,142127.21,137865.18,M5270048042,0.0,0.0,0,0.0,0
648,TRANSFER,998.64,C7772180882,1042.55,43.91,M8548290298,0.0,0.0,1,0.22666666666666666,0
30,PAYMENT,8236.06,C3429019820,71149.66,62913.6,M8389750357,0.0,0.0,0,0.0,0
533,TRANSFER,1354.62,C4602080228,128958.55,127603.93,C2428156550,9809.76,11164.38,0,0.0,0
262,PAYMENT,1.0,C1993998848,0.0,0.0,M4211837506,0.0,0.0,0,0.0,0
267,PAYMENT,2957.12,C1248786714,51926.03,48968.91,M6525576685,0.0,0.0,0,0.0,0
528,PAYMENT,2294.41,C2139027119,26004.64,23710.23,M1999913493,0.0,0.0,0,0.0,0
504,PAYMENT,3927.54,C2846465000,48680.27,44752.73,M6045729129,0.0,0.0,0,0.0,0
360,CASH_OUT,6270.25,C2071552532,9026.53,2756.28,C4662861038,182638.37,182638.37,0,0.0,0
311,CASH_OUT,448628.69,C9863781331,436447.21,0.0,C1422701550,0.0,0.0,1,0.19666666666666666,0
151,CASH_OUT,80059.57,C2073755632,91700.95,11641.38,M2129491690,0.0,0.0,1,0.0,0
220,CASH_OUT,29493.69,C4949801453,41586.43,12092.74,M1122712790,0.0,0.0,1,0.0,0
388,TRANSFER,13842.42,C8285786023,16682.9,2840.48,C2349406919,275.89,14118.31,0,0.0,0
111,TRANSFER,1.0,C1600566083,0.0,0.0,C9633533290,1820.12,1821.12,0,0.013333333333333334,0
269,PAYMENT,2285.29,C2965718821,222535.21,220249.92,M5270048042,0.0,0.0,0,0.0,0
25,CASH_IN,147553.26,C6754503097,834.37,148387.63,C6710338189,69570.71,69570.71,0,0.0,0
520,CASH_OUT,12584.07,C1439921366,20531.3,7947.23,C9909257076,140674.39,140674.39,0,0.0,0
214,PAYMENT,1052.89,C1602569046,164808.78,163755.89,M1343875431,0.0,0.0,0,0.0,0
523,PAYMENT,846.88,C2094024844,30903.38,30056.5,M5937271321,0.0,0.0,0,0.0,0
208,CASH_OUT,7134.63,C8758809005,41673.33,34538.7,C7710396573,1837.45,1837.45,0,0.0,0
688,TRANSFER,815.59,C1041531046,955.46,139.87,M6651020291,0.0,0.0,1,0.18333333333333332,0
19,CASH_IN,24358.88,C5641959772,139165.9,163524.78,C8184602688,3725.91,3725.91,0,0.0,0
582,TRANSFER,59.72,C5789633176,121.73,62.01,C1225052083,153645.85,153705.57,0,0.0033333333333333335,0
525,TRANSFER,47826.89,C8325222092,52149.57,4322.68,C4642197907,102368.01,150194.9,0,0.0,0
387,CASH_OUT,32028.13,C7333316743,44004.15,11976.02,M1458227039,0.0,0.0,1,0.0,0
256,TRANSFER,134923.9,C4322510552,151409.21,16485.31,M5794335854,0.0,0.0,1,0.28,0
105,CASH_OUT,339.71,C9508499533,408.7,68.99,M9620935604,0.0,0.0,1,0.0,0
645,TRANSFER,43895.76,C3197757742,59744.49,15848.73,C8369792370,0.0,0.0,1,0.2866666666666667,0
45,CASH_OUT,6974.99,C3020939193,198132.26,191157.27,C6289150149,12980.24,12980.24,0,0.0,0
131,TRANSFER,9184.51,C9514255777,13902.05,4717.54,C7534583219,0.0,9184.51,0,0.0,0
598,CASH_OUT,556.61,C4633257620,1002.5,445.89,C4696689457,100390.92,100390.92,0,0.0033333333333333335,0
627,TRANSFER,3235.15,C9249923427,7575.41,4340.26,C3725152347,0.0,3235.15,0,0.05,0
160,TRANSFER,3154.98,C1417436465,2821.49,0.0,M2156184315,0.0,0.0,1,0.7766666666666666,1
73,TRANSFER,116454.47,C7691931213,161568.14,45113.67,M8858274691,0.0,0.0,1,0.23666666666666666,0
113,PAYMENT,10669.23,C8721631198,123592.96,112923.73,M7437168216,0.0,0.0,0,0.0,0
647,PAYMENT,2027.72,C8969097897,5247.68,3219.96,M3457877922,0.0,0.0,0,0.0,0
588,PAYMENT,4405.19,C5284391408,33366.59,28961.4,M9900829971,0.0,0.0,0,0.0,0
95,TRANSFER,22636.12,C3258354191,27913.54,5277.42,C6928691380,0.0,22636.12,0,0.0033333333333333335,0
631,CASH_OUT,2377.79,C5118430494,2290.14,0.0,M2571632270,0.0,0.0,1,0.17666666666666667,0
312,PAYMENT,1635.7,C7664258343,14093.22,12457.52,M5919148165,0.0,0.0,0,0.0,0
47,CASH_OUT,2658.03,C6493800024,2775.04,117.01,M8325043570,0.0,0.0,1,0.0033333333333333335,0
576,PAYMENT,20891.41,C5058691146,173435.36,152543.95,M6498703287,0.0,0.0,0,0.0,0
715,PAYMENT,2623.77,C2254516608,4096.85,1473.08,M1096405016,0.0,0.0,0,0.0,0
3,PAYMENT,1.0,C4203205881,0.0,0.0,M3960136787,0.0,0.0,0,0.0,0
282,CASH_OUT,35071.35,C2009317340,91501.95,56430.6,C8133593748,615.21,615.21,0,0.0,0
304,TRANSFER,562.55,C9451577335,190740.49,190177.94,C5933179746,177840.65,178403.2,0,0.0,0
203,CASH_OUT,112927.13,C5523703900,135099.19,22172.06,C5728897164,81202.61,81202.61,1,0.0,0
157,TRANSFER,11111.87,C4990452762,29164.04,18052.17,C8684026200,152991.06,164102.93,0,0.0,0
56,PAYMENT,17842.41,C3791027186,105216.1,87373.69,M2869931869,0.0,0.0,0,0.0,0
461,CASH_OUT,119.54,C9989642546,124.18,4.64,C3783009621,164903.07,164903.07,1,0.01,0
236,CASH_OUT,275302.47,C4419410162,229525.94,0.0,M4460319291,0.0,0.0,1,0.07,0
191,PAYMENT,1.16,C1225953184,144879.33,144878.17,M6846530109,0.0,0.0,0,0.0,0
395,TRANSFER,66811.21,C5855415646,57096.2,0.0,M2778069478,0.0,0.0,1,0.76,1
570,TRANSFER,2506.28,C5118430494,3490.14,983.86,M3145756342,0.0,0.0,1,0.2833333333333333,0
547,TRANSFER,10925.55,C6069848439,33688.85,22763.3,C8689593739,281.09,11206.64,0,0.0,0
232,PAYMENT,55.0,C4096932037,54814.69,54759.69,M9065458220,0.0,0.0,0,0.0,0
452,TRANSFER,106856.32,C9504724761,108957.53,2101.21,C8366884200,134028.53,134028.53,1,0.0,0
652,TRANSFER,715.29,C8480622107,2838.41,2123.12,C3316277000,18.82,734.11,0,0.08,0
13,PAYMENT,8.71,C7059726570,21458.26,21449.55,M6284297249,0.0,0.0,0,0.0,0
55,PAYMENT,13413.13,C3520417815,51757.6,38344.47,M6659847491,0.0,0.0,0,0.0,0
456,CASH_IN,58902.82,C3906611156,13645.73,72548.55,C8270110908,75382.85,75382.85,0,0.0,0
321,PAYMENT,1.0,C6645808194,0.0,0.0,M3831598303,0.0,0.0,0,0.0,0
455,PAYMENT,4156.35,C6638034087,70711.19,66554.84,M1199447370,0.0,0.0,0,0.0,0
588,PAYMENT,1497.0,C3363629219,40415.81,38918.81,M3534186676,0.0,0.0,0,0.0,0
25,TRANSFER,133442.17,C8468071953,112526.87,0.0,M9398575277,0.0,0.0,1,0.88,1
607,PAYMENT,1.0,C9929101065,0.0,0.0,M2885370603,0.0,0.0,0,0.0,0
680,PAYMENT,2873.8,C7321180787,77822.22,74948.42,M6498703287,0.0,0.0,0,0.0,0
166,CASH_OUT,89206.56,C5031086659,80419.03,0.0,C6921525436,19899.16,19899.16,1,0.0033333333333333335,0
369,TRANSFER,47563.4,C5141593270,45412.4,0.0,M3208200227,0.0,0.0,1,0.8166666666666667,1
185,PAYMENT,1.0,C7560389844,0.0,0.0,M2869931869,0.0,0.0,0,0.0,0
629,CASH_OUT,51643.47,C1678500147,142526.88,90883.41,C8106906538,113936.7,113936.7,0,0.0,0
582,CASH_OUT,1.0,C8390631634,0.0,0.0,C3623588379,1598.5,1598.5,0,0.04,0
156,PAYMENT,16272.76,C7376649850,94922.63,78649.87,M4122901114,0.0,0.0,0,0.0,0
539,PAYMENT,16839.83,C1004665657,123826.69,106986.86,M8643636805,0.0,0.0,0,0.0,0
158,TRANSFER,3654.33,C8257484586,13566.4,9912.07,C9663561486,77072.68,80727.01,0,0.0,0
719,CASH_OUT,4585.59,C2513206988,3996.95,0.0,M8276498637,0.0,0.0,1,0.28,0
624,DEBIT,5455.66,C1415802902,40405.68,34950.02,M7230477043,0.0,0.0,0,0.02666666666666667,0
573,PAYMENT,1.0,C4419410162,0.0,0.0,M4158643786,0.0,0.0,0,0.0,0
125,PAYMENT,401.53,C1288765093,445.72,44.19,M8366710477,0.0,0.0,0,0.0,0
380,PAYMENT,1.0,C2916728422,0.0,0.0,M4035639663,0.0,0.0,0,0.0,0
611,PAYMENT,1.0,C1026224160,0.0,0.0,M1458227039,0.0,0.0,0,0.0,0
237,PAYMENT,4870.96,C1004665657,106986.86,102115.9,M9020002737,0.0,0.0,0,0.0,0
102,CASH_IN,79043.02,C7568980185,5854.77,84897.79,C4322510552,16485.31,16485.31,0,0.0,0
155,PAYMENT,2171.35,C2082326234,8121.71,5950.36,M3208200227,0.0,0.0,0,0.0,0
637,PAYMENT,32.25,C5161807235,94480.62,94448.37,M7230477043,0.0,0.0,0,0.0,0
83,CASH_OUT,47.93,C4643576871,198.43,150.5,C5883933127,3947.91,3947.91,0,0.006666666666666667,0
335,PAYMENT,4522.79,C6072939882,117860.45,113337.66,M3019265031,0.0,0.0,0,0.0,0
576,TRANSFER,5537.35,C9514255777,4717.54,0.0,M9255306810,0.0,0.0,1,0.96,1
2,CASH_OUT,9568.65,C4536306171,12011.73,2443.08,C9438411468,105872.89,105872.89,1,0.013333333333333334,0
682,CASH_OUT,18917.28,C8926438617,26459.63,7542.35,C6491309593,6717.71,6717.71,0,0.0,0
575,PAYMENT,1.0,C3362646960,0.0,0.0,M6247463262,0.0,0.0,0,0.0,0
269,PAYMENT,16.36,C1785418196,42.63,26.27,M3355504998,0.0,0.0,0,0.0,0
423,DEBIT,4147.23,C7857580528,16414.56,12267.33,M1857561275,0.0,0.0,0,0.03,0
142,TRANSFER,164609.14,C1818112342,213818.49,49209.35,M6101516825,0.0,0.0,1,0.24,0
84,CASH_IN,1455.32,C9237880732,0.0,1455.32,C3389594115,162433.87,162433.87,0,0.0,0
394,TRANSFER,269.81,C1421776124,339.47,69.66,C8816681105,0.0,0.0,1,0.15666666666666668,0
120,PAYMENT,1607.0,C7751356568,3671.91,2064.91,M5380159400,0.0,0.0,0,0.0,0
641,PAYMENT,3996.77,C2525930586,216886.56,212889.79,M1442421654,0.0,0.0,0,0.0,0
16,PAYMENT,10238.07,C5694848867,52914.51,42676.44,M5087280062,0.0,0.0,0,0.0,0
586,TRANSFER,13987.39,C9752058817,23302.8,9315.41,C9438411468,105872.89,119860.28,0,0.0,0
651,CASH_OUT,4312.67,C6000009225,5611.91,1299.24,C4877520294,13749.24,13749.24,0,0.006666666666666667,0
617,CASH_OUT,3885.87,C2111272861,4516.15,630.28,C6072939882,113337.66,113337.66,1,0.0,0
191,DEBIT,2542.19,C5952163720,76313.01,73770.82,M6130446648,0.0,0.0,0,0.006666666666666667,0
701,CASH_OUT,95748.36,C4566852761,142409.5,46661.14,C5227828349,0.0,0.0,0,0.016666666666666666,0
556,PAYMENT,83.26,C1691293717,1904.93,1821.67,M1096405016,0.0,0.0,0,0.0,0
228,TRANSFER,11727.46,C7010379415,11955.03,227.57,M2604788242,0.0,0.0,1,0.27666666666666667,0
342,PAYMENT,2129.58,C2295574037,2413.44,283.86,M3208200227,0.0,0.0,0,0.0,0
716,CASH_OUT,11765.85,C1818112342,49209.35,37443.5,C5334769475,1361.83,1361.83,0,0.0033333333333333335,0
365,TRANSFER,49973.24,C6488854841,54562.06,4588.82,C8418332121,28765.36,78738.6,0,0.0033333333333333335,0
242,PAYMENT,3245.06,C5306459450,128408.8,125163.74,M3145756342,0.0,0.0,0,0.0,0
24,TRANSFER,806.16,C3316277000,734.11,0.0,M8869140487,0.0,0.0,1,0.28,0
328,TRANSFER,1.0,C4110258855,0.0,0.0,C6121801720,17222.14,17223.14,0,0.0,0
467,CASH_OUT,10627.38,C8274273035,11395.93,768.55,C1364994639,140606.48,140606.48,0,0.0033333333333333335,0
593,PAYMENT,1236.3,C9270323795,22289.32,21053.02,M2655546199,0.0,0.0,0,0.0,0
463,CASH_OUT,2226.02,C7540301973,1864.62,0.0,M4601406440,0.0,0.0,1,0.37,0
467,CASH_OUT,1214.45,C6171239466,1354.7,140.25,C6447717367,564.71,564.71,1,0.04666666666666667,0
442,TRANSFER,1106.92,C5118430494,983.86,0.0,M2156184315,0.0,0.0,1,0.4033333333333333,0
32,TRANSFER,21518.02,C2237386857,96038.98,74520.96,C7568980185,84897.79,106415.81,0,0.0,0
521,TRANSFER,5382.1,C5184564874,7936.79,2554.69,C7488943393,174197.49,179579.59,0,0.0033333333333333335,0
143,PAYMENT,15275.57,C1489726608,167555.04,152279.47,M4689605624,0.0,0.0,0,0.0,0
41,TRANSFER,5974.29,C8178361487,171703.2,165728.91,C4039019230,5854.6,11828.89,0,0.0,0
176,PAYMENT,13768.22,C8991977937,19375.02,5606.8,M7453081889,0.0,0.0,0,0.0,0
298,PAYMENT,299.99,C9963334018,116318.35,116018.36,M9098037639,0.0,0.0,0,0.0,0
66,CASH_OUT,2552.93,C2602884797,70232.87,67679.94,C6069848439,22763.3,22763.3,0,0.0,0
482,CASH_OUT,38766.09,C3305069227,41021.09,2255.0,C4308701294,12661.54,12661.54,1,0.0033333333333333335,0
215,PAYMENT,10.72,C4405620755,39.91,29.19,M1458227039,0.0,0.0,0,0.0,0
20,TRANSFER,2035.91,C8879525611,2017.31,0.0,M3313346852,0.0,0.0,1,0.56,1
263,PAYMENT,790.99,C5751366455,10718.64,9927.65,M7050091525,0.0,0.0,0,0.0,0
49,TRANSFER,306.74,C9704383251,356.21,49.47,M1732578761,0.0,0.0,1,0.16,0
670,PAYMENT,1.0,C7215110267,0.0,0.0,M8218146534,0.0,0.0,0,0.0,0
656,TRANSFER,28334.15,C3799620568,37411.53,9077.38,C2780016559,4236.94,4236.94,1,0.02,0
587,CASH_OUT,253047.26,C2867302554,222831.32,0.0,C4538382315,124393.35,124393.35,1,0.08333333333333333,0
227,CASH_OUT,292.76,C6504099682,261.84,0.0,C8380312396,3016.84,3016.84,1,0.013333333333333334,0
693,PAYMENT,1229.73,C7934137693,103503.67,102273.94,M3660800029,0.0,0.0,0,0.0,0
286,PAYMENT,157.31,C6924716023,3408.46,3251.15,M2635881694,0.0,0.0,0,0.0,0
401,TRANSFER,78394.95,C2948728483,71633.5,0.0,M7969674420,0.0,0.0,1,0.83,1
29,TRANSFER,5821.58,C2140169349,7547.26,1725.68,C3975418439,12638.15,12638.15,1,0.0,0
710,TRANSFER,42078.6,C6923206003,47852.89,5774.29,M9631695368,0.0,0.0,1,0.31333333333333335,0
19,CASH_IN,44084.03,C6879428703,15.12,44099.15,C1792214339,164516.35,164516.35,0,0.0,0
426,TRANSFER,35997.49,C6711463258,46078.89,10081.4,C7625464411,5631.81,5631.81,1,0.006666666666666667,0
164,TRANSFER,2975.05,C3316787198,4841.37,1866.32,C4022360089,73118.17,76093.22,0,0.0,0
50,CASH_OUT,3235.16,C6789448659,4778.88,1543.72,C1471997674,11247.36,11247.36,0,0.0,0
241,PAYMENT,764.05,C8380507338,1517.65,753.6,M9916475897,0.0,0.0,0,0.0,0
349,TRANSFER,38.05,C3362657890,135.95,97.9,C9660523876,162095.82,162133.87,0,0.0,0
119,CASH_OUT,1.0,C8477300991,0.0,0.0,C7988845536,0.0,0.0,0,0.0033333333333333335,0
186,CASH_OUT,4441.96,C7664258343,12457.52,8015.56,C7430757004,87691.38,87691.38,0,0.0,0
42,CASH_OUT,163807.78,C5140460939,138271.18,0.0,C3589530484,36103.18,36103.18,1,0.0033333333333333335,0
368,TRANSFER,4.62,C3377702111,119529.73,119525.11,C9189503254,10956.4,10961.02,0,0.0033333333333333335,0
608,CASH_OUT,379.33,C4277581356,453.11,73.78,C5278201677,145034.39,145034.39,0,0.0033333333333333335,0
317,PAYMENT,2772.57,C5903457537,3605.86,833.29,M9933702652,0.0,0.0,0,0.0,0
720,TRANSFER,14732.25,C6069848439,22763.3,8031.05,C4022360089,76093.22,90825.47,0,0.01,0
186,TRANSFER,13840.67,C2878930355,16082.81,2242.14,C9909257076,140674.39,140674.39,1,0.0,0
622,PAYMENT,14688.42,C7736142481,179589.17,164900.75,M6384311581,0.0,0.0,0,0.0,0
607,PAYMENT,1551.18,C5329194647,2816.23,1265.05,M9916475897,0.0,0.0,0,0.0,0
147,PAYMENT,119.36,C1546957087,119489.8,119370.44,M1802753761,0.0,0.0,0,0.0,0
399,TRANSFER,4190.17,C1684598046,4340.78,150.61,C6557907251,64434.3,64434.3,1,0.0,0
40,PAYMENT,586.64,C5150090143,16935.43,16348.79,M5714658227,0.0,0.0,0,0.0,0
211,TRANSFER,108444.34,C3421719519,154066.26,45621.92,C7640122370,43.68,43.68,1,0.14333333333333334,0
279,TRANSFER,446.72,C6882074066,660.13,213.41,C6204041308,0.0,446.72,0,0.006666666666666667,0
529,CASH_OUT,62.77,C8293453178,109.76,46.99,C2191714875,73488.94,73488.94,0,0.01,0
400,CASH_OUT,905.6,C1772303297,1439.33,533.73,C8505373158,29259.72,29259.72,0,0.0,0
655,DEBIT,1.0,C4631048029,0.0,0.0,M9410569618,0.0,0.0,0,0.05333333333333334,0
337,DEBIT,1635.88,C5754363475,148307.99,146672.11,M9933702652,0.0,0.0,0,0.006666666666666667,0
694,TRANSFER,20207.83,C6585609060,20657.42,449.59,C5100282913,44314.18,64522.01,0,0.0,0
150,CASH_OUT,56033.76,C5606736607,192211.29,136177.53,C7601519165,2287.71,2287.71,0,0.0,0
630,TRANSFER,1.0,C5659161352,0.0,0.0,C9842186844,29997.32,29998.32,0,0.0,0
241,PAYMENT,37.09,C8761469117,221646.09,221609.0,M8643636805,0.0,0.0,0,0.0,0
583,CASH_OUT,12620.7,C8925520026,12523.79,0.0,M4456193555,0.0,0.0,1,0.19,0
670,CASH_OUT,1.0,C7767834064,0.0,0.0,C8322868827,804.71,804.71,0,0.05,0
259,PAYMENT,4356.27,C7519578899,26930.89,22574.62,M6866146362,0.0,0.0,0,0.0,0
596,PAYMENT,3073.04,C3605585995,85140.83,82067.79,M8861351706,0.0,0.0,0,0.0,0
352,CASH_OUT,75292.3,C3429019820,62913.6,0.0,M1099218439,0.0,0.0,1,0.06,0
401,TRANSFER,19671.12,C3115806625,19170.21,0.0,C5789617427,20705.05,20705.05,1,0.013333333333333334,0
626,CASH_IN,108255.57,C7603978731,0.0,108255.57,C2052811909,8593.77,8593.77,0,0.0,0
56,TRANSFER,2015.77,C1674755608,4262.51,2246.74,C2854772804,60962.33,62978.1,0,0.0,0
322,CASH_OUT,2245.65,C1572827654,4381.92,2136.27,C6944371787,0.0,0.0,0,0.006666666666666667,0
566,CASH_OUT,3258.67,C4022245086,3450.51,191.84,M6247463262,0.0,0.0,1,0.03,0
216,CASH_OUT,59893.43,C8243746556,53471.57,0.0,M9921025990,0.0,0.0,1,0.01,0
398,TRANSFER,77161.36,C7603978731,108255.57,31094.21,M4242579642,0.0,0.0,1,0.25333333333333335,0
504,PAYMENT,378.09,C5891280823,25863.55,25485.46,M7537130187,0.0,0.0,0,0.0,0
203,TRANSFER,1.0,C7242730249,0.0,0.0,C8995970241,168270.88,168271.88,0,0.0,0
596,PAYMENT,2226.3,C4322510552,16485.31,14259.01,M5734228580,0.0,0.0,0,0.0,0
45,PAYMENT,21295.79,C8083175325,29346.96,8051.17,M3580582653,0.0,0.0,0,0.0,0
700,PAYMENT,463.73,C3971203213,643.38,179.65,M1343875431,0.0,0.0,0,0.0,0
339,PAYMENT,1319.08,C3893976444,162722.65,161403.57,M8083396378,0.0,0.0,0,0.0,0
707,TRANSFER,13995.09,C8055556030,14830.82,835.73,M6992094064,0.0,0.0,1,0.3233333333333333,0
628,PAYMENT,1955.59,C4600630513,12427.75,10472.16,M5194066484,0.0,0.0,0,0.0,0
353,CASH_IN,144110.34,C3710566582,6.66,144117.0,C1805492785,0.0,0.0,0,0.0,0
38,TRANSFER,25627.0,C8690920484,21586.31,0.0,M1199447370,0.0,0.0,1,0.78,1
370,CASH_OUT,1593.54,C7340498236,59444.14,57850.6,C5092199300,35996.05,35996.05,0,0.0,0
164,CASH_OUT,125538.08,C1624173500,106543.87,0.0,C1039887139,67533.6,67533.6,1,0.013333333333333334,0
694,CASH_OUT,1889.71,C7092693247,3577.65,1687.94,C7894019119,44667.18,44667.18,0,0.013333333333333334,0
415,CASH_OUT,62987.47,C1725783958,64901.4,1913.93,M1413599241,0.0,0.0,1,0.023333333333333334,0
648,CASH_OUT,85026.35,C7127904756,97023.22,11996.87,M6845287382,0.0,0.0,1,0.016666666666666666,0
263,PAYMENT,7560.71,C7685540186,131429.73,123869.02,M3107992942,0.0,0.0,0,0.0,0
53,TRANSFER,2453.16,C1770278136,2599.67,146.51,M3636366799,0.0,0.0,1,0.3566666666666667,0
689,CASH_OUT,1.0,C9929101065,0.0,0.0,C9557663181,169107.85,169107.85,0,0.0,0
197,TRANSFER,28.73,C5082603360,126.83,98.1,C5199176431,13125.52,13154.25,0,0.0033333333333333335,0
533,CASH_OUT,79228.36,C2893321208,74712.98,0.0,C3412365931,39133.32,39133.32,1,0.21,0
146,PAYMENT,4.35,C4605117440,25261.5,25257.15,M1647181551,0.0,0.0,0,0.0,0
703,CASH_OUT,748.87,C9327720702,721.27,0.0,M6313472215,0.0,0.0,1,0.13333333333333333,0
469,PAYMENT,1.0,C9844874547,0.0,0.0,M1442421654,0.0,0.0,0,0.0,0
349,PAYMENT,7658.05,C2627677155,55173.74,47515.69,M4035639663,0.0,0.0,0,0.0,0
214,CASH_OUT,62922.64,C5945359606,54857.33,0.0,C7316122432,4713.51,4713.51,1,0.0,0
392,CASH_OUT,24464.5,C3102209245,22705.83,0.0,M3072183247,0.0,0.0,1,0.06,0
603,CASH_OUT,315.77,C3849232839,498.46,182.69,C6496933442,30107.49,30107.49,0,0.006666666666666667,0
387,TRANSFER,22446.81,C7852415525,60955.62,38508.81,C9963334018,116018.36,138465.17,0,0.0,0
492,CASH_OUT,60668.02,C3291270703,52807.25,0.0,M4329446784,0.0,0.0,1,0.07,0
149,TRANSFER,12130.64,C4242550727,20865.28,8734.64,C8638763775,5018.1,17148.74,0,0.0,0
465,PAYMENT,2097.84,C2400094541,8092.12,5994.28,M4122901114,0.0,0.0,0,0.0,0
555,PAYMENT,45.33,C7671625956,183.82,138.49,M6101516825,0.0,0.0,0,0.0,0
199,CASH_OUT,174274.04,C2377246195,162682.7,0.0,C5333183840,22952.58,22952.58,1,0.016666666666666666,0
172,TRANSFER,13245.63,C4590711152,19750.72,6505.09,C9806189256,36083.02,49328.65,0,0.0,0
426,PAYMENT,318.08,C2752536389,1608.89,1290.81,M1888107487,0.0,0.0,0,0.0,0
278,PAYMENT,1.0,C4110258855,0.0,0.0,M6732306182,0.0,0.0,0,0.0,0
663,CASH_OUT,3340.2,C2952996248,185905.22,182565.02,C2720484983,11745.78,11745.78,0,0.0,0
643,TRANSFER,2125.99,C1590838716,2628.7,502.71,C3836517266,185910.35,185910.35,1,0.013333333333333334,0
712,TRANSFER,15312.34,C2770980600,16630.12,1317.78,M4665677395,0.0,0.0,1,0.31666666666666665,0
716,PAYMENT,1158.43,C5334769475,1361.83,203.4,M1357561213,0.0,0.0,0,0.0,0
445,CASH_OUT,3709.54,C1484664056,4776.78,1067.24,M6865994703,0.0,0.0,1,0.03333333333333333,0
409,CASH_OUT,5424.96,C1654477195,17501.51,12076.55,C6358023411,226748.31,226748.31,0,0.0,0
411,PAYMENT,1260.97,C3313993297,22490.36,21229.39,M2571632270,0.0,0.0,0,0.0,0
449,TRANSFER,15195.8,C6745958212,15862.45,666.65,M6786043791,0.0,0.0,1,0.31666666666666665,0
343,CASH_OUT,10.0,C4579265601,345.41,335.41,C5439176290,117061.01,117061.01,0,0.0,0
207,TRANSFER,5923.38,C4507822591,4999.87,0.0,C1526723719,7600.07,7600.07,1,0.006666666666666667,0
377,PAYMENT,655.24,C5201221330,191625.25,190970.01,M2695447268,0.0,0.0,0,0.0,0
127,CASH_OUT,15993.1,C7199283151,33975.63,17982.53,C2503068227,56671.24,56671.24,0,0.0,0
383,PAYMENT,14959.25,C4287687478,186930.46,171971.21,M8389750357,0.0,0.0,0,0.0,0
87,PAYMENT,10734.09,C6142469284,27280.92,16546.83,M2156184315,0.0,0.0,0,0.0,0
570,TRANSFER,175.71,C4714465905,167.97,0.0,M1185303518,0.0,0.0,1,0.23666666666666666,0
702,CASH_OUT,4085.15,C5296710795,44645.02,40559.87,C9481076448,19.52,19.52,0,0.013333333333333334,0
492,PAYMENT,4778.14,C5058691146,152543.95,147765.81,M3208200227,0.0,0.0,0,0.0,0
293,CASH_OUT,97225.74,C7183058541,91205.73,0.0,M6101516825,0.0,0.0,1,0.043333333333333335,0
464,TRANSFER,843.81,C8761956684,41174.53,40330.72,C3758823240,150927.9,151771.71,0,0.0,0
55,PAYMENT,2977.67,C2320763135,12488.6,9510.93,M9581187661,0.0,0.0,0,0.0,0
481,TRANSFER,86259.7,C7556078550,109424.24,23164.54,M9640701016,0.0,0.0,1,0.2966666666666667,0
153,PAYMENT,10913.99,C9434946584,12084.39,1170.4,M8740820392,0.0,0.0,0,0.0,0
642,TRANSFER,87883.38,C3667292043,73550.05,0.0,C9592390865,60217.83,148101.21,1,0.023333333333333334,0
482,TRANSFER,11133.45,C9780187424,34780.53,23647.08,C9434946584,1170.4,12303.85,0,0.0,0
472,TRANSFER,489.26,C2646331504,1313.28,824.02,C6558450990,28185.74,28675.0,0,0.006666666666666667,0
614,TRANSFER,105639.8,C1940684569,163301.53,57661.73,C7801948900,0.0,105639.8,0,0.0,0
261,PAYMENT,10126.26,C8949781901,23389.94,13263.68,M6894024976,0.0,0.0,0,0.0,0
697,CASH_OUT,3837.22,C7185179917,10044.44,6207.22,C8199372599,6666.5,6666.5,0,0.0033333333333333335,0
289,TRANSFER,8378.01,C2073755632,11641.38,3263.37,M5919148165,0.0,0.0,1,0.24666666666666667,0
697,PAYMENT,1067.15,C1234359689,22206.31,21139.16,M6384311581,0.0,0.0,0,0.0,0
628,CASH_OUT,1.0,C5646880148,0.0,0.0,C9903351330,96484.05,96484.05,0,0.0,0
588,TRANSFER,50218.45,C7928074841,84203.22,33984.77,C6720572969,51215.79,101434.24,0,0.0,0
693,CASH_OUT,14648.78,C9703905715,32010.18,17361.4,C8995045543,0.0,0.0,0,0.016666666666666666,0
91,PAYMENT,15299.44,C3828935922,31092.59,15793.15,M2249831874,0.0,0.0,0,0.0,0
534,TRANSFER,2806.27,C4180599722,3355.04,548.77,C2493660313,104759.86,104759.86,1,0.0033333333333333335,0
528,TRANSFER,139768.49,C3532855799,177945.28,38176.79,C6797436140,123435.36,123435.36,1,0.0,0
691,PAYMENT,7118.43,C3799620568,9077.38,1958.95,M3369412470,0.0,0.0,0,0.0,0
592,PAYMENT,13861.97,C5064162365,97681.45,83819.48,M6313472215,0.0,0.0,0,0.0,0
325,TRANSFER,8816.58,C5879617459,11627.08,2810.5,M8778927211,0.0,0.0,1,0.24,0
59,TRANSFER,36408.28,C3664052763,39504.66,3096.38,C4012917912,7444.63,43852.91,0,0.0,0
257,PAYMENT,7170.03,C7579604766,9621.98,2451.95,M5734228580,0.0,0.0,0,0.0,0
611,CASH_OUT,9488.04,C4600630513,10472.16,984.12,M5194066484,0.0,0.0,1,0.023333333333333334,0
215,TRANSFER,19386.63,C1667483244,23148.24,3761.61,C8390631634,0.0,0.0,1,0.26666666666666666,0
545,TRANSFER,83046.88,C6542943838,73544.03,0.0,C8261111839,113093.89,113093.89,1,0.013333333333333334,0
355,DEBIT,2.45,C1039887139,67533.6,67531.15,M1732578761,0.0,0.0,0,0.006666666666666667,0
340,TRANSFER,1874.17,C4026379752,1640.86,0.0,C4062777850,0.0,0.0,1,0.4166666666666667,0
562,CASH_OUT,477.61,C4070964768,197783.41,197305.8,C1529290976,194937.53,194937.53,0,0.0,0
289,TRANSFER,51523.57,C5130589741,179153.98,127630.41,C9981691030,12606.48,64130.05,0,0.0,0
458,PAYMENT,1163.4,C7196439534,147695.55,146532.15,M9896529524,0.0,0.0,0,0.0,0
467,PAYMENT,10778.51,C4282810353,61546.18,50767.67,M6790024996,0.0,0.0,0,0.0,0
185,TRANSFER,54368.27,C9248574674,56184.86,1816.59,M6651754819,0.0,0.0,1,0.22,0
353,TRANSFER,10060.87,C6362597344,11861.37,1800.5,C2950049698,7083.57,17144.44,0,0.0,0
439,TRANSFER,1.0,C3102209245,0.0,0.0,C6178804925,53492.9,53493.9,0,0.006666666666666667,0
538,PAYMENT,2173.12,C3465740756,194269.39,192096.27,M7713758036,0.0,0.0,0,0.0,0
265,CASH_OUT,1356.14,C7638836058,6673.8,5317.66,C9303285822,0.0,0.0,0,0.0,0
626,PAYMENT,24514.47,C8076527214,164742.14,140227.67,M8626371177,0.0,0.0,0,0.0,0
219,DEBIT,5682.53,C2812140441,10798.7,5116.17,M4952177946,0.0,0.0,0,0.02,0
713,TRANSFER,1.0,C7540301973,0.0,0.0,C3434757387,172560.89,172561.89,0,0.0,0
256,PAYMENT,17102.31,C6756711494,27872.06,10769.75,M7713758036,0.0,0.0,0,0.0,0
541,TRANSFER,20147.33,C2848792488,18413.48,0.0,M8643636805,0.0,0.0,1,0.9433333333333334,1
122,PAYMENT,6829.21,C2099184899,183368.15,176538.94,M3965860354,0.0,0.0,0,0.0,0
412,CASH_OUT,583.24,C9463197203,498.09,0.0,M1676220116,0.0,0.0,1,0.22666666666666666,0
674,TRANSFER,1.0,C2377246195,0.0,0.0,C2867302554,0.0,1.0,0,0.22,0
105,PAYMENT,325.36,C6698759353,766.22,440.86,M2778069478,0.0,0.0,0,0.0,0
255,TRANSFER,17354.46,C7154795660,15190.22,0.0,C2295574037,283.86,283.86,1,0.28,0
504,TRANSFER,6188.41,C8199372599,6666.5,478.09,M7570511906,0.0,0.0,1,0.32666666666666666,0
429,TRANSFER,2535.05,C2802141793,3433.87,898.82,M1802753761,0.0,0.0,1,0.24333333333333335,0
15,CASH_OUT,41313.36,C3426665919,94904.05,53590.69,C8973989997,53812.07,53812.07,0,0.0,0
49,PAYMENT,2432.46,C1722124509,18059.49,15627.03,M8869140487,0.0,0.0,0,0.0,0
523,PAYMENT,3965.74,C1730074215,155746.23,151780.49,M6045729129,0.0,0.0,0,0.0,0
304,CASH_OUT,49887.89,C3294092753,63308.68,13420.79,M3297681898,0.0,0.0,1,0.0,0
176,TRANSFER,31685.04,C2777816561,38200.63,6515.59,C6955593943,40958.72,72643.76,0,0.0,0
43,PAYMENT,1.0,C5072538783,0.0,0.0,M7764117705,0.0,0.0,0,0.0,0
621,PAYMENT,1983.96,C6929897032,2099.09,115.13,M6865994703,0.0,0.0,0,0.0,0
546,PAYMENT,409.49,C5067116918,12544.73,12135.24,M4952177946,0.0,0.0,0,0.0,0
249,CASH_OUT,131618.54,C3965572185,135661.66,4043.12,M5714658227,0.0,0.0,1,0.0,0
472,TRANSFER,1163.8,C6544063167,1492.68,328.88,C4748302739,80870.53,82034.33,1,0.0033333333333333335,0
443,TRANSFER,118293.89,C3465740756,192096.27,73802.38,C7166868574,23678.27,141972.16,0,0.0,0
493,PAYMENT,4976.24,C6720396142,6352.54,1376.3,M8030400668,0.0,0.0,0,0.0,0
191,TRANSFER,116718.31,C8229344434,157348.66,40630.35,C4353689019,107576.05,224294.36,0,0.0,0
154,CASH_OUT,213340.05,C4252504650,191236.73,0.0,C6582557981,3310.38,3310.38,1,0.013333333333333334,0
82,PAYMENT,963.76,C9263135031,24632.45,23668.69,M4665677395,0.0,0.0,0,0.0,0
228,CASH_OUT,24626.84,C5381866906,20706.75,0.0,C5455441991,119650.39,119650.39,1,0.0,0
378,PAYMENT,670.18,C7374810067,71160.11,70489.93,M7050091525,0.0,0.0,0,0.0,0
666,TRANSFER,35029.24,C4864126433,33142.8,0.0,C3480920839,0.0,35029.24,1,0.13,0
261,PAYMENT,4745.21,C4997866845,14948.75,10203.54,M3019265031,0.0,0.0,0,0.0,0
63,CASH_OUT,144.83,C4102872611,176.91,32.08,C9544423456,33392.04,33392.04,0,0.01,0
175,CASH_OUT,18440.07,C8274219704,84983.57,66543.5,C5992908271,82862.31,82862.31,0,0.0,0
168,PAYMENT,2197.54,C1515024824,11006.73,8809.19,M4554178984,0.0,0.0,0,0.0,0
346,CASH_OUT,3259.28,C8527715219,2968.7,0.0,M9523139706,0.0,0.0,1,0.13,0
470,PAYMENT,4898.95,C8106906538,113936.7,109037.75,M3705237613,0.0,0.0,0,0.0,0
572,CASH_IN,45903.76,C1340272119,132659.42,178563.18,C1110533960,37664.12,37664.12,0,0.0,0
653,PAYMENT,1013.69,C1725783958,1913.93,900.24,M6011842297,0.0,0.0,0,0.0,0
401,CASH_IN,50329.08,C9752058817,9315.41,59644.49,C9115282784,87521.73,87521.73,0,0.0,0
305,PAYMENT,204.75,C1431494396,391.18,186.43,M9900829971,0.0,0.0,0,0.0,0
234,TRANSFER,1265.09,C6789292252,1210.74,0.0,C6613888489,2426.18,2426.18,1,0.016666666666666666,0
617,TRANSFER,32481.55,C3484872186,200508.4,168026.85,C4635552887,249946.52,282428.07,0,0.0,0
11,PAYMENT,10612.29,C6122110529,37283.48,26671.19,M1676220116,0.0,0.0,0,0.0,0
269,TRANSFER,7787.06,C9455610447,8471.88,684.82,C1484230338,140949.12,148736.18,0,0.0,0
432,CASH_OUT,182.78,C7010379415,227.57,44.79,M2156184315,0.0,0.0,1,0.043333333333333335,0
49,TRANSFER,30935.9,C3722583581,40776.8,9840.9,C7579604766,2451.95,2451.95,1,0.0,0
517,CASH_OUT,106.58,C5474951950,276.26,169.68,C2465576748,0.0,0.0,0,0.02666666666666667,0
435,PAYMENT,1083.69,C8730507757,4220.44,3136.75,M6101516825,0.0,0.0,0,0.0,0
554,DEBIT,1559.61,C2789144223,69802.87,68243.26,M6247463262,0.0,0.0,0,0.016666666666666666,0
287,PAYMENT,6.19,C7623575561,86887.4,86881.21,M1343875431,0.0,0.0,0,0.0,0
652,PAYMENT,74.97,C7579604766,2451.95,2376.98,M6011842297,0.0,0.0,0,0.0,0
327,PAYMENT,4588.12,C2343100352,100345.76,95757.64,M6692705133,0.0,0.0,0,0.0,0
596,PAYMENT,2339.49,C5367513465,155636.51,153297.02,M3317856944,0.0,0.0,0,0.0,0
352,PAYMENT,386.61,C3019214800,872.4,485.79,M3369412470,0.0,0.0,0,0.0,0
665,CASH_OUT,146466.69,C3792347639,197530.38,51063.69,C7337225482,33869.52,33869.52,1,0.0,0
527,DEBIT,39420.61,C7872090713,105944.88,66524.27,M5794335854,0.0,0.0,0,0.016666666666666666,0
573,TRANSFER,6372.46,C8313706299,5656.26,0.0,M2155671697,0.0,0.0,1,0.96,1
147,PAYMENT,2199.9,C4098389895,3822.81,1622.91,M8235474949,0.0,0.0,0,0.0,0
77,PAYMENT,1.0,C7645527239,0.0,0.0,M2586712032,0.0,0.0,0,0.0,0
95,CASH_OUT,18334.05,C2317723211,21322.76,2988.71,M9631695368,0.0,0.0,1,0.0,0
210,CASH_OUT,164919.67,C5078551333,152348.33,0.0,C9434946584,12303.85,12303.85,1,0.0033333333333333335,0
475,TRANSFER,233696.53,C8441393731,198800.03,0.0,C3869963931,0.0,233696.53,1,0.03,0
372,PAYMENT,2833.88,C1667483244,3761.61,927.73,M9021793855,0.0,0.0,0,0.0,0
292,PAYMENT,7621.49,C2423995953,73925.99,66304.5,M7050091525,0.0,0.0,0,0.0,0
447,TRANSFER,3584.17,C6425814872,4343.09,758.92,C8902114913,74273.42,77857.59,1,0.0033333333333333335,0
91,DEBIT,5078.38,C2237386857,74520.96,69442.58,M6932365592,0.0,0.0,0,0.006666666666666667,0
586,TRANSFER,12378.59,C8923555411,166314.02,153935.43,C9573276057,55300.92,67679.51,0,0.0,0
490,PAYMENT,5358.22,C1654477195,12076.55,6718.33,M5449848690,0.0,0.0,0,0.0,0
417,CASH_OUT,271.78,C6982610835,249.14,0.0,C4482141802,177824.27,177824.27,1,0.013333333333333334,0
310,CASH_OUT,9746.5,C6329323383,13305.09,3558.59,C2591414076,29651.23,29651.23,0,0.0,0
485,CASH_OUT,143967.7,C4130305126,125599.21,0.0,M4820942294,0.0,0.0,1,0.21333333333333335,0
426,TRANSFER,261.68,C2510308881,345.11,83.43,M1368287033,0.0,0.0,1,0.15333333333333332,0
170,DEBIT,11002.76,C2405746777,101121.69,90118.93,M4211837506,0.0,0.0,0,0.006666666666666667,0
230,CASH_OUT,13694.72,C7027529118,17526.31,3831.59,M9916475897,0.0,0.0,1,0.0,0
617,TRANSFER,1862.64,C6168291913,2055.7,193.06,C2761091683,130678.69,130678.69,1,0.006666666666666667,0
162,CASH_OUT,162618.49,C5607762160,163428.34,809.85,C8506931282,125373.1,125373.1,1,0.0,0
72,PAYMENT,8248.56,C8650676663,11422.34,3173.78,M1999913493,0.0,0.0,0,0.0,0
97,PAYMENT,18918.83,C1094115188,237776.92,218858.09,M8458323087,0.0,0.0,0,0.0,0
642,PAYMENT,20378.95,C1225953184,144878.17,124499.22,M9773795424,0.0,0.0,0,0.0,0
88,CASH_OUT,5401.23,C2866092821,7239.08,1837.85,C2771211118,104605.28,104605.28,1,0.006666666666666667,0
519,PAYMENT,2701.66,C5067116918,12135.24,9433.58,M9043367776,0.0,0.0,0,0.0,0
245,CASH_OUT,1.0,C2970753705,0.0,0.0,C6591038760,0.0,0.0,0,0.023333333333333334,0
270,PAYMENT,88.78,C3396953414,17912.77,17823.99,M6786043791,0.0,0.0,0,0.0,0
532,PAYMENT,4396.28,C1664847319,120867.8,116471.52,M3317856944,0.0,0.0,0,0.0,0
158,CASH_OUT,142.22,C8139209752,173.62,31.4,C6206015111,158468.44,158468.44,0,0.006666666666666667,0
214,CASH_OUT,1392.85,C9354542654,1463.21,70.36,M4456193555,0.0,0.0,1,0.0,0
668,TRANSFER,15802.45,C9318010743,102505.17,86702.72,C7380780055,0.0,15802.45,0,0.0,0
707,CASH_IN,135270.94,C2476831585,301947.94,437218.88,C4919706735,0.0,0.0,0,0.0,0
588,CASH_OUT,12781.46,C4921003983,14997.58,2216.12,C1245522987,160203.99,160203.99,0,0.0,0
24,CASH_OUT,109211.43,C4014119648,96533.56,0.0,C2941508568,45102.17,45102.17,1,0.0033333333333333335,0
407,PAYMENT,7374.48,C1399546384,19111.61,11737.13,M3580582653,0.0,0.0,0,0.0,0
707,PAYMENT,587.06,C8285786023,2840.48,2253.42,M1857561275,0.0,0.0,0,0.0,0
28,CASH_OUT,79098.79,C6320115677,118673.1,39574.31,C5763350700,0.0,0.0,0,0.0,0
573,PAYMENT,855.03,C5482431018,101290.79,100435.76,M8869140487,0.0,0.0,0,0.0,0
32,PAYMENT,14404.43,C7016293621,145925.41,131520.98,M2773408660,0.0,0.0,0,0.0,0
301,CASH_OUT,3318.17,C5998623100,3235.52,0.0,C7710396573,1837.45,1837.45,1,0.016666666666666666,0
344,PAYMENT,1.0,C6618965944,0.0,0.0,M6786043791,0.0,0.0,0,0.0,0
333,CASH_OUT,2441.25,C9916336966,2685.16,243.91,C9943959352,494.27,494.27,0,0.0033333333333333335,0
281,CASH_IN,52441.6,C7852415525,38508.81,90950.41,C7475684019,97988.58,97988.58,0,0.0,0
118,CASH_IN,138330.36,C5694848867,42676.44,181006.8,C7010379415,44.79,44.79,0,0.0,0
319,PAYMENT,3872.82,C1430073711,111262.54,107389.72,M2228388623,0.0,0.0,0,0.0,0
556,PAYMENT,689.99,C7287517250,70804.43,70114.44,M7861571879,0.0,0.0,0,0.0,0
577,PAYMENT,842.67,C9621419224,3755.12,2912.45,M9576264323,0.0,0.0,0,0.0,0
712,TRANSFER,147630.32,C9660523876,162133.87,14503.55,M9620935604,0.0,0.0,1,0.33,0
530,PAYMENT,43.62,C4767539382,116.88,73.26,M6558769264,0.0,0.0,0,0.0,0
91,TRANSFER,17973.38,C4226113732,15695.48,0.0,M1343875431,0.0,0.0,1,0.9,1
493,PAYMENT,736.26,C1590985753,1259.31,523.05,M9625656293,0.0,0.0,0,0.0,0
114,PAYMENT,2804.07,C7340498236,57850.6,55046.53,M6041646576,0.0,0.0,0,0.0,0
183,CASH_OUT,92129.53,C2761091683,130678.69,38549.16,C7628981661,8339.73,8339.73,0,0.0,0
71,TRANSFER,51761.52,C6461974809,44671.43,0.0,C4877520294,13749.24,13749.24,1,0.03666666666666667,0
385,CASH_OUT,1816.56,C5184564874,2554.69,738.13,C4159699467,19445.18,19445.18,1,0.0,0
348,PAYMENT,20304.41,C3201397080,193361.03,173056.62,M3322580659,0.0,0.0,0,0.0,0
180,TRANSFER,11755.51,C1754368373,30017.95,18262.44,C6875597607,76760.16,88515.67,0,0.0,0
238,PAYMENT,713.09,C8674224347,1844.25,1131.16,M3369412470,0.0,0.0,0,0.0,0
693,CASH_OUT,1719.79,C4014119648,1900.03,180.24,C2683446724,87365.46,87365.46,1,0.006666666666666667,0
10,CASH_OUT,52853.07,C1106456634,58283.25,5430.18,M3595066420,0.0,0.0,1,0.0,0
156,PAYMENT,20.54,C4102872611,32.08,11.54,M7702529931,0.0,0.0,0,0.0,0
274,TRANSFER,99109.81,C9376277483,172076.53,72966.72,C4283432667,3690.41,102800.22,0,0.0,0
456,CASH_OUT,784.96,C9912233947,1305.41,520.45,C3377702111,119525.11,119525.11,0,0.013333333333333334,0
674,PAYMENT,3.12,C9989642546,4.64,1.52,M7951820749,0.0,0.0,0,0.0,0
22,TRANSFER,54769.28,C5064162365,83819.48,29050.2,C5774080233,36120.87,90890.15,0,0.0,0
88,DEBIT,13079.82,C4586139213,106696.99,93617.17,M3313346852,0.0,0.0,0,0.006666666666666667,0
72,CASH_OUT,109149.41,C8134112721,101363.81,0.0,C1417436465,0.0,0.0,1,0.043333333333333335,0
247,TRANSFER,5175.41,C8690920484,4383.7,0.0,C1736086849,36418.09,36418.09,1,0.0033333333333333335,0
35,CASH_OUT,57584.07,C8274219704,66543.5,8959.43,M2910594463,0.0,0.0,1,0.0,0
344,PAYMENT,7946.49,C2020395327,168005.04,160058.55,M3811254192,0.0,0.0,0,0.0,0
364,CASH_OUT,136115.36,C6611356986,160732.92,24617.56,C3412273600,88999.65,88999.65,1,0.0,0
714,TRANSFER,10329.49,C9611537583,34683.34,24353.85,C5523703900,22172.06,32501.55,0,0.0,0
352,TRANSFER,7933.86,C3303082117,6809.54,0.0,M7351460539,0.0,0.0,1,0.75,1
69,PAYMENT,4550.63,C6043349038,14972.1,10421.47,M9916475897,0.0,0.0,0,0.0,0
679,TRANSFER,4834.63,C1722124509,15627.03,10792.4,C1271730355,74254.54,79089.17,0,0.0,0
321,CASH_OUT,59.89,C4767539382,73.26,13.37,C5933179746,178403.2,178403.2,0,0.006666666666666667,0
433,CASH_OUT,7771.06,C7209571615,7447.64,0.0,C2065354117,0.0,0.0,1,0.30666666666666664,0
48,CASH_OUT,28628.6,C4455798713,38084.13,9455.53,M2156184315,0.0,0.0,1,0.0,0
638,CASH_OUT,8515.75,C7581349462,7967.33,0.0,C3738900744,24.1,24.1,1,0.25666666666666665,0
278,CASH_OUT,14329.68,C7685540186,123869.02,109539.34,C3521300895,160890.71,160890.71,0,0.0,0
289,CASH_OUT,37957.31,C8517413631,33135.63,0.0,M7050091525,0.0,0.0,1,0.01,0
252,PAYMENT,741.74,C9081544414,198697.8,197956.06,M8030400668,0.0,0.0,0,0.0,0
219,TRANSFER,871.54,C6477862024,1031.92,160.38,C4310415016,90182.73,91054.27,0,0.0,0
675,CASH_IN,4747.49,C6805759868,22378.11,27125.6,C1710924824,200.1,200.1,0,0.0,0
142,PAYMENT,7501.05,C8636525027,13533.34,6032.29,M8138332494,0.0,0.0,0,0.0,0
85,TRANSFER,99761.95,C6566372886,108260.44,8498.49,C9981691030,64130.05,163892.0,0,0.0,0
67,CASH_OUT,1.0,C7154795660,0.0,0.0,C3520417815,38344.47,38344.47,0,0.0,0
535,PAYMENT,1.0,C9274189261,0.0,0.0,M4865979921,0.0,0.0,0,0.0,0
119,PAYMENT,1267.86,C1225953184,124499.22,123231.36,M8667946580,0.0,0.0,0,0.0,0
391,PAYMENT,17769.61,C2232285036,136599.86,118830.25,M9896529524,0.0,0.0,0,0.0,0
247,TRANSFER,191737.78,C2963288053,179912.62,0.0,C4067919621,140065.81,140065.81,1,0.0033333333333333335,0
502,TRANSFER,2896.54,C5899025962,2823.78,0.0,C4693510920,198023.1,198023.1,1,0.016666666666666666,0
190,CASH_OUT,6081.73,C7185179917,6207.22,125.49,C8691288568,126955.1,126955.1,1,0.0,0
508,PAYMENT,19220.32,C7668801906,34449.8,15229.48,M4122901114,0.0,0.0,0,0.0,0
648,TRANSFER,4368.34,C8075122626,4061.75,0.0,M5891831621,0.0,0.0,1,0.9433333333333334,1
569,TRANSFER,3849.12,C6128695961,5733.39,1884.27,C8303853049,0.0,3849.12,0,0.056666666666666664,0
495,TRANSFER,5847.93,C7699500243,11490.16,5642.23,C1370292681,1640.96,7488.89,0,0.013333333333333334,0
20,TRANSFER,121.73,C7536876169,150.75,29.02,M4211837506,0.0,0.0,1,0.15,0
370,PAYMENT,299.32,C2941508568,45102.17,44802.85,M8235474949,0.0,0.0,0,0.0,0
112,PAYMENT,10801.91,C3479708607,43527.73,32725.82,M6384311581,0.0,0.0,0,0.0,0
484,CASH_OUT,511.93,C6336171726,554.33,42.4,C9741628563,12489.93,12489.93,1,0.023333333333333334,0
500,PAYMENT,13347.45,C5336127859,17485.64,4138.19,M9625656293,0.0,0.0,0,0.0,0
427,CASH_OUT,1067.49,C5151887478,1681.0,613.51,C1430073711,107389.72,107389.72,0,0.013333333333333334,0
169,CASH_OUT,64923.04,C7292376027,65890.34,967.3,C4630196130,27385.41,27385.41,1,0.0,0
528,CASH_OUT,6591.46,C6910112521,6302.9,0.0,C1367704871,11846.21,11846.21,1,0.13666666666666666,0
312,CASH_OUT,772.41,C9645619869,1522.34,749.93,C7470843264,30058.28,30058.28,0,0.0033333333333333335,0
61,CASH_OUT,1.0,C1600566083,0.0,0.0,C7823288650,144140.36,144140.36,0,0.0033333333333333335,0
325,PAYMENT,10598.22,C8211516617,163406.72,152808.5,M3960136787,0.0,0.0,0,0.0,0
92,TRANSFER,1.0,C4203205881,0.0,0.0,C5296710795,40559.87,40560.87,0,0.0,0
511,PAYMENT,677.48,C7027529118,3831.59,3154.11,M7664045502,0.0,0.0,0,0.0,0
342,CASH_OUT,2453.12,C7803990970,7330.11,4876.99,C6534540349,43728.62,43728.62,0,0.0,0
627,PAYMENT,17266.71,C8493451569,134308.99,117042.28,M9410569618,0.0,0.0,0,0.0,0
399,DEBIT,44978.58,C7059591606,111651.05,66672.47,M4689605624,0.0,0.0,0,0.013333333333333334,0
381,PAYMENT,149.87,C8934927891,274.44,124.57,M3313346852,0.0,0.0,0,0.0,0
265,PAYMENT,2255.52,C6955593943,72643.76,70388.24,M3566125120,0.0,0.0,0,0.0,0
444,PAYMENT,4638.53,C4658080160,139751.05,135112.52,M7764117705,0.0,0.0,0,0.0,0
491,PAYMENT,726.59,C7670476743,1611.92,885.33,M8366710477,0.0,0.0,0,0.0,0
649,CASH_IN,91445.41,C1798112150,187371.81,278817.22,C6311894154,57281.01,57281.01,0,0.0,0
215,DEBIT,1358.46,C6879428703,44099.15,42740.69,M4035639663,0.0,0.0,0,0.006666666666666667,0
505,PAYMENT,321.83,C1600337712,354.53,32.7,M9558906999,0.0,0.0,0,0.0,0
714,CASH_OUT,7952.86,C6317152031,15223.09,7270.23,C9851745648,14583.9,14583.9,0,0.0,0
144,CASH_OUT,792.44,C6596578419,2383.02,1590.58,C4735334423,9595.35,9595.35,0,0.0,0
346,PAYMENT,15722.25,C1248786714,48968.91,33246.66,M2885370603,0.0,0.0,0,0.0,0
483,CASH_OUT,315.89,C5281907480,44568.3,44252.41,C4172006012,0.0,0.0,0,0.01,0
557,PAYMENT,1195.38,C1207916194,196587.08,195391.7,M4035639663,0.0,0.0,0,0.0,0
35,TRANSFER,153699.65,C3424843951,134418.1,0.0,M8325043570,0.0,0.0,1,0.9633333333333334,1
127,TRANSFER,1.0,C5461537013,0.0,0.0,C1067198189,185194.06,185195.06,0,0.0,0
409,CASH_IN,57295.28,C1116402431,49249.17,106544.45,C2099184899,176538.94,176538.94,0,0.0,0
561,PAYMENT,4105.65,C8809871735,90077.66,85972.01,M9933702652,0.0,0.0,0,0.0,0
607,CASH_OUT,107066.16,C1506211965,186855.71,79789.55,C5485387618,17282.58,17282.58,0,0.0,0
704,PAYMENT,9979.65,C3744446292,149241.88,139262.23,M9581187661,0.0,0.0,0,0.0,0
554,TRANSFER,3734.34,C3978287288,4251.92,517.58,C5638860656,20467.73,20467.73,1,0.0033333333333333335,0
708,CASH_OUT,7405.1,C1439921366,7947.23,542.13,M2243802345,0.0,0.0,1,0.03,0
446,CASH_OUT,72845.1,C8418332121,78738.6,5893.5,M2655546199,0.0,0.0,1,0.02,0
617,TRANSFER,10598.39,C6142469284,16546.83,5948.44,C3365835550,36986.68,47585.07,0,0.0033333333333333335,0
136,TRANSFER,58557.69,C4268713302,196036.81,137479.12,C1541964762,26043.65,84601.34,0,0.0,0
227,TRANSFER,102021.66,C3149484176,144158.68,42137.02,C3520417815,38344.47,140366.13,0,0.0,0
531,TRANSFER,22750.84,C3343292475,59876.03,37125.19,C5998623100,0.0,22750.84,0,0.0033333333333333335,0
244,CASH_OUT,183680.45,C9860949331,177110.31,0.0,C1939777262,990.02,990.02,1,0.03,0
372,TRANSFER,2164.45,C8241550421,128262.53,126098.08,C2867302554,1.0,2165.45,0,0.01,0
12,PAYMENT,913.78,C6000009225,1299.24,385.46,M2695447268,0.0,0.0,0,0.0,0
38,PAYMENT,3661.02,C1131671246,21636.6,17975.58,M3317856944,0.0,0.0,0,0.0,0
96,CASH_OUT,593.19,C6655089949,1540.92,947.73,C5199176431,13154.25,13154.25,0,0.0033333333333333335,0
573,CASH_OUT,3220.61,C8982597239,8626.63,5406.02,C8948573913,902.47,902.47,0,0.01,0
343,TRANSFER,66222.98,C3280805846,88111.49,21888.51,M6199197408,0.0,0.0,1,0.23333333333333334,0
411,CASH_OUT,9580.19,C6069848439,8031.05,0.0,C4921003983,2216.12,2216.12,1,0.23333333333333334,0
619,TRANSFER,2599.53,C4042413312,2657.56,58.03,M5585110649,0.0,0.0,1,0.49,0
293,PAYMENT,712.95,C8215470878,91401.56,90688.61,M6692705133,0.0,0.0,0,0.0,0
482,TRANSFER,3036.98,C3615507143,4290.43,1253.45,M3846182436,0.0,0.0,1,0.30666666666666664,0
479,PAYMENT,10802.97,C9303765140,157724.05,146921.08,M9752092528,0.0,0.0,0,0.0,0
172,PAYMENT,765.29,C7292376027,967.3,202.01,M1442421654,0.0,0.0,0,0.0,0
191,TRANSFER,165721.08,C1288335378,198718.04,32996.96,C3484872186,168026.85,333747.93,1,0.0,0
67,PAYMENT,7550.06,C3532855799,38176.79,30626.73,M1711271599,0.0,0.0,0,0.0,0
35,PAYMENT,417.06,C6585609060,449.59,32.53,M8458323087,0.0,0.0,0,0.0,0
24,PAYMENT,3580.5,C8015775567,51097.31,47516.81,M4554178984,0.0,0.0,0,0.0,0
312,PAYMENT,1.0,C3429019820,0.0,0.0,M8366710477,0.0,0.0,0,0.0,0
203,TRANSFER,2921.67,C5982744929,7133.94,4212.27,C2963288053,0.0,2921.67,0,0.0,0
496,CASH_OUT,68971.55,C2549748436,172046.06,103074.51,C6102144947,69567.31,69567.31,0,0.0,0
24,PAYMENT,1675.34,C1551395583,86582.1,84906.76,M3705237613,0.0,0.0,0,0.0,0
673,TRANSFER,18.97,C5696548897,129362.64,129343.67,C5607762160,809.85,828.82,0,0.016666666666666666,0
359,CASH_OUT,10810.19,C1399546384,11737.13,926.94,C8480622107,2123.12,2123.12,0,0.0033333333333333335,0
308,TRANSFER,77026.47,C6777263354,71053.91,0.0,M2885370603,0.0,0.0,1,0.8333333333333334,1
334,TRANSFER,1889.11,C2867302554,2165.45,276.34,M8144352013,0.0,0.0,1,0.18666666666666668,0
567,CASH_OUT,106993.26,C5856127658,116136.54,9143.28,C7193532615,65390.87,65390.87,1,0.0,0
553,CASH_IN,95714.44,C8636525027,6032.29,101746.73,C4145461251,115560.89,115560.89,0,0.0,0
364,CASH_OUT,171949.23,C2613385303,180679.3,8730.07,C1722124509,10792.4,10792.4,1,0.0,0
332,CASH_OUT,2648.79,C7579604766,2376.98,0.0,M9581187661,0.0,0.0,1,0.13,0
403,CASH_IN,127968.29,C3294092753,13420.79,141389.08,C2952996248,182565.02,182565.02,0,0.0,0
306,PAYMENT,3436.38,C2570991899,23510.8,20074.42,M2129491690,0.0,0.0,0,0.0,0
338,CASH_OUT,1586.54,C4577406847,1773.78,187.24,M1908459040,0.0,0.0,1,0.01,0
517,PAYMENT,804.3,C9842186844,29998.32,29194.02,M2249831874,0.0,0.0,0,0.0,0
318,PAYMENT,3591.46,C8991977937,5606.8,2015.34,M3660800029,0.0,0.0,0,0.0,0
61,TRANSFER,37771.8,C7671041685,35389.13,0.0,M9444143872,0.0,0.0,1,0.8533333333333334,1
673,PAYMENT,557.83,C5931025271,63896.36,63338.53,M5959736235,0.0,0.0,0,0.0,0
347,CASH_OUT,7950.56,C1515024824,8809.19,858.63,C4062777850,0.0,0.0,1,0.016666666666666666,0
360,PAYMENT,9317.16,C3483827971,26253.03,16935.87,M9773795424,0.0,0.0,0,0.0,0
655,TRANSFER,333.56,C8137972345,333.2,0.0,C2785736751,316827.28,317160.84,1,0.0,0
382,CASH_OUT,31004.78,C5281907480,44252.41,13247.63,C8351491401,0.0,0.0,1,0.0,0
528,CASH_OUT,1.0,C8252045593,0.0,0.0,C6773938304,194414.51,194414.51,0,0.0,0
494,CASH_OUT,596.8,C4226113732,529.18,0.0,C3841827734,171926.82,171926.82,1,0.013333333333333334,0
477,CASH_OUT,343.98,C6000009225,385.46,41.48,C2965718821,220249.92,220249.92,1,0.006666666666666667,0
93,TRANSFER,1748.05,C6317152031,7270.23,5522.18,C2158638062,0.0,1748.05,0,0.0033333333333333335,0
411,CASH_OUT,20648.44,C9957813353,166332.37,145683.93,C5751366455,9927.65,9927.65,0,0.0,0
124,TRANSFER,63378.4,C6037168610,67863.06,4484.66,C5461537013,0.0,63378.4,0,0.0,0
591,PAYMENT,15090.48,C4506639908,62867.38,47776.9,M4820942294,0.0,0.0,0,0.0,0
505,CASH_OUT,34579.41,C8429141456,44687.7,10108.29,M2518433834,0.0,0.0,1,0.013333333333333334,0
167,DEBIT,40354.28,C3020939193,191157.27,150802.99,M8366710477,0.0,0.0,0,0.006666666666666667,0
375,CASH_OUT,19857.28,C1644608746,26766.71,6909.43,M8058679999,0.0,0.0,1,0.0,0
226,TRANSFER,2237.1,C5125568431,1894.47,0.0,M3072183247,0.0,0.0,1,0.61,1
272,TRANSFER,234.2,C9136780852,225.6,0.0,M2869931869,0.0,0.0,1,0.24,0
483,TRANSFER,3287.0,C4508521152,3665.9,378.9,C2379592595,44668.9,47955.9,0,0.006666666666666667,0
460,TRANSFER,22538.32,C4159699467,19445.18,0.0,M6284297249,0.0,0.0,1,0.84,1
186,CASH_OUT,20691.37,C6496933442,30107.49,9416.12,C6923301988,84708.12,84708.12,0,0.0,0
61,TRANSFER,1.0,C3910678913,0.0,0.0,C2480915452,39797.81,39798.81,0,0.0,0
503,PAYMENT,292.48,C2227193073,355.13,62.65,M5734228580,0.0,0.0,0,0.0,0
65,DEBIT,2893.19,C5883933127,3947.91,1054.72,M9020002737,0.0,0.0,0,0.02,0
236,TRANSFER,7270.52,C5130589741,127630.41,120359.89,C3245108207,93459.06,100729.58,0,0.0,0
61,CASH_OUT,2310.98,C3707166618,2333.37,22.39,M4641902461,0.0,0.0,1,0.0033333333333333335,0
61,PAYMENT,15983.11,C7333678472,44159.43,28176.32,M5412437658,0.0,0.0,0,0.0,0
350,TRANSFER,51782.91,C4470591645,54661.83,2878.92,C5431267548,93391.12,145174.03,0,0.0,0
108,DEBIT,1.0,C8388580360,0.0,0.0,M6495967005,0.0,0.0,0,0.03,0
415,PAYMENT,1.0,C8517413631,0.0,0.0,M7270955446,0.0,0.0,0,0.0,0
67,TRANSFER,71591.39,C8779941999,94047.66,22456.27,M5380159400,0.0,0.0,1,0.25,0
106,DEBIT,1.0,C3429019820,0.0,0.0,M5315720088,0.0,0.0,0,0.03,0
417,CASH_OUT,43070.79,C7321180787,74948.42,31877.63,C7393195616,36079.31,36079.31,0,0.0,0
105,TRANSFER,7313.61,C7664258343,8015.56,701.95,C3923823693,86466.31,86466.31,1,0.0,0
288,PAYMENT,2.37,C4577406847,187.24,184.87,M6583604299,0.0,0.0,0,0.0,0
697,CASH_OUT,9687.27,C5144289583,42854.8,33167.53,C8369792370,0.0,0.0,0,0.013333333333333334,0
135,PAYMENT,3949.44,C2554039848,122488.97,118539.53,M3145756342,0.0,0.0,0,0.0,0
571,CASH_OUT,28777.98,C9842186844,29194.02,416.04,C8373547961,38.05,38.05,1,0.016666666666666666,0
265,TRANSFER,71665.69,C2125089309,71003.13,0.0,C8160279830,33838.16,105503.85,1,0.0033333333333333335,0
636,DEBIT,1.0,C5694806361,0.0,0.0,M5990749811,0.0,0.0,0,0.05333333333333334,0
196,TRANSFER,757.62,C5819946657,1537.06,779.44,C8907752604,159377.49,160135.11,0,0.0,0
88,CASH_OUT,1147.29,C6711463258,10081.4,8934.11,C8168204967,0.0,0.0,0,0.0,0
293,TRANSFER,1.0,C3383331379,0.0,0.0,C2916728422,0.0,1.0,0,0.22666666666666666,0
689,DEBIT,1121.09,C6795522649,3723.77,2602.68,M9896529524,0.0,0.0,0,0.02666666666666667,0
703,TRANSFER,24927.75,C1194576436,102532.62,77604.87,C1233079614,116.58,25044.33,0,0.0,0
124,PAYMENT,1.0,C3429019820,0.0,0.0,M2243802345,0.0,0.0,0,0.0,0
195,TRANSFER,1.0,C2390587865,0.0,0.0,C4972536230,1218.41,1219.41,0,0.01,0
609,CASH_IN,30270.36,C2295574037,283.86,30554.22,C7227593033,0.0,0.0,0,0.0,0
48,CASH_OUT,3512.18,C5694628398,4143.3,631.12,M4456193555,0.0,0.0,1,0.0,0
373,PAYMENT,116.34,C5646751885,2885.57,2769.23,M1694904767,0.0,0.0,0,0.0,0
152,PAYMENT,2333.09,C3891796055,113674.76,111341.67,M3831598303,0.0,0.0,0,0.0,0
350,PAYMENT,5957.12,C1083651970,37955.17,31998.05,M3660800029,0.0,0.0,0,0.0,0
536,PAYMENT,146.25,C9912233947,520.45,374.2,M3094407076,0.0,0.0,0,0.0,0
58,PAYMENT,1144.55,C5870268582,1311.32,166.77,M3960136787,0.0,0.0,0,0.0,0
339,TRANSFER,12003.71,C3438771483,13552.28,1548.57,M1185303518,0.0,0.0,1,0.25,0
338,CASH_OUT,26384.34,C6904897514,69132.23,42747.89,C8517413631,0.0,0.0,0,0.0,0
130,CASH_OUT,1.0,C4460967357,0.0,0.0,C1045302356,0.0,0.0,0,0.0033333333333333335,0
593,CASH_OUT,5786.24,C3258354191,5277.42,0.0,M7532669066,0.0,0.0,1,0.20666666666666667,0
716,PAYMENT,483.21,C2068687175,800.43,317.22,M8910440683,0.0,0.0,0,0.0,0
498,PAYMENT,10734.11,C9376711497,81342.8,70608.69,M7678293431,0.0,0.0,0,0.0,0
651,CASH_OUT,269.12,C6157617867,375.4,106.28,C8991514523,16187.84,16187.84,0,0.006666666666666667,0
312,TRANSFER,2237.27,C6153541642,2748.34,511.07,M8874242713,0.0,0.0,1,0.18666666666666668,0
638,CASH_OUT,1.0,C9461708554,0.0,0.0,C6837342064,10125.11,10125.11,0,0.02,0
669,TRANSFER,68710.46,C3933213766,60764.97,0.0,M6763471833,0.0,0.0,1,0.8366666666666667,1
419,PAYMENT,1.0,C2918260963,0.0,0.0,M6525576685,0.0,0.0,0,0.0,0
371,PAYMENT,1.0,C7242730249,0.0,0.0,M9822499208,0.0,0.0,0,0.0,0
720,TRANSFER,5511.21,C3058982440,71783.67,66272.46,C2465576748,0.0,5511.21,0,0.0033333333333333335,0
506,PAYMENT,1.0,C5476654128,0.0,0.0,M9631695368,0.0,0.0,0,0.0,0
330,CASH_OUT,55445.09,C8953726023,53323.78,0.0,M3355504998,0.0,0.0,1,0.02666666666666667,0
567,TRANSFER,1394.87,C5135595227,1305.93,0.0,M9977193987,0.0,0.0,1,0.47333333333333333,0
484,TRANSFER,1798.89,C7671041685,2022.52,223.63,C4277422858,244.56,2043.45,1,0.056666666666666664,0
132,CASH_IN,69904.54,C2464137110,13198.13,83102.67,C2014766981,4447.16,4447.16,0,0.0,0
513,CASH_OUT,28043.06,C5510938155,64458.74,36415.68,C1251837136,0.0,0.0,0,0.01,0
74,CASH_OUT,25202.92,C7527316141,398911.73,373708.81,C6000009225,41.48,41.48,0,0.0,0
369,PAYMENT,1.0,C3951331472,0.0,0.0,M8861351706,0.0,0.0,0,0.0,0
671,CASH_OUT,1703.16,C4767539382,1446.61,0.0,C8940731272,116413.11,116413.11,1,0.03666666666666667,0
651,PAYMENT,1489.09,C2830154607,123924.62,122435.53,M8102481401,0.0,0.0,0,0.0,0
294,TRANSFER,24069.29,C2732553940,38377.89,14308.6,C3144490990,2025.94,26095.23,0,0.0,0
314,PAYMENT,838.04,C1225052083,153705.57,152867.53,M4211837506,0.0,0.0,0,0.0,0
610,CASH_OUT,1972.45,C3476426797,114905.41,112932.96,C5461537013,63378.4,63378.4,0,0.0,0
372,CASH_OUT,3010.91,C6027311960,2581.33,0.0,C7019900273,54730.44,54730.44,1,0.07333333333333333,0
443,PAYMENT,1.6,C6704841644,2.11,0.51,M6606958660,0.0,0.0,0,0.0,0
649,PAYMENT,2711.96,C8684026200,164102.93,161390.97,M4456193555,0.0,0.0,0,0.0,0
556,CASH_OUT,11483.34,C6894808149,15306.09,3822.75,C2479679716,0.0,0.0,0,0.016666666666666666,0
537,CASH_OUT,4764.16,C6046864799,5229.46,465.3,C4536306171,2443.08,2443.08,0,0.01,0
134,CASH_OUT,1472.69,C9633533290,1821.12,348.43,C7499349987,127616.58,127616.58,1,0.0,0
225,PAYMENT,1.0,C8517413631,0.0,0.0,M9896529524,0.0,0.0,0,0.0,0
216,CASH_OUT,75123.24,C5829062179,87276.85,12153.61,M4522855590,0.0,0.0,1,0.0,0
450,CASH_OUT,526.85,C9943959352,494.27,0.0,M1185303518,0.0,0.0,1,0.20666666666666667,0
538,TRANSFER,333.77,C6656646925,314.42,0.0,M7341757401,0.0,0.0,1,0.23,0
7,PAYMENT,17923.81,C7637761996,106875.73,88951.92,M1257854279,0.0,0.0,0,0.0,0
362,PAYMENT,135.75,C5913767020,183.99,48.24,M2778069478,0.0,0.0,0,0.0,0
166,TRANSFER,3977.24,C1367704871,11846.21,7868.97,C3980491761,403.8,4381.04,0,0.0,0
704,PAYMENT,1.0,C9989642546,1.52,0.52,M5919148165,0.0,0.0,0,0.0,0
551,TRANSFER,700.44,C9730449971,766.91,66.47,C5125568431,0.0,0.0,1,0.17666666666666667,0
221,PAYMENT,12207.8,C4466589567,13757.41,1549.61,M6361225622,0.0,0.0,0,0.0,0
369,CASH_IN,2891.02,C7937993287,6980.62,9871.64,C8617360361,112243.37,112243.37,0,0.0,0
38,PAYMENT,14.27,C7638836058,5317.66,5303.39,M3145756342,0.0,0.0,0,0.0,0
280,CASH_IN,4464.53,C9462806178,30942.96,35407.49,C9263135031,23668.69,23668.69,0,0.0,0
670,PAYMENT,15784.64,C3260842187,33393.05,17608.41,M2604788242,0.0,0.0,0,0.0,0
284,CASH_IN,139194.24,C6124453431,159122.28,298316.52,C7852415525,90950.41,90950.41,0,0.0,0
674,CASH_OUT,1210.16,C6620138568,19443.34,18233.18,C2224336336,122652.58,122652.58,0,0.0,0
268,TRANSFER,3255.42,C9771848610,3474.6,219.18,M2228388623,0.0,0.0,1,0.23,0
315,CASH_OUT,23288.0,C5283911723,53665.77,30377.77,C5646880148,0.0,0.0,0,0.0,0
641,PAYMENT,1.0,C8295757364,0.0,0.0,M1257854279,0.0,0.0,0,0.0,0
371,CASH_OUT,565.84,C2802141793,898.82,332.98,C9953941533,178365.94,178365.94,0,0.0,0
265,CASH_OUT,132213.09,C9837912162,113908.26,0.0,C4427620889,10350.9,10350.9,1,0.006666666666666667,0
420,TRANSFER,396.11,C4750707607,419.42,23.31,C8471762590,3945.27,3945.27,1,0.02,0
533,PAYMENT,2656.34,C9479654136,88297.36,85641.02,M5985331805,0.0,0.0,0,0.0,0
573,PAYMENT,123.97,C9094089209,118469.41,118345.44,M7341757401,0.0,0.0,0,0.0,0
264,PAYMENT,1313.37,C2928130926,1387.01,73.64,M9933702652,0.0,0.0,0,0.0,0
25,TRANSFER,4552.33,C5634076661,110075.87,105523.54,C1131671246,17975.58,22527.91,0,0.0,0
504,PAYMENT,10687.8,C5400463094,150432.72,139744.92,M5315720088,0.0,0.0,0,0.0,0
502,PAYMENT,14.91,C5275521470,150321.95,150307.04,M3605446007,0.0,0.0,0,0.0,0
77,TRANSFER,169.21,C8075122626,201.07,31.86,C5328166990,154489.11,154489.11,1,0.0033333333333333335,0
423,PAYMENT,1308.79,C7403028869,198168.72,196859.93,M2391874847,0.0,0.0,0,0.0,0
600,PAYMENT,1.0,C1717346250,0.0,0.0,M2695447268,0.0,0.0,0,0.0,0
394,DEBIT,1.0,C5151086814,0.0,0.0,M6011842297,0.0,0.0,0,0.043333333333333335,0
644,TRANSFER,1.0,C9717175839,0.0,0.0,C1660370908,12267.38,12268.38,0,0.0033333333333333335,0
493,TRANSFER,37502.78,C5567816720,32072.76,0.0,C5182110973,57224.36,57224.36,1,0.023333333333333334,0
683,CASH_OUT,110586.59,C9957813353,145683.93,35097.34,M3019265031,0.0,0.0,1,0.013333333333333334,0
199,PAYMENT,47.04,C9744120054,115345.62,115298.58,M7050091525,0.0,0.0,0,0.0,0
522,TRANSFER,81740.27,C8419590655,92531.41,10791.14,C3971203213,179.65,81919.92,0,0.0,0
636,PAYMENT,2673.08,C8180620422,16125.53,13452.45,M6200141898,0.0,0.0,0,0.0,0
699,PAYMENT,4680.78,C7882206934,138849.02,134168.24,M7861571879,0.0,0.0,0,0.0,0
122,CASH_OUT,526.67,C3550908958,564.33,37.66,M1711271599,0.0,0.0,1,0.0033333333333333335,0
641,CASH_OUT,2.44,C3020939193,150802.99,150800.55,C5150074940,55.84,55.84,0,0.01,0
601,PAYMENT,1.0,C3316277000,0.0,0.0,M3297681898,0.0,0.0,0,0.0,0
704,CASH_OUT,4349.03,C2320763135,9510.93,5161.9,C6153541642,511.07,511.07,0,0.013333333333333334,0
620,DEBIT,22277.36,C4106464319,39842.4,17565.04,M2571632270,0.0,0.0,0,0.02666666666666667,0
606,CASH_OUT,26291.04,C5569295400,29039.29,2748.25,M3072183247,0.0,0.0,1,0.013333333333333334,0
509,TRANSFER,125420.83,C6922713963,132524.5,7103.67,M7861571879,0.0,0.0,1,0.33,0
360,CASH_OUT,31699.85,C4786674545,53848.86,22149.01,C8239941612,14206.13,14206.13,0,0.0,0
672,PAYMENT,1.0,C1417436465,0.0,0.0,M9896529524,0.0,0.0,0,0.0,0
81,CASH_OUT,8550.81,C1160913827,28677.39,20126.58,C6991473746,0.0,0.0,0,0.0,0
454,CASH_OUT,511.13,C8350384902,1719.34,1208.21,C5067116918,9433.58,9433.58,0,0.04,0
25,PAYMENT,274.44,C3423086220,1344.18,1069.74,M5869990861,0.0,0.0,0,0.0,0
280,CASH_OUT,228.47,C8287542751,617.09,388.62,C7004510516,5.51,5.51,0,0.01,0
639,CASH_OUT,1833.9,C8925520026,1877.11,43.21,C7671041685,223.63,223.63,1,0.03666666666666667,0
494,PAYMENT,715.6,C4752171298,110395.45,109679.85,M5570190774,0.0,0.0,0,0.0,0
547,PAYMENT,12196.39,C9935429720,72681.57,60485.18,M5959736235,0.0,0.0,0,0.0,0
124,CASH_OUT,47176.22,C7193532615,65390.87,18214.65,C3815235019,44169.58,44169.58,1,0.0,0
30,PAYMENT,1.0,C1251837136,0.0,0.0,M8276498637,0.0,0.0,0,0.0,0
396,CASH_OUT,119000.83,C5215140451,138839.13,19838.3,C2753617371,68511.32,68511.32,1,0.0,0
145,TRANSFER,572.62,C1725783958,900.24,327.62,C3058982440,66272.46,66845.08,0,0.0,0
211,TRANSFER,16540.75,C3598862507,18106.6,1565.85,M1357561213,0.0,0.0,1,0.2633333333333333,0
404,CASH_OUT,30216.51,C9218363978,33069.32,2852.81,C7829772942,5839.69,5839.69,0,0.0,0
498,TRANSFER,657.07,C9858643842,757.14,100.07,C3774110439,60273.43,60930.5,1,0.0,0
55,CASH_OUT,2879.6,C7127904756,11996.87,9117.27,C4526242854,14324.26,14324.26,0,0.0,0
91,TRANSFER,4556.36,C7316122432,4713.51,157.15,C8168204967,0.0,0.0,1,0.22333333333333333,0
611,PAYMENT,7887.2,C2242377075,123976.82,116089.62,M2121448210,0.0,0.0,0,0.0,0
473,TRANSFER,1928.03,C9279291478,5113.54,3185.51,C2377246195,0.0,1928.03,0,0.05,0
23,PAYMENT,4256.98,C7750819485,163314.48,159057.5,M9043367776,0.0,0.0,0,0.0,0
672,CASH_OUT,6414.51,C9067664957,7624.89,1210.38,C6168291913,193.06,193.06,0,0.02,0
24,DEBIT,7029.13,C3791815554,137865.18,130836.05,M6651754819,0.0,0.0,0,0.006666666666666667,0
191,PAYMENT,4757.55,C7623575561,86881.21,82123.66,M2129491690,0.0,0.0,0,0.0,0
444,PAYMENT,10709.37,C4482238042,161382.32,150672.95,M8030400668,0.0,0.0,0,0.0,0
123,TRANSFER,96725.89,C7763765757,143674.94,46949.05,C6287793163,48423.72,145149.61,0,0.0,0
98,TRANSFER,42007.89,C5419627962,270683.64,228675.75,C9343730920,0.0,42007.89,0,0.0,0
260,TRANSFER,116.28,C3128675098,165.14,48.86,C3035761595,15506.92,15623.2,0,0.0,0
717,PAYMENT,1.0,C1805492785,0.0,0.0,M3223687972,0.0,0.0,0,0.0,0
457,TRANSFER,106422.59,C5431267548,145174.03,38751.44,M2839566253,0.0,0.0,1,0.29333333333333333,0
415,PAYMENT,3815.91,C4659306670,9527.96,5712.05,M8910440683,0.0,0.0,0,0.0,0
508,CASH_OUT,21214.63,C7666869046,24937.99,3723.36,M1783432867,0.0,0.0,1,0.013333333333333334,0
276,PAYMENT,1.0,C7887950851,0.0,0.0,M3566125120,0.0,0.0,0,0.0,0
360,PAYMENT,10019.99,C5275521470,150307.04,140287.05,M4952177946,0.0,0.0,0,0.0,0
707,CASH_OUT,14496.25,C6161147047,25913.62,11417.37,C7199283151,17982.53,17982.53,0,0.0,0
527,CASH_OUT,69.52,C2227193073,62.65,0.0,M1099218439,0.0,0.0,1,0.06666666666666667,0
680,CASH_OUT,12168.72,C7706193636,46440.11,34271.39,C6562457052,11275.25,11275.25,0,0.0,0
505,PAYMENT,6872.02,C8926438617,7542.35,670.33,M2115862756,0.0,0.0,0,0.0,0
274,TRANSFER,159010.27,C2075413763,189064.45,30054.18,C2854772804,62978.1,221988.37,0,0.0,0
602,TRANSFER,13900.48,C5829062179,12153.61,0.0,M9918338001,0.0,0.0,1,0.94,1
351,TRANSFER,1555.06,C4143852021,1935.69,380.63,C4645120421,155096.28,155096.28,1,0.0,0
39,TRANSFER,70479.82,C8015124886,142897.89,72418.07,C8106401208,1302.26,71782.08,0,0.0,0
391,CASH_OUT,113727.37,C5612645121,129366.75,15639.38,M6932365592,0.0,0.0,1,0.0,0
362,TRANSFER,20139.25,C7784217828,19718.58,0.0,M8910440683,0.0,0.0,1,0.8,1
362,TRANSFER,149222.9,C1245522987,160203.99,10981.09,C3693916084,75900.44,75900.44,1,0.0033333333333333335,0
27,TRANSFER,134093.7,C7488943393,179579.59,45485.89,C5903457537,833.29,833.29,1,0.03,0
335,CASH_OUT,18758.7,C7981077394,19421.96,663.26,M6041646576,0.0,0.0,1,0.01,0
710,DEBIT,1.0,C6237376063,0.0,0.0,M3208200227,0.0,0.0,0,0.04666666666666667,0
710,CASH_OUT,1799.04,C5077921573,1863.63,64.59,M3208200227,0.0,0.0,1,0.04666666666666667,0
223,PAYMENT,1414.46,C3106408413,1637.61,223.15,M7340036327,0.0,0.0,0,0.0,0
601,DEBIT,3176.27,C6922713963,7103.67,3927.4,M9404002665,0.0,0.0,0,0.03333333333333333,0
697,TRANSFER,1.0,C5659161352,0.0,0.0,C2965718821,220249.92,220250.92,0,0.0,0
498,CASH_OUT,7393.35,C8083175325,8051.17,657.82,C5439176290,117061.01,117061.01,1,0.0033333333333333335,0
135,CASH_OUT,8522.49,C9597198563,9989.83,1467.34,C9305502799,0.0,0.0,0,0.0,0
374,TRANSFER,27259.99,C6952554500,39164.54,11904.55,C6168291913,193.06,27453.05,0,0.0,0
82,PAYMENT,41.06,C9894847574,1684.44,1643.38,M8643636805,0.0,0.0,0,0.0,0
526,CASH_OUT,713.44,C1515024824,858.63,145.19,M4952177946,0.0,0.0,1,0.04,0
397,CASH_OUT,115948.83,C9786748825,136879.71,20930.88,C1131267917,26359.61,26359.61,1,0.0,0
600,DEBIT,1.0,C4631048029,0.0,0.0,M7951820749,0.0,0.0,0,0.05,0
140,PAYMENT,1.0,C4767539382,0.0,0.0,M5270048042,0.0,0.0,0,0.0,0
28,CASH_OUT,21274.54,C3343459102,127673.07,106398.53,C8791183272,3433.41,3433.41,0,0.0,0
361,CASH_OUT,1805.95,C2079501936,4017.86,2211.91,C4776677517,5394.7,5394.7,0,0.0,0
524,CASH_OUT,206.04,C3106408413,223.15,17.11,M1732578761,0.0,0.0,1,0.04,0
308,CASH_OUT,208.91,C3978287288,517.58,308.67,C7529817193,0.0,0.0,0,0.013333333333333334,0
589,PAYMENT,264.14,C9759180824,488.44,224.3,M1185303518,0.0,0.0,0,0.0,0
527,CASH_OUT,25609.42,C2423995953,66304.5,40695.08,C5625342041,104065.78,104065.78,0,0.0,0
611,PAYMENT,4010.94,C5952894290,4687.74,676.8,M2541015125,0.0,0.0,0,0.0,0
373,PAYMENT,7236.85,C1036351450,115790.72,108553.87,M7341757401,0.0,0.0,0,0.0,0
427,PAYMENT,4033.91,C5141285960,104490.61,100456.7,M6284297249,0.0,0.0,0,0.0,0
136,CASH_OUT,41759.03,C1857596764,44222.7,2463.67,C9403748506,466.95,466.95,1,0.0,0
373,PAYMENT,144.58,C2867302554,276.34,131.76,M5869990861,0.0,0.0,0,0.0,0
270,CASH_OUT,53.64,C5474951950,169.68,116.04,C3653594796,104316.6,104316.6,0,0.0,0
157,TRANSFER,9.11,C3464975279,36.87,27.76,C4586139213,93617.17,93626.28,0,0.0,0
290,DEBIT,2952.32,C5998623100,22750.84,19798.52,M3831598303,0.0,0.0,0,0.016666666666666666,0
509,TRANSFER,18511.77,C2067970820,98122.19,79610.42,C2627677155,47515.69,66027.46,0,0.0,0
374,PAYMENT,2572.36,C7873709012,196075.12,193502.76,M7453081889,0.0,0.0,0,0.0,0
345,PAYMENT,22759.59,C2515672889,148590.65,125831.06,M5959736235,0.0,0.0,0,0.0,0
435,CASH_IN,4520.66,C8282534126,379.62,4900.28,C3995732958,142503.69,142503.69,0,0.0,0
674,CASH_IN,21640.35,C9420979586,188541.07,210181.42,C1707196784,0.0,0.0,0,0.0,0
56,CASH_OUT,5.58,C5416031878,115323.19,115317.61,C5297902885,44588.65,44588.65,0,0.0,0
595,TRANSFER,1090.87,C5855415646,1164.43,73.56,C9954587710,11953.46,11953.46,1,0.01,0
338,TRANSFER,1089.2,C6048096802,32157.19,31067.99,C3971203213,81919.92,83009.12,0,0.0,0
593,PAYMENT,3040.09,C8033062794,3383.39,343.3,M2156184315,0.0,0.0,0,0.0,0
48,TRANSFER,10954.55,C3035761595,15623.2,4668.65,C7961674558,186855.55,197810.1,0,0.0,0
431,TRANSFER,937.87,C5750815980,984.03,46.16,C6566372886,8498.49,8498.49,1,0.02,0
696,CASH_OUT,168957.93,C8025152555,173124.35,4166.42,M7651029165,0.0,0.0,1,0.013333333333333334,0
96,TRANSFER,47213.66,C5268845844,56038.77,8825.11,C9894264595,7201.6,54415.26,1,0.0,0
195,CASH_OUT,47318.91,C2405746777,90118.93,42800.02,C8779941999,22456.27,22456.27,0,0.0,0
512,PAYMENT,1.0,C4163119785,0.0,0.0,M2228388623,0.0,0.0,0,0.0,0
532,CASH_OUT,3496.84,C3207160929,3470.92,0.0,C6305160342,18558.86,18558.86,1,0.16,0
291,PAYMENT,14185.85,C6859286614,183576.36,169390.51,M8790289305,0.0,0.0,0,0.0,0
443,CASH_OUT,21877.69,C7340428136,72602.33,50724.64,C1011759631,8867.65,8867.65,0,0.0,0
9,PAYMENT,17.12,C4104309491,50.39,33.27,M3595066420,0.0,0.0,0,0.0,0
415,PAYMENT,1860.88,C4658080160,135112.52,133251.64,M8790289305,0.0,0.0,0,0.0,0
31,CASH_OUT,14269.1,C3878201524,18218.35,3949.25,C8252045593,0.0,0.0,1,0.0,0
445,PAYMENT,5889.03,C2020262123,91339.95,85450.92,M1458227039,0.0,0.0,0,0.0,0
700,PAYMENT,1433.75,C6894699853,139153.83,137720.08,M5694439775,0.0,0.0,0,0.0,0
581,TRANSFER,91180.78,C1194576436,77604.87,0.0,M7512767226,0.0,0.0,1,0.89,1
625,TRANSFER,57440.29,C9715314442,77005.38,19565.09,C2382129132,0.0,0.0,1,0.27,0
448,TRANSFER,63.76,C9354542654,70.36,6.6,C9411532909,7474.2,7537.96,0,0.02666666666666667,0
642,CASH_OUT,66.5,C5855415646,73.56,7.06,C4466589567,1549.61,1549.61,0,0.02666666666666667,0
385,TRANSFER,7571.04,C6804850108,6319.73,0.0,C9912233947,374.2,374.2,1,0.15333333333333332,0
125,TRANSFER,59546.66,C7872090713,66524.27,6977.61,C8588769565,150030.83,209577.49,0,0.0,0
150,CASH_OUT,762.29,C3383331379,854.73,92.44,C1421776124,69.66,69.66,1,0.0033333333333333335,0
191,PAYMENT,5111.51,C8880079328,54374.23,49262.72,M4522855590,0.0,0.0,0,0.0,0
572,PAYMENT,756.0,C6611356986,24617.56,23861.56,M3094407076,0.0,0.0,0,0.0,0
424,PAYMENT,23044.92,C6287793163,145149.61,122104.69,M2604788242,0.0,0.0,0,0.0,0
508,PAYMENT,2150.96,C2952996248,182565.02,180414.06,M4952177946,0.0,0.0,0,0.0,0
395,DEBIT,1.0,C5588254555,0.0,0.0,M2778069478,0.0,0.0,0,0.043333333333333335,0
683,CASH_IN,27223.86,C7846365089,65515.54,92739.4,C8547068234,0.0,0.0,0,0.0,0
395,PAYMENT,2289.9,C4659306670,5712.05,3422.15,M7453081889,0.0,0.0,0,0.0,0
135,TRANSFER,138.18,C5334769475,203.4,65.22,C9376277483,72966.72,73104.9,0,0.0,0
617,TRANSFER,339.42,C2780136605,374.82,35.4,C1293864877,4517.67,4517.67,1,0.03,0
445,DEBIT,1116.79,C5634076661,105523.54,104406.75,M6790024996,0.0,0.0,0,0.013333333333333334,0
63,TRANSFER,100603.89,C7079234115,121939.68,21335.79,M6771941776,0.0,0.0,1,0.25333333333333335,0
378,TRANSFER,119014.01,C4696689457,100390.92,0.0,M2418407139,0.0,0.0,1,0.8733333333333333,1
674,TRANSFER,1936.54,C9860949331,1719.67,0.0,M8058679999,0.0,0.0,1,0.5766666666666667,1
557,CASH_OUT,44309.34,C9343730920,42007.89,0.0,M5959736235,0.0,0.0,1,0.1,0
488,PAYMENT,2620.18,C7666869046,3723.36,1103.18,M5959736235,0.0,0.0,0,0.0,0
709,CASH_OUT,6087.17,C2982979741,124063.13,117975.96,C6469318275,31007.45,31007.45,0,0.0,0
99,CASH_OUT,6200.16,C5884391502,8393.22,2193.06,M2303835765,0.0,0.0,1,0.0,0
45,TRANSFER,20686.13,C9780187424,23647.08,2960.95,M8102481401,0.0,0.0,1,0.24666666666666667,0
671,DEBIT,5343.23,C1112794026,20013.27,14670.04,M2711123163,0.0,0.0,0,0.03333333333333333,0
613,CASH_OUT,1059.9,C9067664957,1210.38,150.48,C6924716023,3251.15,3251.15,1,0.01,0
98,CASH_OUT,36161.57,C8625905455,62579.5,26417.93,C4627032705,149344.68,149344.68,0,0.0,0
199,TRANSFER,4774.15,C7825844140,4504.88,0.0,M8144889126,0.0,0.0,1,0.8033333333333333,1
42,PAYMENT,19688.78,C1430073711,107389.72,87700.94,M4554178984,0.0,0.0,0,0.0,0
144,TRANSFER,13136.14,C1471997674,11247.36,0.0,C3389594115,162433.87,162433.87,1,0.0,0
113,TRANSFER,4364.24,C7638836058,5303.39,939.15,M8083396378,0.0,0.0,1,0.2,0
455,TRANSFER,32053.67,C2250949136,36603.69,4550.02,C5150074940,55.84,55.84,1,0.24666666666666667,0
180,CASH_OUT,1301.86,C7215110267,1830.81,528.95,M8790289305,0.0,0.0,1,0.0,0
257,PAYMENT,4463.06,C9081544414,197956.06,193493.0,M6401844042,0.0,0.0,0,0.0,0
143,TRANSFER,18.33,C3738900744,24.1,5.77,C6092773357,115382.61,115400.94,0,0.0,0
148,PAYMENT,1.0,C6756332150,0.0,0.0,M7230477043,0.0,0.0,0,0.0,0
702,TRANSFER,60118.2,C3710566582,144117.0,83998.8,C3605585995,82067.79,142185.99,0,0.0,0
327,PAYMENT,106.32,C5972484792,126785.0,126678.68,M5325865521,0.0,0.0,0,0.0,0
536,CASH_OUT,388.53,C1725783958,327.62,0.0,M3831598303,0.0,0.0,1,0.07333333333333333,0
193,PAYMENT,4.07,C5421051452,60064.85,60060.78,M8044997538,0.0,0.0,0,0.0,0
380,CASH_OUT,216834.3,C5201221330,190970.01,0.0,M4158643786,0.0,0.0,1,0.016666666666666666,0
485,DEBIT,1271.17,C6548442140,173471.91,172200.74,M9631695368,0.0,0.0,0,0.016666666666666666,0
111,PAYMENT,552.45,C7371573279,434241.1,433688.65,M9404002665,0.0,0.0,0,0.0,0
700,CASH_OUT,3081.32,C6110943464,2956.97,0.0,C8075122626,31.86,31.86,1,0.16666666666666666,0
588,CASH_OUT,45926.27,C2846465000,44752.73,0.0,C2139027119,23710.23,23710.23,1,0.10666666666666667,0
313,PAYMENT,35.18,C5673482258,125302.17,125266.99,M9921025990,0.0,0.0,0,0.0,0
227,TRANSFER,122091.67,C2843567009,134414.26,12322.59,M3517195150,0.0,0.0,1,0.27666666666666667,0
7,CASH_OUT,2287.77,C8025152555,4166.42,1878.65,C3185386258,3260.19,3260.19,0,0.0,0
55,TRANSFER,150503.11,C4734111722,138644.25,0.0,C6276339732,24867.22,24867.22,1,0.06666666666666667,0
462,PAYMENT,144.83,C4719780110,149457.34,149312.51,M1466305100,0.0,0.0,0,0.0,0
474,TRANSFER,32705.07,C5358791907,29478.43,0.0,C6131005449,97758.0,97758.0,1,0.016666666666666666,0
717,PAYMENT,18060.79,C8940731272,116413.11,98352.32,M9523139706,0.0,0.0,0,0.0,0
643,CASH_OUT,17967.19,C4712367625,21514.05,3546.86,C6582557981,3310.38,3310.38,0,0.0033333333333333335,0
384,PAYMENT,2889.88,C4353689019,224294.36,221404.48,M6275155878,0.0,0.0,0,0.0,0
364,PAYMENT,3501.05,C6037168610,4484.66,983.61,M5449848690,0.0,0.0,0,0.0,0
245,TRANSFER,664.33,C8380507338,753.6,89.27,C9943959352,0.0,0.0,1,0.17,0
86,TRANSFER,9254.57,C2771211118,104605.28,95350.71,C2075321966,23677.46,32932.03,0,0.0,0
667,TRANSFER,124916.5,C7016293621,131520.98,6604.48,C5474951950,116.04,116.04,1,0.13333333333333333,0
264,PAYMENT,21214.23,C9049270990,48965.01,27750.78,M9631695368,0.0,0.0,0,0.0,0
364,CASH_IN,4476.54,C8075122626,31.86,4508.4,C9558091177,224853.5,224853.5,0,0.0,0
378,TRANSFER,71189.46,C4668931881,83875.33,12685.87,C2095286033,105356.08,176545.54,0,0.0,0
7,PAYMENT,1.0,C1725783958,0.0,0.0,M5315720088,0.0,0.0,0,0.0,0
329,TRANSFER,34551.11,C6661014794,97877.14,63326.03,C5010075517,13759.68,48310.79,0,0.0,0
595,PAYMENT,3019.28,C3694860228,3670.2,650.92,M1368287033,0.0,0.0,0,0.0,0
674,CASH_OUT,1930.18,C6961554653,7964.99,6034.81,C9309500117,8130.63,8130.63,0,0.006666666666666667,0
447,CASH_OUT,68.33,C6037168610,983.61,915.28,C9922723063,118840.49,118840.49,0,0.013333333333333334,0
621,CASH_OUT,1.66,C5512036684,61660.73,61659.07,C4287687478,171971.21,171971.21,0,0.0,0
665,CASH_OUT,422.74,C3107125807,576.24,153.5,M4865979921,0.0,0.0,1,0.03,0
51,CASH_IN,20671.67,C9837912162,0.0,20671.67,C1248704157,0.0,0.0,0,0.0,0
173,PAYMENT,4569.65,C8666074487,131709.65,127140.0,M2695447268,0.0,0.0,0,0.0,0
503,CASH_OUT,27853.73,C4713453204,50817.83,22964.1,C9202102595,96970.95,96970.95,0,0.0,0
715,PAYMENT,1.0,C6405851839,0.0,0.0,M8058679999,0.0,0.0,0,0.0,0
664,CASH_OUT,14769.28,C1489726608,152279.47,137510.19,C3109688769,0.0,0.0,0,0.013333333333333334,0
29,PAYMENT,22944.76,C4268713302,137479.12,114534.36,M1857561275,0.0,0.0,0,0.0,0
371,CASH_OUT,1.0,C9943959352,0.0,0.0,C8737025391,1701.92,1701.92,0,0.013333333333333334,0
153,TRANSFER,39577.67,C9806189256,49328.65,9750.98,C8180620422,13452.45,13452.45,1,0.0,0
583,TRANSFER,24097.93,C3532855799,30626.73,6528.8,C7242730249,0.0,24097.93,0,0.01,0
625,TRANSFER,39018.57,C3171050399,41798.69,2780.12,M5194066484,0.0,0.0,1,0.34,0
538,PAYMENT,239.38,C2963288053,2921.67,2682.29,M8030400668,0.0,0.0,0,0.0,0
134,PAYMENT,1.0,C7529817193,0.0,0.0,M2121448210,0.0,0.0,0,0.0,0
289,TRANSFER,281.41,C4485356009,313.94,32.53,C7823288650,144140.36,144421.77,0,0.0,0
683,PAYMENT,107.47,C7467073633,285.51,178.04,M5000316394,0.0,0.0,0,0.0,0
396,TRANSFER,4457.17,C3821211202,214679.54,210222.37,C6928691380,22636.12,27093.29,0,0.0,0
149,CASH_OUT,435.34,C2369705770,1131.66,696.32,C8543865915,0.0,0.0,0,0.01,0
390,PAYMENT,1.0,C6618965944,0.0,0.0,M1240140248,0.0,0.0,0,0.0,0
115,TRANSFER,9368.51,C3655790301,26160.69,16792.18,C1271730355,79089.17,88457.68,0,0.0,0
245,PAYMENT,1.0,C9986353481,0.0,0.0,M6992094064,0.0,0.0,0,0.0,0
222,TRANSFER,40027.92,C1818112342,37443.5,0.0,C9673185158,0.0,0.0,1,0.8233333333333334,1
383,TRANSFER,35908.43,C5560712830,45694.78,9786.35,M5325865521,0.0,0.0,1,0.23333333333333334,0
692,TRANSFER,27417.32,C5802739154,35983.33,8566.01,C8182649048,91728.53,119145.85,1,0.0,0
162,CASH_OUT,13170.34,C9370133032,234940.76,221770.42,C2953462417,81506.82,81506.82,0,0.0,0
378,CASH_OUT,696.83,C4660390742,859.74,162.91,M6932365592,0.0,0.0,1,0.013333333333333334,0
472,PAYMENT,15018.01,C6959501845,86148.3,71130.29,M3508990774,0.0,0.0,0,0.0,0
582,TRANSFER,32755.43,C2020395327,160058.55,127303.12,C8666074487,127140.0,159895.43,0,0.0,0
660,PAYMENT,2666.79,C3035761595,4668.65,2001.86,M1122712790,0.0,0.0,0,0.0,0
495,TRANSFER,6046.95,C9857430687,168345.17,162298.22,C1225953184,123231.36,129278.31,0,0.0,0
129,PAYMENT,777.72,C7226553010,114184.16,113406.44,M4158643786,0.0,0.0,0,0.0,0
254,TRANSFER,17499.04,C2139027119,23710.23,6211.19,C4635552887,282428.07,299927.11,0,0.0,0
361,TRANSFER,252.07,C7406579219,347.65,95.58,C1529290976,194937.53,194937.53,1,0.0,0
36,PAYMENT,49.34,C6157617867,106.28,56.94,M6313472215,0.0,0.0,0,0.0,0
428,CASH_OUT,73638.83,C2953462417,81506.82,7867.99,C2774884818,0.0,0.0,1,0.02,0
472,CASH_OUT,57.54,C6929897032,115.13,57.59,C7949795085,563.38,563.38,0,0.04666666666666667,0
279,TRANSFER,775.47,C9844874547,709.54,0.0,M7764117705,0.0,0.0,1,0.30666666666666664,0
308,TRANSFER,13658.55,C8638763775,17148.74,3490.19,M2328736852,0.0,0.0,1,0.2633333333333333,0
599,CASH_OUT,228220.13,C2181241943,207501.49,0.0,M6284297249,0.0,0.0,1,0.23,0
656,TRANSFER,2017.06,C3206955437,5593.68,3576.62,C7858937483,135.23,2152.29,0,0.056666666666666664,0
160,CASH_OUT,13045.68,C7103588071,14052.58,1006.9,C4145461251,115560.89,115560.89,0,0.0,0
329,TRANSFER,14606.77,C3483827971,16935.87,2329.1,M8858274691,0.0,0.0,1,0.26,0
194,CASH_OUT,7276.32,C4590711152,6505.09,0.0,M3595066420,0.0,0.0,1,0.04666666666666667,0
704,CASH_OUT,91393.26,C1036351450,108553.87,17160.61,M7366396017,0.0,0.0,1,0.016666666666666666,0
4,CASH_IN,14128.28,C3910678913,0.0,14128.28,C7576309274,232145.28,232145.28,0,0.0,0
257,TRANSFER,2819.36,C4807122420,3277.41,458.05,C5515628633,160451.78,163271.14,0,0.0,0
256,PAYMENT,1.0,C9539945315,0.0,0.0,M4588312351,0.0,0.0,0,0.0,0
303,CASH_OUT,1759.5,C3623588379,1598.5,0.0,M2541015125,0.0,0.0,1,0.11333333333333333,0
266,PAYMENT,3652.73,C3047869247,72730.21,69077.48,M6999146585,0.0,0.0,0,0.0,0
256,TRANSFER,8785.49,C2188332531,9282.97,497.48,C4965395580,174698.56,183484.05,0,0.0,0
367,TRANSFER,61277.05,C2503068227,56671.24,0.0,M2391874847,0.0,0.0,1,0.8333333333333334,1
182,TRANSFER,105660.55,C8115628227,117442.37,11781.82,M6284297249,0.0,0.0,1,0.27,0
43,PAYMENT,6154.62,C7248258423,80050.86,73896.24,M7514017540,0.0,0.0,0,0.0,0
344,TRANSFER,3137.32,C7904559790,3565.83,428.51,M7678293431,0.0,0.0,1,0.21,0
144,CASH_IN,125166.23,C3144490990,26095.23,151261.46,C4067919621,140065.81,140065.81,0,0.0,0
337,TRANSFER,118.75,C9759180824,224.3,105.55,C3190227431,78586.09,78704.84,0,0.0033333333333333335,0
628,TRANSFER,8979.01,C9434946584,12303.85,3324.84,M6101516825,0.0,0.0,1,0.3333333333333333,0
312,PAYMENT,238.55,C4731897202,349.61,111.06,M3019265031,0.0,0.0,0,0.0,0
106,PAYMENT,1.0,C5201221330,0.0,0.0,M9404002665,0.0,0.0,0,0.0033333333333333335,0
292,CASH_OUT,14243.44,C3772636814,13608.16,0.0,M9625656293,0.0,0.0,1,0.23666666666666666,0
592,TRANSFER,3973.17,C9259157845,88606.02,84632.85,C7389111087,17440.45,21413.62,0,0.0,0
330,CASH_OUT,23723.55,C5144289583,33167.53,9443.98,M8740820392,0.0,0.0,1,0.0,0
44,TRANSFER,81930.62,C4302709858,95981.12,14050.5,C4719780110,149312.51,149312.51,1,0.0,0
516,TRANSFER,17929.82,C9868845806,29498.6,11568.78,C9660523876,14503.55,32433.37,0,0.0,0
708,PAYMENT,1157.08,C7685540186,109539.34,108382.26,M1240140248,0.0,0.0,0,0.0,0
395,TRANSFER,23190.78,C6952291828,26208.55,3017.77,C6974875750,163609.72,186800.5,0,0.0,0
320,TRANSFER,876.65,C6655089949,947.73,71.08,C3987248494,24983.57,25860.22,0,0.0,0
196,CASH_OUT,63.09,C6923893872,27926.75,27863.66,C3482206102,53957.88,53957.88,0,0.0,0
98,TRANSFER,42737.35,C2394868732,48584.39,5847.04,M3580582653,0.0,0.0,1,0.25666666666666665,0
547,DEBIT,1193.65,C1678500147,90883.41,89689.76,M5270048042,0.0,0.0,0,0.016666666666666666,0
257,CASH_IN,2228.23,C8241550421,126098.08,128326.31,C8531118333,254.43,254.43,0,0.0,0
258,DEBIT,11479.69,C4949801453,12092.74,613.05,M8102481401,0.0,0.0,0,0.023333333333333334,0
162,TRANSFER,17686.23,C1754368373,18262.44,576.21,M6790024996,0.0,0.0,1,0.24666666666666667,0
41,PAYMENT,14179.11,C5774080233,90890.15,76711.04,M2518433834,0.0,0.0,0,0.0,0
634,PAYMENT,1.0,C3098948446,0.0,0.0,M4665677395,0.0,0.0,0,0.0,0
437,DEBIT,1.0,C8137972345,0.0,0.0,M3156792018,0.0,0.0,0,0.05,0
512,PAYMENT,220.32,C1965067727,659.93,439.61,M9441870024,0.0,0.0,0,0.0,0
300,PAYMENT,1.0,C4431078106,0.0,0.0,M6247463262,0.0,0.0,0,0.0,0
380,PAYMENT,1.0,C1600566083,0.0,0.0,M6786043791,0.0,0.0,0,0.0,0
474,PAYMENT,3950.69,C7019900273,54730.44,50779.75,M6651754819,0.0,0.0,0,0.0,0
297,PAYMENT,7908.07,C5461537013,63378.4,55470.33,M8768773991,0.0,0.0,0,0.0,0
213,PAYMENT,13372.52,C8666074487,159895.43,146522.91,M6525576685,0.0,0.0,0,0.0,0
240,PAYMENT,6860.86,C1306702926,198039.76,191178.9,M9933702652,0.0,0.0,0,0.0,0
106,PAYMENT,450.19,C6153541642,511.07,60.88,M6771941776,0.0,0.0,0,0.0,0
664,CASH_OUT,719.41,C5184564874,738.13,18.72,C3951331472,0.0,0.0,1,0.02666666666666667,0
22,CASH_IN,8707.17,C1551395583,84906.76,93613.93,C1965067727,439.61,439.61,0,0.0,0
667,PAYMENT,427.86,C4356175095,1146.35,718.49,M8138332494,0.0,0.0,0,0.0,0
534,PAYMENT,16183.06,C9165632300,118063.1,101880.04,M6846530109,0.0,0.0,0,0.0,0
437,TRANSFER,1775.18,C3965572185,4043.12,2267.94,C8879525611,0.0,1775.18,0,0.06,0
320,CASH_OUT,69.04,C2928130926,73.64,4.6,C8293453178,46.99,46.99,0,0.016666666666666666,0
672,CASH_OUT,3324.42,C7825844140,3916.77,592.35,M8366710477,0.0,0.0,1,0.023333333333333334,0
592,CASH_OUT,1.0,C4159699467,0.0,0.0,C2388450337,30422.66,30422.66,0,0.016666666666666666,0
517,CASH_IN,442.28,C8531118333,254.43,696.71,C3429019820,0.0,0.0,0,0.0033333333333333335,0
560,CASH_OUT,20925.03,C8394040015,41135.13,20210.1,C1569113257,169.91,169.91,0,0.013333333333333334,0
626,PAYMENT,1495.48,C6691628146,251559.22,250063.74,M7270955446,0.0,0.0,0,0.0,0
176,TRANSFER,4613.81,C5976777081,4148.24,0.0,M7960713821,0.0,0.0,1,0.7733333333333333,1
336,PAYMENT,1.0,C3196545325,0.0,0.0,M8626371177,0.0,0.0,0,0.0,0
363,TRANSFER,1113.42,C3887823121,1115.29,1.87,C3142452709,133892.58,133892.58,1,0.0,0
351,TRANSFER,1072.88,C9751963589,995.11,0.0,M6820149016,0.0,0.0,1,0.31333333333333335,0
11,PAYMENT,1.0,C2948728483,0.0,0.0,M9977193987,0.0,0.0,0,0.0,0
146,CASH_OUT,3947.64,C1121863227,3610.35,0.0,M2910594463,0.0,0.0,1,0.06,0
41,PAYMENT,863.66,C1660370908,12268.38,11404.72,M7050091525,0.0,0.0,0,0.0,0
559,CASH_OUT,254.18,C7671041685,223.63,0.0,C3553440342,358.78,358.78,1,0.06,0
670,CASH_OUT,136.78,C5409514899,193.73,56.95,C6720396142,1376.3,1376.3,0,0.02666666666666667,0
699,PAYMENT,74.35,C8588769565,209577.49,209503.14,M1692044390,0.0,0.0,0,0.0,0
166,PAYMENT,1.0,C2654584280,0.0,0.0,M5380159400,0.0,0.0,0,0.0,0
223,TRANSFER,147802.66,C4097887746,123786.54,0.0,M1694904767,0.0,0.0,1,0.95,1
548,PAYMENT,1.0,C4431078106,0.0,0.0,M3846182436,0.0,0.0,0,0.0,0
343,TRANSFER,1.0,C1417436465,0.0,0.0,C1600566083,0.0,1.0,0,0.22,0
546,TRANSFER,184930.54,C3698305085,189950.78,5020.24,C2601198885,10271.49,10271.49,1,0.02666666666666667,0
95,DEBIT,10921.0,C5510938155,36415.68,25494.68,M2586712032,0.0,0.0,0,0.016666666666666666,0
312,TRANSFER,21491.13,C7402059279,28006.66,6515.53,M4896576569,0.0,0.0,1,0.26,0
433,TRANSFER,46231.2,C1225447588,42171.35,0.0,C3058982440,66845.08,113076.28,1,0.016666666666666666,0
66,CASH_OUT,133966.89,C4765583254,189923.6,55956.71,C2068687175,317.22,317.22,1,0.0,0
22,TRANSFER,43482.46,C5862655247,40939.37,0.0,C3423086220,1069.74,1069.74,1,0.13666666666666666,0
133,CASH_OUT,34628.59,C2699887270,40878.29,6249.7,M2249831874,0.0,0.0,1,0.0,0
68,TRANSFER,2311.26,C2774884818,1958.66,0.0,M3457877922,0.0,0.0,1,0.6066666666666667,1
311,CASH_OUT,8414.97,C2389803385,8073.34,0.0,C3815235019,44169.58,44169.58,1,0.05333333333333334,0
238,PAYMENT,284.2,C8303853049,3849.12,3564.92,M9068916300,0.0,0.0,0,0.0,0
88,CASH_OUT,384.65,C2188332531,497.48,112.83,C2052811909,8593.77,8593.77,0,0.013333333333333334,0
573,TRANSFER,1.0,C8351491401,0.0,0.0,C8189916797,139344.72,139345.72,0,0.0,0
503,CASH_OUT,18224.17,C9312085761,50162.43,31938.26,C3698343112,2651.13,2651.13,0,0.0033333333333333335,0
492,PAYMENT,1.0,C4623960580,0.0,0.0,M2869931869,0.0,0.0,0,0.0,0
588,TRANSFER,1404.35,C2254516608,1473.08,68.73,M7570511906,0.0,0.0,1,0.26,0
282,TRANSFER,5476.25,C1722124509,10792.4,5316.15,C6214917780,138463.1,143939.35,0,0.0,0
523,PAYMENT,16518.13,C2423995953,40695.08,24176.95,M8138332494,0.0,0.0,0,0.0,0
229,TRANSFER,116146.24,C8940731272,98352.32,0.0,C9943959352,0.0,0.0,1,0.9,1
413,CASH_OUT,43.91,C2452066459,55.13,11.22,C9218363978,2852.81,2852.81,0,0.03333333333333333,0
357,CASH_OUT,12847.39,C3271361431,14593.01,1745.62,C5560712830,9786.35,9786.35,0,0.0,0
109,TRANSFER,1.0,C5588254555,0.0,0.0,C7751356568,2064.91,2065.91,0,0.006666666666666667,0
34,PAYMENT,196.35,C3574081104,307.93,111.58,M8218146534,0.0,0.0,0,0.0,0
459,CASH_OUT,1108.92,C8690920484,1293.94,185.02,C4919706735,0.0,0.0,1,0.06666666666666667,0
468,CASH_OUT,29958.86,C8229344434,40630.35,10671.49,C1589582865,10540.66,10540.66,1,0.0,0
470,PAYMENT,2626.67,C7380780055,15802.45,13175.78,M9822499208,0.0,0.0,0,0.0,0
665,PAYMENT,1369.28,C4735334423,9595.35,8226.07,M4158643786,0.0,0.0,0,0.0,0
37,DEBIT,397.26,C4180599722,548.77,151.51,M8790289305,0.0,0.0,0,0.01,0
516,TRANSFER,8111.19,C4472312361,25068.84,16957.65,C6134840512,6426.03,14537.22,0,0.0,0
139,CASH_OUT,1.0,C5125568431,0.0,0.0,C8934097788,192423.41,192423.41,0,0.0,0
144,PAYMENT,14029.01,C3946766309,51702.34,37673.33,M7282885927,0.0,0.0,0,0.0,0
634,CASH_OUT,44489.88,C9904586976,105605.47,61115.59,C6805759868,27125.6,27125.6,0,0.0,0
109,PAYMENT,11152.41,C6562144159,59580.71,48428.3,M1783432867,0.0,0.0,0,0.0,0
287,CASH_OUT,1602.22,C5072538783,2162.5,560.28,M2518433834,0.0,0.0,1,0.01,0
280,TRANSFER,4503.53,C5899025962,4746.64,243.11,M6651020291,0.0,0.0,1,0.23333333333333334,0
577,PAYMENT,23895.09,C7333678472,28176.32,4281.23,M8903212516,0.0,0.0,0,0.0,0
515,CASH_OUT,3406.58,C7576309274,232145.28,228738.7,C7961674558,197810.1,197810.1,0,0.0,0
475,TRANSFER,153.28,C1710924824,200.1,46.82,C8761956684,40330.72,40484.0,0,0.0,0
475,CASH_OUT,144445.07,C9303765140,146921.08,2476.01,M5380159400,0.0,0.0,1,0.016666666666666666,0
495,PAYMENT,13462.88,C2020395327,127303.12,113840.24,M5156392601,0.0,0.0,0,0.0,0
655,PAYMENT,5768.33,C5367513465,153297.02,147528.69,M3566125120,0.0,0.0,0,0.0,0
104,PAYMENT,21487.85,C3421719519,45621.92,24134.07,M6865994703,0.0,0.0,0,0.0,0
588,TRANSFER,10105.59,C7951902330,14209.89,4104.3,M7570511906,0.0,0.0,1,0.33,0
125,TRANSFER,130971.52,C9229469952,143451.43,12479.91,M5156392601,0.0,0.0,1,0.25666666666666665,0
251,CASH_OUT,28663.82,C2540492440,25874.65,0.0,M5194066484,0.0,0.0,1,0.02666666666666667,0
128,TRANSFER,1460.73,C8879525611,1775.18,314.45,M6515490818,0.0,0.0,1,0.10333333333333333,0
472,CASH_OUT,8679.73,C1367704871,7868.97,0.0,C7451071432,4861.13,4861.13,1,0.24333333333333335,0
30,CASH_OUT,2606.47,C5428082088,5374.65,2768.18,C5578929439,0.0,0.0,0,0.0,0
323,TRANSFER,59267.71,C8387664437,53355.42,0.0,C1400330495,1087.89,1087.89,1,0.13666666666666666,0
653,TRANSFER,16966.61,C4274374218,22070.26,5103.65,C9461708554,0.0,0.0,1,0.32666666666666666,0
501,TRANSFER,16424.69,C7074050517,15040.52,0.0,C2635231601,154512.54,154512.54,1,0.01,0
132,TRANSFER,217.22,C4022245086,191.84,0.0,C7004964045,533.51,533.51,1,0.01,0
449,DEBIT,31992.41,C1940684569,57661.73,25669.32,M3495411322,0.0,0.0,0,0.016666666666666666,0
574,TRANSFER,160.04,C5162260671,143.37,0.0,M5815678365,0.0,0.0,1,0.23666666666666666,0
702,CASH_OUT,67685.61,C9558091177,224853.5,157167.89,C1399546384,926.94,926.94,0,0.0033333333333333335,0
277,PAYMENT,6287.42,C1644608746,6909.43,622.01,M7514017540,0.0,0.0,0,0.0,0
338,PAYMENT,6323.13,C6952554500,11904.55,5581.42,M1857561275,0.0,0.0,0,0.0,0
158,PAYMENT,1.0,C4507822591,0.0,0.0,M6692705133,0.0,0.0,0,0.0,0
627,CASH_OUT,1.0,C5476654128,0.0,0.0,C5077921573,64.59,64.59,0,0.05,0
137,CASH_OUT,654.41,C9455610447,684.82,30.41,C1625217504,0.0,0.0,1,0.0033333333333333335,0
686,TRANSFER,4129.79,C3841827734,171926.82,167797.03,C1408988968,0.0,4129.79,0,0.0033333333333333335,0
531,TRANSFER,126904.66,C4751509023,111669.66,0.0,M3317856944,0.0,0.0,1,0.8533333333333334,1
521,CASH_OUT,58480.32,C1485574228,52964.22,0.0,C7397963801,146003.55,146003.55,1,0.016666666666666666,0
302,PAYMENT,1.0,C7895255573,0.0,0.0,M2328736852,0.0,0.0,0,0.0,0
293,PAYMENT,143.68,C9912233947,374.2,230.52,M9900829971,0.0,0.0,0,0.0,0
314,CASH_OUT,1.0,C1422701550,0.0,0.0,C5151887478,613.51,613.51,0,0.03,0
524,PAYMENT,262.83,C9842186844,416.04,153.21,M6525576685,0.0,0.0,0,0.0,0
688,CASH_OUT,10942.26,C4472312361,16957.65,6015.39,C8880079328,49262.72,49262.72,0,0.0,0
576,TRANSFER,17.98,C2510308881,83.43,65.45,C6204862411,66581.23,66599.21,0,0.0033333333333333335,0
104,TRANSFER,15253.03,C5714169271,19590.83,4337.8,M2187592160,0.0,0.0,1,0.24333333333333335,0
363,TRANSFER,13349.96,C9894264595,54415.26,41065.3,C4712367625,3546.86,16896.82,0,0.0,0
630,CASH_OUT,95.04,C9916336966,243.91,148.87,C7092693247,1687.94,1687.94,0,0.013333333333333334,0
32,PAYMENT,506.24,C5072538783,560.28,54.04,M8861351706,0.0,0.0,0,0.0,0
107,PAYMENT,14223.29,C6928691380,27093.29,12870.0,M4460319291,0.0,0.0,0,0.0,0
223,CASH_OUT,110291.7,C7846365089,92739.4,0.0,M8044997538,0.0,0.0,1,0.016666666666666666,0
305,TRANSFER,5551.33,C3316277000,4749.13,0.0,C2079501936,2211.91,2211.91,1,0.07333333333333333,0
587,TRANSFER,825.06,C4600630513,984.12,159.06,C9484167278,4971.77,5796.83,0,0.023333333333333334,0
606,TRANSFER,3276.87,C6186758088,4102.09,825.22,C7199283151,17982.53,21259.4,0,0.0033333333333333335,0
620,DEBIT,34314.77,C2761091683,38549.16,4234.39,M6045729129,0.0,0.0,0,0.02666666666666667,0
520,PAYMENT,12346.81,C7596745715,14180.07,1833.26,M4242579642,0.0,0.0,0,0.0,0
505,PAYMENT,4096.63,C1173215225,113562.08,109465.45,M6282009986,0.0,0.0,0,0.0,0
110,PAYMENT,19936.44,C5748253283,27848.67,7912.23,M4306983924,0.0,0.0,0,0.0,0
166,CASH_OUT,14997.35,C3436297208,19612.82,4615.47,C6773938304,194414.51,194414.51,1,0.0,0
473,CASH_OUT,3502.65,C2052811909,8593.77,5091.12,C2948728483,0.0,0.0,0,0.02666666666666667,0
42,TRANSFER,118901.8,C6515369278,152109.55,33207.75,M3495411322,0.0,0.0,1,0.24,0
517,TRANSFER,3523.89,C6488854841,4588.82,1064.93,M3322580659,0.0,0.0,1,0.30666666666666664,0
135,TRANSFER,1.0,C6633778586,0.0,0.0,C4949801453,613.05,614.05,0,0.01,0
652,PAYMENT,23768.67,C2586568081,39576.08,15807.41,M2625035499,0.0,0.0,0,0.0,0
139,DEBIT,17.77,C7772180882,43.91,26.14,M7717262223,0.0,0.0,0,0.016666666666666666,0
212,PAYMENT,198.43,C7004964045,533.51,335.08,M6247463262,0.0,0.0,0,0.0,0
655,PAYMENT,11968.38,C2073108894,47565.16,35596.78,M1732578761,0.0,0.0,0,0.0,0
533,TRANSFER,63.17,C5899025962,243.11,179.94,C7376649850,78649.87,78713.04,0,0.0,0
353,TRANSFER,109376.05,C6720572969,101434.24,0.0,M3660800029,0.0,0.0,1,0.91,1
199,TRANSFER,13079.93,C4322510552,14259.01,1179.08,C5569295400,2748.25,15828.18,0,0.0,0
583,PAYMENT,864.51,C7002076563,2363.11,1498.6,M6498703287,0.0,0.0,0,0.0,0
509,TRANSFER,331.84,C6046864799,465.3,133.46,M3223687972,0.0,0.0,1,0.14666666666666667,0
574,PAYMENT,1.0,C8796286443,0.0,0.0,M4125758723,0.0,0.0,0,0.0,0
582,PAYMENT,17093.7,C7920516981,239325.92,222232.22,M5985331805,0.0,0.0,0,0.0,0
479,CASH_OUT,5224.94,C4880176825,7925.88,2700.94,C2439622619,115256.74,115256.74,0,0.0,0
198,PAYMENT,5861.85,C9080621072,89509.49,83647.64,M2518433834,0.0,0.0,0,0.0,0
53,CASH_OUT,26581.64,C7470843264,30058.28,3476.64,C1248704157,0.0,0.0,0,0.0,0
383,CASH_OUT,48559.05,C8761469117,221609.0,173049.95,C5567816720,0.0,0.0,0,0.0,0
422,PAYMENT,4795.4,C5400463094,139744.92,134949.52,M5156392601,0.0,0.0,0,0.0,0
177,CASH_OUT,3615.51,C9272277508,4753.38,1137.87,C4482238042,150672.95,150672.95,1,0.0,0
286,PAYMENT,1.0,C9844874547,0.0,0.0,M1888107487,0.0,0.0,0,0.0,0
135,CASH_OUT,3591.41,C5539308214,4741.17,1149.76,M7343954769,0.0,0.0,1,0.0,0
636,TRANSFER,23835.64,C3479708607,32725.82,8890.18,M3297681898,0.0,0.0,1,0.29333333333333333,0
4,PAYMENT,23.61,C1311570307,72.22,48.61,M3355504998,0.0,0.0,0,0.0,0
287,TRANSFER,2959.14,C7010379415,3246.1,286.96,M3192202822,0.0,0.0,1,0.23,0
529,PAYMENT,2301.27,C2554039848,118539.53,116238.26,M8030400668,0.0,0.0,0,0.0,0
6,TRANSFER,18067.0,C3476426797,112932.96,94865.96,C2173242669,16642.7,34709.7,0,0.0,0
304,DEBIT,6329.87,C4178659381,134126.68,127796.81,M3223687972,0.0,0.0,0,0.006666666666666667,0
637,TRANSFER,88.23,C3147818256,74.92,0.0,M5325865521,0.0,0.0,1,0.24333333333333335,0
128,CASH_OUT,26392.77,C1519709079,22763.59,0.0,C8503368512,25225.34,25225.34,1,0.0033333333333333335,0
277,PAYMENT,20152.42,C8763140509,154947.74,134795.32,M9288057824,0.0,0.0,0,0.0,0
150,TRANSFER,46294.54,C9381721143,54596.03,8301.49,C8215470878,90688.61,90688.61,1,0.0,0
588,PAYMENT,1.0,C6110943464,0.0,0.0,M2571632270,0.0,0.0,0,0.0,0
453,TRANSFER,1.0,C6944371787,0.0,0.0,C5751366455,9927.65,9928.65,0,0.016666666666666666,0
714,DEBIT,8485.15,C3058982440,113076.28,104591.13,M4908108692,0.0,0.0,0,0.02,0
636,CASH_OUT,153772.0,C6009268066,131584.25,0.0,C8211516617,152808.5,152808.5,1,0.07666666666666666,0
155,PAYMENT,4265.61,C6124453431,298316.52,294050.91,M2303835765,0.0,0.0,0,0.0,0
242,PAYMENT,215.5,C8287542751,388.62,173.12,M1857561275,0.0,0.0,0,0.0,0
75,PAYMENT,3928.6,C5933179746,178403.2,174474.6,M4093474499,0.0,0.0,0,0.0,0
273,TRANSFER,65298.88,C8178361487,165728.91,100430.03,C2870403050,11149.96,76448.84,0,0.0,0
253,PAYMENT,1285.02,C4026113008,3062.9,1777.88,M9404002665,0.0,0.0,0,0.0,0
495,PAYMENT,4676.51,C1696846464,5644.54,968.03,M2586712032,0.0,0.0,0,0.0,0
383,TRANSFER,47.38,C4277581356,73.78,26.4,C7406579219,95.58,142.96,0,0.02666666666666667,0
52,CASH_OUT,7193.1,C2095286033,176545.54,169352.44,C8001729836,0.0,0.0,0,0.0,0
163,PAYMENT,227.22,C1590838716,502.71,275.49,M4456193555,0.0,0.0,0,0.0,0
373,PAYMENT,410.56,C4550353803,421.67,11.11,M1199447370,0.0,0.0,0,0.0,0
256,CASH_OUT,162833.02,C6214917780,143939.35,0.0,C3965676060,11097.47,11097.47,1,0.006666666666666667,0
602,TRANSFER,159.37,C1770278136,146.51,0.0,M9916475897,0.0,0.0,1,0.24,0
8,CASH_OUT,55877.81,C4345526911,124108.56,68230.75,C9697354961,344.51,344.51,0,0.0,0
503,PAYMENT,1254.81,C6448324230,3543.12,2288.31,M2249831874,0.0,0.0,0,0.0,0
208,PAYMENT,1389.85,C2071552532,2756.28,1366.43,M6992094064,0.0,0.0,0,0.0,0
670,CASH_OUT,184070.73,C3815389788,190145.35,6074.62,C9354711271,135080.62,135080.62,1,0.0,0
696,CASH_OUT,123324.64,C5275521470,140287.05,16962.41,C6311894154,57281.01,57281.01,0,0.0,0
29,CASH_OUT,60.22,C3605585995,142185.99,142125.77,C6317189421,124341.61,124341.61,0,0.0,0
279,PAYMENT,1159.42,C5641959772,163524.78,162365.36,M1676220116,0.0,0.0,0,0.0,0
456,CASH_OUT,99903.17,C9202102595,96970.95,0.0,M6041646576,0.0,0.0,1,0.24333333333333335,0
291,CASH_OUT,143932.29,C6618926823,129323.54,0.0,C3815287619,2185.46,2185.46,1,0.023333333333333334,0
245,CASH_OUT,1984.19,C3305069227,2255.0,270.81,C5829062179,0.0,0.0,0,0.0033333333333333335,0
490,CASH_OUT,6713.66,C1036351450,17160.61,10446.95,C7825844140,592.35,592.35,0,0.0033333333333333335,0
384,PAYMENT,381.61,C7045593274,73661.73,73280.12,M2695447268,0.0,0.0,0,0.0,0
553,PAYMENT,1.0,C5763350700,0.0,0.0,M4689605624,0.0,0.0,0,0.0,0
240,PAYMENT,272.19,C6186758088,825.22,553.03,M2115862756,0.0,0.0,0,0.0,0
213,TRANSFER,1781.3,C1230249217,5893.18,4111.88,C6618926823,0.0,1781.3,0,0.0,0
225,TRANSFER,1.0,C8547068234,0.0,0.0,C4647891535,53287.3,53288.3,0,0.0,0
164,TRANSFER,121039.78,C7805745017,108936.85,0.0,C4026113008,1777.88,122817.66,1,0.0,0
142,PAYMENT,22232.91,C9911329062,221583.5,199350.59,M7764117705,0.0,0.0,0,0.0,0
265,PAYMENT,75.41,C4098389895,1622.91,1547.5,M8144889126,0.0,0.0,0,0.0,0
683,CASH_OUT,76970.22,C8809871735,85972.01,9001.79,C2941289685,1001.92,1001.92,1,0.006666666666666667,0
428,CASH_OUT,35.64,C6655089949,71.08,35.44,C4713453204,22964.1,22964.1,0,0.016666666666666666,0
318,TRANSFER,2093.66,C2317723211,2988.71,895.05,C6470052645,124987.64,127081.3,0,0.0,0
461,PAYMENT,1.0,C7640078465,0.0,0.0,M2328736852,0.0,0.0,0,0.0,0
258,PAYMENT,1.0,C8663837890,0.0,0.0,M7453081889,0.0,0.0,0,0.0,0
351,PAYMENT,2175.19,C5512036684,61659.07,59483.88,M2518433834,0.0,0.0,0,0.0,0
329,PAYMENT,1611.59,C9182543558,226576.75,224965.16,M2541015125,0.0,0.0,0,0.0,0
639,PAYMENT,170.96,C3799264931,180.52,9.56,M8366710477,0.0,0.0,0,0.0,0
480,CASH_OUT,2.69,C3693985578,174739.89,174737.2,C7671625956,138.49,138.49,0,0.013333333333333334,0
79,TRANSFER,10715.2,C1513003815,16346.77,5631.57,C1945826486,3628.73,14343.93,0,0.0,0
610,PAYMENT,376.9,C9306142066,719.48,342.58,M8044997538,0.0,0.0,0,0.0,0
703,TRANSFER,2809.79,C3664052763,3096.38,286.59,M4601406440,0.0,0.0,1,0.31333333333333335,0
208,PAYMENT,1258.66,C4067919621,140065.81,138807.15,M4896576569,0.0,0.0,0,0.0,0
57,CASH_OUT,169.88,C1392245997,207.29,37.41,C5625411308,62742.48,62742.48,1,0.0033333333333333335,0
81,TRANSFER,37194.47,C4152835101,52333.05,15138.58,M4641902461,0.0,0.0,1,0.24,0
514,PAYMENT,2831.81,C4473306055,17115.41,14283.6,M4158643786,0.0,0.0,0,0.0,0
714,TRANSFER,118574.3,C1149460439,141456.26,22881.96,M1802753761,0.0,0.0,1,0.32,0
469,PAYMENT,817.38,C8923555411,153935.43,153118.05,M7702529931,0.0,0.0,0,0.0,0
75,CASH_IN,4336.21,C9302705838,42147.82,46484.03,C9842186844,153.21,153.21,0,0.0,0
514,DEBIT,4310.27,C7190276026,187857.27,183547.0,M9576264323,0.0,0.0,0,0.02,0
407,DEBIT,9.31,C4277581356,26.4,17.09,M3517195150,0.0,0.0,0,0.03666666666666667,0
556,TRANSFER,2688.23,C2052811909,5091.12,2402.89,C6638034087,66554.84,69243.07,0,0.006666666666666667,0
257,TRANSFER,130746.85,C1862812038,125566.19,0.0,C4070964768,197305.8,197305.8,1,0.0,0
710,CASH_OUT,178935.36,C2635231601,154512.54,0.0,C4643576871,150.5,150.5,1,0.15333333333333332,0
271,DEBIT,3696.46,C1033015788,4054.32,357.86,M1666898313,0.0,0.0,0,0.02,0
607,TRANSFER,827.32,C8684942020,859.46,32.14,C8076527214,140227.67,140227.67,1,0.0033333333333333335,0
120,TRANSFER,40042.87,C8093179263,133011.29,92968.42,C7465834732,424.5,40467.37,0,0.0,0
621,PAYMENT,1.52,C9147687657,1.62,0.1,M6659847491,0.0,0.0,0,0.0,0
507,TRANSFER,1.0,C2274350418,0.0,0.0,C9306142066,342.58,343.58,0,0.09666666666666666,0
693,CASH_OUT,1.0,C9343730920,0.0,0.0,C6887132821,33135.84,33135.84,0,0.016666666666666666,0
104,PAYMENT,1.0,C9751963589,0.0,0.0,M3495411322,0.0,0.0,0,0.0033333333333333335,0
650,TRANSFER,2469.03,C7620473079,2896.65,427.62,M6199197408,0.0,0.0,1,0.30333333333333334,0
278,PAYMENT,3162.87,C5067116918,9433.58,6270.71,M5891831621,0.0,0.0,0,0.0,0
436,TRANSFER,6601.65,C1678500147,89689.76,83088.11,C1364994639,140606.48,147208.13,0,0.0,0
695,TRANSFER,379.93,C5819946657,779.44,399.51,C9935429720,60485.18,60865.11,0,0.0033333333333333335,0
331,TRANSFER,240.23,C1446362270,330.52,90.29,C7019900273,50779.75,50779.75,1,0.0,0
321,TRANSFER,1.0,C5870891270,0.0,0.0,C2283298067,0.0,1.0,0,0.22,0
164,TRANSFER,3447.99,C9255898264,4758.24,1310.25,M8869140487,0.0,0.0,1,0.17,0
15,CASH_OUT,15614.53,C4524233168,17229.91,1615.38,C7759781156,743.84,743.84,0,0.0,0
528,CASH_OUT,133.05,C1558631501,121.44,0.0,C8168394616,174076.98,174076.98,1,0.016666666666666666,0
272,TRANSFER,16121.32,C7872873371,13974.19,0.0,M3831598303,0.0,0.0,1,0.94,1
496,TRANSFER,86804.63,C1678500147,83088.11,0.0,C1484230338,148736.18,148736.18,1,0.02,0
133,PAYMENT,5.58,C5294535887,11.97,6.39,M9933702652,0.0,0.0,0,0.0,0
264,PAYMENT,2593.43,C5419627962,228675.75,226082.32,M6275155878,0.0,0.0,0,0.0,0
231,PAYMENT,1618.78,C5403510324,131653.51,130034.73,M6284297249,0.0,0.0,0,0.0,0
100,TRANSFER,92708.32,C3412273600,88999.65,0.0,M6284297249,0.0,0.0,1,0.9266666666666666,1
591,PAYMENT,1.0,C1091729577,0.0,0.0,M5325865521,0.0,0.0,0,0.0,0
143,PAYMENT,293.23,C9645619869,749.93,456.7,M9921025990,0.0,0.0,0,0.0,0
228,TRANSFER,227.75,C3305069227,270.81,43.06,C5694628398,631.12,858.87,0,0.006666666666666667,0
553,TRANSFER,51.66,C4847761430,124.17,72.51,C5269728610,198102.68,198154.34,0,0.0033333333333333335,0
458,PAYMENT,1.0,C6542943838,0.0,0.0,M3119908041,0.0,0.0,0,0.0,0
619,PAYMENT,11004.42,C9086117171,99643.09,88638.67,M7351460539,0.0,0.0,0,0.0,0
113,CASH_OUT,146594.53,C8366884200,134028.53,0.0,M8643636805,0.0,0.0,1,0.043333333333333335,0
684,DEBIT,217.52,C5175416378,704.83,487.31,M3811254192,0.0,0.0,0,0.023333333333333334,0
92,TRANSFER,32970.52,C1674555072,45186.84,12216.32,C6687206971,180834.76,213805.28,0,0.0,0
670,PAYMENT,1.12,C4745927824,23402.97,23401.85,M2249831874,0.0,0.0,0,0.0,0
283,PAYMENT,3191.61,C2570991899,20074.42,16882.81,M5570190774,0.0,0.0,0,0.0,0
298,CASH_OUT,3829.41,C8638763775,3490.19,0.0,C4632522232,35313.07,35313.07,1,0.013333333333333334,0
259,TRANSFER,477.48,C3716924538,470.6,0.0,C2405746777,42800.02,43277.5,1,0.0033333333333333335,0
453,TRANSFER,1250.45,C1722124509,5316.15,4065.7,C4405620755,29.19,1279.64,0,0.05,0
643,DEBIT,1.0,C1194576436,0.0,0.0,M7969674420,0.0,0.0,0,0.05333333333333334,0
58,PAYMENT,877.46,C2777816561,6515.59,5638.13,M7651029165,0.0,0.0,0,0.0,0
15,TRANSFER,2486.91,C8507497883,2093.83,0.0,M5380159400,0.0,0.0,1,0.5333333333333333,1
435,PAYMENT,1.0,C1194576436,0.0,0.0,M8144352013,0.0,0.0,0,0.0,0
424,CASH_OUT,150935.02,C2176904638,146950.99,0.0,M7341757401,0.0,0.0,1,0.23333333333333334,0
281,TRANSFER,9.41,C4102872611,11.54,2.13,C3781569954,140582.67,140592.08,0,0.0,0
363,CASH_IN,106455.25,C8243746556,0.0,106455.25,C2479679716,0.0,0.0,0,0.0,0
542,TRANSFER,37142.68,C8370987661,41023.08,3880.4,C8075122626,4508.4,41651.08,1,0.0033333333333333335,0
124,PAYMENT,16053.5,C7088949191,87996.97,71943.47,M2586712032,0.0,0.0,0,0.0,0
528,CASH_OUT,8817.45,C9741628563,12489.93,3672.48,C9837912162,20671.67,20671.67,0,0.0,0
368,TRANSFER,1.0,C1805492785,0.0,0.0,C2752536389,1290.81,1291.81,0,0.01,0
13,CASH_OUT,2013.99,C9463197203,2348.98,334.99,M4522855590,0.0,0.0,1,0.0,0
405,TRANSFER,960.13,C8584566722,1163.87,203.74,C9438411468,119860.28,120820.41,0,0.0,0
578,TRANSFER,88728.37,C1116402431,106544.45,17816.08,C5536224717,244609.96,244609.96,1,0.0,0
602,CASH_OUT,11329.07,C2388450337,30422.66,19093.59,C4098389895,1547.5,1547.5,0,0.0033333333333333335,0
407,PAYMENT,21600.18,C1288335378,32996.96,11396.78,M6282009986,0.0,0.0,0,0.0,0
315,TRANSFER,3204.5,C5714169271,4337.8,1133.3,M9098037639,0.0,0.0,1,0.21666666666666667,0
159,CASH_OUT,58635.68,C7045593274,73280.12,14644.44,C2566942273,43784.32,43784.32,1,0.0,0
153,CASH_IN,2407.25,C5083595988,0.0,2407.25,C7209571615,0.0,0.0,0,0.0,0
622,PAYMENT,7197.06,C4956843441,195120.21,187923.15,M9916475897,0.0,0.0,0,0.0,0
137,PAYMENT,10594.41,C1287814151,43595.36,33000.95,M4820942294,0.0,0.0,0,0.0,0
684,PAYMENT,1631.12,C9780187424,2960.95,1329.83,M3846182436,0.0,0.0,0,0.0,0
218,TRANSFER,27065.57,C3821211202,210222.37,183156.8,C2947476917,39582.55,66648.12,0,0.0,0
704,PAYMENT,419.55,C9085085822,148130.86,147711.31,M2303835765,0.0,0.0,0,0.0,0
311,CASH_IN,11293.32,C7627266377,0.0,11293.32,C5400463094,134949.52,134949.52,0,0.0,0
576,CASH_OUT,91130.09,C1124331395,92750.09,1620.0,M6659847491,0.0,0.0,1,0.016666666666666666,0
531,PAYMENT,20091.69,C9661615016,64940.08,44848.39,M5194066484,0.0,0.0,0,0.0,0
17,PAYMENT,14765.69,C2950049698,17144.44,2378.75,M7366396017,0.0,0.0,0,0.0,0
438,TRANSFER,3651.13,C9196564761,3395.17,0.0,M2571632270,0.0,0.0,1,0.9,1
147,CASH_OUT,4247.12,C7792729530,4671.74,424.62,C8532327465,149818.18,149818.18,0,0.0,0
423,CASH_OUT,3831.29,C3470617247,52757.33,48926.04,C4767539382,0.0,0.0,0,0.013333333333333334,0
57,PAYMENT,14512.18,C3836517266,185910.35,171398.17,M4242579642,0.0,0.0,0,0.0,0
697,CASH_OUT,26346.58,C6588252632,29013.06,2666.48,C6161147047,11417.37,11417.37,1,0.0,0
362,CASH_OUT,446.97,C8366884200,617.28,170.31,C9981691030,163892.0,163892.0,1,0.0033333333333333335,0
526,TRANSFER,66037.62,C4037270171,86930.8,20893.18,C5638860656,20467.73,86505.35,0,0.0,0
713,PAYMENT,1424.67,C7150970643,19376.76,17952.09,M5869990861,0.0,0.0,0,0.0,0
257,CASH_IN,80574.68,C7016293621,6604.48,87179.16,C6924716023,3251.15,3251.15,0,0.0,0
697,CASH_OUT,70542.82,C8506931282,125373.1,54830.28,C1489726608,137510.19,137510.19,0,0.0,0
86,PAYMENT,3652.1,C8923555411,153118.05,149465.95,M1888107487,0.0,0.0,0,0.0,0
89,CASH_OUT,86993.41,C7146318035,106880.82,19887.41,M1999913493,0.0,0.0,1,0.0,0
104,TRANSFER,60176.42,C5570828113,116627.13,56450.71,C8211516617,152808.5,212984.92,0,0.0,0
196,CASH_OUT,66921.13,C9904586976,61115.59,0.0,M8861351706,0.0,0.0,1,0.03333333333333333,0
506,CASH_OUT,3332.44,C5336127859,4138.19,805.75,C5067245523,97207.19,97207.19,0,0.0,0
94,CASH_OUT,3429.7,C6715705115,13314.88,9885.18,C8791183272,3433.41,3433.41,0,0.0,0
221,TRANSFER,182.7,C8331319481,235.24,52.54,C4919706735,0.0,0.0,1,0.16,0
373,CASH_OUT,8018.27,C6711463258,8934.11,915.84,M8643636805,0.0,0.0,1,0.01,0
223,PAYMENT,557.93,C9703905715,17361.4,16803.47,M5734228580,0.0,0.0,0,0.0,0
172,PAYMENT,2927.61,C7625464411,5631.81,2704.2,M1083302600,0.0,0.0,0,0.0,0
192,CASH_OUT,2472.51,C7858937483,2152.29,0.0,M8727805468,0.0,0.0,1,0.056666666666666664,0
101,PAYMENT,3310.11,C4268713302,114534.36,111224.25,M4158643786,0.0,0.0,0,0.0,0
590,PAYMENT,6271.43,C2579206999,9061.2,2789.77,M6659847491,0.0,0.0,0,0.0,0
655,CASH_OUT,7872.1,C6121801720,17223.14,9351.04,C6656646925,0.0,0.0,0,0.016666666666666666,0
218,PAYMENT,236.04,C9702693937,600.8,364.76,M7341757401,0.0,0.0,0,0.0,0
224,TRANSFER,1675.84,C4632522232,35313.07,33637.23,C5778781449,0.0,1675.84,0,0.006666666666666667,0
75,CASH_OUT,1.0,C2846465000,0.0,0.0,C2515672889,125831.06,125831.06,0,0.006666666666666667,0
642,TRANSFER,120095.82,C1050899550,127582.85,7487.03,C7333316743,11976.02,11976.02,1,0.016666666666666666,0
191,CASH_OUT,70677.74,C5161807235,94448.37,23770.63,C1817804383,22395.11,22395.11,0,0.0,0
673,CASH_OUT,98406.43,C5710360983,109362.47,10956.04,C1818520766,111.07,111.07,0,0.016666666666666666,0
207,TRANSFER,895.47,C4507822591,1183.5,288.03,C7648059419,29916.0,29916.0,1,0.0,0
13,TRANSFER,90686.73,C9798613995,108913.47,18226.74,C7287517250,70114.44,160801.17,1,0.0,0
240,CASH_OUT,24758.97,C9049270990,27750.78,2991.81,C8252816758,186605.99,186605.99,1,0.0,0
672,DEBIT,1.0,C5759234471,0.0,0.0,M9933702652,0.0,0.0,0,0.05,0
578,PAYMENT,491.41,C9255898264,1310.25,818.84,M5570190774,0.0,0.0,0,0.0,0
396,PAYMENT,3347.43,C9553561889,28675.89,25328.46,M4588312351,0.0,0.0,0,0.0,0
518,CASH_OUT,3406.82,C3716924538,3761.46,354.64,C3520417815,140366.13,140366.13,1,0.0,0
613,TRANSFER,6432.75,C6509985983,5655.98,0.0,M6384311581,0.0,0.0,1,0.9566666666666667,1
443,CASH_OUT,176.54,C4530959836,190091.92,189915.38,C7015992643,178080.42,178080.42,0,0.0,0
588,TRANSFER,4781.66,C2780016559,4236.94,0.0,M9026301048,0.0,0.0,1,0.9533333333333334,1
690,TRANSFER,5238.03,C5310195918,4807.06,0.0,C5744003377,65201.92,70439.95,1,0.016666666666666666,0
351,TRANSFER,74840.46,C3190227431,78704.84,3864.38,M4865979921,0.0,0.0,1,0.27,0
299,PAYMENT,1479.14,C3555656321,2558.38,1079.24,M2885370603,0.0,0.0,0,0.0,0
447,PAYMENT,6958.53,C1561417687,121015.56,114057.03,M7230477043,0.0,0.0,0,0.0,0
233,TRANSFER,18833.76,C1149460439,22881.96,4048.2,C4202607993,42958.57,61792.33,0,0.0,0
348,PAYMENT,109.08,C5539308214,1149.76,1040.68,M7230477043,0.0,0.0,0,0.0,0
168,PAYMENT,1107.1,C3421719519,24134.07,23026.97,M5990749811,0.0,0.0,0,0.0,0
141,TRANSFER,1.0,C2227193073,0.0,0.0,C1383539822,219535.38,219536.38,0,0.0,0
134,TRANSFER,69865.97,C1430073711,87700.94,17834.97,M7537130187,0.0,0.0,1,0.21333333333333335,0
201,TRANSFER,69363.81,C5871743247,76640.04,7276.23,C1197092148,7265.25,76629.06,0,0.0,0
41,PAYMENT,410.2,C9894847574,1643.38,1233.18,M8667946580,0.0,0.0,0,0.0,0
481,CASH_OUT,835.41,C3725152347,3235.15,2399.74,C5483308751,126568.43,126568.43,0,0.01,0
91,TRANSFER,1717.6,C8480622107,2123.12,405.52,C1626733282,122789.23,124506.83,0,0.0,0
451,DEBIT,1.0,C8796286443,0.0,0.0,M3438830691,0.0,0.0,0,0.04666666666666667,0
92,CASH_OUT,14604.71,C2586568081,15807.41,1202.7,C9333490239,0.0,0.0,1,0.0,0
26,PAYMENT,12946.7,C7079234115,21335.79,8389.09,M8102481401,0.0,0.0,0,0.0,0
674,TRANSFER,1257.32,C2687477596,4027.02,2769.7,C6928691380,12870.0,14127.32,0,0.006666666666666667,0
281,PAYMENT,5621.11,C8689593739,11206.64,5585.53,M7192742877,0.0,0.0,0,0.0,0
450,PAYMENT,1.0,C9751963589,0.0,0.0,M9026301048,0.0,0.0,0,0.0,0
30,TRANSFER,9188.88,C6756711494,10769.75,1580.87,M5891831621,0.0,0.0,1,0.19666666666666666,0
495,PAYMENT,276.9,C4786674545,22149.01,21872.11,M7664045502,0.0,0.0,0,0.0,0
157,TRANSFER,169.84,C8690920484,185.02,15.18,C8388580360,0.0,169.84,0,0.06,0
313,CASH_OUT,5191.01,C2720484983,11745.78,6554.77,C6038780151,0.0,0.0,0,0.0,0
195,PAYMENT,9241.49,C9798548049,130307.36,121065.87,M7453081889,0.0,0.0,0,0.0,0
660,TRANSFER,41984.8,C4647891535,53288.3,11303.5,C9270323795,21053.02,63037.82,0,0.0033333333333333335,0
370,PAYMENT,8715.81,C9857430687,162298.22,153582.41,M4689605624,0.0,0.0,0,0.0,0
195,CASH_OUT,2509.02,C4706249669,3209.68,700.66,C4990452762,18052.17,18052.17,1,0.0,0
31,TRANSFER,11018.86,C5957341287,21281.55,10262.69,C5489485517,200193.02,211211.88,0,0.0,0
621,PAYMENT,1.0,C5633956194,0.0,0.0,M5794335854,0.0,0.0,0,0.0,0
694,TRANSFER,97931.04,C9035194895,139222.83,41291.79,C1722124509,4065.7,101996.74,0,0.0,0
403,PAYMENT,8210.57,C7287517250,160801.17,152590.6,M1676220116,0.0,0.0,0,0.0,0
567,PAYMENT,482.15,C7801180691,196594.7,196112.55,M3438830691,0.0,0.0,0,0.0,0
160,PAYMENT,75.9,C9166381136,90.07,14.17,M7532669066,0.0,0.0,0,0.0,0
4,TRANSFER,1387.14,C9526836552,31595.63,30208.49,C4668931881,12685.87,14073.01,0,0.0,0
435,TRANSFER,52299.5,C3328710672,45926.56,0.0,M1096405016,0.0,0.0,1,0.8666666666666667,1
408,PAYMENT,1.0,C8295757364,0.0,0.0,M6498703287,0.0,0.0,0,0.0,0
217,CASH_OUT,23751.57,C6168291913,27453.05,3701.48,C2704657157,48034.52,48034.52,0,0.0,0
200,PAYMENT,1.0,C5140460939,0.0,0.0,M6558769264,0.0,0.0,0,0.0,0
121,DEBIT,1.0,C3169561289,0.0,0.0,M9916475897,0.0,0.0,0,0.023333333333333334,0
151,CASH_OUT,15991.01,C4492602049,19208.69,3217.68,M9900829971,0.0,0.0,1,0.0033333333333333335,0
341,PAYMENT,9103.53,C8675071314,143855.73,134752.2,M8102481401,0.0,0.0,0,0.0,0
545,PAYMENT,2951.07,C9953941533,178365.94,175414.87,M6361225622,0.0,0.0,0,0.0,0
518,TRANSFER,195983.19,C2079770569,169693.43,0.0,M4093474499,0.0,0.0,1,0.9633333333333334,1
503,PAYMENT,9.71,C8690920484,15.18,5.47,M6495967005,0.0,0.0,0,0.0,0
514,PAYMENT,1.0,C7671041685,0.0,0.0,M4211837506,0.0,0.0,0,0.0,0
637,DEBIT,31621.12,C2965718821,220250.92,188629.8,M8728631945,0.0,0.0,0,0.016666666666666666,0
369,CASH_OUT,7476.39,C8809871735,9001.79,1525.4,M4908108692,0.0,0.0,1,0.013333333333333334,0
667,TRANSFER,73423.54,C2174793230,74585.73,1162.19,C5641959772,162365.36,162365.36,1,0.0,0
241,CASH_OUT,1549.96,C9147687657,1448.46,0.0,C8795212264,148411.43,148411.43,1,0.0,0
27,PAYMENT,14824.23,C2570991899,16882.81,2058.58,M3438830691,0.0,0.0,0,0.0,0
245,TRANSFER,149206.7,C7736142481,164900.75,15694.05,C9033653743,3789.15,152995.85,0,0.0,0
316,CASH_OUT,14552.76,C4526242854,14324.26,0.0,M6846530109,0.0,0.0,1,0.22666666666666666,0
431,TRANSFER,68.86,C7648059419,29916.0,29847.14,C7596745715,1833.26,1902.12,0,0.01,0
610,PAYMENT,1.0,C1194576436,0.0,0.0,M7341757401,0.0,0.0,0,0.0,0
151,CASH_OUT,15526.96,C6244338653,16935.78,1408.82,C3623588379,0.0,0.0,0,0.0033333333333333335,0
644,CASH_OUT,1096.36,C7183058541,1478.05,381.69,M8858274691,0.0,0.0,1,0.02666666666666667,0
105,CASH_OUT,1013.72,C4163119785,1116.85,103.13,M2136107759,0.0,0.0,1,0.0,0
261,PAYMENT,1.0,C7305101214,0.0,0.0,M6932365592,0.0,0.0,0,0.0,0
555,CASH_IN,137721.35,C2646331504,824.02,138545.37,C7579604766,0.0,0.0,0,0.0,0
655,TRANSFER,8125.72,C1245522987,10981.09,2855.37,M5734228580,0.0,0.0,1,0.32666666666666666,0
632,PAYMENT,8687.3,C4289233844,182894.8,174207.5,M1442421654,0.0,0.0,0,0.0,0
390,CASH_OUT,23450.74,C4630196130,27385.41,3934.67,C3837784389,0.0,0.0,0,0.0,0
168,TRANSFER,162304.19,C5278201677,145034.39,0.0,M5794335854,0.0,0.0,1,0.9533333333333334,1
402,TRANSFER,345385.26,C9579064478,328070.27,0.0,M7861571879,0.0,0.0,1,0.8833333333333333,1
434,TRANSFER,178.8,C1569113257,169.91,0.0,C8025152555,1878.65,1878.65,1,0.07666666666666666,0
614,TRANSFER,1.0,C6642266247,0.0,0.0,C6715961218,110545.58,110546.58,0,0.0,0
448,CASH_OUT,12030.53,C3975418439,12638.15,607.62,C4682870880,0.0,0.0,1,0.023333333333333334,0
30,PAYMENT,1.0,C5647317872,0.0,0.0,M1666898313,0.0,0.0,0,0.0,0
548,PAYMENT,3.75,C6986770879,55313.94,55310.19,M6525576685,0.0,0.0,0,0.0,0
320,PAYMENT,51.56,C9508499533,68.99,17.43,M6247463262,0.0,0.0,0,0.0,0
549,CASH_OUT,4249.05,C7895255573,4881.16,632.11,M4522855590,0.0,0.0,1,0.03,0
27,TRANSFER,1.0,C4130305126,0.0,0.0,C9618334441,8277.88,8278.88,0,0.0,0
393,PAYMENT,820.43,C7838460497,159149.08,158328.65,M6845287382,0.0,0.0,0,0.0,0
315,DEBIT,1801.41,C1149460439,4048.2,2246.79,M8903212516,0.0,0.0,0,0.013333333333333334,0
84,PAYMENT,1654.36,C4745927824,23401.85,21747.49,M6865994703,0.0,0.0,0,0.0,0
399,CASH_OUT,3103.61,C5476654128,2726.71,0.0,M5794335854,0.0,0.0,1,0.12666666666666668,0
285,PAYMENT,24056.66,C4506639908,47776.9,23720.24,M8727805468,0.0,0.0,0,0.0,0
622,PAYMENT,1.0,C3713284816,0.0,0.0,M9576264323,0.0,0.0,0,0.0,0
657,CASH_OUT,1987.42,C9369574998,1788.09,0.0,C3205292512,539.63,539.63,1,0.15,0
428,DEBIT,1.0,C1005502537,0.0,0.0,M1888107487,0.0,0.0,0,0.04666666666666667,0
259,CASH_OUT,110.7,C1515024824,145.19,34.49,C2878930355,2242.14,2242.14,0,0.006666666666666667,0
339,CASH_OUT,1781.97,C3799620568,1958.95,176.98,M3297681898,0.0,0.0,1,0.01,0
656,CASH_OUT,37160.72,C1287814151,33000.95,0.0,C7988845536,0.0,0.0,1,0.12333333333333334,0
604,DEBIT,14107.33,C8999963054,44218.29,30110.96,M8276498637,0.0,0.0,0,0.02666666666666667,0
439,PAYMENT,1.0,C1659663750,0.0,0.0,M3145756342,0.0,0.0,0,0.0,0
599,TRANSFER,1.0,C4590711152,0.0,0.0,C8612747444,655.55,656.55,0,0.09,0
530,PAYMENT,265.17,C9697354961,344.51,79.34,M5156392601,0.0,0.0,0,0.0,0
351,PAYMENT,350.15,C2982979741,117975.96,117625.81,M8548290298,0.0,0.0,0,0.0,0
578,PAYMENT,1581.18,C6795522649,2602.68,1021.5,M9752092528,0.0,0.0,0,0.0,0
71,PAYMENT,1.0,C1664885408,0.0,0.0,M1122712790,0.0,0.0,0,0.0,0
165,PAYMENT,12248.52,C8997701619,137098.66,124850.14,M9558906999,0.0,0.0,0,0.0,0
172,TRANSFER,5324.4,C7451071432,4861.13,0.0,M3536590481,0.0,0.0,1,0.7666666666666667,1
418,TRANSFER,13203.93,C4473306055,14283.6,1079.67,C4928783441,455.51,455.51,1,0.09333333333333334,0
667,PAYMENT,955.69,C9780187424,1329.83,374.14,M6384311581,0.0,0.0,0,0.0,0
43,TRANSFER,4486.79,C8942167666,4068.91,0.0,C2699887270,6249.7,10736.49,1,0.01,0
252,TRANSFER,2325.42,C2818381356,2622.1,296.68,C1484230338,148736.18,148736.18,1,0.0,0
542,PAYMENT,42.03,C7590302909,168508.07,168466.04,M8458323087,0.0,0.0,0,0.0,0
186,TRANSFER,933.71,C3484872186,333747.93,332814.22,C7625389037,0.0,933.71,0,0.0033333333333333335,0
483,TRANSFER,8903.13,C2073108894,35596.78,26693.65,C3971203213,83009.12,91912.25,0,0.0,0
595,TRANSFER,12646.25,C2745958114,13615.06,968.81,M8790289305,0.0,0.0,1,0.33666666666666667,0
246,PAYMENT,42.24,C1446362270,90.29,48.05,M8138332494,0.0,0.0,0,0.0,0
306,DEBIT,39608.66,C9505085936,148324.37,108715.71,M9977193987,0.0,0.0,0,0.006666666666666667,0
517,TRANSFER,120.6,C1818520766,111.07,0.0,M9977193987,0.0,0.0,1,0.22666666666666666,0
111,PAYMENT,320.82,C8926438617,670.33,349.51,M4211837506,0.0,0.0,0,0.0,0
241,TRANSFER,2454.81,C2984460654,28466.26,26011.45,C1430073711,17834.97,20289.78,0,0.0,0
708,TRANSFER,58009.85,C2268523764,55813.18,0.0,C6618926823,1781.3,1781.3,1,0.27666666666666667,0
319,TRANSFER,18210.55,C6515369278,33207.75,14997.2,C7452729913,173505.16,191715.71,0,0.0,0
147,PAYMENT,3.15,C8299146480,151546.76,151543.61,M5380159400,0.0,0.0,0,0.0,0
451,CASH_OUT,1800.08,C1586412136,1625.38,0.0,M1240140248,0.0,0.0,1,0.38333333333333336,0
161,CASH_OUT,1672.86,C7772180882,1400.62,0.0,M5794335854,0.0,0.0,1,0.05,0
465,CASH_OUT,1.0,C1569113257,0.0,0.0,C4098389895,1547.5,1547.5,0,0.07333333333333333,0
289,CASH_OUT,120152.27,C6894699853,137720.08,17567.81,C9272277508,1137.87,1137.87,1,0.0,0
162,TRANSFER,3827.54,C8706093841,4765.82,938.28,C7561728644,149172.37,149172.37,1,0.0,0
115,TRANSFER,62.38,C6929897032,57.59,0.0,C2540492440,0.0,0.0,1,0.22666666666666666,0
87,DEBIT,33198.65,C9911329062,199350.59,166151.94,M6361225622,0.0,0.0,0,0.006666666666666667,0
367,PAYMENT,476.32,C7596745715,1902.12,1425.8,M3636366799,0.0,0.0,0,0.0,0
718,PAYMENT,9915.98,C8833889083,32111.47,22195.49,M4460319291,0.0,0.0,0,0.0,0
301,PAYMENT,1.0,C4130305126,0.0,0.0,M9043367776,0.0,0.0,0,0.0,0
7,TRANSFER,30967.67,C2480915452,39798.81,8831.14,M5869990861,0.0,0.0,1,0.17,0
539,TRANSFER,15.01,C4847761430,72.51,57.5,C9697414638,150268.88,150283.89,0,0.0033333333333333335,0
71,PAYMENT,13847.86,C8532327465,149818.18,135970.32,M9822499208,0.0,0.0,0,0.0,0
128,PAYMENT,13222.64,C7801948900,105639.8,92417.16,M6866146362,0.0,0.0,0,0.0,0
631,PAYMENT,555.85,C3975418439,607.62,51.77,M6282009986,0.0,0.0,0,0.0,0
46,DEBIT,93.65,C5625980561,8849.27,8755.62,M3605446007,0.0,0.0,0,0.01,0
708,PAYMENT,16533.77,C9147736635,86357.18,69823.41,M3313346852,0.0,0.0,0,0.0,0
508,CASH_OUT,72645.05,C9903351330,96484.05,23839.0,C4888749350,9959.48,9959.48,1,0.0033333333333333335,0
680,TRANSFER,15156.73,C6134840512,14537.22,0.0,C2670036982,96976.54,112133.27,1,0.01,0
275,PAYMENT,2410.82,C1674555072,12216.32,9805.5,M2910594463,0.0,0.0,0,0.0,0
664,CASH_OUT,380.08,C9463197203,334.99,0.0,C9078786223,6763.66,6763.66,1,0.03,0
410,DEBIT,5366.36,C5028688786,7557.81,2191.45,M9021793855,0.0,0.0,0,0.03,0
434,PAYMENT,73.5,C4564751926,127230.63,127157.13,M4641902461,0.0,0.0,0,0.0,0
368,PAYMENT,1.0,C5943324387,0.0,0.0,M6200141898,0.0,0.0,0,0.0,0
83,PAYMENT,1.0,C9953716239,0.0,0.0,M5694439775,0.0,0.0,0,0.0,0
431,PAYMENT,9341.35,C9503787171,125290.57,115949.22,M2711123163,0.0,0.0,0,0.0,0
350,PAYMENT,222.0,C1594312071,78864.48,78642.48,M8790289305,0.0,0.0,0,0.0,0
74,TRANSFER,1295.41,C4046558332,1462.54,167.13,C9343730920,0.0,1295.41,1,0.0033333333333333335,0
153,TRANSFER,44.31,C1311570307,48.61,4.3,C6336171726,42.4,86.71,0,0.09333333333333334,0
657,DEBIT,1.0,C9503597301,0.0,0.0,M2518433834,0.0,0.0,0,0.05333333333333334,0
398,TRANSFER,373.73,C4928783441,455.51,81.78,C1799718923,342.83,716.56,0,0.01,0
643,PAYMENT,7305.91,C2388450337,19093.59,11787.68,M7514017540,0.0,0.0,0,0.0,0
230,TRANSFER,725.22,C6081137534,903.78,178.56,M3156792018,0.0,0.0,1,0.10666666666666667,0
188,TRANSFER,25963.48,C7337225482,33869.52,7906.04,M6041646576,0.0,0.0,1,0.24333333333333335,0
124,TRANSFER,901.4,C7103588071,1006.9,105.5,M2839566253,0.0,0.0,1,0.15666666666666668,0
621,TRANSFER,380.06,C2068687175,317.22,0.0,C7374810067,70489.93,70489.93,1,0.0033333333333333335,0
537,PAYMENT,1.17,C9249923427,4340.26,4339.09,M6495967005,0.0,0.0,0,0.0,0
154,TRANSFER,48877.27,C9935429720,60865.11,11987.84,M8727805468,0.0,0.0,1,0.2,0
503,PAYMENT,483.3,C2073108894,26693.65,26210.35,M5270048042,0.0,0.0,0,0.0,0
623,CASH_OUT,13939.08,C1958682846,114180.15,100241.07,C7340498236,55046.53,55046.53,0,0.0,0
9,CASH_OUT,12386.44,C8779941999,22456.27,10069.83,C6054421752,38599.01,38599.01,0,0.0,0
19,TRANSFER,110088.75,C1546957087,119370.44,9281.69,M2695447268,0.0,0.0,1,0.23333333333333334,0
391,CASH_OUT,247226.28,C5419627962,226082.32,0.0,C2126077199,69612.57,69612.57,1,0.04,0
83,TRANSFER,3232.01,C4630196130,3934.67,702.66,C8949781901,13263.68,13263.68,1,0.0,0
4,PAYMENT,2174.95,C1131267917,26359.61,24184.66,M9896529524,0.0,0.0,0,0.0,0
683,CASH_IN,42250.11,C1004665657,102115.9,144366.01,C1311570307,4.3,4.3,0,0.0,0
205,CASH_IN,70646.87,C3707166618,22.39,70669.26,C7540301973,0.0,0.0,0,0.0,0
97,PAYMENT,4674.78,C8991514523,16187.84,11513.06,M6041646576,0.0,0.0,0,0.0,0
618,TRANSFER,182.68,C8584566722,203.74,21.06,M5937271321,0.0,0.0,1,0.17666666666666667,0
632,PAYMENT,434.69,C3376077463,40699.7,40265.01,M3517195150,0.0,0.0,0,0.0,0
335,PAYMENT,88.81,C8934927891,124.57,35.76,M4242579642,0.0,0.0,0,0.0,0
626,CASH_OUT,101496.66,C4509456565,141867.43,40370.77,M7713758036,0.0,0.0,1,0.013333333333333334,0
370,CASH_OUT,12142.2,C2388450337,11787.68,0.0,C6640801643,95025.85,95025.85,1,0.08,0
257,PAYMENT,1.0,C8295757364,0.0,0.0,M9441870024,0.0,0.0,0,0.0,0
463,TRANSFER,226.25,C1590838716,275.49,49.24,C7114223633,122607.85,122834.1,0,0.0,0
256,TRANSFER,130702.66,C3923699745,119380.26,0.0,M2156184315,0.0,0.0,1,0.96,1
408,PAYMENT,15112.61,C4345526911,68230.75,53118.14,M6651020291,0.0,0.0,0,0.0,0
619,TRANSFER,99331.8,C5634076661,104406.75,5074.95,M2303835765,0.0,0.0,1,0.31,0
5,PAYMENT,7747.25,C4034047118,101015.37,93268.12,M9444143872,0.0,0.0,0,0.0,0
453,PAYMENT,3330.32,C8982597239,5406.02,2075.7,M6992094064,0.0,0.0,0,0.0,0
87,PAYMENT,48.95,C5150074940,55.84,6.89,M9822499208,0.0,0.0,0,0.0,0
171,CASH_OUT,11674.64,C6402580787,14069.88,2395.24,C5183211669,6.88,6.88,0,0.0,0
672,PAYMENT,10237.55,C4605117440,25257.15,15019.6,M1647181551,0.0,0.0,0,0.0,0
25,CASH_IN,42203.33,C1182758417,0.0,42203.33,C8160279830,105503.85,105503.85,0,0.0,0
270,PAYMENT,82.01,C1431494396,186.43,104.42,M6130446648,0.0,0.0,0,0.0,0
492,CASH_IN,530.89,C7823288650,144421.77,144952.66,C8211516617,212984.92,212984.92,0,0.0,0
244,TRANSFER,9.14,C3305069227,43.06,33.92,C5626388820,55478.53,55487.67,0,0.0,0
35,TRANSFER,22111.8,C1977515194,171144.09,149032.29,C5625980561,8755.62,30867.42,0,0.0,0
355,CASH_OUT,2715.47,C5439176290,117061.01,114345.54,C9343730920,1295.41,1295.41,0,0.0,0
214,TRANSFER,110621.58,C9738752801,160725.46,50103.88,C6504099682,0.0,110621.58,0,0.0,0
606,PAYMENT,7518.99,C5728765136,64902.7,57383.71,M1096405016,0.0,0.0,0,0.0,0
292,TRANSFER,2502.01,C2948728483,2897.22,395.21,C4046558332,167.13,2669.14,1,0.006666666666666667,0
36,PAYMENT,310.31,C3710566582,83998.8,83688.49,M7750131975,0.0,0.0,0,0.0,0
685,CASH_OUT,129205.45,C7266763552,122356.18,0.0,M9523139706,0.0,0.0,1,0.15,0
563,CASH_OUT,9077.34,C8429141456,10108.29,1030.95,M5087280062,0.0,0.0,1,0.023333333333333334,0
226,DEBIT,1.0,C2774884818,0.0,0.0,M6275155878,0.0,0.0,0,0.03,0
516,TRANSFER,64581.62,C2237386857,69442.58,4860.96,M6401844042,0.0,0.0,1,0.2833333333333333,0
645,PAYMENT,19.44,C1710924824,46.82,27.38,M7951820749,0.0,0.0,0,0.0,0
199,PAYMENT,1298.81,C1083651970,31998.05,30699.24,M1857561275,0.0,0.0,0,0.0,0
462,CASH_OUT,2230.59,C8650676663,3173.78,943.19,M9977193987,0.0,0.0,1,0.05333333333333334,0
350,TRANSFER,235705.93,C1039262289,199166.73,0.0,M8768773991,0.0,0.0,1,0.9333333333333333,1
52,TRANSFER,567.37,C3483827971,2329.1,1761.73,C3003484425,0.0,567.37,0,0.006666666666666667,0
165,CASH_IN,46950.82,C1654477195,6718.33,53669.15,C5077921573,64.59,64.59,0,0.0,0
181,DEBIT,2854.92,C1116402431,17816.08,14961.16,M4908108692,0.0,0.0,0,0.016666666666666666,0
508,DEBIT,14159.39,C3645901955,106764.64,92605.25,M3313346852,0.0,0.0,0,0.02,0
529,TRANSFER,166318.76,C1977515194,149032.29,0.0,M9398575277,0.0,0.0,1,0.9533333333333334,1
479,PAYMENT,1.0,C1470939445,0.0,0.0,M6846530109,0.0,0.0,0,0.0,0
36,TRANSFER,1898.37,C3206955437,3576.62,1678.25,C6795522649,1021.5,2919.87,0,0.0,0
238,CASH_OUT,13621.53,C5703357871,17807.6,4186.07,C3776011793,155686.06,155686.06,0,0.0,0
238,TRANSFER,66057.26,C4274958945,75322.64,9265.38,C4907446848,174285.47,240342.73,0,0.0,0
108,CASH_OUT,113965.01,C3250402001,120101.55,6136.54,C8168036130,71501.98,71501.98,1,0.006666666666666667,0
147,TRANSFER,3082.01,C9049270990,2991.81,0.0,C8761956684,40484.0,40484.0,1,0.013333333333333334,0
671,PAYMENT,85.49,C3383331379,92.44,6.95,M2586712032,0.0,0.0,0,0.0,0
597,PAYMENT,12.01,C5409514899,56.95,44.94,M6361225622,0.0,0.0,0,0.0,0
301,TRANSFER,352.45,C3553440342,358.78,6.33,C9033653743,152995.85,152995.85,1,0.0,0
604,TRANSFER,214242.6,C1094115188,218858.09,4615.49,C9103115140,2629.03,2629.03,1,0.043333333333333335,0
696,PAYMENT,17.94,C6155234610,72753.93,72735.99,M8458323087,0.0,0.0,0,0.0,0
648,PAYMENT,7463.85,C1173215225,109465.45,102001.6,M2695447268,0.0,0.0,0,0.0,0
328,CASH_OUT,33707.3,C9248046539,40927.48,7220.18,C3358880404,69274.78,69274.78,0,0.0,0
18,TRANSFER,1.0,C4526242854,0.0,0.0,C3360791536,128975.01,128976.01,0,0.0,0
473,TRANSFER,126342.77,C7590302909,168466.04,42123.27,C4683935600,49147.49,175490.26,1,0.0,0
245,CASH_OUT,4868.89,C5862655247,4388.47,0.0,C3365835550,47585.07,47585.07,1,0.01,0
185,PAYMENT,966.97,C3271361431,1745.62,778.65,M5714658227,0.0,0.0,0,0.0,0
357,TRANSFER,1790.9,C3095318649,157555.71,155764.81,C5536224717,244609.96,246400.86,0,0.0,0
229,PAYMENT,1.0,C9147687657,0.0,0.0,M1666898313,0.0,0.0,0,0.0,0
449,PAYMENT,76.35,C7333316743,11976.02,11899.67,M6786043791,0.0,0.0,0,0.0,0
140,CASH_OUT,1.0,C9147687657,0.0,0.0,C1304205279,0.0,0.0,0,0.0033333333333333335,0
35,PAYMENT,23386.25,C8261111839,113093.89,89707.64,M8235474949,0.0,0.0,0,0.0,0
455,PAYMENT,5525.41,C6687206971,213805.28,208279.87,M7270955446,0.0,0.0,0,0.0,0
191,TRANSFER,109365.86,C3367665472,119011.36,9645.5,C3291270703,0.0,0.0,1,0.27666666666666667,0
114,TRANSFER,1.0,C1091729577,0.0,0.0,C4079223686,160982.89,160983.89,0,0.0,0
180,PAYMENT,60.38,C1011759631,8867.65,8807.27,M3355504998,0.0,0.0,0,0.0,0
415,TRANSFER,541.44,C4949801453,614.05,72.61,C5118430494,0.0,0.0,1,0.16333333333333333,0
317,PAYMENT,2569.14,C8675071314,134752.2,132183.06,M4390543744,0.0,0.0,0,0.0,0
308,PAYMENT,6233.29,C5461537013,55470.33,49237.04,M9620935604,0.0,0.0,0,0.0,0
331,CASH_OUT,92307.49,C6110646714,87611.67,0.0,M4399143287,0.0,0.0,1,0.06666666666666667,0
375,CASH_OUT,1627.14,C5296710795,40560.87,38933.73,C7471636437,14121.36,14121.36,0,0.0,0
444,PAYMENT,1.0,C9929101065,0.0,0.0,M7948094928,0.0,0.0,0,0.0,0
471,CASH_OUT,5613.36,C9941564880,22891.75,17278.39,C4289233844,174207.5,174207.5,0,0.0,0
424,CASH_OUT,66734.39,C4752171298,109679.85,42945.46,C5693307665,39978.77,39978.77,0,0.0,0
517,CASH_IN,5544.86,C9441018790,125674.21,131219.07,C5201221330,0.0,0.0,0,0.0,0
445,PAYMENT,2039.76,C4079223686,160983.89,158944.13,M7340036327,0.0,0.0,0,0.0,0
439,TRANSFER,86765.45,C2464137110,83102.67,0.0,M3476758136,0.0,0.0,1,0.9233333333333333,1
554,PAYMENT,1.0,C6789292252,0.0,0.0,M3960136787,0.0,0.0,0,0.0,0
463,CASH_OUT,163305.84,C7823288650,144952.66,0.0,M7960713821,0.0,0.0,1,0.23,0
654,CASH_OUT,917.9,C8823677798,1172.14,254.24,M7230477043,0.0,0.0,1,0.02666666666666667,0
694,DEBIT,1468.37,C9504724761,2101.21,632.84,M7512767226,0.0,0.0,0,0.03,0
688,PAYMENT,2148.27,C2267619081,4444.32,2296.05,M6771941776,0.0,0.0,0,0.0,0
474,PAYMENT,1.0,C3291270703,0.0,0.0,M3811254192,0.0,0.0,0,0.0,0
648,PAYMENT,9738.89,C2704657157,48034.52,38295.63,M3476758136,0.0,0.0,0,0.0,0
286,CASH_OUT,89843.67,C8719734235,225284.16,135440.49,C9798613995,18226.74,18226.74,0,0.0,0
424,TRANSFER,1164.28,C1981049082,1460.1,295.82,C2075321966,32932.03,34096.31,0,0.006666666666666667,0
159,CASH_OUT,667.74,C7895255573,632.11,0.0,C7271954644,0.0,0.0,1,0.11,0
719,CASH_OUT,17128.4,C5569295400,15828.18,0.0,C9697354961,79.34,79.34,1,0.2733333333333333,0
190,TRANSFER,100787.38,C9503787171,115949.22,15161.84,C2732553940,14308.6,115095.98,0,0.0,0
514,PAYMENT,17183.93,C5641959772,162365.36,145181.43,M3094407076,0.0,0.0,0,0.0,0
628,CASH_OUT,542.09,C9987064419,661.47,119.38,C5694190173,42056.33,42056.33,1,0.01,0
4,TRANSFER,210452.27,C4662861038,182638.37,0.0,M7532669066,0.0,0.0,1,0.4866666666666667,0
155,PAYMENT,18453.22,C1613549255,29755.8,11302.58,M8821456242,0.0,0.0,0,0.0,0
10,PAYMENT,1.0,C5381866906,0.0,0.0,M7969674420,0.0,0.0,0,0.0,0
103,CASH_OUT,32315.75,C6588316233,54361.49,22045.74,C1446457642,9765.76,9765.76,0,0.0033333333333333335,0
143,TRANSFER,9699.46,C8229344434,10671.49,972.03,M3495411322,0.0,0.0,1,0.2,0
418,PAYMENT,1.0,C2578662692,0.0,0.0,M5985331805,0.0,0.0,0,0.0,0
702,CASH_OUT,1.0,C3169561289,0.0,0.0,C7430757004,87691.38,87691.38,0,0.0033333333333333335,0
175,TRANSFER,64528.72,C3836517266,171398.17,106869.45,C3128675098,48.86,64577.58,0,0.0,0
667,PAYMENT,3202.99,C6959501845,71130.29,67927.3,M2869931869,0.0,0.0,0,0.0,0
80,PAYMENT,1686.4,C6576395496,43638.5,41952.1,M5734228580,0.0,0.0,0,0.0,0
43,TRANSFER,3263.79,C3436297208,4615.47,1351.68,M1504729135,0.0,0.0,1,0.19,0
718,PAYMENT,2170.11,C4700855390,5254.67,3084.56,M9255306810,0.0,0.0,0,0.0,0
684,TRANSFER,764.7,C5336127859,805.75,41.05,C7271954644,0.0,764.7,0,0.08333333333333333,0
261,CASH_OUT,122.94,C8015775567,47516.81,47393.87,C5861829469,4756.47,4756.47,0,0.0,0
98,TRANSFER,175887.81,C8339176912,162212.98,0.0,C6804850108,0.0,0.0,1,0.97,1
148,PAYMENT,78.44,C3250402001,6136.54,6058.1,M9916475897,0.0,0.0,0,0.0,0
3,PAYMENT,398.77,C1792214339,164516.35,164117.58,M2571632270,0.0,0.0,0,0.0,0
589,CASH_OUT,1.0,C7292076361,0.0,0.0,C8902275119,7262.12,7262.12,0,0.023333333333333334,0
438,CASH_OUT,5971.49,C6952554500,5581.42,0.0,M3705237613,0.0,0.0,1,0.2833333333333333,0
188,DEBIT,1.0,C1026224160,0.0,0.0,M6845287382,0.0,0.0,0,0.03,0
453,CASH_OUT,3690.32,C2774884818,3196.45,0.0,C7633342225,0.0,0.0,1,0.4066666666666667,0
138,PAYMENT,3639.12,C7174772035,123703.77,120064.65,M6606958660,0.0,0.0,0,0.0,0
642,TRANSFER,1412.96,C3190227431,3864.38,2451.42,C1225447588,0.0,1412.96,0,0.06333333333333334,0
152,PAYMENT,20373.62,C2627677155,66027.46,45653.84,M4390543744,0.0,0.0,0,0.0,0
281,TRANSFER,9853.92,C4039019230,11828.89,1974.97,M9581187661,0.0,0.0,1,0.25666666666666665,0
15,CASH_OUT,21.33,C2017675569,169017.08,168995.75,C8934097788,192423.41,192423.41,0,0.0,0
476,TRANSFER,4000.33,C2965718821,188629.8,184629.47,C7010379415,286.96,4287.29,0,0.0033333333333333335,0
678,CASH_IN,79431.16,C3346569443,89.89,79521.05,C5433722159,104453.92,104453.92,0,0.0,0
436,PAYMENT,1024.61,C1626733282,124506.83,123482.22,M9026301048,0.0,0.0,0,0.0,0
228,CASH_OUT,785.72,C9837912162,20671.67,19885.95,C9369574998,0.0,0.0,0,0.0,0
467,PAYMENT,512.52,C9697414638,150283.89,149771.37,M5564953924,0.0,0.0,0,0.0,0
566,PAYMENT,560.28,C5297902885,44588.65,44028.37,M5535650160,0.0,0.0,0,0.0,0
6,PAYMENT,78.1,C3396953414,17823.99,17745.89,M1083302600,0.0,0.0,0,0.0,0
670,TRANSFER,99113.87,C9441018790,131219.07,32105.2,C5861829469,4756.47,4756.47,1,0.023333333333333334,0
402,PAYMENT,3651.47,C8841851495,23670.82,20019.35,M7537130187,0.0,0.0,0,0.0,0
441,CASH_OUT,17280.19,C4820055862,18410.34,1130.15,C2940955281,102.96,102.96,1,0.02,0
140,CASH_OUT,1180.78,C3553440342,1623.99,443.21,M8044997538,0.0,0.0,1,0.0,0
705,PAYMENT,5120.16,C6562434335,102837.58,97717.42,M5869990861,0.0,0.0,0,0.0,0
615,PAYMENT,94.39,C4660390742,162.91,68.52,M1676220116,0.0,0.0,0,0.0,0
289,CASH_OUT,137.85,C7705605962,132.6,0.0,C5058691146,147765.81,147765.81,1,0.016666666666666666,0
658,PAYMENT,30.91,C3362657890,97.9,66.99,M3019265031,0.0,0.0,0,0.0,0
576,CASH_OUT,7496.99,C3392080953,20064.8,12567.81,C8093179263,92968.42,92968.42,0,0.0,0
27,TRANSFER,694.96,C2071552532,1366.43,671.47,C6642201119,27681.64,28376.6,0,0.0,0
252,TRANSFER,16231.63,C1817804383,22395.11,6163.48,C5439176290,114345.54,130577.17,0,0.0033333333333333335,0
21,PAYMENT,806.51,C3780475472,1382.5,575.99,M7764117705,0.0,0.0,0,0.0,0
508,PAYMENT,1.0,C7567496105,0.0,0.0,M4908108692,0.0,0.0,0,0.0,0
217,PAYMENT,1.0,C3328710672,0.0,0.0,M3156792018,0.0,0.0,0,0.0,0
482,PAYMENT,4786.39,C1104906255,73299.88,68513.49,M6846530109,0.0,0.0,0,0.0,0
497,CASH_OUT,14.02,C8934927891,35.76,21.74,C5774080233,76711.04,76711.04,0,0.006666666666666667,0
404,DEBIT,1720.06,C4470591645,2878.92,1158.86,M9444143872,0.0,0.0,0,0.016666666666666666,0
338,PAYMENT,1689.67,C9505085936,108715.71,107026.04,M4601406440,0.0,0.0,0,0.0,0
285,PAYMENT,4159.11,C7573442717,153615.85,149456.74,M6659847491,0.0,0.0,0,0.0,0
225,CASH_OUT,1.0,C4130305126,0.0,0.0,C2578662692,0.0,0.0,0,0.013333333333333334,0
270,TRANSFER,2287.87,C4226113732,2294.51,6.64,M7948094928,0.0,0.0,1,0.4766666666666667,0
158,CASH_OUT,957.94,C7002076563,1498.6,540.66,C6725038117,128633.04,128633.04,0,0.0,0
289,TRANSFER,408.59,C1754368373,576.21,167.62,M6200141898,0.0,0.0,1,0.09,0
337,PAYMENT,1.0,C9673185158,0.0,0.0,M8458323087,0.0,0.0,0,0.0,0
573,PAYMENT,3852.72,C6496933442,9416.12,5563.4,M9921025990,0.0,0.0,0,0.0,0
410,PAYMENT,386.28,C7949795085,563.38,177.1,M1413599241,0.0,0.0,0,0.0,0
69,TRANSFER,53469.97,C2379592595,47955.9,0.0,M5067400473,0.0,0.0,1,0.77,1
236,PAYMENT,1086.67,C3367665472,9645.5,8558.83,M7270955446,0.0,0.0,0,0.0,0
376,TRANSFER,122173.03,C4655935832,118992.17,0.0,C3464975279,27.76,27.76,1,0.7633333333333333,1
193,CASH_OUT,1804.52,C9539945315,1593.34,0.0,C1589582865,10540.66,10540.66,1,0.0,0
261,TRANSFER,14628.56,C5759272717,120077.9,105449.34,C6311894154,57281.01,71909.57,0,0.0,0
337,CASH_OUT,407.67,C6944371787,377.32,0.0,M2778069478,0.0,0.0,1,0.07,0
41,PAYMENT,8220.88,C1065857791,33250.33,25029.45,M2586712032,0.0,0.0,0,0.0,0
374,PAYMENT,7399.31,C2646331504,138545.37,131146.06,M7960713821,0.0,0.0,0,0.0,0
462,CASH_OUT,189610.46,C5613655595,174489.63,0.0,M3313346852,0.0,0.0,1,0.38333333333333336,0
352,DEBIT,5677.07,C1526723719,7600.07,1923.0,M8030400668,0.0,0.0,0,0.02,0
99,TRANSFER,2856.59,C6837342064,10125.11,7268.52,C4332894265,45486.72,48343.31,0,0.0,0
691,DEBIT,3146.41,C6443749394,14060.73,10914.32,M7713758036,0.0,0.0,0,0.03,0
166,DEBIT,952.11,C3483827971,1761.73,809.62,M9590331226,0.0,0.0,0,0.01,0
70,PAYMENT,173.92,C3716924538,354.64,180.72,M5087280062,0.0,0.0,0,0.0,0
519,PAYMENT,13796.07,C9467483275,27795.82,13999.75,M5000316394,0.0,0.0,0,0.0,0
122,CASH_OUT,190505.85,C4067961943,164427.7,0.0,C2571688961,164490.46,164490.46,1,0.016666666666666666,0
114,PAYMENT,11201.63,C1160913827,20126.58,8924.95,M3690714075,0.0,0.0,0,0.0,0
563,TRANSFER,4574.58,C2465576748,5511.21,936.63,C4097887746,0.0,4574.58,0,0.056666666666666664,0
171,CASH_OUT,1.0,C6789292252,0.0,0.0,C4507822591,288.03,288.03,0,0.0033333333333333335,0
665,TRANSFER,203455.38,C1361845490,178533.39,0.0,C9953716239,0.0,203455.38,1,0.05,0
543,CASH_OUT,4478.81,C7560389844,3936.26,0.0,C1484230338,148736.18,148736.18,1,0.03,0
233,CASH_OUT,114231.09,C3995732958,142503.69,28272.6,C1471997674,0.0,0.0,1,0.0,0
378,CASH_IN,97347.1,C2351531223,155726.24,253073.34,C5868640848,1332.42,1332.42,0,0.0,0
446,CASH_OUT,628.69,C6299224734,752.43,123.74,C4282810353,50767.67,50767.67,0,0.03333333333333333,0
278,PAYMENT,1.0,C3328710672,0.0,0.0,M7764117705,0.0,0.0,0,0.0,0
421,TRANSFER,66121.07,C3906611156,72548.55,6427.48,M3457877922,0.0,0.0,1,0.29333333333333333,0
42,CASH_IN,45995.66,C5898890707,17545.0,63540.66,C7792729530,424.62,424.62,0,0.0,0
537,PAYMENT,10079.84,C1736086849,36418.09,26338.25,M2115862756,0.0,0.0,0,0.0,0
339,PAYMENT,609.66,C4098389895,1547.5,937.84,M1694904767,0.0,0.0,0,0.0,0
603,TRANSFER,3044.21,C4794276323,198519.43,195475.22,C8366884200,170.31,3214.52,0,0.0033333333333333335,0
384,TRANSFER,35022.8,C6947080764,43918.32,8895.52,C4042413312,58.03,58.03,1,0.14,0
647,PAYMENT,4359.6,C7534583219,9184.51,4824.91,M8063693463,0.0,0.0,0,0.0,0
473,CASH_OUT,1.0,C1558631501,0.0,0.0,C5883933127,1054.72,1054.72,0,0.08,0
683,PAYMENT,1.0,C8507497883,0.0,0.0,M1888107487,0.0,0.0,0,0.0,0
713,CASH_OUT,72812.77,C6710338189,69570.71,0.0,C7380780055,13175.78,13175.78,1,0.20333333333333334,0
124,PAYMENT,1.0,C3109688769,0.0,0.0,M4865979921,0.0,0.0,0,0.0,0
297,CASH_OUT,29337.62,C8833399096,92154.08,62816.46,C1676168421,167.67,167.67,0,0.0,0
387,PAYMENT,733.57,C8761956684,40484.0,39750.43,M1692044390,0.0,0.0,0,0.0,0
102,PAYMENT,2516.64,C9941564880,17278.39,14761.75,M3355504998,0.0,0.0,0,0.0,0
492,PAYMENT,2396.22,C9805620900,3793.05,1396.83,M8083396378,0.0,0.0,0,0.0,0
706,PAYMENT,1.84,C7608153267,4284.05,4282.21,M7951820749,0.0,0.0,0,0.0,0
303,CASH_OUT,994.9,C5694628398,858.87,0.0,C4602080228,127603.93,127603.93,1,0.016666666666666666,0
216,TRANSFER,96876.99,C6415031531,100632.14,3755.15,C8369792370,0.0,96876.99,0,0.0,0
473,DEBIT,31.63,C4748302739,82034.33,82002.7,M7750131975,0.0,0.0,0,0.013333333333333334,0
357,CASH_IN,144776.84,C6892752604,176315.23,321092.07,C5292015249,33763.8,33763.8,0,0.0,0
238,PAYMENT,1434.71,C1754603440,146861.31,145426.6,M6401844042,0.0,0.0,0,0.0,0
495,TRANSFER,142851.7,C9033653743,152995.85,10144.15,M8548290298,0.0,0.0,1,0.32666666666666666,0
162,PAYMENT,8745.41,C3365835550,47585.07,38839.66,M6744039057,0.0,0.0,0,0.0,0
401,PAYMENT,14.59,C7287517250,152590.6,152576.01,M3322580659,0.0,0.0,0,0.0,0
190,PAYMENT,11463.55,C2753617371,68511.32,57047.77,M8910440683,0.0,0.0,0,0.0,0
483,CASH_OUT,515.88,C1367704871,466.03,0.0,C9098129449,22798.47,22798.47,1,0.056666666666666664,0
450,CASH_IN,1.91,C8468071953,0.0,1.91,C4683585586,154362.35,154362.35,0,0.0,0
240,PAYMENT,651.22,C4405620755,1279.64,628.42,M8874242713,0.0,0.0,0,0.0,0
579,CASH_OUT,30292.98,C7321180787,31877.63,1584.65,M5714658227,0.0,0.0,1,0.013333333333333334,0
76,TRANSFER,1.0,C7935554354,0.0,0.0,C8189916797,139345.72,139346.72,0,0.0033333333333333335,0
532,TRANSFER,4016.58,C1293864877,4517.67,501.09,M5959736235,0.0,0.0,1,0.31333333333333335,0
572,DEBIT,3450.67,C7668801906,15229.48,11778.81,M8964269909,0.0,0.0,0,0.03,0
341,PAYMENT,232.88,C7519578899,22574.62,22341.74,M4908108692,0.0,0.0,0,0.0,0
452,CASH_OUT,381.77,C1439921366,542.13,160.36,C7935554354,0.0,0.0,1,0.04666666666666667,0
161,PAYMENT,1.0,C8663837890,0.0,0.0,M8389750357,0.0,0.0,0,0.0,0
274,CASH_OUT,92349.2,C8093179263,92968.42,619.22,M6498703287,0.0,0.0,1,0.0,0
716,PAYMENT,7018.45,C5268845844,8825.11,1806.66,M1857561275,0.0,0.0,0,0.0,0
612,TRANSFER,64133.13,C7088949191,71943.47,7810.34,M8458323087,0.0,0.0,1,0.28,0
682,PAYMENT,11221.1,C8691288568,126955.1,115734.0,M8063693463,0.0,0.0,0,0.0,0
372,TRANSFER,256.61,C9974165440,258.16,1.55,C6161147047,11417.37,11673.98,1,0.0,0
177,PAYMENT,15608.1,C8675071314,132183.06,116574.96,M9977193987,0.0,0.0,0,0.0,0
343,PAYMENT,3769.09,C2699887270,10736.49,6967.4,M6786043791,0.0,0.0,0,0.0,0
164,TRANSFER,66969.75,C2076341629,64293.74,0.0,M7512767226,0.0,0.0,1,0.8366666666666667,1
153,CASH_OUT,18082.21,C2343100352,95757.64,77675.43,C4201225242,197773.54,197773.54,0,0.0,0
155,PAYMENT,19971.1,C2295574037,30554.22,10583.12,M3469205576,0.0,0.0,0,0.0,0
461,TRANSFER,1663.58,C2140169349,1725.68,62.1,C4163119785,103.13,1766.71,1,0.09,0
597,PAYMENT,1431.94,C4641561499,183603.82,182171.88,M4665677395,0.0,0.0,0,0.0,0
569,CASH_IN,25569.14,C2570991899,2058.58,27627.72,C8505373158,29259.72,29259.72,0,0.0,0
310,CASH_OUT,99298.51,C4538382315,124393.35,25094.84,C8350384902,1208.21,1208.21,0,0.0,0
123,DEBIT,10294.69,C5439176290,130577.17,120282.48,M4093474499,0.0,0.0,0,0.006666666666666667,0
616,TRANSFER,2947.71,C9470922075,2671.93,0.0,C6576395496,41952.1,41952.1,1,0.07666666666666666,0
13,TRANSFER,3499.26,C2613385303,8730.07,5230.81,C3710566582,83688.49,87187.75,0,0.0,0
198,CASH_OUT,119956.64,C7483366056,122851.88,2895.24,C3260842187,17608.41,17608.41,1,0.0,0
712,PAYMENT,2349.28,C7508522951,25434.66,23085.38,M9752092528,0.0,0.0,0,0.0,0
657,CASH_OUT,10.98,C4277581356,17.09,6.11,C8274219704,8959.43,8959.43,0,0.013333333333333334,0
650,TRANSFER,30063.54,C7818568548,28609.39,0.0,M9773795424,0.0,0.0,1,0.9733333333333334,1
429,TRANSFER,4048.04,C2180484299,4788.85,740.81,M2391874847,0.0,0.0,1,0.27666666666666667,0
459,CASH_OUT,1709.04,C8943866829,28405.95,26696.91,C2756070122,101809.42,101809.42,0,0.006666666666666667,0
702,PAYMENT,3268.02,C3033747850,82713.05,79445.03,M8218146534,0.0,0.0,0,0.0,0
163,TRANSFER,3233.4,C3424843951,2888.0,0.0,C8039917766,24238.3,24238.3,1,0.013333333333333334,0
707,TRANSFER,25027.95,C2525930586,212889.79,187861.84,C1230249217,4111.88,29139.83,0,0.0,0
593,CASH_OUT,48.97,C8478529823,55.35,6.38,M9288057824,0.0,0.0,1,0.03666666666666667,0
363,DEBIT,6326.9,C6288227800,26437.81,20110.91,M6845287382,0.0,0.0,0,0.016666666666666666,0
503,DEBIT,17.0,C5336127859,41.05,24.05,M1711271599,0.0,0.0,0,0.03,0
589,CASH_OUT,11427.09,C7193532615,18214.65,6787.56,C9165632300,101880.04,101880.04,0,0.0,0
406,TRANSFER,9304.39,C6043349038,10421.47,1117.08,M7453081889,0.0,0.0,1,0.24,0
578,PAYMENT,14022.38,C7965608188,51094.13,37071.75,M9558906999,0.0,0.0,0,0.0,0
232,CASH_OUT,182071.61,C1225052083,152867.53,0.0,C8208643631,138767.19,138767.19,1,0.016666666666666666,0
395,CASH_OUT,3359.86,C2479679716,3413.61,53.75,M9921025990,0.0,0.0,1,0.016666666666666666,0
372,PAYMENT,429.11,C4277422858,2043.45,1614.34,M1185303518,0.0,0.0,0,0.0,0
331,PAYMENT,19085.08,C4145461251,115560.89,96475.81,M2518433834,0.0,0.0,0,0.0,0
38,PAYMENT,17053.62,C8235717104,118354.33,101300.71,M7713758036,0.0,0.0,0,0.0,0
692,TRANSFER,1305.96,C2878930355,2242.14,936.18,C1141312095,99428.7,100734.66,0,0.006666666666666667,0
604,TRANSFER,107182.77,C4440904834,134302.09,27119.32,M7651029165,0.0,0.0,1,0.30333333333333334,0
613,PAYMENT,552.5,C9248574674,1816.59,1264.09,M6744039057,0.0,0.0,0,0.0,0
425,PAYMENT,2336.92,C7539399243,95734.82,93397.9,M1666898313,0.0,0.0,0,0.0,0
261,CASH_OUT,931.2,C6037168610,915.28,0.0,M3476758136,0.0,0.0,1,0.12,0
575,CASH_OUT,116639.85,C9592390865,148101.21,31461.36,C6458544482,90229.83,90229.83,0,0.0,0
138,PAYMENT,1.0,C1818520766,0.0,0.0,M4125758723,0.0,0.0,0,0.0,0
28,TRANSFER,805.06,C2963288053,2682.29,1877.23,C2732553940,115095.98,115901.04,0,0.0,0
396,TRANSFER,1.0,C3424843951,0.0,0.0,C3923699745,0.0,1.0,0,0.22,0
219,TRANSFER,1019.62,C4864126433,1384.2,364.58,C2017675569,168995.75,168995.75,1,0.0,0
191,CASH_OUT,21424.79,C3987248494,25860.22,4435.43,C9136780852,0.0,0.0,0,0.0,0
438,CASH_OUT,16060.83,C7603978731,31094.21,15033.38,C2926780541,13335.97,13335.97,0,0.0033333333333333335,0
499,PAYMENT,1.0,C8458717057,0.0,0.0,M8861351706,0.0,0.0,0,0.0,0
100,CASH_OUT,2177.71,C6069848439,2644.62,466.91,C1958682846,100241.07,100241.07,1,0.0,0
572,TRANSFER,24245.15,C4713453204,22964.1,0.0,M7969674420,0.0,0.0,1,0.9166666666666666,1
355,PAYMENT,344.63,C3371357111,42686.57,42341.94,M8548290298,0.0,0.0,0,0.0,0
333,TRANSFER,13716.73,C7150970643,17952.09,4235.36,M9558906999,0.0,0.0,1,0.24666666666666667,0
505,CASH_OUT,1.0,C1471997674,0.0,0.0,C5376302686,214153.69,214153.69,0,0.0,0
348,TRANSFER,81733.38,C8106401208,71782.08,0.0,C3693916084,75900.44,157633.82,1,0.0,0
103,PAYMENT,24741.19,C1754603440,145426.6,120685.41,M4820942294,0.0,0.0,0,0.0,0
233,PAYMENT,1.0,C1625217504,0.0,0.0,M9896529524,0.0,0.0,0,0.0,0
548,CASH_OUT,4396.74,C2633177480,156312.59,151915.85,C1131671246,22527.91,22527.91,0,0.0,0
17,CASH_OUT,17592.4,C4572433066,69248.37,51655.97,C7691931213,45113.67,45113.67,0,0.0,0
705,DEBIT,2298.65,C9103115140,2629.03,330.38,M4122901114,0.0,0.0,0,0.03666666666666667,0
680,TRANSFER,38848.16,C3214080278,143567.54,104719.38,C4630196130,702.66,39550.82,0,0.0,0
393,CASH_IN,64725.91,C4681264539,45187.6,109913.51,C2893321208,0.0,0.0,0,0.0,0
182,PAYMENT,387.08,C8669484644,1295.95,908.87,M3846182436,0.0,0.0,0,0.0,0
325,PAYMENT,1.0,C1121863227,0.0,0.0,M2328736852,0.0,0.0,0,0.0,0
456,TRANSFER,927.63,C2586568081,1202.7,275.07,C9904586976,0.0,927.63,0,0.04,0
530,PAYMENT,18547.97,C5952163720,73770.82,55222.85,M6041646576,0.0,0.0,0,0.0,0
588,CASH_OUT,1.0,C5613655595,0.0,0.0,C8584566722,21.06,21.06,0,0.05333333333333334,0
139,PAYMENT,2260.03,C9379439373,184086.8,181826.77,M4122901114,0.0,0.0,0,0.0,0
449,CASH_OUT,225335.44,C1741134891,302995.53,77660.09,C3891796055,111341.67,111341.67,1,0.0,0
219,TRANSFER,33527.06,C3875303857,57916.5,24389.44,C3109688769,0.0,33527.06,0,0.0,0
598,CASH_OUT,1.0,C2578662692,0.0,0.0,C6048096802,31067.99,31067.99,0,0.016666666666666666,0
506,TRANSFER,29158.09,C2405746777,43277.5,14119.41,C5334769475,65.22,29223.31,0,0.0,0
139,TRANSFER,2953.13,C1408988968,4129.79,1176.66,C7099469983,24115.8,24115.8,1,0.0,0
183,PAYMENT,196.1,C4633257620,445.89,249.79,M2916502228,0.0,0.0,0,0.0,0
330,TRANSFER,642.68,C5607762160,828.82,186.14,C7248258423,73896.24,74538.92,0,0.0,0
44,PAYMENT,302.19,C9597198563,1467.34,1165.15,M7168105904,0.0,0.0,0,0.0,0
272,PAYMENT,1.0,C8390631634,0.0,0.0,M8144889126,0.0,0.0,0,0.0,0
675,TRANSFER,5109.92,C4734111722,4884.58,0.0,C7226553010,113406.44,113406.44,1,0.02,0
434,TRANSFER,34.9,C9858643842,100.07,65.17,C1131671246,22527.91,22562.81,0,0.0033333333333333335,0
46,PAYMENT,1.0,C6642266247,0.0,0.0,M1240140248,0.0,0.0,0,0.0,0
340,TRANSFER,27088.23,C4538382315,25094.84,0.0,C6761084958,57471.11,84559.34,1,0.0033333333333333335,0
238,PAYMENT,10697.09,C3188382776,49136.92,38439.83,M9441870024,0.0,0.0,0,0.0,0
510,PAYMENT,3115.29,C1870644102,46663.48,43548.19,M9558906999,0.0,0.0,0,0.0,0
343,PAYMENT,10210.74,C4131356954,64520.01,54309.27,M1694904767,0.0,0.0,0,0.0,0
10,TRANSFER,170105.98,C2850820685,242833.44,72727.46,C8366884200,3214.52,3214.52,1,0.006666666666666667,0
77,TRANSFER,45467.44,C5010075517,48310.79,2843.35,C2732553940,115901.04,161368.48,0,0.0,0
423,TRANSFER,4423.38,C8471762590,3945.27,0.0,C4042413312,58.03,58.03,1,0.6566666666666666,1
403,CASH_IN,32293.56,C2848792488,0.0,32293.56,C5728897164,81202.61,81202.61,0,0.0,0
685,TRANSFER,14466.08,C8180620422,13452.45,0.0,M9021793855,0.0,0.0,1,0.8533333333333334,1
236,PAYMENT,14580.82,C7190276026,183547.0,168966.18,M6992094064,0.0,0.0,0,0.0,0
52,CASH_OUT,8841.92,C2953462417,7867.99,0.0,M6495967005,0.0,0.0,1,0.07,0
148,PAYMENT,1.0,C3147818256,0.0,0.0,M7437168216,0.0,0.0,0,0.0,0
11,TRANSFER,344.98,C7597996327,35747.59,35402.61,C7376649850,78713.04,79058.02,0,0.0,0
512,TRANSFER,39201.0,C7590302909,42123.27,2922.27,C3343459102,106398.53,106398.53,1,0.0,0
426,CASH_IN,64183.67,C9623534576,2736.01,66919.68,C3338877621,65575.3,65575.3,0,0.0,0
91,TRANSFER,33989.68,C1110533960,37664.12,3674.44,C5400463094,134949.52,134949.52,1,0.0,0
110,PAYMENT,1.0,C9751963589,0.0,0.0,M1306420495,0.0,0.0,0,0.0033333333333333335,0
262,TRANSFER,5107.83,C8086172302,5033.47,0.0,C2635231601,0.0,0.0,1,0.8166666666666667,1
403,PAYMENT,9755.11,C2566942273,43784.32,34029.21,M2541015125,0.0,0.0,0,0.0,0
206,CASH_OUT,1.0,C2227193073,0.0,0.0,C9098129449,22798.47,22798.47,0,0.0,0
80,PAYMENT,18408.91,C6576426590,27355.33,8946.42,M1442421654,0.0,0.0,0,0.0,0
664,TRANSFER,2385.09,C1952396600,2973.03,587.94,M6865994703,0.0,0.0,1,0.2833333333333333,0
201,TRANSFER,93.84,C6046864799,133.46,39.62,C8638763775,0.0,93.84,0,0.15666666666666668,0
253,PAYMENT,8551.95,C6715705115,9885.18,1333.23,M8144889126,0.0,0.0,0,0.0,0
610,CASH_OUT,681.67,C8650676663,943.19,261.52,C6131005449,97758.0,97758.0,0,0.0033333333333333335,0
343,TRANSFER,1.0,C3117951204,0.0,0.0,C6317889312,91589.37,91590.37,0,0.0,0
187,DEBIT,1.0,C5633956194,0.0,0.0,M1711271599,0.0,0.0,0,0.03,0
188,DEBIT,6906.8,C5710360983,10956.04,4049.24,M6999146585,0.0,0.0,0,0.02,0
223,CASH_OUT,1015.99,C4524233168,1615.38,599.39,C2982979741,117625.81,117625.81,0,0.0,0
483,PAYMENT,1182.13,C7403028869,196859.93,195677.8,M3094407076,0.0,0.0,0,0.0,0
559,PAYMENT,5020.78,C1340272119,178563.18,173542.4,M7192742877,0.0,0.0,0,0.0,0
710,TRANSFER,3644.04,C5278201677,3561.85,0.0,C7710396573,1837.45,5481.49,1,0.21,0
605,PAYMENT,4020.83,C4482238042,150672.95,146652.12,M2328736852,0.0,0.0,0,0.0,0
374,TRANSFER,1.0,C8387664437,0.0,0.0,C2962491159,0.0,1.0,0,0.22,0
133,PAYMENT,18385.62,C9856756553,140874.44,122488.82,M3369412470,0.0,0.0,0,0.0,0
448,TRANSFER,14445.81,C8949781901,13263.68,0.0,C1139082827,90773.63,90773.63,1,0.01,0
623,CASH_OUT,2803.61,C4997866845,10203.54,7399.93,C7208619610,60491.27,60491.27,0,0.0033333333333333335,0
450,PAYMENT,2495.12,C2965718821,184629.47,182134.35,M3072183247,0.0,0.0,0,0.0,0
613,PAYMENT,1.0,C3169561289,0.0,0.0,M7537130187,0.0,0.0,0,0.0,0
511,TRANSFER,183993.15,C2099184899,176538.94,0.0,M9043367776,0.0,0.0,1,0.9733333333333334,1
252,CASH_OUT,5055.68,C3837784389,4756.11,0.0,M3457877922,0.0,0.0,1,0.07666666666666666,0
560,CASH_OUT,138972.75,C5673482258,125266.99,0.0,C9868845806,11568.78,11568.78,1,0.11333333333333333,0
27,PAYMENT,31.29,C4643576871,150.5,119.21,M5315720088,0.0,0.0,0,0.0,0
2,TRANSFER,7039.27,C9428056968,12461.95,5422.68,C7736142481,15694.05,22733.32,0,0.0033333333333333335,0
504,PAYMENT,95.9,C9837912162,19885.95,19790.05,M6525576685,0.0,0.0,0,0.0,0
218,CASH_OUT,260.48,C3205292512,539.63,279.15,C2771211118,95350.71,95350.71,0,0.0,0
394,PAYMENT,1105.72,C5728897164,81202.61,80096.89,M8144352013,0.0,0.0,0,0.0,0
225,CASH_OUT,122213.43,C1510289448,135160.16,12946.73,C7019900273,50779.75,50779.75,1,0.0,0
492,CASH_OUT,64526.34,C8261111839,89707.64,25181.3,C2586568081,275.07,275.07,0,0.006666666666666667,0
175,TRANSFER,1.01,C3597724331,176139.92,176138.91,C2879792991,0.0,1.01,0,0.11,0
224,PAYMENT,1132.35,C1197092148,76629.06,75496.71,M7192742877,0.0,0.0,0,0.0,0
321,TRANSFER,1762.51,C8033702319,1733.56,0.0,C5612645121,15639.38,15639.38,1,0.0033333333333333335,0
134,PAYMENT,3847.05,C4765583254,55956.71,52109.66,M1647181551,0.0,0.0,0,0.0,0
610,TRANSFER,4422.19,C6134840512,4887.23,465.04,M2910594463,0.0,0.0,1,0.3233333333333333,0
546,DEBIT,1.0,C9989642546,0.52,0.0,M8874242713,0.0,0.0,0,0.043333333333333335,0
306,CASH_OUT,144.77,C9771848610,219.18,74.41,C5512036684,59483.88,59483.88,0,0.0033333333333333335,0
662,PAYMENT,5585.55,C3893976444,161403.57,155818.02,M6361225622,0.0,0.0,0,0.0,0
610,PAYMENT,4372.9,C3482206102,53957.88,49584.98,M9640701016,0.0,0.0,0,0.0,0
251,CASH_OUT,4878.08,C4930438209,5863.27,985.19,C7248258423,74538.92,74538.92,1,0.0,0
616,PAYMENT,17226.21,C2515672889,125831.06,108604.85,M8643636805,0.0,0.0,0,0.0,0
328,TRANSFER,1364.51,C3127657643,1337.62,0.0,M3690714075,0.0,0.0,1,0.36,0
228,TRANSFER,7084.8,C4242550727,8734.64,1649.84,C5364727160,0.0,7084.8,0,0.0,0
636,TRANSFER,36550.41,C1182758417,42203.33,5652.92,C8055515912,69728.64,69728.64,1,0.0,0
685,CASH_IN,3769.57,C7166868574,141972.16,145741.73,C5254923696,251037.46,251037.46,0,0.0,0
609,TRANSFER,235015.98,C3484872186,332814.22,97798.24,C8507497883,0.0,0.0,1,0.2833333333333333,0
117,PAYMENT,1573.2,C2602884797,67679.94,66106.74,M6200141898,0.0,0.0,0,0.0,0
331,PAYMENT,1807.48,C9744120054,115298.58,113491.1,M9444143872,0.0,0.0,0,0.0,0
190,TRANSFER,87195.6,C8086684009,113629.81,26434.21,M1666898313,0.0,0.0,1,0.26,0
253,DEBIT,1.0,C8441393731,0.0,0.0,M2711123163,0.0,0.0,0,0.03666666666666667,0
200,PAYMENT,1952.93,C6844582171,7765.28,5812.35,M9098037639,0.0,0.0,0,0.0,0
600,PAYMENT,5532.36,C9370133343,160394.65,154862.29,M7537130187,0.0,0.0,0,0.0,0
123,DEBIT,13971.57,C8755749566,26217.85,12246.28,M7861571879,0.0,0.0,0,0.02,0
645,PAYMENT,365.3,C9376277483,73104.9,72739.6,M3297681898,0.0,0.0,0,0.0,0
719,CASH_IN,130741.35,C4455798713,9455.53,140196.88,C6576395496,41952.1,41952.1,0,0.0,0
254,CASH_OUT,4358.02,C1471997674,4102.18,0.0,M9933702652,0.0,0.0,1,0.08333333333333333,0
395,TRANSFER,15264.0,C8086684009,26434.21,11170.21,C4602080228,127603.93,142867.93,0,0.0,0
334,CASH_IN,80614.38,C8134112721,0.0,80614.38,C9302705838,46484.03,46484.03,0,0.0,0
703,PAYMENT,4184.1,C9660523876,32433.37,28249.27,M2249831874,0.0,0.0,0,0.0,0
144,PAYMENT,10920.68,C6634526139,13560.73,2640.05,M3369412470,0.0,0.0,0,0.0,0
18,TRANSFER,746.52,C2052811909,2402.89,1656.37,C9263135031,23668.69,24415.21,0,0.0,0
365,TRANSFER,47194.1,C7059591606,66672.47,19478.37,C7873709012,193502.76,193502.76,1,0.0,0
687,TRANSFER,18227.4,C9837912162,19790.05,1562.65,M1692044390,0.0,0.0,1,0.32666666666666666,0
565,CASH_IN,24927.89,C7573442717,149456.74,174384.63,C1857596764,2463.67,2463.67,0,0.0,0
285,PAYMENT,1.0,C1977515194,0.0,0.0,M5734228580,0.0,0.0,0,0.0,0
519,PAYMENT,6029.53,C8317619798,7794.01,1764.48,M4952177946,0.0,0.0,0,0.0,0
708,PAYMENT,514.92,C8274273035,768.55,253.63,M5937271321,0.0,0.0,0,0.0033333333333333335,0
146,PAYMENT,14.98,C9858643842,65.17,50.19,M2115406331,0.0,0.0,0,0.0,0
465,CASH_IN,91181.29,C2073755632,3263.37,94444.66,C6618926823,1781.3,1781.3,0,0.0033333333333333335,0
47,PAYMENT,14451.94,C9263135031,24415.21,9963.27,M5564953924,0.0,0.0,0,0.0,0
548,TRANSFER,141245.67,C7961674558,197810.1,56564.43,M5734228580,0.0,0.0,1,0.3,0
496,TRANSFER,34488.46,C3567900251,59095.12,24606.66,C1293864877,501.09,34989.55,0,0.0,0
571,PAYMENT,1.0,C7154795660,0.0,0.0,M4399143287,0.0,0.0,0,0.0,0
485,CASH_OUT,4475.56,C5272119095,4552.13,76.57,M8646369354,0.0,0.0,1,0.08,0
542,PAYMENT,1300.62,C6879428703,42740.69,41440.07,M4122901114,0.0,0.0,0,0.0,0
514,CASH_OUT,4125.64,C2266622851,3543.05,0.0,C3371357111,42341.94,42341.94,1,0.25666666666666665,0
166,TRANSFER,13490.66,C6515369278,14997.2,1506.54,M8790289305,0.0,0.0,1,0.23333333333333334,0
359,PAYMENT,1649.95,C3698305085,5020.24,3370.29,M1458227039,0.0,0.0,0,0.0,0
4,CASH_OUT,44614.74,C3346569443,79521.05,34906.31,C7185179917,125.49,125.49,0,0.0,0
675,TRANSFER,41508.31,C8761956684,39750.43,0.0,C1519709079,0.0,0.0,1,0.9,1
546,CASH_OUT,65.01,C2771211118,95350.71,95285.7,C9309500117,8130.63,8130.63,0,0.0,0
554,CASH_OUT,1.0,C3777580509,0.0,0.0,C7928074841,33984.77,33984.77,0,0.02,0
516,TRANSFER,12828.6,C4990452762,18052.17,5223.57,M1413599241,0.0,0.0,1,0.30666666666666664,0
117,CASH_OUT,142025.53,C4386667704,133036.12,0.0,M5156392601,0.0,0.0,1,0.06,0
311,PAYMENT,1.0,C6720572969,0.0,0.0,M7168105904,0.0,0.0,0,0.0,0
697,PAYMENT,941.29,C9945002229,1015.52,74.23,M3495411322,0.0,0.0,0,0.0,0
92,TRANSFER,10550.9,C2601198885,10271.49,0.0,M9444143872,0.0,0.0,1,0.8533333333333334,1
43,PAYMENT,15.62,C7664258343,701.95,686.33,M5694439775,0.0,0.0,0,0.0,0
657,PAYMENT,7.28,C1506211965,79789.55,79782.27,M3690714075,0.0,0.0,0,0.0,0
585,PAYMENT,1.0,C5694806361,0.0,0.0,M6894024976,0.0,0.0,0,0.0,0
639,CASH_OUT,18967.17,C5150090143,16348.79,0.0,M9590331226,0.0,0.0,1,0.19666666666666666,0
672,TRANSFER,41121.6,C7623575561,82123.66,41002.06,C8570333548,210.38,41331.98,0,0.0,0
169,PAYMENT,461.73,C3271361431,778.65,316.92,M1711271599,0.0,0.0,0,0.0,0
227,CASH_OUT,82815.49,C5728897164,80096.89,0.0,M9631695368,0.0,0.0,1,0.043333333333333335,0
663,CASH_OUT,94202.24,C7397963801,146003.55,51801.31,C3780475472,575.99,575.99,0,0.0,0
412,TRANSFER,174.94,C1248786714,33246.66,33071.72,C4201225242,197773.54,197948.48,0,0.0,0
36,TRANSFER,74191.23,C9376711497,70608.69,0.0,M6101516825,0.0,0.0,1,0.8966666666666666,1
564,TRANSFER,7840.28,C2423995953,24176.95,16336.67,C7660813178,21903.8,29744.08,0,0.0,0
324,TRANSFER,9429.0,C5957341287,10262.69,833.69,M7928143230,0.0,0.0,1,0.23333333333333334,0
515,PAYMENT,22457.06,C7487012742,130100.49,107643.43,M7168105904,0.0,0.0,0,0.0,0
514,DEBIT,10835.4,C7857580528,12267.33,1431.93,M2711123163,0.0,0.0,0,0.03333333333333333,0
106,TRANSFER,102413.96,C7934137693,102273.94,0.0,M7969674420,0.0,0.0,1,0.9633333333333334,1
563,TRANSFER,81913.62,C6955593943,70388.24,0.0,M6790024996,0.0,0.0,1,0.8833333333333333,1
158,PAYMENT,1.0,C8387664437,0.0,0.0,M8727805468,0.0,0.0,0,0.0,0
452,TRANSFER,503.19,C3598862507,1565.85,1062.66,C1230249217,29139.83,29643.02,0,0.006666666666666667,0
599,PAYMENT,4115.52,C6837342064,7268.52,3153.0,M3019265031,0.0,0.0,0,0.0,0
373,CASH_OUT,58352.61,C9270323795,63037.82,4685.21,M2303835765,0.0,0.0,1,0.0033333333333333335,0
238,PAYMENT,12.08,C4750707607,23.31,11.23,M3317856944,0.0,0.0,0,0.0,0
285,TRANSFER,3767.24,C9136780852,4559.51,792.27,M4588312351,0.0,0.0,1,0.22,0
428,CASH_OUT,1399.69,C7199283151,21259.4,19859.71,C6048096802,31067.99,31067.99,0,0.013333333333333334,0
190,PAYMENT,1.0,C2879792991,1.01,0.01,M6865994703,0.0,0.0,0,0.0,0
425,PAYMENT,12.29,C9508499533,17.43,5.14,M6130446648,0.0,0.0,0,0.0,0
588,PAYMENT,6919.51,C4735334423,8226.07,1306.56,M9068916300,0.0,0.0,0,0.0,0
261,PAYMENT,6.05,C2370592316,83965.16,83959.11,M8861351706,0.0,0.0,0,0.0,0
194,CASH_OUT,1.0,C9327720702,0.0,0.0,C8505373158,29259.72,29259.72,0,0.0,0
169,PAYMENT,1.04,C3465883999,102996.64,102995.6,M6732306182,0.0,0.0,0,0.0,0
498,TRANSFER,3225.21,C5476654128,3861.92,636.71,C3305069227,33.92,33.92,1,0.23,0
446,PAYMENT,414.21,C8093179263,619.22,205.01,M8548290298,0.0,0.0,0,0.0,0
362,PAYMENT,1.0,C6645808194,0.0,0.0,M6282009986,0.0,0.0,0,0.0,0
157,PAYMENT,18082.92,C9697414638,149771.37,131688.45,M3457877922,0.0,0.0,0,0.0,0
369,CASH_OUT,748.07,C5957341287,833.69,85.62,C5883933127,1054.72,1054.72,0,0.006666666666666667,0
644,PAYMENT,1.4,C5778781449,1675.84,1674.44,M9026301048,0.0,0.0,0,0.0,0
412,TRANSFER,160465.05,C1798112150,278817.22,118352.17,C6576426590,8946.42,169411.47,0,0.0,0
663,DEBIT,1.0,C5569295400,0.0,0.0,M5315720088,0.0,0.0,0,0.05333333333333334,0
155,PAYMENT,3325.52,C4274958945,9265.38,5939.86,M2555936898,0.0,0.0,0,0.0,0
543,CASH_OUT,27635.63,C4566852761,46661.14,19025.51,C6075963527,47655.4,47655.4,0,0.0,0
163,PAYMENT,260.41,C8316205130,139713.86,139453.45,M3965860354,0.0,0.0,0,0.0,0
458,PAYMENT,5323.11,C8115628227,11781.82,6458.71,M6525576685,0.0,0.0,0,0.0,0
519,CASH_OUT,1.0,C9989642546,0.0,0.0,C3098948446,0.0,0.0,0,0.06,0
551,TRANSFER,7929.1,C3965676060,11097.47,3168.37,C4630196130,39550.82,47479.92,0,0.0033333333333333335,0
589,TRANSFER,3588.05,C3878201524,3949.25,361.2,C2836553621,0.0,0.0,1,0.31333333333333335,0
507,CASH_OUT,92253.79,C1173215225,102001.6,9747.81,C5293274004,0.91,0.91,1,0.016666666666666666,0
619,PAYMENT,985.8,C2191714875,73488.94,72503.14,M8144352013,0.0,0.0,0,0.0,0
665,PAYMENT,395.88,C6995554056,1768.82,1372.94,M5985331805,0.0,0.0,0,0.0,0
78,DEBIT,2382.89,C2761091683,4234.39,1851.5,M1694904767,0.0,0.0,0,0.016666666666666666,0
612,CASH_OUT,1192.49,C9894847574,1233.18,40.69,M4035639663,0.0,0.0,1,0.04,0
105,CASH_OUT,1.0,C1304205279,0.0,0.0,C6714723660,5689.86,5689.86,0,0.0,0
17,TRANSFER,112577.18,C1626733282,123482.22,10905.04,M2839566253,0.0,0.0,1,0.19,0
123,PAYMENT,1.0,C3777580509,0.0,0.0,M3495411322,0.0,0.0,0,0.0,0
363,CASH_OUT,7018.66,C9248046539,7220.18,201.52,M9576264323,0.0,0.0,1,0.013333333333333334,0
497,CASH_OUT,97340.53,C2646331504,131146.06,33805.53,C7824150224,0.0,0.0,1,0.013333333333333334,0
437,CASH_OUT,57483.84,C3338877621,65575.3,8091.46,M2228388623,0.0,0.0,1,0.013333333333333334,0
39,PAYMENT,15714.82,C6204862411,66599.21,50884.39,M1811839103,0.0,0.0,0,0.0,0
319,PAYMENT,356.09,C3346569443,34906.31,34550.22,M9020002737,0.0,0.0,0,0.0,0
345,CASH_OUT,198467.27,C8761469117,173049.95,0.0,C8854238082,104653.18,104653.18,1,0.01,0
102,CASH_OUT,380.76,C2431779064,1294.97,914.21,C8987073217,155203.31,155203.31,0,0.0,0
62,PAYMENT,5269.77,C3815389788,6074.62,804.85,M4601406440,0.0,0.0,0,0.0,0
509,PAYMENT,60.69,C9677466102,20143.96,20083.27,M2695447268,0.0,0.0,0,0.0,0
578,PAYMENT,18275.68,C5523703900,32501.55,14225.87,M2555936898,0.0,0.0,0,0.0,0
433,PAYMENT,1.0,C9860949331,0.0,0.0,M6999146585,0.0,0.0,0,0.0,0
566,TRANSFER,75309.82,C5433722159,104453.92,29144.1,M8740820392,0.0,0.0,1,0.29,0
483,PAYMENT,1.0,C9943959352,0.0,0.0,M4125758723,0.0,0.0,0,0.0,0
203,PAYMENT,9.26,C8934927891,21.74,12.48,M8083396378,0.0,0.0,0,0.0,0
54,CASH_OUT,1.0,C1304205279,0.0,0.0,C3918046336,13630.38,13630.38,0,0.0,0
494,TRANSFER,4544.32,C4147025728,4749.33,205.01,M5412437658,0.0,0.0,1,0.3333333333333333,0
669,TRANSFER,1.0,C5025070544,0.0,0.0,C9741628563,3672.48,3673.48,0,0.043333333333333335,0
237,CASH_OUT,92260.4,C9922723063,118840.49,26580.09,M8144352013,0.0,0.0,1,0.0,0
213,TRANSFER,214939.69,C4693510920,198023.1,0.0,C9533595495,161546.65,161546.65,1,0.0033333333333333335,0
115,CASH_OUT,64445.46,C8506931282,54830.28,0.0,C8758809005,34538.7,34538.7,1,0.01,0
502,PAYMENT,10.13,C8750840032,20.2,10.07,M7514017540,0.0,0.0,0,0.0,0
319,PAYMENT,47.56,C9842186844,153.21,105.65,M3156792018,0.0,0.0,0,0.0,0
645,TRANSFER,5922.27,C2423995953,16336.67,10414.4,C5358791907,0.0,5922.27,0,0.02666666666666667,0
421,CASH_OUT,4375.29,C3734252963,9316.92,4941.63,C4765583254,52109.66,52109.66,0,0.006666666666666667,0
654,TRANSFER,75209.36,C7573691558,123676.02,48466.66,C3780439666,5128.88,80338.24,0,0.0,0
553,PAYMENT,13186.41,C1657675888,77207.1,64020.69,M7192742877,0.0,0.0,0,0.0,0
33,PAYMENT,4186.39,C7415801613,128110.71,123924.32,M1096405016,0.0,0.0,0,0.0,0
149,CASH_OUT,13913.42,C2914590233,11636.33,0.0,C2905584866,5908.06,5908.06,1,0.03666666666666667,0
3,CASH_OUT,22125.99,C7519578899,22341.74,215.75,M6313472215,0.0,0.0,1,0.016666666666666666,0
119,CASH_OUT,4121.53,C4919706735,3450.45,0.0,M9021793855,0.0,0.0,1,0.056666666666666664,0
335,CASH_OUT,677.76,C5151887478,613.51,0.0,C5184564874,18.72,18.72,1,0.19333333333333333,0
704,PAYMENT,284.09,C8257484586,9912.07,9627.98,M9444143872,0.0,0.0,0,0.0,0
396,DEBIT,5920.99,C4403845222,22634.32,16713.33,M1096405016,0.0,0.0,0,0.016666666666666666,0
300,TRANSFER,18430.28,C8261111839,25181.3,6751.02,C5083595988,2407.25,20837.53,1,0.0,0
460,TRANSFER,499.24,C6069848439,466.91,0.0,C4627032705,149344.68,149843.92,1,0.0,0
113,TRANSFER,54562.54,C2293434554,88180.37,33617.83,C8047877267,85760.41,140322.95,0,0.0,0
613,PAYMENT,3575.15,C8109891300,35543.88,31968.73,M3636366799,0.0,0.0,0,0.0,0
452,PAYMENT,496.01,C1590985753,523.05,27.04,M7537130187,0.0,0.0,0,0.0,0
374,PAYMENT,1069.86,C5634076661,5074.95,4005.09,M4820942294,0.0,0.0,0,0.0,0
187,TRANSFER,4608.38,C6844582171,5812.35,1203.97,M3605446007,0.0,0.0,1,0.19333333333333333,0
540,PAYMENT,1.0,C8339176912,0.0,0.0,M3846182436,0.0,0.0,0,0.0,0
434,TRANSFER,75678.29,C4748302739,82002.7,6324.41,M4242579642,0.0,0.0,1,0.32,0
84,TRANSFER,893.88,C3380064537,172219.26,171325.38,C7070083150,18.54,912.42,0,0.0033333333333333335,0
346,CASH_OUT,2888.11,C3171050399,2780.12,0.0,M6786043791,0.0,0.0,1,0.13333333333333333,0
404,PAYMENT,1346.3,C8809871735,1525.4,179.1,M7702529931,0.0,0.0,0,0.0,0
537,CASH_OUT,28377.31,C3109688769,33527.06,5149.75,C3772636814,0.0,0.0,0,0.013333333333333334,0
102,PAYMENT,137.43,C5275521470,16962.41,16824.98,M8874242713,0.0,0.0,0,0.0,0
265,CASH_OUT,597.24,C4405620755,628.42,31.18,M6651020291,0.0,0.0,1,0.006666666666666667,0
313,PAYMENT,4183.66,C3597724331,176138.91,171955.25,M4211837506,0.0,0.0,0,0.0,0
482,DEBIT,12665.37,C8239941612,14206.13,1540.76,M3595066420,0.0,0.0,0,0.04,0
699,TRANSFER,1.0,C5604529187,0.0,0.0,C7215110267,528.95,529.95,0,0.07666666666666666,0
556,CASH_OUT,1979.39,C7635473142,2276.24,296.85,C7808938880,15232.41,15232.41,0,0.006666666666666667,0
666,PAYMENT,355.76,C5868640848,1332.42,976.66,M6583604299,0.0,0.0,0,0.0,0
30,PAYMENT,208.82,C5800633419,126628.7,126419.88,M3534186676,0.0,0.0,0,0.0,0
689,CASH_OUT,93099.09,C9457665185,96859.8,3760.71,M9021793855,0.0,0.0,1,0.02,0
90,PAYMENT,1.0,C2893321208,0.0,0.0,M1857561275,0.0,0.0,0,0.0,0
433,CASH_OUT,160875.44,C4602080228,142867.93,0.0,M3094407076,0.0,0.0,1,0.18666666666666668,0
325,CASH_OUT,84362.38,C8084809436,74225.13,0.0,M2916502228,0.0,0.0,1,0.05333333333333334,0
153,PAYMENT,772.59,C3744446292,139262.23,138489.64,M4306983924,0.0,0.0,0,0.0,0
706,TRANSFER,113751.41,C8923555411,149465.95,35714.54,C7092693247,1687.94,1687.94,1,0.04666666666666667,0
485,PAYMENT,355.48,C9370133343,154862.29,154506.81,M6744039057,0.0,0.0,0,0.0,0
541,CASH_OUT,4214.5,C9741628563,3673.48,0.0,M2541015125,0.0,0.0,1,0.23,0
130,CASH_OUT,529.02,C8236980551,1057.51,528.49,C6470052645,127081.3,127081.3,0,0.0,0
230,DEBIT,301.38,C3144490990,151261.46,150960.08,M8727805468,0.0,0.0,0,0.0033333333333333335,0
719,PAYMENT,1.0,C1282103057,0.0,0.0,M5380159400,0.0,0.0,0,0.0,0
508,TRANSFER,113586.25,C7415801613,123924.32,10338.07,M2885370603,0.0,0.0,1,0.32,0
595,PAYMENT,9546.62,C1083651970,30699.24,21152.62,M1888107487,0.0,0.0,0,0.0,0
295,CASH_OUT,4985.46,C7608153267,4282.21,0.0,C5022964382,201409.71,201409.71,1,0.0,0
230,PAYMENT,9133.99,C7374810067,70489.93,61355.94,M9576264323,0.0,0.0,0,0.0,0
701,CASH_OUT,86941.65,C6334440295,89837.62,2895.97,M2249831874,0.0,0.0,1,0.023333333333333334,0
701,PAYMENT,92.9,C5474951950,116.04,23.14,M3846182436,0.0,0.0,0,0.0,0
540,CASH_OUT,4934.91,C1855256552,4841.17,0.0,M1888107487,0.0,0.0,1,0.2,0
511,CASH_OUT,124355.06,C8953271391,111540.19,0.0,M7651029165,0.0,0.0,1,0.14,0
481,TRANSFER,1039.2,C9272277508,1137.87,98.67,C9285415473,28558.57,28558.57,1,0.01,0
160,PAYMENT,1.0,C2513206988,0.0,0.0,M8858274691,0.0,0.0,0,0.0,0
496,PAYMENT,15099.23,C7805633786,150431.4,135332.17,M6659847491,0.0,0.0,0,0.0,0
220,PAYMENT,355.48,C1772303297,533.73,178.25,M1096405016,0.0,0.0,0,0.0,0
571,PAYMENT,12804.39,C8318855178,18145.9,5341.51,M8443061472,0.0,0.0,0,0.0,0
368,TRANSFER,53917.49,C7296658772,61616.44,7698.95,M6045729129,0.0,0.0,1,0.23666666666666666,0
157,TRANSFER,3232.02,C3214080278,104719.38,101487.36,C3205292512,279.15,3511.17,0,0.0,0
408,PAYMENT,565.18,C1400330495,1087.89,522.71,M7050091525,0.0,0.0,0,0.0,0
651,TRANSFER,3729.16,C2068687175,3511.99,0.0,C1110724913,0.0,0.0,1,0.9433333333333334,1
391,TRANSFER,163420.83,C9557663181,169107.85,5687.02,M3369412470,0.0,0.0,1,0.29333333333333333,0
672,CASH_OUT,69045.55,C6169243284,89085.69,20040.14,C8982597239,2075.7,2075.7,1,0.0033333333333333335,0
121,TRANSFER,150291.0,C2524751277,151681.6,1390.6,C4518871744,55471.6,205762.6,0,0.0,0
153,DEBIT,1.0,C2647489402,0.0,0.0,M9576264323,0.0,0.0,0,0.03,0
400,PAYMENT,809.2,C4163119785,1766.71,957.51,M2869931869,0.0,0.0,0,0.0,0
440,CASH_OUT,515.63,C8272725281,620.79,105.16,M1096405016,0.0,0.0,1,0.05,0
179,CASH_OUT,5898.54,C9935429720,11987.84,6089.3,C2465576748,936.63,936.63,0,0.0,0
667,TRANSFER,1456.52,C1553753599,1847.75,391.23,C7805633786,135332.17,136788.69,0,0.006666666666666667,0
693,CASH_OUT,1.0,C3303082117,0.0,0.0,C5903457537,833.29,833.29,0,0.043333333333333335,0
609,CASH_OUT,1578.82,C8737025391,1701.92,123.1,M2115406331,0.0,0.0,1,0.03,0
632,CASH_OUT,24655.86,C9441018790,32105.2,7449.34,M4952177946,0.0,0.0,1,0.013333333333333334,0
338,CASH_OUT,128348.61,C7226553010,113406.44,0.0,C2780016559,0.0,0.0,1,0.05333333333333334,0
368,CASH_OUT,42457.38,C4282810353,50767.67,8310.29,C2317723211,895.05,895.05,0,0.0,0
622,TRANSFER,2106.27,C6110943464,2409.59,303.32,M6651754819,0.0,0.0,1,0.32,0
534,PAYMENT,270.92,C5367513465,147528.69,147257.77,M6846530109,0.0,0.0,0,0.0,0
153,TRANSFER,11050.79,C4877520294,13749.24,2698.45,M1199447370,0.0,0.0,1,0.22333333333333333,0
487,PAYMENT,562.68,C8083175325,657.82,95.14,M6866146362,0.0,0.0,0,0.0,0
267,TRANSFER,63650.97,C8624454880,78641.73,14990.76,C8755749566,12246.28,75897.25,0,0.0,0
107,TRANSFER,27502.56,C6822870815,24380.6,0.0,M9410569618,0.0,0.0,1,0.82,1
572,PAYMENT,19178.82,C4630196130,47479.92,28301.1,M9043367776,0.0,0.0,0,0.0,0
486,CASH_OUT,1332.51,C9369574998,1194.56,0.0,C5141285960,100456.7,100456.7,1,0.09666666666666666,0
492,CASH_OUT,3890.07,C5409514899,4847.13,957.06,C1736086849,26338.25,26338.25,1,0.013333333333333334,0
127,CASH_OUT,180702.17,C1257324536,184966.28,4264.11,C3772636814,0.0,0.0,1,0.0,0
666,TRANSFER,142.13,C6477862024,160.38,18.25,M5985331805,0.0,0.0,1,0.17,0
77,CASH_OUT,16.52,C3894673596,27.15,10.63,C5358791907,5922.27,5922.27,0,0.0,0
253,PAYMENT,1091.12,C5785481124,2065.53,974.41,M7713758036,0.0,0.0,0,0.0,0
237,PAYMENT,193.47,C2586568081,275.07,81.6,M4035639663,0.0,0.0,0,0.0,0
589,TRANSFER,1207.87,C7092693247,1687.94,480.07,M3495411322,0.0,0.0,1,0.2,0
16,TRANSFER,114586.58,C3484872186,97798.24,0.0,M5194066484,0.0,0.0,1,0.5233333333333333,1
210,TRANSFER,2038.09,C9333798503,6228.43,4190.34,C5883933127,1054.72,3092.81,0,0.0,0
524,CASH_OUT,147052.3,C7845366946,180173.4,33121.1,C1141312095,100734.66,100734.66,1,0.0,0
60,PAYMENT,1524.37,C4015479599,195807.54,194283.17,M2773408660,0.0,0.0,0,0.0,0
493,TRANSFER,31.91,C2178158203,56.5,24.59,C3297096148,17908.3,17940.21,0,0.0033333333333333335,0
363,CASH_OUT,8375.04,C2428156550,11164.38,2789.34,M8646369354,0.0,0.0,1,0.01,0
241,TRANSFER,300.0,C9103115140,330.38,30.38,M8903212516,0.0,0.0,1,0.16,0
63,TRANSFER,720.54,C1526723719,1923.0,1202.46,C7608153267,0.0,720.54,0,0.0033333333333333335,0
103,CASH_IN,67788.27,C9911329062,166151.94,233940.21,C7937993287,9871.64,9871.64,0,0.0,0
107,TRANSFER,590.79,C2431779064,914.21,323.42,C6496596008,683.15,1273.94,0,0.0033333333333333335,0
502,CASH_OUT,16986.4,C5083595988,20837.53,3851.13,M2187592160,0.0,0.0,1,0.016666666666666666,0
80,PAYMENT,1.0,C5118430494,0.0,0.0,M5570190774,0.0,0.0,0,0.0,0
217,TRANSFER,63613.29,C7430757004,87691.38,24078.09,M8626371177,0.0,0.0,1,0.23,0
380,PAYMENT,769.06,C2465576748,936.63,167.57,M1711271599,0.0,0.0,0,0.0,0
460,PAYMENT,6951.63,C7098134112,64784.77,57833.14,M8458323087,0.0,0.0,0,0.0,0
490,TRANSFER,1934.23,C5646880148,2238.08,303.85,M9043367776,0.0,0.0,1,0.31333333333333335,0
677,PAYMENT,3055.35,C8730507757,3136.75,81.4,M9933702652,0.0,0.0,0,0.0,0
452,PAYMENT,3772.36,C7010379415,4287.29,514.93,M2778069478,0.0,0.0,0,0.0,0
36,PAYMENT,1.0,C9147687657,0.0,0.0,M7282885927,0.0,0.0,0,0.0,0
719,DEBIT,14427.14,C6837975356,24767.74,10340.6,M9921025990,0.0,0.0,0,0.03333333333333333,0
425,CASH_OUT,976.28,C2079501936,2211.91,1235.63,C6963052185,197327.67,197327.67,0,0.013333333333333334,0
335,PAYMENT,1794.53,C5884391502,2193.06,398.53,M1783432867,0.0,0.0,0,0.0,0
458,TRANSFER,151578.99,C6687206971,208279.87,56700.88,C5067245523,97207.19,97207.19,1,0.0,0
371,CASH_IN,125830.16,C9433570024,232.02,126062.18,C4386667704,0.0,0.0,0,0.0,0
682,PAYMENT,1.0,C7895255573,0.0,0.0,M3508990774,0.0,0.0,0,0.0,0
120,TRANSFER,35646.18,C7340498236,55046.53,19400.35,C5673482258,0.0,35646.18,0,0.0,0
249,CASH_OUT,2423.57,C8316648259,2140.87,0.0,C9744120054,113491.1,113491.1,1,0.0,0
35,TRANSFER,8341.42,C3363629219,38918.81,30577.39,C2830154607,122435.53,130776.95,0,0.0,0
74,CASH_OUT,175.18,C8480622107,405.52,230.34,C1281199333,0.0,0.0,0,0.0033333333333333335,0
264,TRANSFER,1465.36,C2452066459,1617.09,151.73,M9398575277,0.0,0.0,1,0.14,0
258,PAYMENT,1714.03,C7631970791,3024.85,1310.82,M5919148165,0.0,0.0,0,0.0,0
549,PAYMENT,5.05,C7561728644,149172.37,149167.32,M2711123163,0.0,0.0,0,0.0,0
565,PAYMENT,3806.19,C6276339732,24867.22,21061.03,M6053489772,0.0,0.0,0,0.0,0
324,PAYMENT,6194.7,C3291226621,134309.32,128114.62,M4242579642,0.0,0.0,0,0.0,0
714,PAYMENT,39.73,C1041531046,139.87,100.14,M7512767226,0.0,0.0,0,0.0,0
684,CASH_OUT,1.0,C5633956194,0.0,0.0,C2878930355,936.18,936.18,0,0.04,0
62,PAYMENT,8176.21,C3521300895,160890.71,152714.5,M4952177946,0.0,0.0,0,0.0,0
316,CASH_OUT,294789.88,C2351531223,253073.34,0.0,M7750131975,0.0,0.0,1,0.04666666666666667,0
510,TRANSFER,4616.33,C8684942020,4091.12,0.0,C3163970710,120091.91,120091.91,1,0.01,0
678,PAYMENT,8916.53,C4201225242,197948.48,189031.95,M8058679999,0.0,0.0,0,0.0,0
708,PAYMENT,1.0,C6471691689,0.0,0.0,M7537130187,0.0,0.0,0,0.0033333333333333335,0
470,PAYMENT,23031.64,C2293434554,33617.83,10586.19,M5000316394,0.0,0.0,0,0.0,0
103,PAYMENT,2970.98,C8570333548,41331.98,38361.0,M7713758036,0.0,0.0,0,0.0,0
430,CASH_OUT,22918.26,C3313993297,21229.39,0.0,C5431267548,38751.44,38751.44,1,0.043333333333333335,0
316,TRANSFER,2934.09,C4880176825,2700.94,0.0,C1306702926,191178.9,191178.9,1,0.01,0
248,TRANSFER,163.66,C8480622107,230.34,66.68,C1664885408,0.0,163.66,0,0.05333333333333334,0
505,TRANSFER,116154.37,C7287517250,152576.01,36421.64,C4405620755,31.18,116185.55,0,0.0033333333333333335,0
469,PAYMENT,1.0,C4062777850,0.0,0.0,M3595066420,0.0,0.0,0,0.0,0
307,DEBIT,10.16,C5957341287,85.62,75.46,M9916475897,0.0,0.0,0,0.023333333333333334,0
6,PAYMENT,1238.57,C4492602049,3217.68,1979.11,M7948094928,0.0,0.0,0,0.0,0
415,CASH_OUT,1091.06,C2752536389,1291.81,200.75,C1367704871,0.0,0.0,1,0.06333333333333334,0
516,PAYMENT,524.32,C8706093841,938.28,413.96,M3690714075,0.0,0.0,0,0.0,0
683,CASH_OUT,10.54,C1662259333,16.76,6.22,C1541964762,84601.34,84601.34,0,0.0033333333333333335,0
211,PAYMENT,17779.23,C4566852761,19025.51,1246.28,M8276498637,0.0,0.0,0,0.0,0
360,TRANSFER,112248.79,C6418365941,147038.3,34789.51,M4125758723,0.0,0.0,1,0.26666666666666666,0
458,PAYMENT,2892.08,C3965676060,3168.37,276.29,M4820942294,0.0,0.0,0,0.0,0
59,PAYMENT,1414.03,C3980491761,4381.04,2967.01,M8218146534,0.0,0.0,0,0.0,0
260,TRANSFER,441.83,C8199372599,478.09,36.26,C8287542751,173.12,173.12,1,0.023333333333333334,0
509,CASH_OUT,20495.12,C6448001026,26819.71,6324.59,C2914590233,0.0,0.0,0,0.013333333333333334,0
459,PAYMENT,17291.82,C7488943393,45485.89,28194.07,M6313472215,0.0,0.0,0,0.0,0
447,PAYMENT,56.67,C8730507757,81.4,24.73,M3705237613,0.0,0.0,0,0.0,0
285,PAYMENT,1422.97,C5778781449,1674.44,251.47,M4093474499,0.0,0.0,0,0.0,0
364,CASH_OUT,3173.55,C1589582865,10540.66,7367.11,C6720396142,1376.3,1376.3,0,0.0033333333333333335,0
374,CASH_OUT,1.0,C5569295400,0.0,0.0,C9080621072,83647.64,83647.64,0,0.0,0
263,PAYMENT,2049.17,C5333183840,22952.58,20903.41,M1783432867,0.0,0.0,0,0.0,0
332,TRANSFER,3972.64,C3383331379,4765.88,793.24,M5570190774,0.0,0.0,1,0.21666666666666667,0
276,CASH_OUT,9498.97,C3674551397,19276.21,9777.24,C7185179917,125.49,125.49,0,0.0,0
690,PAYMENT,23462.47,C2683446724,87365.46,63902.99,M7764117705,0.0,0.0,0,0.0,0
4,CASH_IN,118530.11,C5567816720,0.0,118530.11,C2350701477,0.0,0.0,0,0.0033333333333333335,0
221,TRANSFER,1.0,C8313706299,0.0,0.0,C1225447588,1412.96,1413.96,0,0.01,0
541,TRANSFER,25067.71,C4361393222,25421.73,354.02,C9974165440,1.55,25069.26,0,0.016666666666666666,0
335,DEBIT,44329.8,C7487012742,107643.43,63313.63,M5156392601,0.0,0.0,0,0.013333333333333334,0
569,PAYMENT,1147.65,C3206955437,1678.25,530.6,M7537130187,0.0,0.0,0,0.0,0
437,PAYMENT,1.0,C8382488970,0.0,0.0,M5380159400,0.0,0.0,0,0.0,0
652,TRANSFER,147685.73,C8570850267,187838.05,40152.32,M9916475897,0.0,0.0,1,0.30666666666666664,0
615,CASH_OUT,12120.43,C4572433066,51655.97,39535.54,C3362646960,0.0,0.0,0,0.013333333333333334,0
494,PAYMENT,2560.3,C5296710795,38933.73,36373.43,M4820942294,0.0,0.0,0,0.0,0
490,CASH_OUT,1.0,C3933213766,0.0,0.0,C4928783441,81.78,81.78,0,0.06,0
109,PAYMENT,3143.41,C9309500117,8130.63,4987.22,M7351460539,0.0,0.0,0,0.0,0
697,PAYMENT,15420.82,C7389111087,21413.62,5992.8,M9098037639,0.0,0.0,0,0.0,0
352,PAYMENT,8319.65,C3880327491,89271.34,80951.69,M6495967005,0.0,0.0,0,0.0,0
358,PAYMENT,8886.44,C1798112150,118352.17,109465.73,M4601406440,0.0,0.0,0,0.0,0
146,TRANSFER,107612.27,C8763140509,134795.32,27183.05,M9065458220,0.0,0.0,1,0.24333333333333335,0
316,TRANSFER,83.4,C9916336966,148.87,65.47,C6341783555,79026.19,79109.59,0,0.0,0
238,CASH_OUT,11168.07,C4427620889,10350.9,0.0,C9751963589,0.0,0.0,1,0.12333333333333334,0
289,CASH_OUT,3768.12,C8761469117,3265.8,0.0,M7437168216,0.0,0.0,1,0.12333333333333334,0
121,PAYMENT,3718.71,C1383539822,219536.38,215817.67,M6361225622,0.0,0.0,0,0.0,0
270,TRANSFER,63791.11,C1104906255,68513.49,4722.38,M8030400668,0.0,0.0,1,0.24,0
97,TRANSFER,458.98,C6710338189,594.12,135.14,M8727805468,0.0,0.0,1,0.15333333333333332,0
237,DEBIT,1.0,C3328710672,0.0,0.0,M6692705133,0.0,0.0,0,0.03666666666666667,0
443,TRANSFER,6928.02,C8182649048,119145.85,112217.83,C5071897791,29.98,6958.0,0,0.0033333333333333335,0
298,TRANSFER,40094.99,C8880079328,49262.72,9167.73,C8453283834,2060.33,42155.32,0,0.0,0
693,CASH_IN,37096.15,C4659306670,3422.15,40518.3,C7792729530,424.62,424.62,0,0.0,0
308,PAYMENT,1854.71,C9516893896,14998.31,13143.6,M9576264323,0.0,0.0,0,0.0,0
564,PAYMENT,1.94,C4490722186,49639.18,49637.24,M8643636805,0.0,0.0,0,0.0,0
184,PAYMENT,24750.09,C1654477195,53669.15,28919.06,M6041646576,0.0,0.0,0,0.0,0
590,TRANSFER,103007.66,C3971203213,91912.25,0.0,M7270955446,0.0,0.0,1,0.91,1
162,TRANSFER,28145.03,C9421518487,40732.33,12587.3,C5641959772,145181.43,173326.46,0,0.0,0
313,CASH_OUT,5591.75,C6562457052,11275.25,5683.5,C3614915281,128934.41,128934.41,0,0.0,0
572,CASH_OUT,82092.88,C6306523372,109405.92,27313.04,C9370133032,221770.42,221770.42,0,0.0,0
682,CASH_OUT,1.0,C9751963589,0.0,0.0,C6982610835,0.0,0.0,0,0.056666666666666664,0
540,PAYMENT,4977.29,C7100408092,62335.02,57357.73,M2910594463,0.0,0.0,0,0.0,0
510,PAYMENT,38.44,C9715314442,19565.09,19526.65,M4588312351,0.0,0.0,0,0.0,0
19,CASH_OUT,561.18,C2174793230,1162.19,601.01,C6504099682,110621.58,110621.58,0,0.0,0
636,PAYMENT,159.89,C2825957977,4816.06,4656.17,M8548290298,0.0,0.0,0,0.0,0
325,PAYMENT,335.46,C1484664056,1067.24,731.78,M6999146585,0.0,0.0,0,0.0,0
293,TRANSFER,35158.2,C2349641712,46806.31,11648.11,M3508990774,0.0,0.0,1,0.24,0
610,PAYMENT,4452.07,C2549748436,103074.51,98622.44,M3223687972,0.0,0.0,0,0.0,0
185,PAYMENT,89.77,C3716924538,180.72,90.95,M8058679999,0.0,0.0,0,0.0,0
367,PAYMENT,1.0,C2647489402,0.0,0.0,M2115406331,0.0,0.0,0,0.0,0
82,TRANSFER,30900.12,C7417183769,34416.31,3516.19,M6771941776,0.0,0.0,1,0.23666666666666666,0
94,PAYMENT,1.0,C8390631634,0.0,0.0,M2249831874,0.0,0.0,0,0.0,0
681,PAYMENT,20080.39,C4248149900,145415.91,125335.52,M3595066420,0.0,0.0,0,0.0,0
462,CASH_IN,149645.78,C5175416378,487.31,150133.09,C9837912162,1562.65,1562.65,0,0.0,0
7,TRANSFER,34150.35,C3371357111,42341.94,8191.59,M6275155878,0.0,0.0,1,0.16666666666666666,0
493,TRANSFER,389.51,C9155819200,1906.83,1517.32,C8109891300,31968.73,32358.24,0,0.0033333333333333335,0
677,PAYMENT,423.44,C9908115095,548.69,125.25,M8790289305,0.0,0.0,0,0.0,0
565,PAYMENT,232.83,C6544063167,328.88,96.05,M9776500600,0.0,0.0,0,0.0,0
268,TRANSFER,2028.87,C5310195918,1806.27,0.0,M4035639663,0.0,0.0,1,0.47,0
413,CASH_OUT,1306.1,C7757700186,1500.06,193.96,M7514017540,0.0,0.0,1,0.06666666666666667,0
284,PAYMENT,128.56,C3780475472,575.99,447.43,M8366710477,0.0,0.0,0,0.0,0
34,PAYMENT,1.0,C4696689457,0.0,0.0,M4908108692,0.0,0.0,0,0.0,0
116,PAYMENT,44.53,C5913767020,48.24,3.71,M2711123163,0.0,0.0,0,0.0,0
494,CASH_OUT,7867.28,C7340498236,19400.35,11533.07,C1785418196,26.27,26.27,0,0.013333333333333334,0
507,TRANSFER,11674.59,C7660813178,29744.08,18069.49,C2067970820,79610.42,91285.01,0,0.0,0
515,PAYMENT,4798.22,C9081544414,193493.0,188694.78,M1857561275,0.0,0.0,0,0.0,0
9,PAYMENT,574.34,C8757570742,747.99,173.65,M8667946580,0.0,0.0,0,0.0,0
397,PAYMENT,3612.6,C7376649850,79058.02,75445.42,M6865994703,0.0,0.0,0,0.0,0
113,CASH_OUT,10141.16,C6797436140,123435.36,113294.2,C6155234610,72735.99,72735.99,0,0.0,0
109,PAYMENT,1.0,C3951331472,0.0,0.0,M7192742877,0.0,0.0,0,0.0033333333333333335,0
576,CASH_OUT,1.0,C7525240100,0.0,0.0,C1251837136,0.0,0.0,0,0.06333333333333334,0
78,TRANSFER,222.06,C1553753599,391.23,169.17,C4847761430,57.5,279.56,0,0.01,0
571,CASH_OUT,1276.86,C1993998848,1765.28,488.42,M6199197408,0.0,0.0,1,0.02666666666666667,0
297,CASH_OUT,5021.22,C1282103057,4636.93,0.0,M3580582653,0.0,0.0,1,0.10666666666666667,0
506,PAYMENT,11406.33,C8901585274,147221.26,135814.93,M2541015125,0.0,0.0,0,0.0,0
45,CASH_OUT,86939.6,C8275679594,84492.44,0.0,C9085085822,147711.31,147711.31,1,0.03666666666666667,0
182,PAYMENT,25.64,C7838460497,158328.65,158303.01,M6275155878,0.0,0.0,0,0.0,0
147,TRANSFER,6126.66,C7337225482,7906.04,1779.38,M2303835765,0.0,0.0,1,0.17666666666666667,0
6,PAYMENT,4090.27,C8901585274,135814.93,131724.66,M6041646576,0.0,0.0,0,0.0,0
11,TRANSFER,8580.61,C9806189256,9750.98,1170.37,C7004964045,335.08,335.08,1,0.01,0
688,TRANSFER,1.0,C5694806361,0.0,0.0,C2549748436,98622.44,98623.44,0,0.0,0
108,PAYMENT,14613.38,C5570828113,56450.71,41837.33,M6011842297,0.0,0.0,0,0.0,0
331,TRANSFER,23700.11,C7505693643,21239.39,0.0,C3479708607,8890.18,8890.18,1,0.01,0
114,TRANSFER,523.9,C7825844140,592.35,68.45,C6241752544,92166.93,92690.83,0,0.0,0
567,TRANSFER,118451.62,C3360791536,128976.01,10524.39,C3019214800,485.79,485.79,1,0.1,0
439,PAYMENT,3862.96,C8664882079,22511.76,18648.8,M4820942294,0.0,0.0,0,0.0,0
135,TRANSFER,131892.36,C7575259637,195323.39,63431.03,C4786674545,21872.11,153764.47,0,0.0,0
567,PAYMENT,1.0,C1717346250,0.0,0.0,M1185303518,0.0,0.0,0,0.0,0
651,PAYMENT,4368.48,C1205082311,26359.06,21990.58,M9776500600,0.0,0.0,0,0.0,0
181,TRANSFER,5564.53,C6173344564,7392.78,1828.25,C8270110908,75382.85,80947.38,0,0.0,0
475,PAYMENT,19601.23,C7598745558,124441.6,104840.37,M3846182436,0.0,0.0,0,0.0,0
695,PAYMENT,2410.54,C4201225242,189031.95,186621.41,M2249831874,0.0,0.0,0,0.0,0
599,CASH_OUT,71882.19,C7598745558,104840.37,32958.18,C4455798713,140196.88,140196.88,0,0.0,0
401,CASH_OUT,1.0,C9751963589,0.0,0.0,C4927019611,7856.94,7856.94,0,0.0,0
170,PAYMENT,6240.34,C5510938155,25494.68,19254.34,M2541015125,0.0,0.0,0,0.0,0
425,TRANSFER,113672.14,C5696548897,129343.67,15671.53,M2243802345,0.0,0.0,1,0.31333333333333335,0
40,CASH_OUT,3972.87,C3707166618,70669.26,66696.39,C3102209245,0.0,0.0,0,0.0,0
49,PAYMENT,1.0,C4431078106,0.0,0.0,M1343875431,0.0,0.0,0,0.0,0
346,DEBIT,4022.8,C7920516981,222232.22,218209.42,M6284297249,0.0,0.0,0,0.01,0
401,PAYMENT,35.4,C2188332531,112.83,77.43,M6744039057,0.0,0.0,0,0.0,0
587,CASH_OUT,36885.18,C9523104008,41315.48,4430.3,C1654602021,18507.75,18507.75,0,0.0,0
198,CASH_IN,15823.58,C9673185158,0.0,15823.58,C2612579345,67008.48,67008.48,0,0.0,0
385,PAYMENT,8698.18,C8943866829,26696.91,17998.73,M2541015125,0.0,0.0,0,0.0,0
183,PAYMENT,24680.49,C8763140509,27183.05,2502.56,M1083302600,0.0,0.0,0,0.0,0
21,PAYMENT,6959.0,C1494287462,12160.35,5201.35,M7750131975,0.0,0.0,0,0.0,0
475,CASH_OUT,755.76,C2770980600,1317.78,562.02,C7074050517,0.0,0.0,0,0.05333333333333334,0
100,TRANSFER,1.0,C8543865915,0.0,0.0,C2254516608,68.73,69.73,0,0.12,0
58,TRANSFER,277.04,C4638577630,660.16,383.12,C9581991473,254.66,531.7,0,0.006666666666666667,0
295,CASH_IN,70938.85,C4431078106,0.0,70938.85,C6576395496,41952.1,41952.1,0,0.0,0
578,TRANSFER,75318.02,C6241752544,92690.83,17372.81,M9444143872,0.0,0.0,1,0.30333333333333334,0
666,PAYMENT,19231.19,C6725038117,128633.04,109401.85,M4456193555,0.0,0.0,0,0.0,0
394,TRANSFER,70441.61,C2126077199,69612.57,0.0,C7784217828,0.0,70441.61,1,0.04,0
290,TRANSFER,2930.0,C6491309593,6717.71,3787.71,C4268713302,111224.25,114154.25,0,0.0,0
568,PAYMENT,265.5,C3739951076,459.2,193.7,M7168105904,0.0,0.0,0,0.0,0
671,PAYMENT,3815.13,C6557907251,64434.3,60619.17,M8138332494,0.0,0.0,0,0.0,0
378,TRANSFER,2339.3,C9943959352,3226.77,887.47,M3192202822,0.0,0.0,1,0.18666666666666668,0
639,CASH_IN,12948.47,C3528924461,95051.88,108000.35,C5802739154,8566.01,8566.01,0,0.0,0
494,TRANSFER,908.16,C8441393731,1063.76,155.6,C3746317213,38438.46,38438.46,1,0.0033333333333333335,0
523,TRANSFER,118715.45,C9963334018,138465.17,19749.72,M6275155878,0.0,0.0,1,0.31666666666666665,0
380,CASH_IN,12197.41,C4586139213,93626.28,105823.69,C5871743247,7276.23,7276.23,0,0.0,0
379,PAYMENT,1215.45,C4673457063,34824.4,33608.95,M7537130187,0.0,0.0,0,0.0,0
83,CASH_OUT,377.18,C3271361431,316.92,0.0,M2328736852,0.0,0.0,1,0.01,0
371,CASH_OUT,4488.17,C7858937483,4410.75,0.0,C7376649850,75445.42,75445.42,1,0.03333333333333333,0
26,PAYMENT,268.68,C9454207717,252389.54,252120.86,M1908459040,0.0,0.0,0,0.0,0
4,TRANSFER,41872.91,C3710566582,87187.75,45314.84,C3163970710,120091.91,161964.82,0,0.0,0
340,TRANSFER,1.0,C8995045543,0.0,0.0,C5933179746,174474.6,174475.6,0,0.0,0
485,TRANSFER,24169.62,C6504099682,110621.58,86451.96,C6952554500,0.0,24169.62,0,0.0033333333333333335,0
586,TRANSFER,45648.79,C5992908271,82862.31,37213.52,C4747699292,1.0,45649.79,0,0.0,0
627,TRANSFER,36766.87,C5418232833,32670.47,0.0,C3965572185,2267.94,2267.94,1,0.31333333333333335,0
385,PAYMENT,15777.2,C5243939720,84595.61,68818.41,M1257854279,0.0,0.0,0,0.0,0
450,TRANSFER,1330.22,C5381866906,1184.88,0.0,M1240140248,0.0,0.0,1,0.45,0
141,TRANSFER,96.64,C4731897202,111.06,14.42,C4783282817,619.61,716.25,0,0.013333333333333334,0
399,CASH_OUT,6292.5,C7937993287,9871.64,3579.14,C1131671246,22562.81,22562.81,0,0.0,0
438,TRANSFER,14803.79,C4993808565,46480.32,31676.53,C2176904638,0.0,14803.79,0,0.0,0
323,TRANSFER,1.0,C6089026099,0.0,0.0,C7573691558,48466.66,48467.66,0,0.0,0
121,CASH_OUT,22608.41,C5891280823,25485.46,2877.05,C3190227431,2451.42,2451.42,0,0.0033333333333333335,0
391,CASH_OUT,9958.4,C4605117440,15019.6,5061.2,C5607762160,186.14,186.14,0,0.0,0
593,PAYMENT,9706.65,C5492496998,12610.28,2903.63,M1676220116,0.0,0.0,0,0.0,0
132,TRANSFER,7266.18,C8274219704,8959.43,1693.25,M5985331805,0.0,0.0,1,0.16333333333333333,0
647,PAYMENT,1.14,C8617360361,112243.37,112242.23,M8964269909,0.0,0.0,0,0.0,0
149,TRANSFER,3243.19,C1446457642,9765.76,6522.57,C2075413763,30054.18,33297.37,0,0.0,0
17,CASH_OUT,2590.0,C5604529187,2822.09,232.09,M6992094064,0.0,0.0,1,0.0,0
528,PAYMENT,1177.72,C9837912162,1562.65,384.93,M4554178984,0.0,0.0,0,0.0,0
476,CASH_OUT,1.0,C7209571615,0.0,0.0,C7894019119,44667.18,44667.18,0,0.07666666666666666,0
516,TRANSFER,4859.74,C3874432021,4332.99,0.0,M3072183247,0.0,0.0,1,0.9466666666666667,1
151,TRANSFER,115887.8,C8987073217,155203.31,39315.51,M1647181551,0.0,0.0,1,0.24,0
595,PAYMENT,211.72,C9837912162,384.93,173.21,M6999146585,0.0,0.0,0,0.0,0
102,DEBIT,1.16,C8299146480,151543.61,151542.45,M1802753761,0.0,0.0,0,0.0033333333333333335,0
520,CASH_OUT,128062.33,C4683585586,154362.35,26300.02,C4681264539,109913.51,109913.51,0,0.0,0
414,DEBIT,610.25,C9943959352,887.47,277.22,M1811839103,0.0,0.0,0,0.02666666666666667,0
434,TRANSFER,889.88,C8429141456,1030.95,141.07,C3479708607,8890.18,9780.06,0,0.013333333333333334,0
409,TRANSFER,462.37,C8117478955,169466.82,169004.45,C3033747850,79445.03,79907.4,0,0.0,0
164,PAYMENT,20.98,C1515024824,34.49,13.51,M8740820392,0.0,0.0,0,0.0,0
273,TRANSFER,1.0,C2137651678,0.0,0.0,C3074232200,68020.09,68021.09,0,0.0,0
461,PAYMENT,10217.84,C4572433066,39535.54,29317.7,M8058679999,0.0,0.0,0,0.0,0
625,CASH_IN,5201.58,C1510289448,12946.73,18148.31,C2445662585,35737.96,35737.96,0,0.0,0
43,TRANSFER,1.0,C2540492440,0.0,0.0,C4262396395,9160.34,9161.34,0,0.0,0
355,PAYMENT,24240.74,C8369792370,96876.99,72636.25,M8235474949,0.0,0.0,0,0.0,0
565,DEBIT,39402.28,C8906163641,138549.98,99147.7,M7764117705,0.0,0.0,0,0.016666666666666666,0
547,TRANSFER,165.69,C7406579219,142.96,0.0,M1857561275,0.0,0.0,1,0.23,0
650,TRANSFER,179920.34,C4642197907,150194.9,0.0,M5570190774,0.0,0.0,1,0.96,1
433,CASH_OUT,1.0,C1707196784,0.0,0.0,C1131671246,22562.81,22562.81,0,0.03333333333333333,0
621,PAYMENT,1.0,C8684942020,0.0,0.0,M8821456242,0.0,0.0,0,0.0,0
511,PAYMENT,4214.05,C2801177461,329148.33,324934.28,M5919148165,0.0,0.0,0,0.0,0
178,TRANSFER,15865.23,C8075122626,41651.08,25785.85,C1770278136,0.0,15865.23,0,0.0,0
110,TRANSFER,45554.71,C1657675888,64020.69,18465.98,C7710396573,5481.49,5481.49,1,0.006666666666666667,0
83,CASH_IN,134135.15,C2065354117,0.0,134135.15,C2777816561,5638.13,5638.13,0,0.0,0
101,TRANSFER,735.74,C7981077394,663.26,0.0,C5281907480,13247.63,13247.63,1,0.0,0
123,TRANSFER,6216.31,C8257484586,9627.98,3411.67,C3875303857,24389.44,30605.75,0,0.0,0
283,PAYMENT,1.0,C3362646960,0.0,0.0,M4093474499,0.0,0.0,0,0.0,0
461,CASH_OUT,7716.77,C4277561834,8219.85,503.08,C3102209245,0.0,0.0,1,0.03,0
33,CASH_OUT,1.0,C9463197203,0.0,0.0,C7536876169,29.02,29.02,0,0.0,0
411,TRANSFER,3626.85,C7333678472,4281.23,654.38,M3636366799,0.0,0.0,1,0.27,0
143,CASH_OUT,3698.53,C3874432021,4244.0,545.47,C7633342225,0.0,0.0,1,0.0,0
352,PAYMENT,50.66,C5082603360,98.1,47.44,M7366396017,0.0,0.0,0,0.0,0
466,CASH_OUT,32909.38,C3149484176,42137.02,9227.64,M3208200227,0.0,0.0,1,0.013333333333333334,0
431,PAYMENT,154.92,C1099541460,195646.69,195491.77,M6606958660,0.0,0.0,0,0.0,0
267,CASH_OUT,120634.61,C9085085822,147711.31,27076.7,C6894808149,3822.75,3822.75,1,0.0,0
551,CASH_IN,92692.35,C7150970643,4235.36,96927.71,C4239406957,0.0,0.0,0,0.0,0
550,TRANSFER,157.95,C9912233947,230.52,72.57,C6231117883,55952.85,56110.8,0,0.0,0
259,TRANSFER,56512.96,C3744446292,138489.64,81976.68,C8252816758,186605.99,243118.95,0,0.0,0
442,PAYMENT,2855.24,C4586139213,105823.69,102968.45,M8667946580,0.0,0.0,0,0.0,0
276,PAYMENT,731.91,C2687477596,2769.7,2037.79,M2518433834,0.0,0.0,0,0.0,0
668,CASH_OUT,5305.11,C1036351450,10446.95,5141.84,C2918260963,0.0,0.0,0,0.02,0
493,TRANSFER,1286.59,C8350384902,1208.21,0.0,M8389750357,0.0,0.0,1,0.4533333333333333,0
439,PAYMENT,38.13,C9912233947,72.57,34.44,M3534186676,0.0,0.0,0,0.0,0
292,PAYMENT,1.0,C9376711497,0.0,0.0,M4588312351,0.0,0.0,0,0.0,0
441,CASH_OUT,13.83,C9455610447,30.41,16.58,C7085004726,207040.97,207040.97,0,0.01,0
319,PAYMENT,1.0,C6009268066,0.0,0.0,M1711271599,0.0,0.0,0,0.0,0
276,PAYMENT,12404.19,C4490722186,49637.24,37233.05,M7717262223,0.0,0.0,0,0.0,0
667,CASH_OUT,841.89,C1939042955,2508.05,1666.16,C6000009225,41.48,41.48,0,0.016666666666666666,0
134,TRANSFER,1.0,C9717175839,0.0,0.0,C7100408092,57357.73,57358.73,0,0.0,0
203,TRANSFER,82301.82,C5243939720,68818.41,0.0,C6246716604,114500.75,114500.75,1,0.0,0
410,PAYMENT,50.63,C9553561889,25328.46,25277.83,M9441870024,0.0,0.0,0,0.0,0
545,PAYMENT,18149.44,C7246858055,76808.87,58659.43,M5564953924,0.0,0.0,0,0.0,0
507,CASH_OUT,2252.32,C3304560537,1916.48,0.0,C9697354961,79.34,79.34,1,0.18333333333333332,0
181,TRANSFER,24036.91,C3796581976,21537.98,0.0,M6130446648,0.0,0.0,1,0.8233333333333334,1
688,PAYMENT,53.92,C7937993287,3579.14,3525.22,M5194066484,0.0,0.0,0,0.0,0
328,PAYMENT,10.44,C1785418196,26.27,15.83,M7717262223,0.0,0.0,0,0.0,0
84,PAYMENT,1.0,C3316277000,0.0,0.0,M6313472215,0.0,0.0,0,0.0,0
197,CASH_IN,38274.11,C4322510552,1179.08,39453.19,C1039262289,0.0,0.0,0,0.0,0
511,TRANSFER,1.0,C7406579219,0.0,0.0,C9830946410,0.0,1.0,0,0.22333333333333333,0
192,CASH_OUT,1079.93,C1600566083,986.52,0.0,C1696846464,968.03,968.03,1,0.043333333333333335,0
169,PAYMENT,1.0,C2068687175,0.0,0.0,M9921025990,0.0,0.0,0,0.0,0
237,CASH_OUT,178.84,C6081137534,178.56,0.0,C3291226621,128114.62,128114.62,1,0.01,0
286,CASH_OUT,4864.54,C8275679594,4881.27,16.73,C4880176825,0.0,0.0,1,0.02,0
696,PAYMENT,11165.79,C1551395583,93613.93,82448.14,M7192742877,0.0,0.0,0,0.0,0
290,PAYMENT,178.57,C2174793230,601.01,422.44,M9098037639,0.0,0.0,0,0.0,0
652,PAYMENT,1.0,C5763350700,0.0,0.0,M1122712790,0.0,0.0,0,0.0,0
523,CASH_OUT,32919.26,C5296710795,36373.43,3454.17,C1182758417,5652.92,5652.92,1,0.0,0
675,PAYMENT,24.3,C4042413312,58.03,33.73,M4399143287,0.0,0.0,0,0.0,0
178,PAYMENT,64.29,C8617360361,112242.23,112177.94,M3517195150,0.0,0.0,0,0.0,0
652,TRANSFER,771.54,C3483827971,809.62,38.08,M9410569618,0.0,0.0,1,0.22666666666666666,0
482,PAYMENT,1570.81,C6947080764,8895.52,7324.71,M3811254192,0.0,0.0,0,0.0,0
607,CASH_OUT,221351.76,C9182543558,224965.16,3613.4,M1666898313,0.0,0.0,1,0.016666666666666666,0
542,PAYMENT,6086.58,C5199176431,13154.25,7067.67,M3322580659,0.0,0.0,0,0.0,0
120,CASH_IN,4571.52,C8953271391,0.0,4571.52,C4486522557,100442.39,100442.39,0,0.0,0
272,TRANSFER,107728.52,C8285000265,99189.66,0.0,C4181102664,82338.35,82338.35,1,0.01,0
668,CASH_OUT,12441.68,C2268006448,14702.49,2260.81,M4952177946,0.0,0.0,1,0.016666666666666666,0
461,CASH_OUT,8140.25,C7229869819,12249.57,4109.32,C1110724913,0.0,0.0,0,0.02,0
484,TRANSFER,54511.69,C8055515912,69728.64,15216.95,C7099469983,24115.8,24115.8,1,0.0,0
74,CASH_OUT,151405.94,C6206015111,158468.44,7062.5,M5891831621,0.0,0.0,1,0.0033333333333333335,0
269,CASH_IN,5226.17,C5431267548,38751.44,43977.61,C5891280823,2877.05,2877.05,0,0.0,0
476,PAYMENT,2804.91,C6306523372,27313.04,24508.13,M2916502228,0.0,0.0,0,0.0,0
29,TRANSFER,912.66,C2914126243,1344.43,431.77,C8669484644,908.87,1821.53,0,0.0,0
134,PAYMENT,570.94,C6986770879,55310.19,54739.25,M3438830691,0.0,0.0,0,0.0,0
262,CASH_OUT,2248.59,C5751366455,9928.65,7680.06,C9279291478,3185.51,3185.51,0,0.0,0
343,PAYMENT,1.0,C3429019820,0.0,0.0,M3317856944,0.0,0.0,0,0.0,0
503,CASH_OUT,1362.66,C9981364488,1359.76,0.0,C7660157097,375.91,375.91,1,0.19,0
507,PAYMENT,8744.23,C2308638549,143460.73,134716.5,M8218146534,0.0,0.0,0,0.0,0
637,CASH_OUT,60.13,C9771848610,74.41,14.28,C5129478722,126034.25,126034.25,0,0.0033333333333333335,0
308,PAYMENT,13.27,C9166381136,14.17,0.9,M7969674420,0.0,0.0,0,0.0,0
372,CASH_OUT,48930.32,C1230624431,65095.92,16165.6,C9633533290,348.43,348.43,0,0.0,0
410,CASH_OUT,1092.27,C4131575764,1229.4,137.13,C1546696950,137598.58,137598.58,0,0.006666666666666667,0
108,CASH_OUT,3226.02,C7088949191,7810.34,4584.32,C2178158203,24.59,24.59,0,0.0,0
557,CASH_IN,15956.65,C8706093841,413.96,16370.61,C3880327491,80951.69,80951.69,0,0.0,0
340,PAYMENT,589.63,C7666869046,1103.18,513.55,M6846530109,0.0,0.0,0,0.0,0
234,CASH_OUT,249.07,C4507822591,288.03,38.96,C7098134112,57833.14,57833.14,1,0.0033333333333333335,0
66,PAYMENT,41.78,C2140169349,62.1,20.32,M9068916300,0.0,0.0,0,0.0,0
146,TRANSFER,46611.26,C4332894265,48343.31,1732.05,M6866146362,0.0,0.0,1,0.23,0
626,PAYMENT,10370.33,C8833889083,22195.49,11825.16,M7702529931,0.0,0.0,0,0.0,0
476,CASH_OUT,75887.83,C4034047118,93268.12,17380.29,M9410569618,0.0,0.0,1,0.023333333333333334,0
55,CASH_OUT,311.98,C6789448659,1543.72,1231.74,C7161404428,80706.07,80706.07,0,0.0033333333333333335,0
221,CASH_OUT,6334.7,C4440904834,27119.32,20784.62,C8015124886,72418.07,72418.07,0,0.0,0
570,TRANSFER,1.0,C2224363672,0.0,0.0,C8684942020,0.0,1.0,0,0.23,0
510,TRANSFER,79844.23,C7637761996,88951.92,9107.69,C8441393731,155.6,155.6,1,0.11333333333333333,0
626,PAYMENT,30.59,C2188332531,77.43,46.84,M8727805468,0.0,0.0,0,0.0,0
212,PAYMENT,4200.35,C7190276026,168966.18,164765.83,M3369412470,0.0,0.0,0,0.0,0
457,CASH_OUT,90.13,C5604529187,232.09,141.96,C1818520766,0.0,0.0,0,0.04,0
624,CASH_OUT,580.96,C7333678472,654.38,73.42,C6336171726,86.71,86.71,1,0.02666666666666667,0
695,CASH_IN,18304.01,C5728897164,0.0,18304.01,C9376277483,72739.6,72739.6,0,0.0,0
649,CASH_OUT,203472.69,C5641959772,173326.46,0.0,M7230477043,0.0,0.0,1,0.19333333333333333,0
145,PAYMENT,1.0,C1304205279,0.0,0.0,M2391874847,0.0,0.0,0,0.0,0
235,PAYMENT,9594.92,C5560712830,9786.35,191.43,M6659847491,0.0,0.0,0,0.0,0
61,PAYMENT,2476.77,C1654602021,18507.75,16030.98,M8083396378,0.0,0.0,0,0.0,0
662,CASH_OUT,993.22,C3931997465,76770.63,75777.41,C9229469952,12479.91,12479.91,0,0.0,0
545,PAYMENT,2564.13,C6924716023,3251.15,687.02,M3690714075,0.0,0.0,0,0.0,0
108,TRANSFER,4620.79,C3713284816,4576.76,0.0,C5952163720,55222.85,55222.85,1,0.006666666666666667,0
471,CASH_OUT,97064.01,C1529290976,194937.53,97873.52,C6704841644,0.51,0.51,0,0.013333333333333334,0
56,PAYMENT,1.01,C1958682846,100241.07,100240.06,M8102481401,0.0,0.0,0,0.0,0
190,PAYMENT,512.13,C4098389895,937.84,425.71,M2571632270,0.0,0.0,0,0.0,0
430,CASH_OUT,1.0,C8995045543,0.0,0.0,C6153541642,60.88,60.88,0,0.07666666666666666,0
198,TRANSFER,19.07,C4949801453,72.61,53.54,C6517150278,0.0,19.07,0,0.16,0
61,PAYMENT,1.0,C7988845536,0.0,0.0,M9065458220,0.0,0.0,0,0.0,0
156,CASH_OUT,75614.6,C5729866281,82809.72,7195.12,M8869140487,0.0,0.0,1,0.0,0
121,PAYMENT,1.0,C2137651678,0.0,0.0,M6845287382,0.0,0.0,0,0.0,0
343,CASH_OUT,881.37,C8322868827,804.71,0.0,C2962491159,1.0,1.0,1,0.17666666666666667,0
304,CASH_OUT,93046.9,C5483308751,126568.43,33521.53,C5802739154,8566.01,8566.01,1,0.0,0
428,CASH_OUT,1098.37,C2079501936,1235.63,137.26,M2418407139,0.0,0.0,1,0.06,0
58,CASH_OUT,675.85,C2811967841,1357.18,681.33,C4277581356,6.11,6.11,0,0.0033333333333333335,0
56,TRANSFER,198748.15,C7551874474,272518.32,73770.17,C1664847319,116471.52,315219.67,1,0.0,0
472,TRANSFER,3934.79,C7389111087,5992.8,2058.01,C3933213766,0.0,3934.79,0,0.043333333333333335,0
691,TRANSFER,11212.81,C1288335378,11396.78,183.97,C3758823240,151771.71,151771.71,1,0.0,0
690,CASH_OUT,109673.58,C7150970643,96927.71,0.0,M6401844042,0.0,0.0,1,0.16,0
524,TRANSFER,1588.3,C5183211669,1699.54,111.24,C3975418439,51.77,51.77,1,0.24,0
553,TRANSFER,6924.75,C7706193636,34271.39,27346.64,C5993571693,148293.36,155218.11,0,0.0,0
357,CASH_IN,38337.85,C4794276323,195475.22,233813.07,C5092199300,35996.05,35996.05,0,0.0,0
442,PAYMENT,629.05,C8182649048,112217.83,111588.78,M2115862756,0.0,0.0,0,0.0,0
713,CASH_OUT,1107.82,C6844582171,1203.97,96.15,C5067116918,6270.71,6270.71,1,0.02,0
264,PAYMENT,218.24,C6307626407,275.67,57.43,M8903212516,0.0,0.0,0,0.0,0
200,CASH_OUT,34917.03,C5482431018,100435.76,65518.73,C4531928910,0.0,0.0,0,0.0,0
156,PAYMENT,3007.82,C7910817577,148120.79,145112.97,M1458227039,0.0,0.0,0,0.0,0
535,PAYMENT,20134.29,C7666129822,106925.26,86790.97,M9776500600,0.0,0.0,0,0.0,0
187,CASH_OUT,15805.83,C8703867299,23178.41,7372.58,C8503368512,25225.34,25225.34,0,0.0,0
122,PAYMENT,1.0,C7772180882,0.0,0.0,M7951820749,0.0,0.0,0,0.0,0
656,TRANSFER,134968.39,C8493451569,117042.28,0.0,C4022360089,90825.47,90825.47,1,0.023333333333333334,0
242,TRANSFER,1822.71,C9958044697,26548.74,24726.03,C8953271391,4571.52,6394.23,0,0.0,0
670,PAYMENT,2726.89,C8184602688,3725.91,999.02,M9625656293,0.0,0.0,0,0.0,0
391,CASH_OUT,420.24,C3694860228,650.92,230.68,C7534583219,4824.91,4824.91,0,0.02,0
312,PAYMENT,52.24,C6334440295,2895.97,2843.73,M2121448210,0.0,0.0,0,0.0,0
356,TRANSFER,12157.65,C8867077130,33122.21,20964.56,C9597198563,1165.15,13322.8,0,0.0,0
262,PAYMENT,24981.2,C1141312095,100734.66,75753.46,M3595066420,0.0,0.0,0,0.0,0
641,TRANSFER,230.48,C9943959352,277.22,46.74,C8313706299,0.0,230.48,0,0.09333333333333334,0
611,CASH_OUT,106227.67,C8666074487,146522.91,40295.24,C3605585995,142125.77,142125.77,1,0.0,0
536,CASH_OUT,5906.17,C8115628227,6458.71,552.54,C8503368512,25225.34,25225.34,1,0.006666666666666667,0
399,CASH_OUT,148553.23,C3057629778,177027.58,28474.35,M1504729135,0.0,0.0,1,0.0,0
420,PAYMENT,2364.63,C7038841740,8468.05,6103.42,M8910440683,0.0,0.0,0,0.0,0
532,PAYMENT,72.73,C9633533290,348.43,275.7,M4306983924,0.0,0.0,0,0.0,0
639,PAYMENT,1155.91,C7470843264,3476.64,2320.73,M1888107487,0.0,0.0,0,0.0,0
7,TRANSFER,167412.67,C5736462531,153141.64,0.0,M3495411322,0.0,0.0,1,0.4666666666666667,0
95,TRANSFER,4492.02,C5130589741,120359.89,115867.87,C2515672889,108604.85,113096.87,0,0.0,0
156,TRANSFER,37677.57,C8235717104,101300.71,63623.14,C5433722159,29144.1,66821.67,0,0.0,0
271,PAYMENT,1.0,C2390587865,0.0,0.0,M9822499208,0.0,0.0,0,0.0,0
186,PAYMENT,105.0,C2854772804,221988.37,221883.37,M4892544235,0.0,0.0,0,0.0,0
140,CASH_OUT,1.0,C9929101065,0.0,0.0,C4524233168,599.39,599.39,0,0.006666666666666667,0
138,PAYMENT,11312.65,C3821211202,183156.8,171844.15,M7340036327,0.0,0.0,0,0.0,0
485,TRANSFER,87.72,C3574081104,111.58,23.86,M6932365592,0.0,0.0,1,0.17666666666666667,0
370,PAYMENT,1249.26,C9388140708,235687.08,234437.82,M7713758036,0.0,0.0,0,0.0,0
187,TRANSFER,1706.11,C1939042955,1666.16,0.0,C9922723063,26580.09,26580.09,1,0.006666666666666667,0
416,CASH_OUT,1.0,C6944371787,0.0,0.0,C3035761595,2001.86,2001.86,0,0.08,0
216,CASH_OUT,8495.27,C1205082311,21990.58,13495.31,C8025152555,1878.65,1878.65,0,0.0,0
210,PAYMENT,1.0,C7556046460,0.0,0.0,M5570190774,0.0,0.0,0,0.0,0
474,PAYMENT,1809.21,C3190227431,2451.42,642.21,M1413599241,0.0,0.0,0,0.0,0
151,CASH_OUT,31796.87,C8826851692,32298.49,501.62,M1711271599,0.0,0.0,1,0.0,0
495,DEBIT,960.26,C5536224717,246400.86,245440.6,M6744039057,0.0,0.0,0,0.016666666666666666,0
7,DEBIT,4.15,C4485356009,32.53,28.38,M8443061472,0.0,0.0,0,0.013333333333333334,0
266,PAYMENT,27.3,C5536224717,245440.6,245413.3,M7702529931,0.0,0.0,0,0.0,0
313,PAYMENT,23.99,C1684598046,150.61,126.62,M6651020291,0.0,0.0,0,0.0,0
696,TRANSFER,101493.12,C8300300577,171492.12,69999.0,C7935554354,0.0,101493.12,0,0.0,0
535,PAYMENT,7.4,C2075321966,34096.31,34088.91,M1099218439,0.0,0.0,0,0.0,0
439,PAYMENT,1238.71,C4227004325,1355.55,116.84,M3960136787,0.0,0.0,0,0.0,0
223,TRANSFER,51242.55,C3380064537,171325.38,120082.83,C6466597005,83734.9,134977.45,0,0.0,0
693,CASH_OUT,170430.11,C8293928340,142403.83,0.0,M4588312351,0.0,0.0,1,0.13666666666666666,0
21,CASH_OUT,1678.25,C5600836559,2356.34,678.09,M8861351706,0.0,0.0,1,0.0,0
308,CASH_OUT,9839.99,C1657675888,18465.98,8625.99,C4572433066,29317.7,29317.7,0,0.0,0
346,CASH_OUT,1033.88,C8709361138,2003.37,969.49,C7602474923,210.0,210.0,0,0.01,0
500,TRANSFER,95.13,C6710338189,135.14,40.01,C6134840512,465.04,560.17,1,0.05,0
707,PAYMENT,6435.64,C4302709858,14050.5,7614.86,M2555936898,0.0,0.0,0,0.0,0
598,CASH_IN,69401.9,C8906163641,99147.7,168549.6,C4178659381,127796.81,127796.81,0,0.0,0
671,PAYMENT,15346.33,C2075413763,33297.37,17951.04,M2635881694,0.0,0.0,0,0.0,0
339,CASH_OUT,10337.66,C7473868020,18295.43,7957.77,C6711463258,915.84,915.84,0,0.0,0
399,CASH_OUT,34723.59,C7648059419,29847.14,0.0,M9776500600,0.0,0.0,1,0.01,0
174,TRANSFER,106232.37,C5800633419,126419.88,20187.51,C9409682410,1113.66,1113.66,1,0.03666666666666667,0
263,CASH_OUT,57128.87,C8868054898,124235.36,67106.49,C1459442845,211758.92,211758.92,0,0.0,0
396,CASH_OUT,38783.2,C7928074841,33984.77,0.0,C8377088167,0.0,0.0,1,0.0033333333333333335,0
443,CASH_OUT,1449.09,C9279291478,3185.51,1736.42,C2111272861,630.28,630.28,0,0.03333333333333333,0
38,TRANSFER,257.09,C9255898264,818.84,561.75,C2774884818,0.0,257.09,0,0.016666666666666666,0
145,CASH_OUT,180842.58,C9953716239,203455.38,22612.8,M7343954769,0.0,0.0,1,0.0,0
190,PAYMENT,410.89,C3423086220,1069.74,658.85,M6284297249,0.0,0.0,0,0.0,0
667,CASH_OUT,23668.39,C7508522951,23085.38,0.0,M3636366799,0.0,0.0,1,0.18666666666666668,0
181,PAYMENT,1.0,C2654584280,0.0,0.0,M6894024976,0.0,0.0,0,0.0,0
220,TRANSFER,84.01,C9842186844,105.65,21.64,C7699500243,5642.23,5726.24,0,0.0033333333333333335,0
2,DEBIT,27313.95,C7016293621,87179.16,59865.21,M9255306810,0.0,0.0,0,0.006666666666666667,0
532,CASH_OUT,1045.45,C8755749566,75897.25,74851.8,C2139027119,6211.19,6211.19,0,0.0,0
4,PAYMENT,1.0,C3258354191,0.0,0.0,M1811839103,0.0,0.0,0,0.0,0
410,TRANSFER,3962.47,C5150074940,3327.63,0.0,C7579604766,0.0,0.0,1,0.8,1
294,CASH_OUT,6566.04,C3367665472,8558.83,1992.79,C5175416378,150133.09,150133.09,1,0.0,0
204,TRANSFER,86817.71,C6317889312,91590.37,4772.66,C2052811909,1656.37,1656.37,1,0.03666666666666667,0
573,PAYMENT,1.0,C2537965898,0.0,0.0,M1199447370,0.0,0.0,0,0.0,0
517,CASH_OUT,164013.53,C6358023411,226748.31,62734.78,M8869140487,0.0,0.0,1,0.013333333333333334,0
481,PAYMENT,1.0,C6405851839,0.0,0.0,M7928143230,0.0,0.0,0,0.0,0
181,TRANSFER,2930.47,C5855415646,2729.99,0.0,M3313346852,0.0,0.0,1,0.78,1
171,CASH_OUT,7766.15,C4040409964,129210.25,121444.1,C8730507757,24.73,24.73,0,0.0,0
126,TRANSFER,37642.86,C6178804925,53493.9,15851.04,M1306420495,0.0,0.0,1,0.21333333333333335,0
703,TRANSFER,42621.5,C8102515984,38985.14,0.0,M2129491690,0.0,0.0,1,0.8633333333333333,1
182,CASH_OUT,3764.44,C7896596272,6188.13,2423.69,C5315211627,35999.64,35999.64,0,0.0,0
95,TRANSFER,88.44,C8287542751,173.12,84.68,C8497938394,0.0,88.44,0,0.15666666666666668,0
25,PAYMENT,2160.93,C2617999521,6636.79,4475.86,M9558906999,0.0,0.0,0,0.0,0
406,CASH_OUT,2806.94,C5296710795,3454.17,647.23,M3508990774,0.0,0.0,1,0.013333333333333334,0
20,CASH_OUT,24761.27,C7551874474,73770.17,49008.9,C1364994639,147208.13,147208.13,0,0.0,0
332,TRANSFER,2005.42,C8584566722,2828.51,823.09,M5869990861,0.0,0.0,1,0.19,0
460,PAYMENT,420.43,C5600836559,678.09,257.66,M3119908041,0.0,0.0,0,0.0,0
94,PAYMENT,1.0,C8377088167,0.0,0.0,M9444143872,0.0,0.0,0,0.0,0
242,PAYMENT,346.54,C2247484671,16880.29,16533.75,M3317856944,0.0,0.0,0,0.0,0
503,TRANSFER,25459.51,C7242730249,24097.93,0.0,C5911625145,164964.2,164964.2,1,0.02,0
8,CASH_OUT,443.58,C7666869046,513.55,69.97,C4635552887,299927.11,299927.11,0,0.0033333333333333335,0
235,CASH_OUT,71410.58,C9573276057,67679.51,0.0,M7351460539,0.0,0.0,1,0.09666666666666666,0
334,PAYMENT,1.0,C9741628563,0.0,0.0,M5087280062,0.0,0.0,0,0.0,0
497,TRANSFER,1998.52,C2963288053,1877.23,0.0,C1439921366,160.36,160.36,1,0.4666666666666667,0
212,TRANSFER,41.43,C6157617867,56.94,15.51,M6053489772,0.0,0.0,1,0.16333333333333333,0
601,CASH_OUT,105351.91,C9081544414,188694.78,83342.87,C3465740756,73802.38,73802.38,0,0.0,0
96,PAYMENT,3609.58,C6719736115,168240.32,164630.74,M6845287382,0.0,0.0,0,0.0,0
245,TRANSFER,114139.78,C1264739091,95903.65,0.0,M6894024976,0.0,0.0,1,0.9033333333333333,1
371,PAYMENT,539.01,C2111272861,630.28,91.27,M8058679999,0.0,0.0,0,0.0,0
20,PAYMENT,165.66,C1050899550,7487.03,7321.37,M8869140487,0.0,0.0,0,0.0,0
146,PAYMENT,11891.85,C9894264595,41065.3,29173.45,M3595066420,0.0,0.0,0,0.0,0
441,TRANSFER,1.0,C4735313433,0.0,0.0,C3918046336,13630.38,13631.38,0,0.006666666666666667,0
19,CASH_OUT,24170.7,C7420846622,27454.94,3284.24,M2115406331,0.0,0.0,1,0.0,0
298,CASH_OUT,391.2,C8012696455,76924.17,76532.97,C2079770569,0.0,0.0,0,0.0,0
515,TRANSFER,56818.58,C8015124886,72418.07,15599.49,C2149938334,31189.2,88007.78,1,0.0,0
357,TRANSFER,4230.24,C7705605962,3771.82,0.0,C8527715219,0.0,4230.24,1,0.043333333333333335,0
499,PAYMENT,236.5,C9611537583,24353.85,24117.35,M6498703287,0.0,0.0,0,0.0,0
593,PAYMENT,4819.82,C2924568778,120556.11,115736.29,M1442421654,0.0,0.0,0,0.0,0
363,PAYMENT,1.0,C5033992825,0.0,0.0,M5937271321,0.0,0.0,0,0.0,0
690,TRANSFER,2870.52,C1037811610,3827.22,956.7,C8151583833,62412.29,65282.81,0,0.006666666666666667,0
691,PAYMENT,16664.37,C9302705838,46484.03,29819.66,M8366710477,0.0,0.0,0,0.0,0
655,CASH_IN,115580.21,C8934927891,12.48,115592.69,C8612747444,656.55,656.55,0,0.0,0
264,DEBIT,38670.49,C5898890707,63540.66,24870.17,M8102481401,0.0,0.0,0,0.006666666666666667,0
233,TRANSFER,12.78,C8275679594,16.73,3.95,C9259157845,84632.85,84645.63,0,0.0,0
91,CASH_OUT,46731.8,C1870644102,43548.19,0.0,C5750815980,46.16,46.16,1,0.043333333333333335,0
597,DEBIT,120.92,C2431779064,323.42,202.5,M6247463262,0.0,0.0,0,0.023333333333333334,0
304,PAYMENT,22902.11,C5728765136,57383.71,34481.6,M4122901114,0.0,0.0,0,0.0,0
51,CASH_OUT,1871.01,C5996775663,2138.19,267.18,C8380312396,3016.84,3016.84,1,0.0,0
323,DEBIT,1.0,C4239406957,0.0,0.0,M9441870024,0.0,0.0,0,0.04,0
209,PAYMENT,7133.84,C4322510552,39453.19,32319.35,M6606958660,0.0,0.0,0,0.0,0
164,TRANSFER,91923.92,C8178361487,100430.03,8506.11,M1096405016,0.0,0.0,1,0.26,0
43,TRANSFER,64.75,C7825844140,68.45,3.7,M1306420495,0.0,0.0,1,0.17666666666666667,0
14,CASH_OUT,1221.37,C8208584394,1186.71,0.0,M1888107487,0.0,0.0,1,0.043333333333333335,0
96,PAYMENT,10.71,C8252816758,243118.95,243108.24,M7969674420,0.0,0.0,0,0.0,0
590,DEBIT,2713.4,C6562144159,48428.3,45714.9,M2115406331,0.0,0.0,0,0.023333333333333334,0
33,TRANSFER,3226.57,C6582557981,3310.38,83.81,M3534186676,0.0,0.0,1,0.41333333333333333,0
567,CASH_OUT,39052.9,C3365835550,38839.66,0.0,M5919148165,0.0,0.0,1,0.10333333333333333,0
646,PAYMENT,467.07,C9798548049,121065.87,120598.8,M7948094928,0.0,0.0,0,0.0,0
600,TRANSFER,4302.81,C5523703900,14225.87,9923.06,C9354711271,135080.62,139383.43,0,0.0033333333333333335,0
63,DEBIT,93.2,C1288335378,183.97,90.77,M8964269909,0.0,0.0,0,0.016666666666666666,0
492,PAYMENT,3017.46,C8833889083,11825.16,8807.7,M5194066484,0.0,0.0,0,0.0,0
339,TRANSFER,1.0,C9463197203,0.0,0.0,C2878930355,936.18,937.18,0,0.013333333333333334,0
665,DEBIT,19.59,C3574081104,23.86,4.27,M3517195150,0.0,0.0,0,0.043333333333333335,0
588,PAYMENT,18901.28,C3520417815,140366.13,121464.85,M7168105904,0.0,0.0,0,0.0,0
593,TRANSFER,2826.61,C6288227800,20110.91,17284.3,C1667779376,0.0,2826.61,0,0.013333333333333334,0
353,CASH_OUT,3339.38,C1104906255,4722.38,1383.0,C9503787171,15161.84,15161.84,0,0.0,0
157,PAYMENT,616.31,C4466589567,1549.61,933.3,M3517195150,0.0,0.0,0,0.0,0
689,TRANSFER,133756.03,C6623360831,140670.82,6914.79,C2431779064,202.5,133958.53,0,0.006666666666666667,0
121,CASH_IN,42352.05,C1818520766,0.0,42352.05,C4864126433,364.58,364.58,0,0.0,0
542,CASH_OUT,129.61,C9987064419,119.38,0.0,M1694904767,0.0,0.0,1,0.07666666666666666,0
347,CASH_OUT,93701.0,C5344083406,87819.21,0.0,C2891100776,475.11,475.11,1,0.07666666666666666,0
55,TRANSFER,230787.13,C9454207717,252120.86,21333.73,M8443061472,0.0,0.0,1,0.26,0
412,TRANSFER,52.45,C5272119095,76.57,24.12,C8370987661,3880.4,3932.85,0,0.016666666666666666,0
18,CASH_OUT,60025.09,C3884642366,111126.85,51101.76,C9333798503,4190.34,4190.34,0,0.0,0
36,CASH_IN,122277.16,C3465740756,73802.38,196079.54,C3201397080,173056.62,173056.62,0,0.0,0
314,CASH_OUT,26290.43,C5284391408,28961.4,2670.97,C3020939193,150800.55,150800.55,0,0.0,0
120,PAYMENT,1.0,C3923699745,1.0,0.0,M6525576685,0.0,0.0,0,0.0,0
313,TRANSFER,33749.1,C4471642620,30667.27,0.0,C8235717104,63623.14,63623.14,1,0.0,0
435,TRANSFER,3722.87,C6353758928,8331.13,4608.26,C3651552513,127113.13,130836.0,0,0.0,0
387,TRANSFER,34769.35,C6065662867,29424.53,0.0,M6515490818,0.0,0.0,1,0.68,1
501,PAYMENT,6049.67,C3906611156,6427.48,377.81,M6041646576,0.0,0.0,0,0.0,0
335,CASH_OUT,1.0,C2126077199,0.0,0.0,C4751509023,0.0,0.0,0,0.03333333333333333,0
272,CASH_OUT,184.22,C8093179263,205.01,20.79,M9065458220,0.0,0.0,1,0.006666666666666667,0
237,TRANSFER,2374.77,C6937704752,2266.9,0.0,C9327720702,0.0,2374.77,1,0.28,0
649,PAYMENT,1.0,C7451071432,0.0,0.0,M4896576569,0.0,0.0,0,0.0,0
8,TRANSFER,546.76,C6745958212,666.65,119.89,M5449848690,0.0,0.0,1,0.12666666666666668,0
678,TRANSFER,5063.81,C3030106617,6865.04,1801.23,M2586712032,0.0,0.0,1,0.31666666666666665,0
198,CASH_OUT,8212.13,C9441018790,7449.34,0.0,M1122712790,0.0,0.0,1,0.1,0
147,PAYMENT,4557.34,C6496933442,5563.4,1006.06,M5794335854,0.0,0.0,0,0.0,0
175,TRANSFER,19939.58,C7915226263,18200.16,0.0,M1783432867,0.0,0.0,1,0.8633333333333333,1
353,PAYMENT,21398.91,C5666504394,50861.18,29462.27,M1888107487,0.0,0.0,0,0.0,0
428,PAYMENT,60.52,C6558450990,28675.0,28614.48,M3072183247,0.0,0.0,0,0.0,0
101,TRANSFER,1.0,C6628158856,0.76,0.0,C9437783771,44.87,45.87,0,0.14,0
485,PAYMENT,19251.53,C3097302637,29964.71,10713.18,M7702529931,0.0,0.0,0,0.0,0
275,TRANSFER,23950.66,C6805759868,27125.6,3174.94,M8869140487,0.0,0.0,1,0.26,0
107,DEBIT,12346.07,C8934927891,115592.69,103246.62,M9620935604,0.0,0.0,0,0.006666666666666667,0
49,CASH_OUT,1.0,C2540492440,0.0,0.0,C6362597344,1800.5,1800.5,0,0.0,0
39,TRANSFER,18946.0,C6218484323,23540.62,4594.62,C9259157845,84645.63,103591.63,0,0.0,0
190,CASH_OUT,1.0,C7505693643,0.0,0.0,C6320115677,39574.31,39574.31,0,0.0,0
387,TRANSFER,28573.72,C1726990714,25877.78,0.0,M1343875431,0.0,0.0,1,0.7566666666666667,1
81,TRANSFER,32772.6,C7597996327,35402.61,2630.01,M7343954769,0.0,0.0,1,0.25333333333333335,0
156,PAYMENT,1.0,C3258354191,0.0,0.0,M7230477043,0.0,0.0,0,0.0,0
235,TRANSFER,1493.02,C4039019230,1974.97,481.95,M4522855590,0.0,0.0,1,0.17,0
294,PAYMENT,7.98,C4550353803,11.11,3.13,M3690714075,0.0,0.0,0,0.0,0
417,PAYMENT,6494.21,C6161147047,11673.98,5179.77,M2885370603,0.0,0.0,0,0.0,0
135,PAYMENT,170.29,C6306523372,24508.13,24337.84,M8366710477,0.0,0.0,0,0.0,0
77,DEBIT,1227.93,C2075413763,17951.04,16723.11,M5535650160,0.0,0.0,0,0.006666666666666667,0
705,PAYMENT,1.0,C9274189261,0.0,0.0,M1811839103,0.0,0.0,0,0.0,0
65,TRANSFER,1.0,C2893321208,0.0,0.0,C9863781331,0.0,1.0,0,0.23333333333333334,0
485,PAYMENT,5706.08,C8995970241,168271.88,162565.8,M8083396378,0.0,0.0,0,0.0,0
318,PAYMENT,952.3,C6715705115,1333.23,380.93,M8790289305,0.0,0.0,0,0.0,0
544,PAYMENT,1166.24,C6012067717,89051.26,87885.02,M8910440683,0.0,0.0,0,0.0,0
91,TRANSFER,1.0,C8578226896,0.0,0.0,C6448001026,6324.59,6325.59,0,0.0,0
625,TRANSFER,3526.61,C2777816561,5638.13,2111.52,C9919491730,0.0,3526.61,0,0.05333333333333334,0
60,DEBIT,1370.65,C3035761595,2001.86,631.21,M2555936898,0.0,0.0,0,0.01,0
530,CASH_OUT,1496.15,C5150090143,1376.41,0.0,M3223687972,0.0,0.0,1,0.19,0
153,TRANSFER,148901.52,C7196439534,146532.15,0.0,C4888749350,9959.48,9959.48,1,0.14333333333333334,0
425,CASH_OUT,120424.49,C2554039848,116238.26,0.0,C4277581356,6.11,6.11,1,0.19666666666666666,0
164,TRANSFER,62809.6,C6012067717,87885.02,25075.42,M2635881694,0.0,0.0,1,0.22333333333333333,0
287,PAYMENT,1.0,C4713453204,0.0,0.0,M9444143872,0.0,0.0,0,0.0,0
155,CASH_IN,24339.34,C6299224734,123.74,24463.08,C2148679234,112083.1,112083.1,0,0.0,0
163,TRANSFER,2418.6,C1387652480,2832.8,414.2,C1121863227,0.0,0.0,1,0.15333333333333332,0
191,TRANSFER,109761.42,C4719780110,149312.51,39551.09,M2156184315,0.0,0.0,1,0.25,0
134,PAYMENT,1.0,C5407856339,0.0,0.0,M6606958660,0.0,0.0,0,0.0,0
193,TRANSFER,1.0,C4067961943,0.0,0.0,C5292015249,33763.8,33764.8,0,0.0,0
571,TRANSFER,1263.55,C8380312396,3016.84,1753.29,C1340272119,173542.4,174805.95,0,0.01,0
715,TRANSFER,2731.68,C8318855178,5341.51,2609.83,C2891100776,475.11,3206.79,0,0.013333333333333334,0
250,PAYMENT,3640.51,C7299420031,65501.64,61861.13,M7651029165,0.0,0.0,0,0.0,0
88,TRANSFER,5355.13,C5523703900,9923.06,4567.93,C9457665185,3760.71,9115.84,0,0.0,0
508,PAYMENT,23091.1,C6231117883,56110.8,33019.7,M9444143872,0.0,0.0,0,0.0,0
518,CASH_OUT,91839.08,C1834624758,115386.5,23547.42,M9625656293,0.0,0.0,1,0.016666666666666666,0
555,DEBIT,37.53,C5083595988,3851.13,3813.6,M2571632270,0.0,0.0,0,0.02666666666666667,0
134,CASH_OUT,2544.71,C5010075517,2843.35,298.64,M3322580659,0.0,0.0,1,0.0,0
160,CASH_OUT,165846.96,C7022683808,151494.19,0.0,M7050091525,0.0,0.0,1,0.013333333333333334,0
560,DEBIT,1.0,C5855415646,0.0,0.0,M8778927211,0.0,0.0,0,0.043333333333333335,0
449,PAYMENT,1.05,C6122110529,26671.19,26670.14,M6651020291,0.0,0.0,0,0.0,0
521,CASH_OUT,1.0,C4919706735,0.0,0.0,C5783809766,54949.56,54949.56,0,0.043333333333333335,0
641,CASH_OUT,1391.66,C9237880732,1455.32,63.66,C4037270171,20893.18,20893.18,1,0.016666666666666666,0
327,PAYMENT,34.68,C2479679716,53.75,19.07,M1908459040,0.0,0.0,0,0.0,0
4,CASH_OUT,6253.62,C7376649850,75445.42,69191.8,C4203205881,0.0,0.0,0,0.0033333333333333335,0
212,PAYMENT,1.0,C7858937483,0.0,0.0,M8821456242,0.0,0.0,0,0.0,0
376,PAYMENT,64.14,C9806189256,1170.37,1106.23,M4329446784,0.0,0.0,0,0.0,0
414,PAYMENT,310.52,C3190227431,642.21,331.69,M6515490818,0.0,0.0,0,0.0,0
650,CASH_OUT,1005.39,C4466589567,933.3,0.0,M3317856944,0.0,0.0,1,0.20666666666666667,0
404,TRANSFER,6189.31,C2394868732,5847.04,0.0,M4601406440,0.0,0.0,1,0.72,1
291,TRANSFER,2021.21,C4460967357,2271.63,250.42,C6663846005,50247.32,52268.53,1,0.0,0
691,TRANSFER,32940.74,C6726515966,182716.78,149776.04,C1041531046,100.14,33040.88,0,0.0,0
416,CASH_OUT,174177.87,C3465740756,196079.54,21901.67,C5759761714,33429.51,33429.51,1,0.0,0
605,CASH_OUT,827.21,C7608153267,720.54,0.0,M4522855590,0.0,0.0,1,0.12666666666666668,0
635,PAYMENT,1323.23,C1741134891,77660.09,76336.86,M9640701016,0.0,0.0,0,0.0,0
18,PAYMENT,74.62,C8441393731,155.6,80.98,M3811254192,0.0,0.0,0,0.0,0
242,TRANSFER,1.0,C9147687657,0.0,0.0,C5294535887,6.39,7.39,0,0.19333333333333333,0
446,PAYMENT,11558.39,C2926780541,13335.97,1777.58,M7969674420,0.0,0.0,0,0.0,0
702,CASH_OUT,2465.02,C6795522649,2919.87,454.85,M7343954769,0.0,0.0,1,0.023333333333333334,0
21,TRANSFER,62899.08,C3931997465,75777.41,12878.33,C3574081104,4.27,62903.35,1,0.0,0
400,TRANSFER,51662.04,C4431078106,70938.85,19276.81,C9166381136,0.9,51662.94,1,0.0,0
671,TRANSFER,75.56,C9759180824,105.55,29.99,C8110054933,14067.67,14143.23,0,0.006666666666666667,0
302,TRANSFER,73959.07,C3645901955,92605.25,18646.18,M8740820392,0.0,0.0,1,0.26666666666666666,0
332,PAYMENT,20795.07,C3045102506,68106.07,47311.0,M8910440683,0.0,0.0,0,0.0,0
487,TRANSFER,211645.53,C5694848867,181006.8,0.0,M8366710477,0.0,0.0,1,0.9433333333333334,1
657,CASH_OUT,1716.35,C2962750929,2329.3,612.95,M2625035499,0.0,0.0,1,0.02666666666666667,0
112,PAYMENT,3311.62,C3880327491,80951.69,77640.07,M2228388623,0.0,0.0,0,0.0,0
467,PAYMENT,15493.82,C2065354117,134135.15,118641.33,M3960136787,0.0,0.0,0,0.0,0
673,PAYMENT,1418.58,C2982979741,117625.81,116207.23,M9020002737,0.0,0.0,0,0.0,0
616,PAYMENT,4786.11,C1041531046,33040.88,28254.77,M6401844042,0.0,0.0,0,0.0,0
337,TRANSFER,1.0,C6461974809,0.0,0.0,C7910439839,0.0,1.0,0,0.22,0
314,TRANSFER,957.87,C8991678061,1433.01,475.14,C6128695961,1884.27,2842.14,0,0.0,0
705,TRANSFER,31213.64,C6923893872,27863.66,0.0,M2129491690,0.0,0.0,1,0.8633333333333333,1
586,TRANSFER,8834.45,C2295574037,10583.12,1748.67,M6495967005,0.0,0.0,1,0.32666666666666666,0
437,TRANSFER,1.0,C2635231601,0.0,0.0,C8033062794,343.3,344.3,0,0.09,0
491,PAYMENT,1.0,C3623588379,0.0,0.0,M6041646576,0.0,0.0,0,0.0,0
553,PAYMENT,1.0,C8086172302,0.0,0.0,M5794335854,0.0,0.0,0,0.0,0
299,TRANSFER,1113.85,C9248574674,1264.09,150.24,M3846182436,0.0,0.0,1,0.11,0
155,PAYMENT,1211.79,C7803990970,4876.99,3665.2,M7366396017,0.0,0.0,0,0.0,0
665,TRANSFER,9228.5,C3806215682,7754.58,0.0,M3208200227,0.0,0.0,1,0.9466666666666667,1
252,DEBIT,2150.66,C5182110973,57224.36,55073.7,M7230477043,0.0,0.0,0,0.006666666666666667,0
560,TRANSFER,157879.56,C8168394616,174076.98,16197.42,C4919706735,0.0,0.0,1,0.3233333333333333,0
624,TRANSFER,329.12,C6924716023,687.02,357.9,C6923893872,0.0,329.12,0,0.06,0
507,PAYMENT,2613.61,C5141285960,100456.7,97843.09,M1666898313,0.0,0.0,0,0.0,0
109,CASH_OUT,349.62,C8926438617,349.51,0.0,C8625905455,26417.93,26417.93,1,0.006666666666666667,0
331,DEBIT,1.0,C8995045543,0.0,0.0,M3690714075,0.0,0.0,0,0.04,0
693,CASH_OUT,1.0,C6704841644,0.51,0.0,C5728897164,18304.01,18304.01,0,0.013333333333333334,0
69,PAYMENT,61.31,C1596471620,73.15,11.84,M1306420495,0.0,0.0,0,0.0,0
422,CASH_OUT,29828.33,C3866755218,33284.45,3456.12,M7532669066,0.0,0.0,1,0.013333333333333334,0
123,TRANSFER,684.4,C8612747444,656.55,0.0,M3965860354,0.0,0.0,1,0.27,0
432,TRANSFER,21948.45,C2941508568,44802.85,22854.4,C4277422858,1614.34,23562.79,0,0.0,0
284,PAYMENT,940.11,C5993571693,155218.11,154278.0,M2155671697,0.0,0.0,0,0.0,0
305,TRANSFER,1223.31,C4566852761,1246.28,22.97,C8477300991,0.0,0.0,1,0.19333333333333333,0
106,TRANSFER,84934.37,C9115282784,87521.73,2587.36,C3051831252,106012.74,190947.11,1,0.0,0
79,CASH_OUT,1.0,C7150970643,0.0,0.0,C5135595227,0.0,0.0,0,0.006666666666666667,0
168,DEBIT,1.0,C4623960580,0.0,0.0,M8740820392,0.0,0.0,0,0.03,0
395,PAYMENT,38.15,C6307626407,57.43,19.28,M8389750357,0.0,0.0,0,0.0,0
614,CASH_OUT,69032.1,C3334938378,86934.33,17902.23,M5869990861,0.0,0.0,1,0.016666666666666666,0
324,CASH_OUT,2297.78,C6952291828,3017.77,719.99,M7764117705,0.0,0.0,1,0.006666666666666667,0
468,TRANSFER,2875.84,C6012067717,25075.42,22199.58,C5227828349,0.0,2875.84,0,0.0033333333333333335,0
434,CASH_IN,94557.48,C6493800024,117.01,94674.49,C9376277483,72739.6,72739.6,0,0.0,0
492,DEBIT,5216.95,C8624454880,14990.76,9773.81,M9581187661,0.0,0.0,0,0.03333333333333333,0
248,CASH_OUT,50879.92,C5512036684,59483.88,8603.96,C2620054076,0.0,0.0,1,0.0,0
96,PAYMENT,20.39,C4500557310,42.15,21.76,M9441870024,0.0,0.0,0,0.0,0
425,CASH_OUT,1143.6,C6720396142,1376.3,232.7,C9547119184,90358.67,90358.67,0,0.013333333333333334,0
373,TRANSFER,3804.31,C8370987661,3932.85,128.54,M7168105904,0.0,0.0,1,0.37333333333333335,0
667,CASH_IN,61819.7,C5694190173,42056.33,103876.03,C6562457052,5683.5,5683.5,0,0.0,0
654,CASH_OUT,312.29,C4524233168,599.39,287.1,C9697414638,131688.45,131688.45,0,0.0,0
718,PAYMENT,270.06,C6443749394,10914.32,10644.26,M3094407076,0.0,0.0,0,0.0,0
675,PAYMENT,1525.73,C4079223686,158944.13,157418.4,M8030400668,0.0,0.0,0,0.0033333333333333335,0
422,PAYMENT,2668.87,C7243352390,10380.88,7712.01,M5694439775,0.0,0.0,0,0.0,0
617,CASH_OUT,92797.74,C7838460497,158303.01,65505.27,C5268845844,1806.66,1806.66,0,0.0,0
523,PAYMENT,875.44,C8394198376,934.74,59.3,M5985331805,0.0,0.0,0,0.0,0
348,TRANSFER,1.0,C7846365089,0.0,0.0,C6289150149,12980.24,12981.24,0,0.0,0
441,TRANSFER,25172.28,C9626333315,23438.48,0.0,C7823288650,0.0,25172.28,1,0.11,0
711,PAYMENT,14561.83,C5297902885,44028.37,29466.54,M3223687972,0.0,0.0,0,0.0,0
519,CASH_OUT,1488.61,C1264739091,1375.35,0.0,C6509985983,0.0,0.0,1,0.19,0
475,TRANSFER,101665.0,C5489485517,211211.88,109546.88,C1725783958,0.0,101665.0,0,0.0,0
19,CASH_OUT,1.0,C6542943838,0.0,0.0,C1529290976,97873.52,97873.52,0,0.0,0
355,PAYMENT,1.0,C1110724913,0.0,0.0,M6732306182,0.0,0.0,0,0.0,0
61,PAYMENT,1.0,C6081137534,0.0,0.0,M8458323087,0.0,0.0,0,0.0,0
358,PAYMENT,417.81,C9546021691,625.44,207.63,M1306420495,0.0,0.0,0,0.0,0
245,PAYMENT,1436.59,C9245348297,199646.61,198210.02,M2773408660,0.0,0.0,0,0.0,0
317,TRANSFER,273974.2,C9116428507,245284.99,0.0,C5151086814,0.0,273974.2,1,0.006666666666666667,0
17,PAYMENT,7670.7,C6884882440,8237.48,566.78,M2541015125,0.0,0.0,0,0.0,0
169,CASH_OUT,1.0,C4710967433,0.0,0.0,C5607762160,186.14,186.14,0,0.0,0
49,TRANSFER,72.64,C4600630513,159.06,86.42,C9786748825,20930.88,21003.52,0,0.0,0
194,CASH_OUT,11365.66,C8122042835,22832.99,11467.33,C5855415646,0.0,0.0,0,0.0,0
648,CASH_OUT,168259.99,C7920516981,218209.42,49949.43,M9776500600,0.0,0.0,1,0.013333333333333334,0
698,CASH_OUT,18807.74,C9392707144,25292.15,6484.41,C3293560436,29623.7,29623.7,0,0.0,0
392,DEBIT,8.48,C3894673596,10.63,2.15,M4456193555,0.0,0.0,0,0.03666666666666667,0
454,PAYMENT,1103.61,C8274219704,1693.25,589.64,M4522855590,0.0,0.0,0,0.0,0
297,TRANSFER,12278.51,C4308701294,12661.54,383.03,M3322580659,0.0,0.0,1,0.2733333333333333,0
456,TRANSFER,151230.7,C8252816758,243108.24,91877.54,C5508149905,74602.84,225833.54,0,0.0,0
16,TRANSFER,1.0,C8458717057,0.0,0.0,C6289150149,12981.24,12982.24,0,0.0,0
249,TRANSFER,1.0,C3303082117,0.0,0.0,C4308701294,383.03,384.03,0,0.013333333333333334,0
576,PAYMENT,1.0,C9844874547,0.0,0.0,M7702529931,0.0,0.0,0,0.0,0
651,PAYMENT,1.0,C9503597301,0.0,0.0,M6651020291,0.0,0.0,0,0.0,0
686,CASH_OUT,1.81,C5292015249,33764.8,33762.99,C8285000265,0.0,0.0,0,0.01,0
215,PAYMENT,15608.04,C7135394336,51925.41,36317.37,M2773408660,0.0,0.0,0,0.0,0
520,TRANSFER,1.0,C4026379752,0.0,0.0,C8867077130,20964.56,20965.56,0,0.0,0
33,PAYMENT,1.0,C6214917780,0.0,0.0,M9410569618,0.0,0.0,0,0.0,0
600,DEBIT,15142.6,C3389594115,162433.87,147291.27,M4035639663,0.0,0.0,0,0.02,0
648,PAYMENT,4974.64,C3058982440,104591.13,99616.49,M9977193987,0.0,0.0,0,0.0,0
507,CASH_OUT,169.16,C5667181604,204.37,35.21,M8869140487,0.0,0.0,1,0.04,0
276,CASH_OUT,84514.47,C4268713302,114154.25,29639.78,M8058679999,0.0,0.0,1,0.0,0
640,PAYMENT,1.0,C5278201677,0.0,0.0,M3811254192,0.0,0.0,0,0.0,0
408,PAYMENT,2611.87,C3933213766,3934.79,1322.92,M6846530109,0.0,0.0,0,0.0,0
646,CASH_OUT,212756.27,C1099541460,195491.77,0.0,M4588312351,0.0,0.0,1,0.22,0
679,PAYMENT,11206.6,C8047877267,140322.95,129116.35,M7861571879,0.0,0.0,0,0.0,0
226,PAYMENT,1.0,C7772180882,0.0,0.0,M3495411322,0.0,0.0,0,0.0,0
26,PAYMENT,2.34,C7079234115,8389.09,8386.75,M4242579642,0.0,0.0,0,0.0,0
6,TRANSFER,22090.22,C4268713302,29639.78,7549.56,M2695447268,0.0,0.0,1,0.18333333333333332,0
583,PAYMENT,1707.86,C8624454880,9773.81,8065.95,M6786043791,0.0,0.0,0,0.0,0
393,CASH_OUT,1.0,C4735313433,0.0,0.0,C4710967433,0.0,0.0,0,0.03666666666666667,0
25,PAYMENT,146.58,C4283432667,102800.22,102653.64,M2228388623,0.0,0.0,0,0.0,0
503,CASH_OUT,106792.52,C1225953184,129278.31,22485.79,M6199197408,0.0,0.0,1,0.013333333333333334,0
119,TRANSFER,3968.88,C1288765093,4849.27,880.39,M2541015125,0.0,0.0,1,0.2,0
542,TRANSFER,52.69,C3849232839,182.69,130.0,C9697414638,131688.45,131741.14,0,0.0,0
62,CASH_OUT,1.0,C1470939445,0.0,0.0,C9863781331,1.0,1.0,0,0.0033333333333333335,0
546,CASH_OUT,35560.89,C2973888646,98222.18,62661.29,C2140169349,20.32,20.32,0,0.01,0
354,PAYMENT,589.04,C5785481124,974.41,385.37,M6820149016,0.0,0.0,0,0.0,0
380,PAYMENT,36.89,C9437783771,45.87,8.98,M9065458220,0.0,0.0,0,0.0,0
231,PAYMENT,9149.69,C2407863065,44428.77,35279.08,M4158643786,0.0,0.0,0,0.0,0
287,DEBIT,1169.42,C9155819200,1517.32,347.9,M9065458220,0.0,0.0,0,0.01,0
634,TRANSFER,224.4,C7660157097,375.91,151.51,C1131267917,24184.66,24409.06,0,0.0,0
553,PAYMENT,14104.74,C1795212538,100130.16,86025.42,M6247463262,0.0,0.0,0,0.0,0
551,TRANSFER,6721.96,C7628981661,8339.73,1617.77,M3072183247,0.0,0.0,1,0.3233333333333333,0
558,TRANSFER,47098.51,C6557907251,60619.17,13520.66,C4274958945,5939.86,5939.86,1,0.01,0
480,PAYMENT,3463.89,C9523104008,4430.3,966.41,M3831598303,0.0,0.0,0,0.0,0
445,CASH_OUT,1.0,C1955345537,0.0,0.0,C6673381261,52291.84,52291.84,0,0.08333333333333333,0
350,CASH_OUT,104309.92,C1682781467,102533.25,0.0,M3536590481,0.0,0.0,1,0.03333333333333333,0
358,PAYMENT,2638.56,C5227828349,2875.84,237.28,M1811839103,0.0,0.0,0,0.0,0
702,CASH_OUT,9971.7,C1546957087,9281.69,0.0,M3846182436,0.0,0.0,1,0.26,0
653,PAYMENT,13.62,C1785418196,15.83,2.21,M9255306810,0.0,0.0,0,0.0,0
81,TRANSFER,2912.54,C4203205881,3570.02,657.48,C6649827836,28410.97,28410.97,1,0.0,0
327,CASH_OUT,130.64,C8991678061,475.14,344.5,C9147736635,69823.41,69823.41,0,0.0033333333333333335,0
456,CASH_OUT,5351.65,C4226113732,4526.56,0.0,M3660800029,0.0,0.0,1,0.32,0
465,DEBIT,40912.91,C5584288132,150021.12,109108.21,M2885370603,0.0,0.0,0,0.016666666666666666,0
132,TRANSFER,2531.41,C1662259333,3342.8,811.39,M8144889126,0.0,0.0,1,0.12333333333333334,0
7,TRANSFER,2819.61,C7710396573,5481.49,2661.88,C1408988968,1176.66,3996.27,0,0.0033333333333333335,0
315,CASH_OUT,114101.04,C9165632300,101880.04,0.0,M3322580659,0.0,0.0,1,0.023333333333333334,0
583,TRANSFER,18972.24,C5759761714,33429.51,14457.27,C6534540349,43728.62,62700.86,0,0.0,0
326,DEBIT,16374.53,C7430757004,24078.09,7703.56,M9896529524,0.0,0.0,0,0.023333333333333334,0
504,CASH_OUT,2750.36,C1662976399,5724.61,2974.25,C7736142481,22733.32,22733.32,0,0.01,0
398,PAYMENT,23601.09,C1293864877,34989.55,11388.46,M7570511906,0.0,0.0,0,0.0,0
667,TRANSFER,9804.52,C5144289583,9443.98,0.0,M8910440683,0.0,0.0,1,0.92,1
630,TRANSFER,32840.51,C1798112150,109465.73,76625.22,C9533595495,161546.65,194387.16,0,0.0,0
662,PAYMENT,8764.97,C1139082827,90773.63,82008.66,M1711271599,0.0,0.0,0,0.0,0
390,TRANSFER,7411.57,C3791027186,87373.69,79962.12,C4070964768,197305.8,204717.37,0,0.0,0
667,DEBIT,1.0,C8949781901,0.0,0.0,M7960713821,0.0,0.0,0,0.05,0
719,CASH_OUT,147412.43,C2017675569,168995.75,21583.32,C5130589741,115867.87,115867.87,1,0.0,0
236,TRANSFER,866.35,C1005502537,803.38,0.0,C8115628227,552.54,552.54,1,0.07,0
594,DEBIT,7987.16,C6952554500,24169.62,16182.46,M8903212516,0.0,0.0,0,0.03,0
561,TRANSFER,2252.36,C2014766981,4447.16,2194.8,C5141285960,97843.09,100095.45,0,0.0033333333333333335,0
55,CASH_OUT,778.17,C6789448659,1231.74,453.57,C5567816720,118530.11,118530.11,0,0.006666666666666667,0
60,PAYMENT,1325.46,C7083067988,90711.99,89386.53,M5570190774,0.0,0.0,0,0.0,0
205,TRANSFER,2857.93,C5407856339,2731.75,0.0,C5135595227,0.0,0.0,1,0.8266666666666667,1
511,TRANSFER,171.18,C1387652480,414.2,243.02,C3291226621,128114.62,128285.8,0,0.0,0
149,TRANSFER,1539.67,C5033992825,2060.67,521.0,C8388580360,169.84,169.84,1,0.016666666666666666,0
298,TRANSFER,25977.72,C5695387521,25942.63,0.0,C9837912162,173.21,26150.93,1,0.0033333333333333335,0
401,CASH_OUT,56.55,C5935852056,104103.33,104046.78,C4252504650,0.0,0.0,0,0.0,0
654,CASH_OUT,2873.17,C7292076361,2888.72,15.55,C3796581976,0.0,0.0,1,0.05,0
357,TRANSFER,398.68,C2087974350,345.81,0.0,C9438411468,120820.41,121219.09,1,0.0,0
192,PAYMENT,20391.37,C8243746556,106455.25,86063.88,M4122901114,0.0,0.0,0,0.0,0
403,PAYMENT,31.35,C8293453178,46.99,15.64,M6130446648,0.0,0.0,0,0.0,0
259,CASH_OUT,157.77,C6171239466,140.25,0.0,C6852312425,88094.99,88094.99,1,0.013333333333333334,0
411,PAYMENT,21822.55,C8906163641,168549.6,146727.05,M8144352013,0.0,0.0,0,0.0,0
118,PAYMENT,14.9,C4949801453,53.54,38.64,M2115406331,0.0,0.0,0,0.0,0
381,PAYMENT,2148.74,C9663561486,80727.01,78578.27,M8869140487,0.0,0.0,0,0.0,0
658,CASH_OUT,4.75,C7299420031,61861.13,61856.38,C6628158856,0.0,0.0,0,0.01,0
24,DEBIT,23480.43,C5877639950,69644.71,46164.28,M3636366799,0.0,0.0,0,0.006666666666666667,0
45,PAYMENT,523.38,C6173344564,1828.25,1304.87,M6011842297,0.0,0.0,0,0.0,0
559,PAYMENT,30.21,C5376302686,214153.69,214123.48,M6744039057,0.0,0.0,0,0.0,0
549,PAYMENT,6462.79,C6974875750,186800.5,180337.71,M5794335854,0.0,0.0,0,0.0,0
653,CASH_OUT,2119.05,C4274374218,5103.65,2984.6,C7706193636,27346.64,27346.64,0,0.01,0
555,PAYMENT,18869.57,C5728765136,34481.6,15612.03,M6384311581,0.0,0.0,0,0.0,0
255,PAYMENT,1920.7,C3185386258,3260.19,1339.49,M7453081889,0.0,0.0,0,0.0,0
110,PAYMENT,896.97,C1408988968,3996.27,3099.3,M5535650160,0.0,0.0,0,0.0,0
103,CASH_OUT,3853.44,C4538382315,3370.19,0.0,C3791027186,79962.12,79962.12,1,0.03,0
591,TRANSFER,15574.71,C2095286033,169352.44,153777.73,C6402580787,2395.24,17969.95,0,0.0,0
257,CASH_OUT,27947.57,C7287517250,36421.64,8474.07,C1667779376,2826.61,2826.61,1,0.0033333333333333335,0
139,CASH_IN,123232.47,C5625980561,30867.42,154099.89,C2439622619,115256.74,115256.74,0,0.0,0
395,CASH_IN,100561.14,C4683935600,175490.26,276051.4,C3958590550,4035.28,4035.28,0,0.0,0
5,PAYMENT,1.0,C9503597301,0.0,0.0,M8548290298,0.0,0.0,0,0.0,0
259,TRANSFER,1226.2,C9409682410,1113.66,0.0,C7808938880,15232.41,15232.41,1,0.0,0
551,PAYMENT,18042.62,C3521300895,152714.5,134671.88,M6866146362,0.0,0.0,0,0.0,0
268,TRANSFER,1.0,C9369574998,0.0,0.0,C9771848610,14.28,15.28,0,0.19666666666666666,0
34,TRANSFER,136.72,C8809871735,179.1,42.38,C3796581976,0.0,0.0,1,0.16,0
327,CASH_IN,127502.39,C4039019230,481.95,127984.34,C4026113008,122817.66,122817.66,0,0.0,0
244,PAYMENT,1.0,C1121863227,0.0,0.0,M5325865521,0.0,0.0,0,0.0,0
14,PAYMENT,73.75,C8823677798,254.24,180.49,M3369412470,0.0,0.0,0,0.0,0
539,TRANSFER,3.13,C8293453178,15.64,12.51,C2579206999,2789.77,2792.9,0,0.03666666666666667,0
200,PAYMENT,1370.12,C1691293717,1821.67,451.55,M3145756342,0.0,0.0,0,0.0,0
645,TRANSFER,249091.42,C1383539822,215817.67,0.0,C6081137534,0.0,0.0,1,0.9566666666666667,1
11,PAYMENT,57.13,C8015775567,47393.87,47336.74,M8030400668,0.0,0.0,0,0.0,0
435,PAYMENT,12.03,C5184564874,18.72,6.69,M4211837506,0.0,0.0,0,0.0,0
388,PAYMENT,1393.46,C9123612497,8236.45,6842.99,M3495411322,0.0,0.0,0,0.0,0
357,TRANSFER,27043.21,C6715961218,110546.58,83503.37,C2158638062,1748.05,28791.26,0,0.0,0
3,TRANSFER,101245.03,C7166868574,145741.73,44496.7,C8907752604,160135.11,261380.14,0,0.0,0
635,CASH_OUT,1.0,C8390631634,0.0,0.0,C6982610835,0.0,0.0,0,0.06,0
159,PAYMENT,14024.29,C1741134891,76336.86,62312.57,M1783432867,0.0,0.0,0,0.0,0
244,PAYMENT,727.61,C8168394616,16197.42,15469.81,M2635881694,0.0,0.0,0,0.0,0
597,TRANSFER,4383.8,C1626733282,10905.04,6521.24,C6306523372,24337.84,28721.64,0,0.0033333333333333335,0
332,PAYMENT,2006.06,C6634526139,2640.05,633.99,M3536590481,0.0,0.0,0,0.0,0
246,CASH_OUT,35464.75,C5269728610,198154.34,162689.59,C5150090143,0.0,0.0,0,0.0,0
153,TRANSFER,13618.39,C7199283151,19859.71,6241.32,C3412365931,39133.32,52751.71,0,0.0,0
624,TRANSFER,79687.61,C1039887139,67531.15,0.0,M3369412470,0.0,0.0,1,0.83,1
375,TRANSFER,69669.38,C9081544414,83342.87,13673.49,C7979466538,2240.64,2240.64,1,0.023333333333333334,0
686,CASH_IN,107171.09,C6588252632,2666.48,109837.57,C5100282913,64522.01,64522.01,0,0.0,0
625,CASH_OUT,104830.36,C3521300895,134671.88,29841.52,M1458227039,0.0,0.0,1,0.013333333333333334,0
476,DEBIT,2917.97,C9411532909,7537.96,4619.99,M1711271599,0.0,0.0,0,0.03666666666666667,0
270,PAYMENT,22455.63,C5972484792,126678.68,104223.05,M1999913493,0.0,0.0,0,0.0,0
124,PAYMENT,14604.1,C6691628146,250063.74,235459.64,M7960713821,0.0,0.0,0,0.0,0
309,PAYMENT,25.54,C5625342041,104065.78,104040.24,M6130446648,0.0,0.0,0,0.0,0
46,PAYMENT,20380.54,C3781569954,140592.08,120211.54,M3297681898,0.0,0.0,0,0.0,0
530,PAYMENT,1203.43,C2777816561,2111.52,908.09,M7282885927,0.0,0.0,0,0.0,0
190,CASH_OUT,25006.47,C3426665919,53590.69,28584.22,C5785481124,385.37,385.37,0,0.0,0
22,CASH_OUT,30161.99,C4572433066,29317.7,0.0,M5985331805,0.0,0.0,1,0.01,0
458,PAYMENT,2184.55,C7246858055,58659.43,56474.88,M1368287033,0.0,0.0,0,0.0,0
715,CASH_OUT,58.13,C9403748506,466.95,408.82,C8760642358,665.37,665.37,0,0.023333333333333334,0
705,PAYMENT,1.01,C8684026200,161390.97,161389.96,M5315720088,0.0,0.0,0,0.0,0
348,TRANSFER,6528.37,C1116402431,14961.16,8432.79,C2612579345,67008.48,73536.85,0,0.0,0
157,CASH_OUT,4205.9,C2965164102,4047.28,0.0,M5794335854,0.0,0.0,1,0.04666666666666667,0
354,CASH_OUT,1014.27,C1288765093,880.39,0.0,C3426709025,3942.4,3942.4,1,0.056666666666666664,0
276,PAYMENT,1.0,C2620054076,0.0,0.0,M3960136787,0.0,0.0,0,0.0,0
497,CASH_OUT,40595.99,C3400244542,88859.75,48263.76,C9516893896,13143.6,13143.6,0,0.0,0
470,CASH_IN,132115.72,C1233079614,25044.33,157160.05,C6009268066,0.0,0.0,0,0.0,0
545,CASH_OUT,147.12,C7185179917,125.49,0.0,M4665677395,0.0,0.0,1,0.07333333333333333,0
691,TRANSFER,112163.67,C4681264539,109913.51,0.0,C3291270703,0.0,0.0,1,0.8733333333333333,1
692,TRANSFER,1197.16,C8239941612,1540.76,343.6,M1732578761,0.0,0.0,1,0.17333333333333334,0
324,TRANSFER,35661.7,C3841827734,167797.03,132135.33,C1696846464,968.03,36629.73,0,0.0,0
220,CASH_OUT,7885.81,C7556078550,23164.54,15278.73,C8441393731,80.98,80.98,0,0.0,0
514,PAYMENT,2640.82,C8706093841,16370.61,13729.79,M2778069478,0.0,0.0,0,0.0,0
366,PAYMENT,1.0,C5150074940,0.0,0.0,M8366710477,0.0,0.0,0,0.0,0
554,CASH_OUT,24426.17,C3605585995,142125.77,117699.6,C8991514523,11513.06,11513.06,0,0.0,0
513,PAYMENT,1.0,C2916728422,1.0,0.0,M7341757401,0.0,0.0,0,0.0,0
115,TRANSFER,1785.74,C3667292043,2145.01,359.27,M6498703287,0.0,0.0,1,0.16333333333333333,0
245,CASH_OUT,96117.97,C2073755632,94444.66,0.0,C1654477195,28919.06,28919.06,1,0.08,0
294,CASH_OUT,1216.05,C4526242854,1694.57,478.52,M1185303518,0.0,0.0,1,0.006666666666666667,0
395,CASH_OUT,131.62,C2452066459,151.73,20.11,M8646369354,0.0,0.0,1,0.023333333333333334,0
68,TRANSFER,5661.3,C4558302256,12267.54,6606.24,C4034047118,17380.29,23041.59,0,0.0,0
661,CASH_OUT,19643.84,C1207916194,195391.7,175747.86,C6142469284,5948.44,5948.44,0,0.0,0
578,CASH_OUT,105340.77,C4039019230,127984.34,22643.57,M1908459040,0.0,0.0,1,0.013333333333333334,0
156,CASH_OUT,6557.73,C7699500243,5726.24,0.0,C6038780151,0.0,0.0,1,0.043333333333333335,0
83,CASH_OUT,4714.85,C1446457642,6522.57,1807.72,C5998623100,19798.52,19798.52,0,0.0033333333333333335,0
472,CASH_OUT,3342.78,C6720572969,2818.42,0.0,C4965395580,183484.05,183484.05,1,0.04666666666666667,0
533,PAYMENT,925.06,C6859286614,169390.51,168465.45,M9288057824,0.0,0.0,0,0.0,0
426,PAYMENT,1.0,C3304560537,0.0,0.0,M1694904767,0.0,0.0,0,0.0,0
492,DEBIT,1652.8,C6725038117,109401.85,107749.05,M9896529524,0.0,0.0,0,0.016666666666666666,0
518,PAYMENT,442.46,C7759781156,743.84,301.38,M9021793855,0.0,0.0,0,0.0,0
493,PAYMENT,15.62,C5077921573,64.59,48.97,M4908108692,0.0,0.0,0,0.0,0
300,TRANSFER,58691.78,C5952163720,55222.85,0.0,C3098948446,0.0,0.0,1,0.7366666666666667,1
458,CASH_OUT,75.89,C5292015249,33762.99,33687.1,C1857596764,2463.67,2463.67,0,0.0033333333333333335,0
329,TRANSFER,3350.36,C1121863227,3545.18,194.82,M9065458220,0.0,0.0,1,0.22666666666666666,0
644,TRANSFER,1528.89,C2267619081,2296.05,767.16,C6463640105,0.0,1528.89,0,0.07,0
551,DEBIT,4105.52,C9903351330,23839.0,19733.48,M4399143287,0.0,0.0,0,0.03,0
579,PAYMENT,5828.4,C4530959836,189915.38,184086.98,M3705237613,0.0,0.0,0,0.0,0
233,TRANSFER,4137.68,C9503597301,3950.2,0.0,C1809283659,45412.62,49550.3,1,0.0033333333333333335,0
596,PAYMENT,9808.17,C2423995953,10414.4,606.23,M2228388623,0.0,0.0,0,0.0,0
336,PAYMENT,927.39,C6201313620,3834.62,2907.23,M2115406331,0.0,0.0,0,0.0,0
186,CASH_OUT,28319.58,C9837912162,26150.93,0.0,M8858274691,0.0,0.0,1,0.016666666666666666,0
717,CASH_OUT,1.0,C5976777081,0.0,0.0,C5296710795,647.23,647.23,0,0.07,0
129,PAYMENT,11437.05,C3792347639,51063.69,39626.64,M3317856944,0.0,0.0,0,0.0,0
158,TRANSFER,7783.58,C8902275119,7262.12,0.0,M9918338001,0.0,0.0,1,0.7566666666666667,1
390,TRANSFER,134268.86,C7508080884,158265.86,23997.0,C8257484586,3411.67,137680.53,1,0.0,0
287,PAYMENT,1.0,C7074050517,0.0,0.0,M7928143230,0.0,0.0,0,0.0,0
376,PAYMENT,7902.42,C7623575561,41002.06,33099.64,M5325865521,0.0,0.0,0,0.0,0
561,PAYMENT,23.97,C8497938394,88.44,64.47,M4689605624,0.0,0.0,0,0.0,0
91,CASH_OUT,144653.46,C8241550421,128326.31,0.0,C4880176825,0.0,0.0,1,0.08666666666666667,0
134,TRANSFER,36.15,C3716924538,90.95,54.8,C9189503254,10961.02,10997.17,0,0.0033333333333333335,0
675,PAYMENT,1.0,C6804850108,0.0,0.0,M3156792018,0.0,0.0,0,0.0,0
252,TRANSFER,62.49,C9633533290,275.7,213.21,C5751366455,7680.06,7742.55,0,0.0,0
328,DEBIT,56.68,C1541964762,84601.34,84544.66,M5449848690,0.0,0.0,0,0.006666666666666667,0
416,CASH_IN,20.2,C4207337120,16607.63,16627.83,C8942167666,0.0,0.0,0,0.0033333333333333335,0
273,TRANSFER,26940.31,C2848792488,32293.56,5353.25,C4239406957,0.0,26940.31,0,0.0,0
170,CASH_OUT,41573.81,C6562144159,45714.9,4141.09,M3534186676,0.0,0.0,1,0.0,0
681,TRANSFER,115.26,C2214741296,120.75,5.49,M7270955446,0.0,0.0,1,0.17666666666666667,0
65,PAYMENT,6041.84,C7243352390,7712.01,1670.17,M5985331805,0.0,0.0,0,0.0,0
305,PAYMENT,26.65,C7668801906,11778.81,11752.16,M4329446784,0.0,0.0,0,0.0,0
354,PAYMENT,5013.01,C6961554653,6034.81,1021.8,M4035639663,0.0,0.0,0,0.0,0
538,TRANSFER,159530.87,C3768901084,157199.34,0.0,C7857580528,1431.93,160962.8,1,0.03666666666666667,0
690,TRANSFER,2043.77,C1471997674,2383.91,340.14,M2115406331,0.0,0.0,1,0.2966666666666667,0
696,PAYMENT,530.36,C3815389788,804.85,274.49,M7343954769,0.0,0.0,0,0.0,0
40,PAYMENT,4690.73,C3371357111,8191.59,3500.86,M3145756342,0.0,0.0,0,0.0,0
137,TRANSFER,7064.67,C9263135031,9963.27,2898.6,M4329446784,0.0,0.0,1,0.17666666666666667,0
707,CASH_OUT,68375.84,C3361388464,73155.36,4779.52,M6820149016,0.0,0.0,1,0.023333333333333334,0
253,PAYMENT,12.37,C6157617867,15.51,3.14,M6041646576,0.0,0.0,0,0.0,0
94,CASH_IN,201.69,C2870403050,76448.84,76650.53,C6792661894,5208.36,5208.36,0,0.0,0
158,PAYMENT,1.0,C3772636814,0.0,0.0,M6282009986,0.0,0.0,0,0.0,0
696,CASH_IN,1.17,C4034047118,23041.59,23042.76,C5358791907,5922.27,5922.27,0,0.0,0
135,DEBIT,722.43,C6218955985,1572.63,850.2,M8861351706,0.0,0.0,0,0.01,0
609,TRANSFER,10830.19,C8110054933,14143.23,3313.04,M1413599241,0.0,0.0,1,0.33,0
16,CASH_OUT,1052.55,C7928074841,1022.24,0.0,M2625035499,0.0,0.0,1,0.056666666666666664,0
679,CASH_OUT,111.52,C7103588071,105.5,0.0,M7861571879,0.0,0.0,1,0.06666666666666667,0
236,TRANSFER,62.06,C4660390742,68.52,6.46,C8487449580,130893.48,130955.54,0,0.0033333333333333335,0
421,TRANSFER,647.23,C2423995953,606.23,0.0,M9620935604,0.0,0.0,1,0.25,0
293,CASH_OUT,72873.45,C7839819230,73016.52,143.07,C7638836058,939.15,939.15,1,0.0033333333333333335,0
594,PAYMENT,1.0,C9303285822,0.0,0.0,M8276498637,0.0,0.0,0,0.0,0
658,TRANSFER,98.88,C8650676663,261.52,162.64,C6562457052,5683.5,5782.38,0,0.016666666666666666,0
57,CASH_OUT,73328.12,C6761084958,84559.34,11231.22,M3457877922,0.0,0.0,1,0.0,0
168,PAYMENT,1.0,C9274189261,0.0,0.0,M8325043570,0.0,0.0,0,0.0,0
299,TRANSFER,1.0,C1726990714,0.0,0.0,C9337145038,46695.93,46696.93,0,0.0,0
466,TRANSFER,350.36,C5010075517,298.64,0.0,C3614915281,128934.41,129284.77,1,0.0,0
287,TRANSFER,22.37,C2178158203,24.59,2.22,C5829062179,0.0,22.37,0,0.17,0
229,TRANSFER,3668.32,C4696689457,4653.45,985.13,C2953462417,0.0,3668.32,1,0.0,0
346,PAYMENT,390.54,C8826851692,501.62,111.08,M7340036327,0.0,0.0,0,0.0,0
299,CASH_OUT,20319.78,C1983297492,74726.65,54406.87,C6161147047,5179.77,5179.77,0,0.0,0
285,TRANSFER,2615.88,C5028688786,2191.45,0.0,M7570511906,0.0,0.0,1,0.6766666666666666,1
379,TRANSFER,55909.02,C7083067988,89386.53,33477.51,C2645272822,0.0,55909.02,0,0.0033333333333333335,0
590,DEBIT,31.56,C5625980561,154099.89,154068.33,M8727805468,0.0,0.0,0,0.016666666666666666,0
425,TRANSFER,5130.93,C3783009621,164903.07,159772.14,C4181102664,82338.35,87469.28,0,0.0,0
659,PAYMENT,17898.12,C6466597005,134977.45,117079.33,M7678293431,0.0,0.0,0,0.0,0
567,CASH_OUT,3728.89,C4605117440,5061.2,1332.31,C1717346250,0.0,0.0,0,0.023333333333333334,0
458,DEBIT,9919.34,C2843567009,12322.59,2403.25,M6041646576,0.0,0.0,0,0.03,0
625,CASH_OUT,4953.75,C4274958945,5939.86,986.11,M5535650160,0.0,0.0,1,0.02666666666666667,0
371,PAYMENT,29.34,C4104309491,33.27,3.93,M2555936898,0.0,0.0,0,0.0,0
133,TRANSFER,1244.9,C3933213766,1322.92,78.02,C8093179263,20.79,20.79,1,0.14,0
72,TRANSFER,17193.86,C2173242669,34709.7,17515.84,C5489485517,109546.88,126740.74,0,0.0,0
468,TRANSFER,37569.04,C1756345332,37201.28,0.0,C8048810275,0.0,0.0,1,0.9366666666666666,1
256,CASH_IN,16145.88,C8487449580,130955.54,147101.42,C1725783958,101665.0,101665.0,0,0.0,0
570,PAYMENT,4488.27,C1654477195,28919.06,24430.79,M2136107759,0.0,0.0,0,0.0,0
677,CASH_OUT,2169.97,C1682781467,1971.12,0.0,M9558906999,0.0,0.0,1,0.17,0
271,PAYMENT,1195.25,C9805620900,1396.83,201.58,M2541015125,0.0,0.0,0,0.0,0
364,PAYMENT,346.59,C2173242669,17515.84,17169.25,M6846530109,0.0,0.0,0,0.0,0
676,PAYMENT,9.26,C1408988968,3099.3,3090.04,M9590331226,0.0,0.0,0,0.0,0
663,CASH_OUT,450.94,C6952291828,719.99,269.05,C2067970820,91285.01,91285.01,0,0.006666666666666667,0
310,PAYMENT,511.34,C1257324536,4264.11,3752.77,M6558769264,0.0,0.0,0,0.0,0
296,PAYMENT,1.0,C5243939720,0.0,0.0,M8083396378,0.0,0.0,0,0.0,0
231,CASH_OUT,1193.53,C1311570307,1636.48,442.95,M9631695368,0.0,0.0,1,0.0033333333333333335,0
213,PAYMENT,648.89,C7016293621,59865.21,59216.32,M6558769264,0.0,0.0,0,0.0,0
123,TRANSFER,2375.94,C8506931282,3322.62,946.68,M1257854279,0.0,0.0,1,0.15333333333333332,0
374,CASH_OUT,41444.98,C4311931853,53014.53,11569.55,C6963052185,197327.67,197327.67,1,0.0,0
412,TRANSFER,24841.06,C9085085822,27076.7,2235.64,M1083302600,0.0,0.0,1,0.2966666666666667,0
685,PAYMENT,6486.54,C4302709858,7614.86,1128.32,M8790289305,0.0,0.0,0,0.0,0
38,TRANSFER,98.94,C2867302554,131.76,32.82,C6038780151,0.0,98.94,0,0.15666666666666668,0
71,PAYMENT,75.49,C9702693937,364.76,289.27,M5270048042,0.0,0.0,0,0.0,0
402,PAYMENT,205.27,C2982979741,116207.23,116001.96,M1802753761,0.0,0.0,0,0.0,0
522,CASH_OUT,63.53,C6204862411,50884.39,50820.86,C8235363119,0.0,0.0,0,0.01,0
263,CASH_OUT,3646.13,C2176904638,14803.79,11157.66,C9611537583,24117.35,24117.35,0,0.0,0
174,TRANSFER,48605.03,C1600406558,54726.98,6121.95,C8131923452,4128.58,52733.61,0,0.0,0
178,PAYMENT,3.91,C8265834251,15247.56,15243.65,M4035639663,0.0,0.0,0,0.0,0
425,TRANSFER,77726.24,C9080621072,83647.64,5921.4,M9558906999,0.0,0.0,1,0.31666666666666665,0
282,PAYMENT,2814.04,C8047877267,129116.35,126302.31,M8727805468,0.0,0.0,0,0.0,0
10,TRANSFER,28732.03,C7083067988,33477.51,4745.48,M9625656293,0.0,0.0,1,0.17,0
16,PAYMENT,7.31,C6477862024,18.25,10.94,M7270955446,0.0,0.0,0,0.0,0
272,PAYMENT,3388.82,C9623534576,66919.68,63530.86,M3636366799,0.0,0.0,0,0.0,0
581,PAYMENT,4841.55,C8868054898,67106.49,62264.94,M1343875431,0.0,0.0,0,0.0,0
702,TRANSFER,609.52,C1625217504,702.64,93.12,M2243802345,0.0,0.0,1,0.17333333333333334,0
445,TRANSFER,121917.59,C6072939882,113337.66,0.0,C3196545325,0.0,0.0,1,0.9333333333333333,1
270,CASH_OUT,9091.83,C2072355594,12892.39,3800.56,M6401844042,0.0,0.0,1,0.0,0
715,PAYMENT,1.0,C7824150224,0.0,0.0,M8727805468,0.0,0.0,0,0.0,0
37,PAYMENT,361.62,C3597724331,171955.25,171593.63,M5959736235,0.0,0.0,0,0.0,0
450,CASH_OUT,9218.05,C3097302637,10713.18,1495.13,C4558302256,6606.24,6606.24,1,0.006666666666666667,0
182,PAYMENT,12107.15,C1242425303,43515.38,31408.23,M6744039057,0.0,0.0,0,0.0,0
36,PAYMENT,15.07,C9455610447,16.58,1.51,M1368287033,0.0,0.0,0,0.0,0
241,PAYMENT,12714.14,C9786748825,21003.52,8289.38,M9896529524,0.0,0.0,0,0.0,0
628,CASH_OUT,1426.0,C6792661894,5208.36,3782.36,C3843139149,6319.7,6319.7,0,0.01,0
276,PAYMENT,212.51,C3421719519,23026.97,22814.46,M2303835765,0.0,0.0,0,0.0,0
640,CASH_OUT,1.0,C9981364488,0.0,0.0,C7979466538,2240.64,2240.64,0,0.03333333333333333,0
659,TRANSFER,109141.0,C1378134712,147800.01,38659.01,C8940731272,0.0,0.0,1,0.29,0
264,CASH_OUT,244.87,C7004964045,335.08,90.21,C2254516608,69.73,69.73,0,0.0033333333333333335,0
46,TRANSFER,2985.82,C1408988968,3090.04,104.22,M7050091525,0.0,0.0,1,0.4266666666666667,0
641,PAYMENT,329.12,C4638577630,383.12,54.0,M7713758036,0.0,0.0,0,0.0,0
39,CASH_IN,56299.2,C7015992643,178080.42,234379.62,C5129478722,126034.25,126034.25,0,0.0,0
139,PAYMENT,641.13,C7471636437,14121.36,13480.23,M9404002665,0.0,0.0,0,0.0,0
437,PAYMENT,1.0,C7022683808,0.0,0.0,M2885370603,0.0,0.0,0,0.0,0
520,TRANSFER,123145.89,C6576426590,169411.47,46265.58,M1732578761,0.0,0.0,1,0.30666666666666664,0
229,PAYMENT,1.0,C8390631634,0.0,0.0,M9933702652,0.0,0.0,0,0.0,0
364,PAYMENT,10421.73,C1736086849,26338.25,15916.52,M3811254192,0.0,0.0,0,0.0,0
443,CASH_OUT,3746.78,C2830154607,130776.95,127030.17,C8012696455,76532.97,76532.97,0,0.0033333333333333335,0
85,CASH_IN,94749.94,C8949781901,0.0,94749.94,C7958672456,143.62,143.62,0,0.0,0
334,TRANSFER,27585.23,C5182110973,55073.7,27488.47,C8318855178,2609.83,30195.06,0,0.0,0
699,CASH_OUT,30171.76,C5483308751,33521.53,3349.77,C5625342041,104040.24,104040.24,0,0.0,0
114,CASH_OUT,1.0,C8235363119,0.0,0.0,C4907446848,240342.73,240342.73,0,0.0,0
640,CASH_OUT,4475.17,C8106401208,4997.17,522.0,C1207916194,175747.86,175747.86,1,0.0,0
422,CASH_OUT,1238.53,C4419410162,1249.01,10.48,C5694190173,103876.03,103876.03,1,0.03,0
355,TRANSFER,75459.29,C4656572173,68848.31,0.0,M6786043791,0.0,0.0,1,0.7733333333333333,1
21,PAYMENT,16657.92,C4289233844,174207.5,157549.58,M9026301048,0.0,0.0,0,0.0,0
50,PAYMENT,3632.9,C1158998032,186522.99,182890.09,M6866146362,0.0,0.0,0,0.0,0
637,CASH_OUT,8562.34,C3674551397,9777.24,1214.9,M2303835765,0.0,0.0,1,0.02,0
380,DEBIT,2686.24,C4956362540,3527.07,840.83,M8858274691,0.0,0.0,0,0.016666666666666666,0
70,PAYMENT,1.0,C3291270703,0.0,0.0,M5564953924,0.0,0.0,0,0.0,0
716,CASH_OUT,38.97,C5072538783,54.04,15.07,C6588316233,22045.74,22045.74,1,0.006666666666666667,0
596,CASH_OUT,1986.4,C2825989011,2322.6,336.2,C6562434335,97717.42,97717.42,1,0.0033333333333333335,0
216,TRANSFER,8424.94,C7369118672,21449.89,13024.95,C4026113008,122817.66,131242.6,0,0.0,0
96,PAYMENT,4612.23,C2082326234,5950.36,1338.13,M3595066420,0.0,0.0,0,0.0,0
446,PAYMENT,1509.39,C9611537583,24117.35,22607.96,M7664045502,0.0,0.0,0,0.0,0
506,CASH_OUT,1.0,C6991473746,0.0,0.0,C1657675888,8625.99,8625.99,0,0.023333333333333334,0
363,TRANSFER,1223.12,C5646751885,2769.23,1546.11,C8208643631,138767.19,139990.31,0,0.0,0
552,TRANSFER,6218.15,C5067116918,6270.71,52.56,C9376711497,0.0,6218.15,1,0.14,0
508,CASH_OUT,241.17,C5600836559,257.66,16.49,M3960136787,0.0,0.0,1,0.04,0
209,PAYMENT,1.0,C8377088167,0.0,0.0,M4908108692,0.0,0.0,0,0.0,0
506,TRANSFER,18379.94,C1654477195,24430.79,6050.85,C1643611097,323.26,18703.2,1,0.0033333333333333335,0
559,TRANSFER,439.7,C1470939445,627.19,187.49,C6469318275,31007.45,31447.15,1,0.0,0
650,CASH_OUT,1101.73,C3483827971,1472.08,370.35,C6206015111,7062.5,7062.5,1,0.006666666666666667,0
10,TRANSFER,25.81,C6655089949,35.44,9.63,C9504724761,632.84,658.65,0,0.01,0
548,PAYMENT,3305.23,C4659306670,40518.3,37213.07,M8667946580,0.0,0.0,0,0.0,0
577,TRANSFER,1669.52,C7243352390,1670.17,0.65,M2518433834,0.0,0.0,1,0.48,0
605,TRANSFER,659.8,C1485574228,559.48,0.0,C6027311960,0.0,659.8,1,0.13333333333333333,0
707,TRANSFER,39672.94,C8131923452,52733.61,13060.67,M6275155878,0.0,0.0,1,0.2966666666666667,0
664,DEBIT,9.48,C7186766399,91686.16,91676.68,M6199197408,0.0,0.0,0,0.016666666666666666,0
185,PAYMENT,1.0,C1264739091,0.0,0.0,M8790289305,0.0,0.0,0,0.0,0
146,CASH_OUT,325.1,C6134840512,560.17,235.07,C6340003593,203607.33,203607.33,0,0.0,0
411,CASH_OUT,109556.57,C3651552513,130836.0,21279.43,C3722583581,9840.9,9840.9,0,0.0,0
685,CASH_IN,112330.97,C6466597005,117079.33,229410.3,C5083595988,3813.6,3813.6,0,0.0,0
65,PAYMENT,371.55,C7088451458,731.44,359.89,M9398575277,0.0,0.0,0,0.0,0
655,PAYMENT,10346.54,C2984460654,26011.45,15664.91,M9523139706,0.0,0.0,0,0.0,0
452,PAYMENT,8749.32,C8318855178,30195.06,21445.74,M3534186676,0.0,0.0,0,0.0,0
64,PAYMENT,3402.31,C8953271391,6394.23,2991.92,M1357561213,0.0,0.0,0,0.0,0
222,TRANSFER,209343.83,C8852676046,212270.41,2926.58,C6299224734,24463.08,233806.91,1,0.0,0
293,PAYMENT,1713.92,C6415031531,3755.15,2041.23,M1783432867,0.0,0.0,0,0.0,0
208,TRANSFER,571.46,C8106401208,522.0,0.0,C2125089309,0.0,0.0,1,0.2966666666666667,0
164,CASH_OUT,4597.86,C6562144159,4141.09,0.0,C9868845806,11568.78,11568.78,1,0.0033333333333333335,0
419,CASH_OUT,166160.17,C7573442717,174384.63,8224.46,M8646369354,0.0,0.0,1,0.013333333333333334,0
515,CASH_OUT,2980.45,C6923206003,5774.29,2793.84,C4490722186,37233.05,37233.05,0,0.01,0
566,TRANSFER,6416.06,C7038841740,6103.42,0.0,C4526242854,478.52,478.52,1,0.4766666666666667,0
644,CASH_OUT,29.18,C1506211965,79782.27,79753.09,C4750707607,11.23,11.23,0,0.01,0
239,TRANSFER,52251.79,C6726515966,149776.04,97524.25,C5870891270,0.0,52251.79,0,0.0,0
260,DEBIT,12023.23,C5071218314,47586.19,35562.96,M7282885927,0.0,0.0,0,0.016666666666666666,0
264,CASH_OUT,26320.68,C9894264595,29173.45,2852.77,C3875303857,30605.75,30605.75,1,0.0,0
231,CASH_OUT,110.45,C1684598046,126.62,16.17,C8953271391,2991.92,2991.92,1,0.01,0
23,PAYMENT,8671.59,C8265834251,15243.65,6572.06,M1802753761,0.0,0.0,0,0.0,0
299,TRANSFER,38.9,C4180599722,151.51,112.61,C7374810067,61355.94,61394.84,0,0.0,0
64,CASH_OUT,89.94,C5227828349,237.28,147.34,C4207337120,16627.83,16627.83,0,0.006666666666666667,0
284,PAYMENT,1.0,C7209571615,0.0,0.0,M2129491690,0.0,0.0,0,0.0,0
258,CASH_OUT,2992.71,C2613385303,5230.81,2238.1,C6341783555,79109.59,79109.59,0,0.0,0
534,CASH_OUT,21858.43,C4630196130,28301.1,6442.67,C2770980600,562.02,562.02,1,0.0033333333333333335,0
469,PAYMENT,29.33,C7710396573,2661.88,2632.55,M1732578761,0.0,0.0,0,0.0,0
205,CASH_OUT,1.0,C3328710672,0.0,0.0,C2941289685,1001.92,1001.92,0,0.006666666666666667,0
521,PAYMENT,1.0,C5976777081,0.0,0.0,M7366396017,0.0,0.0,0,0.0,0
195,PAYMENT,2382.07,C3866755218,3456.12,1074.05,M6894024976,0.0,0.0,0,0.0,0
402,PAYMENT,14.2,C9771848610,15.28,1.08,M2586712032,0.0,0.0,0,0.0,0
484,TRANSFER,192793.92,C9420979586,210181.42,17387.5,C2660286914,66.0,192859.92,1,0.0,0
631,PAYMENT,1.0,C7540301973,0.0,0.0,M8276498637,0.0,0.0,0,0.0,0
708,TRANSFER,2842.9,C7590302909,2922.27,79.37,C3734252963,4941.63,7784.53,1,0.06666666666666667,0
541,TRANSFER,3548.92,C2237386857,4860.96,1312.04,M3317856944,0.0,0.0,1,0.31333333333333335,0
267,PAYMENT,10349.03,C4882343658,17071.46,6722.43,M6786043791,0.0,0.0,0,0.0,0
89,PAYMENT,54.94,C1234359689,21139.16,21084.22,M5156392601,0.0,0.0,0,0.0,0
603,CASH_OUT,4013.19,C7633342225,3448.92,0.0,M3831598303,0.0,0.0,1,0.23,0
437,PAYMENT,4835.69,C5789617427,20705.05,15869.36,M8366710477,0.0,0.0,0,0.0,0
491,PAYMENT,1739.25,C3792347639,39626.64,37887.39,M9523139706,0.0,0.0,0,0.0,0
483,PAYMENT,1.0,C4853479481,0.0,0.0,M4242579642,0.0,0.0,0,0.0,0
7,TRANSFER,1292.9,C5428082088,2768.18,1475.28,C6128695961,2842.14,4135.04,0,0.0033333333333333335,0
661,CASH_IN,5512.82,C2950049698,2378.75,7891.57,C8617360361,112177.94,112177.94,0,0.0,0
684,PAYMENT,2803.46,C7845366946,33121.1,30317.64,M4125758723,0.0,0.0,0,0.0,0
258,CASH_OUT,6240.75,C3479708607,9780.06,3539.31,C6385791669,24198.8,24198.8,0,0.0,0
523,CASH_IN,25758.56,C1754368373,167.62,25926.18,C2111272861,91.27,91.27,0,0.0,0
636,PAYMENT,8996.22,C7190276026,164765.83,155769.61,M8869140487,0.0,0.0,0,0.0,0
174,TRANSFER,24928.82,C2158638062,28791.26,3862.44,M2121448210,0.0,0.0,1,0.24333333333333335,0
507,PAYMENT,8437.67,C5884080139,131196.87,122759.2,M4160161496,0.0,0.0,0,0.0,0
12,TRANSFER,183764.94,C1207916194,175747.86,0.0,C3520417815,121464.85,121464.85,1,0.0,0
457,TRANSFER,4157.17,C7579604766,3668.93,0.0,C2777816561,908.09,908.09,1,0.3933333333333333,0
65,PAYMENT,1018.45,C4635552887,299927.11,298908.66,M9620935604,0.0,0.0,0,0.0,0
668,CASH_OUT,2304.18,C9250327663,164013.15,161708.97,C5284391408,2670.97,2670.97,0,0.0,0
597,TRANSFER,1.0,C8940731272,0.0,0.0,C6894808149,3822.75,3823.75,0,0.056666666666666664,0
277,PAYMENT,1.0,C7895255573,0.0,0.0,M2541015125,0.0,0.0,0,0.0,0
266,TRANSFER,1.0,C6756332150,0.0,0.0,C3894673596,2.15,3.15,0,0.23,0
395,DEBIT,18492.57,C6097953682,40631.09,22138.52,M8366710477,0.0,0.0,0,0.016666666666666666,0
48,PAYMENT,84.99,C2774884818,257.09,172.1,M2187592160,0.0,0.0,0,0.0,0
170,CASH_OUT,19980.05,C8106906538,109037.75,89057.7,C2960488639,0.0,0.0,0,0.0,0
564,PAYMENT,1.0,C2537965898,0.0,0.0,M4665677395,0.0,0.0,0,0.0,0
126,PAYMENT,115.6,C8370987661,128.54,12.94,M7861571879,0.0,0.0,0,0.0,0
88,TRANSFER,467.8,C3423086220,658.85,191.05,C6645808194,0.0,0.0,1,0.08666666666666667,0
221,TRANSFER,1.0,C6110646714,0.0,0.0,C9922723063,26580.09,26581.09,0,0.0,0
124,PAYMENT,1381.53,C3965572185,2267.94,886.41,M3145756342,0.0,0.0,0,0.0,0
592,PAYMENT,523.05,C2419931729,3639.07,3116.02,M4460319291,0.0,0.0,0,0.0,0
78,PAYMENT,28.5,C8809871735,42.38,13.88,M8728631945,0.0,0.0,0,0.0,0
129,TRANSFER,60223.27,C6715961218,83503.37,23280.1,M3297681898,0.0,0.0,1,0.21333333333333335,0
105,PAYMENT,242.05,C5785481124,385.37,143.32,M5067400473,0.0,0.0,0,0.0,0
472,PAYMENT,1.0,C6929897032,0.0,0.0,M2115406331,0.0,0.0,0,0.0,0
324,TRANSFER,4503.89,C7380780055,13175.78,8671.89,C3694860228,230.68,4734.57,0,0.0,0
72,TRANSFER,33092.86,C2570991899,27627.72,0.0,M3107992942,0.0,0.0,1,0.7866666666666666,1
99,PAYMENT,1.0,C2394868732,0.0,0.0,M9620935604,0.0,0.0,0,0.0,0
68,CASH_OUT,1.0,C6509985983,0.0,0.0,C4993808565,31676.53,31676.53,0,0.0,0
2,PAYMENT,9795.1,C5376302686,214123.48,204328.38,M9098037639,0.0,0.0,0,0.0,0
684,CASH_OUT,1186.24,C6474354351,89123.25,87937.01,C2647489402,0.0,0.0,0,0.01,0
401,PAYMENT,697.69,C3776011793,155686.06,154988.37,M5734228580,0.0,0.0,0,0.0,0
410,PAYMENT,17723.59,C3587283948,89512.73,71789.14,M3508990774,0.0,0.0,0,0.0,0
370,CASH_OUT,237.31,C7759781156,301.38,64.07,C6963052185,197327.67,197327.67,1,0.0033333333333333335,0
34,TRANSFER,64.32,C8394198376,59.3,0.0,M6583604299,0.0,0.0,1,0.22666666666666666,0
300,TRANSFER,22.7,C1590985753,27.04,4.34,C6557907251,13520.66,13543.36,0,0.0,0
460,PAYMENT,1.02,C2801177461,324934.28,324933.26,M4601406440,0.0,0.0,0,0.0,0
439,CASH_OUT,1.0,C4386667704,0.0,0.0,C7664258343,686.33,686.33,0,0.10666666666666667,0
273,PAYMENT,317.0,C1033015788,357.86,40.86,M2115406331,0.0,0.0,0,0.0,0
198,CASH_OUT,1.0,C7150970643,0.0,0.0,C6576426590,46265.58,46265.58,0,0.0,0
236,PAYMENT,24072.96,C3420721027,220725.81,196652.85,M6361225622,0.0,0.0,0,0.0,0
320,DEBIT,23.91,C9189503254,10997.17,10973.26,M1096405016,0.0,0.0,0,0.01,0
414,PAYMENT,1192.08,C5646751885,1546.11,354.03,M8790289305,0.0,0.0,0,0.0,0
579,TRANSFER,4370.7,C4594787485,4413.59,42.89,M7282885927,0.0,0.0,1,0.5333333333333333,1
625,CASH_OUT,1.0,C1955345537,0.0,0.0,C5982744929,4212.27,4212.27,0,0.02666666666666667,0
269,TRANSFER,685.76,C7631970791,1310.82,625.06,C7397963801,51801.31,52487.07,0,0.0,0
680,DEBIT,1.0,C8507497883,0.0,0.0,M2418407139,0.0,0.0,0,0.05,0
492,TRANSFER,117523.0,C8299146480,151542.45,34019.45,M8443061472,0.0,0.0,1,0.30333333333333334,0
518,CASH_OUT,523.07,C1691293717,451.55,0.0,C3362657890,66.99,66.99,1,0.06,0
3,CASH_IN,16588.81,C1484230338,148736.18,165324.99,C5724657556,106345.03,106345.03,0,0.0,0
358,PAYMENT,3997.4,C3605585995,117699.6,113702.2,M6041646576,0.0,0.0,0,0.0,0
63,CASH_IN,133999.87,C2486744752,0.0,133999.87,C9285415473,28558.57,28558.57,0,0.0,0
40,CASH_IN,108868.01,C4919706735,0.0,108868.01,C7825844140,3.7,3.7,0,0.0,0
335,TRANSFER,4728.63,C9798613995,18226.74,13498.11,C7772180882,0.0,4728.63,0,0.0,0
718,PAYMENT,818.25,C1725783958,101665.0,100846.75,M8276498637,0.0,0.0,0,0.0,0
247,DEBIT,187.32,C5952894290,676.8,489.48,M2121448210,0.0,0.0,0,0.013333333333333334,0
111,TRANSFER,3320.38,C3846570058,3230.52,0.0,C4062777850,0.0,0.0,1,0.82,1
592,CASH_OUT,106202.49,C3343459102,106398.53,196.04,C1276905285,981.65,981.65,1,0.016666666666666666,0
637,PAYMENT,1.0,C4538382315,0.0,0.0,M2586712032,0.0,0.0,0,0.0,0
502,PAYMENT,3.46,C4104309491,3.93,0.47,M8728631945,0.0,0.0,0,0.0,0
378,PAYMENT,1.0,C3098948446,0.0,0.0,M4211837506,0.0,0.0,0,0.0,0
584,DEBIT,32703.35,C3597724331,171593.63,138890.28,M6401844042,0.0,0.0,0,0.016666666666666666,0
14,CASH_OUT,8303.71,C5856127658,9143.28,839.57,M5570190774,0.0,0.0,1,0.0,0
299,CASH_OUT,4277.37,C5336127859,4519.38,242.01,M7678293431,0.0,0.0,1,0.006666666666666667,0
4,PAYMENT,431.55,C1037811610,956.7,525.15,M1096405016,0.0,0.0,0,0.0,0
646,CASH_OUT,4547.34,C8858766173,34532.91,29985.57,C4102872611,2.13,2.13,0,0.013333333333333334,0
353,CASH_OUT,1.0,C1624173500,0.0,0.0,C8503368512,25225.34,25225.34,0,0.0,0
560,TRANSFER,77564.86,C3291226621,128285.8,50720.94,C7598745558,32958.18,110523.04,0,0.0,0
308,PAYMENT,77.82,C7004964045,90.21,12.39,M1257854279,0.0,0.0,0,0.0,0
339,CASH_IN,20482.48,C2094024844,30056.5,50538.98,C2126077199,0.0,0.0,0,0.0,0
216,CASH_OUT,3021.26,C6110646714,3265.4,244.14,M3636366799,0.0,0.0,1,0.0,0
297,TRANSFER,123942.49,C5129478722,126034.25,2091.76,M4211837506,0.0,0.0,1,0.2966666666666667,0
241,CASH_OUT,26125.13,C3376077463,40265.01,14139.88,C5998623100,19798.52,19798.52,0,0.0033333333333333335,0
410,TRANSFER,1.0,C8926438617,0.0,0.0,C2732553940,161368.48,161369.48,0,0.0,0
75,DEBIT,35014.76,C1741134891,62312.57,27297.81,M2303835765,0.0,0.0,0,0.006666666666666667,0
388,CASH_OUT,5433.99,C9381721143,8301.49,2867.5,C6012067717,22199.58,22199.58,0,0.0033333333333333335,0
148,PAYMENT,10595.3,C9098129449,22798.47,12203.17,M9255306810,0.0,0.0,0,0.0,0
544,PAYMENT,1.0,C1005502537,0.0,0.0,M2243802345,0.0,0.0,0,0.0,0
527,TRANSFER,4634.45,C7471636437,13480.23,8845.78,C5367513465,147257.77,151892.22,0,0.0033333333333333335,0
25,TRANSFER,151929.28,C3821211202,171844.15,19914.87,M4588312351,0.0,0.0,1,0.25666666666666665,0
569,TRANSFER,20461.91,C3574081104,62903.35,42441.44,C6585609060,32.53,20494.44,0,0.0,0
709,TRANSFER,122011.0,C9857430687,153582.41,31571.41,M3297681898,0.0,0.0,1,0.31,0
607,TRANSFER,1.0,C3887823121,1.87,0.87,C8636525027,101746.73,101747.73,0,0.0,0
74,PAYMENT,1.0,C8180620422,0.0,0.0,M8964269909,0.0,0.0,0,0.0,0
3,TRANSFER,1666.31,C1124331395,1620.0,0.0,M7270955446,0.0,0.0,1,0.4033333333333333,0
139,TRANSFER,965.86,C4302709858,1128.32,162.46,C8934097788,192423.41,193389.27,0,0.0,0
597,CASH_OUT,6360.15,C3250402001,6058.1,0.0,M1458227039,0.0,0.0,1,0.21333333333333335,0
331,PAYMENT,21.11,C8480622107,66.68,45.57,M5067400473,0.0,0.0,0,0.0,0
709,CASH_IN,322.85,C2416760621,71852.22,72175.07,C3147818256,0.0,0.0,0,0.0,0
60,TRANSFER,2887.05,C5570828113,41837.33,38950.28,C6509985983,0.0,2887.05,0,0.01,0
262,TRANSFER,378.39,C2825989011,336.2,0.0,C9805620900,201.58,201.58,1,0.05333333333333334,0
240,TRANSFER,1990.37,C6633778586,1845.38,0.0,C3828935922,15793.15,15793.15,1,0.006666666666666667,0
422,PAYMENT,24793.41,C8257484586,137680.53,112887.12,M8790289305,0.0,0.0,0,0.0,0
578,TRANSFER,237896.75,C2801177461,324933.26,87036.51,M5156392601,0.0,0.0,1,0.2966666666666667,0
225,PAYMENT,94.71,C1121863227,194.82,100.11,M4125758723,0.0,0.0,0,0.0,0
378,PAYMENT,8.48,C8809871735,13.88,5.4,M6992094064,0.0,0.0,0,0.0,0
663,CASH_IN,11198.81,C6804850108,0.0,11198.81,C5431267548,43977.61,43977.61,0,0.0,0
301,TRANSFER,2848.92,C8730507757,2650.2,0.0,M5869990861,0.0,0.0,1,0.79,1
618,PAYMENT,1.0,C8543865915,0.0,0.0,M9625656293,0.0,0.0,0,0.0,0
586,PAYMENT,1.51,C8203447752,91522.71,91521.2,M6692705133,0.0,0.0,0,0.0,0
277,TRANSFER,6678.41,C5512036684,8603.96,1925.55,C8236361108,104455.88,104455.88,1,0.0,0
504,TRANSFER,20004.3,C4506639908,23720.24,3715.94,M7717262223,0.0,0.0,1,0.3233333333333333,0
52,PAYMENT,12934.77,C1041531046,28254.77,15320.0,M3322580659,0.0,0.0,0,0.0,0
587,CASH_OUT,22862.78,C6588252632,109837.57,86974.79,C4993808565,31676.53,31676.53,0,0.0,0
345,TRANSFER,147884.05,C8086527181,162137.94,14253.89,M6692705133,0.0,0.0,1,0.2833333333333333,0
326,CASH_OUT,957.22,C5243939720,879.44,0.0,M1368287033,0.0,0.0,1,0.17,0
659,TRANSFER,1.0,C8507497883,0.0,0.0,C8282534126,4900.28,4901.28,0,0.05,0
633,TRANSFER,22326.65,C1230249217,29643.02,7316.37,M6894024976,0.0,0.0,1,0.31333333333333335,0
270,TRANSFER,876.38,C8208584394,733.83,0.0,M7717262223,0.0,0.0,1,0.30333333333333334,0
372,CASH_OUT,22829.24,C5837082260,162523.94,139694.7,C6661014794,63326.03,63326.03,0,0.0,0
63,TRANSFER,206.54,C7895255573,273.0,66.46,M5564953924,0.0,0.0,1,0.16,0
435,PAYMENT,1.0,C5736462531,0.0,0.0,M8548290298,0.0,0.0,0,0.0,0
515,TRANSFER,22618.59,C7174772035,120064.65,97446.06,C6717963562,38170.37,60788.96,0,0.0,0
680,PAYMENT,406.21,C3316787198,1866.32,1460.11,M3690714075,0.0,0.0,0,0.0,0
677,TRANSFER,42928.46,C3574081104,42441.44,0.0,M1647181551,0.0,0.0,1,0.8933333333333333,1
628,CASH_IN,67546.6,C5141593270,0.0,67546.6,C6877052039,18435.51,18435.51,0,0.0,0
360,TRANSFER,1636.56,C4558302256,6606.24,4969.68,C5087357728,96009.74,97646.3,0,0.0,0
357,CASH_OUT,36022.27,C7465834732,40467.37,4445.1,M5270048042,0.0,0.0,1,0.0033333333333333335,0
458,PAYMENT,5587.11,C1141312095,75753.46,70166.35,M1257854279,0.0,0.0,0,0.0,0
42,DEBIT,1.0,C7150970643,0.0,0.0,M8548290298,0.0,0.0,0,0.02666666666666667,0
365,PAYMENT,16.92,C2140169349,20.32,3.4,M5564953924,0.0,0.0,0,0.0,0
496,CASH_IN,2060.38,C1600406558,6121.95,8182.33,C6276339732,21061.03,21061.03,0,0.0033333333333333335,0
717,TRANSFER,77248.97,C8556573246,103225.34,25976.37,C1678500147,0.0,77248.97,0,0.0,0
142,TRANSFER,16212.73,C7059726570,21449.55,5236.82,C2846465000,0.0,0.0,1,0.24666666666666667,0
77,PAYMENT,1866.86,C6773938304,194414.51,192547.65,M9098037639,0.0,0.0,0,0.0,0
315,PAYMENT,5152.49,C2065354117,118641.33,113488.84,M7664045502,0.0,0.0,0,0.0,0
115,TRANSFER,2999.8,C9954587710,11953.46,8953.66,C2752536389,200.75,3200.55,0,0.0033333333333333335,0
113,TRANSFER,55948.05,C2009317340,56430.6,482.55,M4125758723,0.0,0.0,1,0.25666666666666665,0
507,TRANSFER,98892.97,C8076527214,140227.67,41334.7,C1572827654,2136.27,2136.27,1,0.04,0
134,TRANSFER,3900.21,C6000952470,4025.56,125.35,C3923823693,86466.31,86466.31,1,0.0,0
386,CASH_OUT,1.0,C1194576436,0.0,0.0,C9303285822,0.0,0.0,0,0.03666666666666667,0
565,CASH_OUT,51.05,C6585609060,20494.44,20443.39,C8243746556,86063.88,86063.88,0,0.0,0
662,TRANSFER,1.0,C5278201677,0.0,0.0,C1785418196,2.21,3.21,0,0.22,0
542,TRANSFER,2910.82,C4700855390,3084.56,173.74,M5156392601,0.0,0.0,1,0.32666666666666666,0
522,PAYMENT,4140.05,C6392415228,174857.39,170717.34,M8044997538,0.0,0.0,0,0.0,0
210,PAYMENT,1895.77,C3363629219,30577.39,28681.62,M5794335854,0.0,0.0,0,0.0,0
407,CASH_OUT,51258.05,C6474354351,87937.01,36678.96,C1594312071,78642.48,78642.48,0,0.0,0
78,TRANSFER,4983.7,C6098775210,7291.85,2308.15,C3975418439,51.77,5035.47,0,0.0,0
303,PAYMENT,4070.14,C1459442845,211758.92,207688.78,M6732306182,0.0,0.0,0,0.0,0
531,PAYMENT,500.73,C8531118333,696.71,195.98,M1442421654,0.0,0.0,0,0.0,0
249,TRANSFER,29567.59,C5292015249,33687.1,4119.51,C4180599722,112.61,29680.2,0,0.0,0
108,PAYMENT,240.51,C7389111087,2058.01,1817.5,M5412437658,0.0,0.0,0,0.0,0
219,PAYMENT,1.0,C4130305126,0.0,0.0,M7453081889,0.0,0.0,0,0.0,0
468,PAYMENT,52.58,C6038780151,98.94,46.36,M2541015125,0.0,0.0,0,0.0,0
57,TRANSFER,1.0,C3713284816,0.0,0.0,C2431779064,133958.53,133959.53,0,0.0,0
21,TRANSFER,18613.24,C6921525436,19899.16,1285.92,M2121448210,0.0,0.0,1,0.20666666666666667,0
602,CASH_OUT,2125.26,C4062777850,2033.11,0.0,C1506211965,79753.09,79753.09,1,0.043333333333333335,0
376,CASH_OUT,29.68,C2780136605,35.4,5.72,C2311597141,4450.13,4450.13,0,0.0033333333333333335,0
108,PAYMENT,3926.8,C4752171298,42945.46,39018.66,M6045729129,0.0,0.0,0,0.0,0
160,PAYMENT,13641.54,C5754363475,146672.11,133030.57,M8083396378,0.0,0.0,0,0.0,0
277,CASH_OUT,31304.82,C5431267548,43977.61,12672.79,M8861351706,0.0,0.0,1,0.0,0
282,TRANSFER,492.22,C7215110267,529.95,37.73,M9581187661,0.0,0.0,1,0.17666666666666667,0
161,CASH_IN,1096.03,C5884080139,122759.2,123855.23,C2191714875,72503.14,72503.14,0,0.0,0
286,PAYMENT,4346.02,C7920516981,49949.43,45603.41,M1257854279,0.0,0.0,0,0.0,0
238,PAYMENT,1069.79,C7380780055,8671.89,7602.1,M4399143287,0.0,0.0,0,0.0,0
165,CASH_OUT,46.41,C1590838716,49.24,2.83,C5071218314,35562.96,35562.96,0,0.0,0
200,PAYMENT,598.34,C1051354601,1299.25,700.91,M3660800029,0.0,0.0,0,0.0,0
407,PAYMENT,10462.49,C7488943393,28194.07,17731.58,M8874242713,0.0,0.0,0,0.0,0
344,TRANSFER,20015.74,C4202607993,61792.33,41776.59,C4102821948,0.0,20015.74,0,0.0,0
223,TRANSFER,1.0,C2540492440,0.0,0.0,C9623534576,63530.86,63531.86,0,0.0,0
35,TRANSFER,17893.84,C9592390865,31461.36,13567.52,C6418365941,34789.51,52683.35,0,0.0,0
35,TRANSFER,37194.86,C9471306442,46889.17,9694.31,M6282009986,0.0,0.0,1,0.21666666666666667,0
123,CASH_OUT,98.22,C7949795085,177.1,78.88,C6805759868,3174.94,3174.94,0,0.006666666666666667,0
184,PAYMENT,3913.58,C2431779064,133959.53,130045.95,M7702529931,0.0,0.0,0,0.0,0
240,TRANSFER,337.42,C7620473079,427.62,90.2,M5919148165,0.0,0.0,1,0.16,0
48,PAYMENT,1.0,C4623960580,0.0,0.0,M2249831874,0.0,0.0,0,0.0,0
170,CASH_OUT,110250.06,C2670036982,112133.27,1883.21,M3636366799,0.0,0.0,1,0.0,0
499,PAYMENT,14.74,C1173215225,9747.81,9733.07,M3145756342,0.0,0.0,0,0.0,0
498,CASH_IN,28648.17,C3614915281,129284.77,157932.94,C4507822591,38.96,38.96,0,0.0,0
543,PAYMENT,47.43,C3483827971,370.35,322.92,M7343954769,0.0,0.0,0,0.0,0
107,TRANSFER,59314.3,C6204862411,50820.86,0.0,M3322580659,0.0,0.0,1,0.7466666666666667,1
213,PAYMENT,1.0,C3837784389,0.0,0.0,M6932365592,0.0,0.0,0,0.0,0
344,TRANSFER,9281.05,C4647891535,11303.5,2022.45,M8910440683,0.0,0.0,1,0.22,0
286,TRANSFER,8546.46,C4037270171,20893.18,12346.72,C5151086814,273974.2,282520.66,0,0.0,0
113,CASH_OUT,614.77,C1662259333,811.39,196.62,C5659161352,0.0,0.0,0,0.0033333333333333335,0
333,PAYMENT,697.26,C7161887665,15768.51,15071.25,M3517195150,0.0,0.0,0,0.0,0
603,PAYMENT,10370.79,C4034047118,23042.76,12671.97,M8869140487,0.0,0.0,0,0.0,0
80,TRANSFER,1.0,C3258354191,0.0,0.0,C7556046460,0.0,1.0,0,0.23333333333333334,0
390,CASH_OUT,48458.08,C3045102506,47311.0,0.0,M8646369354,0.0,0.0,1,0.07666666666666666,0
270,CASH_OUT,1074.53,C8168204967,1152.36,77.83,C1939777262,990.02,990.02,1,0.0033333333333333335,0
633,PAYMENT,1.0,C2268523764,0.0,0.0,M3313346852,0.0,0.0,0,0.0,0
424,CASH_OUT,34709.49,C3075362821,138343.49,103634.0,C6952291828,269.05,269.05,0,0.0,0
192,PAYMENT,10586.24,C1613549255,11302.58,716.34,M5067400473,0.0,0.0,0,0.0,0
407,TRANSFER,1338.15,C6362597344,1800.5,462.35,C9428056968,5422.68,5422.68,1,0.006666666666666667,0
33,PAYMENT,547.68,C1149460439,2246.79,1699.11,M2228388623,0.0,0.0,0,0.0,0
191,PAYMENT,89.6,C5972484792,104223.05,104133.45,M1096405016,0.0,0.0,0,0.0,0
504,PAYMENT,322.69,C9523104008,966.41,643.72,M4689605624,0.0,0.0,0,0.0,0
596,CASH_OUT,16058.57,C5689870435,20981.44,4922.87,C4518871744,205762.6,205762.6,1,0.0,0
146,PAYMENT,6763.66,C8833399096,62816.46,56052.8,M6846530109,0.0,0.0,0,0.0,0
339,PAYMENT,116.05,C4605117440,1332.31,1216.26,M2635881694,0.0,0.0,0,0.0,0
415,PAYMENT,341.63,C6715705115,380.93,39.3,M9288057824,0.0,0.0,0,0.0,0
534,TRANSFER,8311.42,C6773938304,192547.65,184236.23,C5800633419,20187.51,28498.93,0,0.0,0
444,CASH_OUT,55122.02,C5482431018,65518.73,10396.71,C9165632300,0.0,0.0,1,0.01,0
200,PAYMENT,11.15,C5600836559,16.49,5.34,M7351460539,0.0,0.0,0,0.0,0
187,PAYMENT,9510.07,C3185089287,334859.9,325349.83,M6199197408,0.0,0.0,0,0.0,0
25,PAYMENT,3651.94,C2308496151,282115.15,278463.21,M2115406331,0.0,0.0,0,0.0,0
245,TRANSFER,56.88,C8497938394,64.47,7.59,M6282009986,0.0,0.0,1,0.16666666666666666,0
709,CASH_OUT,119.7,C4014119648,180.24,60.54,C1225447588,1413.96,1413.96,0,0.02666666666666667,0
574,TRANSFER,12388.84,C7333316743,11899.67,0.0,M4896576569,0.0,0.0,1,0.94,1
484,CASH_OUT,65941.13,C2947476917,66648.12,706.99,C2224363672,0.0,0.0,1,0.02666666666666667,0
702,CASH_OUT,11996.84,C5489485517,126740.74,114743.9,C7858937483,0.0,0.0,0,0.01,0
585,PAYMENT,1.0,C6471691689,0.0,0.0,M6732306182,0.0,0.0,0,0.0,0
253,CASH_OUT,100369.43,C7685540186,108382.26,8012.83,C8211516617,212984.92,212984.92,0,0.0,0
524,TRANSFER,84313.32,C5774080233,76711.04,0.0,C9533595495,194387.16,194387.16,1,0.013333333333333334,0
632,TRANSFER,1.0,C5659161352,0.0,0.0,C7397963801,52487.07,52488.07,0,0.01,0
78,PAYMENT,893.57,C5634076661,4005.09,3111.52,M9590331226,0.0,0.0,0,0.0,0
548,PAYMENT,997.29,C3392080953,12567.81,11570.52,M4035639663,0.0,0.0,0,0.0,0
182,CASH_IN,13027.21,C5993571693,154278.0,167305.21,C6463640105,1528.89,1528.89,0,0.0,0
131,TRANSFER,1009.53,C3115806625,1316.33,306.8,M8861351706,0.0,0.0,1,0.08333333333333333,0
496,CASH_OUT,2210.18,C4877520294,2698.45,488.27,M4908108692,0.0,0.0,1,0.02666666666666667,0
99,CASH_OUT,809.66,C9343730920,1295.41,485.75,C3951331472,0.0,0.0,0,0.0,0
454,TRANSFER,3893.73,C2601198885,3571.09,0.0,M6053489772,0.0,0.0,1,0.9,1
5,PAYMENT,804.62,C6961554653,1021.8,217.18,M9631695368,0.0,0.0,0,0.0,0
109,CASH_OUT,133562.7,C3605585995,113702.2,0.0,C5381866906,0.0,0.0,1,0.04666666666666667,0
476,PAYMENT,1.0,C5647317872,0.0,0.0,M3438830691,0.0,0.0,0,0.0,0
491,TRANSFER,2805.28,C4536306171,2443.08,0.0,C9080621072,5921.4,5921.4,1,0.24333333333333335,0
465,CASH_OUT,16924.12,C3319936135,17471.52,547.4,C5201221330,0.0,0.0,1,0.023333333333333334,0
338,CASH_OUT,1.0,C5162260671,0.0,0.0,C8598503901,21.61,21.61,0,0.02,0
712,TRANSFER,463.26,C5735817014,67648.71,67185.45,C7872873371,0.0,463.26,0,0.07666666666666666,0
388,CASH_OUT,1.0,C3796581976,0.0,0.0,C8199372599,36.26,36.26,0,0.02,0
634,TRANSFER,155.25,C1664885408,163.66,8.41,C8706093841,13729.79,13885.04,0,0.0033333333333333335,0
423,PAYMENT,320.92,C6496933442,1006.06,685.14,M2555936898,0.0,0.0,0,0.0,0
388,CASH_OUT,50778.73,C6156843353,58117.18,7338.45,M4399143287,0.0,0.0,1,0.0,0
297,TRANSFER,4110.73,C6991473746,3463.37,0.0,C1749459431,185306.36,185306.36,1,0.006666666666666667,0
107,PAYMENT,1.0,C6645808194,0.0,0.0,M1692044390,0.0,0.0,0,0.0033333333333333335,0
279,PAYMENT,154.48,C2950049698,7891.57,7737.09,M2655546199,0.0,0.0,0,0.0,0
191,PAYMENT,9366.89,C4946081594,11775.31,2408.42,M8778927211,0.0,0.0,0,0.0,0
492,CASH_OUT,2482.22,C9626333315,3475.88,993.66,C1051354601,700.91,700.91,1,0.023333333333333334,0
455,CASH_OUT,136973.98,C1546696950,137598.58,624.6,M3313346852,0.0,0.0,1,0.02666666666666667,0
243,PAYMENT,90.24,C4302709858,162.46,72.22,M1694904767,0.0,0.0,0,0.0,0
25,TRANSFER,9224.07,C1660370908,11404.72,2180.65,M1888107487,0.0,0.0,1,0.18666666666666668,0
207,CASH_OUT,28016.76,C5283911723,30377.77,2361.01,C6320115677,39574.31,39574.31,0,0.0,0
620,TRANSFER,1858.61,C9309500117,4987.22,3128.61,C5856127658,839.57,2698.18,0,0.03333333333333333,0
201,PAYMENT,11463.62,C7488943393,17731.58,6267.96,M7514017540,0.0,0.0,0,0.0,0
267,PAYMENT,22075.26,C5141593270,67546.6,45471.34,M9590331226,0.0,0.0,0,0.0,0
171,PAYMENT,1.0,C8547068234,0.0,0.0,M1257854279,0.0,0.0,0,0.0,0
706,PAYMENT,49.86,C3716924538,54.8,4.94,M2243802345,0.0,0.0,0,0.0,0
607,PAYMENT,1.0,C2139078760,0.0,0.0,M3297681898,0.0,0.0,0,0.0,0
525,PAYMENT,1.0,C6461974809,0.0,0.0,M8366710477,0.0,0.0,0,0.0,0
103,TRANSFER,889.92,C1067198189,185195.06,184305.14,C1691293717,0.0,889.92,0,0.0033333333333333335,0
181,PAYMENT,38.96,C2111272861,91.27,52.31,M7678293431,0.0,0.0,0,0.0,0
255,PAYMENT,1.0,C7981077394,0.0,0.0,M6247463262,0.0,0.0,0,0.0,0
114,PAYMENT,1471.53,C1513003815,5631.57,4160.04,M5270048042,0.0,0.0,0,0.0,0
103,PAYMENT,954.11,C4202607993,41776.59,40822.48,M9576264323,0.0,0.0,0,0.0,0
699,CASH_OUT,72.73,C2586568081,81.6,8.87,C9388140708,234437.82,234437.82,1,0.0033333333333333335,0
511,PAYMENT,1.0,C3291270703,0.0,0.0,M6313472215,0.0,0.0,0,0.0,0
179,CASH_OUT,22584.48,C8841851495,20019.35,0.0,C6048096802,31067.99,31067.99,1,0.006666666666666667,0
398,PAYMENT,1.0,C6910112521,0.0,0.0,M8646369354,0.0,0.0,0,0.0,0
54,TRANSFER,164565.95,C5515628633,163271.14,0.0,C8942167666,0.0,0.0,1,0.9766666666666667,1
661,PAYMENT,1.0,C4471642620,0.0,0.0,M1099218439,0.0,0.0,0,0.0,0
572,PAYMENT,3.18,C7174772035,97446.06,97442.88,M9288057824,0.0,0.0,0,0.0,0
120,PAYMENT,1151.64,C9182543558,3613.4,2461.76,M3476758136,0.0,0.0,0,0.0,0
124,PAYMENT,1297.25,C7340498236,11533.07,10235.82,M3660800029,0.0,0.0,0,0.0,0
106,PAYMENT,17290.12,C6385791669,24198.8,6908.68,M8030400668,0.0,0.0,0,0.0,0
279,CASH_OUT,701.13,C4067213499,747.17,46.04,C6242173772,130449.69,130449.69,1,0.0,0
451,TRANSFER,35.13,C8380507338,89.27,54.14,C6548442140,172200.74,172235.87,0,0.0033333333333333335,0
365,CASH_OUT,9890.52,C9715314442,19526.65,9636.13,C2878930355,937.18,937.18,0,0.0,0
58,TRANSFER,19893.76,C1847275937,20691.95,798.19,M7570511906,0.0,0.0,1,0.24333333333333335,0
216,TRANSFER,6649.08,C9484167278,5796.83,0.0,C5898890707,24870.17,24870.17,1,0.0,0
208,TRANSFER,1.0,C2126077199,0.0,0.0,C1431494396,104.42,105.42,0,0.06,0
622,CASH_OUT,4037.27,C6623360831,6914.79,2877.52,C9467483275,13999.75,13999.75,0,0.006666666666666667,0
402,TRANSFER,387.03,C6447717367,564.71,177.68,C3693985578,174737.2,175124.23,0,0.0,0
277,TRANSFER,1960.28,C9354542654,2619.03,658.75,C3744446292,81976.68,81976.68,1,0.0,0
119,PAYMENT,23126.12,C1818520766,42352.05,19225.93,M5919148165,0.0,0.0,0,0.0,0
351,PAYMENT,737.34,C6711463258,915.84,178.5,M5067400473,0.0,0.0,0,0.0,0
436,TRANSFER,3.33,C4750707607,11.23,7.9,C3483827971,322.92,326.25,0,0.06,0
270,PAYMENT,8328.76,C5175416378,150133.09,141804.33,M2541015125,0.0,0.0,0,0.0,0
473,TRANSFER,1.0,C5588254555,0.0,0.0,C8390631634,0.0,1.0,0,0.22,0
595,CASH_OUT,7155.55,C9715314442,9636.13,2480.58,C2464137110,0.0,0.0,1,0.02,0
122,TRANSFER,131069.51,C5416031878,115317.61,0.0,M6790024996,0.0,0.0,1,0.9633333333333334,1
594,CASH_OUT,46962.58,C2870403050,76650.53,29687.95,C5375461598,0.0,0.0,0,0.01,0
370,PAYMENT,1.0,C2970753705,0.0,0.0,M2115406331,0.0,0.0,0,0.0,0
497,PAYMENT,734.23,C2076151332,74561.37,73827.14,M9065458220,0.0,0.0,0,0.0,0
258,PAYMENT,35.32,C9645619869,456.7,421.38,M8044997538,0.0,0.0,0,0.0,0
464,TRANSFER,17895.87,C5610783750,31597.14,13701.27,C9717175839,0.0,17895.87,0,0.0,0
79,PAYMENT,11550.76,C9639245200,106736.77,95186.01,M6053489772,0.0,0.0,0,0.0,0
363,CASH_IN,105134.91,C9597198563,13322.8,118457.71,C8999963054,30110.96,30110.96,0,0.0,0
24,CASH_OUT,12203.44,C3291226621,50720.94,38517.5,C5492496998,2903.63,2903.63,0,0.0,0
418,CASH_OUT,395.66,C8480622107,545.78,150.12,C6461974809,0.0,0.0,1,0.05333333333333334,0
156,TRANSFER,3592.34,C6471691689,3559.97,0.0,C7824150224,0.0,3592.34,1,0.15,0
600,PAYMENT,1819.75,C1674755608,2246.74,426.99,M3595066420,0.0,0.0,0,0.0,0
263,CASH_OUT,1.0,C3147818256,0.0,0.0,C6201313620,2907.23,2907.23,0,0.0033333333333333335,0
356,PAYMENT,5538.38,C2178884276,16281.69,10743.31,M1122712790,0.0,0.0,0,0.0,0
711,PAYMENT,1.0,C7154795660,0.0,0.0,M3317856944,0.0,0.0,0,0.0,0
300,DEBIT,625.56,C5703357871,4186.07,3560.51,M5412437658,0.0,0.0,0,0.01,0
392,CASH_OUT,2574.68,C7601519165,2287.71,0.0,M6992094064,0.0,0.0,1,0.13,0
315,CASH_OUT,1.0,C1590838716,2.83,1.83,C2699887270,6967.4,6967.4,0,0.01,0
298,CASH_OUT,13593.59,C5696548897,15671.53,2077.94,C6231117883,33019.7,33019.7,0,0.0,0
214,CASH_OUT,190.23,C4700855390,173.74,0.0,M3438830691,0.0,0.0,1,0.016666666666666666,0
270,PAYMENT,1114.26,C2789144223,68243.26,67129.0,M3119908041,0.0,0.0,0,0.0,0
298,PAYMENT,12863.1,C5667503195,121802.43,108939.33,M8144889126,0.0,0.0,0,0.0,0
641,PAYMENT,21578.66,C9911329062,233940.21,212361.55,M2885370603,0.0,0.0,0,0.0,0
646,CASH_OUT,46733.44,C7299420031,61856.38,15122.94,C3142452709,133892.58,133892.58,1,0.0,0
156,PAYMENT,442.17,C4820055862,1130.15,687.98,M8768773991,0.0,0.0,0,0.0,0
393,DEBIT,14461.05,C2645272822,55909.02,41447.97,M6384311581,0.0,0.0,0,0.013333333333333334,0
226,TRANSFER,670.27,C7915226263,607.79,0.0,M2604788242,0.0,0.0,1,0.3,0
63,CASH_OUT,5344.79,C3484872186,4459.15,0.0,C1654602021,16030.98,16030.98,1,0.006666666666666667,0
7,PAYMENT,4310.43,C8131923452,13060.67,8750.24,M5194066484,0.0,0.0,0,0.0,0
325,CASH_OUT,200.0,C8757570742,173.65,0.0,M9404002665,0.0,0.0,1,0.05333333333333334,0
698,CASH_OUT,70719.3,C2612579345,73536.85,2817.55,M1099218439,0.0,0.0,1,0.02,0
580,PAYMENT,10141.57,C5035765954,135576.6,125435.03,M8903212516,0.0,0.0,0,0.0,0
238,PAYMENT,47.83,C7920516981,45603.41,45555.58,M6282009986,0.0,0.0,0,0.0,0
73,PAYMENT,2050.13,C7393195616,36079.31,34029.18,M3469205576,0.0,0.0,0,0.0,0
622,CASH_OUT,1835.13,C1207916194,1953.04,117.91,C8093179263,20.79,20.79,1,0.02666666666666667,0
386,TRANSFER,60768.08,C1678500147,77248.97,16480.89,C8471762590,0.0,60768.08,0,0.0,0
92,TRANSFER,3655.36,C7305101214,4614.45,959.09,C4747699292,45649.79,45649.79,1,0.0,0
328,DEBIT,20707.4,C6754503097,148387.63,127680.23,M2243802345,0.0,0.0,0,0.01,0
183,TRANSFER,9926.89,C3918046336,13631.38,3704.49,C9470922075,0.0,9926.89,0,0.0,0
242,PAYMENT,1.0,C2879792991,0.01,0.0,M8144352013,0.0,0.0,0,0.0,0
2,PAYMENT,1.0,C3098948446,0.0,0.0,M6200141898,0.0,0.0,0,0.0,0
316,PAYMENT,1.0,C6982610835,0.0,0.0,M3536590481,0.0,0.0,0,0.0,0
376,CASH_OUT,147370.19,C3614915281,157932.94,10562.75,C1039262289,0.0,0.0,1,0.0,0
695,TRANSFER,73297.62,C9376277483,72739.6,0.0,M1099218439,0.0,0.0,1,0.9666666666666667,1
353,CASH_OUT,1.0,C6081137534,0.0,0.0,C3975704877,158263.97,158263.97,0,0.0,0
588,TRANSFER,66226.83,C6341783555,79109.59,12882.76,C4178659381,127796.81,127796.81,1,0.0,0
236,PAYMENT,42.98,C8991514523,11513.06,11470.08,M2586712032,0.0,0.0,0,0.0,0
154,DEBIT,15981.99,C7801180691,196112.55,180130.56,M7050091525,0.0,0.0,0,0.006666666666666667,0
459,PAYMENT,419.15,C9611537583,22607.96,22188.81,M8874242713,0.0,0.0,0,0.0,0
220,TRANSFER,1884.65,C7896596272,2423.69,539.04,C5125568431,0.0,1884.65,0,0.01,0
671,PAYMENT,1.0,C2137651678,0.0,0.0,M3811254192,0.0,0.0,0,0.0,0
397,CASH_OUT,4284.42,C7920516981,45555.58,41271.16,C8287542751,84.68,84.68,0,0.0,0
169,PAYMENT,842.8,C3880327491,77640.07,76797.27,M4035639663,0.0,0.0,0,0.0,0
374,CASH_OUT,14487.57,C1736086849,15916.52,1428.95,C3836517266,106869.45,106869.45,0,0.0,0
408,PAYMENT,1.0,C3660223333,0.0,0.0,M5535650160,0.0,0.0,0,0.0,0
334,PAYMENT,1821.01,C3426709025,3942.4,2121.39,M6763471833,0.0,0.0,0,0.0,0
305,CASH_OUT,150743.77,C5911625145,164964.2,14220.43,M4035639663,0.0,0.0,1,0.0,0
463,DEBIT,1.0,C6471691689,0.0,0.0,M1811839103,0.0,0.0,0,0.04666666666666667,0
300,PAYMENT,24733.65,C2370592316,83959.11,59225.46,M2518433834,0.0,0.0,0,0.0,0
448,PAYMENT,10598.28,C4509456565,40370.77,29772.49,M1888107487,0.0,0.0,0,0.0,0
498,PAYMENT,1.0,C9830946410,1.0,0.0,M2711123163,0.0,0.0,0,0.0,0
54,TRANSFER,6635.42,C6952554500,16182.46,9547.04,C2654584280,0.0,6635.42,0,0.0,0
346,TRANSFER,1076.86,C4507822591,898.23,0.0,M6659847491,0.0,0.0,1,0.31333333333333335,0
516,PAYMENT,2.04,C2178158203,2.22,0.18,M5815678365,0.0,0.0,0,0.0,0
512,PAYMENT,1.0,C6822870815,0.0,0.0,M7969674420,0.0,0.0,0,0.0,0
706,CASH_OUT,71887.57,C4040409964,121444.1,49556.53,C3207160929,0.0,0.0,0,0.016666666666666666,0
226,CASH_OUT,1.0,C5144289583,0.0,0.0,C3338877621,8091.46,8091.46,0,0.0,0
303,TRANSFER,4118.0,C8809871735,4038.8,0.0,M8144352013,0.0,0.0,1,0.7933333333333333,1
630,CASH_OUT,238.78,C7519578899,215.75,0.0,M2555936898,0.0,0.0,1,0.07333333333333333,0
179,TRANSFER,2236.16,C6218484323,4594.62,2358.46,C2952996248,180414.06,182650.22,0,0.0,0
138,PAYMENT,19196.8,C7977267911,60463.66,41266.86,M1711271599,0.0,0.0,0,0.0,0
301,PAYMENT,9048.75,C6155234610,72735.99,63687.24,M9098037639,0.0,0.0,0,0.0,0
323,PAYMENT,1470.69,C3144490990,150960.08,149489.39,M4952177946,0.0,0.0,0,0.0,0
574,CASH_OUT,14.59,C9842186844,21.64,7.05,C7757700186,193.96,193.96,0,0.03,0
233,CASH_OUT,18112.44,C3465740756,21901.67,3789.23,C9717175839,17895.87,17895.87,0,0.0,0
699,CASH_OUT,1.0,C1099541460,0.0,0.0,C6732648420,36.46,36.46,0,0.04666666666666667,0
661,CASH_OUT,650.75,C2591589823,1172.28,521.53,C2503068227,0.0,0.0,0,0.03333333333333333,0
696,PAYMENT,3.12,C8293453178,12.51,9.39,M9581187661,0.0,0.0,0,0.0,0
92,PAYMENT,1.0,C5647317872,0.0,0.0,M1343875431,0.0,0.0,0,0.0,0
82,TRANSFER,33461.89,C7763765757,46949.05,13487.16,C2647489402,0.0,0.0,1,0.24,0
99,PAYMENT,1542.37,C4102821948,20015.74,18473.37,M4865979921,0.0,0.0,0,0.0,0
330,PAYMENT,1.0,C4655935832,0.0,0.0,M1908459040,0.0,0.0,0,0.0,0
665,PAYMENT,1.0,C1383539822,0.0,0.0,M9640701016,0.0,0.0,0,0.0,0
533,CASH_OUT,569.27,C1913706213,680.72,111.45,M7270955446,0.0,0.0,1,0.03,0
307,CASH_OUT,3496.72,C3806215682,4406.79,910.07,C9702693937,289.27,289.27,1,0.013333333333333334,0
417,TRANSFER,1250.26,C6792661894,3782.36,2532.1,C4455798713,140196.88,141447.14,0,0.0033333333333333335,0
337,CASH_OUT,59799.63,C1594312071,78642.48,18842.85,M7366396017,0.0,0.0,1,0.0,0
210,CASH_OUT,1.0,C5855415646,0.0,0.0,C4067213499,46.04,46.04,0,0.0,0
454,TRANSFER,1.0,C6720572969,0.0,0.0,C8086684009,11170.21,11171.21,0,0.01,0
699,DEBIT,411.75,C9903351330,19733.48,19321.73,M9444143872,0.0,0.0,0,0.02,0
374,PAYMENT,14809.05,C1654602021,16030.98,1221.93,M2121448210,0.0,0.0,0,0.0,0
570,CASH_OUT,192.79,C7757700186,193.96,1.17,C7640122370,43.68,43.68,1,0.04666666666666667,0
164,CASH_OUT,36612.99,C4012917912,43852.91,7239.92,C6623360831,2877.52,2877.52,0,0.0033333333333333335,0
140,CASH_OUT,125.49,C9805620900,201.58,76.09,C4594787485,42.89,42.89,0,0.0033333333333333335,0
688,TRANSFER,1.0,C5151887478,0.0,0.0,C4659306670,37213.07,37214.07,0,0.0033333333333333335,0
183,PAYMENT,1.0,C4466589567,0.0,0.0,M5869990861,0.0,0.0,0,0.0,0
79,PAYMENT,1.0,C6789292252,0.0,0.0,M9288057824,0.0,0.0,0,0.0,0
393,PAYMENT,150.61,C4143852021,380.63,230.02,M1666898313,0.0,0.0,0,0.0,0
268,TRANSFER,80292.7,C3878719791,87676.75,7384.05,C9945002229,74.23,80366.93,0,0.0,0
206,CASH_OUT,43101.66,C9166381136,51662.94,8561.28,M9625656293,0.0,0.0,1,0.0,0
249,CASH_OUT,769.83,C8948573913,902.47,132.64,C9392707144,6484.41,6484.41,0,0.006666666666666667,0
116,PAYMENT,236.51,C5729866281,7195.12,6958.61,M4896576569,0.0,0.0,0,0.0,0
237,TRANSFER,183294.54,C5536224717,245413.3,62118.76,M9776500600,0.0,0.0,1,0.25,0
283,CASH_OUT,1170.42,C2625792787,1082.7,0.0,M3355504998,0.0,0.0,1,0.15,0
516,TRANSFER,6467.4,C8122042835,11467.33,4999.93,C6562457052,5782.38,12249.78,0,0.0033333333333333335,0
632,CASH_OUT,882.23,C2745958114,968.81,86.58,C2139027119,6211.19,6211.19,0,0.02,0
177,CASH_OUT,127.68,C3206955437,530.6,402.92,C3693985578,175124.23,175124.23,0,0.0,0
289,TRANSFER,144085.55,C4956843441,187923.15,43837.6,C7763765757,13487.16,157572.71,0,0.0,0
115,TRANSFER,14578.28,C5800633419,28498.93,13920.65,C4632522232,33637.23,48215.51,0,0.0,0
262,PAYMENT,15353.19,C1541964762,84544.66,69191.47,M9918338001,0.0,0.0,0,0.0,0
145,PAYMENT,1.0,C7858937483,0.0,0.0,M8903212516,0.0,0.0,0,0.0,0
648,CASH_OUT,1386.06,C3316787198,1460.11,74.05,M8276498637,0.0,0.0,1,0.03666666666666667,0
553,TRANSFER,56411.3,C8168036130,71501.98,15090.68,C8556573246,25976.37,82387.67,0,0.0,0
245,TRANSFER,1.0,C2647489402,0.0,0.0,C2753617371,57047.77,57048.77,0,0.0,0
61,CASH_OUT,109.91,C9067664957,150.48,40.57,C4427620889,0.0,0.0,0,0.0033333333333333335,0
655,TRANSFER,9999.75,C6562457052,12249.78,2250.03,M9822499208,0.0,0.0,1,0.3433333333333333,0
167,TRANSFER,162333.16,C5578056564,137805.3,0.0,C2174793230,422.44,422.44,1,0.3333333333333333,0
632,PAYMENT,107.59,C5819946657,399.51,291.92,M6583604299,0.0,0.0,0,0.0,0
463,TRANSFER,5265.18,C6065662867,4736.05,0.0,M6866146362,0.0,0.0,1,0.9033333333333333,1
469,TRANSFER,12345.72,C6620138568,18233.18,5887.46,C9259157845,103591.63,115937.35,0,0.0,0
684,PAYMENT,271.9,C2660286914,192859.92,192588.02,M2418407139,0.0,0.0,0,0.0,0
713,CASH_OUT,2146.53,C9894264595,2852.77,706.24,C7420846622,3284.24,3284.24,1,0.013333333333333334,0
621,DEBIT,4253.99,C8168394616,15469.81,11215.82,M5535650160,0.0,0.0,0,0.03333333333333333,0
605,TRANSFER,2622.71,C9579064478,2641.92,19.21,C7846365089,0.0,0.0,1,0.52,1
365,CASH_OUT,2645.7,C5891280823,2877.05,231.35,M7713758036,0.0,0.0,1,0.01,0
478,TRANSFER,1.0,C6591038760,0.0,0.0,C7380780055,7602.1,7603.1,0,0.05,0
314,TRANSFER,21223.8,C5992908271,37213.52,15989.72,C9539945315,0.0,21223.8,0,0.0,0
237,TRANSFER,2527.28,C6714723660,5689.86,3162.58,C5082603360,47.44,2574.72,0,0.0,0
291,PAYMENT,5088.87,C5998623100,19798.52,14709.65,M9640701016,0.0,0.0,0,0.0,0
530,TRANSFER,3417.88,C3250402001,3575.9,158.02,M9776500600,0.0,0.0,1,0.32666666666666666,0
683,PAYMENT,103.94,C3250402001,158.02,54.08,M8903212516,0.0,0.0,0,0.0,0
26,CASH_OUT,156621.78,C5022964382,201409.71,44787.93,C2076151332,73827.14,73827.14,1,0.0,0
611,CASH_OUT,82652.04,C2801177461,87036.51,4384.47,C5903457537,833.29,833.29,1,0.0033333333333333335,0
225,PAYMENT,13214.62,C9147736635,69823.41,56608.79,M9020002737,0.0,0.0,0,0.0,0
452,CASH_IN,2365.26,C2570991899,0.0,2365.26,C5759272717,105449.34,105449.34,0,0.0,0
264,CASH_OUT,94402.59,C2308638549,134716.5,40313.91,C5125568431,1884.65,1884.65,1,0.0,0
540,PAYMENT,1.0,C8339176912,0.0,0.0,M5959736235,0.0,0.0,0,0.0,0
236,CASH_OUT,203.85,C2687477596,2037.79,1833.94,C8854238082,104653.18,104653.18,0,0.0,0
305,TRANSFER,4615.84,C7059591606,19478.37,14862.53,C8493451569,0.0,4615.84,0,0.0,0
691,CASH_OUT,4538.81,C2079770569,4638.43,99.62,M2228388623,0.0,0.0,1,0.056666666666666664,0
502,PAYMENT,440.33,C1660370908,2180.65,1740.32,M7651029165,0.0,0.0,0,0.0,0
1,DEBIT,5469.3,C2075321966,34088.91,28619.61,M6011842297,0.0,0.0,0,0.013333333333333334,0
699,DEBIT,46689.67,C5508149905,225833.54,179143.87,M5325865521,0.0,0.0,0,0.016666666666666666,0
232,CASH_OUT,4591.78,C8527715219,4230.24,0.0,M4306983924,0.0,0.0,1,0.08,0
103,TRANSFER,21606.73,C3293560436,29623.7,8016.97,C8675071314,116574.96,138181.69,0,0.0,0
593,CASH_OUT,1971.9,C7597996327,2630.01,658.11,C6338036681,72250.73,72250.73,0,0.006666666666666667,0
103,TRANSFER,1.0,C2390587865,0.0,0.0,C3952295757,1592.04,1593.04,0,0.013333333333333334,0
574,TRANSFER,17155.5,C2017675569,21583.32,4427.82,M4865979921,0.0,0.0,1,0.3233333333333333,0
603,DEBIT,1267.15,C1722124509,101996.74,100729.59,M9026301048,0.0,0.0,0,0.016666666666666666,0
317,CASH_OUT,205016.96,C7420493866,189073.06,0.0,M4125758723,0.0,0.0,1,0.02666666666666667,0
641,CASH_OUT,1044.56,C4471642620,1235.41,190.85,M3119908041,0.0,0.0,1,0.03,0
201,CASH_IN,77.82,C5569145346,62454.08,62531.9,C4655935832,0.0,0.0,0,0.0,0
26,PAYMENT,330.33,C6496933442,685.14,354.81,M6011842297,0.0,0.0,0,0.0,0
227,TRANSFER,21521.43,C1127978094,19597.46,0.0,C8086684009,11171.21,11171.21,1,0.0033333333333333335,0
175,PAYMENT,12765.78,C7763765757,157572.71,144806.93,M4399143287,0.0,0.0,0,0.0,0
498,TRANSFER,196169.97,C4015479599,194283.17,0.0,M5714658227,0.0,0.0,1,0.96,1
603,TRANSFER,2923.8,C4311931853,11569.55,8645.75,C2926780541,1777.58,4701.38,0,0.006666666666666667,0
115,TRANSFER,1.0,C8841851495,0.0,0.0,C2075413763,16723.11,16724.11,0,0.0,0
288,TRANSFER,2864.41,C6201313620,2907.23,42.82,C3361388464,4779.52,4779.52,1,0.013333333333333334,0
79,CASH_OUT,889.52,C2777816561,908.09,18.57,C4710967433,0.0,0.0,0,0.0033333333333333335,0
580,TRANSFER,3468.41,C4997866845,7399.93,3931.52,C1855256552,0.0,3468.41,0,0.05,0
58,CASH_OUT,22769.67,C4131356954,54309.27,31539.6,C9807209816,61219.12,61219.12,0,0.0,0
304,CASH_OUT,25178.25,C3057629778,28474.35,3296.1,C2850820685,72727.46,72727.46,0,0.0,0
120,PAYMENT,319.41,C2094024844,50538.98,50219.57,M2635881694,0.0,0.0,0,0.0,0
483,PAYMENT,856.03,C6687206971,56700.88,55844.85,M8443061472,0.0,0.0,0,0.0,0
421,PAYMENT,1075.03,C1818520766,19225.93,18150.9,M2518433834,0.0,0.0,0,0.0,0
487,PAYMENT,1.0,C2390587865,0.0,0.0,M2778069478,0.0,0.0,0,0.0,0
94,TRANSFER,21926.68,C5175416378,141804.33,119877.65,C6761084958,11231.22,33157.9,0,0.0,0
77,PAYMENT,184.63,C7114223633,122834.1,122649.47,M4390543744,0.0,0.0,0,0.0,0
607,TRANSFER,5404.64,C7808938880,15232.41,9827.77,C8689593739,5585.53,10990.17,0,0.0033333333333333335,0
486,PAYMENT,328.29,C9123612497,6842.99,6514.7,M3595066420,0.0,0.0,0,0.0,0
680,PAYMENT,9989.47,C9798613995,13498.11,3508.64,M1694904767,0.0,0.0,0,0.0,0
54,TRANSFER,87180.24,C6131005449,97758.0,10577.76,M6606958660,0.0,0.0,1,0.24666666666666667,0
302,DEBIT,889.05,C5100282913,64522.01,63632.96,M3322580659,0.0,0.0,0,0.0033333333333333335,0
157,PAYMENT,2280.09,C6557907251,13543.36,11263.27,M4460319291,0.0,0.0,0,0.0,0
689,TRANSFER,575.75,C8497938394,650.35,74.6,M8858274691,0.0,0.0,1,0.17,0
55,TRANSFER,6141.0,C5271453859,5268.3,0.0,M8548290298,0.0,0.0,1,0.81,1
262,PAYMENT,1.0,C5633956194,0.0,0.0,M9410569618,0.0,0.0,0,0.0,0
494,PAYMENT,1.0,C3313993297,0.0,0.0,M1306420495,0.0,0.0,0,0.0,0
365,PAYMENT,5.14,C5184564874,6.69,1.55,M6282009986,0.0,0.0,0,0.0,0
709,CASH_OUT,1559.19,C8991977937,2015.34,456.15,C7243352390,0.65,0.65,1,0.02666666666666667,0
461,PAYMENT,105.98,C6554972315,1130.69,1024.71,M1122712790,0.0,0.0,0,0.0,0
671,PAYMENT,1642.97,C4719780110,39551.09,37908.12,M6384311581,0.0,0.0,0,0.0,0
524,DEBIT,378.7,C8270110908,80947.38,80568.68,M9773795424,0.0,0.0,0,0.016666666666666666,0
48,CASH_OUT,54548.62,C5626388820,55487.67,939.05,M2228388623,0.0,0.0,1,0.0,0
95,CASH_OUT,22016.16,C2073108894,26210.35,4194.19,C6673381261,52291.84,52291.84,1,0.0,0
5,TRANSFER,51089.04,C9738752801,50103.88,0.0,M3469205576,0.0,0.0,1,0.59,1
63,PAYMENT,6217.32,C2771211118,95285.7,89068.38,M3369412470,0.0,0.0,0,0.0,0
525,CASH_OUT,30623.97,C1940684569,25669.32,0.0,C5364727160,7084.8,7084.8,1,0.08333333333333333,0
230,PAYMENT,4281.01,C8235717104,63623.14,59342.13,M1999913493,0.0,0.0,0,0.0,0
628,TRANSFER,1.0,C4939447721,0.0,0.0,C2761091683,1851.5,1852.5,0,0.07666666666666666,0
300,TRANSFER,4155.19,C4558302256,4969.68,814.49,C1664847319,315219.67,319374.86,0,0.0,0
219,PAYMENT,1.0,C3127657643,0.0,0.0,M1458227039,0.0,0.0,0,0.0,0
507,TRANSFER,68303.81,C1798112150,76625.22,8321.41,C2780016559,0.0,68303.81,0,0.0,0
536,CASH_OUT,40010.34,C7246858055,56474.88,16464.54,C5175416378,119877.65,119877.65,0,0.0,0
186,PAYMENT,184.02,C4079223686,157418.4,157234.38,M6771941776,0.0,0.0,0,0.0,0
543,TRANSFER,4548.65,C5750815980,3979.26,0.0,C8575707116,395.87,395.87,1,0.48333333333333334,0
111,TRANSFER,156318.96,C4302632494,135599.18,0.0,C7266763552,0.0,156318.96,1,0.016666666666666666,0
291,PAYMENT,1506.86,C6317889312,4772.66,3265.8,M1647181551,0.0,0.0,0,0.0,0
345,CASH_OUT,3910.02,C4226113732,3674.51,0.0,M9065458220,0.0,0.0,1,0.13333333333333333,0
377,TRANSFER,646.6,C4248149900,125335.52,124688.92,C3250402001,54.08,700.68,0,0.01,0
573,PAYMENT,1.0,C1251837136,0.0,0.0,M3495411322,0.0,0.0,0,0.0,0
577,PAYMENT,62.35,C9457665185,9115.84,9053.49,M9065458220,0.0,0.0,0,0.0,0
320,PAYMENT,1.0,C3837784389,0.0,0.0,M8778927211,0.0,0.0,0,0.0,0
578,TRANSFER,372.26,C5972484792,104133.45,103761.19,C2176904638,11157.66,11529.92,0,0.0,0
438,TRANSFER,57688.61,C4026113008,131242.6,73553.99,C2830154607,127030.17,184718.78,0,0.0,0
228,TRANSFER,33694.98,C5586143660,33840.18,145.2,C3511301900,120150.54,153845.52,1,0.0,0
94,CASH_OUT,1.0,C6542943838,0.0,0.0,C1083651970,21152.62,21152.62,0,0.0033333333333333335,0
497,TRANSFER,522.11,C9255898264,561.75,39.64,M9900829971,0.0,0.0,1,0.17666666666666667,0
477,TRANSFER,12504.06,C5022964382,44787.93,32283.87,C5482431018,10396.71,22900.77,0,0.0,0
427,CASH_OUT,1.0,C7928074841,0.0,0.0,C2879792991,0.0,0.0,0,0.08666666666666667,0
424,PAYMENT,9278.44,C2566942273,34029.21,24750.77,M8389750357,0.0,0.0,0,0.0,0
668,PAYMENT,7960.8,C4965395580,183484.05,175523.25,M3660800029,0.0,0.0,0,0.0,0
474,CASH_OUT,369.8,C5646751885,354.03,0.0,C2480915452,8831.14,8831.14,1,0.056666666666666664,0
74,PAYMENT,4040.92,C2812140441,5116.17,1075.25,M2625035499,0.0,0.0,0,0.0,0
465,TRANSFER,4958.84,C4681264539,4612.24,0.0,M9065458220,0.0,0.0,1,0.91,1
120,CASH_OUT,3410.51,C5144289583,4730.78,1320.27,M6247463262,0.0,0.0,1,0.0,0
37,CASH_OUT,2070.9,C9986353481,2821.07,750.17,C4325878813,0.0,0.0,1,0.0,0
201,CASH_OUT,109.18,C8737025391,123.1,13.92,C7635473142,296.85,296.85,0,0.01,0
447,DEBIT,1.0,C9741628563,0.0,0.0,M5564953924,0.0,0.0,0,0.04666666666666667,0
289,PAYMENT,1.0,C9981364488,0.0,0.0,M5815678365,0.0,0.0,0,0.0,0
154,PAYMENT,1.0,C4110258855,0.0,0.0,M6199197408,0.0,0.0,0,0.0,0
605,TRANSFER,31660.1,C5638860656,86505.35,54845.25,C5570828113,38950.28,70610.38,0,0.0,0
150,CASH_OUT,18668.87,C7508080884,23997.0,5328.13,M9065458220,0.0,0.0,1,0.0,0
309,TRANSFER,134.59,C5673482258,35646.18,35511.59,C6628158856,0.0,134.59,0,0.11,0
161,DEBIT,34473.09,C7403028869,195677.8,161204.71,M4588312351,0.0,0.0,0,0.006666666666666667,0
680,PAYMENT,1.0,C5588254555,0.0,0.0,M2121448210,0.0,0.0,0,0.0,0
713,PAYMENT,1.03,C8046300793,60711.03,60710.0,M4952177946,0.0,0.0,0,0.0,0
175,TRANSFER,1458.27,C5694806361,1233.29,0.0,C4130305126,0.0,1458.27,1,0.09333333333333334,0
119,TRANSFER,33291.64,C3389594115,147291.27,113999.63,C5489485517,114743.9,148035.54,0,0.0,0
128,CASH_IN,2468.02,C9633533290,213.21,2681.23,C4163119785,957.51,957.51,0,0.0,0
411,TRANSFER,90259.88,C5175416378,119877.65,29617.77,M9558906999,0.0,0.0,1,0.29,0
461,CASH_OUT,5183.75,C8833889083,8807.7,3623.95,C7691931213,45113.67,45113.67,0,0.013333333333333334,0
172,TRANSFER,191709.64,C4907446848,240342.73,48633.09,C4466589567,0.0,191709.64,1,0.0,0
307,PAYMENT,20537.62,C2546720356,111949.01,91411.39,M5535650160,0.0,0.0,0,0.0,0
428,PAYMENT,538.79,C9539945315,21223.8,20685.01,M6744039057,0.0,0.0,0,0.0,0
388,CASH_OUT,1705.5,C6089026099,1697.06,0.0,M6525576685,0.0,0.0,1,0.12666666666666668,0
653,CASH_OUT,829.09,C5868640848,976.66,147.57,C2785736751,317160.84,317160.84,1,0.0,0
336,CASH_IN,55799.05,C5067245523,97207.19,153006.24,C4500557310,21.76,21.76,0,0.0,0
272,DEBIT,4072.77,C2617999521,4475.86,403.09,M1357561213,0.0,0.0,0,0.02,0
252,DEBIT,4798.1,C3893976444,155818.02,151019.92,M4093474499,0.0,0.0,0,0.006666666666666667,0
261,CASH_OUT,135593.82,C6548442140,172235.87,36642.05,C7475684019,97988.58,97988.58,1,0.0,0
476,PAYMENT,331.19,C1674755608,426.99,95.8,M7050091525,0.0,0.0,0,0.0,0
437,PAYMENT,9097.14,C1561417687,114057.03,104959.89,M2773408660,0.0,0.0,0,0.0,0
132,PAYMENT,1.0,C6910112521,0.0,0.0,M5270048042,0.0,0.0,0,0.0,0
351,TRANSFER,21180.23,C2075321966,28619.61,7439.38,C1684598046,16.17,21196.4,0,0.0033333333333333335,0
160,CASH_OUT,28999.96,C1614685938,68645.58,39645.62,C4531928910,0.0,0.0,0,0.0,0
577,CASH_OUT,15753.57,C6169243284,20040.14,4286.57,M5734228580,0.0,0.0,1,0.016666666666666666,0
140,PAYMENT,12257.02,C2424706705,73230.9,60973.88,M3636366799,0.0,0.0,0,0.0,0
224,PAYMENT,1.0,C7910439839,1.0,0.0,M7570511906,0.0,0.0,0,0.0,0
537,CASH_OUT,1503.28,C4046558332,2669.14,1165.86,C6102144947,69567.31,69567.31,0,0.006666666666666667,0
378,DEBIT,47098.77,C4658080160,133251.64,86152.87,M6659847491,0.0,0.0,0,0.013333333333333334,0
227,TRANSFER,64.04,C9697354961,79.34,15.3,C9123612497,6514.7,6578.74,0,0.0033333333333333335,0
478,PAYMENT,490.2,C2369705770,696.32,206.12,M8858274691,0.0,0.0,0,0.0,0
494,PAYMENT,216.34,C5476654128,636.71,420.37,M7512767226,0.0,0.0,0,0.0,0
81,CASH_OUT,710.55,C8285786023,2253.42,1542.87,C2180484299,740.81,740.81,0,0.0,0
71,TRANSFER,108.01,C8313706299,230.48,122.47,C1993998848,488.42,596.43,0,0.01,0
474,DEBIT,14905.21,C6797436140,113294.2,98388.99,M4892544235,0.0,0.0,0,0.016666666666666666,0
66,DEBIT,1.0,C7581349462,0.0,0.0,M6200141898,0.0,0.0,0,0.02666666666666667,0
621,CASH_OUT,3146.01,C4034047118,12671.97,9525.96,C1084790270,86081.28,86081.28,0,0.0,0
672,TRANSFER,93.09,C4712367625,16896.82,16803.73,C3555656321,1079.24,1172.33,0,0.02666666666666667,0
593,PAYMENT,327.23,C9786748825,8289.38,7962.15,M3534186676,0.0,0.0,0,0.0,0
500,TRANSFER,162502.89,C1484230338,165324.99,2822.1,C2260326267,25478.8,187981.69,1,0.0,0
659,PAYMENT,528.67,C2445662585,35737.96,35209.29,M2625035499,0.0,0.0,0,0.0,0
203,CASH_OUT,4.05,C6477862024,10.94,6.89,C7481631841,145025.73,145025.73,0,0.0,0
657,TRANSFER,12475.71,C1041531046,15320.0,2844.29,M2541015125,0.0,0.0,1,0.34,0
488,PAYMENT,1.0,C1091729577,0.0,0.0,M5959736235,0.0,0.0,0,0.0,0
138,PAYMENT,2145.36,C9303765140,2476.01,330.65,M6130446648,0.0,0.0,0,0.0,0
289,TRANSFER,40158.19,C3358880404,69274.78,29116.59,C2082326234,1338.13,41496.32,0,0.0,0
65,PAYMENT,5733.37,C7296658772,7698.95,1965.58,M1732578761,0.0,0.0,0,0.0,0
321,CASH_OUT,12579.43,C2610237679,35796.6,23217.17,C3400244542,48263.76,48263.76,0,0.0,0
486,TRANSFER,200.82,C5891280823,231.35,30.53,C8570333548,38361.0,38361.0,1,0.0,0
604,CASH_OUT,1.0,C9376277483,0.0,0.0,C1195066088,95985.14,95985.14,0,0.0,0
578,TRANSFER,52043.28,C5306459450,125163.74,73120.46,C8300300577,69999.0,122042.28,0,0.0,0
354,PAYMENT,393.7,C6880115912,126680.46,126286.76,M4306983924,0.0,0.0,0,0.0,0
22,TRANSFER,4312.91,C6157617867,3856.27,0.0,M8389750357,0.0,0.0,1,0.7433333333333333,1
330,PAYMENT,1108.92,C5129478722,2091.76,982.84,M3313346852,0.0,0.0,0,0.0,0
635,PAYMENT,699.67,C8055556030,835.73,136.06,M8458323087,0.0,0.0,0,0.0,0
221,TRANSFER,3928.7,C2513206988,3424.03,0.0,M3508990774,0.0,0.0,1,0.82,1
360,TRANSFER,1.0,C9751963589,0.0,0.0,C2075413763,16724.11,16725.11,0,0.0,0
410,PAYMENT,1.0,C4026379752,0.0,0.0,M2910594463,0.0,0.0,0,0.0,0
180,PAYMENT,6003.67,C2293434554,10586.19,4582.52,M8235474949,0.0,0.0,0,0.0,0
33,TRANSFER,1777.27,C6991473746,2335.56,558.29,C4731897202,14.42,1791.69,1,0.006666666666666667,0
212,PAYMENT,16694.46,C3693985578,175124.23,158429.77,M9398575277,0.0,0.0,0,0.0,0
648,CASH_OUT,1693.59,C4492602049,1979.11,285.52,M6820149016,0.0,0.0,1,0.02666666666666667,0
561,PAYMENT,2090.84,C2139027119,6211.19,4120.35,M8044997538,0.0,0.0,0,0.0,0
701,PAYMENT,557.65,C3426709025,2121.39,1563.74,M9625656293,0.0,0.0,0,0.0,0
58,CASH_OUT,23182.67,C3612617557,29642.12,6459.45,C7430757004,7703.56,7703.56,0,0.0033333333333333335,0
179,PAYMENT,832.8,C8369792370,72636.25,71803.45,M8144889126,0.0,0.0,0,0.0,0
435,PAYMENT,1.0,C2266622851,0.0,0.0,M3831598303,0.0,0.0,0,0.0,0
158,TRANSFER,67.46,C9916336966,65.47,0.0,C3371357111,3500.86,3500.86,1,0.0033333333333333335,0
488,PAYMENT,1.0,C8390631634,1.0,0.0,M9098037639,0.0,0.0,0,0.0,0
228,PAYMENT,11157.7,C5837082260,139694.7,128537.0,M3192202822,0.0,0.0,0,0.0,0
451,CASH_OUT,2200.03,C5523703900,4567.93,2367.9,C5067116918,52.56,52.56,0,0.043333333333333335,0
608,TRANSFER,130807.45,C2982979741,116001.96,0.0,M7969674420,0.0,0.0,1,0.9566666666666667,1
338,PAYMENT,4.01,C8478529823,6.38,2.37,M6401844042,0.0,0.0,0,0.0,0
211,TRANSFER,181133.28,C4482141802,177824.27,0.0,M4158643786,0.0,0.0,1,0.98,1
320,PAYMENT,1.0,C1940684569,0.0,0.0,M9410569618,0.0,0.0,0,0.0,0
710,PAYMENT,1183.26,C4145461251,96475.81,95292.55,M3965860354,0.0,0.0,0,0.0,0
237,CASH_OUT,54.92,C7467073633,178.04,123.12,C5588254555,0.0,0.0,0,0.0,0
675,TRANSFER,5027.82,C1487258103,4496.11,0.0,C7597996327,658.11,658.11,1,0.4166666666666667,0
247,TRANSFER,30417.06,C2850820685,72727.46,42310.4,C2125089309,0.0,30417.06,0,0.0,0
297,CASH_IN,110347.79,C5328166990,154489.11,264836.9,C1862812038,0.0,0.0,0,0.0,0
31,CASH_OUT,4572.69,C9116428507,3863.87,0.0,C2431779064,130045.95,130045.95,1,0.013333333333333334,0
481,PAYMENT,19764.92,C8795212264,148411.43,128646.51,M9398575277,0.0,0.0,0,0.0,0
355,TRANSFER,9020.55,C3476426797,94865.96,85845.41,C1526723719,1202.46,10223.01,0,0.0033333333333333335,0
180,PAYMENT,11615.74,C5508149905,179143.87,167528.13,M8643636805,0.0,0.0,0,0.0,0
202,CASH_OUT,1059.29,C5409514899,957.06,0.0,M9068916300,0.0,0.0,1,0.07,0
58,PAYMENT,7.36,C3958590550,4035.28,4027.92,M7960713821,0.0,0.0,0,0.0,0
391,PAYMENT,287.82,C8133593748,615.21,327.39,M2418407139,0.0,0.0,0,0.0,0
528,CASH_OUT,904.08,C8380312396,1753.29,849.21,C1547374338,10784.87,10784.87,0,0.01,0
632,PAYMENT,310.97,C2525930586,187861.84,187550.87,M5985331805,0.0,0.0,0,0.0,0
261,CASH_OUT,12.16,C8199372599,36.26,24.1,C6156843353,7338.45,7338.45,0,0.0,0
279,CASH_OUT,44326.62,C5877639950,46164.28,1837.66,C8274273035,253.63,253.63,1,0.0,0
216,CASH_OUT,4.78,C8257484586,112887.12,112882.34,C2926780541,4701.38,4701.38,0,0.0,0
69,TRANSFER,1.0,C6756332150,0.0,0.0,C9806189256,1106.23,1107.23,0,0.013333333333333334,0
648,CASH_OUT,14510.63,C7045593274,14644.44,133.81,M5570190774,0.0,0.0,1,0.03666666666666667,0
489,CASH_OUT,3262.55,C9437783771,2892.33,0.0,M2418407139,0.0,0.0,1,0.2833333333333333,0
548,TRANSFER,1.0,C3196545325,0.0,0.0,C2479679716,19.07,20.07,0,0.18666666666666668,0
538,PAYMENT,3727.53,C2293434554,4582.52,854.99,M8138332494,0.0,0.0,0,0.0,0
9,CASH_OUT,15194.05,C9851745648,14583.9,0.0,M8458323087,0.0,0.0,1,0.05333333333333334,0
129,TRANSFER,165079.17,C3975704877,158263.97,0.0,M4896576569,0.0,0.0,1,0.9633333333333334,1
173,DEBIT,37020.43,C2082326234,41496.32,4475.89,M6583604299,0.0,0.0,0,0.013333333333333334,0
346,PAYMENT,1.0,C5118430494,0.0,0.0,M7861571879,0.0,0.0,0,0.0,0
630,PAYMENT,1143.59,C7873709012,193502.76,192359.17,M8728631945,0.0,0.0,0,0.0,0
246,CASH_OUT,8.1,C2586568081,8.87,0.77,C5884391502,398.53,398.53,0,0.01,0
187,PAYMENT,3077.16,C6142469284,5948.44,2871.28,M3517195150,0.0,0.0,0,0.0,0
379,TRANSFER,150153.35,C8316205130,139453.45,0.0,C1116402431,8432.79,8432.79,1,0.13666666666666666,0
346,TRANSFER,570.0,C2825989011,659.07,89.07,M8138332494,0.0,0.0,1,0.15666666666666668,0
199,TRANSFER,33889.64,C1563524533,97829.14,63939.5,C6991473746,558.29,34447.93,0,0.0,0
125,TRANSFER,343.03,C9343730920,485.75,142.72,M3831598303,0.0,0.0,1,0.13333333333333333,0
607,TRANSFER,5400.41,C5431267548,12672.79,7272.38,C7671041685,0.0,5400.41,0,0.03,0
303,PAYMENT,362.03,C5329194647,1265.05,903.02,M6790024996,0.0,0.0,0,0.0,0
501,TRANSFER,724.35,C1710924824,837.44,113.09,C3836517266,106869.45,106869.45,1,0.0033333333333333335,0
557,CASH_IN,126.97,C6691628146,235459.64,235586.61,C2960432117,56371.36,56371.36,0,0.0,0
360,TRANSFER,3440.98,C2554039848,3867.91,426.93,C2699887270,6967.4,10408.38,1,0.0033333333333333335,0
679,TRANSFER,15879.96,C6097953682,22138.52,6258.56,C1182758417,5652.92,21532.88,0,0.0,0
225,CASH_OUT,980.12,C3465740756,3789.23,2809.11,C9516893896,13143.6,13143.6,0,0.0,0
316,CASH_OUT,2398.67,C7751356568,2065.91,0.0,M9620935604,0.0,0.0,1,0.11333333333333333,0
255,TRANSFER,174.25,C1470939445,187.49,13.24,C1257324536,3752.77,3752.77,1,0.0,0
626,CASH_IN,25330.65,C2965164102,0.0,25330.65,C5689870435,4922.87,4922.87,0,0.0,0
392,CASH_OUT,230.72,C6952291828,269.05,38.33,C8418332121,5893.5,5893.5,0,0.013333333333333334,0
511,CASH_OUT,1.0,C1485574228,0.0,0.0,C6974875750,180337.71,180337.71,0,0.0,0
452,PAYMENT,17344.98,C7706193636,27346.64,10001.66,M2518433834,0.0,0.0,0,0.0,0
35,DEBIT,1.0,C8684942020,1.0,0.0,M4122901114,0.0,0.0,0,0.02666666666666667,0
125,CASH_OUT,1.0,C9851745648,0.0,0.0,C6534540349,62700.86,62700.86,0,0.0,0
13,CASH_OUT,12714.59,C9776185998,15453.68,2739.09,M3534186676,0.0,0.0,1,0.0,0
524,CASH_OUT,63917.46,C7462972995,79991.95,16074.49,C6947080764,7324.71,7324.71,1,0.0033333333333333335,0
139,DEBIT,20332.98,C7077131430,173425.8,153092.82,M6041646576,0.0,0.0,0,0.006666666666666667,0
448,PAYMENT,146.66,C5512036684,1925.55,1778.89,M3960136787,0.0,0.0,0,0.0,0
514,PAYMENT,5403.04,C8134112721,80614.38,75211.34,M4641902461,0.0,0.0,0,0.0,0
658,TRANSFER,1.0,C4536306171,0.0,0.0,C2846465000,0.0,1.0,0,0.23,0
504,CASH_OUT,60559.34,C4455798713,141447.14,80887.8,C4706249669,700.66,700.66,0,0.0,0
88,CASH_OUT,134802.97,C9292791081,134694.13,0.0,C9248574674,150.24,150.24,1,0.11333333333333333,0
69,TRANSFER,1.0,C4714465905,0.0,0.0,C5474951950,23.14,24.14,0,0.17666666666666667,0
182,TRANSFER,20408.08,C9558091177,157167.89,136759.81,C1541964762,69191.47,89599.55,0,0.0,0
22,TRANSFER,2121.06,C3725152347,2399.74,278.68,C3511301900,153845.52,155966.58,0,0.0,0
137,TRANSFER,14147.11,C3655790301,16792.18,2645.07,C7568980185,106415.81,120562.92,0,0.0,0
556,CASH_IN,10742.37,C3107125807,153.5,10895.87,C8755749566,74851.8,74851.8,0,0.0,0
19,TRANSFER,939.33,C2379592595,1295.9,356.57,M8144352013,0.0,0.0,1,0.09666666666666666,0
144,TRANSFER,3285.04,C8303853049,3564.92,279.88,M5869990861,0.0,0.0,1,0.18333333333333332,0
98,PAYMENT,16998.13,C2431779064,130045.95,113047.82,M5325865521,0.0,0.0,0,0.0,0
290,PAYMENT,1.0,C4590711152,0.0,0.0,M3223687972,0.0,0.0,0,0.0,0
584,TRANSFER,367.92,C2948728483,395.21,27.29,C6887132821,33135.84,33503.76,0,0.0,0
648,PAYMENT,41.23,C9911329062,212361.55,212320.32,M3690714075,0.0,0.0,0,0.0,0
325,TRANSFER,258.85,C4579265601,335.41,76.56,C9327720702,2374.77,2374.77,1,0.0,0
460,PAYMENT,2259.37,C7462972995,16074.49,13815.12,M7678293431,0.0,0.0,0,0.0,0
647,CASH_OUT,55.7,C7895255573,66.46,10.76,C6661014794,63326.03,63326.03,0,0.013333333333333334,0
353,DEBIT,2929.81,C7229869819,4109.32,1179.51,M9625656293,0.0,0.0,0,0.02,0
312,CASH_OUT,51629.37,C8471762590,60768.08,9138.71,C1981049082,295.82,295.82,0,0.0,0
251,PAYMENT,13.76,C9798613995,3508.64,3494.88,M6999146585,0.0,0.0,0,0.0,0
340,PAYMENT,18293.82,C7114223633,122649.47,104355.65,M8910440683,0.0,0.0,0,0.0,0
287,TRANSFER,108169.48,C5951406973,130993.18,22823.7,C7750819485,159057.5,159057.5,1,0.0,0
503,PAYMENT,1.0,C3365835550,0.0,0.0,M6361225622,0.0,0.0,0,0.0,0
65,TRANSFER,5097.65,C3987248494,4435.43,0.0,C5175416378,29617.77,29617.77,1,0.0033333333333333335,0
403,CASH_OUT,5148.78,C5031086659,4649.88,0.0,M1666898313,0.0,0.0,1,0.10666666666666667,0
302,CASH_IN,3351.89,C5269015757,178538.14,181890.03,C6634526139,633.99,633.99,0,0.0,0
36,PAYMENT,1.0,C3171050399,0.0,0.0,M6558769264,0.0,0.0,0,0.0,0
349,DEBIT,1.0,C1546957087,0.0,0.0,M7960713821,0.0,0.0,0,0.04,0
503,PAYMENT,351.59,C3343292475,37125.19,36773.6,M7532669066,0.0,0.0,0,0.0,0
704,CASH_OUT,466.99,C9645619869,421.38,0.0,C3163970710,161964.82,161964.82,1,0.02666666666666667,0
430,CASH_IN,50621.9,C1722124509,100729.59,151351.49,C6704841644,0.0,0.0,0,0.0,0
402,TRANSFER,12995.5,C4655730355,14248.57,1253.07,M8144889126,0.0,0.0,1,0.25333333333333335,0
545,PAYMENT,462.53,C9189503254,10973.26,10510.73,M6744039057,0.0,0.0,0,0.0,0
220,PAYMENT,78.65,C5183211669,111.24,32.59,M9441870024,0.0,0.0,0,0.0,0
475,CASH_OUT,4457.81,C6732648420,4336.96,0.0,M9581187661,0.0,0.0,1,0.4,0
89,CASH_OUT,39816.02,C4765583254,52109.66,12293.64,C2181241943,0.0,0.0,0,0.0,0
502,PAYMENT,7469.03,C7015992643,234379.62,226910.59,M7750131975,0.0,0.0,0,0.0,0
435,CASH_OUT,1.0,C3574081104,0.0,0.0,C4750707607,7.9,7.9,0,0.08333333333333333,0
298,PAYMENT,889.59,C7857580528,160962.8,160073.21,M2839566253,0.0,0.0,0,0.0,0
559,TRANSFER,406.77,C1965067727,439.61,32.84,C7772180882,4728.63,5135.4,0,0.03,0
434,PAYMENT,1245.14,C9270323795,4685.21,3440.07,M5000316394,0.0,0.0,0,0.0,0
554,TRANSFER,44.61,C8831899893,64.81,20.2,C1036351450,5141.84,5186.45,0,0.03333333333333333,0
499,TRANSFER,4511.07,C6726515966,97524.25,93013.18,C2579206999,2792.9,7303.97,0,0.0,0
215,PAYMENT,17893.98,C6115750294,158486.19,140592.21,M5734228580,0.0,0.0,0,0.0,0
413,PAYMENT,4759.03,C7079234115,8386.75,3627.72,M1694904767,0.0,0.0,0,0.0,0
382,CASH_OUT,7229.37,C5802739154,8566.01,1336.64,C3589530484,36103.18,36103.18,0,0.0033333333333333335,0
336,TRANSFER,66.52,C8133593748,327.39,260.87,C6027311960,659.8,726.32,0,0.0033333333333333335,0
147,TRANSFER,278.09,C5819946657,291.92,13.83,C1400330495,522.71,800.8,1,0.01,0
154,TRANSFER,2038.88,C3698343112,2651.13,612.25,C3392080953,11570.52,11570.52,1,0.0033333333333333335,0
314,TRANSFER,1.0,C3713284816,0.0,0.0,C5254923696,251037.46,251038.46,0,0.0,0
323,CASH_OUT,8069.74,C8318855178,21445.74,13376.0,C6986770879,54739.25,54739.25,0,0.0,0
294,PAYMENT,3745.16,C1233079614,157160.05,153414.89,M5815678365,0.0,0.0,0,0.0,0
149,PAYMENT,1.04,C9085085822,2235.64,2234.6,M6820149016,0.0,0.0,0,0.0,0
569,TRANSFER,483.34,C4203205881,657.48,174.14,C3328710672,0.0,483.34,1,0.056666666666666664,0
262,CASH_OUT,22858.29,C4956843441,43837.6,20979.31,C6168291913,3701.48,3701.48,0,0.0033333333333333335,0
116,TRANSFER,1111.99,C2268006448,2260.81,1148.82,C8015124886,15599.49,16711.48,0,0.0033333333333333335,0
490,TRANSFER,6.29,C3106408413,17.11,10.82,C5694848867,0.0,6.29,0,0.17,0
628,PAYMENT,206.51,C8274273035,253.63,47.12,M7678293431,0.0,0.0,0,0.0,0
568,TRANSFER,71.55,C7620473079,90.2,18.65,C8084809436,0.0,71.55,0,0.17666666666666667,0
154,PAYMENT,1.0,C7928074841,0.0,0.0,M5985331805,0.0,0.0,0,0.0,0
552,CASH_OUT,1004.19,C5150090143,1397.48,393.29,C8331319481,52.54,52.54,1,0.023333333333333334,0
651,CASH_OUT,39775.44,C1792214339,164117.58,124342.14,C1678500147,16480.89,16480.89,0,0.0,0
503,CASH_OUT,71.19,C3316787198,74.05,2.86,C7648059419,0.0,0.0,1,0.05,0
529,CASH_OUT,228898.07,C9123207735,196516.06,0.0,M8910440683,0.0,0.0,1,0.21666666666666667,0
181,CASH_OUT,1739.67,C6142469284,2871.28,1131.61,C2745958114,86.58,86.58,0,0.0,0
475,CASH_OUT,88219.42,C3369305560,111310.86,23091.44,C1039887139,0.0,0.0,1,0.02,0
58,PAYMENT,15578.46,C4794276323,233813.07,218234.61,M6275155878,0.0,0.0,0,0.0,0
552,CASH_IN,5854.21,C4693510920,0.0,5854.21,C9379439373,181826.77,181826.77,0,0.0,0
617,TRANSFER,1.0,C5278201677,0.0,0.0,C5130589741,115867.87,115868.87,0,0.0,0
449,CASH_OUT,953.78,C6952291828,1331.16,377.38,M4399143287,0.0,0.0,1,0.05,0
498,TRANSFER,102358.73,C6246716604,114500.75,12142.02,C5584288132,109108.21,211466.94,1,0.0,0
242,TRANSFER,1561.29,C8796286443,2069.75,508.46,M9098037639,0.0,0.0,1,0.17333333333333334,0
621,TRANSFER,6034.08,C1370292681,7488.89,1454.81,C8291250562,104053.94,104053.94,1,0.006666666666666667,0
22,DEBIT,489.75,C1691293717,889.92,400.17,M9098037639,0.0,0.0,0,0.01,0
209,PAYMENT,15640.71,C8675071314,138181.69,122540.98,M1466305100,0.0,0.0,0,0.0,0
677,PAYMENT,126.48,C8429141456,141.07,14.59,M3355504998,0.0,0.0,0,0.0,0
307,TRANSFER,20478.91,C9379439373,181826.77,161347.86,C8390631634,0.0,20478.91,0,0.0,0
9,TRANSFER,255307.57,C2308496151,278463.21,23155.64,C3623588379,0.0,0.0,1,0.13333333333333333,0
717,CASH_OUT,37869.95,C3815235019,44169.58,6299.63,C4735313433,0.0,0.0,0,0.016666666666666666,0
321,DEBIT,1354.2,C9309500117,3128.61,1774.41,M6558769264,0.0,0.0,0,0.01,0
479,PAYMENT,2885.33,C3149484176,9227.64,6342.31,M2910594463,0.0,0.0,0,0.0,0
232,CASH_IN,147176.12,C5923940434,0.0,147176.12,C8750840032,10.07,10.07,0,0.0,0
301,PAYMENT,687.05,C1399546384,926.94,239.89,M2541015125,0.0,0.0,0,0.0,0
588,PAYMENT,1.0,C8612747444,0.0,0.0,M1413599241,0.0,0.0,0,0.0,0
315,PAYMENT,774.34,C2295574037,1748.67,974.33,M7514017540,0.0,0.0,0,0.0,0
248,TRANSFER,403376.94,C7371573279,433688.65,30311.71,M4456193555,0.0,0.0,1,0.27666666666666667,0
62,PAYMENT,72.04,C1121863227,100.11,28.07,M1666898313,0.0,0.0,0,0.0,0
711,CASH_OUT,24596.64,C4181102664,87469.28,62872.64,C7517938612,6402.32,6402.32,0,0.0,0
367,CASH_OUT,698.78,C3102209245,761.68,62.9,C6982610835,0.0,0.0,1,0.02,0
73,TRANSFER,3360.95,C3361388464,4779.52,1418.57,C7487012742,63313.63,66674.58,1,0.0,0
627,DEBIT,1.0,C8684942020,0.0,0.0,M8102481401,0.0,0.0,0,0.05333333333333334,0
355,PAYMENT,18168.84,C1271730355,88457.68,70288.84,M7537130187,0.0,0.0,0,0.0,0
265,TRANSFER,124.27,C7316122432,157.15,32.88,M9026301048,0.0,0.0,1,0.16,0
549,PAYMENT,1.0,C1546957087,0.0,0.0,M4588312351,0.0,0.0,0,0.0,0
586,TRANSFER,26940.4,C6761084958,33157.9,6217.5,C3214080278,101487.36,128427.76,0,0.0,0
615,TRANSFER,1971.51,C7751356568,2282.97,311.46,M3297681898,0.0,0.0,1,0.32,0
494,TRANSFER,1445.24,C1361845490,1972.8,527.56,C9369574998,0.0,0.0,1,0.2633333333333333,0
214,PAYMENT,15633.39,C5508149905,167528.13,151894.74,M3094407076,0.0,0.0,0,0.0,0
532,PAYMENT,1.0,C2601198885,0.0,0.0,M2115862756,0.0,0.0,0,0.0,0
196,TRANSFER,1.0,C6618965944,0.0,0.0,C7292376027,202.01,203.01,0,0.04666666666666667,0
149,CASH_OUT,4031.13,C1726990714,4065.68,34.55,M1306420495,0.0,0.0,1,0.0033333333333333335,0
579,TRANSFER,8235.11,C3297096148,17940.21,9705.1,C7135394336,36317.37,44552.48,0,0.0,0
658,TRANSFER,90569.7,C4586139213,102968.45,12398.75,M6282009986,0.0,0.0,1,0.30666666666666664,0
54,PAYMENT,145.01,C1855256552,3468.41,3323.4,M9581187661,0.0,0.0,0,0.0,0
669,PAYMENT,2544.43,C3205292512,3511.17,966.74,M7969674420,0.0,0.0,0,0.0,0
541,PAYMENT,1.0,C8942167666,0.0,0.0,M3297681898,0.0,0.0,0,0.0,0
279,TRANSFER,6402.6,C3734252963,7784.53,1381.93,C8823677798,180.49,6583.09,0,0.0,0
362,PAYMENT,1.0,C7858937483,0.0,0.0,M5959736235,0.0,0.0,0,0.0,0
53,PAYMENT,1848.89,C6576426590,46265.58,44416.69,M1343875431,0.0,0.0,0,0.0,0
484,TRANSFER,1727.79,C6756711494,1580.87,0.0,M7532669066,0.0,0.0,1,0.5333333333333333,1
381,PAYMENT,11.89,C8199372599,24.1,12.21,M7341757401,0.0,0.0,0,0.0,0
111,CASH_OUT,26706.59,C8299146480,34019.45,7312.86,C8131923452,8750.24,8750.24,0,0.0033333333333333335,0
227,PAYMENT,557.44,C3598862507,1062.66,505.22,M6313472215,0.0,0.0,0,0.0,0
57,CASH_OUT,69270.84,C8047877267,126302.31,57031.47,C4508521152,378.9,378.9,0,0.0,0
524,TRANSFER,30950.11,C5421051452,60060.78,29110.67,C3965676060,276.29,31226.4,0,0.0,0
497,TRANSFER,7351.05,C9033653743,10144.15,2793.1,C3693916084,157633.82,164984.87,0,0.0033333333333333335,0
255,DEBIT,2727.99,C8503368512,25225.34,22497.35,M2910594463,0.0,0.0,0,0.013333333333333334,0
473,CASH_OUT,74.81,C6336171726,86.71,11.9,C3710566582,45314.84,45314.84,1,0.04,0
711,CASH_OUT,12626.24,C2984460654,15664.91,3038.67,C6153541642,60.88,60.88,0,0.013333333333333334,0
19,PAYMENT,137.41,C1471997674,340.14,202.73,M5380159400,0.0,0.0,0,0.0,0
73,CASH_OUT,9571.52,C8503368512,22497.35,12925.83,C8300300577,122042.28,122042.28,0,0.006666666666666667,0
668,TRANSFER,127560.66,C3597724331,138890.28,11329.62,M8626371177,0.0,0.0,1,0.32666666666666666,0
690,TRANSFER,7956.6,C7808938880,9827.77,1871.17,M3297681898,0.0,0.0,1,0.31333333333333335,0
256,TRANSFER,8599.11,C6837975356,10340.6,1741.49,M8643636805,0.0,0.0,1,0.24333333333333335,0
256,DEBIT,1.0,C1264739091,0.0,0.0,M5315720088,0.0,0.0,0,0.03666666666666667,0
201,PAYMENT,9144.71,C5187948804,159619.65,150474.94,M9900829971,0.0,0.0,0,0.0,0
374,PAYMENT,1.0,C8940731272,0.0,0.0,M3297681898,0.0,0.0,0,0.0,0
35,CASH_IN,132.23,C4274374218,2984.6,3116.83,C8189916797,139346.72,139346.72,0,0.0,0
51,DEBIT,7131.34,C3722583581,9840.9,2709.56,M3322580659,0.0,0.0,0,0.02,0
221,PAYMENT,1243.98,C1036351450,5186.45,3942.47,M7651029165,0.0,0.0,0,0.0,0
95,PAYMENT,2756.17,C7079234115,3627.72,871.55,M7948094928,0.0,0.0,0,0.0,0
342,PAYMENT,4081.07,C4268713302,7549.56,3468.49,M6999146585,0.0,0.0,0,0.0,0
281,CASH_OUT,1986.99,C1855256552,3323.4,1336.41,C7340498236,10235.82,10235.82,0,0.0,0
533,PAYMENT,7450.77,C4102821948,18473.37,11022.6,M8874242713,0.0,0.0,0,0.0,0
417,TRANSFER,1708.21,C6910112521,2379.89,671.68,C6852312425,88094.99,88094.99,1,0.006666666666666667,0
417,PAYMENT,1.0,C9916336966,0.0,0.0,M6053489772,0.0,0.0,0,0.0,0
371,TRANSFER,3516.18,C5883933127,3092.81,0.0,C5976777081,0.0,0.0,1,0.7533333333333333,1
226,CASH_OUT,1.0,C6171239466,0.0,0.0,C1099541460,0.0,0.0,0,0.013333333333333334,0
361,PAYMENT,1.0,C1039887139,0.0,0.0,M4522855590,0.0,0.0,0,0.0,0
136,TRANSFER,3788.07,C6587537178,4781.26,993.19,C1439427140,19859.12,19859.12,1,0.0,0
276,PAYMENT,2809.73,C9557663181,5687.02,2877.29,M8778927211,0.0,0.0,0,0.0,0
320,PAYMENT,1.0,C7022683808,0.0,0.0,M2885370603,0.0,0.0,0,0.0,0
551,TRANSFER,5848.04,C3821211202,19914.87,14066.83,C8372755146,574.59,6422.63,0,0.01,0
675,TRANSFER,1.0,C5310195918,0.0,0.0,C1484230338,2822.1,2823.1,0,0.04666666666666667,0
117,DEBIT,1.0,C5704029171,0.0,0.0,M6659847491,0.0,0.0,0,0.02666666666666667,0
487,CASH_OUT,13037.68,C3910678913,14128.28,1090.6,M5087280062,0.0,0.0,1,0.02,0
233,DEBIT,10066.28,C6963052185,197327.67,187261.39,M4093474499,0.0,0.0,0,0.006666666666666667,0
390,CASH_OUT,337.4,C1981049082,295.82,0.0,C5407856339,0.0,0.0,1,0.056666666666666664,0
560,DEBIT,20145.99,C3667740351,152320.11,132174.12,M7764117705,0.0,0.0,0,0.02,0
124,CASH_OUT,58.77,C5789633176,62.01,3.24,C5421051452,29110.67,29110.67,1,0.0033333333333333335,0
459,PAYMENT,66.84,C6745958212,119.89,53.05,M1099218439,0.0,0.0,0,0.0,0
589,PAYMENT,1080.76,C6415031531,2041.23,960.47,M9822499208,0.0,0.0,0,0.0,0
604,CASH_OUT,3480.84,C7637761996,9107.69,5626.85,C6805759868,3174.94,3174.94,0,0.0033333333333333335,0
297,TRANSFER,4659.79,C1106456634,5430.18,770.39,M9590331226,0.0,0.0,1,0.22,0
80,DEBIT,1.0,C6237376063,0.0,0.0,M5270048042,0.0,0.0,0,0.03,0
527,PAYMENT,1.33,C3869963931,233696.53,233695.2,M9977193987,0.0,0.0,0,0.0,0
437,PAYMENT,19382.49,C7801948900,92417.16,73034.67,M3192202822,0.0,0.0,0,0.0,0
666,PAYMENT,1825.5,C6761084958,6217.5,4392.0,M1185303518,0.0,0.0,0,0.0,0
334,CASH_OUT,328.79,C8295757364,296.34,0.0,M8727805468,0.0,0.0,1,0.05333333333333334,0
98,CASH_OUT,147758.43,C2047905204,173957.3,26198.87,M7437168216,0.0,0.0,1,0.0,0
486,TRANSFER,12369.32,C2349641712,11648.11,0.0,M9620935604,0.0,0.0,1,0.93,1
274,CASH_OUT,3887.47,C2139027119,4120.35,232.88,M7168105904,0.0,0.0,1,0.0033333333333333335,0
494,TRANSFER,1.0,C2464137110,0.0,0.0,C2924568778,115736.29,115737.29,0,0.0,0
368,TRANSFER,1775.56,C2866092821,1837.85,62.29,C9376277483,0.0,1775.56,1,0.04666666666666667,0
499,PAYMENT,540.17,C9957813353,35097.34,34557.17,M1357561213,0.0,0.0,0,0.0,0
404,PAYMENT,34.75,C4152835101,15138.58,15103.83,M7343954769,0.0,0.0,0,0.0,0
264,TRANSFER,67196.22,C6638034087,69243.07,2046.85,C2139027119,232.88,232.88,1,0.03333333333333333,0
480,CASH_IN,39.02,C4147025728,205.01,244.03,C4172006012,0.0,0.0,0,0.006666666666666667,0
609,PAYMENT,12265.17,C3783290795,157827.0,145561.83,M2518433834,0.0,0.0,0,0.0,0
395,CASH_OUT,1411.54,C7818568548,2012.77,601.23,M7282885927,0.0,0.0,1,0.01,0
128,TRANSFER,1.0,C7579604766,0.0,0.0,C5736462531,0.0,1.0,0,0.19666666666666666,0
217,TRANSFER,171.6,C5785481124,143.32,0.0,M2571632270,0.0,0.0,1,0.23666666666666666,0
468,CASH_OUT,18825.78,C1643611097,18703.2,0.0,M9752092528,0.0,0.0,1,0.26,0
269,PAYMENT,28.24,C3102209245,62.9,34.66,M8964269909,0.0,0.0,0,0.0,0
50,CASH_OUT,1066.58,C4710967433,988.66,0.0,M1458227039,0.0,0.0,1,0.056666666666666664,0
375,CASH_OUT,745.26,C3035761595,631.21,0.0,M3476758136,0.0,0.0,1,0.19666666666666666,0
195,CASH_OUT,1.0,C3196545325,0.0,0.0,C4683935600,276051.4,276051.4,0,0.0,0
630,PAYMENT,1.0,C3796581976,0.0,0.0,M5156392601,0.0,0.0,0,0.0,0
27,TRANSFER,129.49,C9248574674,150.24,20.75,C7403028869,161204.71,161334.2,0,0.0,0
718,PAYMENT,213.28,C2579206999,7303.97,7090.69,M8643636805,0.0,0.0,0,0.0,0
397,CASH_OUT,74004.34,C5744003377,70439.95,0.0,C9411532909,4619.99,4619.99,1,0.05,0
430,PAYMENT,1.0,C7226553010,0.0,0.0,M7537130187,0.0,0.0,0,0.0,0
178,PAYMENT,1.0,C5419627962,0.0,0.0,M2243802345,0.0,0.0,0,0.0,0
188,CASH_OUT,136842.88,C5975196341,136215.15,0.0,C2099184899,0.0,0.0,1,0.05333333333333334,0
551,PAYMENT,2761.09,C8132531532,7110.43,4349.34,M6361225622,0.0,0.0,0,0.0,0
576,PAYMENT,1.0,C3660223333,0.0,0.0,M8144889126,0.0,0.0,0,0.0,0
181,TRANSFER,9.05,C9248574674,20.75,11.7,C5271453859,0.0,9.05,0,0.15666666666666668,0
167,CASH_OUT,94263.24,C2486744752,133999.87,39736.63,C1600566083,0.0,0.0,0,0.0,0
447,TRANSFER,133052.03,C9856756553,122488.82,0.0,M2711123163,0.0,0.0,1,0.9733333333333334,1
83,PAYMENT,1137.59,C1116402431,8432.79,7295.2,M6846530109,0.0,0.0,0,0.0,0
660,TRANSFER,20673.4,C1209063208,98411.46,77738.06,C5868640848,147.57,20820.97,0,0.0,0
216,TRANSFER,645.79,C2591414076,29651.23,29005.44,C5306459450,73120.46,73766.25,0,0.0,0
295,PAYMENT,1624.0,C9098129449,12203.17,10579.17,M7366396017,0.0,0.0,0,0.0,0
340,PAYMENT,6093.24,C9909257076,140674.39,134581.15,M9590331226,0.0,0.0,0,0.0,0
644,CASH_OUT,628.44,C4915196257,810.53,182.09,M4160161496,0.0,0.0,1,0.03666666666666667,0
221,CASH_OUT,469.8,C3206955437,402.92,0.0,C6214917780,0.0,0.0,1,0.05,0
66,PAYMENT,14874.19,C7736142481,22733.32,7859.13,M5794335854,0.0,0.0,0,0.0,0
431,PAYMENT,1.0,C1659663750,0.0,0.0,M4820942294,0.0,0.0,0,0.0,0
656,CASH_OUT,26337.31,C6075963527,47655.4,21318.09,C1691293717,400.17,400.17,0,0.0033333333333333335,0
367,PAYMENT,1.0,C4422700486,0.0,0.0,M1802753761,0.0,0.0,0,0.0,0
79,TRANSFER,1301.29,C4332894265,1732.05,430.76,M8740820392,0.0,0.0,1,0.12333333333333334,0
597,PAYMENT,17948.45,C7845366946,30317.64,12369.19,M1711271599,0.0,0.0,0,0.0,0
428,PAYMENT,18.37,C8093179263,20.79,2.42,M4554178984,0.0,0.0,0,0.0,0
102,CASH_OUT,2912.59,C6065662867,3213.96,301.37,M3965860354,0.0,0.0,1,0.0,0
131,TRANSFER,2750.68,C8293928340,3300.81,550.13,M6515490818,0.0,0.0,1,0.13333333333333333,0
633,TRANSFER,8539.96,C6131005449,10577.76,2037.8,C7896596272,539.04,9079.0,0,0.02,0
81,TRANSFER,1.0,C4325878813,0.0,0.0,C3470617247,48926.04,48927.04,0,0.0,0
550,TRANSFER,79304.69,C9547119184,90358.67,11053.98,M4460319291,0.0,0.0,1,0.30666666666666664,0
626,PAYMENT,2378.27,C6894808149,3823.75,1445.48,M6495967005,0.0,0.0,0,0.0,0
193,TRANSFER,62654.62,C6155234610,63687.24,1032.62,C6852312425,88094.99,150749.61,1,0.0,0
206,PAYMENT,2308.19,C3465740756,2809.11,500.92,M3107992942,0.0,0.0,0,0.0,0
465,DEBIT,757.58,C3205292512,966.74,209.16,M1666898313,0.0,0.0,0,0.03,0
646,CASH_OUT,1.0,C2268523764,0.0,0.0,C7750819485,159057.5,159057.5,0,0.0,0
693,PAYMENT,3977.48,C2289624427,173975.54,169998.06,M2773408660,0.0,0.0,0,0.0,0
622,TRANSFER,1.0,C3713284816,0.0,0.0,C2625792787,0.0,1.0,0,0.23333333333333334,0
508,CASH_IN,49962.57,C4602080228,0.0,49962.57,C3107125807,10895.87,10895.87,0,0.0,0
223,CASH_IN,1502.25,C4602080228,49962.57,51464.82,C9557663181,2877.29,2877.29,0,0.0,0
643,TRANSFER,193.64,C4526242854,478.52,284.88,C6000009225,41.48,235.12,0,0.06333333333333334,0
121,CASH_OUT,245.06,C9155819200,347.9,102.84,C6334440295,2843.73,2843.73,1,0.006666666666666667,0
94,PAYMENT,1206.64,C6613888489,2426.18,1219.54,M1458227039,0.0,0.0,0,0.0,0
223,DEBIT,1.0,C4710967433,0.0,0.0,M3636366799,0.0,0.0,0,0.03,0
485,CASH_OUT,152958.86,C5872148707,169164.78,16205.92,C9455610447,1.51,1.51,1,0.016666666666666666,0
444,DEBIT,2.06,C9508499533,5.14,3.08,M2243802345,0.0,0.0,0,0.043333333333333335,0
72,CASH_OUT,463.78,C1311570307,442.95,0.0,M5156392601,0.0,0.0,1,0.04,0
87,TRANSFER,316.96,C7092693247,480.07,163.11,C6353758928,4608.26,4925.22,0,0.0,0
413,TRANSFER,13.98,C2510308881,65.45,51.47,C9553561889,25277.83,25291.81,0,0.0033333333333333335,0
363,PAYMENT,1708.86,C3030106617,1801.23,92.37,M4211837506,0.0,0.0,0,0.0,0
148,TRANSFER,24.79,C9894847574,40.69,15.9,C3426665919,28584.22,28609.01,0,0.0,0
593,TRANSFER,596.9,C6634526139,633.99,37.09,C7801948900,73034.67,73631.57,0,0.0,0
534,TRANSFER,88757.82,C6458544482,90229.83,1472.01,M6384311581,0.0,0.0,1,0.3333333333333333,0
172,PAYMENT,3970.43,C8923555411,35714.54,31744.11,M6101516825,0.0,0.0,0,0.0,0
435,CASH_OUT,283.82,C7635473142,296.85,13.03,C3106408413,10.82,10.82,1,0.05,0
699,CASH_OUT,220319.75,C7085004726,207040.97,0.0,C4152835101,15103.83,15103.83,1,0.15666666666666668,0
119,CASH_OUT,1371.64,C6463640105,1528.89,157.25,C9544423456,33392.04,33392.04,0,0.0,0
3,PAYMENT,275.85,C4508521152,378.9,103.05,M7168105904,0.0,0.0,0,0.0,0
691,CASH_OUT,4043.57,C8351491401,3502.63,0.0,C2079770569,99.62,99.62,1,0.21333333333333335,0
261,TRANSFER,106299.94,C2869999754,138442.29,32142.35,M1257854279,0.0,0.0,1,0.25333333333333335,0
706,TRANSFER,136.34,C1553753599,169.17,32.83,C5306459450,73766.25,73766.25,1,0.0,0
408,TRANSFER,82779.73,C8182649048,111588.78,28809.05,M3369412470,0.0,0.0,1,0.27666666666666667,0
645,CASH_OUT,4621.25,C8925520026,4191.33,0.0,M9581187661,0.0,0.0,1,0.25,0
667,TRANSFER,1.0,C7333316743,0.0,0.0,C2914590233,0.0,1.0,0,0.22,0
516,PAYMENT,1.0,C8339176912,0.0,0.0,M6101516825,0.0,0.0,0,0.0,0
157,CASH_IN,1491.5,C5633956194,0.0,1491.5,C5071218314,35562.96,35562.96,0,0.0,0
266,CASH_OUT,1.0,C6929897032,0.0,0.0,C1519709079,0.0,0.0,0,0.02666666666666667,0
166,CASH_OUT,7394.35,C1589582865,7367.11,0.0,C7979466538,2240.64,2240.64,1,0.08333333333333333,0
367,PAYMENT,8819.82,C5333183840,20903.41,12083.59,M1857561275,0.0,0.0,0,0.0,0
77,TRANSFER,4968.27,C1678500147,16480.89,11512.62,C9922723063,26581.09,31549.36,0,0.0,0
359,PAYMENT,1.02,C6334440295,2843.73,2842.71,M2328736852,0.0,0.0,0,0.0,0
399,CASH_OUT,13360.57,C1678500147,11512.62,0.0,M1357561213,0.0,0.0,1,0.12,0
185,PAYMENT,323.2,C1106456634,770.39,447.19,M6786043791,0.0,0.0,0,0.0,0
702,TRANSFER,3683.33,C8275679594,4643.75,960.42,M6606958660,0.0,0.0,1,0.31,0
590,PAYMENT,20621.66,C7481631841,145025.73,124404.07,M9977193987,0.0,0.0,0,0.0,0
69,TRANSFER,2907.32,C4776436931,3055.27,147.95,M8058679999,0.0,0.0,1,0.39666666666666667,0
553,TRANSFER,6365.68,C6246716604,12142.02,5776.34,C4070964768,204717.37,211083.05,0,0.0033333333333333335,0
89,DEBIT,93.46,C4131575764,137.13,43.67,M8910440683,0.0,0.0,0,0.016666666666666666,0
669,TRANSFER,692.43,C9922723063,31549.36,30856.93,C1754368373,25926.18,26618.61,0,0.0,0
391,PAYMENT,1.0,C1124331395,0.0,0.0,M7437168216,0.0,0.0,0,0.0,0
411,DEBIT,4325.36,C1770278136,15865.23,11539.87,M7678293431,0.0,0.0,0,0.02666666666666667,0
309,PAYMENT,829.53,C9711080868,122197.88,121368.35,M8861351706,0.0,0.0,0,0.0,0
333,CASH_OUT,1.0,C7579604766,0.0,0.0,C6300607425,540.77,540.77,0,0.03333333333333333,0
610,TRANSFER,9952.36,C7475684019,97988.58,88036.22,C9379439373,161347.86,171300.22,0,0.0,0
417,PAYMENT,53.72,C7949795085,78.88,25.16,M1083302600,0.0,0.0,0,0.0,0
355,CASH_OUT,1448.92,C1643611097,2060.3,611.38,C3746317213,38438.46,38438.46,1,0.0,0
91,TRANSFER,69.27,C6844582171,96.15,26.88,M8858274691,0.0,0.0,1,0.16666666666666666,0
472,PAYMENT,3182.64,C8168036130,15090.68,11908.04,M1099218439,0.0,0.0,0,0.0,0
410,CASH_OUT,28000.76,C6649827836,28410.97,410.21,M8218146534,0.0,0.0,1,0.02,0
17,PAYMENT,733.8,C6673381261,52291.84,51558.04,M3145756342,0.0,0.0,0,0.0,0
424,PAYMENT,1.0,C9274189261,0.0,0.0,M4554178984,0.0,0.0,0,0.0,0
416,PAYMENT,1.0,C7757700186,1.17,0.17,M5412437658,0.0,0.0,0,0.0,0
522,CASH_OUT,58.8,C8287542751,84.68,25.88,C2424706705,60973.88,60973.88,0,0.016666666666666666,0
400,CASH_OUT,31742.52,C6534540349,62700.86,30958.34,C8133593748,260.87,260.87,0,0.0,0
200,TRANSFER,8094.19,C3614915281,10562.75,2468.56,C9035194895,41291.79,41291.79,1,0.0,0
575,DEBIT,101.25,C7467073633,123.12,21.87,M8861351706,0.0,0.0,0,0.03333333333333333,0
2,TRANSFER,93442.36,C6640801643,95025.85,1583.49,M8144889126,0.0,0.0,1,0.15666666666666668,0
618,TRANSFER,3285.94,C2777816561,3745.33,459.39,M7453081889,0.0,0.0,1,0.30666666666666664,0
426,CASH_OUT,431.14,C8709361138,969.49,538.35,C5703357871,3560.51,3560.51,0,0.043333333333333335,0
708,CASH_OUT,50042.39,C7894019119,44667.18,0.0,M9255306810,0.0,0.0,1,0.11333333333333333,0
470,CASH_OUT,1.0,C8316648259,0.0,0.0,C6392415228,170717.34,170717.34,0,0.0033333333333333335,0
580,PAYMENT,141.97,C9432088993,213.33,71.36,M6692705133,0.0,0.0,0,0.0,0
195,TRANSFER,272.84,C6952291828,377.38,104.54,M1099218439,0.0,0.0,1,0.15666666666666668,0
344,PAYMENT,657.67,C1230624431,16165.6,15507.93,M7168105904,0.0,0.0,0,0.0,0
228,CASH_OUT,123207.57,C8691288568,115734.0,0.0,C2423995953,0.0,0.0,1,0.04666666666666667,0
73,TRANSFER,2966.27,C2041349374,2644.94,0.0,M5919148165,0.0,0.0,1,0.81,1
240,TRANSFER,1.0,C8001729836,0.0,0.0,C1205082311,13495.31,13496.31,0,0.0,0
720,PAYMENT,7905.99,C2331039957,34822.34,26916.35,M2136107759,0.0,0.0,0,0.0033333333333333335,0
158,PAYMENT,702.06,C8721631198,112923.73,112221.67,M1466305100,0.0,0.0,0,0.0,0
210,TRANSFER,3811.43,C6922713963,3927.4,115.97,C3791027186,79962.12,79962.12,1,0.0,0
70,TRANSFER,20639.68,C4431078106,19276.81,0.0,M9896529524,0.0,0.0,1,0.8666666666666667,1
250,TRANSFER,32694.34,C1364994639,147208.13,114513.79,C5694628398,0.0,32694.34,0,0.0,0
480,PAYMENT,1142.44,C6725038117,107749.05,106606.61,M7537130187,0.0,0.0,0,0.0,0
8,CASH_OUT,1.0,C5010075517,0.0,0.0,C6204041308,446.72,446.72,0,0.0033333333333333335,0
418,PAYMENT,15144.55,C3645901955,18646.18,3501.63,M3469205576,0.0,0.0,0,0.0,0
386,PAYMENT,1.0,C7805745017,0.0,0.0,M6583604299,0.0,0.0,0,0.0,0
541,CASH_OUT,1612.65,C4660390742,1640.52,27.87,C8180620422,0.0,0.0,1,0.043333333333333335,0
602,PAYMENT,398.88,C2811967841,681.33,282.45,M7050091525,0.0,0.0,0,0.0,0
65,TRANSFER,118810.74,C2242377075,116089.62,0.0,C8480622107,150.12,150.12,1,0.45666666666666667,0
297,TRANSFER,1.0,C1039262289,0.0,0.0,C7533932947,146315.71,146316.71,0,0.0,0
649,PAYMENT,6.17,C7832220535,49522.79,49516.62,M3072183247,0.0,0.0,0,0.0,0
346,CASH_IN,9086.5,C1756345332,0.0,9086.5,C3207160929,0.0,0.0,0,0.0,0
348,TRANSFER,161154.31,C7763765757,144806.93,0.0,M4689605624,0.0,0.0,1,0.95,1
585,TRANSFER,1.52,C7825844140,3.7,2.18,C3693985578,158429.77,158431.29,0,0.0,0
666,TRANSFER,21978.54,C9958044697,24726.03,2747.49,M3965860354,0.0,0.0,1,0.33,0
701,CASH_OUT,384.83,C7340428136,50724.64,50339.81,C5333183840,12083.59,12083.59,0,0.0,0
539,CASH_IN,116390.0,C4853479481,0.0,116390.0,C6720396142,232.7,232.7,0,0.0,0
668,PAYMENT,15.2,C4302709858,72.22,57.02,M1802753761,0.0,0.0,0,0.0,0
328,TRANSFER,381.23,C9986353481,750.17,368.94,C6633778586,0.0,381.23,0,0.006666666666666667,0
163,TRANSFER,2789.65,C5578056564,3649.87,860.22,C8265834251,6572.06,6572.06,1,0.0,0
547,TRANSFER,5693.77,C4472312361,6015.39,321.62,M8458323087,0.0,0.0,1,0.34,0
122,CASH_OUT,1.0,C5641959772,0.0,0.0,C5281907480,13247.63,13247.63,0,0.0,0
282,PAYMENT,2535.39,C5083595988,3813.6,1278.21,M4689605624,0.0,0.0,0,0.0,0
103,DEBIT,2330.24,C1036351450,3942.47,1612.23,M8058679999,0.0,0.0,0,0.016666666666666666,0
691,TRANSFER,216.65,C4864126433,364.58,147.93,C9597198563,118457.71,118674.36,0,0.0,0
124,PAYMENT,1.0,C4572433066,0.0,0.0,M6894024976,0.0,0.0,0,0.0,0
380,TRANSFER,145078.37,C5508149905,151894.74,6816.37,M3145756342,0.0,0.0,1,0.29333333333333333,0
278,TRANSFER,5096.04,C6557907251,11263.27,6167.23,C9410288290,16239.8,21335.84,0,0.0,0
234,PAYMENT,1.0,C8477300991,0.0,0.0,M6199197408,0.0,0.0,0,0.0,0
98,TRANSFER,1.0,C6656646925,0.0,0.0,C3777580509,0.0,1.0,0,0.23,0
282,TRANSFER,935.73,C3645901955,3501.63,2565.9,C7002076563,540.66,1476.39,0,0.0,0
79,PAYMENT,27.58,C1446362270,48.05,20.47,M8768773991,0.0,0.0,0,0.0,0
455,PAYMENT,9638.85,C4745927824,21747.49,12108.64,M5315720088,0.0,0.0,0,0.0,0
262,CASH_IN,71.1,C6081137534,0.0,71.1,C1639509845,8919.23,8919.23,0,0.0,0
530,CASH_OUT,15463.16,C7462972995,13815.12,0.0,M6041646576,0.0,0.0,1,0.18333333333333332,0
645,PAYMENT,1.0,C6037168610,0.0,0.0,M5694439775,0.0,0.0,0,0.0,0
303,TRANSFER,14962.39,C3400244542,48263.76,33301.37,C2311597141,4450.13,19412.52,0,0.0,0
336,PAYMENT,2871.98,C2752536389,3200.55,328.57,M8903212516,0.0,0.0,0,0.0,0
605,TRANSFER,7593.71,C8203447752,91521.2,83927.49,C5903457537,833.29,8427.0,0,0.0,0
284,PAYMENT,123.94,C8106906538,89057.7,88933.76,M6200141898,0.0,0.0,0,0.0,0
89,CASH_OUT,5347.52,C3694860228,4734.57,0.0,M5990749811,0.0,0.0,1,0.043333333333333335,0
5,DEBIT,13764.91,C8257484586,112882.34,99117.43,M8667946580,0.0,0.0,0,0.006666666666666667,0
275,PAYMENT,1.0,C1248704157,0.0,0.0,M1783432867,0.0,0.0,0,0.0,0
657,DEBIT,529.93,C7083067988,4745.48,4215.55,M7861571879,0.0,0.0,0,0.02666666666666667,0
317,DEBIT,1.0,C4172006012,0.0,0.0,M6846530109,0.0,0.0,0,0.04,0
588,PAYMENT,1231.56,C2612579345,2817.55,1585.99,M4306983924,0.0,0.0,0,0.0,0
263,TRANSFER,1789.76,C8612747444,2413.79,624.03,M7341757401,0.0,0.0,1,0.18666666666666668,0
585,PAYMENT,1.0,C3837784389,0.0,0.0,M6583604299,0.0,0.0,0,0.0,0
597,CASH_OUT,105421.84,C4022360089,90825.47,0.0,M7764117705,0.0,0.0,1,0.18666666666666668,0
489,PAYMENT,19551.67,C6726515966,93013.18,73461.51,M2586712032,0.0,0.0,0,0.0,0
30,TRANSFER,32932.43,C5175416378,29617.77,0.0,M2635881694,0.0,0.0,1,0.72,1
249,PAYMENT,15041.06,C5625980561,154068.33,139027.27,M7969674420,0.0,0.0,0,0.0,0
569,CASH_OUT,9490.1,C2183906581,67544.31,58054.21,C2095286033,153777.73,153777.73,0,0.0,0
671,CASH_OUT,292.74,C5778781449,251.47,0.0,C1519709079,0.0,0.0,1,0.07,0
91,CASH_OUT,16042.86,C3780439666,80338.24,64295.38,C2076341629,0.0,0.0,0,0.0,0
355,DEBIT,1.0,C5641959772,0.0,0.0,M8058679999,0.0,0.0,0,0.04,0
400,PAYMENT,9.55,C9248574674,11.7,2.15,M7351460539,0.0,0.0,0,0.0,0
144,CASH_OUT,247.55,C5659161352,284.93,37.38,M7702529931,0.0,0.0,1,0.0,0
581,CASH_OUT,583.54,C8236980551,528.49,0.0,M7717262223,0.0,0.0,1,0.13666666666666666,0
420,TRANSFER,94798.75,C8695129534,104115.54,9316.79,C3875303857,30605.75,30605.75,1,0.0033333333333333335,0
244,CASH_OUT,6486.95,C3149484176,6342.31,0.0,C8906163641,146727.05,146727.05,1,0.023333333333333334,0
529,TRANSFER,1.0,C6944371787,0.0,0.0,C2389803385,0.0,1.0,0,0.22333333333333333,0
196,CASH_OUT,1.0,C3365835550,0.0,0.0,C7573691558,48467.66,48467.66,0,0.0,0
618,CASH_OUT,376.53,C2777816561,459.39,82.86,C4485356009,28.38,28.38,0,0.03333333333333333,0
127,PAYMENT,885.9,C9379439373,171300.22,170414.32,M9576264323,0.0,0.0,0,0.0,0
597,CASH_OUT,16.89,C5710360983,4049.24,4032.35,C2350701477,0.0,0.0,0,0.023333333333333334,0
8,TRANSFER,1798.54,C5381866906,1684.53,0.0,M6401844042,0.0,0.0,1,0.37666666666666665,0
581,PAYMENT,1.0,C1485574228,0.0,0.0,M8821456242,0.0,0.0,0,0.0,0
341,PAYMENT,114.68,C4277561834,503.08,388.4,M2778069478,0.0,0.0,0,0.0,0
613,CASH_OUT,28108.27,C9526836552,30208.49,2100.22,M6282009986,0.0,0.0,1,0.013333333333333334,0
8,CASH_OUT,4460.17,C1045302356,3860.96,0.0,M2586712032,0.0,0.0,1,0.04,0
198,PAYMENT,385.46,C8674224347,1131.16,745.7,M8235474949,0.0,0.0,0,0.0,0
137,DEBIT,1.0,C1707196784,0.0,0.0,M6041646576,0.0,0.0,0,0.02666666666666667,0
456,PAYMENT,20669.98,C6583444930,179261.74,158591.76,M8138332494,0.0,0.0,0,0.0,0
469,TRANSFER,15313.93,C4956843441,20979.31,5665.38,C3716924538,4.94,15318.87,0,0.0033333333333333335,0
690,TRANSFER,20811.22,C7920516981,41271.16,20459.94,C6859286614,168465.45,189276.67,0,0.0,0
279,TRANSFER,33685.14,C7691931213,45113.67,11428.53,C8934097788,193389.27,227074.41,0,0.0,0
688,PAYMENT,2151.39,C8299146480,7312.86,5161.47,M9288057824,0.0,0.0,0,0.0,0
168,CASH_OUT,4149.82,C4990452762,5223.57,1073.75,C1248786714,33071.72,33071.72,0,0.0033333333333333335,0
484,PAYMENT,463.33,C1847275937,798.19,334.86,M8458323087,0.0,0.0,0,0.0,0
303,TRANSFER,5606.71,C8823677798,6583.09,976.38,C1261903104,0.0,5606.71,0,0.0,0
550,CASH_OUT,229.56,C2379592595,356.57,127.01,C7460728316,238.84,238.84,0,0.02666666666666667,0
377,PAYMENT,206.98,C6027311960,726.32,519.34,M4399143287,0.0,0.0,0,0.0,0
591,CASH_OUT,1654.38,C9085085822,2234.6,580.22,M7713758036,0.0,0.0,1,0.02666666666666667,0
23,CASH_OUT,142870.89,C3521166052,177281.79,34410.9,M1783432867,0.0,0.0,1,0.0,0
179,CASH_OUT,1.0,C8377088167,0.0,0.0,C8076527214,41334.7,41334.7,0,0.0,0
400,CASH_OUT,60.5,C4638577630,54.0,0.0,M7678293431,0.0,0.0,1,0.03666666666666667,0
190,TRANSFER,518.58,C1799718923,716.56,197.98,C3528924461,108000.35,108000.35,1,0.0,0
12,TRANSFER,128.43,C4736031885,135.19,6.76,M7341757401,0.0,0.0,1,0.13666666666666666,0
255,PAYMENT,18183.96,C6305160342,18558.86,374.9,M4329446784,0.0,0.0,0,0.0,0
609,CASH_IN,22082.53,C6611356986,23861.56,45944.09,C8663837890,0.0,0.0,0,0.0,0
499,CASH_OUT,5729.26,C7415801613,10338.07,4608.81,C8380507338,54.14,54.14,0,0.016666666666666666,0
4,PAYMENT,3130.46,C9798613995,3494.88,364.42,M9581187661,0.0,0.0,0,0.0,0
649,CASH_OUT,15724.54,C4106464319,17565.04,1840.5,C7473868020,7957.77,7957.77,0,0.0,0
286,PAYMENT,8028.41,C2247484671,16533.75,8505.34,M8443061472,0.0,0.0,0,0.0,0
382,CASH_OUT,23828.55,C8625905455,26417.93,2589.38,C5281907480,13247.63,13247.63,1,0.0,0
327,PAYMENT,1.0,C9303285822,0.0,0.0,M2916502228,0.0,0.0,0,0.0,0
610,CASH_OUT,9062.4,C3293560436,8016.97,0.0,C7801180691,180130.56,180130.56,1,0.016666666666666666,0
352,PAYMENT,1741.24,C7380780055,7603.1,5861.86,M6130446648,0.0,0.0,0,0.0,0
76,CASH_OUT,958.85,C6792661894,2532.1,1573.25,C7882206934,134168.24,134168.24,0,0.006666666666666667,0
384,DEBIT,1.0,C7529817193,0.0,0.0,M7651029165,0.0,0.0,0,0.043333333333333335,0
192,CASH_OUT,168180.1,C1722124509,151351.49,0.0,M2243802345,0.0,0.0,1,0.013333333333333334,0
578,PAYMENT,226.03,C7551874474,49008.9,48782.87,M3605446007,0.0,0.0,0,0.0,0
233,CASH_OUT,1.0,C4682870880,0.0,0.0,C4794276323,218234.61,218234.61,0,0.0,0
468,CASH_OUT,3875.54,C8493451569,4615.84,740.3,C8721631198,112221.67,112221.67,1,0.01,0
198,PAYMENT,457.11,C4558302256,814.49,357.38,M3355504998,0.0,0.0,0,0.0,0
375,PAYMENT,1.0,C3887823121,0.87,0.0,M9404002665,0.0,0.0,0,0.0,0
559,CASH_OUT,15828.58,C3946766309,37673.33,21844.75,C6474354351,36678.96,36678.96,0,0.0,0
290,TRANSFER,1393.45,C1736086849,1428.95,35.5,C2848792488,5353.25,6746.7,1,0.0,0
499,PAYMENT,4050.93,C8235717104,59342.13,55291.2,M5794335854,0.0,0.0,0,0.0,0
353,TRANSFER,323.1,C8575707116,395.87,72.77,C4037270171,12346.72,12669.82,0,0.0,0
376,TRANSFER,4476.81,C2250949136,4550.02,73.21,C3946766309,21844.75,21844.75,1,0.0,0
552,CASH_OUT,534.58,C6142469284,1131.61,597.03,C9626333315,993.66,993.66,0,0.02,0
409,PAYMENT,3532.48,C9470922075,9926.89,6394.41,M7717262223,0.0,0.0,0,0.0,0
111,TRANSFER,3648.29,C1818112342,4970.56,1322.27,M4460319291,0.0,0.0,1,0.2,0
490,PAYMENT,14373.49,C7481631841,124404.07,110030.58,M2711123163,0.0,0.0,0,0.0,0
599,CASH_OUT,11148.57,C4322510552,32319.35,21170.78,C9611537583,22188.81,22188.81,0,0.0,0
537,CASH_OUT,11.56,C1446362270,20.47,8.91,C4594787485,42.89,42.89,0,0.03,0
583,CASH_IN,61616.4,C3707166618,66696.39,128312.79,C8382488970,0.0,0.0,0,0.0,0
518,TRANSFER,239.08,C9085085822,580.22,341.14,C1613549255,716.34,955.42,0,0.02666666666666667,0
179,PAYMENT,3643.55,C2801177461,4384.47,740.92,M8910440683,0.0,0.0,0,0.0,0
482,PAYMENT,181.05,C3667292043,359.27,178.22,M6282009986,0.0,0.0,0,0.0,0
269,PAYMENT,17828.93,C3589530484,36103.18,18274.25,M3438830691,0.0,0.0,0,0.0,0
117,PAYMENT,1.0,C3660223333,0.0,0.0,M9398575277,0.0,0.0,0,0.0,0
240,PAYMENT,1.0,C7150970643,0.0,0.0,M6865994703,0.0,0.0,0,0.0,0
49,CASH_OUT,15056.8,C2064803502,34518.54,19461.74,C4022360089,0.0,0.0,0,0.0,0
111,PAYMENT,1.0,C2283298067,1.0,0.0,M3965860354,0.0,0.0,0,0.0033333333333333335,0
105,CASH_OUT,22754.99,C6991473746,34447.93,11692.94,C8048810275,0.0,0.0,0,0.0,0
475,TRANSFER,16951.43,C5872148707,16205.92,0.0,C4470591645,1158.86,18110.29,1,0.08333333333333333,0
397,CASH_OUT,1237.26,C5082603360,2574.72,1337.46,C5638860656,54845.25,54845.25,0,0.0033333333333333335,0
158,DEBIT,11115.97,C3334938378,17902.23,6786.26,M3960136787,0.0,0.0,0,0.02,0
201,PAYMENT,329.47,C8236361108,104455.88,104126.41,M1676220116,0.0,0.0,0,0.0,0
185,TRANSFER,383520.51,C7527316141,373708.81,0.0,M1240140248,0.0,0.0,1,0.9933333333333333,1
62,TRANSFER,6965.78,C8265834251,6572.06,0.0,C6244338653,1408.82,1408.82,1,0.10333333333333333,0
261,TRANSFER,1.0,C3772636814,0.0,0.0,C4073772623,0.0,1.0,0,0.23333333333333334,0
498,CASH_OUT,602.93,C8493451569,740.3,137.37,C9081544414,13673.49,13673.49,1,0.01,0
193,CASH_OUT,10588.34,C2699887270,10408.38,0.0,C1039262289,0.0,0.0,1,0.07,0
595,CASH_IN,7041.39,C6789292252,0.0,7041.39,C1242425303,31408.23,31408.23,0,0.0,0
602,PAYMENT,121.56,C8480622107,150.12,28.56,M2635881694,0.0,0.0,0,0.0,0
510,CASH_OUT,2865.04,C5694848867,2656.57,0.0,C4098389895,425.71,425.71,1,0.17,0
486,CASH_OUT,1266.72,C4067213499,1491.26,224.54,C5161807235,23770.63,23770.63,1,0.02,0
538,TRANSFER,444.56,C7699500243,494.17,49.61,C6619138852,0.0,0.0,1,0.17666666666666667,0
588,CASH_OUT,8140.85,C3360791536,10524.39,2383.54,C6009268066,0.0,0.0,1,0.02,0
298,CASH_IN,37407.4,C4203205881,174.14,37581.54,C2349641712,0.0,0.0,0,0.0,0
580,PAYMENT,1.0,C4735313433,0.0,0.0,M5067400473,0.0,0.0,0,0.0,0
249,CASH_OUT,2422.07,C7470843264,2320.73,0.0,C7573691558,48467.66,48467.66,1,0.02,0
177,TRANSFER,1.0,C8309221034,0.0,0.0,C6719736115,164630.74,164631.74,0,0.0,0
95,PAYMENT,97.4,C6633778586,381.23,283.83,M6651754819,0.0,0.0,0,0.0,0
672,TRANSFER,701.69,C7079234115,871.55,169.86,M9590331226,0.0,0.0,1,0.14666666666666667,0
33,CASH_OUT,1.0,C8351491401,0.0,0.0,C8257484586,99117.43,99117.43,0,0.0,0
236,PAYMENT,833.9,C6837975356,1741.49,907.59,M1099218439,0.0,0.0,0,0.0,0
630,CASH_OUT,116992.33,C4178659381,127796.81,10804.48,M9776500600,0.0,0.0,1,0.013333333333333334,0
294,PAYMENT,1081.75,C7452729913,191715.71,190633.96,M5794335854,0.0,0.0,0,0.0,0
437,PAYMENT,3751.5,C4752171298,39018.66,35267.16,M7341757401,0.0,0.0,0,0.0,0
652,CASH_OUT,1041.46,C8477300991,873.57,0.0,C1287814151,0.0,0.0,1,0.21,0
680,CASH_OUT,79.41,C4600630513,86.42,7.01,C2962750929,612.95,612.95,0,0.03,0
493,TRANSFER,65784.03,C2771211118,89068.38,23284.35,C5626388820,939.05,939.05,1,0.04666666666666667,0
285,TRANSFER,1580.94,C1494287462,5201.35,3620.41,C1121863227,28.07,1609.01,0,0.0,0
211,TRANSFER,48756.24,C2645272822,41447.97,0.0,M6041646576,0.0,0.0,1,0.7933333333333333,1
514,TRANSFER,348.0,C1276905285,981.65,633.65,C6142469284,597.03,945.03,0,0.02666666666666667,0
489,PAYMENT,4691.0,C1116402431,7295.2,2604.2,M4952177946,0.0,0.0,0,0.0,0
679,DEBIT,1.0,C5945359606,0.0,0.0,M7192742877,0.0,0.0,0,0.05,0
668,PAYMENT,14.11,C9579064478,19.21,5.1,M6361225622,0.0,0.0,0,0.0,0
352,CASH_OUT,1.0,C2041349374,0.0,0.0,C5536224717,62118.76,62118.76,0,0.0,0
72,CASH_OUT,5505.72,C4485356009,5004.26,0.0,C7059726570,5236.82,5236.82,1,0.01,0
216,TRANSFER,49033.08,C7098134112,57833.14,8800.06,M7537130187,0.0,0.0,1,0.22333333333333333,0
440,TRANSFER,30827.08,C6691628146,235586.61,204759.53,C7638836058,939.15,31766.23,0,0.0,0
294,PAYMENT,15315.33,C6859286614,189276.67,173961.34,M5315720088,0.0,0.0,0,0.0,0
15,TRANSFER,322.32,C9306142066,343.58,21.26,M3476758136,0.0,0.0,1,0.14333333333333334,0
698,CASH_OUT,1880.02,C8048810275,2556.2,676.18,C9285415473,28558.57,28558.57,1,0.006666666666666667,0
314,TRANSFER,1661.1,C5268845844,1806.66,145.56,C9165632300,0.0,1661.1,1,0.02,0
529,TRANSFER,31993.11,C9392515666,93039.67,61046.56,C5789617427,15869.36,47862.47,0,0.0,0
425,DEBIT,1862.25,C6317889312,3265.8,1403.55,M5000316394,0.0,0.0,0,0.03333333333333333,0
388,CASH_OUT,1.0,C1569113257,0.0,0.0,C7287517250,8474.07,8474.07,0,0.0,0
700,TRANSFER,1.0,C4656572173,0.0,0.0,C1039887139,0.0,1.0,0,0.22,0
678,PAYMENT,1.0,C5150074940,0.0,0.0,M6282009986,0.0,0.0,0,0.0,0
28,CASH_OUT,4624.3,C2068687175,4941.57,317.27,M1692044390,0.0,0.0,1,0.0033333333333333335,0
5,CASH_OUT,10878.36,C7845366946,12369.19,1490.83,C1116402431,2604.2,2604.2,1,0.02,0
171,TRANSFER,3232.35,C3722583581,2709.56,0.0,C9911329062,212320.32,215552.67,1,0.01,0
585,PAYMENT,17453.05,C4440904834,20784.62,3331.57,M6846530109,0.0,0.0,0,0.0,0
120,PAYMENT,1.0,C6704841644,0.0,0.0,M5794335854,0.0,0.0,0,0.0,0
270,CASH_OUT,1.0,C5704029171,0.0,0.0,C2350701477,0.0,0.0,0,0.02666666666666667,0
125,PAYMENT,3683.49,C6317189421,124341.61,120658.12,M5937271321,0.0,0.0,0,0.0,0
60,TRANSFER,4.04,C5294535887,7.39,3.35,C1173215225,9733.07,9737.11,0,0.0,0
440,PAYMENT,1.0,C5118430494,0.0,0.0,M7678293431,0.0,0.0,0,0.0,0
357,TRANSFER,2474.76,C4734111722,2090.82,0.0,C9798613995,364.42,2839.18,1,0.06666666666666667,0
475,CASH_IN,67368.44,C3371357111,3500.86,70869.3,C2866092821,62.29,62.29,0,0.0,0
358,CASH_OUT,4788.02,C8373547961,4767.95,0.0,M7512767226,0.0,0.0,1,0.13666666666666666,0
651,PAYMENT,6363.34,C6884333221,93738.44,87375.1,M6199197408,0.0,0.0,0,0.0,0
388,CASH_OUT,1.0,C9274189261,0.0,0.0,C6300607425,540.77,540.77,0,0.03333333333333333,0
629,PAYMENT,1.0,C2178158203,0.18,0.0,M2303835765,0.0,0.0,0,0.0,0
14,PAYMENT,1.0,C2389803385,1.0,0.0,M6275155878,0.0,0.0,0,0.0,0
278,PAYMENT,1.0,C7556046460,1.0,0.0,M6515490818,0.0,0.0,0,0.0,0
196,PAYMENT,1.0,C1383539822,0.0,0.0,M8030400668,0.0,0.0,0,0.0,0
438,DEBIT,1579.88,C2017675569,4427.82,2847.94,M3536590481,0.0,0.0,0,0.03,0
241,TRANSFER,2275.15,C1590838716,2572.13,296.98,M9444143872,0.0,0.0,1,0.19666666666666666,0
432,PAYMENT,17.4,C1983297492,54406.87,54389.47,M6999146585,0.0,0.0,0,0.0,0
360,CASH_OUT,157544.37,C2785736751,317160.84,159616.47,C8933377472,65544.15,65544.15,0,0.0,0
167,PAYMENT,1.0,C5744003377,0.0,0.0,M1676220116,0.0,0.0,0,0.0,0
212,TRANSFER,1.0,C6618965944,0.0,0.0,C4482238042,146652.12,146653.12,0,0.0,0
603,PAYMENT,114.76,C1551395583,82448.14,82333.38,M7532669066,0.0,0.0,0,0.0,0
328,PAYMENT,32.15,C4655730355,1253.07,1220.92,M2625035499,0.0,0.0,0,0.0,0
20,PAYMENT,1.0,C2918260963,0.0,0.0,M9026301048,0.0,0.0,0,0.0,0
707,CASH_OUT,1839.01,C5125568431,1884.65,45.64,C8556573246,82387.67,82387.67,1,0.016666666666666666,0
503,TRANSFER,58.6,C4014119648,60.54,1.94,C3163970710,161964.82,161964.82,1,0.0033333333333333335,0
17,TRANSFER,1079.5,C1654602021,1221.93,142.43,M4896576569,0.0,0.0,1,0.15333333333333332,0
693,TRANSFER,2570.81,C6714723660,3162.58,591.77,M7341757401,0.0,0.0,1,0.2733333333333333,0
287,PAYMENT,18023.58,C6320115677,39574.31,21550.73,M1666898313,0.0,0.0,0,0.0,0
460,TRANSFER,695.01,C6415031531,960.47,265.46,C4022360089,0.0,0.0,1,0.15,0
412,TRANSFER,1556.59,C7296658772,1965.58,408.99,M3119908041,0.0,0.0,1,0.22333333333333333,0
81,TRANSFER,1.0,C8316205130,0.0,0.0,C8257484586,99117.43,99118.43,0,0.0,0
480,CASH_OUT,1.0,C3887823121,0.0,0.0,C8241550421,0.0,0.0,0,0.08666666666666667,0
1,PAYMENT,3978.79,C7533932947,146316.71,142337.92,M2303835765,0.0,0.0,0,0.0,0
398,CASH_OUT,1118.87,C5633956194,1491.5,372.63,C9868845806,11568.78,11568.78,1,0.0,0
570,CASH_OUT,30043.16,C7823288650,25172.28,0.0,C4482141802,0.0,0.0,1,0.12333333333333334,0
442,PAYMENT,1.0,C7910439839,0.0,0.0,M5449848690,0.0,0.0,0,0.0,0
229,TRANSFER,1.0,C2388450337,0.0,0.0,C9123612497,6578.74,6579.74,0,0.0,0
138,TRANSFER,1.0,C1569113257,0.0,0.0,C9462806178,35407.49,35408.49,0,0.0,0
676,TRANSFER,1309.78,C3097302637,1495.13,185.35,C4277581356,6.11,1315.89,0,0.04666666666666667,0
676,TRANSFER,1038.78,C7431813987,996.87,0.0,C3591527330,106164.1,107202.88,1,0.013333333333333334,0
427,CASH_OUT,1.0,C8730507757,0.0,0.0,C2389803385,0.0,0.0,0,0.08666666666666667,0
352,PAYMENT,15291.91,C4466589567,191709.64,176417.73,M8325043570,0.0,0.0,0,0.0,0
359,TRANSFER,6723.37,C2405746777,14119.41,7396.04,C7664258343,686.33,7409.7,0,0.0,0
642,PAYMENT,1.0,C3258354191,0.0,0.0,M5270048042,0.0,0.0,0,0.0,0
41,PAYMENT,23967.59,C9035194895,41291.79,17324.2,M5270048042,0.0,0.0,0,0.0,0
560,TRANSFER,5775.19,C5744003377,4944.97,0.0,M5959736235,0.0,0.0,1,0.9566666666666667,1
454,PAYMENT,7627.13,C7146318035,19887.41,12260.28,M4456193555,0.0,0.0,0,0.0,0
703,PAYMENT,94.9,C7685540186,8012.83,7917.93,M6865994703,0.0,0.0,0,0.0,0
571,CASH_OUT,414.08,C1106456634,447.19,33.11,C8940731272,0.0,0.0,1,0.043333333333333335,0
7,CASH_OUT,21830.4,C5161807235,23770.63,1940.23,M7717262223,0.0,0.0,1,0.0033333333333333335,0
328,CASH_IN,53643.76,C4226113732,0.0,53643.76,C6674372082,1302.7,1302.7,0,0.0,0
68,TRANSFER,3842.91,C6241752544,17372.81,13529.9,C4131575764,43.67,3886.58,0,0.0,0
16,PAYMENT,1.0,C7763765757,0.0,0.0,M5156392601,0.0,0.0,0,0.0,0
173,PAYMENT,1240.67,C4282810353,8310.29,7069.62,M8443061472,0.0,0.0,0,0.0,0
9,CASH_OUT,501.83,C6362597344,462.35,0.0,C9467483275,13999.75,13999.75,1,0.01,0
112,TRANSFER,1.0,C4538382315,0.0,0.0,C6619138852,0.0,1.0,0,0.22666666666666666,0
478,DEBIT,1.0,C1091729577,0.0,0.0,M5585110649,0.0,0.0,0,0.05,0
431,PAYMENT,12564.34,C7393195616,34029.18,21464.84,M9620935604,0.0,0.0,0,0.0,0
318,TRANSFER,51949.43,C3880327491,76797.27,24847.84,C3713284816,0.0,51949.43,0,0.0,0
201,TRANSFER,23942.27,C8867077130,20965.56,0.0,M5990749811,0.0,0.0,1,0.7633333333333333,1
645,PAYMENT,12972.18,C5439176290,120282.48,107310.3,M1442421654,0.0,0.0,0,0.0,0
705,CASH_OUT,3232.64,C1600566083,3984.08,751.44,M7168105904,0.0,0.0,1,0.02666666666666667,0
135,PAYMENT,7163.59,C3074232200,68021.09,60857.5,M3457877922,0.0,0.0,0,0.0,0
548,CASH_OUT,153591.2,C4353689019,221404.48,67813.28,C8236361108,104126.41,104126.41,0,0.0,0
139,PAYMENT,228.78,C6142469284,945.03,716.25,M8626371177,0.0,0.0,0,0.0,0
588,CASH_OUT,139630.97,C9981691030,163892.0,24261.03,C6894808149,1445.48,1445.48,0,0.0,0
691,TRANSFER,81.49,C8497938394,74.6,0.0,C8902275119,0.0,0.0,1,0.23,0
304,CASH_OUT,1483.2,C2428156550,2789.34,1306.14,C8131923452,8750.24,8750.24,0,0.0,0
328,DEBIT,1.0,C9856756553,0.0,0.0,M6525576685,0.0,0.0,0,0.04,0
642,PAYMENT,15.69,C7691931213,11428.53,11412.84,M1857561275,0.0,0.0,0,0.0,0
422,PAYMENT,1578.07,C2073108894,4194.19,2616.12,M3223687972,0.0,0.0,0,0.0,0
230,PAYMENT,1.0,C2918260963,0.0,0.0,M8548290298,0.0,0.0,0,0.0,0
180,TRANSFER,1.0,C4656572173,0.0,0.0,C6102144947,69567.31,69568.31,0,0.0,0
252,TRANSFER,3974.64,C7685540186,7917.93,3943.29,C3019214800,485.79,4460.43,0,0.0,0
369,TRANSFER,3798.61,C6161147047,5179.77,1381.16,C2620054076,0.0,3798.61,1,0.0,0
654,CASH_OUT,6280.92,C7736142481,7859.13,1578.21,C7668801906,11752.16,11752.16,0,0.006666666666666667,0
521,PAYMENT,244.9,C6065662867,301.37,56.47,M7537130187,0.0,0.0,0,0.0,0
342,CASH_OUT,1.0,C9837912162,0.0,0.0,C7004510516,5.51,5.51,0,0.023333333333333334,0
525,PAYMENT,1341.87,C4731897202,1791.69,449.82,M3313346852,0.0,0.0,0,0.0,0
71,TRANSFER,9.23,C6110943464,303.32,294.09,C6619138852,1.0,10.23,0,0.08333333333333333,0
131,CASH_OUT,83.55,C9155819200,102.84,19.29,C2928130926,4.6,4.6,1,0.0033333333333333335,0
640,CASH_OUT,99.59,C5604529187,141.96,42.37,C7832220535,49516.62,49516.62,1,0.013333333333333334,0
293,PAYMENT,11524.36,C6928691380,14127.32,2602.96,M7351460539,0.0,0.0,0,0.0,0
163,CASH_OUT,29112.55,C5673482258,35511.59,6399.04,C5144289583,1320.27,1320.27,1,0.0033333333333333335,0
383,CASH_IN,140253.18,C7934137693,0.0,140253.18,C7146318035,12260.28,12260.28,0,0.0,0
257,CASH_OUT,129244.29,C1602569046,163755.89,34511.6,M5937271321,0.0,0.0,1,0.0,0
622,TRANSFER,846.77,C3639796200,130466.03,129619.26,C7249213370,38794.56,39641.33,0,0.0,0
253,TRANSFER,93788.02,C3707166618,128312.79,34524.77,M3145756342,0.0,0.0,1,0.25,0
635,TRANSFER,4203.03,C8809871735,3972.97,0.0,M4093474499,0.0,0.0,1,0.95,1
613,CASH_OUT,4289.14,C6046864799,4398.39,109.25,M6041646576,0.0,0.0,1,0.056666666666666664,0
23,CASH_OUT,1838.08,C5659161352,2145.81,307.73,M2156184315,0.0,0.0,1,0.0,0
320,CASH_OUT,1.0,C8902275119,0.0,0.0,C7271954644,764.7,764.7,0,0.03,0
495,PAYMENT,1.0,C5759234471,0.0,0.0,M7713758036,0.0,0.0,0,0.0,0
373,PAYMENT,7283.96,C3338877621,8091.46,807.5,M3517195150,0.0,0.0,0,0.0,0
349,PAYMENT,1.0,C2914590233,1.0,0.0,M5694439775,0.0,0.0,0,0.0,0
672,PAYMENT,1.0,C1248704157,0.0,0.0,M7678293431,0.0,0.0,0,0.0,0
422,TRANSFER,1.0,C5976777081,0.0,0.0,C3392080953,11570.52,11571.52,0,0.006666666666666667,0
269,CASH_OUT,207.89,C2818381356,296.68,88.79,M1857561275,0.0,0.0,1,0.0033333333333333335,0
90,PAYMENT,1.0,C1417436465,0.0,0.0,M1442421654,0.0,0.0,0,0.0,0
446,CASH_OUT,85245.71,C9953941533,175414.87,90169.16,C5087357728,97646.3,97646.3,0,0.0,0
498,PAYMENT,1.0,C6072939882,0.0,0.0,M4035639663,0.0,0.0,0,0.0,0
351,CASH_OUT,4040.15,C7534583219,4824.91,784.76,M6101516825,0.0,0.0,1,0.013333333333333334,0
702,PAYMENT,7280.27,C9798548049,120598.8,113318.53,M6606958660,0.0,0.0,0,0.0,0
685,TRANSFER,35757.44,C4490722186,37233.05,1475.61,C1387652480,243.02,36000.46,1,0.01,0
388,TRANSFER,1.0,C8265834251,0.0,0.0,C2761091683,1852.5,1853.5,0,0.006666666666666667,0
373,TRANSFER,79.67,C8826851692,111.08,31.41,M8138332494,0.0,0.0,1,0.16,0
597,CASH_OUT,25406.23,C6048096802,31067.99,5661.76,M4306983924,0.0,0.0,1,0.013333333333333334,0
484,CASH_OUT,1.0,C9830946410,0.0,0.0,C8339176912,0.0,0.0,0,0.07666666666666666,0
18,DEBIT,1.29,C2140169349,3.4,2.11,M6894024976,0.0,0.0,0,0.02,0
693,PAYMENT,268.22,C3776011793,154988.37,154720.15,M5937271321,0.0,0.0,0,0.0,0
597,PAYMENT,2663.26,C1050899550,7321.37,4658.11,M6820149016,0.0,0.0,0,0.0,0
123,TRANSFER,199.04,C6000009225,235.12,36.08,C5400463094,134949.52,134949.52,1,0.0,0
111,TRANSFER,5015.23,C6761084958,4392.0,0.0,C2139078760,0.0,0.0,1,0.7966666666666666,1
245,PAYMENT,1383.68,C7475684019,88036.22,86652.54,M4689605624,0.0,0.0,0,0.0,0
119,TRANSFER,348.26,C5952894290,489.48,141.22,C6877052039,18435.51,18783.77,0,0.0,0
587,PAYMENT,2.1,C6477862024,6.89,4.79,M7514017540,0.0,0.0,0,0.0,0
153,CASH_OUT,1122.47,C2382129132,1394.75,272.28,M1458227039,0.0,0.0,1,0.0,0
383,CASH_OUT,3869.97,C4767539382,3653.75,0.0,M7948094928,0.0,0.0,1,0.14666666666666667,0
715,PAYMENT,7386.49,C4202607993,40822.48,33435.99,M3605446007,0.0,0.0,0,0.0,0
107,CASH_OUT,559.14,C1643611097,611.38,52.24,M9021793855,0.0,0.0,1,0.0033333333333333335,0
683,PAYMENT,1645.15,C8625774078,90969.93,89324.78,M1368287033,0.0,0.0,0,0.0,0
396,CASH_OUT,5459.81,C3476426797,85845.41,80385.6,C3412365931,52751.71,52751.71,0,0.0,0
134,PAYMENT,17633.67,C2616884203,114186.77,96553.1,M8458323087,0.0,0.0,0,0.0,0
292,TRANSFER,1.0,C4422700486,0.0,0.0,C6300607425,540.77,541.77,0,0.013333333333333334,0
237,TRANSFER,672.76,C5212581851,863.22,190.46,C2770980600,562.02,562.02,1,0.0,0
464,TRANSFER,7321.13,C3995732958,28272.6,20951.47,C1149460439,1699.11,9020.24,0,0.0,0
349,CASH_OUT,7083.72,C1654477195,6050.85,0.0,M2604788242,0.0,0.0,1,0.15,0
489,PAYMENT,8.75,C1600337712,32.7,23.95,M3355504998,0.0,0.0,0,0.0,0
435,PAYMENT,2393.57,C4311931853,8645.75,6252.18,M4865979921,0.0,0.0,0,0.0,0
601,TRANSFER,281.17,C8133593748,260.87,0.0,C3614915281,2468.56,2749.73,1,0.06,0
593,CASH_OUT,3207.03,C2464137110,3823.0,615.97,M5067400473,0.0,0.0,1,0.02666666666666667,0
591,PAYMENT,13413.09,C9086117171,88638.67,75225.58,M6659847491,0.0,0.0,0,0.0,0
668,PAYMENT,516.93,C3250402001,700.68,183.75,M9900829971,0.0,0.0,0,0.0,0
124,TRANSFER,1.0,C7567496105,0.0,0.0,C6000009225,36.08,37.08,0,0.15,0
1,TRANSFER,116.1,C5268845844,145.56,29.46,M5959736235,0.0,0.0,1,0.15666666666666668,0
455,PAYMENT,6655.89,C5275521470,16824.98,10169.09,M5794335854,0.0,0.0,0,0.0,0
488,TRANSFER,16723.36,C6588316233,22045.74,5322.38,C7638836058,31766.23,48489.59,1,0.0,0
532,TRANSFER,3.41,C5199176431,7067.67,7064.26,C3075362821,103634.0,103637.41,0,0.0033333333333333335,0
436,CASH_OUT,19659.14,C2646331504,33805.53,14146.39,C6923893872,329.12,329.12,0,0.0033333333333333335,0
22,TRANSFER,1.0,C4073772623,1.0,0.0,C1939042955,0.0,1.0,0,0.21333333333333335,0
187,TRANSFER,4080.52,C3958590550,4027.92,0.0,M9558906999,0.0,0.0,1,0.8,1
608,CASH_OUT,75991.52,C9945002229,80366.93,4375.41,M3476758136,0.0,0.0,1,0.016666666666666666,0
51,PAYMENT,1.0,C2266622851,0.0,0.0,M8626371177,0.0,0.0,0,0.0,0
595,CASH_OUT,3598.22,C2970753705,4585.54,987.32,M7168105904,0.0,0.0,1,0.02666666666666667,0
140,CASH_OUT,38346.89,C9337145038,46696.93,8350.04,C3815235019,6299.63,6299.63,0,0.0033333333333333335,0
539,CASH_OUT,2269.42,C3614915281,2749.73,480.31,C1160913827,8924.95,8924.95,1,0.01,0
442,PAYMENT,1764.89,C3923823693,86466.31,84701.42,M4689605624,0.0,0.0,0,0.0,0
565,TRANSFER,2714.69,C9434946584,3324.84,610.15,C5269015757,181890.03,181890.03,1,0.006666666666666667,0
107,CASH_OUT,1.0,C4700855390,0.0,0.0,C3426709025,1563.74,1563.74,0,0.0,0
301,TRANSFER,1.0,C8730507757,0.0,0.0,C8663837890,0.0,1.0,0,0.22666666666666666,0
590,TRANSFER,316.37,C7088451458,359.89,43.52,C3178995337,14889.04,14889.04,1,0.0033333333333333335,0
144,TRANSFER,254.95,C7229869819,1179.51,924.56,C4440904834,3331.57,3586.52,0,0.0,0
587,CASH_OUT,13107.73,C7638836058,48489.59,35381.86,C4635552887,298908.66,298908.66,0,0.0,0
288,PAYMENT,152.15,C7460728316,238.84,86.69,M4093474499,0.0,0.0,0,0.0,0
64,CASH_OUT,103881.8,C9433570024,126062.18,22180.38,M6865994703,0.0,0.0,1,0.0,0
353,CASH_OUT,1.0,C3951331472,0.0,0.0,C2149938334,88007.78,88007.78,0,0.0,0
617,TRANSFER,6041.8,C9470922075,6394.41,352.61,C4635552887,298908.66,304950.46,0,0.006666666666666667,0
235,CASH_IN,65824.92,C7705605962,0.0,65824.92,C8309221034,0.0,0.0,0,0.0,0
554,PAYMENT,1.0,C9856756553,0.0,0.0,M2391874847,0.0,0.0,0,0.0,0
673,CASH_OUT,6316.62,C1600406558,8182.33,1865.71,C9237880732,63.66,63.66,0,0.02,0
348,DEBIT,5961.21,C3421719519,22814.46,16853.25,M1888107487,0.0,0.0,0,0.016666666666666666,0
596,TRANSFER,64.94,C1207916194,117.91,52.97,C7529817193,0.0,64.94,0,0.17333333333333334,0
91,PAYMENT,1007.32,C8318855178,13376.0,12368.68,M3192202822,0.0,0.0,0,0.0,0
194,CASH_OUT,365.39,C2009317340,482.55,117.16,C2073755632,0.0,0.0,1,0.006666666666666667,0
184,TRANSFER,2926.53,C5028688786,2758.79,0.0,M4896576569,0.0,0.0,1,0.81,1
445,CASH_OUT,1.0,C7519578899,0.0,0.0,C8106401208,0.0,0.0,0,0.09333333333333334,0
555,PAYMENT,1.0,C7540301973,0.0,0.0,M6498703287,0.0,0.0,0,0.0,0
119,CASH_OUT,7391.83,C8178361487,8506.11,1114.28,M6865994703,0.0,0.0,1,0.0,0
118,CASH_OUT,1.0,C8133593748,0.0,0.0,C5588254555,0.0,0.0,0,0.0033333333333333335,0
488,TRANSFER,27027.57,C5071218314,35562.96,8535.39,M5380159400,0.0,0.0,1,0.3,0
224,DEBIT,1.0,C2137651678,0.0,0.0,M3660800029,0.0,0.0,0,0.03,0
60,CASH_OUT,10358.04,C9703905715,16803.47,6445.43,C6362597344,0.0,0.0,0,0.0,0
186,TRANSFER,353.6,C7792729530,424.62,71.02,M6894024976,0.0,0.0,1,0.15666666666666668,0
322,TRANSFER,92050.68,C9953941533,90169.16,0.0,C7190276026,155769.61,155769.61,1,0.016666666666666666,0
670,CASH_OUT,5.95,C8370987661,12.94,6.99,C6877052039,18783.77,18783.77,0,0.006666666666666667,0
245,TRANSFER,1289.88,C7002076563,1476.39,186.51,C1945826486,14343.93,15633.81,0,0.0,0
277,CASH_OUT,5543.13,C1065857791,25029.45,19486.32,C5036200310,6.64,6.64,0,0.0,0
291,PAYMENT,15.19,C1817804383,6163.48,6148.29,M9773795424,0.0,0.0,0,0.0,0
6,PAYMENT,1.0,C8942167666,0.0,0.0,M2243802345,0.0,0.0,0,0.0,0
222,TRANSFER,56856.91,C1197449658,60788.78,3931.87,C4248149900,124688.92,124688.92,1,0.0,0
173,PAYMENT,11681.91,C3783290795,145561.83,133879.92,M5449848690,0.0,0.0,0,0.0,0
458,PAYMENT,1.0,C1682781467,0.0,0.0,M2418407139,0.0,0.0,0,0.0,0
441,TRANSFER,2080.69,C1245522987,2855.37,774.68,C5474951950,24.14,2104.83,1,0.06,0
639,PAYMENT,8285.62,C3693916084,164984.87,156699.25,M7951820749,0.0,0.0,0,0.0,0
27,PAYMENT,165.09,C7296658772,408.99,243.9,M7192742877,0.0,0.0,0,0.0,0
708,TRANSFER,317.87,C6910112521,671.68,353.81,C7415801613,4608.81,4926.68,0,0.01,0
446,CASH_OUT,3843.88,C7706193636,10001.66,6157.78,C6542943838,0.0,0.0,0,0.03,0
474,PAYMENT,5862.25,C7371573279,30311.71,24449.46,M1257854279,0.0,0.0,0,0.0,0
527,PAYMENT,291.68,C3978287288,308.67,16.99,M8366710477,0.0,0.0,0,0.0,0
643,PAYMENT,21.8,C8879525611,314.45,292.65,M9068916300,0.0,0.0,0,0.0,0
224,TRANSFER,68258.15,C8755749566,74851.8,6593.65,C4034047118,9525.96,77784.11,1,0.0,0
177,DEBIT,220.84,C7402059279,6515.53,6294.69,M8874242713,0.0,0.0,0,0.01,0
637,PAYMENT,3681.75,C2571688961,164490.46,160808.71,M9068916300,0.0,0.0,0,0.0,0
372,TRANSFER,8138.89,C6877052039,18783.77,10644.88,C3483827971,326.25,8465.14,0,0.0,0
270,PAYMENT,54.36,C3185386258,1339.49,1285.13,M8443061472,0.0,0.0,0,0.0,0
675,CASH_OUT,1.0,C2879792991,0.0,0.0,C5744003377,0.0,0.0,0,0.056666666666666664,0
509,TRANSFER,934.13,C6218955985,850.2,0.0,M3322580659,0.0,0.0,1,0.4,0
681,PAYMENT,59.62,C3421719519,16853.25,16793.63,M5937271321,0.0,0.0,0,0.0,0
588,TRANSFER,519.03,C2308638549,40313.91,39794.88,C7473868020,7957.77,8476.8,0,0.0,0
676,PAYMENT,1.0,C2268523764,0.0,0.0,M9065458220,0.0,0.0,0,0.0,0
308,TRANSFER,104208.02,C3051831252,190947.11,86739.09,C3102209245,34.66,104242.68,0,0.0,0
384,CASH_OUT,3862.41,C2073755632,4160.39,297.98,M3517195150,0.0,0.0,1,0.01,0
223,CASH_IN,62761.62,C2914590233,0.0,62761.62,C6761084958,0.0,0.0,0,0.0,0
469,PAYMENT,1.0,C4662861038,0.0,0.0,M7340036327,0.0,0.0,0,0.0,0
263,PAYMENT,45.67,C5077921573,48.97,3.3,M9576264323,0.0,0.0,0,0.0,0
329,TRANSFER,18405.21,C5693307665,39978.77,21573.56,C4656572173,0.0,18405.21,0,0.0,0
571,CASH_OUT,3693.12,C9202102595,4019.37,326.25,C9508499533,3.08,3.08,1,0.03,0
230,TRANSFER,1666.05,C6789292252,7041.39,5375.34,C9403748506,408.82,2074.87,0,0.0,0
106,CASH_IN,82969.93,C7551874474,48782.87,131752.8,C6288227800,17284.3,17284.3,0,0.0,0
429,PAYMENT,2611.95,C8117478955,169004.45,166392.5,M4522855590,0.0,0.0,0,0.0,0
430,TRANSFER,104821.98,C6092773357,115400.94,10578.96,M9441870024,0.0,0.0,1,0.31666666666666665,0
69,PAYMENT,153.88,C9098129449,10579.17,10425.29,M6525576685,0.0,0.0,0,0.0,0
344,PAYMENT,1.0,C1654477195,0.0,0.0,M1099218439,0.0,0.0,0,0.0,0
85,CASH_IN,1630.43,C8109891300,32358.24,33988.67,C3095318649,155764.81,155764.81,0,0.0,0
208,CASH_OUT,1.0,C3313993297,0.0,0.0,C3978287288,16.99,16.99,0,0.01,0
333,TRANSFER,33497.06,C8987073217,39315.51,5818.45,C7534583219,784.76,34281.82,0,0.0,0
409,PAYMENT,138.31,C4143852021,230.02,91.71,M4125758723,0.0,0.0,0,0.0,0
382,TRANSFER,2872.08,C5310195918,3545.95,673.87,M3107992942,0.0,0.0,1,0.21333333333333335,0
182,DEBIT,4643.65,C7556078550,15278.73,10635.08,M6011842297,0.0,0.0,0,0.02,0
703,CASH_OUT,62.66,C4579265601,76.56,13.9,C9645619869,0.0,0.0,1,0.03,0
577,TRANSFER,4488.61,C4594787485,4808.84,320.23,M3705237613,0.0,0.0,1,0.34,0
394,TRANSFER,165175.14,C9911329062,215552.67,50377.53,C7146318035,12260.28,177435.42,1,0.0,0
566,TRANSFER,1145.35,C3057629778,3296.1,2150.75,C2812140441,1075.25,2220.6,0,0.03666666666666667,0
160,PAYMENT,2273.41,C2050340486,3080.54,807.13,M7366396017,0.0,0.0,0,0.0,0
270,CASH_OUT,1.0,C2145921803,0.0,0.0,C2653032484,172673.7,172673.7,0,0.0,0
377,CASH_OUT,2983.99,C9842186844,3530.58,546.59,M8218146534,0.0,0.0,1,0.01,0
80,CASH_OUT,1.43,C9455610447,1.51,0.08,C9806189256,1107.23,1107.23,0,0.006666666666666667,0
351,DEBIT,3522.77,C1197449658,3931.87,409.1,M6744039057,0.0,0.0,0,0.02,0
386,TRANSFER,56064.59,C7801948900,73631.57,17566.98,M1908459040,0.0,0.0,1,0.24666666666666667,0
234,PAYMENT,11120.84,C3201397080,173056.62,161935.78,M4601406440,0.0,0.0,0,0.0,0
126,CASH_IN,14386.71,C2554039848,426.93,14813.64,C8487449580,147101.42,147101.42,0,0.0,0
634,PAYMENT,4582.4,C6241752544,13529.9,8947.5,M3192202822,0.0,0.0,0,0.0,0
183,TRANSFER,9500.86,C6877052039,10644.88,1144.02,C6124453431,294050.91,303551.77,1,0.0,0
223,PAYMENT,2515.1,C5634076661,3111.52,596.42,M5194066484,0.0,0.0,0,0.0,0
638,TRANSFER,9.89,C6715705115,39.3,29.41,C9312085761,31938.26,31948.15,0,0.0,0
137,TRANSFER,71.85,C7460728316,86.69,14.84,C8719734235,135440.49,135512.34,0,0.0033333333333333335,0
631,TRANSFER,788.99,C7596745715,1425.8,636.81,C1251837136,0.0,788.99,0,0.03333333333333333,0
646,CASH_OUT,6982.57,C6121801720,9351.04,2368.47,M1096405016,0.0,0.0,1,0.02,0
711,PAYMENT,17.12,C2452066459,20.11,2.99,M8858274691,0.0,0.0,0,0.0,0
32,CASH_OUT,72.97,C8650676663,162.64,89.67,C5067116918,52.56,52.56,0,0.0033333333333333335,0
664,PAYMENT,8904.96,C2554039848,14813.64,5908.68,M6495967005,0.0,0.0,0,0.0,0
411,PAYMENT,1.0,C7981077394,0.0,0.0,M6101516825,0.0,0.0,0,0.0,0
484,PAYMENT,19.79,C8139209752,31.4,11.61,M8235474949,0.0,0.0,0,0.0,0
188,PAYMENT,585.58,C2554039848,5908.68,5323.1,M2869931869,0.0,0.0,0,0.0,0
275,TRANSFER,1153.03,C4605117440,1216.26,63.23,C8110054933,3313.04,4466.07,0,0.0,0
613,CASH_OUT,1962.55,C4997866845,3931.52,1968.97,C8322868827,0.0,0.0,0,0.023333333333333334,0
320,CASH_OUT,50.24,C3362657890,66.99,16.75,M6932365592,0.0,0.0,1,0.01,0
75,CASH_OUT,105921.58,C6754503097,127680.23,21758.65,C1590838716,296.98,296.98,1,0.0,0
697,CASH_OUT,27560.98,C5058691146,147765.81,120204.83,C9986353481,368.94,368.94,0,0.0,0
522,CASH_OUT,6162.55,C7402059279,6294.69,132.14,C3933213766,78.02,78.02,1,0.03666666666666667,0
219,PAYMENT,1.0,C1225052083,0.0,0.0,M4399143287,0.0,0.0,0,0.0,0
684,TRANSFER,3272.5,C8755749566,6593.65,3321.15,C5271453859,9.05,3281.55,0,0.03666666666666667,0
635,CASH_OUT,17283.63,C3653594796,104316.6,87032.97,C2308638549,39794.88,39794.88,0,0.0,0
717,TRANSFER,4779.21,C3019214800,4460.43,0.0,M9068916300,0.0,0.0,1,0.8766666666666667,1
136,PAYMENT,1.0,C7540301973,0.0,0.0,M9933702652,0.0,0.0,0,0.0,0
277,CASH_OUT,2102.12,C6131005449,2037.8,0.0,C9868845806,11568.78,11568.78,1,0.006666666666666667,0
136,TRANSFER,83412.94,C3587283948,71789.14,0.0,C8239941612,343.6,343.6,1,0.29,0
151,CASH_OUT,25608.12,C4632522232,48215.51,22607.39,C2960488639,0.0,0.0,0,0.0,0
11,CASH_OUT,1962.0,C7671041685,5400.41,3438.41,C8382963909,90869.4,90869.4,0,0.0,0
636,PAYMENT,17618.31,C5567816720,118530.11,100911.8,M9576264323,0.0,0.0,0,0.0,0
627,PAYMENT,450.1,C5696548897,2077.94,1627.84,M6053489772,0.0,0.0,0,0.0,0
491,DEBIT,186.48,C4524233168,287.1,100.62,M1647181551,0.0,0.0,0,0.02666666666666667,0
676,TRANSFER,751.27,C5083595988,1278.21,526.94,C4037270171,12669.82,13421.09,0,0.0033333333333333335,0
701,PAYMENT,19030.12,C3923823693,84701.42,65671.3,M5985331805,0.0,0.0,0,0.0,0
329,TRANSFER,778.26,C8760642358,665.37,0.0,M8821456242,0.0,0.0,1,0.2866666666666667,0
372,CASH_OUT,1132.35,C2928130926,1477.19,344.84,C5033992825,521.0,521.0,1,0.0033333333333333335,0
342,CASH_IN,452.03,C8689593739,10990.17,11442.2,C6458544482,1472.01,1472.01,0,0.0,0
403,TRANSFER,4441.04,C3841827734,132135.33,127694.29,C1399546384,239.89,4680.93,0,0.0,0
236,CASH_OUT,14675.1,C3396953414,17745.89,3070.79,C6329589780,197152.96,197152.96,0,0.0,0
372,CASH_OUT,1030.85,C4655730355,1220.92,190.07,C9155819200,19.29,19.29,0,0.006666666666666667,0
607,PAYMENT,72.27,C2941289685,1001.92,929.65,M9918338001,0.0,0.0,0,0.0,0
266,PAYMENT,54.57,C7402059279,132.14,77.57,M3469205576,0.0,0.0,0,0.0,0
4,CASH_OUT,143893.85,C9438411468,121219.09,0.0,C3376077463,14139.88,14139.88,1,0.02666666666666667,0
663,PAYMENT,94.65,C7049001493,19969.13,19874.48,M4211837506,0.0,0.0,0,0.0,0
55,CASH_OUT,54474.83,C7784217828,70441.61,15966.78,C2627677155,45653.84,45653.84,0,0.0,0
533,PAYMENT,333.18,C5129478722,982.84,649.66,M1504729135,0.0,0.0,0,0.0,0
41,TRANSFER,114639.56,C1754603440,120685.41,6045.85,C5751366455,7742.55,7742.55,1,0.023333333333333334,0
607,CASH_OUT,85529.76,C3528924461,108000.35,22470.59,C9019515562,27831.72,27831.72,0,0.0,0
544,TRANSFER,4212.7,C1050899550,4658.11,445.41,C9650701349,85858.89,85858.89,1,0.0,0
701,TRANSFER,1593.74,C6334440295,2842.71,1248.97,C6844582171,26.88,1620.62,0,0.05333333333333334,0
227,CASH_OUT,6953.75,C1112794026,14670.04,7716.29,C8106401208,0.0,0.0,0,0.0,0
613,PAYMENT,1.0,C8033702319,0.0,0.0,M3536590481,0.0,0.0,0,0.0,0
194,CASH_OUT,64396.04,C8270110908,80568.68,16172.64,M6790024996,0.0,0.0,1,0.0,0
399,PAYMENT,4873.98,C1798112150,8321.41,3447.43,M8646369354,0.0,0.0,0,0.0,0
337,PAYMENT,395.82,C2970753705,987.32,591.5,M5985331805,0.0,0.0,0,0.0,0
180,CASH_OUT,2103.7,C8241550421,1786.31,0.0,M3469205576,0.0,0.0,1,0.04666666666666667,0
185,CASH_OUT,142312.96,C2965718821,182134.35,39821.39,C6795522649,454.85,454.85,1,0.0,0
665,CASH_OUT,6786.18,C9618334441,8278.88,1492.7,C7872090713,6977.61,6977.61,0,0.006666666666666667,0
325,CASH_OUT,7151.3,C5115980792,10116.83,2965.53,M5412437658,0.0,0.0,1,0.0033333333333333335,0
214,PAYMENT,40.99,C7792729530,71.02,30.03,M1413599241,0.0,0.0,0,0.0,0
593,CASH_IN,90131.56,C2752536389,328.57,90460.13,C9081544414,13673.49,13673.49,0,0.0,0
545,TRANSFER,910.26,C2761091683,1853.5,943.24,C4767539382,0.0,910.26,0,0.056666666666666664,0
593,PAYMENT,21848.99,C3412365931,52751.71,30902.72,M3107992942,0.0,0.0,0,0.0,0
185,PAYMENT,13.85,C4956362540,840.83,826.98,M7678293431,0.0,0.0,0,0.0,0
179,CASH_OUT,52253.21,C7374810067,61394.84,9141.63,C2232285036,118830.25,118830.25,0,0.0,0
98,CASH_OUT,78211.28,C5067245523,153006.24,74794.96,C1614685938,39645.62,39645.62,0,0.0,0
19,PAYMENT,11603.4,C5754363475,133030.57,121427.17,M3469205576,0.0,0.0,0,0.0,0
30,CASH_OUT,32553.72,C4659306670,37214.07,4660.35,C7471636437,8845.78,8845.78,1,0.0033333333333333335,0
636,TRANSFER,4692.42,C4659306670,4660.35,0.0,C6720396142,232.7,4925.12,1,0.30666666666666664,0
454,TRANSFER,242.37,C7473868020,8476.8,8234.43,C9155819200,19.29,261.66,0,0.09666666666666666,0
269,TRANSFER,1.0,C3206955437,0.0,0.0,C7560389844,0.0,1.0,0,0.23333333333333334,0
368,PAYMENT,6876.59,C1131267917,24409.06,17532.47,M9631695368,0.0,0.0,0,0.0,0
458,TRANSFER,7426.88,C8503368512,12925.83,5498.95,C5659161352,307.73,7734.61,0,0.013333333333333334,0
107,CASH_OUT,2536.77,C9441018790,2687.31,150.54,C1387652480,36000.46,36000.46,1,0.0,0
358,PAYMENT,8423.75,C2546720356,91411.39,82987.64,M8667946580,0.0,0.0,0,0.0,0
165,TRANSFER,2610.61,C4946081594,2408.42,0.0,M4160161496,0.0,0.0,1,0.74,1
65,TRANSFER,239.22,C7904559790,428.51,189.29,C3479708607,3539.31,3778.53,0,0.0033333333333333335,0
414,PAYMENT,1238.43,C2612579345,1585.99,347.56,M8626371177,0.0,0.0,0,0.0,0
611,TRANSFER,4548.88,C5789633176,4785.06,236.18,M5087280062,0.0,0.0,1,0.34,0
390,CASH_OUT,1.0,C5641959772,0.0,0.0,C6587537178,993.19,993.19,0,0.02,0
456,CASH_OUT,209347.26,C2260326267,187981.69,0.0,M1306420495,0.0,0.0,1,0.36666666666666664,0
454,CASH_OUT,2701.94,C3464975279,3616.1,914.16,M2586712032,0.0,0.0,1,0.05,0
531,CASH_OUT,1.0,C2268523764,0.0,0.0,C8299146480,5161.47,5161.47,0,0.023333333333333334,0
121,PAYMENT,1.0,C9856756553,0.0,0.0,M6101516825,0.0,0.0,0,0.0,0
254,TRANSFER,605.9,C5268845844,817.74,211.84,C7988845536,0.0,605.9,1,0.0,0
571,TRANSFER,58433.04,C2020262123,85450.92,27017.88,C4735313433,0.0,58433.04,0,0.0,0
70,TRANSFER,548.59,C1955345537,592.0,43.41,M9558906999,0.0,0.0,1,0.17666666666666667,0
265,PAYMENT,1.0,C7757700186,0.17,0.0,M6515490818,0.0,0.0,0,0.0,0
603,PAYMENT,677.15,C6923206003,2793.84,2116.69,M6384311581,0.0,0.0,0,0.0,0
70,TRANSFER,16591.32,C5998623100,14709.65,0.0,M1783432867,0.0,0.0,1,0.9266666666666666,1
9,PAYMENT,589.51,C4473306055,1079.67,490.16,M6866146362,0.0,0.0,0,0.0,0
660,PAYMENT,776.28,C1600406558,1865.71,1089.43,M4242579642,0.0,0.0,0,0.0,0
338,TRANSFER,152811.34,C9533595495,194387.16,41575.82,C6353758928,4925.22,4925.22,1,0.023333333333333334,0
111,CASH_OUT,26421.02,C1004665657,144366.01,117944.99,C2578662692,0.0,0.0,0,0.0,0
447,PAYMENT,229.78,C2068687175,317.27,87.49,M3660800029,0.0,0.0,0,0.0,0
586,PAYMENT,105.89,C7839819230,143.07,37.18,M2228388623,0.0,0.0,0,0.0,0
536,CASH_IN,21125.25,C3316277000,0.0,21125.25,C9302705838,29819.66,29819.66,0,0.0,0
709,CASH_OUT,1865.17,C8137972345,1881.95,16.78,C8303853049,279.88,279.88,1,0.03666666666666667,0
48,TRANSFER,2680.18,C8852676046,2926.58,246.4,C4332894265,430.76,3110.94,0,0.0033333333333333335,0
330,CASH_OUT,2295.87,C4506639908,3715.94,1420.07,C8763140509,2502.56,2502.56,0,0.0033333333333333335,0
286,TRANSFER,3626.66,C9503597301,3522.7,0.0,M7343954769,0.0,0.0,1,0.7966666666666666,1
283,PAYMENT,92.29,C7079234115,169.86,77.57,M9398575277,0.0,0.0,0,0.0,0
57,TRANSFER,10194.68,C1547374338,10784.87,590.19,M9822499208,0.0,0.0,1,0.22333333333333333,0
411,PAYMENT,6.13,C4079223686,157234.38,157228.25,M8458323087,0.0,0.0,0,0.0,0
553,CASH_OUT,46965.55,C5789617427,47862.47,896.92,C2126077199,0.0,0.0,0,0.016666666666666666,0
12,PAYMENT,231.28,C4308701294,384.03,152.75,M7050091525,0.0,0.0,0,0.0,0
432,CASH_OUT,230.03,C1050899550,445.41,215.38,C8588769565,209503.14,209503.14,0,0.006666666666666667,0
647,PAYMENT,582.74,C2870403050,29687.95,29105.21,M1413599241,0.0,0.0,0,0.0,0
175,CASH_OUT,95349.29,C2232285036,118830.25,23480.96,C8084809436,71.55,71.55,1,0.0,0
550,CASH_OUT,284.04,C3806215682,910.07,626.03,C7196439534,0.0,0.0,0,0.03666666666666667,0
171,PAYMENT,268.13,C3115806625,306.8,38.67,M3580582653,0.0,0.0,0,0.0,0
402,TRANSFER,26830.55,C2704657157,38295.63,11465.08,C8755749566,3321.15,30151.7,0,0.0,0
261,TRANSFER,11789.54,C3421719519,16793.63,5004.09,C1225052083,0.0,11789.54,0,0.0,0
687,TRANSFER,14597.98,C9229469952,12479.91,0.0,C7166868574,44496.7,44496.7,1,0.023333333333333334,0
405,TRANSFER,1738.28,C4242550727,1649.84,0.0,C5931025271,63338.53,63338.53,1,0.006666666666666667,0
410,TRANSFER,5057.77,C9376711497,6218.15,1160.38,M4093474499,0.0,0.0,1,0.26666666666666666,0
710,DEBIT,197.76,C6054421752,38599.01,38401.25,M5325865521,0.0,0.0,0,0.02,0
267,PAYMENT,49.65,C6463640105,157.25,107.6,M6130446648,0.0,0.0,0,0.0,0
29,CASH_OUT,67520.32,C1209063208,77738.06,10217.74,C8117478955,166392.5,166392.5,0,0.0,0
698,CASH_IN,84954.76,C5175416378,0.0,84954.76,C8969097897,3219.96,3219.96,0,0.0,0
170,TRANSFER,143635.08,C3783009621,159772.14,16137.06,C1290050198,0.0,143635.08,0,0.0,0
206,CASH_OUT,178691.59,C1885113834,185686.53,6994.94,M6200141898,0.0,0.0,1,0.0,0
449,CASH_OUT,280.41,C5748253283,7912.23,7631.82,C8832617672,171.36,171.36,0,0.03333333333333333,0
54,PAYMENT,242.77,C4558302256,357.38,114.61,M1083302600,0.0,0.0,0,0.0,0
466,CASH_IN,18040.02,C7452729913,190633.96,208673.98,C5862655247,0.0,0.0,0,0.0,0
373,PAYMENT,1290.8,C6244338653,1408.82,118.02,M5990749811,0.0,0.0,0,0.0,0
325,PAYMENT,9981.42,C9035194895,17324.2,7342.78,M3636366799,0.0,0.0,0,0.0,0
511,TRANSFER,1053.32,C3361388464,1418.57,365.25,C9196564761,0.0,1053.32,0,0.02666666666666667,0
607,PAYMENT,629.03,C2295574037,974.33,345.3,M3208200227,0.0,0.0,0,0.0,0
297,PAYMENT,3745.86,C8991514523,11470.08,7724.22,M1802753761,0.0,0.0,0,0.0,0
538,TRANSFER,1124.94,C9806189256,1107.23,0.0,C9894264595,706.24,1831.18,1,0.22666666666666666,0
554,TRANSFER,13411.37,C3783009621,16137.06,2725.69,C5409514899,0.0,13411.37,1,0.016666666666666666,0
466,PAYMENT,612.0,C6877052039,1144.02,532.02,M6992094064,0.0,0.0,0,0.0,0
56,CASH_OUT,5298.33,C4012917912,7239.92,1941.59,C3910678913,1090.6,1090.6,1,0.0,0
654,TRANSFER,1.0,C3923699745,0.0,0.0,C7551874474,131752.8,131753.8,0,0.0,0
378,CASH_OUT,353.43,C4098389895,425.71,72.28,M8821456242,0.0,0.0,1,0.013333333333333334,0
621,TRANSFER,49597.6,C1983297492,54389.47,4791.87,C5508149905,6816.37,56413.97,0,0.0033333333333333335,0
718,TRANSFER,15000.44,C6585609060,20443.39,5442.95,C3426709025,1563.74,16564.18,0,0.0,0
54,CASH_OUT,884.3,C8468071953,852.54,0.0,C1430073711,20289.78,20289.78,1,0.016666666666666666,0
10,PAYMENT,4970.21,C4034047118,77784.11,72813.9,M2773408660,0.0,0.0,0,0.0,0
124,CASH_OUT,1.0,C4623960580,0.0,0.0,C7079234115,77.57,77.57,0,0.0,0
632,PAYMENT,5673.03,C8131923452,8750.24,3077.21,M4522855590,0.0,0.0,0,0.0,0
11,CASH_OUT,1827.51,C4921003983,2216.12,388.61,M1802753761,0.0,0.0,1,0.0,0
112,CASH_OUT,7774.68,C5364727160,7084.8,0.0,C9958044697,2747.49,2747.49,1,0.043333333333333335,0
528,CASH_IN,1129.53,C1051354601,700.91,1830.44,C3097302637,185.35,185.35,0,0.0,0
632,CASH_OUT,1.0,C2350701477,0.0,0.0,C6613888489,1219.54,1219.54,0,0.04,0
142,TRANSFER,1.7,C3316787198,2.86,1.16,C3707166618,34524.77,34526.47,0,0.0,0
637,DEBIT,825.7,C9165632300,1661.1,835.4,M2418407139,0.0,0.0,0,0.02666666666666667,0
592,TRANSFER,67454.39,C5306459450,73766.25,6311.86,M8910440683,0.0,0.0,1,0.2866666666666667,0
425,DEBIT,13040.01,C7882206934,134168.24,121128.23,M9752092528,0.0,0.0,0,0.016666666666666666,0
397,DEBIT,13171.61,C9711080868,121368.35,108196.74,M6130446648,0.0,0.0,0,0.01,0
492,CASH_OUT,185485.31,C3434757387,172561.89,0.0,C1494287462,3620.41,3620.41,1,0.29333333333333333,0
263,TRANSFER,446.4,C7540301973,592.91,146.51,M1692044390,0.0,0.0,1,0.15333333333333332,0
171,CASH_IN,115466.59,C3815389788,274.49,115741.08,C8075122626,25785.85,25785.85,0,0.0,0
235,TRANSFER,124910.75,C5269728610,162689.59,37778.84,M2249831874,0.0,0.0,1,0.26,0
180,PAYMENT,89.0,C2079770569,99.62,10.62,M6515490818,0.0,0.0,0,0.0,0
185,DEBIT,1.0,C7640078465,0.0,0.0,M9776500600,0.0,0.0,0,0.03,0
173,CASH_IN,116274.66,C2476831585,437218.88,553493.54,C6959501845,67927.3,67927.3,0,0.0,0
151,TRANSFER,592.35,C2050340486,807.13,214.78,C1091729577,0.0,0.0,1,0.07666666666666666,0
240,PAYMENT,38.52,C8575707116,72.77,34.25,M3495411322,0.0,0.0,0,0.0,0
477,PAYMENT,4221.31,C9337145038,8350.04,4128.73,M4641902461,0.0,0.0,0,0.0,0
361,CASH_OUT,2521.25,C9621419224,2912.45,391.2,M4460319291,0.0,0.0,1,0.01,0
294,CASH_OUT,1019.95,C3783009621,2725.69,1705.74,C6955593943,0.0,0.0,0,0.006666666666666667,0
708,CASH_IN,47948.74,C5694848867,0.0,47948.74,C5870268582,166.77,166.77,0,0.0,0
502,CASH_OUT,3103.79,C3106408413,3159.21,55.42,C2916728422,0.0,0.0,1,0.06,0
492,PAYMENT,1097.67,C3392080953,11571.52,10473.85,M7951820749,0.0,0.0,0,0.0,0
612,TRANSFER,689.74,C8823677798,976.38,286.64,M3094407076,0.0,0.0,1,0.15666666666666668,0
720,PAYMENT,4558.9,C5751366455,7742.55,3183.65,M1096405016,0.0,0.0,0,0.0033333333333333335,0
161,PAYMENT,74.56,C9546021691,207.63,133.07,M9977193987,0.0,0.0,0,0.0,0
553,CASH_OUT,4794.18,C8880079328,9167.73,4373.55,C6000009225,37.08,37.08,0,0.016666666666666666,0
326,TRANSFER,2681.2,C8926438617,3435.46,754.26,C7625389037,933.71,933.71,1,0.0,0
265,CASH_OUT,9.23,C7004964045,12.39,3.16,C6300607425,541.77,541.77,0,0.013333333333333334,0
291,DEBIT,382.22,C2914126243,431.77,49.55,M7570511906,0.0,0.0,0,0.02,0
615,PAYMENT,4874.89,C3532855799,6528.8,1653.91,M7750131975,0.0,0.0,0,0.0,0
471,PAYMENT,408.49,C4956362540,826.98,418.49,M6606958660,0.0,0.0,0,0.0,0
397,CASH_OUT,2087.02,C6837342064,3153.0,1065.98,C9381721143,2867.5,2867.5,0,0.0,0
6,PAYMENT,3886.87,C7829772942,5839.69,1952.82,M9098037639,0.0,0.0,0,0.0,0
545,PAYMENT,627.63,C5474951950,2104.83,1477.2,M7514017540,0.0,0.0,0,0.0,0
620,CASH_OUT,1.0,C3365835550,0.0,0.0,C8394040015,20210.1,20210.1,0,0.016666666666666666,0
506,TRANSFER,35495.01,C3836517266,106869.45,71374.44,C8760642358,0.0,35495.01,0,0.0,0
85,DEBIT,9294.25,C8779941999,10069.83,775.58,M4908108692,0.0,0.0,0,0.02,0
569,TRANSFER,3564.32,C8377088167,4536.6,972.28,M9918338001,0.0,0.0,1,0.31666666666666665,0
105,PAYMENT,15175.6,C3420721027,196652.85,181477.25,M9558906999,0.0,0.0,0,0.0,0
520,PAYMENT,89.65,C6415031531,265.46,175.81,M6651754819,0.0,0.0,0,0.0,0
513,TRANSFER,198815.91,C6859286614,173961.34,0.0,C1809283659,49550.3,248366.21,1,0.0,0
45,TRANSFER,20459.81,C1182758417,21532.88,1073.07,M9773795424,0.0,0.0,1,0.25666666666666665,0
158,TRANSFER,1004.96,C3464975279,914.16,0.0,M6845287382,0.0,0.0,1,0.30666666666666664,0
212,CASH_OUT,4195.78,C3975418439,5035.47,839.69,C5515628633,0.0,0.0,1,0.0,0
222,PAYMENT,5132.09,C3343292475,36773.6,31641.51,M2869931869,0.0,0.0,0,0.0,0
699,CASH_OUT,912.04,C1818112342,1322.27,410.23,C7852415525,90950.41,90950.41,0,0.0033333333333333335,0
610,PAYMENT,40.18,C7699500243,49.61,9.43,M8058679999,0.0,0.0,0,0.0,0
70,PAYMENT,14786.11,C2168041588,19404.76,4618.65,M7764117705,0.0,0.0,0,0.0,0
359,CASH_OUT,81992.18,C9691572571,113940.72,31948.54,C8178927766,3376.72,3376.72,1,0.0033333333333333335,0
553,CASH_OUT,4468.5,C8902275119,4267.89,0.0,C2802141793,332.98,332.98,1,0.22666666666666666,0
102,TRANSFER,4271.45,C4538382315,3597.6,0.0,M1811839103,0.0,0.0,1,0.8133333333333334,1
169,CASH_OUT,293.87,C4492602049,285.52,0.0,C4990452762,1073.75,1073.75,1,0.02,0
132,PAYMENT,19.86,C4566852761,22.97,3.11,M1185303518,0.0,0.0,0,0.0,0
190,PAYMENT,1.0,C1110724913,0.0,0.0,M5794335854,0.0,0.0,0,0.0,0
375,TRANSFER,16.06,C9467483275,13999.75,13983.69,C3933213766,78.02,94.08,0,0.10666666666666667,0
591,PAYMENT,1254.13,C2570991899,2365.26,1111.13,M6820149016,0.0,0.0,0,0.0,0
244,PAYMENT,657.91,C5667503195,108939.33,108281.42,M2604788242,0.0,0.0,0,0.0,0
12,PAYMENT,738.26,C3343292475,31641.51,30903.25,M2711123163,0.0,0.0,0,0.0,0
5,PAYMENT,8781.61,C9711080868,108196.74,99415.13,M8144889126,0.0,0.0,0,0.0,0
307,CASH_OUT,58122.95,C5569145346,62531.9,4408.95,C2174793230,422.44,422.44,1,0.0,0
140,TRANSFER,2230.12,C2960488639,2757.48,527.36,C9837912162,0.0,2230.12,1,0.016666666666666666,0
650,PAYMENT,10662.0,C9503787171,15161.84,4499.84,M6606958660,0.0,0.0,0,0.0,0
187,DEBIT,44.21,C2369705770,206.12,161.91,M9640701016,0.0,0.0,0,0.01,0
333,PAYMENT,9072.26,C1225953184,22485.79,13413.53,M6846530109,0.0,0.0,0,0.0,0
184,TRANSFER,13687.63,C8046300793,60710.0,47022.37,C5539308214,1040.68,14728.31,0,0.0,0
137,CASH_OUT,17250.65,C6715961218,23280.1,6029.45,C4997866845,1968.97,1968.97,1,0.0,0
308,CASH_IN,3857.93,C3098948446,0.0,3857.93,C3185089287,325349.83,325349.83,0,0.0,0
637,TRANSFER,2241.87,C8763140509,2502.56,260.69,C9049270990,0.0,2241.87,1,0.07333333333333333,0
7,CASH_OUT,967.66,C5082603360,1337.46,369.8,C4419410162,10.48,10.48,0,0.0,0
499,PAYMENT,3749.12,C2850820685,42310.4,38561.28,M7570511906,0.0,0.0,0,0.0,0
68,PAYMENT,185.03,C1361845490,527.56,342.53,M2121448210,0.0,0.0,0,0.0,0
661,TRANSFER,101428.9,C3214080278,128427.76,26998.86,M3145756342,0.0,0.0,1,0.30333333333333334,0
541,TRANSFER,65735.72,C2065354117,113488.84,47753.12,C2099184899,0.0,65735.72,0,0.0,0
328,CASH_OUT,7916.63,C3334938378,6786.26,0.0,M3690714075,0.0,0.0,1,0.14,0
437,TRANSFER,1504.29,C8987073217,5818.45,4314.16,C6789292252,5375.34,6879.63,0,0.01,0
589,CASH_OUT,7178.27,C9189503254,10510.73,3332.46,C9663561486,78578.27,78578.27,0,0.0,0
487,CASH_OUT,27133.85,C9974165440,25069.26,0.0,M1099218439,0.0,0.0,1,0.14,0
473,TRANSFER,109.95,C4308701294,152.75,42.8,M1442421654,0.0,0.0,1,0.16333333333333333,0
351,TRANSFER,2016.87,C9189503254,3332.46,1315.59,C4102821948,11022.6,13039.47,0,0.0,0
383,PAYMENT,4135.98,C5689870435,4922.87,786.89,M8044997538,0.0,0.0,0,0.0,0
374,CASH_IN,98071.45,C5972484792,103761.19,201832.64,C6186758088,553.03,553.03,0,0.0,0
437,PAYMENT,1735.57,C6491309593,3787.71,2052.14,M7514017540,0.0,0.0,0,0.0,0
393,TRANSFER,53.75,C3106408413,55.42,1.67,M3119908041,0.0,0.0,1,0.17666666666666667,0
129,CASH_OUT,219.75,C9081544414,13673.49,13453.74,C5567816720,100911.8,100911.8,0,0.0,0
334,CASH_OUT,529.82,C4877520294,488.27,0.0,M5380159400,0.0,0.0,1,0.25666666666666665,0
419,TRANSFER,11138.26,C1526723719,10223.01,0.0,C3098948446,3857.93,3857.93,1,0.21,0
245,PAYMENT,189.11,C4594787485,320.23,131.12,M1783432867,0.0,0.0,0,0.0,0
231,CASH_OUT,5831.39,C2654584280,6635.42,804.03,M3223687972,0.0,0.0,1,0.0033333333333333335,0
333,TRANSFER,955.19,C4506639908,1420.07,464.88,C8547068234,0.0,955.19,0,0.0,0
9,CASH_OUT,4194.02,C6443749394,10644.26,6450.24,C5151887478,0.0,0.0,0,0.0,0
626,TRANSFER,1.0,C2145921803,0.0,0.0,C2320763135,5161.9,5162.9,0,0.05333333333333334,0
550,PAYMENT,1.0,C8235363119,0.0,0.0,M1694904767,0.0,0.0,0,0.0,0
409,PAYMENT,1.0,C9830946410,0.0,0.0,M5315720088,0.0,0.0,0,0.0,0
416,PAYMENT,19480.82,C3651552513,21279.43,1798.61,M8626371177,0.0,0.0,0,0.0033333333333333335,0
401,PAYMENT,14398.03,C9941564880,14761.75,363.72,M7340036327,0.0,0.0,0,0.0,0
354,TRANSFER,9119.93,C5903457537,8427.0,0.0,C5728897164,18304.01,18304.01,1,0.01,0
88,TRANSFER,934.71,C4427620889,1166.37,231.66,C3691864041,50963.52,50963.52,1,0.0,0
600,PAYMENT,1.0,C5778781449,0.0,0.0,M1199447370,0.0,0.0,0,0.0,0
405,DEBIT,966.87,C5474951950,1477.2,510.33,M5714658227,0.0,0.0,0,0.016666666666666666,0
195,CASH_OUT,173.26,C4577406847,184.87,11.61,M3192202822,0.0,0.0,1,0.006666666666666667,0
119,CASH_OUT,725.31,C8178927766,3376.72,2651.41,C8761956684,0.0,0.0,0,0.0,0
227,CASH_OUT,2188.22,C2260326267,2539.37,351.15,C2952996248,182650.22,182650.22,1,0.0,0
208,TRANSFER,60.13,C7666869046,69.97,9.84,M9752092528,0.0,0.0,1,0.16666666666666666,0
280,PAYMENT,1601.77,C2232285036,23480.96,21879.19,M7861571879,0.0,0.0,0,0.0,0
654,TRANSFER,619.21,C8584566722,823.09,203.88,C9457665185,9053.49,9672.7,1,0.01,0
287,CASH_OUT,12968.71,C8390631634,20478.91,7510.2,C4531928910,0.0,0.0,0,0.0033333333333333335,0
192,PAYMENT,1.0,C8816681105,0.0,0.0,M4125758723,0.0,0.0,0,0.0,0
664,CASH_OUT,19284.56,C5951406973,22823.7,3539.14,C7575259637,63431.03,63431.03,1,0.0,0
424,CASH_OUT,3611.26,C9463197203,4919.89,1308.63,M5194066484,0.0,0.0,1,0.02666666666666667,0
615,TRANSFER,188.48,C8879525611,292.65,104.17,C7199283151,6241.32,6429.8,0,0.03,0
604,PAYMENT,772.62,C6638034087,2046.85,1274.23,M7960713821,0.0,0.0,0,0.0,0
8,CASH_OUT,2268.68,C2843567009,2403.25,134.57,C8480622107,28.56,28.56,1,0.0,0
639,CASH_IN,60639.73,C4586139213,12398.75,73038.48,C3550908958,37.66,37.66,0,0.0,0
582,TRANSFER,3969.27,C6317152031,5522.18,1552.91,M6846530109,0.0,0.0,1,0.32,0
517,PAYMENT,79.53,C5336127859,242.01,162.48,M1099218439,0.0,0.0,0,0.0,0
651,CASH_OUT,1.0,C2537965898,0.0,0.0,C8868054898,62264.94,62264.94,0,0.02666666666666667,0
102,PAYMENT,1.0,C8468071953,0.0,0.0,M2711123163,0.0,0.0,0,0.0033333333333333335,0
363,TRANSFER,709.46,C1245522987,774.68,65.22,M2625035499,0.0,0.0,1,0.16666666666666666,0
356,PAYMENT,1.0,C1099541460,0.0,0.0,M7343954769,0.0,0.0,0,0.0,0
170,CASH_IN,93539.76,C9844874547,0.0,93539.76,C1847275937,334.86,334.86,0,0.0,0
291,PAYMENT,1893.01,C4131575764,3886.58,1993.57,M9822499208,0.0,0.0,0,0.0,0
220,PAYMENT,113.55,C8493451569,137.37,23.82,M1257854279,0.0,0.0,0,0.0,0
477,CASH_OUT,632.63,C2570991899,1111.13,478.5,C9306142066,21.26,21.26,0,0.04666666666666667,0
247,TRANSFER,108793.34,C5993571693,167305.21,58511.87,C4632522232,22607.39,131400.73,0,0.0,0
193,TRANSFER,1.0,C3722583581,0.0,0.0,C9078786223,6763.66,6764.66,0,0.0,0
85,PAYMENT,1823.91,C8588769565,209503.14,207679.23,M3846182436,0.0,0.0,0,0.0,0
495,CASH_OUT,1828.89,C8274273035,2391.09,562.2,M7230477043,0.0,0.0,1,0.03,0
175,PAYMENT,17151.66,C5694628398,32694.34,15542.68,M6011842297,0.0,0.0,0,0.0,0
315,CASH_OUT,744.04,C8761469117,974.2,230.16,M6053489772,0.0,0.0,1,0.01,0
214,PAYMENT,1.0,C1678500147,0.0,0.0,M3580582653,0.0,0.0,0,0.0,0
3,TRANSFER,2142.0,C8598503901,1966.27,0.0,M6130446648,0.0,0.0,1,0.5566666666666666,1
543,TRANSFER,154.49,C6628158856,134.59,0.0,C6037168610,0.0,0.0,1,0.23,0
712,CASH_OUT,1953.34,C8317619798,1764.48,0.0,M1802753761,0.0,0.0,1,0.15666666666666668,0
21,TRANSFER,131976.02,C1158998032,182890.09,50914.07,M3534186676,0.0,0.0,1,0.23666666666666666,0
595,CASH_OUT,7.37,C4577406847,11.61,4.24,C7805633786,136788.69,136788.69,0,0.0,0
419,PAYMENT,19.94,C9255898264,39.64,19.7,M1122712790,0.0,0.0,0,0.0,0
299,PAYMENT,32.6,C2940955281,102.96,70.36,M2604788242,0.0,0.0,0,0.0,0
360,TRANSFER,1931.1,C9912233947,1845.18,0.0,M7702529931,0.0,0.0,1,0.56,1
301,PAYMENT,38.73,C3667292043,178.22,139.49,M3317856944,0.0,0.0,0,0.0,0
618,TRANSFER,405.86,C6698759353,440.86,35.0,C2405746777,7396.04,7396.04,1,0.03,0
141,CASH_OUT,51.59,C5268845844,211.84,160.25,C7271954644,764.7,764.7,0,0.01,0
364,TRANSFER,967.12,C6587537178,993.19,26.07,C6715961218,6029.45,6996.57,1,0.0,0
295,CASH_OUT,20858.79,C3528924461,22470.59,1611.8,M9752092528,0.0,0.0,1,0.0033333333333333335,0
638,CASH_OUT,270.78,C2811967841,282.45,11.67,M5270048042,0.0,0.0,1,0.03666666666666667,0
219,CASH_OUT,630.31,C9904586976,927.63,297.32,C6947080764,7324.71,7324.71,0,0.0033333333333333335,0
209,CASH_OUT,193.58,C5336127859,162.48,0.0,M8869140487,0.0,0.0,1,0.016666666666666666,0
223,TRANSFER,2656.95,C1446362270,2783.2,126.25,C7465834732,4445.1,4445.1,1,0.013333333333333334,0
442,PAYMENT,17777.85,C5461537013,49237.04,31459.19,M6495967005,0.0,0.0,0,0.0,0
637,PAYMENT,344.89,C8506931282,946.68,601.79,M5734228580,0.0,0.0,0,0.0,0
30,CASH_OUT,8628.53,C1756345332,9086.5,457.97,C3271361431,0.0,0.0,0,0.0,0
106,TRANSFER,27614.98,C5100282913,63632.96,36017.98,C5998623100,0.0,27614.98,0,0.0,0
130,TRANSFER,911.99,C2052811909,1656.37,744.38,C2774884818,172.1,1084.09,0,0.0,0
118,PAYMENT,1.0,C7805745017,0.0,0.0,M1857561275,0.0,0.0,0,0.0,0
356,PAYMENT,26.1,C2818381356,88.79,62.69,M1711271599,0.0,0.0,0,0.0,0
307,TRANSFER,47690.43,C2785736751,159616.47,111926.04,C8663837890,1.0,47691.43,0,0.0,0
621,DEBIT,21.72,C1106456634,33.11,11.39,M7651029165,0.0,0.0,0,0.03,0
66,CASH_OUT,184.96,C9085085822,341.14,156.18,C2082326234,4475.89,4475.89,0,0.006666666666666667,0
9,CASH_OUT,7641.37,C8168394616,11215.82,3574.45,C1707196784,0.0,0.0,0,0.0,0
365,PAYMENT,619.66,C2633177480,151915.85,151296.19,M3469205576,0.0,0.0,0,0.0,0
400,TRANSFER,3815.9,C9303285822,3199.94,0.0,C4632522232,131400.73,131400.73,1,0.0033333333333333335,0
11,PAYMENT,1.0,C9369574998,0.0,0.0,M1504729135,0.0,0.0,0,0.0,0
129,CASH_OUT,1.0,C1045302356,0.0,0.0,C1124331395,0.0,0.0,0,0.0033333333333333335,0
86,PAYMENT,528.53,C6923301988,84708.12,84179.59,M3517195150,0.0,0.0,0,0.0,0
108,TRANSFER,1133.41,C6674372082,1302.7,169.29,C5694848867,47948.74,47948.74,1,0.0,0
639,PAYMENT,6229.78,C2950049698,7737.09,1507.31,M1676220116,0.0,0.0,0,0.0,0
208,TRANSFER,130437.44,C9909257076,134581.15,4143.71,C5728897164,18304.01,148741.45,0,0.0,0
63,CASH_OUT,6.16,C5036200310,6.64,0.48,C5634076661,596.42,596.42,0,0.006666666666666667,0
84,CASH_OUT,1.64,C8478529823,2.37,0.73,C2979958124,0.0,0.0,0,0.006666666666666667,0
405,TRANSFER,166.58,C7002076563,186.51,19.93,C5972484792,201832.64,201832.64,1,0.0,0
466,TRANSFER,26997.16,C3521300895,29841.52,2844.36,C6837975356,907.59,27904.75,0,0.006666666666666667,0
215,TRANSFER,13653.42,C3653594796,87032.97,73379.55,C1572827654,2136.27,15789.69,0,0.0,0
635,TRANSFER,70327.17,C3791027186,79962.12,9634.95,C8880184233,4246.82,4246.82,1,0.02666666666666667,0
4,TRANSFER,618.85,C9837912162,2230.12,1611.27,C6789448659,453.57,1072.42,0,0.01,0
367,CASH_OUT,1.0,C9274189261,0.0,0.0,C3088517710,0.0,0.0,0,0.03333333333333333,0
422,CASH_OUT,79.48,C2825989011,89.07,9.59,M2156184315,0.0,0.0,1,0.04666666666666667,0
602,TRANSFER,1402.7,C1248704157,1618.78,216.08,M4093474499,0.0,0.0,1,0.2,0
240,PAYMENT,765.09,C2941289685,929.65,164.56,M3508990774,0.0,0.0,0,0.0,0
24,PAYMENT,12488.11,C4752171298,35267.16,22779.05,M9977193987,0.0,0.0,0,0.0,0
356,TRANSFER,14286.26,C4673457063,33608.95,19322.69,C7666129822,86790.97,101077.23,0,0.0,0
182,CASH_OUT,43295.2,C9147736635,56608.79,13313.59,M2571632270,0.0,0.0,1,0.0,0
56,PAYMENT,2266.45,C5667503195,108281.42,106014.97,M9410569618,0.0,0.0,0,0.0,0
460,CASH_OUT,12515.19,C8203447752,83927.49,71412.3,C9019515562,27831.72,27831.72,0,0.0,0
278,DEBIT,6867.54,C9379439373,170414.32,163546.78,M4892544235,0.0,0.0,0,0.006666666666666667,0
501,CASH_OUT,2165.85,C1051354601,1830.44,0.0,M7230477043,0.0,0.0,1,0.21,0
426,TRANSFER,3336.73,C8543865915,3477.88,141.15,M7861571879,0.0,0.0,1,0.39,0
456,CASH_IN,94676.36,C5358791907,5922.27,100598.63,C1306702926,191178.9,191178.9,0,0.0,0
472,PAYMENT,7134.43,C7598745558,110523.04,103388.61,M9288057824,0.0,0.0,0,0.0,0
468,TRANSFER,1318.29,C8178361487,1114.28,0.0,M6845287382,0.0,0.0,1,0.44666666666666666,0
667,DEBIT,904.33,C6726515966,73461.51,72557.18,M6932365592,0.0,0.0,0,0.016666666666666666,0
341,CASH_OUT,67.63,C1662976399,2974.25,2906.62,C4750707607,7.9,7.9,0,0.0033333333333333335,0
187,PAYMENT,9356.48,C6880115912,126286.76,116930.28,M6053489772,0.0,0.0,0,0.0,0
8,TRANSFER,5320.93,C6562144159,4653.48,0.0,C1657675888,8625.99,8625.99,1,0.013333333333333334,0
506,CASH_OUT,2662.52,C2407863065,35279.08,32616.56,C9995834531,104468.97,104468.97,0,0.0,0
187,CASH_OUT,82262.86,C8795212264,128646.51,46383.65,C2311597141,19412.52,19412.52,0,0.0,0
47,TRANSFER,3724.23,C8902275119,4859.19,1134.96,M1413599241,0.0,0.0,1,0.19333333333333333,0
49,CASH_OUT,2561.04,C1726990714,2889.04,328.0,C5334769475,29223.31,29223.31,1,0.0,0
216,PAYMENT,1.0,C6009268066,0.0,0.0,M9410569618,0.0,0.0,0,0.0,0
422,CASH_OUT,2598.87,C2087974350,3271.64,672.77,M3705237613,0.0,0.0,1,0.043333333333333335,0
520,TRANSFER,593.22,C5783809766,54949.56,54356.34,C9715314442,2480.58,3073.8,0,0.0,0
591,TRANSFER,1821.06,C2014766981,2194.8,373.74,C6576395496,41952.1,43773.16,0,0.006666666666666667,0
659,PAYMENT,8.08,C7949795085,25.16,17.08,M9043367776,0.0,0.0,0,0.0,0
400,PAYMENT,7586.78,C2965254350,12326.62,4739.84,M4908108692,0.0,0.0,0,0.0,0
160,PAYMENT,1882.88,C2072355594,3800.56,1917.68,M7948094928,0.0,0.0,0,0.0,0
408,PAYMENT,609.86,C3776011793,154720.15,154110.29,M6361225622,0.0,0.0,0,0.0,0
525,TRANSFER,10292.13,C2094024844,50219.57,39927.44,C8695129534,9316.79,19608.92,0,0.0,0
116,PAYMENT,4450.23,C3470617247,48927.04,44476.81,M9068916300,0.0,0.0,0,0.0,0
365,PAYMENT,74.46,C4427620889,231.66,157.2,M8874242713,0.0,0.0,0,0.0,0
691,PAYMENT,504.76,C3615507143,1253.45,748.69,M6820149016,0.0,0.0,0,0.0,0
506,PAYMENT,1083.88,C3952295757,1593.04,509.16,M5815678365,0.0,0.0,0,0.0,0
665,CASH_IN,26918.89,C4422700486,0.0,26918.89,C3783290795,133879.92,133879.92,0,0.0,0
232,PAYMENT,1.59,C4566852761,3.11,1.52,M3469205576,0.0,0.0,0,0.0,0
579,TRANSFER,1550.3,C8265834251,1787.44,237.14,M7951820749,0.0,0.0,1,0.23333333333333334,0
159,DEBIT,1.0,C6072939882,0.0,0.0,M3156792018,0.0,0.0,0,0.03,0
499,PAYMENT,344.24,C8991977937,456.15,111.91,M9441870024,0.0,0.0,0,0.0,0
373,PAYMENT,3865.06,C4748302739,6324.41,2459.35,M7764117705,0.0,0.0,0,0.0,0
224,TRANSFER,2530.05,C1600337712,2555.59,25.54,M1711271599,0.0,0.0,1,0.43666666666666665,0
210,PAYMENT,1.0,C6944371787,0.0,0.0,M6932365592,0.0,0.0,0,0.0,0
294,PAYMENT,414.52,C9434946584,610.15,195.63,M2869931869,0.0,0.0,0,0.0,0
674,TRANSFER,146.43,C2079501936,137.26,0.0,M7532669066,0.0,0.0,1,0.22666666666666666,0
705,PAYMENT,19144.8,C4635552887,304950.46,285805.66,M9900829971,0.0,0.0,0,0.0,0
270,PAYMENT,11.86,C3305069227,33.92,22.06,M2625035499,0.0,0.0,0,0.0,0
4,TRANSFER,2456.5,C3815235019,6299.63,3843.13,C3476426797,80385.6,82842.1,0,0.0,0
118,CASH_IN,49262.35,C6868336102,259.11,49521.46,C4630196130,6442.67,6442.67,0,0.0,0
686,TRANSFER,8884.16,C7608141858,11736.76,2852.6,C3645901955,2565.9,11450.06,1,0.0,0
586,PAYMENT,6.09,C5072538783,15.07,8.98,M9065458220,0.0,0.0,0,0.0,0
592,CASH_OUT,8179.15,C8991514523,7724.22,0.0,C7161887665,15071.25,15071.25,1,0.13,0
548,TRANSFER,1960.89,C5570828113,70610.38,68649.49,C5714169271,1133.3,3094.19,0,0.0033333333333333335,0
493,TRANSFER,1664.62,C5375461598,2330.67,666.05,M9020002737,0.0,0.0,1,0.29,0
172,TRANSFER,2826.44,C9919491730,3526.61,700.17,C4668931881,14073.01,16899.45,0,0.0,0
580,DEBIT,1.0,C7074050517,0.0,0.0,M6011842297,0.0,0.0,0,0.04666666666666667,0
242,TRANSFER,937.52,C9744120054,113491.1,112553.58,C8369792370,71803.45,72740.97,0,0.0,0
581,PAYMENT,260.7,C5375461598,666.05,405.35,M9896529524,0.0,0.0,0,0.0,0
38,PAYMENT,41.04,C2068687175,87.49,46.45,M1504729135,0.0,0.0,0,0.0,0
684,TRANSFER,1448.53,C3532855799,1653.91,205.38,C1660370908,1740.32,3188.85,0,0.03333333333333333,0
410,PAYMENT,39.36,C4147025728,244.03,204.67,M7366396017,0.0,0.0,0,0.0,0
74,TRANSFER,2645.38,C7460728316,3459.59,814.21,M3846182436,0.0,0.0,1,0.16333333333333333,0
704,PAYMENT,1.0,C7608153267,0.0,0.0,M9043367776,0.0,0.0,0,0.0,0
397,TRANSFER,3257.13,C6168291913,3701.48,444.35,C7792729530,30.03,30.03,1,0.15,0
287,TRANSFER,73905.42,C5667503195,106014.97,32109.55,C7004510516,5.51,73910.93,0,0.0,0
551,PAYMENT,11191.83,C3291226621,38517.5,27325.67,M9620935604,0.0,0.0,0,0.0,0
290,TRANSFER,76657.91,C4658080160,86152.87,9494.96,M5449848690,0.0,0.0,1,0.26,0
659,TRANSFER,8904.15,C1770278136,11539.87,2635.72,M5937271321,0.0,0.0,1,0.33666666666666667,0
401,TRANSFER,1623.78,C2647489402,1379.75,0.0,C5182110973,27488.47,27488.47,1,0.0,0
547,CASH_OUT,11477.01,C3280805846,21888.51,10411.5,C5296710795,647.23,647.23,0,0.0033333333333333335,0
636,PAYMENT,1.0,C4485356009,0.0,0.0,M5694439775,0.0,0.0,0,0.0,0
54,PAYMENT,1.0,C2227193073,0.0,0.0,M6558769264,0.0,0.0,0,0.0,0
527,CASH_OUT,54970.2,C6358023411,62734.78,7764.58,C9798613995,2839.18,2839.18,1,0.0,0
126,PAYMENT,1.0,C5028688786,0.0,0.0,M5734228580,0.0,0.0,0,0.0,0
451,PAYMENT,1860.32,C5220094152,61288.28,59427.96,M3580582653,0.0,0.0,0,0.0,0
462,CASH_OUT,1.0,C8942167666,0.0,0.0,C3367665472,1992.79,1992.79,0,0.07333333333333333,0
78,TRANSFER,2785.17,C6341783555,12882.76,10097.59,C6242173772,130449.69,133234.86,0,0.0033333333333333335,0
555,TRANSFER,1.0,C3464975279,0.0,0.0,C2960488639,527.36,528.36,0,0.08,0
658,PAYMENT,9514.63,C9673185158,15823.58,6308.95,M6384311581,0.0,0.0,0,0.0,0
461,PAYMENT,96.38,C7829772942,1952.82,1856.44,M1099218439,0.0,0.0,0,0.0,0
75,PAYMENT,6.28,C2419931729,3116.02,3109.74,M7948094928,0.0,0.0,0,0.0,0
292,CASH_OUT,162.79,C1248704157,216.08,53.29,C4037867512,121.69,121.69,0,0.0033333333333333335,0
424,PAYMENT,3147.68,C7824150224,3592.34,444.66,M6525576685,0.0,0.0,0,0.0,0
707,CASH_OUT,211.37,C8033062794,344.3,132.93,C6711463258,178.5,178.5,0,0.02666666666666667,0
117,CASH_OUT,3138.38,C9958044697,2747.49,0.0,C6300607425,541.77,541.77,1,0.06,0
60,CASH_IN,272.13,C2825957977,4656.17,4928.3,C3476426797,82842.1,82842.1,0,0.0,0
504,CASH_IN,95657.24,C9717175839,17895.87,113553.11,C4037270171,13421.09,13421.09,0,0.0,0
32,TRANSFER,387.57,C1182758417,1073.07,685.5,C3206955437,0.0,387.57,0,0.006666666666666667,0
48,PAYMENT,2257.62,C1730074215,151780.49,149522.87,M4160161496,0.0,0.0,0,0.0,0
459,TRANSFER,6990.35,C3853978147,137061.33,130070.98,C4413838650,112649.43,119639.78,0,0.0,0
507,CASH_OUT,4.45,C4586784711,19081.83,19077.38,C3975704877,0.0,0.0,0,0.013333333333333334,0
184,TRANSFER,2240.38,C5861829469,4756.47,2516.09,C2965164102,25330.65,27571.03,0,0.0,0
159,PAYMENT,3.25,C3367665472,1992.79,1989.54,M6275155878,0.0,0.0,0,0.0,0
293,PAYMENT,1.0,C3424843951,0.0,0.0,M7230477043,0.0,0.0,0,0.0,0
51,DEBIT,681.88,C1770278136,2635.72,1953.84,M9631695368,0.0,0.0,0,0.01,0
83,TRANSFER,5565.93,C7430757004,7703.56,2137.63,C3799264931,9.56,5575.49,0,0.0,0
422,CASH_OUT,10695.99,C3521166052,34410.9,23714.91,C2268006448,1148.82,1148.82,0,0.0033333333333333335,0
444,PAYMENT,438.79,C1993998848,596.43,157.64,M7168105904,0.0,0.0,0,0.0,0
224,TRANSFER,9209.71,C5333183840,12083.59,2873.88,C9165632300,835.4,10045.11,0,0.0,0
204,PAYMENT,434.21,C2464137110,615.97,181.76,M2541015125,0.0,0.0,0,0.0,0
79,DEBIT,2.25,C1785418196,3.21,0.96,M6401844042,0.0,0.0,0,0.02666666666666667,0
328,TRANSFER,12.22,C8669484644,1821.53,1809.31,C8377088167,972.28,984.5,0,0.0,0
717,TRANSFER,3131.28,C1004665657,117944.99,114813.71,C1234359689,21084.22,24215.5,0,0.0,0
593,CASH_OUT,3445.6,C3660223333,2981.23,0.0,M7717262223,0.0,0.0,1,0.18,0
693,TRANSFER,2954.49,C8318855178,12368.68,9414.19,C7074050517,0.0,2954.49,0,0.01,0
66,PAYMENT,1480.47,C5861829469,2516.09,1035.62,M4122901114,0.0,0.0,0,0.0,0
77,PAYMENT,12409.76,C6904897514,42747.89,30338.13,M1466305100,0.0,0.0,0,0.0,0
146,DEBIT,53.9,C9432088993,71.36,17.46,M4456193555,0.0,0.0,0,0.023333333333333334,0
532,TRANSFER,1264.32,C3651552513,1798.61,534.29,M7341757401,0.0,0.0,1,0.20333333333333334,0
209,DEBIT,4637.78,C5151086814,282520.66,277882.88,M1504729135,0.0,0.0,0,0.006666666666666667,0
498,TRANSFER,2234.1,C7556046460,2580.46,346.36,M6361225622,0.0,0.0,1,0.3,0
512,CASH_OUT,833.94,C6698759353,1146.09,312.15,M9590331226,0.0,0.0,1,0.03,0
450,TRANSFER,250.09,C7597996327,658.11,408.02,C7887950851,0.0,250.09,0,0.05,0
607,TRANSFER,223.99,C8274219704,589.64,365.65,C9547119184,11053.98,11277.97,0,0.0033333333333333335,0
318,PAYMENT,24079.35,C6963052185,187261.39,163182.04,M4554178984,0.0,0.0,0,0.0,0
309,TRANSFER,131284.94,C6974875750,180337.71,49052.77,M2635881694,0.0,0.0,1,0.25666666666666665,0
162,TRANSFER,510.88,C6218484323,2358.46,1847.58,C2349641712,0.0,510.88,0,0.006666666666666667,0
562,CASH_OUT,1.0,C2836553621,0.0,0.0,C4277581356,1315.89,1315.89,0,0.043333333333333335,0
626,TRANSFER,73323.51,C5403510324,130034.73,56711.22,C9484167278,0.0,73323.51,0,0.0033333333333333335,0
449,TRANSFER,3882.81,C7660813178,18069.49,14186.68,C8531118333,195.98,4078.79,0,0.016666666666666666,0
175,PAYMENT,1.0,C2586568081,0.77,0.0,M7969674420,0.0,0.0,0,0.0,0
96,DEBIT,263.86,C3553440342,443.21,179.35,M3192202822,0.0,0.0,0,0.01,0
154,TRANSFER,244.46,C7845366946,1490.83,1246.37,C7475684019,86652.54,86897.0,0,0.0,0
353,CASH_OUT,24675.43,C3426665919,28609.01,3933.58,M7570511906,0.0,0.0,1,0.0033333333333333335,0
156,CASH_OUT,316.49,C1484664056,731.78,415.29,C3694860228,0.0,0.0,0,0.006666666666666667,0
427,CASH_OUT,1.0,C5763350700,0.0,0.0,C7894019119,0.0,0.0,0,0.08666666666666667,0
45,TRANSFER,17944.54,C5625342041,104040.24,86095.7,C6496933442,354.81,18299.35,0,0.0,0
90,DEBIT,523.37,C4356175095,718.49,195.12,M9288057824,0.0,0.0,0,0.01,0
51,PAYMENT,5732.68,C7872090713,6977.61,1244.93,M7282885927,0.0,0.0,0,0.0,0
573,PAYMENT,3089.47,C2076151332,73827.14,70737.67,M9410569618,0.0,0.0,0,0.0,0
165,TRANSFER,1369.95,C7085004726,1318.07,0.0,C7805633786,136788.69,136788.69,1,0.0,0
668,TRANSFER,323.88,C8991678061,344.5,20.62,M1199447370,0.0,0.0,1,0.17,0
29,TRANSFER,384.77,C7824150224,444.66,59.89,C4579265601,13.9,13.9,1,0.12333333333333334,0
25,PAYMENT,1.0,C7185179917,0.0,0.0,M4588312351,0.0,0.0,0,0.0,0
379,PAYMENT,739.21,C2613385303,2238.1,1498.89,M8235474949,0.0,0.0,0,0.0,0
520,CASH_OUT,149.02,C8239941612,343.6,194.58,C6642201119,28376.6,28376.6,0,0.006666666666666667,0
350,PAYMENT,1675.09,C8418332121,5893.5,4218.41,M8821456242,0.0,0.0,0,0.0,0
664,TRANSFER,45854.3,C3923823693,65671.3,19817.0,C2409274786,0.0,45854.3,0,0.006666666666666667,0
464,TRANSFER,27665.65,C1506211965,79753.09,52087.44,C6069848439,0.0,27665.65,0,0.0033333333333333335,0
237,CASH_OUT,801.32,C8779941999,775.58,0.0,C6329589780,197152.96,197152.96,1,0.006666666666666667,0
719,CASH_OUT,1076.94,C4106464319,1840.5,763.56,C6461974809,0.0,0.0,0,0.03666666666666667,0
359,TRANSFER,117405.79,C2633177480,151296.19,33890.4,M8458323087,0.0,0.0,1,0.27,0
549,CASH_OUT,22.23,C4042413312,33.73,11.5,C2869999754,32142.35,32142.35,0,0.01,0
584,CASH_OUT,1.0,C1005502537,0.0,0.0,C8122042835,4999.93,4999.93,0,0.023333333333333334,0
219,CASH_OUT,20824.11,C1439427140,19859.12,0.0,C9411532909,4619.99,4619.99,1,0.05,0
362,CASH_OUT,79555.53,C6852312425,150749.61,71194.08,C2732553940,161369.48,161369.48,0,0.0,0
161,PAYMENT,2876.96,C3589530484,18274.25,15397.29,M8443061472,0.0,0.0,0,0.0,0
558,CASH_OUT,13388.71,C4322510552,21170.78,7782.07,C8833889083,3623.95,3623.95,0,0.0033333333333333335,0
713,CASH_OUT,5136.72,C8370987661,4793.88,0.0,C4524233168,100.62,100.62,1,0.19666666666666666,0
78,TRANSFER,1.0,C2268523764,0.0,0.0,C3206955437,387.57,388.57,0,0.016666666666666666,0
117,PAYMENT,22.75,C8203447752,71412.3,71389.55,M9900829971,0.0,0.0,0,0.0,0
465,TRANSFER,30.82,C4207337120,16627.83,16597.01,C3163970710,161964.82,161995.64,0,0.0,0
461,CASH_OUT,99.22,C5227828349,147.34,48.12,C2331039957,26916.35,26916.35,0,0.023333333333333334,0
103,TRANSFER,7181.49,C3693916084,156699.25,149517.76,C1051354601,0.0,7181.49,0,0.0,0
113,PAYMENT,1.0,C2513206988,0.0,0.0,M7341757401,0.0,0.0,0,0.0,0
441,CASH_OUT,143433.99,C1340272119,174805.95,31371.96,M9752092528,0.0,0.0,1,0.013333333333333334,0
476,PAYMENT,1.0,C4877520294,0.0,0.0,M3317856944,0.0,0.0,0,0.0,0
560,CASH_OUT,3480.14,C4564751926,127157.13,123676.99,C4022360089,0.0,0.0,0,0.01,0
24,TRANSFER,2432.14,C7146318035,177435.42,175003.28,C9592390865,13567.52,15999.66,0,0.0,0
588,TRANSFER,24922.56,C8075122626,25785.85,863.29,C2174793230,422.44,422.44,1,0.13,0
655,TRANSFER,3446.19,C9067664957,3461.25,15.06,M6558769264,0.0,0.0,1,0.54,1
661,CASH_OUT,1.0,C1870644102,0.0,0.0,C9381721143,2867.5,2867.5,0,0.023333333333333334,0
355,CASH_OUT,267.19,C1361845490,342.53,75.34,C6633778586,283.83,283.83,1,0.01,0
186,CASH_OUT,174584.56,C4518871744,205762.6,31178.04,M8768773991,0.0,0.0,1,0.0,0
239,CASH_OUT,41861.97,C6588252632,86974.79,45112.82,C4572433066,0.0,0.0,0,0.0,0
666,PAYMENT,8492.21,C8012696455,76532.97,68040.76,M6732306182,0.0,0.0,0,0.0,0
204,CASH_OUT,1.0,C5418232833,0.0,0.0,C6241752544,8947.5,8947.5,0,0.0,0
376,PAYMENT,16.95,C7002076563,19.93,2.98,M9977193987,0.0,0.0,0,0.0,0
194,PAYMENT,1186.65,C9454207717,21333.73,20147.08,M9933702652,0.0,0.0,0,0.0,0
279,PAYMENT,20700.47,C6719736115,164631.74,143931.27,M1999913493,0.0,0.0,0,0.0,0
147,TRANSFER,7186.95,C8570333548,38361.0,31174.05,C8115628227,552.54,7739.49,0,0.0,0
690,CASH_IN,7954.76,C2960488639,528.36,8483.12,C1421776124,69.66,69.66,0,0.0,0
12,TRANSFER,3407.97,C4332894265,3110.94,0.0,M6999146585,0.0,0.0,1,0.7,1
228,PAYMENT,2.62,C8012696455,68040.76,68038.14,M6361225622,0.0,0.0,0,0.0,0
353,TRANSFER,7084.77,C6837975356,27904.75,20819.98,C9098129449,10425.29,17510.06,0,0.0,0
427,PAYMENT,1027.43,C1195066088,95985.14,94957.71,M5585110649,0.0,0.0,0,0.0,0
61,PAYMENT,2492.9,C9381721143,2867.5,374.6,M4601406440,0.0,0.0,0,0.0,0
22,PAYMENT,360.86,C6554972315,1024.71,663.85,M5734228580,0.0,0.0,0,0.0,0
651,PAYMENT,1015.08,C3436297208,1351.68,336.6,M8102481401,0.0,0.0,0,0.0,0
469,TRANSFER,1.0,C6628158856,0.0,0.0,C7470843264,0.0,1.0,0,0.22,0
30,CASH_OUT,1.0,C1682781467,0.0,0.0,C2591589823,521.53,521.53,0,0.006666666666666667,0
390,TRANSFER,691.03,C8612747444,624.03,0.0,M2773408660,0.0,0.0,1,0.27666666666666667,0
220,TRANSFER,38765.78,C8369792370,72740.97,33975.19,C9094089209,118345.44,157111.22,0,0.0,0
54,TRANSFER,842.83,C2774884818,1084.09,241.26,C8755749566,30151.7,30994.53,1,0.0,0
63,PAYMENT,4904.34,C5800633419,13920.65,9016.31,M2136107759,0.0,0.0,0,0.0,0
712,TRANSFER,945.19,C2878930355,937.18,0.0,M6498703287,0.0,0.0,1,0.36333333333333334,0
574,PAYMENT,239.55,C8453283834,42155.32,41915.77,M3517195150,0.0,0.0,0,0.0,0
520,CASH_OUT,227053.41,C6691628146,204759.53,0.0,M4665677395,0.0,0.0,1,0.21666666666666667,0
96,TRANSFER,1305.0,C8178361487,1282.07,0.0,C7287517250,8474.07,8474.07,1,0.0,0
593,TRANSFER,116136.52,C7190276026,155769.61,39633.09,C7573691558,48467.66,48467.66,1,0.0033333333333333335,0
657,DEBIT,1.0,C2699887270,0.0,0.0,M3831598303,0.0,0.0,0,0.05333333333333334,0
40,DEBIT,1.0,C1870644102,0.0,0.0,M5412437658,0.0,0.0,0,0.02666666666666667,0
222,PAYMENT,1.0,C9958044697,0.0,0.0,M3517195150,0.0,0.0,0,0.0,0
330,CASH_OUT,1.0,C5293274004,0.91,0.0,C4635552887,285805.66,285805.66,0,0.0,0
563,TRANSFER,1685.2,C7389111087,1817.5,132.3,M7453081889,0.0,0.0,1,0.28,0
572,TRANSFER,3899.62,C8690920484,3812.78,0.0,M3119908041,0.0,0.0,1,0.9466666666666667,1
194,PAYMENT,6248.94,C4586139213,73038.48,66789.54,M8861351706,0.0,0.0,0,0.0,0
375,TRANSFER,1.0,C8184602688,999.02,998.02,C6336171726,11.9,12.9,0,0.08333333333333333,0
185,PAYMENT,1463.14,C6340003593,203607.33,202144.19,M1099218439,0.0,0.0,0,0.0,0
422,DEBIT,1.0,C5694806361,0.0,0.0,M1413599241,0.0,0.0,0,0.04666666666666667,0
440,CASH_IN,66228.6,C9974165440,0.0,66228.6,C3780439666,64295.38,64295.38,0,0.0,0
237,CASH_OUT,1598.68,C6169243284,4286.57,2687.89,C4485356009,0.0,0.0,0,0.0033333333333333335,0
115,TRANSFER,157875.42,C3776011793,154110.29,0.0,M3846182436,0.0,0.0,1,0.9766666666666667,1
337,CASH_OUT,48416.53,C8833399096,56052.8,7636.27,C9908115095,125.25,125.25,0,0.0,0
402,TRANSFER,95301.27,C2067970820,91285.01,0.0,M4390543744,0.0,0.0,1,0.8566666666666667,1
510,TRANSFER,7315.76,C8115628227,7739.49,423.73,M4160161496,0.0,0.0,1,0.3233333333333333,0
148,TRANSFER,16162.52,C9467483275,13983.69,0.0,M8869140487,0.0,0.0,1,0.9,1
468,CASH_OUT,46806.38,C7838460497,65505.27,18698.89,C7475684019,86897.0,86897.0,0,0.0,0
209,TRANSFER,529.57,C3614915281,480.31,0.0,M5937271321,0.0,0.0,1,0.26,0
202,TRANSFER,1.0,C7910439839,0.0,0.0,C1809283659,248366.21,248367.21,0,0.0,0
108,PAYMENT,1.0,C2601198885,0.0,0.0,M6732306182,0.0,0.0,0,0.0033333333333333335,0
84,TRANSFER,1.0,C3958590550,0.0,0.0,C8012696455,68038.14,68039.14,0,0.0,0
490,TRANSFER,1667.06,C8370987661,2059.65,392.59,M9896529524,0.0,0.0,1,0.26666666666666666,0
124,TRANSFER,98091.8,C3102209245,104242.68,6150.88,C5899025962,179.94,98271.74,0,0.0,0
604,TRANSFER,144138.01,C2952996248,182650.22,38512.21,M2910594463,0.0,0.0,1,0.30666666666666664,0
350,CASH_OUT,194.08,C6961554653,217.18,23.1,M5990749811,0.0,0.0,1,0.016666666666666666,0
468,TRANSFER,26464.4,C3875303857,30605.75,4141.35,C6038780151,46.36,26510.76,0,0.013333333333333334,0
280,CASH_OUT,54446.57,C5735817014,67185.45,12738.88,M6999146585,0.0,0.0,1,0.0033333333333333335,0
477,DEBIT,108.92,C5268845844,160.25,51.33,M4035639663,0.0,0.0,0,0.02666666666666667,0
569,PAYMENT,13463.52,C8760642358,35495.01,22031.49,M7717262223,0.0,0.0,0,0.0,0
681,CASH_OUT,817.73,C1662976399,2906.62,2088.89,C7858937483,0.0,0.0,0,0.02,0
465,CASH_OUT,2729.2,C6562434335,97717.42,94988.22,C5633956194,372.63,372.63,0,0.0,0
659,TRANSFER,1.0,C3127657643,0.0,0.0,C2850820685,38561.28,38562.28,0,0.0033333333333333335,0
120,PAYMENT,19.87,C9943959352,46.74,26.87,M1442421654,0.0,0.0,0,0.0,0
422,CASH_OUT,513.48,C4163119785,957.51,444.03,C4289233844,157549.58,157549.58,0,0.01,0
693,CASH_OUT,147656.68,C5728897164,148741.45,1084.77,C9798613995,2839.18,2839.18,1,0.0,0
409,DEBIT,6228.36,C6880115912,116930.28,110701.92,M9921025990,0.0,0.0,0,0.016666666666666666,0
422,DEBIT,1.0,C4682870880,0.0,0.0,M7664045502,0.0,0.0,0,0.04666666666666667,0
136,TRANSFER,8062.9,C4895020135,95182.21,87119.31,C4440904834,3586.52,11649.42,0,0.0,0
438,PAYMENT,1.0,C2224363672,0.0,0.0,M8646369354,0.0,0.0,0,0.0,0
236,PAYMENT,2.35,C7751356568,311.46,309.11,M6583604299,0.0,0.0,0,0.0,0
464,PAYMENT,1469.55,C5693307665,21573.56,20104.01,M4122901114,0.0,0.0,0,0.0,0
201,PAYMENT,36.68,C4106464319,763.56,726.88,M4399143287,0.0,0.0,0,0.0,0
68,DEBIT,19098.89,C2914590233,62761.62,43662.73,M7948094928,0.0,0.0,0,0.006666666666666667,0
5,DEBIT,1.0,C2041349374,0.0,0.0,M5315720088,0.0,0.0,0,0.03333333333333333,0
657,TRANSFER,5.13,C6619138852,10.23,5.1,C6186758088,553.03,558.16,0,0.056666666666666664,0
529,TRANSFER,167.69,C2139027119,232.88,65.19,M3705237613,0.0,0.0,1,0.17,0
657,TRANSFER,3591.74,C9830946410,4547.84,956.1,M3369412470,0.0,0.0,1,0.3233333333333333,0
398,CASH_IN,798.0,C2479679716,20.07,818.07,C5536224717,62118.76,62118.76,0,0.0,0
716,TRANSFER,61862.13,C7004510516,73910.93,12048.8,C6623360831,2877.52,64739.65,0,0.0,0
364,CASH_OUT,7037.41,C7098134112,8800.06,1762.65,C9376711497,1160.38,1160.38,0,0.0033333333333333335,0
543,CASH_OUT,144.62,C3667292043,139.49,0.0,C6645808194,0.0,0.0,1,0.07333333333333333,0
26,CASH_OUT,25970.86,C8300300577,122042.28,96071.42,C6952554500,9547.04,9547.04,0,0.0,0
614,CASH_OUT,2790.45,C9333490239,2349.37,0.0,M2418407139,0.0,0.0,1,0.16,0
455,CASH_OUT,34828.58,C9493209128,33503.72,0.0,M2121448210,0.0,0.0,1,0.11333333333333333,0
468,TRANSFER,242.45,C1847275937,334.86,92.41,C8394198376,0.0,0.0,1,0.16333333333333333,0
444,CASH_OUT,17994.33,C4470591645,18110.29,115.96,C2940955281,70.36,70.36,1,0.06333333333333334,0
609,DEBIT,68.69,C9805620900,76.09,7.4,M6865994703,0.0,0.0,0,0.03333333333333333,0
719,TRANSFER,240.05,C3975418439,839.69,599.64,C9929101065,0.0,240.05,0,0.07,0
48,TRANSFER,14404.52,C5992908271,15989.72,1585.2,M8728631945,0.0,0.0,1,0.24,0
48,CASH_OUT,2444.06,C5284391408,2670.97,226.91,M3223687972,0.0,0.0,1,0.0,0
223,PAYMENT,580.58,C9752058817,59644.49,59063.91,M4158643786,0.0,0.0,0,0.0,0
31,PAYMENT,920.79,C5877639950,1837.66,916.87,M7960713821,0.0,0.0,0,0.0,0
649,PAYMENT,503.66,C3197757742,15848.73,15345.07,M7282885927,0.0,0.0,0,0.0,0
265,TRANSFER,1.0,C3694860228,0.0,0.0,C6655089949,9.63,10.63,0,0.19666666666666666,0
194,PAYMENT,270.05,C9381721143,374.6,104.55,M8727805468,0.0,0.0,0,0.0,0
100,PAYMENT,897.44,C9138644862,5708.58,4811.14,M4122901114,0.0,0.0,0,0.0,0
311,DEBIT,1.0,C3694860228,0.0,0.0,M4390543744,0.0,0.0,0,0.04,0
631,PAYMENT,400.76,C1834624758,23547.42,23146.66,M7717262223,0.0,0.0,0,0.0,0
680,CASH_OUT,1.0,C6859286614,0.0,0.0,C4486522557,100442.39,100442.39,0,0.0033333333333333335,0
416,TRANSFER,8659.22,C1674555072,9805.5,1146.28,M6771941776,0.0,0.0,1,0.27666666666666667,0
637,CASH_OUT,11886.01,C2075413763,16725.11,4839.1,M9896529524,0.0,0.0,1,0.016666666666666666,0
561,CASH_OUT,2201.25,C8953271391,2991.92,790.67,C1857596764,2463.67,2463.67,1,0.013333333333333334,0
593,CASH_OUT,6396.16,C5659161352,7734.61,1338.45,M9523139706,0.0,0.0,1,0.023333333333333334,0
630,CASH_OUT,7910.67,C7287517250,8474.07,563.4,C3400244542,33301.37,33301.37,1,0.0033333333333333335,0
27,CASH_OUT,8867.91,C8318855178,9414.19,546.28,M6011842297,0.0,0.0,1,0.0033333333333333335,0
345,TRANSFER,5940.1,C1261903104,5606.71,0.0,C9837912162,1611.27,1611.27,1,0.1,0
639,CASH_OUT,1.0,C8690920484,0.0,0.0,C5367513465,151892.22,151892.22,0,0.0,0
463,PAYMENT,12584.28,C1230624431,15507.93,2923.65,M1442421654,0.0,0.0,0,0.0,0
506,TRANSFER,1654.79,C2812140441,2220.6,565.81,M8910440683,0.0,0.0,1,0.29,0
199,CASH_OUT,82.8,C8441393731,80.98,0.0,M6732306182,0.0,0.0,1,0.023333333333333334,0
320,PAYMENT,2564.66,C1667779376,2826.61,261.95,M9900829971,0.0,0.0,0,0.0,0
145,PAYMENT,23849.31,C7857580528,160073.21,136223.9,M3297681898,0.0,0.0,0,0.0,0
374,PAYMENT,21753.39,C8117478955,166392.5,144639.11,M8218146534,0.0,0.0,0,0.0,0
266,TRANSFER,13980.21,C1792214339,124342.14,110361.93,C6554972315,663.85,14644.06,0,0.0,0
172,PAYMENT,45.17,C1288335378,90.77,45.6,M7750131975,0.0,0.0,0,0.0,0
323,PAYMENT,110.14,C7186766399,91676.68,91566.54,M1857561275,0.0,0.0,0,0.0,0
644,TRANSFER,1279.07,C1121863227,1609.01,329.94,M9773795424,0.0,0.0,1,0.20333333333333334,0
287,CASH_OUT,624.67,C2654584280,804.03,179.36,M1343875431,0.0,0.0,1,0.013333333333333334,0
713,CASH_IN,193.71,C8322868827,0.0,193.71,C8636525027,101747.73,101747.73,0,0.0,0
336,PAYMENT,322.3,C3361388464,365.25,42.95,M7664045502,0.0,0.0,0,0.0,0
534,PAYMENT,33.8,C6582557981,83.81,50.01,M8083396378,0.0,0.0,0,0.0,0
401,DEBIT,1.77,C6477862024,4.79,3.02,M4952177946,0.0,0.0,0,0.03666666666666667,0
187,CASH_OUT,6272.17,C6241752544,8947.5,2675.33,C3623588379,0.0,0.0,0,0.0,0
106,CASH_OUT,43404.95,C2076151332,70737.67,27332.72,C7380780055,5861.86,5861.86,0,0.0,0
657,PAYMENT,742.9,C3783009621,1705.74,962.84,M2303835765,0.0,0.0,0,0.0,0
605,CASH_OUT,8145.78,C1293864877,11388.46,3242.68,M1694904767,0.0,0.0,1,0.02,0
717,CASH_OUT,174742.79,C1067198189,184305.14,9562.35,C6623360831,64739.65,64739.65,1,0.0,0
199,CASH_OUT,1390.48,C5945359606,1807.9,417.42,M6384311581,0.0,0.0,1,0.0,0
120,TRANSFER,5662.61,C9421518487,12587.3,6924.69,C6929897032,0.0,5662.61,0,0.0,0
393,CASH_OUT,4328.3,C1594312071,18842.85,14514.55,C6875597607,88515.67,88515.67,0,0.0,0
159,PAYMENT,6309.59,C7857580528,136223.9,129914.31,M9631695368,0.0,0.0,0,0.0,0
452,CASH_OUT,1162.62,C2237386857,1312.04,149.42,C3438771483,1548.57,1548.57,0,0.056666666666666664,0
98,CASH_OUT,5229.66,C2079501936,4489.15,0.0,C3369305560,23091.44,23091.44,1,0.006666666666666667,0
162,PAYMENT,114.68,C8761469117,230.16,115.48,M8144352013,0.0,0.0,0,0.0,0
113,CASH_OUT,54451.47,C4310415016,91054.27,36602.8,C6894808149,1445.48,1445.48,0,0.0,0
346,CASH_OUT,625.99,C7077131430,153092.82,152466.83,C5307145891,137891.92,137891.92,0,0.0,0
134,TRANSFER,16.01,C7079234115,77.57,61.56,C9579064478,5.1,21.11,0,0.11666666666666667,0
173,TRANSFER,71531.18,C8243746556,86063.88,14532.7,C7988845536,605.9,72137.08,0,0.0,0
260,PAYMENT,1.0,C5578929439,0.0,0.0,M7270955446,0.0,0.0,0,0.0,0
514,PAYMENT,1.0,C2242377075,0.0,0.0,M7366396017,0.0,0.0,0,0.0,0
648,CASH_OUT,279.29,C6611356986,45944.09,45664.8,C4427620889,157.2,157.2,0,0.01,0
247,TRANSFER,4578.54,C1885113834,6994.94,2416.4,C6168291913,444.35,5022.89,0,0.0,0
592,CASH_OUT,583.42,C8709361138,538.35,0.0,C9166381136,8561.28,8561.28,1,0.05333333333333334,0
406,CASH_OUT,89152.31,C2752536389,90460.13,1307.82,C2327372855,44701.81,44701.81,1,0.0,0
315,CASH_OUT,6076.7,C9673185158,6308.95,232.25,C2439622619,115256.74,115256.74,1,0.0,0
192,CASH_OUT,15.48,C7529817193,64.94,49.46,C4455798713,80887.8,80887.8,0,0.0033333333333333335,0
516,PAYMENT,1.0,C8235363119,0.0,0.0,M8740820392,0.0,0.0,0,0.0,0
208,CASH_OUT,420.4,C4455798713,80887.8,80467.4,C6582557981,50.01,50.01,0,0.0,0
145,TRANSFER,3699.46,C5409514899,13411.37,9711.91,C6385791669,6908.68,10608.14,0,0.0,0
148,TRANSFER,1375.39,C1459442845,207688.78,206313.39,C1586412136,0.0,1375.39,0,0.0033333333333333335,0
230,CASH_OUT,33158.26,C8758809005,34538.7,1380.44,M2136107759,0.0,0.0,1,0.0,0
267,CASH_OUT,13.81,C1248704157,53.29,39.48,C3783290795,133879.92,133879.92,0,0.0,0
177,PAYMENT,10418.22,C2094024844,39927.44,29509.22,M1368287033,0.0,0.0,0,0.0,0
115,TRANSFER,148840.41,C7910817577,145112.97,0.0,C4274374218,3116.83,3116.83,1,0.17,0
527,PAYMENT,2042.8,C1484230338,2823.1,780.3,M8869140487,0.0,0.0,0,0.0,0
19,PAYMENT,137.41,C3780439666,64295.38,64157.97,M2773408660,0.0,0.0,0,0.0,0
4,PAYMENT,1.0,C8458717057,0.0,0.0,M7340036327,0.0,0.0,0,0.0,0
502,CASH_OUT,1194.86,C8902275119,1134.96,0.0,M7366396017,0.0,0.0,1,0.22666666666666666,0
404,TRANSFER,101.66,C5952894290,141.22,39.56,M7050091525,0.0,0.0,1,0.15666666666666668,0
692,PAYMENT,167.87,C2173242669,17169.25,17001.38,M9065458220,0.0,0.0,0,0.0,0
78,PAYMENT,292.88,C7183058541,381.69,88.81,M1694904767,0.0,0.0,0,0.0,0
205,PAYMENT,110.71,C5911625145,14220.43,14109.72,M3313346852,0.0,0.0,0,0.0,0
615,TRANSFER,111394.88,C5754363475,121427.17,10032.29,M9776500600,0.0,0.0,1,0.3233333333333333,0
439,PAYMENT,1.0,C8761956684,0.0,0.0,M8389750357,0.0,0.0,0,0.0,0
514,PAYMENT,432.58,C3734252963,1381.93,949.35,M1694904767,0.0,0.0,0,0.0,0
583,CASH_OUT,1286.66,C1596471620,1126.7,0.0,C9189503254,1315.59,1315.59,1,0.14333333333333334,0
676,TRANSFER,8232.8,C4310415016,36602.8,28370.0,C8168036130,11908.04,20140.84,0,0.0,0
312,DEBIT,7591.09,C3280805846,10411.5,2820.41,M2916502228,0.0,0.0,0,0.02,0
488,PAYMENT,1364.3,C8999963054,30110.96,28746.66,M9558906999,0.0,0.0,0,0.0,0
400,CASH_OUT,1633.86,C8982597239,2075.7,441.84,C8160279830,105503.85,105503.85,0,0.0,0
287,TRANSFER,1180.94,C2613385303,1498.89,317.95,C6477862024,3.02,1183.96,1,0.0,0
272,TRANSFER,10133.47,C7299420031,15122.94,4989.47,C9558091177,136759.81,146893.28,0,0.0,0
313,TRANSFER,34.34,C3550908958,37.66,3.32,C2960432117,56371.36,56405.7,0,0.0,0
256,PAYMENT,8259.85,C6566372886,8498.49,238.64,M6932365592,0.0,0.0,0,0.0,0
665,CASH_OUT,491.48,C3574081104,545.21,53.73,M6659847491,0.0,0.0,1,0.03,0
296,PAYMENT,20387.29,C2308496151,23155.64,2768.35,M1413599241,0.0,0.0,0,0.0,0
259,PAYMENT,1.0,C9957643727,0.0,0.0,M2711123163,0.0,0.0,0,0.0,0
172,DEBIT,345.41,C6638034087,1274.23,928.82,M6820149016,0.0,0.0,0,0.01,0
284,TRANSFER,1336.78,C7083067988,4215.55,2878.77,C2295574037,345.3,1682.08,0,0.0,0
348,PAYMENT,295.5,C6795522649,454.85,159.35,M5937271321,0.0,0.0,0,0.0,0
277,PAYMENT,49.12,C1051354601,7181.49,7132.37,M8869140487,0.0,0.0,0,0.0,0
151,TRANSFER,1509.56,C4012917912,1941.59,432.03,M6732306182,0.0,0.0,1,0.12333333333333334,0
405,CASH_OUT,20877.83,C8505373158,29259.72,8381.89,M3369412470,0.0,0.0,1,0.0,0
475,DEBIT,187.16,C1691293717,400.17,213.01,M2839566253,0.0,0.0,0,0.023333333333333334,0
224,CASH_OUT,219.15,C2382129132,272.28,53.13,M1122712790,0.0,0.0,1,0.0,0
386,CASH_OUT,1100.39,C5428082088,1475.28,374.89,C1293864877,3242.68,3242.68,0,0.0,0
190,CASH_OUT,414.56,C7061419749,711.74,297.18,C8833399096,7636.27,7636.27,0,0.013333333333333334,0
709,CASH_OUT,4615.17,C5883933127,3897.84,0.0,C2317723211,895.05,895.05,1,0.24333333333333335,0
517,CASH_OUT,62898.9,C7575259637,63431.03,532.13,C6691628146,0.0,0.0,1,0.03666666666666667,0
567,TRANSFER,12792.8,C5612645121,15639.38,2846.58,C8666074487,40295.24,53088.04,0,0.0033333333333333335,0
518,TRANSFER,51828.1,C4345526911,53118.14,1290.04,M4892544235,0.0,0.0,1,0.32666666666666666,0
470,CASH_IN,10173.32,C1667483244,927.73,11101.05,C7887950851,250.09,250.09,0,0.0,0
38,PAYMENT,84.33,C9343730920,142.72,58.39,M6282009986,0.0,0.0,0,0.0,0
403,PAYMENT,1.0,C8316648259,0.0,0.0,M8910440683,0.0,0.0,0,0.0,0
472,CASH_OUT,653.03,C9523104008,643.72,0.0,M5937271321,0.0,0.0,1,0.20333333333333334,0
549,DEBIT,16.76,C4783282817,716.25,699.49,M6651754819,0.0,0.0,0,0.023333333333333334,0
270,CASH_OUT,35724.48,C4203205881,37581.54,1857.06,C3694860228,0.0,0.0,1,0.0,0
307,PAYMENT,1.0,C7462972995,0.0,0.0,M6401844042,0.0,0.0,0,0.0,0
142,DEBIT,1342.84,C8949781901,94749.94,93407.1,M1676220116,0.0,0.0,0,0.0033333333333333335,0
129,PAYMENT,331.91,C2428156550,1306.14,974.23,M8643636805,0.0,0.0,0,0.0,0
484,PAYMENT,21677.2,C6611356986,45664.8,23987.6,M3580582653,0.0,0.0,0,0.0,0
336,TRANSFER,3518.54,C7074050517,2954.49,0.0,M2586712032,0.0,0.0,1,0.7566666666666667,1
559,CASH_OUT,1083.39,C4735334423,1306.56,223.17,C2405746777,7396.04,7396.04,0,0.01,0
373,CASH_OUT,22979.32,C4131356954,31539.6,8560.28,C4492602049,0.0,0.0,1,0.0,0
90,DEBIT,5513.93,C1051354601,7132.37,1618.44,M8389750357,0.0,0.0,0,0.02,0
13,TRANSFER,1.0,C1569113257,0.0,0.0,C9245348297,198210.02,198211.02,0,0.0,0
217,CASH_IN,13695.39,C9863781331,1.0,13696.39,C4482238042,146653.12,146653.12,0,0.0,0
540,PAYMENT,1.0,C8387664437,0.0,0.0,M6313472215,0.0,0.0,0,0.0,0
114,CASH_OUT,3220.68,C9912233947,4127.21,906.53,C2941508568,22854.4,22854.4,1,0.0,0
684,PAYMENT,1.0,C2268523764,0.0,0.0,M3595066420,0.0,0.0,0,0.0,0
404,DEBIT,7945.61,C2646331504,14146.39,6200.78,M5891831621,0.0,0.0,0,0.02,0
114,DEBIT,924.96,C9463197203,1308.63,383.67,M3495411322,0.0,0.0,0,0.01,0
566,CASH_IN,77426.0,C1541964762,89599.55,167025.55,C9292791081,0.0,0.0,0,0.0,0
71,TRANSFER,7432.18,C3791027186,9634.95,2202.77,C6673381261,51558.04,58990.22,0,0.0,0
313,TRANSFER,1755.85,C3057629778,2150.75,394.9,M8548290298,0.0,0.0,1,0.17666666666666667,0
441,PAYMENT,15823.16,C6963052185,163182.04,147358.88,M5067400473,0.0,0.0,0,0.0,0
406,CASH_IN,83791.45,C9309500117,1774.41,85565.86,C2047905204,26198.87,26198.87,0,0.0,0
359,TRANSFER,1746.24,C5856127658,2698.18,951.94,C1370292681,1454.81,3201.05,0,0.0033333333333333335,0
393,PAYMENT,5284.74,C8419590655,10791.14,5506.4,M6771941776,0.0,0.0,0,0.0,0
439,CASH_OUT,693.74,C1600406558,1089.43,395.69,C1691293717,213.01,213.01,0,0.06,0
558,TRANSFER,4633.3,C6955593943,4312.05,0.0,C2965254350,4739.84,4739.84,1,0.25333333333333335,0
18,DEBIT,764.38,C5141285960,100095.45,99331.07,M3605446007,0.0,0.0,0,0.0033333333333333335,0
613,CASH_OUT,21677.9,C3792347639,37887.39,16209.49,C6844582171,1620.62,1620.62,0,0.0033333333333333335,0
13,CASH_OUT,4777.5,C5982744929,4212.27,0.0,C9484167278,73323.51,73323.51,1,0.016666666666666666,0
382,CASH_OUT,13347.82,C4226113732,53643.76,40295.94,C3465883999,102995.6,102995.6,0,0.0,0
381,PAYMENT,6330.51,C6548442140,36642.05,30311.54,M7969674420,0.0,0.0,0,0.0,0
201,PAYMENT,17150.73,C6754503097,21758.65,4607.92,M8821456242,0.0,0.0,0,0.0,0
706,TRANSFER,11556.34,C3197757742,15345.07,3788.73,C5935852056,104046.78,115603.12,0,0.0,0
311,DEBIT,1915.94,C5523703900,2367.9,451.96,M9822499208,0.0,0.0,0,0.016666666666666666,0
466,TRANSFER,275.0,C1590838716,296.98,21.98,C7420846622,3284.24,3284.24,1,0.03,0
481,TRANSFER,137.49,C2617999521,403.09,265.6,C5433722159,66821.67,66959.16,0,0.0,0
22,TRANSFER,5556.7,C2905584866,5908.06,351.36,C2174793230,422.44,422.44,1,0.006666666666666667,0
221,PAYMENT,541.91,C2761091683,943.24,401.33,M5412437658,0.0,0.0,0,0.0,0
592,TRANSFER,660.2,C5861829469,1035.62,375.42,C8390631634,7510.2,8170.4,0,0.01,0
419,CASH_OUT,19389.61,C2047905204,26198.87,6809.26,C6725038117,106606.61,106606.61,1,0.0,0
365,PAYMENT,1.0,C9989642546,0.0,0.0,M4820942294,0.0,0.0,0,0.0,0
655,CASH_OUT,1.0,C2283298067,0.0,0.0,C2617999521,265.6,265.6,0,0.04666666666666667,0
324,PAYMENT,69.88,C3664052763,286.59,216.71,M8548290298,0.0,0.0,0,0.0,0
52,CASH_OUT,4748.13,C9333798503,4190.34,0.0,M6894024976,0.0,0.0,1,0.03333333333333333,0
426,PAYMENT,1.0,C5031086659,0.0,0.0,M8740820392,0.0,0.0,0,0.0,0
517,CASH_OUT,1.0,C7763765757,0.0,0.0,C3995732958,20951.47,20951.47,0,0.016666666666666666,0
389,CASH_IN,42632.46,C2774884818,241.26,42873.72,C8370987661,392.59,392.59,0,0.0,0
530,CASH_OUT,32651.2,C6548442140,30311.54,0.0,M6865994703,0.0,0.0,1,0.11333333333333333,0
46,TRANSFER,3450.7,C9411532909,4619.99,1169.29,C6582557981,50.01,3500.71,0,0.0033333333333333335,0
470,TRANSFER,51781.27,C3074232200,60857.5,9076.23,M3019265031,0.0,0.0,1,0.2833333333333333,0
16,TRANSFER,3469.39,C2914126243,3492.04,22.65,C8236361108,104126.41,104126.41,1,0.0,0
703,PAYMENT,21.12,C1674755608,95.8,74.68,M6199197408,0.0,0.0,0,0.0,0
703,TRANSFER,60814.26,C2343100352,77675.43,16861.17,M4460319291,0.0,0.0,1,0.27666666666666667,0
206,CASH_OUT,2379.88,C9860949331,2644.2,264.32,M1666898313,0.0,0.0,1,0.0,0
344,PAYMENT,43.31,C2068687175,46.45,3.14,M9410569618,0.0,0.0,0,0.0,0
19,DEBIT,1.0,C3293560436,0.0,0.0,M3690714075,0.0,0.0,0,0.023333333333333334,0
119,TRANSFER,2457.77,C9526836552,2100.22,0.0,M4588312351,0.0,0.0,1,0.6233333333333333,1
293,PAYMENT,4687.79,C4353689019,67813.28,63125.49,M1083302600,0.0,0.0,0,0.0,0
178,TRANSFER,5088.28,C7895255573,4983.58,0.0,M6820149016,0.0,0.0,1,0.77,1
678,DEBIT,30555.13,C6265016831,69053.87,38498.74,M1692044390,0.0,0.0,0,0.02,0
626,PAYMENT,988.95,C1660370908,3188.85,2199.9,M6525576685,0.0,0.0,0,0.0,0
42,CASH_OUT,1182.22,C9189503254,1315.59,133.37,C4207337120,16597.01,16597.01,1,0.0,0
624,CASH_OUT,447.44,C3965572185,886.41,438.97,C1586412136,1375.39,1375.39,0,0.02666666666666667,0
426,CASH_OUT,1.0,C4877520294,0.0,0.0,C3780439666,64157.97,64157.97,0,0.03333333333333333,0
720,CASH_OUT,4096.53,C6756711494,4216.33,119.8,C6961554653,23.1,23.1,1,0.06666666666666667,0
702,CASH_OUT,34087.71,C1378134712,38659.01,4571.3,M9065458220,0.0,0.0,1,0.013333333333333334,0
391,TRANSFER,797.41,C5877639950,916.87,119.46,C5667503195,32109.55,32906.96,0,0.0,0
543,TRANSFER,22106.75,C4277422858,23562.79,1456.04,C7825844140,2.18,22108.93,0,0.013333333333333334,0
572,CASH_OUT,100.52,C6463640105,107.6,7.08,C5728765136,15612.03,15612.03,1,0.013333333333333334,0
310,PAYMENT,25.09,C1288335378,45.6,20.51,M7351460539,0.0,0.0,0,0.0,0
378,CASH_OUT,220.4,C8982597239,441.84,221.44,C4914929023,22139.11,22139.11,0,0.006666666666666667,0
90,CASH_OUT,2240.77,C1678500147,3178.65,937.88,C5891280823,30.53,30.53,1,0.0,0
602,PAYMENT,9.09,C1965067727,32.84,23.75,M3072183247,0.0,0.0,0,0.0,0
348,TRANSFER,2014.39,C9703905715,6445.43,4431.04,C4660390742,27.87,2042.26,0,0.0,0
685,PAYMENT,6103.7,C8390631634,8170.4,2066.7,M8144352013,0.0,0.0,0,0.0,0
635,CASH_OUT,1619.95,C7628981661,1617.77,0.0,C5433722159,66959.16,66959.16,1,0.12666666666666668,0
642,PAYMENT,131.14,C9248046539,201.52,70.38,M1666898313,0.0,0.0,0,0.0,0
85,PAYMENT,2650.63,C1225052083,11789.54,9138.91,M9558906999,0.0,0.0,0,0.0,0
575,PAYMENT,191.56,C8048810275,676.18,484.62,M9776500600,0.0,0.0,0,0.0,0
564,PAYMENT,5235.15,C4152835101,15103.83,9868.68,M1257854279,0.0,0.0,0,0.0,0
191,CASH_OUT,47249.69,C6576426590,44416.69,0.0,M2635881694,0.0,0.0,1,0.01,0
529,PAYMENT,2545.25,C7135394336,44552.48,42007.23,M6763471833,0.0,0.0,0,0.0,0
595,TRANSFER,4673.4,C8252816758,91877.54,87204.14,C7575259637,532.13,5205.53,0,0.0,0
600,CASH_OUT,354.99,C9333490239,331.41,0.0,C7631970791,625.06,625.06,1,0.07333333333333333,0
88,TRANSFER,2171.62,C3836517266,71374.44,69202.82,C5998623100,27614.98,29786.6,0,0.0,0
54,PAYMENT,2757.11,C7637761996,5626.85,2869.74,M7713758036,0.0,0.0,0,0.0,0
565,CASH_OUT,28345.91,C7760554363,32629.15,4283.24,M8727805468,0.0,0.0,1,0.013333333333333334,0
302,CASH_OUT,890.96,C1264739091,1018.21,127.25,C4853479481,116390.0,116390.0,1,0.0,0
353,CASH_OUT,39551.08,C5870891270,52251.79,12700.71,M4892544235,0.0,0.0,1,0.0033333333333333335,0
526,TRANSFER,140.75,C4643576871,119.21,0.0,M4160161496,0.0,0.0,1,0.23,0
453,PAYMENT,20130.19,C2952996248,38512.21,18382.02,M8083396378,0.0,0.0,0,0.0,0
708,PAYMENT,3921.5,C7452729913,208673.98,204752.48,M9523139706,0.0,0.0,0,0.0,0
583,TRANSFER,64.71,C5673482258,6399.04,6334.33,C4765583254,12293.64,12358.35,0,0.006666666666666667,0
192,PAYMENT,49.62,C8852676046,246.4,196.78,M2418407139,0.0,0.0,0,0.0,0
269,CASH_OUT,300.14,C9621419224,391.2,91.06,C4413838650,119639.78,119639.78,0,0.0033333333333333335,0
74,DEBIT,698.17,C4783282817,699.49,1.32,M7750131975,0.0,0.0,0,0.04666666666666667,0
88,PAYMENT,1524.7,C6491309593,2052.14,527.44,M3811254192,0.0,0.0,0,0.0,0
393,PAYMENT,22.63,C1248704157,39.48,16.85,M6515490818,0.0,0.0,0,0.0,0
155,TRANSFER,212.52,C6633778586,283.83,71.31,M6932365592,0.0,0.0,1,0.14333333333333334,0
14,CASH_OUT,318.47,C6924716023,357.9,39.43,C9420979586,17387.5,17387.5,0,0.01,0
89,PAYMENT,1061.45,C7625464411,2704.2,1642.75,M5087280062,0.0,0.0,0,0.0,0
262,CASH_OUT,255.79,C8547068234,955.19,699.4,C7092693247,163.11,163.11,0,0.006666666666666667,0
71,TRANSFER,322.39,C4748302739,2459.35,2136.96,C6904897514,30338.13,30660.52,0,0.0,0
237,TRANSFER,331.34,C4361393222,354.02,22.68,C4110258855,0.0,331.34,1,0.023333333333333334,0
462,PAYMENT,163.91,C4356175095,195.12,31.21,M7664045502,0.0,0.0,0,0.0,0
520,PAYMENT,1.0,C5704029171,0.0,0.0,M7282885927,0.0,0.0,0,0.0,0
496,CASH_OUT,2270.05,C9715314442,3073.8,803.75,C8991977937,111.91,111.91,0,0.02,0
468,TRANSFER,60.42,C8322868827,193.71,133.29,C9987064419,0.0,60.42,0,0.14,0
252,CASH_OUT,1116.0,C2670036982,1883.21,767.21,C6320115677,21550.73,21550.73,0,0.0,0
316,PAYMENT,149.56,C3906611156,377.81,228.25,M6011842297,0.0,0.0,0,0.0,0
551,PAYMENT,1.0,C3434757387,0.0,0.0,M3457877922,0.0,0.0,0,0.0,0
288,TRANSFER,265.39,C1400330495,800.8,535.41,C5877639950,119.46,384.85,0,0.0,0
570,CASH_IN,123188.91,C9098129449,17510.06,140698.97,C5560712830,191.43,191.43,0,0.0,0
10,TRANSFER,1360.05,C8235717104,55291.2,53931.15,C3772636814,0.0,1360.05,0,0.006666666666666667,0
99,DEBIT,1.0,C5862655247,0.0,0.0,M1099218439,0.0,0.0,0,0.02666666666666667,0
83,CASH_OUT,50337.17,C8902114913,77857.59,27520.42,C1659663750,0.0,0.0,0,0.0,0
295,PAYMENT,13100.39,C4466589567,176417.73,163317.34,M4122901114,0.0,0.0,0,0.0,0
697,CASH_OUT,5339.72,C9503787171,4499.84,0.0,C7499349987,127616.58,127616.58,1,0.03333333333333333,0
524,TRANSFER,72104.62,C4413838650,119639.78,47535.16,C6877052039,532.02,72636.64,0,0.0,0
378,CASH_OUT,2140.19,C4647891535,2022.45,0.0,M6041646576,0.0,0.0,1,0.13,0
680,CASH_OUT,55125.08,C8949781901,93407.1,38282.02,C7648059419,0.0,0.0,0,0.01,0
492,CASH_OUT,1661.49,C9403748506,2074.87,413.38,C9989642546,0.0,0.0,1,0.03,0
710,CASH_OUT,214701.49,C2994056084,206654.5,0.0,C5759272717,105449.34,105449.34,1,0.10333333333333333,0
295,CASH_OUT,15.9,C6924716023,39.43,23.53,C5952894290,39.56,39.56,0,0.0,0
285,TRANSFER,1.0,C7508522951,0.0,0.0,C4096932037,54759.69,54760.69,0,0.0,0
245,PAYMENT,1.0,C5036200310,0.48,0.0,M5815678365,0.0,0.0,0,0.0,0
632,CASH_OUT,3716.82,C8480622107,4389.8,672.98,M9620935604,0.0,0.0,1,0.02666666666666667,0
166,TRANSFER,747.97,C7229869819,924.56,176.59,M9068916300,0.0,0.0,1,0.08666666666666667,0
667,CASH_OUT,5721.33,C6306523372,28721.64,23000.31,C5754363475,10032.29,10032.29,0,0.0,0
594,TRANSFER,3272.01,C2878930355,3338.86,66.85,C5686850445,0.0,3272.01,1,0.15333333333333332,0
280,PAYMENT,1.0,C4302632494,0.0,0.0,M3960136787,0.0,0.0,0,0.0,0
117,CASH_OUT,138554.2,C7266763552,156318.96,17764.76,M3965860354,0.0,0.0,1,0.0,0
137,TRANSFER,109625.62,C6719736115,143931.27,34305.65,M9933702652,0.0,0.0,1,0.23,0
565,PAYMENT,35.1,C4605117440,63.23,28.13,M4456193555,0.0,0.0,0,0.0,0
162,PAYMENT,1.0,C3887823121,0.0,0.0,M1647181551,0.0,0.0,0,0.0,0
515,TRANSFER,138351.88,C3693985578,158431.29,20079.41,C2247484671,8505.34,146857.22,0,0.0033333333333333335,0
385,PAYMENT,117.28,C4633257620,249.79,132.51,M8548290298,0.0,0.0,0,0.0,0
224,CASH_OUT,10400.12,C1795212538,86025.42,75625.3,C3128675098,64577.58,64577.58,0,0.0,0
209,PAYMENT,1766.64,C4564751926,123676.99,121910.35,M8667946580,0.0,0.0,0,0.0,0
380,DEBIT,24.04,C1033015788,40.86,16.82,M3660800029,0.0,0.0,0,0.023333333333333334,0
609,PAYMENT,453.97,C3260842187,17608.41,17154.44,M5570190774,0.0,0.0,0,0.0,0
194,PAYMENT,12.24,C1563524533,63939.5,63927.26,M5734228580,0.0,0.0,0,0.0,0
101,CASH_OUT,1.0,C8102515984,0.0,0.0,C9547119184,11277.97,11277.97,0,0.0,0
557,CASH_OUT,132.64,C4274374218,3116.83,2984.19,C6065662867,56.47,56.47,0,0.02,0
30,CASH_IN,14106.58,C6081137534,71.1,14177.68,C4719780110,37908.12,37908.12,0,0.0,0
169,TRANSFER,1.0,C5883933127,0.0,0.0,C7099469983,24115.8,24116.8,0,0.0,0
559,PAYMENT,1197.71,C8285786023,1542.87,345.16,M8643636805,0.0,0.0,0,0.0,0
442,CASH_IN,47448.13,C1248704157,16.85,47464.98,C2479679716,818.07,818.07,0,0.0,0
554,TRANSFER,52741.16,C4413838650,47535.16,0.0,C6000009225,37.08,52778.24,1,0.056666666666666664,0
660,PAYMENT,1.0,C7451071432,0.0,0.0,M3534186676,0.0,0.0,0,0.0,0
542,PAYMENT,168.76,C3465740756,500.92,332.16,M3094407076,0.0,0.0,0,0.0,0
540,PAYMENT,5708.15,C3716924538,15318.87,9610.72,M9523139706,0.0,0.0,0,0.0,0
418,DEBIT,4.04,C7635473142,13.03,8.99,M2555936898,0.0,0.0,0,0.03333333333333333,0
95,TRANSFER,1424.09,C3792347639,16209.49,14785.4,C9428056968,5422.68,6846.77,0,0.0,0
572,TRANSFER,2626.74,C4783282817,3563.62,936.88,C9218363978,2852.81,5479.55,1,0.023333333333333334,0
88,PAYMENT,1.0,C7226553010,0.0,0.0,M2604788242,0.0,0.0,0,0.0,0
641,TRANSFER,338.55,C7670476743,885.33,546.78,C5976777081,0.0,338.55,0,0.07666666666666666,0
223,TRANSFER,2330.57,C6655089949,2683.83,353.26,M2778069478,0.0,0.0,1,0.19666666666666666,0
268,PAYMENT,47.67,C9441018790,150.54,102.87,M8276498637,0.0,0.0,0,0.0,0
332,CASH_OUT,21966.6,C3291226621,27325.67,5359.07,C6745958212,53.05,53.05,1,0.0,0
11,TRANSFER,13876.54,C3259520140,13422.75,0.0,C5376302686,204328.38,204328.38,1,0.01,0
156,TRANSFER,2416.85,C6201313620,3341.15,924.3,C2789144223,67129.0,69545.85,1,0.0,0
129,CASH_OUT,6716.44,C2869999754,32142.35,25425.91,C8982597239,221.44,221.44,0,0.0,0
4,TRANSFER,274.07,C2617999521,265.6,0.0,M1732578761,0.0,0.0,1,0.23666666666666666,0
549,TRANSFER,1.0,C8339176912,0.0,0.0,C2173242669,17001.38,17002.38,0,0.0033333333333333335,0
428,PAYMENT,30.67,C5952894290,39.56,8.89,M4892544235,0.0,0.0,0,0.0,0
242,PAYMENT,11546.2,C8675071314,122540.98,110994.78,M8138332494,0.0,0.0,0,0.0,0
84,TRANSFER,955.1,C2268006448,1148.82,193.72,M9043367776,0.0,0.0,1,0.10333333333333333,0
130,TRANSFER,8527.81,C6156843353,7338.45,0.0,C1225953184,13413.53,13413.53,1,0.0,0
58,PAYMENT,1.01,C9376711497,1160.38,1159.37,M5087280062,0.0,0.0,0,0.0,0
94,PAYMENT,2865.3,C6974875750,49052.77,46187.47,M7532669066,0.0,0.0,0,0.0,0
101,PAYMENT,68.95,C7402059279,77.57,8.62,M2115406331,0.0,0.0,0,0.0,0
59,TRANSFER,47.99,C2111272861,52.31,4.32,C1541964762,167025.55,167025.55,1,0.0,0
396,PAYMENT,1.0,C3259520140,0.0,0.0,M2155671697,0.0,0.0,0,0.0,0
580,CASH_IN,23239.26,C4586139213,66789.54,90028.8,C8025152555,1878.65,1878.65,0,0.0,0
69,CASH_OUT,79.8,C3030106617,92.37,12.57,M8102481401,0.0,0.0,1,0.0033333333333333335,0
27,PAYMENT,8.89,C1955345537,43.41,34.52,M5194066484,0.0,0.0,0,0.0,0
441,TRANSFER,686.25,C2390587865,909.4,223.15,C4530959836,184086.98,184773.23,1,0.0033333333333333335,0
190,TRANSFER,126327.1,C9697414638,131741.14,5414.04,M1811839103,0.0,0.0,1,0.28,0
87,TRANSFER,18322.89,C1340272119,31371.96,13049.07,C6656646925,0.0,18322.89,0,0.0033333333333333335,0
217,TRANSFER,155.74,C2268006448,193.72,37.98,C7154795660,0.0,0.0,1,0.16,0
468,TRANSFER,149.72,C8584566722,203.88,54.16,M5919148165,0.0,0.0,1,0.16333333333333333,0
261,TRANSFER,2345.58,C5714169271,3094.19,748.61,C9437783771,0.0,2345.58,0,0.0,0
700,DEBIT,143.94,C2014766981,373.74,229.8,M2773408660,0.0,0.0,0,0.023333333333333334,0
327,CASH_OUT,1882.99,C9717175839,113553.11,111670.12,C2554039848,5323.1,5323.1,0,0.0,0
277,TRANSFER,79829.03,C3744446292,81976.68,2147.65,M3846182436,0.0,0.0,1,0.27666666666666667,0
294,CASH_OUT,7005.14,C6358023411,7764.58,759.44,C9702693937,289.27,289.27,1,0.01,0
270,DEBIT,832.13,C7098134112,1762.65,930.52,M6361225622,0.0,0.0,0,0.01,0
707,TRANSFER,29978.9,C5182110973,27488.47,0.0,C1569113257,0.0,0.0,1,0.8933333333333333,1
498,PAYMENT,8887.06,C3178995337,14889.04,6001.98,M5194066484,0.0,0.0,0,0.0,0
2,PAYMENT,1.0,C4492602049,0.0,0.0,M2604788242,0.0,0.0,0,0.0,0
7,DEBIT,1425.56,C3815287619,2185.46,759.9,M3811254192,0.0,0.0,0,0.013333333333333334,0
353,TRANSFER,9098.42,C9166381136,8561.28,0.0,M2187592160,0.0,0.0,1,0.74,1
623,DEBIT,2075.87,C6892752604,321092.07,319016.2,M6101516825,0.0,0.0,0,0.02,0
321,TRANSFER,98.1,C4928783441,81.78,0.0,M5449848690,0.0,0.0,1,0.23,0
372,TRANSFER,2043.87,C5100282913,36017.98,33974.11,C4590711152,0.0,2043.87,0,0.01,0
283,TRANSFER,1151.74,C4492602049,1165.83,14.09,M9065458220,0.0,0.0,1,0.20333333333333334,0
231,TRANSFER,564.98,C5296710795,647.23,82.25,M1240140248,0.0,0.0,1,0.17333333333333334,0
533,CASH_OUT,1854.74,C3169561289,2067.0,212.26,C2266622851,0.0,0.0,1,0.03,0
314,PAYMENT,3532.28,C2400094541,5994.28,2462.0,M5380159400,0.0,0.0,0,0.0,0
448,PAYMENT,317.83,C9780187424,374.14,56.31,M1240140248,0.0,0.0,0,0.0,0
383,PAYMENT,17475.04,C5606736607,136177.53,118702.49,M8218146534,0.0,0.0,0,0.0,0
589,TRANSFER,64.98,C8584566722,54.16,0.0,M9631695368,0.0,0.0,1,0.23333333333333334,0
198,TRANSFER,228.73,C6110943464,294.09,65.36,C7475684019,86897.0,87125.73,1,0.0,0
48,PAYMENT,867.34,C5666504394,29462.27,28594.93,M7664045502,0.0,0.0,0,0.0,0
501,DEBIT,1.0,C5913767020,3.71,2.71,M6101516825,0.0,0.0,0,0.04,0
457,CASH_OUT,5381.28,C4262396395,9161.34,3780.06,C3334938378,0.0,0.0,0,0.023333333333333334,0
586,TRANSFER,1.0,C1862812038,0.0,0.0,C3480920839,35029.24,35030.24,0,0.0033333333333333335,0
427,DEBIT,73.49,C7602474923,210.0,136.51,M9590331226,0.0,0.0,0,0.023333333333333334,0
201,PAYMENT,840.38,C4274958945,986.11,145.73,M8030400668,0.0,0.0,0,0.0,0
546,CASH_OUT,15410.77,C9410288290,21335.84,5925.07,M9398575277,0.0,0.0,1,0.02,0
276,TRANSFER,4637.78,C3362657890,4839.43,201.65,M4522855590,0.0,0.0,1,0.23333333333333334,0
490,TRANSFER,17098.52,C6276339732,21061.03,3962.51,C4566852761,1.52,17100.04,0,0.013333333333333334,0
499,TRANSFER,36336.71,C1242425303,31408.23,0.0,M5315720088,0.0,0.0,1,0.8833333333333333,1
683,TRANSFER,3207.59,C9558091177,146893.28,143685.69,C2479679716,818.07,4025.66,0,0.0033333333333333335,0
19,TRANSFER,122223.8,C9250327663,161708.97,39485.17,M3534186676,0.0,0.0,1,0.22333333333333333,0
139,TRANSFER,522.03,C3806215682,626.03,104.0,C2068687175,3.14,525.17,0,0.013333333333333334,0
503,TRANSFER,207111.86,C4635552887,285805.66,78693.8,M6200141898,0.0,0.0,1,0.3,0
557,CASH_OUT,5418.83,C8940731272,4640.14,0.0,C3057629778,394.9,394.9,1,0.18666666666666668,0
164,PAYMENT,954.96,C6754503097,4607.92,3652.96,M9916475897,0.0,0.0,0,0.0,0
507,CASH_OUT,1.0,C3958590550,0.0,0.0,C8833399096,7636.27,7636.27,0,0.023333333333333334,0
89,CASH_OUT,1748.03,C5336127859,2086.54,338.51,M5325865521,0.0,0.0,1,0.0,0
330,PAYMENT,7908.94,C7473868020,8234.43,325.49,M2625035499,0.0,0.0,0,0.0,0
415,CASH_OUT,666.91,C2317723211,895.05,228.14,M9026301048,0.0,0.0,1,0.06666666666666667,0
599,PAYMENT,1213.39,C6921525436,1285.92,72.53,M8044997538,0.0,0.0,0,0.0,0
420,PAYMENT,709.19,C9505085936,107026.04,106316.85,M4456193555,0.0,0.0,0,0.0,0
264,CASH_OUT,55995.65,C9663561486,78578.27,22582.62,M1199447370,0.0,0.0,1,0.0,0
32,PAYMENT,20499.2,C3836517266,69202.82,48703.62,M7282885927,0.0,0.0,0,0.0,0
74,PAYMENT,254.35,C5474951950,510.33,255.98,M3605446007,0.0,0.0,0,0.0,0
137,TRANSFER,38141.45,C5724657556,106345.03,68203.58,C5855415646,0.0,38141.45,0,0.0,0
484,TRANSFER,16241.4,C5510938155,19254.34,3012.94,M2115862756,0.0,0.0,1,0.3233333333333333,0
180,PAYMENT,91.77,C9318010743,86702.72,86610.95,M1413599241,0.0,0.0,0,0.0,0
637,CASH_OUT,2622.36,C4659306670,2469.68,0.0,C3389594115,113999.63,113999.63,1,0.03333333333333333,0
688,TRANSFER,2624.47,C9805620900,2211.63,0.0,M6744039057,0.0,0.0,1,0.8433333333333334,1
685,TRANSFER,64831.74,C6329589780,197152.96,132321.22,C5625411308,62742.48,127574.22,0,0.0,0
78,PAYMENT,276.84,C1678500147,937.88,661.04,M8235474949,0.0,0.0,0,0.0,0
609,PAYMENT,1.08,C8669484644,1809.31,1808.23,M3476758136,0.0,0.0,0,0.0,0
477,TRANSFER,652.81,C8274273035,562.2,0.0,C1485574228,0.0,0.0,1,0.26666666666666666,0
228,TRANSFER,103451.05,C9924456994,117183.34,13732.29,C5763350700,0.0,103451.05,0,0.0,0
560,PAYMENT,323.95,C3328710672,483.34,159.39,M6651020291,0.0,0.0,0,0.0,0
237,CASH_OUT,867.92,C5689870435,786.89,0.0,M2635881694,0.0,0.0,1,0.11666666666666667,0
268,TRANSFER,57547.33,C3149533961,145040.1,87492.77,C2683446724,63902.99,121450.32,0,0.0,0
256,TRANSFER,94084.83,C5058691146,120204.83,26120.0,M7651029165,0.0,0.0,1,0.2733333333333333,0
641,PAYMENT,1.0,C3420671425,0.0,0.0,M3019265031,0.0,0.0,0,0.0,0
74,TRANSFER,188650.12,C5584288132,211466.94,22816.82,M1999913493,0.0,0.0,1,0.25666666666666665,0
566,PAYMENT,1.0,C8925520026,0.0,0.0,M7651029165,0.0,0.0,0,0.0,0
600,PAYMENT,1.0,C3587283948,0.0,0.0,M9900829971,0.0,0.0,0,0.0,0
371,PAYMENT,781.37,C3280805846,2820.41,2039.04,M8667946580,0.0,0.0,0,0.0,0
89,TRANSFER,690.85,C5333183840,2873.88,2183.03,C3971203213,0.0,690.85,0,0.013333333333333334,0
493,TRANSFER,36608.38,C8570333548,31174.05,0.0,C8478529823,0.73,0.73,1,0.8666666666666667,1
449,CASH_OUT,1213.49,C7736142481,1578.21,364.72,C8636525027,101747.73,101747.73,0,0.016666666666666666,0
666,CASH_OUT,125293.8,C4079223686,157228.25,31934.45,M8044997538,0.0,0.0,1,0.013333333333333334,0
347,PAYMENT,71.56,C9189503254,133.37,61.81,M8138332494,0.0,0.0,0,0.0,0
93,PAYMENT,1599.25,C7337225482,1779.38,180.13,M1199447370,0.0,0.0,0,0.0,0
362,TRANSFER,32620.1,C6493800024,94674.49,62054.39,C8134112721,75211.34,107831.44,0,0.0,0
572,PAYMENT,3989.22,C7882206934,121128.23,117139.01,M5570190774,0.0,0.0,0,0.0,0
117,PAYMENT,124.38,C3206955437,388.57,264.19,M8144889126,0.0,0.0,0,0.0,0
178,PAYMENT,2191.25,C3515167269,35030.85,32839.6,M5412437658,0.0,0.0,0,0.0,0
102,CASH_OUT,24414.78,C6340003593,202144.19,177729.41,C5931025271,63338.53,63338.53,0,0.0033333333333333335,0
298,PAYMENT,14547.97,C3047869247,69077.48,54529.51,M7168105904,0.0,0.0,0,0.0,0
275,PAYMENT,1.0,C5943324387,0.0,0.0,M7532669066,0.0,0.0,0,0.0,0
14,TRANSFER,33.71,C9318010743,86610.95,86577.24,C7575259637,5205.53,5239.24,0,0.0,0
478,PAYMENT,915.1,C1104906255,1383.0,467.9,M4892544235,0.0,0.0,0,0.0,0
606,TRANSFER,5020.41,C4673457063,19322.69,14302.28,C5421592782,175336.63,180357.04,0,0.0,0
104,TRANSFER,4781.15,C8110054933,4466.07,0.0,M7702529931,0.0,0.0,1,0.8,1
268,DEBIT,743.25,C3980491761,2967.01,2223.76,M5380159400,0.0,0.0,0,0.01,0
329,PAYMENT,39.45,C5957341287,75.46,36.01,M2625035499,0.0,0.0,0,0.0,0
560,PAYMENT,1.0,C6171239466,0.0,0.0,M1083302600,0.0,0.0,0,0.0,0
571,CASH_OUT,3816.06,C9421518487,6924.69,3108.63,C3482206102,49584.98,49584.98,0,0.01,0
307,PAYMENT,7556.9,C1818520766,18150.9,10594.0,M7960713821,0.0,0.0,0,0.0,0
717,TRANSFER,265.2,C5996775663,267.18,1.98,M8389750357,0.0,0.0,1,0.18333333333333332,0
109,TRANSFER,23997.97,C3343292475,30903.25,6905.28,C8487449580,147101.42,171099.39,0,0.0,0
502,TRANSFER,10363.2,C2774884818,42873.72,32510.52,C8480622107,672.98,11036.18,0,0.0,0
329,CASH_OUT,378.99,C1197449658,409.1,30.11,M6583604299,0.0,0.0,1,0.016666666666666666,0
103,PAYMENT,8.01,C4627032705,149843.92,149835.91,M5270048042,0.0,0.0,0,0.0,0
197,CASH_OUT,162067.1,C4264134512,137101.95,0.0,C4939447721,0.0,0.0,1,0.016666666666666666,0
574,CASH_OUT,91.93,C1431494396,105.42,13.49,C7525240100,0.0,0.0,1,0.03666666666666667,0
226,TRANSFER,35.04,C2369705770,161.91,126.87,C7471636437,8845.78,8880.82,0,0.0,0
109,CASH_IN,53458.45,C9523104008,0.0,53458.45,C6320115677,21550.73,21550.73,0,0.0,0
173,DEBIT,1.0,C8137764127,0.0,0.0,M2541015125,0.0,0.0,0,0.03,0
456,TRANSFER,1.0,C7420493866,0.0,0.0,C1660370908,2199.9,2200.9,0,0.06666666666666667,0
119,CASH_OUT,36.43,C8650676663,89.67,53.24,C3667740351,132174.12,132174.12,0,0.0033333333333333335,0
588,TRANSFER,37044.24,C3781569954,120211.54,83167.3,C7759781156,64.07,37108.31,0,0.0,0
577,PAYMENT,254.85,C2612579345,347.56,92.71,M6763471833,0.0,0.0,0,0.0,0
208,PAYMENT,12295.2,C4283432667,102653.64,90358.44,M6659847491,0.0,0.0,0,0.0,0
563,PAYMENT,279.16,C1399546384,4680.93,4401.77,M6275155878,0.0,0.0,0,0.0,0
140,PAYMENT,590.63,C4277422858,1456.04,865.41,M9068916300,0.0,0.0,0,0.0,0
596,PAYMENT,841.13,C1457632732,156155.39,155314.26,M4456193555,0.0,0.0,0,0.0,0
17,CASH_OUT,842.31,C3734252963,949.35,107.04,M9098037639,0.0,0.0,1,0.0,0
706,DEBIT,1510.94,C1139082827,82008.66,80497.72,M7343954769,0.0,0.0,0,0.016666666666666666,0
411,PAYMENT,1.0,C7243352390,0.65,0.0,M7343954769,0.0,0.0,0,0.0,0
53,TRANSFER,280.21,C1121863227,329.94,49.73,C8532327465,135970.32,135970.32,1,0.0,0
635,DEBIT,7771.35,C5141593270,45471.34,37699.99,M9773795424,0.0,0.0,0,0.02666666666666667,0
218,TRANSFER,85.72,C2612579345,92.71,6.99,C7135394336,42007.23,42092.95,0,0.0033333333333333335,0
276,PAYMENT,11150.93,C1958682846,100240.06,89089.13,M5714658227,0.0,0.0,0,0.0,0
544,TRANSFER,59946.93,C7311011808,78378.89,18431.96,C6777263354,0.0,59946.93,0,0.0,0
577,CASH_OUT,16922.16,C9963334018,19749.72,2827.56,C1546957087,0.0,0.0,0,0.016666666666666666,0
488,CASH_OUT,812.19,C1613549255,955.42,143.23,M5869990861,0.0,0.0,1,0.03666666666666667,0
274,CASH_OUT,958.18,C1862812038,1242.22,284.04,M9410569618,0.0,0.0,1,0.0033333333333333335,0
220,PAYMENT,1074.3,C2965254350,4739.84,3665.54,M9900829971,0.0,0.0,0,0.0,0
189,PAYMENT,15.81,C6921525436,72.53,56.72,M2121448210,0.0,0.0,0,0.0,0
604,PAYMENT,17666.9,C6773938304,184236.23,166569.33,M9255306810,0.0,0.0,0,0.0,0
559,CASH_OUT,3706.43,C7415801613,4926.68,1220.25,C5774080233,0.0,0.0,1,0.023333333333333334,0
564,DEBIT,1.0,C9274189261,0.0,0.0,M8144352013,0.0,0.0,0,0.043333333333333335,0
26,CASH_OUT,1.0,C5646751885,0.0,0.0,C5115980792,2965.53,2965.53,0,0.0,0
614,CASH_OUT,525.6,C2377246195,1928.03,1402.43,C9508499533,3.08,3.08,0,0.02666666666666667,0
506,TRANSFER,1628.61,C7321180787,1584.65,0.0,C4623960580,0.0,0.0,1,0.5366666666666666,1
160,CASH_OUT,17217.79,C6837975356,20819.98,3602.19,M8389750357,0.0,0.0,1,0.0,0
9,PAYMENT,4665.23,C6353758928,4925.22,259.99,M3595066420,0.0,0.0,0,0.0,0
718,PAYMENT,15938.35,C6611356986,23987.6,8049.25,M9640701016,0.0,0.0,0,0.0,0
558,CASH_OUT,1.0,C8373547961,0.0,0.0,C5161807235,1940.23,1940.23,0,0.03666666666666667,0
87,PAYMENT,9.29,C1470939445,13.24,3.95,M4588312351,0.0,0.0,0,0.0,0
103,CASH_OUT,189.7,C8388580360,169.84,0.0,C3020939193,150800.55,150800.55,1,0.0033333333333333335,0
708,PAYMENT,7.2,C5306459450,6311.86,6304.66,M8058679999,0.0,0.0,0,0.0,0
410,DEBIT,189.77,C7374584386,704.77,515.0,M3965860354,0.0,0.0,0,0.02,0
575,TRANSFER,1265.62,C6924716023,1159.14,0.0,M7537130187,0.0,0.0,1,0.4633333333333333,0
36,PAYMENT,590.03,C8833399096,7636.27,7046.24,M2869931869,0.0,0.0,0,0.0,0
366,CASH_IN,14343.35,C1939042955,1.0,14344.35,C5862655247,0.0,0.0,0,0.0,0
447,CASH_OUT,1.0,C4572433066,0.0,0.0,C6447717367,177.68,177.68,0,0.08,0
127,PAYMENT,1.0,C1546957087,0.0,0.0,M9444143872,0.0,0.0,0,0.0,0
141,TRANSFER,186.44,C9904586976,297.32,110.88,C4039019230,22643.57,22830.01,0,0.0,0
38,PAYMENT,1.0,C3424843951,0.0,0.0,M2635881694,0.0,0.0,0,0.0,0
289,CASH_OUT,59598.13,C3465883999,102995.6,43397.47,C3376077463,14139.88,14139.88,0,0.0,0
79,TRANSFER,118.53,C8543865915,141.15,22.62,C6218484323,1847.58,1966.11,0,0.01,0
76,TRANSFER,3639.7,C6859286614,3349.34,0.0,C3612617557,6459.45,6459.45,1,0.016666666666666666,0
448,CASH_OUT,131296.97,C3144490990,149489.39,18192.42,C5646751885,0.0,0.0,0,0.013333333333333334,0
11,PAYMENT,1818.01,C9249923427,4339.09,2521.08,M9752092528,0.0,0.0,0,0.0,0
474,TRANSFER,2315.0,C8241550421,2549.44,234.44,C7004964045,3.16,3.16,1,0.29333333333333333,0
682,PAYMENT,1963.83,C5333183840,2183.03,219.2,M1368287033,0.0,0.0,0,0.0,0
456,CASH_OUT,509.36,C3744446292,2147.65,1638.29,C7296658772,243.9,243.9,0,0.03666666666666667,0
29,CASH_OUT,3722.32,C5483308751,3349.77,0.0,C1770278136,1953.84,1953.84,1,0.01,0
273,TRANSFER,1457.65,C1036351450,1612.23,154.58,M6200141898,0.0,0.0,1,0.14,0
619,CASH_OUT,1001.82,C1983297492,4791.87,3790.05,C3923823693,19817.0,19817.0,0,0.006666666666666667,0
46,PAYMENT,1.0,C9645619869,0.0,0.0,M6786043791,0.0,0.0,0,0.0,0
489,TRANSFER,27345.19,C9245348297,198211.02,170865.83,C7061419749,297.18,27642.37,0,0.0,0
365,PAYMENT,2926.53,C3074232200,9076.23,6149.7,M3317856944,0.0,0.0,0,0.0,0
452,CASH_IN,5350.23,C5281907480,13247.63,18597.86,C6493800024,62054.39,62054.39,0,0.0,0
720,PAYMENT,1912.75,C6588316233,5322.38,3409.63,M7713758036,0.0,0.0,0,0.0,0
309,PAYMENT,299.27,C6572436051,855.79,556.52,M2187592160,0.0,0.0,0,0.0,0
140,PAYMENT,236.55,C4486522557,100442.39,100205.84,M1732578761,0.0,0.0,0,0.0,0
409,TRANSFER,4839.58,C9337145038,4128.73,0.0,M9255306810,0.0,0.0,1,0.7933333333333333,1
55,TRANSFER,5980.02,C9420979586,17387.5,11407.48,C2670036982,767.21,6747.23,0,0.0,0
375,TRANSFER,185.29,C2654584280,179.36,0.0,M2916502228,0.0,0.0,1,0.23,0
233,PAYMENT,11.29,C9858643842,50.19,38.9,M1343875431,0.0,0.0,0,0.0,0
329,TRANSFER,1032.37,C8675071314,110994.78,109962.41,C9697414638,5414.04,6446.41,0,0.0,0
556,TRANSFER,114182.49,C1529290976,97873.52,0.0,M8144352013,0.0,0.0,1,0.87,1
332,CASH_OUT,3524.47,C8737025391,4904.07,1379.6,C2647489402,0.0,0.0,1,0.01,0
623,PAYMENT,10996.35,C2407863065,32616.56,21620.21,M1413599241,0.0,0.0,0,0.0,0
45,TRANSFER,1.4,C7161887665,15071.25,15069.85,C5923940434,147176.12,147177.52,0,0.0,0
196,PAYMENT,1.0,C6089026099,0.0,0.0,M1711271599,0.0,0.0,0,0.0,0
366,CASH_OUT,6032.25,C6496933442,18299.35,12267.1,C8025152555,1878.65,1878.65,0,0.0033333333333333335,0
275,TRANSFER,1925.04,C4643576871,1748.73,0.0,C1099541460,0.0,0.0,1,0.4666666666666667,0
48,CASH_OUT,1151.42,C4946081594,1182.2,30.78,M1666898313,0.0,0.0,1,0.0,0
155,PAYMENT,9.39,C8543865915,22.62,13.23,M3145756342,0.0,0.0,0,0.0,0
713,PAYMENT,16296.02,C6099808894,25635.57,9339.55,M8083396378,0.0,0.0,0,0.0,0
671,PAYMENT,239.41,C7299420031,4989.47,4750.06,M7969674420,0.0,0.0,0,0.0,0
65,CASH_OUT,339.94,C9702693937,289.27,0.0,M3965860354,0.0,0.0,1,0.006666666666666667,0
122,PAYMENT,31.25,C5268845844,51.33,20.08,M3457877922,0.0,0.0,0,0.0,0
264,CASH_OUT,8760.91,C1205082311,13496.31,4735.4,C5536224717,62118.76,62118.76,0,0.0,0
473,TRANSFER,515.47,C1104906255,467.9,0.0,M1504729135,0.0,0.0,1,0.23,0
77,DEBIT,2.29,C4550353803,3.13,0.84,M7341757401,0.0,0.0,0,0.02666666666666667,0
391,PAYMENT,22853.58,C2660286914,192588.02,169734.44,M4093474499,0.0,0.0,0,0.0,0
712,CASH_IN,5746.28,C2125089309,30417.06,36163.34,C5578056564,860.22,860.22,0,0.0,0
283,PAYMENT,1.04,C5728897164,1084.77,1083.73,M6894024976,0.0,0.0,0,0.0,0
299,PAYMENT,2378.68,C6923301988,84179.59,81800.91,M3508990774,0.0,0.0,0,0.0,0
567,TRANSFER,46205.65,C2753617371,57048.77,10843.12,C9645619869,0.0,46205.65,1,0.0,0
64,CASH_OUT,5409.46,C2047905204,6809.26,1399.8,M3831598303,0.0,0.0,1,0.0,0
711,TRANSFER,22336.82,C8039917766,24238.3,1901.48,M8276498637,0.0,0.0,1,0.31333333333333335,0
31,PAYMENT,148.52,C8048810275,484.62,336.1,M8964269909,0.0,0.0,0,0.0,0
336,CASH_OUT,67.58,C4302709858,57.02,0.0,C3605585995,0.0,0.0,1,0.03333333333333333,0
385,CASH_OUT,354.11,C5861829469,375.42,21.31,M3107992942,0.0,0.0,1,0.02,0
347,CASH_OUT,33121.44,C3710566582,45314.84,12193.4,C4682870880,0.0,0.0,1,0.0033333333333333335,0
580,TRANSFER,3605.61,C9255898264,4035.93,430.32,C7088949191,4584.32,4584.32,1,0.02666666666666667,0
199,CASH_OUT,3155.55,C3106408413,3512.95,357.4,M3438830691,0.0,0.0,1,0.0,0
592,PAYMENT,1.0,C2137651678,0.0,0.0,M1185303518,0.0,0.0,0,0.0,0
295,CASH_OUT,107339.37,C5400463094,134949.52,27610.15,C6894699853,17567.81,17567.81,1,0.0,0
584,CASH_OUT,94208.72,C3051831252,86739.09,0.0,M9625656293,0.0,0.0,1,0.25666666666666665,0
546,PAYMENT,2772.15,C2224336336,122652.58,119880.43,M6732306182,0.0,0.0,0,0.0,0
640,PAYMENT,1.0,C8761956684,0.0,0.0,M3846182436,0.0,0.0,0,0.0,0
289,PAYMENT,1.0,C6924716023,0.0,0.0,M6894024976,0.0,0.0,0,0.0,0
246,TRANSFER,1.0,C2079501936,0.0,0.0,C3971203213,690.85,691.85,0,0.016666666666666666,0
159,TRANSFER,661.72,C2267619081,767.16,105.44,C6698759353,312.15,973.87,1,0.006666666666666667,0
560,PAYMENT,7847.46,C2349406919,14118.31,6270.85,M3517195150,0.0,0.0,0,0.0,0
229,CASH_OUT,25110.84,C3377702111,119525.11,94414.27,C8039917766,1901.48,1901.48,0,0.0,0
402,CASH_OUT,1.0,C3362646960,0.0,0.0,C4579265601,13.9,13.9,0,0.02666666666666667,0
113,TRANSFER,815.46,C1225447588,1413.96,598.5,C8991678061,20.62,836.08,0,0.0033333333333333335,0
674,PAYMENT,1.0,C9861449701,0.0,0.0,M3960136787,0.0,0.0,0,0.0,0
16,TRANSFER,3732.76,C3102209245,6150.88,2418.12,C4268713302,3468.49,7201.25,0,0.0,0
517,PAYMENT,4857.02,C9953716239,22612.8,17755.78,M6651754819,0.0,0.0,0,0.0,0
612,DEBIT,1.0,C7648059419,0.0,0.0,M4390543744,0.0,0.0,0,0.05333333333333334,0
330,PAYMENT,4543.01,C7299420031,4750.06,207.05,M9558906999,0.0,0.0,0,0.0,0
128,CASH_OUT,1964.88,C2848792488,6746.7,4781.82,C8879525611,104.17,104.17,0,0.0,0
602,TRANSFER,998.47,C8275679594,960.42,0.0,C1487258103,0.0,0.0,1,0.41,0
593,TRANSFER,9727.58,C7127904756,9117.27,0.0,C1553753599,32.83,9760.41,1,0.16333333333333333,0
262,TRANSFER,3049.95,C2704657157,11465.08,8415.13,C3836517266,48703.62,51753.57,0,0.0,0
606,PAYMENT,2035.91,C3102209245,2418.12,382.21,M6282009986,0.0,0.0,0,0.0,0
137,TRANSFER,38.03,C4470591645,115.96,77.93,C7199283151,6429.8,6467.83,0,0.0033333333333333335,0
453,TRANSFER,1.0,C6937704752,0.0,0.0,C6072939882,0.0,1.0,0,0.22,0
627,CASH_IN,109592.92,C3245108207,100729.58,210322.5,C4579265601,13.9,13.9,0,0.0,0
623,PAYMENT,1069.22,C2047905204,1399.8,330.58,M3690714075,0.0,0.0,0,0.0,0
654,CASH_OUT,51080.35,C5433722159,66959.16,15878.81,C9860949331,264.32,264.32,0,0.0,0
235,PAYMENT,7560.06,C9863781331,13696.39,6136.33,M6247463262,0.0,0.0,0,0.0,0
311,CASH_OUT,956.55,C5686850445,3272.01,2315.46,C7823288650,0.0,0.0,0,0.006666666666666667,0
705,TRANSFER,29346.72,C8902114913,27520.42,0.0,M4641902461,0.0,0.0,1,0.8966666666666666,1
225,CASH_IN,86968.57,C1067198189,9562.35,96530.92,C6288227800,17284.3,17284.3,0,0.0,0
632,PAYMENT,30.93,C9858643842,38.9,7.97,M8144352013,0.0,0.0,0,0.0,0
699,TRANSFER,1.0,C4682870880,0.0,0.0,C8239941612,194.58,195.58,0,0.11,0
375,TRANSFER,1.0,C8578226896,0.0,0.0,C6329323383,3558.59,3559.59,0,0.0,0
65,TRANSFER,3978.1,C9078786223,6764.66,2786.56,C3651552513,534.29,4512.39,0,0.0,0
322,PAYMENT,4061.38,C6557907251,6167.23,2105.85,M5869990861,0.0,0.0,0,0.0,0
495,PAYMENT,15018.42,C7397963801,52488.07,37469.65,M3019265031,0.0,0.0,0,0.0,0
291,CASH_OUT,1.0,C1805492785,0.0,0.0,C5789633176,236.18,236.18,0,0.013333333333333334,0
39,CASH_OUT,1671.41,C4203205881,1857.06,185.65,C7596745715,636.81,636.81,0,0.0,0
592,CASH_OUT,2682.74,C9409682410,2903.5,220.76,C5578929439,0.0,0.0,1,0.023333333333333334,0
375,TRANSFER,105.69,C1471997674,202.73,97.04,C4095476665,25929.24,26034.93,0,0.0,0
221,TRANSFER,52306.64,C1506211965,52087.44,0.0,M2391874847,0.0,0.0,1,0.77,1
363,PAYMENT,1.0,C4681264539,0.0,0.0,M3690714075,0.0,0.0,0,0.0,0
610,TRANSFER,4277.38,C1594312071,14514.55,10237.17,C1149460439,9020.24,13297.62,0,0.0033333333333333335,0
357,TRANSFER,1.0,C8995045543,0.0,0.0,C9067664957,15.06,16.06,0,0.18333333333333332,0
386,TRANSFER,161.56,C2317723211,228.14,66.58,M3156792018,0.0,0.0,1,0.15666666666666668,0
250,TRANSFER,70.11,C1613549255,143.23,73.12,C1770278136,1953.84,2023.95,0,0.0033333333333333335,0
524,PAYMENT,21561.52,C5376302686,204328.38,182766.86,M3636366799,0.0,0.0,0,0.0,0
265,PAYMENT,6222.59,C4747699292,45649.79,39427.2,M2586712032,0.0,0.0,0,0.0,0
565,TRANSFER,1.0,C5010075517,0.0,0.0,C5829062179,22.37,23.37,0,0.18333333333333332,0
400,PAYMENT,2778.6,C7691931213,11412.84,8634.24,M7764117705,0.0,0.0,0,0.0,0
252,PAYMENT,41.38,C5125568431,45.64,4.26,M6313472215,0.0,0.0,0,0.0,0
571,TRANSFER,70853.85,C9639245200,95186.01,24332.16,C3923823693,19817.0,90670.85,1,0.0,0
603,TRANSFER,459.67,C5129478722,649.66,189.99,C7481631841,110030.58,110030.58,1,0.0,0
21,PAYMENT,1.0,C3424843951,0.0,0.0,M9288057824,0.0,0.0,0,0.0,0
485,PAYMENT,1.0,C8578226896,0.0,0.0,M9043367776,0.0,0.0,0,0.0,0
429,CASH_OUT,592.29,C5714169271,748.61,156.32,M4952177946,0.0,0.0,1,0.043333333333333335,0
645,CASH_OUT,2707.75,C8575707116,3724.98,1017.23,M4122901114,0.0,0.0,1,0.02666666666666667,0
66,CASH_OUT,1092.02,C5856127658,951.94,0.0,M9255306810,0.0,0.0,1,0.056666666666666664,0
196,TRANSFER,3865.69,C8584566722,3499.38,0.0,C2400094541,2462.0,2462.0,1,0.08,0
131,TRANSFER,2911.18,C9166381136,4002.25,1091.07,C1400330495,535.41,535.41,1,0.0,0
579,TRANSFER,62231.87,C3371357111,70869.3,8637.43,C5031086659,0.0,62231.87,0,0.0,0
223,CASH_IN,93787.94,C8417757797,19228.94,113016.88,C4440904834,11649.42,11649.42,0,0.0,0
13,TRANSFER,1796.09,C1798112150,3447.43,1651.34,C5633956194,372.63,2168.72,0,0.0,0
352,PAYMENT,10.57,C1121863227,49.73,39.16,M5270048042,0.0,0.0,0,0.0,0
98,TRANSFER,1565.65,C9618334441,1492.7,0.0,M9444143872,0.0,0.0,1,0.38333333333333336,0
301,PAYMENT,1442.91,C2400094541,2462.0,1019.09,M9065458220,0.0,0.0,0,0.0,0
529,DEBIT,1.0,C8477300991,0.0,0.0,M4242579642,0.0,0.0,0,0.043333333333333335,0
195,CASH_OUT,1.0,C1099541460,0.0,0.0,C2047905204,330.58,330.58,0,0.0033333333333333335,0
161,TRANSFER,5733.14,C3343292475,6905.28,1172.14,C6583444930,158591.76,158591.76,1,0.0,0
566,PAYMENT,1.0,C1707196784,0.0,0.0,M1083302600,0.0,0.0,0,0.0,0
394,TRANSFER,8156.41,C5539308214,14728.31,6571.9,C1037811610,525.15,8681.56,0,0.0,0
550,CASH_OUT,180.02,C2941289685,164.56,0.0,C7208619610,60491.27,60491.27,1,0.043333333333333335,0
418,TRANSFER,117290.64,C7857580528,129914.31,12623.67,M5067400473,0.0,0.0,1,0.32,0
281,CASH_IN,112707.73,C4668931881,16899.45,129607.18,C7750819485,159057.5,159057.5,0,0.0,0
635,TRANSFER,39.9,C7958672456,143.62,103.72,C3003484425,567.37,607.27,0,0.05333333333333334,0
648,CASH_OUT,3378.04,C9798613995,2839.18,0.0,C9861449701,0.0,0.0,1,0.18333333333333332,0
623,TRANSFER,16990.55,C6656646925,18322.89,1332.34,M5734228580,0.0,0.0,1,0.3433333333333333,0
269,CASH_OUT,1823.97,C1798112150,1651.34,0.0,C4490722186,1475.61,1475.61,1,0.006666666666666667,0
492,PAYMENT,1.0,C2268523764,0.0,0.0,M7341757401,0.0,0.0,0,0.0,0
704,CASH_OUT,2425.86,C8791183272,3433.41,1007.55,C9081544414,13453.74,13453.74,1,0.01,0
79,PAYMENT,1.0,C7910817577,0.0,0.0,M2586712032,0.0,0.0,0,0.0,0
560,TRANSFER,12311.47,C6012067717,22199.58,9888.11,C4558302256,114.61,12426.08,0,0.0,0
57,TRANSFER,2767.28,C8139209752,3299.97,532.69,M4865979921,0.0,0.0,1,0.16666666666666666,0
262,CASH_OUT,1.0,C8441393731,0.0,0.0,C9741628563,0.0,0.0,0,0.02666666666666667,0
482,TRANSFER,3025.85,C7536876169,3494.42,468.57,C8390631634,2066.7,2066.7,1,0.043333333333333335,0
89,TRANSFER,4348.74,C6619138852,4517.38,168.64,M9020002737,0.0,0.0,1,0.22666666666666666,0
73,PAYMENT,1.0,C8394198376,0.0,0.0,M6525576685,0.0,0.0,0,0.0,0
12,PAYMENT,523.68,C6358023411,759.44,235.76,M8030400668,0.0,0.0,0,0.0,0
483,PAYMENT,1.0,C2836553621,0.0,0.0,M6284297249,0.0,0.0,0,0.0,0
456,CASH_OUT,2241.96,C9508499533,2265.23,23.27,M7951820749,0.0,0.0,1,0.12,0
195,TRANSFER,4011.72,C9909257076,4143.71,131.99,C1730074215,149522.87,153534.59,1,0.0,0
46,PAYMENT,465.89,C2591589823,521.53,55.64,M9068916300,0.0,0.0,0,0.0,0
74,CASH_IN,6309.23,C1870644102,0.0,6309.23,C1945826486,15633.81,15633.81,0,0.0,0
483,PAYMENT,1771.29,C5710360983,4032.35,2261.06,M4689605624,0.0,0.0,0,0.0,0
198,CASH_IN,122752.26,C2458198451,47874.83,170627.09,C7934137693,140253.18,140253.18,0,0.0,0
225,CASH_OUT,4004.29,C7088949191,4584.32,580.03,M8874242713,0.0,0.0,1,0.0,0
303,PAYMENT,1.0,C8235363119,0.0,0.0,M3317856944,0.0,0.0,0,0.0,0
485,CASH_OUT,4510.48,C2139078760,4694.19,183.71,C7920516981,20459.94,20459.94,1,0.02,0
107,TRANSFER,1.0,C3196545325,0.0,0.0,C3106408413,357.4,358.4,0,0.02,0
450,CASH_OUT,40.0,C4308701294,42.8,2.8,C5951406973,3539.14,3539.14,0,0.04,0
592,DEBIT,230.35,C4930438209,985.19,754.84,M9068916300,0.0,0.0,0,0.03,0
148,TRANSFER,27572.77,C1489726608,137510.19,109937.42,C3520417815,121464.85,149037.62,0,0.0,0
417,PAYMENT,1971.5,C8131923452,3077.21,1105.71,M6313472215,0.0,0.0,0,0.0,0
392,TRANSFER,24221.47,C5898890707,24870.17,648.7,C2020262123,27017.88,27017.88,1,0.0,0
508,PAYMENT,4437.85,C4095476665,26034.93,21597.08,M3960136787,0.0,0.0,0,0.0,0
160,CASH_OUT,2557.3,C6098775210,2308.15,0.0,C2476831585,553493.54,553493.54,1,0.0,0
394,PAYMENT,4919.47,C7397963801,37469.65,32550.18,M3811254192,0.0,0.0,0,0.0,0
272,CASH_OUT,63147.5,C5160575046,80435.88,17288.38,C6448324230,2288.31,2288.31,1,0.0,0
703,CASH_OUT,545.18,C2812140441,565.81,20.63,M6583604299,0.0,0.0,1,0.02666666666666667,0
519,TRANSFER,8565.36,C2633177480,33890.4,25325.04,C7763765757,0.0,8565.36,0,0.0,0
79,CASH_OUT,13045.95,C6554972315,14644.06,1598.11,C9935429720,6089.3,6089.3,0,0.0,0
305,TRANSFER,3832.09,C5588254555,3517.38,0.0,M5985331805,0.0,0.0,1,0.8,1
359,PAYMENT,1.0,C1707196784,0.0,0.0,M5869990861,0.0,0.0,0,0.0,0
317,CASH_OUT,104.12,C3102209245,382.21,278.09,C8115628227,423.73,423.73,0,0.006666666666666667,0
221,CASH_OUT,6141.23,C4956843441,5665.38,0.0,C6311894154,71909.57,71909.57,1,0.0,0
98,PAYMENT,442.64,C1662976399,2088.89,1646.25,M9933702652,0.0,0.0,0,0.0,0
452,TRANSFER,264.03,C9673185158,232.25,0.0,M7664045502,0.0,0.0,1,0.22666666666666666,0
384,CASH_OUT,1.0,C3694860228,0.0,0.0,C5998623100,29786.6,29786.6,0,0.0,0
429,PAYMENT,10245.69,C8868054898,62264.94,52019.25,M4122901114,0.0,0.0,0,0.0,0
100,PAYMENT,1645.68,C2419931729,3109.74,1464.06,M9590331226,0.0,0.0,0,0.0,0
145,TRANSFER,4722.82,C3127657643,4815.58,92.76,C4673457063,14302.28,14302.28,1,0.0,0
474,CASH_OUT,1447.2,C6334440295,1248.97,0.0,M5380159400,0.0,0.0,1,0.37333333333333335,0
232,CASH_OUT,4719.05,C9751963589,3975.96,0.0,M7702529931,0.0,0.0,1,0.07,0
333,PAYMENT,2075.97,C5485387618,17282.58,15206.61,M2156184315,0.0,0.0,0,0.0,0
278,CASH_OUT,19879.53,C4635552887,78693.8,58814.27,C9771848610,1.08,1.08,0,0.0,0
448,CASH_OUT,1.0,C3117951204,0.0,0.0,C7311011808,18431.96,18431.96,0,0.04,0
67,CASH_IN,20622.78,C6795522649,159.35,20782.13,C3693985578,20079.41,20079.41,0,0.0,0
495,TRANSFER,53.49,C1245522987,65.22,11.73,M3019265031,0.0,0.0,1,0.17666666666666667,0
486,TRANSFER,2856.13,C5278201677,3330.85,474.72,M6744039057,0.0,0.0,1,0.2966666666666667,0
81,TRANSFER,61653.56,C5536224717,62118.76,465.2,M5734228580,0.0,0.0,1,0.27,0
260,PAYMENT,1.83,C5996775663,1.98,0.15,M3534186676,0.0,0.0,0,0.0,0
248,CASH_OUT,9509.17,C5485387618,15206.61,5697.44,C5269015757,181890.03,181890.03,0,0.0,0
685,CASH_IN,49189.13,C9844874547,93539.76,142728.89,C8241550421,234.44,234.44,0,0.0,0
693,CASH_OUT,440.01,C7872873371,463.26,23.25,M8102481401,0.0,0.0,1,0.03666666666666667,0
289,TRANSFER,102882.79,C6115750294,140592.21,37709.42,M3595066420,0.0,0.0,1,0.25333333333333335,0
703,CASH_OUT,104135.04,C2854772804,221883.37,117748.33,C9523104008,53458.45,53458.45,0,0.0033333333333333335,0
70,PAYMENT,2282.47,C1494287462,3620.41,1337.94,M3831598303,0.0,0.0,0,0.0,0
555,PAYMENT,1.0,C3412273600,0.0,0.0,M8964269909,0.0,0.0,0,0.0,0
18,TRANSFER,611.99,C9630522755,714.83,102.84,C6517150278,19.07,631.06,0,0.01,0
233,PAYMENT,3058.69,C8418332121,4218.41,1159.72,M3831598303,0.0,0.0,0,0.0,0
77,CASH_OUT,5602.24,C5184564874,4829.44,0.0,M6495967005,0.0,0.0,1,0.043333333333333335,0
693,TRANSFER,4865.58,C5539308214,6571.9,1706.32,M9776500600,0.0,0.0,1,0.31666666666666665,0
641,CASH_OUT,21.42,C4524233168,100.62,79.2,C9842186844,546.59,546.59,0,0.03,0
700,CASH_OUT,1.0,C7074050517,0.0,0.0,C6715705115,29.41,29.41,0,0.04666666666666667,0
604,CASH_OUT,177510.49,C9388140708,234437.82,56927.33,C8858766173,29985.57,29985.57,0,0.0,0
233,CASH_IN,133987.9,C3380064537,120082.83,254070.73,C5512036684,1778.89,1778.89,0,0.0,0
707,DEBIT,11.87,C9844874547,142728.89,142717.02,M1908459040,0.0,0.0,0,0.016666666666666666,0
605,PAYMENT,265.06,C3615507143,748.69,483.63,M4601406440,0.0,0.0,0,0.0,0
346,PAYMENT,5329.36,C7825844140,22108.93,16779.57,M4242579642,0.0,0.0,0,0.0,0
269,TRANSFER,966.2,C6789448659,1072.42,106.22,C6369130994,90894.76,91860.96,0,0.0,0
525,CASH_IN,15947.1,C1600406558,395.69,16342.79,C3190227431,331.69,331.69,0,0.0,0
139,PAYMENT,1.0,C6405851839,0.0,0.0,M2187592160,0.0,0.0,0,0.0,0
350,DEBIT,29.55,C3115806625,38.67,9.12,M9021793855,0.0,0.0,0,0.023333333333333334,0
208,CASH_OUT,4106.7,C6168291913,5022.89,916.19,M8458323087,0.0,0.0,1,0.0,0
669,TRANSFER,816.8,C6859286614,794.46,0.0,M3566125120,0.0,0.0,1,0.39,0
144,TRANSFER,29728.62,C1563524533,63927.26,34198.64,C5333183840,219.2,29947.82,0,0.0,0
705,TRANSFER,54.31,C7660157097,151.51,97.2,C6121801720,2368.47,2422.78,0,0.02666666666666667,0
380,PAYMENT,1.0,C3887823121,0.0,0.0,M1504729135,0.0,0.0,0,0.0,0
107,PAYMENT,859.82,C2854772804,117748.33,116888.51,M1083302600,0.0,0.0,0,0.0,0
51,TRANSFER,1.0,C7608153267,0.0,0.0,C6638034087,928.82,929.82,0,0.013333333333333334,0
669,PAYMENT,1.0,C1287814151,0.0,0.0,M4588312351,0.0,0.0,0,0.0,0
433,PAYMENT,404.47,C4131575764,1993.57,1589.1,M6771941776,0.0,0.0,0,0.0,0
578,DEBIT,9956.04,C1600406558,16342.79,6386.75,M9590331226,0.0,0.0,0,0.03333333333333333,0
273,CASH_OUT,964.29,C8991678061,836.08,0.0,C8318855178,546.28,546.28,1,0.1,0
556,TRANSFER,121085.86,C2756070122,101809.42,0.0,M1999913493,0.0,0.0,1,0.87,1
463,CASH_IN,32681.68,C9455610447,0.08,32681.76,C5512036684,1778.89,1778.89,0,0.0,0
469,PAYMENT,1514.13,C4965395580,175523.25,174009.12,M5325865521,0.0,0.0,0,0.0,0
429,CASH_OUT,31366.88,C2774884818,32510.52,1143.64,M3476758136,0.0,0.0,1,0.016666666666666666,0
391,TRANSFER,67.66,C2866092821,62.29,0.0,M9896529524,0.0,0.0,1,0.22666666666666666,0
149,CASH_OUT,9951.34,C7246858055,16464.54,6513.2,C8281641403,5841.57,5841.57,0,0.0,0
149,DEBIT,13659.81,C5403510324,56711.22,43051.41,M2121448210,0.0,0.0,0,0.01,0
566,CASH_OUT,8755.45,C6611356986,8049.25,0.0,M2243802345,0.0,0.0,1,0.27,0
412,TRANSFER,105241.76,C8291250562,104053.94,0.0,C5607762160,186.14,186.14,1,0.49666666666666665,0
522,TRANSFER,1455.84,C8734449371,64692.61,63236.77,C3667740351,132174.12,133629.96,0,0.0,0
56,CASH_OUT,9654.11,C8901585274,131724.66,122070.55,C5600836559,5.34,5.34,0,0.0,0
349,PAYMENT,1413.57,C3744446292,1638.29,224.72,M4125758723,0.0,0.0,0,0.0,0
193,PAYMENT,1.0,C2076341629,0.0,0.0,M8218146534,0.0,0.0,0,0.0,0
456,TRANSFER,5600.58,C8316648259,4906.2,0.0,C9463197203,383.67,383.67,1,0.44,0
89,PAYMENT,319.41,C6300607425,541.77,222.36,M5815678365,0.0,0.0,0,0.0,0
275,PAYMENT,4762.52,C5998623100,29786.6,25024.08,M3322580659,0.0,0.0,0,0.0,0
51,PAYMENT,18348.58,C6642201119,28376.6,10028.02,M6130446648,0.0,0.0,0,0.0,0
181,CASH_OUT,4768.42,C5292015249,4119.51,0.0,M9026301048,0.0,0.0,1,0.043333333333333335,0
387,TRANSFER,1117.43,C4345526911,1290.04,172.61,C4277561834,388.4,1505.83,0,0.006666666666666667,0
602,CASH_IN,62500.24,C2970753705,591.5,63091.74,C3343459102,196.04,196.04,0,0.0,0
296,TRANSFER,1631.86,C4490722186,1475.61,0.0,M9404002665,0.0,0.0,1,0.38333333333333336,0
674,TRANSFER,512.27,C6311894154,71909.57,71397.3,C5125568431,4.26,516.53,0,0.03,0
112,PAYMENT,105.6,C1772303297,178.25,72.65,M4908108692,0.0,0.0,0,0.0,0
134,PAYMENT,9216.33,C9354711271,139383.43,130167.1,M5315720088,0.0,0.0,0,0.0,0
520,PAYMENT,9636.94,C2095286033,153777.73,144140.79,M2885370603,0.0,0.0,0,0.0,0
49,TRANSFER,1396.43,C7150970643,1519.85,123.42,M9918338001,0.0,0.0,1,0.19,0
221,TRANSFER,110859.72,C5625411308,127574.22,16714.5,M8138332494,0.0,0.0,1,0.26666666666666666,0
113,TRANSFER,1064.23,C2774884818,1143.64,79.41,C8372755146,6422.63,7486.86,0,0.0,0
298,CASH_IN,144032.69,C7376649850,69191.8,213224.49,C8982597239,221.44,221.44,0,0.0,0
482,CASH_IN,9754.35,C6415031531,175.81,9930.16,C4104309491,0.47,0.47,0,0.0,0
433,PAYMENT,1028.52,C7100408092,57358.73,56330.21,M5194066484,0.0,0.0,0,0.0,0
264,CASH_OUT,50.98,C9248046539,70.38,19.4,M1240140248,0.0,0.0,1,0.0033333333333333335,0
534,CASH_IN,4720.25,C6206015111,7062.5,11782.75,C6955593943,0.0,0.0,0,0.0,0
174,CASH_OUT,111513.73,C7481631841,110030.58,0.0,M2604788242,0.0,0.0,1,0.04666666666666667,0
486,TRANSFER,1.0,C7894019119,0.0,0.0,C4070964768,211083.05,211084.05,0,0.0,0
298,TRANSFER,1991.23,C2145921803,2084.27,93.04,C7271954644,764.7,764.7,1,0.02,0
409,TRANSFER,2393.2,C1041531046,2844.29,451.09,M4641902461,0.0,0.0,1,0.25333333333333335,0
451,PAYMENT,1.0,C4015479599,0.0,0.0,M2391874847,0.0,0.0,0,0.0,0
130,TRANSFER,109.01,C1446362270,126.25,17.24,C9806189256,0.0,109.01,0,0.1,0
199,TRANSFER,1.0,C4928783441,0.0,0.0,C5515628633,0.0,1.0,0,0.23,0
144,TRANSFER,88.67,C2390587865,223.15,134.48,C2647489402,0.0,88.67,0,0.13333333333333333,0
239,CASH_OUT,13587.83,C4752171298,22779.05,9191.22,C8906163641,146727.05,146727.05,0,0.0,0
653,PAYMENT,23126.22,C7573691558,48467.66,25341.44,M9098037639,0.0,0.0,0,0.0,0
478,TRANSFER,337.28,C5375461598,405.35,68.07,M8063693463,0.0,0.0,1,0.17,0
467,PAYMENT,9.05,C3841827734,127694.29,127685.24,M2243802345,0.0,0.0,0,0.0,0
76,TRANSFER,116243.32,C5187948804,150474.94,34231.62,M9625656293,0.0,0.0,1,0.24,0
364,TRANSFER,1464.92,C6715705115,1406.27,0.0,C5333183840,29947.82,29947.82,1,0.0033333333333333335,0
680,PAYMENT,2.41,C3550908958,3.32,0.91,M1908459040,0.0,0.0,0,0.0,0
554,PAYMENT,7.46,C8493451569,23.82,16.36,M6053489772,0.0,0.0,0,0.0,0
377,DEBIT,1.0,C1529290976,0.0,0.0,M3313346852,0.0,0.0,0,0.04,0
518,PAYMENT,12124.42,C8695129534,19608.92,7484.5,M3469205576,0.0,0.0,0,0.0,0
514,TRANSFER,2499.08,C5703357871,3560.51,1061.43,C6922713963,115.97,115.97,1,0.14333333333333334,0
702,PAYMENT,5883.51,C5421051452,29110.67,23227.16,M2604788242,0.0,0.0,0,0.0,0
471,PAYMENT,3441.73,C9533595495,41575.82,38134.09,M9581187661,0.0,0.0,0,0.0,0
428,CASH_IN,43941.76,C2331039957,26916.35,70858.11,C7460728316,814.21,814.21,0,0.0,0
596,PAYMENT,98.28,C1862812038,284.04,185.76,M1783432867,0.0,0.0,0,0.0,0
654,CASH_OUT,1.0,C8388580360,0.0,0.0,C6576395496,43773.16,43773.16,0,0.03,0
612,CASH_OUT,9600.17,C6415031531,9930.16,329.99,C1553155490,21595.92,21595.92,1,0.0,0
188,PAYMENT,39.09,C3806215682,104.0,64.91,M5087280062,0.0,0.0,0,0.0,0
717,CASH_OUT,131909.41,C7665963761,166003.31,34093.9,M8778927211,0.0,0.0,1,0.016666666666666666,0
288,TRANSFER,613.77,C1547374338,590.19,0.0,C6634526139,37.09,37.09,1,0.22666666666666666,0
388,CASH_OUT,2483.53,C5695387521,2173.61,0.0,M6790024996,0.0,0.0,1,0.13,0
183,TRANSFER,1483.15,C4490722186,1664.63,181.48,C9919491730,700.17,700.17,1,0.0033333333333333335,0
534,PAYMENT,1.0,C7085004726,0.0,0.0,M2156184315,0.0,0.0,0,0.0,0
384,PAYMENT,1.51,C4486522557,100205.84,100204.33,M3811254192,0.0,0.0,0,0.0,0
131,TRANSFER,33.33,C5667181604,35.21,1.88,C1293864877,3242.68,3276.01,0,0.0,0
678,CASH_IN,108891.22,C1529290976,0.0,108891.22,C1026224160,0.0,0.0,0,0.0,0
292,CASH_OUT,341.77,C1484664056,415.29,73.52,C1245522987,11.73,11.73,1,0.0033333333333333335,0
183,TRANSFER,619.07,C4930438209,754.84,135.77,C7664258343,7409.7,8028.77,0,0.0,0
586,CASH_OUT,7359.85,C4627032705,149835.91,142476.06,C2317723211,66.58,66.58,0,0.01,0
704,PAYMENT,17105.36,C2247484671,146857.22,129751.86,M4908108692,0.0,0.0,0,0.0,0
112,TRANSFER,6007.83,C7508080884,5328.13,0.0,M3580582653,0.0,0.0,1,0.8033333333333333,1
696,DEBIT,1.53,C7472806994,81211.46,81209.93,M6894024976,0.0,0.0,0,0.016666666666666666,0
189,TRANSFER,38388.53,C1248786714,33071.72,0.0,M8044997538,0.0,0.0,1,0.7866666666666666,1
243,CASH_OUT,50405.11,C4248149900,124688.92,74283.81,C9504724761,658.65,658.65,0,0.0,0
18,CASH_OUT,209.8,C7887950851,250.09,40.29,C7150970643,123.42,123.42,1,0.0,0
587,TRANSFER,157.88,C4820055862,687.98,530.1,C2293434554,854.99,1012.87,0,0.03,0
643,PAYMENT,19.7,C9166381136,1091.07,1071.37,M7230477043,0.0,0.0,0,0.0,0
543,TRANSFER,260.87,C6566372886,238.64,0.0,M6361225622,0.0,0.0,1,0.23,0
226,TRANSFER,536.45,C1546696950,624.6,88.15,M3660800029,0.0,0.0,1,0.17333333333333334,0
57,TRANSFER,3399.72,C5407856339,3815.4,415.68,C9333490239,0.0,0.0,1,0.20333333333333334,0
384,CASH_IN,1877.37,C3987248494,0.0,1877.37,C2493660313,104759.86,104759.86,0,0.0,0
175,CASH_OUT,161675.38,C9379439373,163546.78,1871.4,M6932365592,0.0,0.0,1,0.0,0
27,CASH_OUT,2903.01,C8316205130,3817.05,914.04,M7537130187,0.0,0.0,1,0.0033333333333333335,0
653,DEBIT,68.61,C2777816561,82.86,14.25,M4908108692,0.0,0.0,0,0.03333333333333333,0
124,TRANSFER,30477.6,C1614685938,39645.62,9168.02,M1857561275,0.0,0.0,1,0.22666666666666666,0
633,CASH_OUT,61210.36,C9807209816,61219.12,8.76,C1248704157,47464.98,47464.98,1,0.016666666666666666,0
348,TRANSFER,2553.16,C6704841644,2501.22,0.0,M3660800029,0.0,0.0,1,0.7133333333333334,1
184,CASH_OUT,972.76,C3047869247,54529.51,53556.75,C2777816561,14.25,14.25,0,0.0,0
301,CASH_OUT,51.17,C2254516608,69.73,18.56,C7417183769,3516.19,3516.19,0,0.006666666666666667,0
634,TRANSFER,905.55,C7625464411,1642.75,737.2,C3651552513,4512.39,5417.94,0,0.02,0
621,CASH_OUT,380.97,C3874432021,545.47,164.5,C1596471620,0.0,0.0,0,0.03,0
609,CASH_OUT,1334.47,C4287687478,171971.21,170636.74,C1430073711,20289.78,20289.78,0,0.0,0
357,CASH_OUT,3176.72,C2984460654,3038.67,0.0,M8874242713,0.0,0.0,1,0.13666666666666666,0
81,PAYMENT,1.0,C3887823121,0.0,0.0,M3660800029,0.0,0.0,0,0.0,0
691,CASH_OUT,1.0,C8178361487,0.0,0.0,C5837082260,128537.0,128537.0,0,0.0,0
681,CASH_IN,66.43,C8350384902,0.0,66.43,C5870268582,166.77,166.77,0,0.006666666666666667,0
27,PAYMENT,651.91,C6201313620,924.3,272.39,M3317856944,0.0,0.0,0,0.0,0
377,TRANSFER,167.13,C7337225482,180.13,13.0,C4660390742,2042.26,2042.26,1,0.006666666666666667,0
654,PAYMENT,648.45,C6496596008,1273.94,625.49,M4908108692,0.0,0.0,0,0.0,0
476,PAYMENT,1.0,C8991514523,0.0,0.0,M5815678365,0.0,0.0,0,0.0,0
146,CASH_OUT,53.49,C8948573913,132.64,79.15,C9715314442,803.75,803.75,0,0.01,0
20,TRANSFER,10042.64,C8471762590,9138.71,0.0,M2778069478,0.0,0.0,1,0.7433333333333333,1
170,TRANSFER,1.0,C3923699745,0.0,0.0,C4751509023,0.0,1.0,0,0.22,0
17,PAYMENT,4807.61,C2771211118,23284.35,18476.74,M4641902461,0.0,0.0,0,0.0,0
565,CASH_OUT,1.0,C4062777850,0.0,0.0,C2825957977,4928.3,4928.3,0,0.023333333333333334,0
689,PAYMENT,947.53,C8390631634,2066.7,1119.17,M3536590481,0.0,0.0,0,0.0,0
47,TRANSFER,2467.64,C5293274004,2072.83,0.0,M3595066420,0.0,0.0,1,0.6166666666666667,1
328,PAYMENT,5.55,C7620473079,18.65,13.1,M4820942294,0.0,0.0,0,0.0,0
351,PAYMENT,30.68,C7333678472,73.42,42.74,M8443061472,0.0,0.0,0,0.0,0
661,TRANSFER,8181.34,C5215140451,19838.3,11656.96,C8419590655,5506.4,13687.74,0,0.0033333333333333335,0
486,PAYMENT,76.0,C7660157097,97.2,21.2,M6525576685,0.0,0.0,0,0.0,0
694,TRANSFER,2171.28,C6548442140,2904.29,733.01,M1240140248,0.0,0.0,1,0.2833333333333333,0
229,TRANSFER,2618.54,C5283911723,2361.01,0.0,C7808938880,1871.17,4489.71,1,0.05,0
653,CASH_OUT,5851.94,C5431267548,7272.38,1420.44,C3271361431,0.0,0.0,1,0.023333333333333334,0
181,DEBIT,21933.43,C5489485517,148035.54,126102.11,M3107992942,0.0,0.0,0,0.006666666666666667,0
45,PAYMENT,1.94,C2683446724,121450.32,121448.38,M2695447268,0.0,0.0,0,0.0,0
194,TRANSFER,3843.95,C6837975356,3602.19,0.0,M7270955446,0.0,0.0,1,0.81,1
81,PAYMENT,5481.3,C8833399096,7046.24,1564.94,M8643636805,0.0,0.0,0,0.0,0
36,CASH_OUT,137982.35,C8719734235,135512.34,0.0,C2405746777,7396.04,7396.04,1,0.023333333333333334,0
717,DEBIT,1.0,C9438411468,0.0,0.0,M8903212516,0.0,0.0,0,0.04666666666666667,0
375,TRANSFER,409.92,C5010075517,547.32,137.4,C9711080868,99415.13,99415.13,1,0.0,0
714,PAYMENT,1.0,C8730507757,0.0,0.0,M9896529524,0.0,0.0,0,0.0,0
135,CASH_OUT,183121.15,C4070964768,211084.05,27962.9,C8926438617,754.26,754.26,1,0.0,0
471,PAYMENT,31.65,C9085085822,156.18,124.53,M1257854279,0.0,0.0,0,0.0,0
285,PAYMENT,7.36,C4719780110,37908.12,37900.76,M3107992942,0.0,0.0,0,0.0,0
312,TRANSFER,47.39,C7904559790,189.29,141.9,C6875597607,88515.67,88563.06,0,0.0,0
445,CASH_OUT,13487.53,C7311011808,18431.96,4944.43,C4302709858,0.0,0.0,1,0.016666666666666666,0
345,TRANSFER,1327.37,C6458544482,1472.01,144.64,C7560389844,1.0,1328.37,0,0.0033333333333333335,0
108,TRANSFER,2311.12,C5879617459,2810.5,499.38,M8548290298,0.0,0.0,1,0.19,0
86,DEBIT,1.0,C5364727160,0.0,0.0,M6692705133,0.0,0.0,0,0.03,0
437,PAYMENT,16176.21,C9032096058,35998.27,19822.06,M9631695368,0.0,0.0,0,0.0,0
198,TRANSFER,1021.61,C3962452613,1137.38,115.77,C1945826486,15633.81,15633.81,1,0.0,0
470,TRANSFER,17393.34,C8046300793,47022.37,29629.03,C3106408413,358.4,17751.74,0,0.0,0
414,CASH_OUT,1.0,C2540492440,0.0,0.0,C3853978147,130070.98,130070.98,0,0.006666666666666667,0
454,PAYMENT,2793.88,C8624454880,8065.95,5272.07,M2655546199,0.0,0.0,0,0.0,0
696,PAYMENT,8095.29,C4658080160,9494.96,1399.67,M6692705133,0.0,0.0,0,0.0,0
269,TRANSFER,381.51,C7625464411,737.2,355.69,C5035765954,125435.03,125816.54,0,0.0,0
373,PAYMENT,3367.75,C9245348297,170865.83,167498.08,M9068916300,0.0,0.0,0,0.0,0
14,PAYMENT,5653.48,C4398953973,145144.67,139491.19,M3107992942,0.0,0.0,0,0.0,0
118,PAYMENT,1.0,C8236980551,0.0,0.0,M9581187661,0.0,0.0,0,0.0,0
400,TRANSFER,12223.58,C7857580528,12623.67,400.09,C3781569954,83167.3,95390.88,0,0.0,0
599,DEBIT,181.77,C2905584866,351.36,169.59,M2518433834,0.0,0.0,0,0.023333333333333334,0
177,PAYMENT,616.12,C1696846464,36629.73,36013.61,M3705237613,0.0,0.0,0,0.0,0
540,TRANSFER,99787.3,C5899025962,98271.74,0.0,M5412437658,0.0,0.0,1,0.93,1
221,TRANSFER,5621.43,C6037168610,4786.79,0.0,M3208200227,0.0,0.0,1,0.8033333333333333,1
490,TRANSFER,1.0,C3019214800,0.0,0.0,C3995732958,20951.47,20952.47,0,0.0,0
38,TRANSFER,1331.81,C7872090713,1244.93,0.0,M8058679999,0.0,0.0,1,0.34,0
372,TRANSFER,1.0,C4659306670,0.0,0.0,C2777816561,14.25,15.25,0,0.18333333333333332,0
643,PAYMENT,1.0,C6072939882,1.0,0.0,M2518433834,0.0,0.0,0,0.0,0
506,CASH_IN,16927.76,C3791815554,130836.05,147763.81,C1233079614,153414.89,153414.89,0,0.0,0
463,PAYMENT,755.68,C7340498236,10235.82,9480.14,M3369412470,0.0,0.0,0,0.0,0
385,PAYMENT,283.24,C7186766399,91566.54,91283.3,M8548290298,0.0,0.0,0,0.0,0
442,PAYMENT,117.65,C9597198563,118674.36,118556.71,M3536590481,0.0,0.0,0,0.0,0
230,CASH_OUT,2.95,C4750707607,7.9,4.95,C2515672889,113096.87,113096.87,0,0.0,0
622,CASH_OUT,65.32,C6921525436,56.72,0.0,M6866146362,0.0,0.0,1,0.06333333333333334,0
507,DEBIT,1162.86,C6640801643,1583.49,420.63,M3072183247,0.0,0.0,0,0.02666666666666667,0
423,TRANSFER,3778.48,C3434757387,3525.84,0.0,M4820942294,0.0,0.0,1,0.8866666666666667,1
644,TRANSFER,130370.65,C2653032484,172673.7,42303.05,M7537130187,0.0,0.0,1,0.30666666666666664,0
131,PAYMENT,1.0,C8373547961,0.0,0.0,M9896529524,0.0,0.0,0,0.0,0
348,PAYMENT,1.0,C8295757364,0.0,0.0,M2121448210,0.0,0.0,0,0.0,0
441,TRANSFER,104924.3,C3781569954,95390.88,0.0,C8236980551,0.0,0.0,1,0.9133333333333333,1
27,DEBIT,11506.49,C3260842187,17154.44,5647.95,M3690714075,0.0,0.0,0,0.02,0
73,PAYMENT,5231.1,C6585609060,5442.95,211.85,M8903212516,0.0,0.0,0,0.0,0
13,TRANSFER,129365.91,C7533932947,142337.92,12972.01,M3322580659,0.0,0.0,1,0.13666666666666666,0
349,TRANSFER,1774.76,C1439427140,1775.31,0.55,M7664045502,0.0,0.0,1,0.44333333333333336,0
694,PAYMENT,1869.32,C2941508568,22854.4,20985.08,M6651754819,0.0,0.0,0,0.0,0
633,TRANSFER,1.0,C2076341629,0.0,0.0,C9738752801,0.0,1.0,0,0.23333333333333334,0
199,TRANSFER,411.98,C7536876169,468.57,56.59,C1459442845,206313.39,206313.39,1,0.0,0
569,CASH_OUT,339.6,C3371357111,8637.43,8297.83,C5064162365,29050.2,29050.2,0,0.0033333333333333335,0
304,PAYMENT,1.0,C9771848610,1.08,0.08,M2391874847,0.0,0.0,0,0.0,0
692,TRANSFER,2172.08,C3464975279,2725.63,553.55,C4264134512,0.0,0.0,1,0.29,0
91,CASH_OUT,1.0,C9741628563,0.0,0.0,C3371357111,8297.83,8297.83,0,0.006666666666666667,0
21,DEBIT,1.0,C2394868732,0.0,0.0,M3690714075,0.0,0.0,0,0.023333333333333334,0
697,CASH_OUT,1.0,C7508080884,0.0,0.0,C2099184899,65735.72,65735.72,0,0.02,0
55,TRANSFER,4040.46,C3776011793,4168.73,128.27,C4506639908,464.88,464.88,1,0.043333333333333335,0
146,TRANSFER,12278.93,C2683446724,121448.38,109169.45,C7185179917,0.0,12278.93,0,0.0,0
270,PAYMENT,20094.18,C3142452709,133892.58,113798.4,M8030400668,0.0,0.0,0,0.0,0
633,CASH_OUT,39564.97,C2850820685,38562.28,0.0,C9376711497,1159.37,1159.37,1,0.12,0
606,PAYMENT,13923.07,C9370133343,154506.81,140583.74,M2391874847,0.0,0.0,0,0.0,0
717,TRANSFER,49.22,C4227004325,116.84,67.62,C2242377075,0.0,49.22,0,0.16333333333333333,0
656,PAYMENT,1.0,C7628981661,0.0,0.0,M3192202822,0.0,0.0,0,0.0,0
86,CASH_OUT,16068.65,C7838460497,18698.89,2630.24,C1271730355,70288.84,70288.84,0,0.0033333333333333335,0
472,CASH_OUT,1843.54,C5243939720,1889.92,46.38,C3962452613,115.77,115.77,1,0.09,0
585,PAYMENT,10.61,C1965067727,23.75,13.14,M5156392601,0.0,0.0,0,0.0,0
35,PAYMENT,1.0,C3365835550,0.0,0.0,M1692044390,0.0,0.0,0,0.0,0
625,TRANSFER,1496.29,C3738900744,1351.13,0.0,C9196564761,1053.32,2549.61,1,0.18333333333333332,0
458,CASH_OUT,23357.37,C2566942273,24750.77,1393.4,C7016293621,59216.32,59216.32,1,0.0,0
71,TRANSFER,2729.67,C9963334018,2827.56,97.89,C9115282784,2587.36,2587.36,1,0.016666666666666666,0
137,TRANSFER,2731.29,C6582557981,3500.71,769.42,C6687206971,55844.85,58576.14,0,0.0,0
259,PAYMENT,29.22,C4470591645,77.93,48.71,M1458227039,0.0,0.0,0,0.0,0
123,PAYMENT,11471.79,C7004510516,12048.8,577.01,M3019265031,0.0,0.0,0,0.0,0
490,TRANSFER,73.42,C1361845490,75.34,1.92,C1457632732,155314.26,155314.26,1,0.0033333333333333335,0
314,CASH_OUT,94090.38,C3815389788,115741.08,21650.7,C7910439839,0.0,0.0,1,0.0,0
671,DEBIT,1.0,C1596471620,0.0,0.0,M7351460539,0.0,0.0,0,0.05,0
666,PAYMENT,5.03,C6562457052,2250.03,2245.0,M2635881694,0.0,0.0,0,0.0,0
696,PAYMENT,82.44,C8761469117,115.48,33.04,M6041646576,0.0,0.0,0,0.0,0
219,TRANSFER,1894.3,C4880176825,2250.92,356.62,M8389750357,0.0,0.0,1,0.19666666666666666,0
41,PAYMENT,2370.06,C1983297492,3790.05,1419.99,M8325043570,0.0,0.0,0,0.0,0
213,PAYMENT,79.01,C8055556030,136.06,57.05,M6866146362,0.0,0.0,0,0.0,0
625,TRANSFER,2508.66,C5693307665,20104.01,17595.35,C3163970710,161995.64,164504.3,0,0.0,0
568,CASH_IN,529.88,C4642197907,0.0,529.88,C6942989052,25103.87,25103.87,0,0.0,0
442,TRANSFER,640.44,C8953271391,790.67,150.23,C3117951204,0.0,640.44,0,0.043333333333333335,0
320,TRANSFER,102.92,C3423086220,191.05,88.13,C2602884797,66106.74,66209.66,0,0.0,0
199,CASH_OUT,3468.35,C3815235019,3843.13,374.78,C2540492440,0.0,0.0,0,0.0,0
495,CASH_OUT,1523.47,C6448001026,6325.59,4802.12,C2982979741,0.0,0.0,0,0.02666666666666667,0
27,PAYMENT,19857.45,C4026113008,73553.99,53696.54,M1676220116,0.0,0.0,0,0.0,0
464,PAYMENT,1.0,C7505693643,0.0,0.0,M5067400473,0.0,0.0,0,0.0,0
18,CASH_OUT,2346.54,C5485387618,5697.44,3350.9,C9432088993,17.46,17.46,0,0.0,0
346,PAYMENT,2760.1,C6265016831,38498.74,35738.64,M6992094064,0.0,0.0,0,0.0,0
525,PAYMENT,150.11,C7805633786,136788.69,136638.58,M7050091525,0.0,0.0,0,0.0,0
596,CASH_OUT,81.18,C8168204967,77.83,0.0,C5150090143,393.29,393.29,1,0.06666666666666667,0
605,PAYMENT,1.0,C7633342225,0.0,0.0,M6771941776,0.0,0.0,0,0.0,0
534,PAYMENT,1.0,C2067970820,0.0,0.0,M4665677395,0.0,0.0,0,0.0,0
377,DEBIT,3058.02,C7951902330,4104.3,1046.28,M4522855590,0.0,0.0,0,0.02,0
566,CASH_OUT,9095.42,C7801948900,17566.98,8471.56,C5125568431,516.53,516.53,0,0.0033333333333333335,0
10,CASH_OUT,4677.39,C9924456994,13732.29,9054.9,C5354747485,40570.34,40570.34,0,0.0,0
41,PAYMENT,1663.41,C1316756902,168945.95,167282.54,M7366396017,0.0,0.0,0,0.0,0
539,TRANSFER,72860.43,C3245108207,210322.5,137462.07,C8394198376,0.0,72860.43,0,0.0,0
699,CASH_OUT,65.15,C1484664056,73.52,8.37,C8669484644,1808.23,1808.23,0,0.02,0
376,TRANSFER,19346.35,C4403845222,16713.33,0.0,M9977193987,0.0,0.0,1,0.7966666666666666,1
706,TRANSFER,9760.52,C2753617371,10843.12,1082.6,C2612579345,6.99,9767.51,0,0.006666666666666667,0
455,CASH_OUT,19207.07,C8189916797,139346.72,120139.65,C1798112150,0.0,0.0,0,0.01,0
702,PAYMENT,634.93,C7560389844,1328.37,693.44,M9020002737,0.0,0.0,0,0.0,0
191,TRANSFER,4.25,C4486522557,100204.33,100200.08,C9842186844,546.59,550.84,0,0.0,0
459,TRANSFER,66374.84,C3476426797,82842.1,16467.26,C5694806361,0.0,0.0,1,0.27,0
41,DEBIT,1.0,C9771848610,0.08,0.0,M2604788242,0.0,0.0,0,0.02666666666666667,0
264,PAYMENT,4050.41,C3371357111,8297.83,4247.42,M4306983924,0.0,0.0,0,0.0,0
511,CASH_OUT,764.59,C2947476917,706.99,0.0,M3297681898,0.0,0.0,1,0.14,0
687,PAYMENT,678.96,C3109688769,5149.75,4470.79,M1257854279,0.0,0.0,0,0.0,0
133,PAYMENT,878.06,C7019900273,50779.75,49901.69,M5380159400,0.0,0.0,0,0.0,0
33,CASH_OUT,6637.32,C7246858055,6513.2,0.0,C7839819230,37.18,37.18,1,0.043333333333333335,0
425,PAYMENT,473.14,C7305101214,959.09,485.95,M3297681898,0.0,0.0,0,0.0,0
219,CASH_OUT,60.78,C4735334423,223.17,162.39,C9433570024,22180.38,22180.38,0,0.0033333333333333335,0
654,PAYMENT,3895.37,C5923940434,147177.52,143282.15,M1999913493,0.0,0.0,0,0.0,0
367,PAYMENT,1.0,C6618965944,0.0,0.0,M9590331226,0.0,0.0,0,0.0,0
272,PAYMENT,64.92,C5199176431,7064.26,6999.34,M8727805468,0.0,0.0,0,0.0,0
609,PAYMENT,627.01,C3971203213,691.85,64.84,M1122712790,0.0,0.0,0,0.0,0
546,PAYMENT,36.99,C2465576748,167.57,130.58,M9933702652,0.0,0.0,0,0.0,0
607,CASH_IN,66350.52,C6645808194,0.0,66350.52,C4207337120,16597.01,16597.01,0,0.0,0
522,CASH_OUT,104185.24,C4145461251,95292.55,0.0,M1504729135,0.0,0.0,1,0.19,0
280,CASH_OUT,3991.25,C8102515984,3768.52,0.0,M4908108692,0.0,0.0,1,0.10666666666666667,0
138,PAYMENT,1.0,C3258354191,0.0,0.0,M8063693463,0.0,0.0,0,0.0,0
73,CASH_OUT,12220.4,C5610783750,13701.27,1480.87,C2247484671,129751.86,129751.86,1,0.006666666666666667,0
324,PAYMENT,8.77,C2811967841,11.67,2.9,M8667946580,0.0,0.0,0,0.0,0
476,PAYMENT,69.73,C4143852021,91.71,21.98,M4093474499,0.0,0.0,0,0.0,0
68,TRANSFER,8903.13,C3645901955,11450.06,2546.93,C8351491401,0.0,8903.13,0,0.0,0
701,CASH_OUT,94074.82,C9354711271,130167.1,36092.28,C4507822591,0.0,0.0,1,0.016666666666666666,0
231,TRANSFER,887.58,C1051354601,1618.44,730.86,C2416760621,72175.07,73062.65,0,0.0,0
650,PAYMENT,17542.13,C1195066088,94957.71,77415.58,M2541015125,0.0,0.0,0,0.0,0
522,CASH_OUT,31.7,C1993998848,157.64,125.94,C2510308881,51.47,51.47,0,0.02666666666666667,0
626,TRANSFER,106.17,C1862812038,185.76,79.59,C6142469284,716.25,822.42,0,0.05,0
479,PAYMENT,13278.35,C9245348297,167498.08,154219.73,M3566125120,0.0,0.0,0,0.0,0
420,TRANSFER,286.28,C4956362540,418.49,132.21,C7857580528,400.09,686.37,0,0.03333333333333333,0
606,TRANSFER,65888.61,C6102144947,69568.31,3679.7,C4482141802,0.0,65888.61,0,0.013333333333333334,0
205,PAYMENT,1.0,C5975196341,0.0,0.0,M6384311581,0.0,0.0,0,0.0,0
675,PAYMENT,1.0,C3196545325,0.0,0.0,M6361225622,0.0,0.0,0,0.0,0
62,PAYMENT,334.15,C3128675098,64577.58,64243.43,M9631695368,0.0,0.0,0,0.0,0
479,CASH_OUT,246.79,C2047905204,330.58,83.79,C3107125807,10895.87,10895.87,1,0.02666666666666667,0
685,CASH_OUT,935.96,C8833399096,1564.94,628.98,C2601198885,0.0,0.0,0,0.02666666666666667,0
168,PAYMENT,1.0,C4751509023,1.0,0.0,M5714658227,0.0,0.0,0,0.0,0
152,TRANSFER,1.0,C7567496105,0.0,0.0,C1248786714,0.0,1.0,0,0.21666666666666667,0
162,PAYMENT,398.35,C4630196130,6442.67,6044.32,M7651029165,0.0,0.0,0,0.0,0
68,CASH_OUT,1991.87,C3843139149,6319.7,4327.83,C6075963527,21318.09,21318.09,0,0.0,0
298,CASH_OUT,138.84,C6756711494,119.8,0.0,M8083396378,0.0,0.0,1,0.056666666666666664,0
359,CASH_OUT,63330.29,C4895020135,87119.31,23789.02,M6401844042,0.0,0.0,1,0.0033333333333333335,0
50,PAYMENT,491.28,C6491309593,527.44,36.16,M3119908041,0.0,0.0,0,0.0,0
384,CASH_OUT,4995.68,C9147736635,13313.59,8317.91,C3951331472,0.0,0.0,0,0.0033333333333333335,0
520,CASH_IN,85671.56,C5510938155,3012.94,88684.5,C1590838716,21.98,21.98,0,0.0,0
464,TRANSFER,17575.17,C9857430687,31571.41,13996.24,C6493800024,62054.39,79629.56,0,0.0,0
74,TRANSFER,15.51,C1446362270,17.24,1.73,C2704657157,8415.13,8430.64,0,0.0,0
658,PAYMENT,228.64,C6305160342,374.9,146.26,M9098037639,0.0,0.0,0,0.0,0
514,CASH_OUT,47.03,C7229869819,176.59,129.56,C7620473079,13.1,13.1,0,0.02666666666666667,0
564,PAYMENT,326.53,C7397963801,32550.18,32223.65,M6820149016,0.0,0.0,0,0.0,0
617,CASH_OUT,29090.16,C7249213370,39641.33,10551.17,C9863781331,6136.33,6136.33,1,0.0,0
81,PAYMENT,273.53,C5144289583,1320.27,1046.74,M4390543744,0.0,0.0,0,0.0,0
51,PAYMENT,252.85,C6415031531,329.99,77.14,M9773795424,0.0,0.0,0,0.0,0
46,PAYMENT,1.0,C1099541460,0.0,0.0,M7343954769,0.0,0.0,0,0.0,0
57,CASH_OUT,17171.32,C1939042955,14344.35,0.0,M8030400668,0.0,0.0,1,0.10666666666666667,0
310,PAYMENT,340.73,C6618926823,1781.3,1440.57,M3846182436,0.0,0.0,0,0.0,0
471,PAYMENT,679.51,C7070083150,912.42,232.91,M9590331226,0.0,0.0,0,0.0,0
665,DEBIT,1.0,C9805620900,0.0,0.0,M8276498637,0.0,0.0,0,0.05333333333333334,0
150,PAYMENT,6413.59,C2480915452,8831.14,2417.55,M2711123163,0.0,0.0,0,0.0,0
161,PAYMENT,19571.31,C8257484586,99118.43,79547.12,M8740820392,0.0,0.0,0,0.0,0
398,TRANSFER,180.24,C9929101065,240.05,59.81,C9454207717,20147.08,20147.08,1,0.0,0
512,PAYMENT,1.0,C2601198885,0.0,0.0,M6865994703,0.0,0.0,0,0.0,0
515,CASH_OUT,30391.8,C3358880404,29116.59,0.0,C6288227800,17284.3,17284.3,1,0.06666666666666667,0
197,PAYMENT,1.0,C6098775210,0.0,0.0,M8727805468,0.0,0.0,0,0.0,0
439,TRANSFER,121675.25,C1561417687,104959.89,0.0,M8548290298,0.0,0.0,1,0.8733333333333333,1
543,PAYMENT,1.0,C8309221034,0.0,0.0,M1240140248,0.0,0.0,0,0.0,0
116,PAYMENT,377.92,C3980491761,2223.76,1845.84,M7717262223,0.0,0.0,0,0.0,0
134,PAYMENT,375.88,C5125568431,516.53,140.65,M7532669066,0.0,0.0,0,0.0,0
469,PAYMENT,4799.97,C1521521078,74791.88,69991.91,M8235474949,0.0,0.0,0,0.0,0
382,PAYMENT,887.89,C6218484323,1966.11,1078.22,M3369412470,0.0,0.0,0,0.0,0
305,PAYMENT,4389.76,C2825957977,4928.3,538.54,M9631695368,0.0,0.0,0,0.0,0
432,TRANSFER,120.18,C9249923427,2521.08,2400.9,C4949801453,38.64,158.82,0,0.10666666666666667,0
162,PAYMENT,1.0,C5982744929,0.0,0.0,M1185303518,0.0,0.0,0,0.0,0
707,PAYMENT,177.69,C4526242854,284.88,107.19,M3297681898,0.0,0.0,0,0.0033333333333333335,0
508,CASH_OUT,20720.12,C7598745558,103388.61,82668.49,C7525240100,0.0,0.0,0,0.01,0
321,PAYMENT,330.08,C4473306055,490.16,160.08,M8548290298,0.0,0.0,0,0.0,0
379,CASH_OUT,4918.01,C8880079328,4373.55,0.0,M5714658227,0.0,0.0,1,0.14,0
354,CASH_OUT,117128.46,C8997701619,124850.14,7721.68,M8276498637,0.0,0.0,1,0.0033333333333333335,0
168,PAYMENT,1.0,C6157617867,0.0,0.0,M4908108692,0.0,0.0,0,0.0,0
653,PAYMENT,52.52,C1795212538,75625.3,75572.78,M2249831874,0.0,0.0,0,0.0,0
99,CASH_IN,34239.61,C9911329062,50377.53,84617.14,C2802141793,332.98,332.98,0,0.0,0
242,CASH_OUT,31.94,C6491309593,36.16,4.22,C3799264931,5575.49,5575.49,0,0.0033333333333333335,0
521,PAYMENT,6.68,C9189503254,61.81,55.13,M9098037639,0.0,0.0,0,0.0,0
446,PAYMENT,337.87,C1400330495,535.41,197.54,M6786043791,0.0,0.0,0,0.0,0
512,PAYMENT,20077.78,C9539945315,20685.01,607.23,M9752092528,0.0,0.0,0,0.0,0
390,PAYMENT,1.0,C9303285822,0.0,0.0,M7230477043,0.0,0.0,0,0.0,0
646,PAYMENT,78.79,C3097302637,185.35,106.56,M7282885927,0.0,0.0,0,0.0,0
497,CASH_IN,91134.9,C2940955281,70.36,91205.26,C6633778586,71.31,71.31,0,0.0,0
706,PAYMENT,8278.18,C1271730355,70288.84,62010.66,M7764117705,0.0,0.0,0,0.0,0
419,PAYMENT,264.81,C4847761430,279.56,14.75,M6845287382,0.0,0.0,0,0.0,0
473,DEBIT,19830.24,C7393195616,21464.84,1634.6,M8443061472,0.0,0.0,0,0.03666666666666667,0
41,CASH_OUT,29486.0,C3880327491,24847.84,0.0,C3874432021,164.5,164.5,1,0.01,0
373,TRANSFER,4137.45,C4659306670,4978.62,841.17,M1711271599,0.0,0.0,1,0.21666666666666667,0
572,PAYMENT,379.37,C5610783750,1480.87,1101.5,M6200141898,0.0,0.0,0,0.0,0
697,PAYMENT,2072.58,C8015775567,47336.74,45264.16,M5270048042,0.0,0.0,0,0.0,0
66,PAYMENT,77.08,C3776011793,128.27,51.19,M2129491690,0.0,0.0,0,0.0,0
396,CASH_OUT,174.06,C7638836058,35381.86,35207.8,C1958682846,89089.13,89089.13,0,0.0,0
467,TRANSFER,3590.36,C6102144947,3679.7,89.34,M3297681898,0.0,0.0,1,0.49666666666666665,0
566,CASH_OUT,24416.88,C5403510324,43051.41,18634.53,C5802739154,1336.64,1336.64,0,0.0033333333333333335,0
99,CASH_IN,97710.98,C4636537575,3641.1,101352.08,C7551874474,131753.8,131753.8,0,0.0,0
650,PAYMENT,2344.86,C2191714875,72503.14,70158.28,M7750131975,0.0,0.0,0,0.0,0
356,CASH_OUT,5545.57,C8689593739,11442.2,5896.63,C6797174636,10641.81,10641.81,0,0.0,0
568,TRANSFER,3752.69,C3362646960,3715.53,0.0,C5759272717,105449.34,105449.34,1,0.02,0
169,TRANSFER,17594.42,C1322401182,19248.02,1653.6,M7282885927,0.0,0.0,1,0.23666666666666666,0
514,TRANSFER,4647.88,C2349406919,6270.85,1622.97,C6081137534,14177.68,14177.68,1,0.0033333333333333335,0
186,CASH_OUT,4463.25,C2546720356,82987.64,78524.39,C1862812038,79.59,79.59,0,0.0,0
413,TRANSFER,60655.17,C2331039957,70858.11,10202.94,C9703905715,4431.04,4431.04,1,0.02,0
671,CASH_OUT,333.52,C6048096802,5661.76,5328.24,C5696548897,1627.84,1627.84,0,0.013333333333333334,0
77,TRANSFER,4.64,C2079770569,10.62,5.98,C5515628633,1.0,5.64,0,0.16333333333333333,0
539,CASH_OUT,136.31,C8322868827,133.29,0.0,C7196439534,0.0,0.0,1,0.07333333333333333,0
480,PAYMENT,184.33,C4046558332,1165.86,981.53,M8235474949,0.0,0.0,0,0.0,0
228,TRANSFER,1277.63,C4658080160,1399.67,122.04,C9579064478,21.11,1298.74,1,0.006666666666666667,0
651,CASH_OUT,38137.38,C8795212264,46383.65,8246.27,C1306702926,191178.9,191178.9,1,0.0,0
218,DEBIT,19871.9,C6959501845,67927.3,48055.4,M1999913493,0.0,0.0,0,0.006666666666666667,0
79,PAYMENT,8907.19,C9677466102,20083.27,11176.08,M9900829971,0.0,0.0,0,0.0,0
699,PAYMENT,1.0,C5689870435,0.0,0.0,M1368287033,0.0,0.0,0,0.0,0
80,TRANSFER,37842.87,C4202607993,33435.99,0.0,C5976777081,338.55,338.55,1,0.23,0
53,CASH_OUT,7138.39,C4882343658,6722.43,0.0,M2586712032,0.0,0.0,1,0.05,0
517,TRANSFER,3967.4,C3978287288,3546.92,0.0,C7099469983,24116.8,24116.8,1,0.05333333333333334,0
331,CASH_OUT,3209.86,C1104906255,3681.93,472.07,C2178158203,0.0,0.0,1,0.01,0
117,DEBIT,57.35,C1471997674,97.04,39.69,M8144352013,0.0,0.0,0,0.02,0
405,PAYMENT,1094.26,C3521300895,2844.36,1750.1,M3208200227,0.0,0.0,0,0.0,0
9,TRANSFER,66042.43,C9259157845,115937.35,49894.92,C2111272861,4.32,66046.75,0,0.0,0
111,PAYMENT,1.0,C4386667704,0.0,0.0,M4093474499,0.0,0.0,0,0.0033333333333333335,0
551,CASH_IN,12068.41,C7872873371,23.25,12091.66,C8317619798,0.0,0.0,0,0.0,0
420,CASH_OUT,9017.73,C7556078550,10635.08,1617.35,C8275679594,0.0,0.0,1,0.02,0
348,PAYMENT,2265.53,C7575259637,5239.24,2973.71,M1357561213,0.0,0.0,0,0.0,0
234,CASH_OUT,48473.22,C3653594796,73379.55,24906.33,C1862812038,79.59,79.59,0,0.0,0
633,PAYMENT,86.19,C8083175325,95.14,8.95,M4522855590,0.0,0.0,0,0.0,0
677,PAYMENT,17512.49,C8995970241,162565.8,145053.31,M5087280062,0.0,0.0,0,0.0033333333333333335,0
496,PAYMENT,199.6,C9403748506,413.38,213.78,M4242579642,0.0,0.0,0,0.0,0
277,CASH_IN,62044.44,C8076527214,41334.7,103379.14,C1602569046,34511.6,34511.6,0,0.0,0
541,TRANSFER,3366.52,C5871743247,7276.23,3909.71,C7049001493,19874.48,23241.0,0,0.0033333333333333335,0
487,TRANSFER,16990.06,C1510289448,18148.31,1158.25,C6110646714,244.14,244.14,1,0.12666666666666668,0
444,CASH_IN,290.31,C6353758928,259.99,550.3,C8316648259,0.0,0.0,0,0.0033333333333333335,0
400,TRANSFER,2865.64,C2304963614,2469.3,0.0,M3313346852,0.0,0.0,1,0.73,1
240,TRANSFER,498.41,C7027529118,3154.11,2655.7,C4106464319,726.88,1225.29,0,0.0,0
638,PAYMENT,12179.18,C2149938334,88007.78,75828.6,M3508990774,0.0,0.0,0,0.0,0
668,PAYMENT,8274.44,C3691864041,50963.52,42689.08,M6820149016,0.0,0.0,0,0.0,0
64,PAYMENT,1.0,C7243352390,0.0,0.0,M3355504998,0.0,0.0,0,0.0,0
450,CASH_OUT,23777.26,C5064162365,29050.2,5272.94,C2464137110,181.76,181.76,1,0.013333333333333334,0
288,TRANSFER,1.0,C4159699467,0.0,0.0,C8084809436,71.55,72.55,0,0.11666666666666667,0
612,PAYMENT,186.09,C7174772035,97442.88,97256.79,M7702529931,0.0,0.0,0,0.0,0
234,DEBIT,5206.69,C9935429720,6089.3,882.61,M4306983924,0.0,0.0,0,0.02,0
661,PAYMENT,1016.03,C3528924461,1611.8,595.77,M7960713821,0.0,0.0,0,0.0,0
633,TRANSFER,1991.79,C3550908958,1974.56,0.0,M4125758723,0.0,0.0,1,0.7766666666666666,1
663,DEBIT,18.83,C8650676663,53.24,34.41,M7282885927,0.0,0.0,0,0.02666666666666667,0
120,CASH_OUT,19124.47,C8394040015,20210.1,1085.63,C6110943464,65.36,65.36,1,0.0,0
554,TRANSFER,1.0,C7915226263,0.0,0.0,C1439921366,160.36,161.36,0,0.11666666666666667,0
593,TRANSFER,4632.25,C2274350418,3939.42,0.0,C4062777850,0.0,4632.25,1,0.38333333333333336,0
328,PAYMENT,1.0,C9981364488,0.0,0.0,M3156792018,0.0,0.0,0,0.0,0
425,TRANSFER,1.0,C3694860228,0.0,0.0,C7161887665,15069.85,15070.85,0,0.0033333333333333335,0
394,PAYMENT,1.0,C6566372886,0.0,0.0,M3660800029,0.0,0.0,0,0.0,0
187,CASH_OUT,101.22,C8832617672,171.36,70.14,C7403028869,161334.2,161334.2,0,0.0,0
612,PAYMENT,8.84,C4262396395,3780.06,3771.22,M2121448210,0.0,0.0,0,0.0,0
675,TRANSFER,1131.01,C2654584280,1487.53,356.52,M3369412470,0.0,0.0,1,0.16333333333333333,0
107,CASH_IN,32414.99,C4248149900,74283.81,106698.8,C6844582171,1620.62,1620.62,0,0.0,0
649,PAYMENT,2162.33,C9479654136,85641.02,83478.69,M7168105904,0.0,0.0,0,0.0,0
230,PAYMENT,10537.46,C2627677155,45653.84,35116.38,M1096405016,0.0,0.0,0,0.0,0
165,CASH_OUT,12369.56,C5870891270,12700.71,331.15,C9484167278,73323.51,73323.51,0,0.0,0
21,TRANSFER,1008.54,C7640122370,1223.63,215.09,M1857561275,0.0,0.0,1,0.09666666666666666,0
301,CASH_OUT,892.93,C3980491761,1845.84,952.91,C6054421752,38401.25,38401.25,0,0.0,0
54,TRANSFER,2912.55,C7417183769,3516.19,603.64,M8910440683,0.0,0.0,1,0.19,0
523,TRANSFER,7632.45,C6797174636,10641.81,3009.36,C1251837136,788.99,788.99,1,0.06,0
111,CASH_OUT,4343.75,C4656572173,18405.21,14061.46,C3591527330,107202.88,107202.88,0,0.0,0
676,CASH_OUT,1.0,C8309221034,0.0,0.0,C4310415016,28370.0,28370.0,0,0.013333333333333334,0
505,PAYMENT,3971.03,C8203447752,71389.55,67418.52,M2303835765,0.0,0.0,0,0.0,0
615,PAYMENT,15597.67,C3380064537,254070.73,238473.06,M8903212516,0.0,0.0,0,0.0,0
447,PAYMENT,11323.05,C9903351330,19321.73,7998.68,M6498703287,0.0,0.0,0,0.0,0
659,PAYMENT,22.93,C8761469117,33.04,10.11,M1466305100,0.0,0.0,0,0.0,0
123,PAYMENT,93.41,C1667779376,261.95,168.54,M8366710477,0.0,0.0,0,0.0,0
506,PAYMENT,735.2,C5492496998,2903.63,2168.43,M4952177946,0.0,0.0,0,0.0,0
634,TRANSFER,52509.98,C4040409964,49556.53,0.0,C6317152031,1552.91,1552.91,1,0.30666666666666664,0
420,CASH_IN,87465.91,C9080621072,5921.4,93387.31,C4928783441,0.0,0.0,0,0.0,0
246,CASH_OUT,1.0,C2351531223,0.0,0.0,C3744446292,224.72,224.72,0,0.01,0
80,CASH_OUT,1542.5,C5578929439,1852.16,309.66,M3208200227,0.0,0.0,1,0.0,0
120,PAYMENT,118.01,C4930438209,135.77,17.76,M9776500600,0.0,0.0,0,0.0,0
273,CASH_OUT,11196.09,C1375899416,38974.58,27778.49,C2953462417,3668.32,3668.32,0,0.0,0
678,CASH_OUT,161.13,C1676168421,167.67,6.54,M6651754819,0.0,0.0,1,0.03666666666666667,0
321,CASH_IN,26749.11,C9526836552,0.0,26749.11,C7633342225,0.0,0.0,0,0.0,0
111,CASH_OUT,292.71,C2087974350,672.77,380.06,C1173215225,9737.11,9737.11,0,0.01,0
596,TRANSFER,11188.24,C6496933442,12267.1,1078.86,M9590331226,0.0,0.0,1,0.33666666666666667,0
166,CASH_OUT,261696.14,C5254923696,251038.46,0.0,M4211837506,0.0,0.0,1,0.07,0
297,CASH_OUT,393.47,C7625464411,355.69,0.0,M9020002737,0.0,0.0,1,0.06,0
538,TRANSFER,1.0,C2503068227,0.0,0.0,C2591414076,29005.44,29006.44,0,0.0,0
93,CASH_OUT,92.7,C4735334423,162.39,69.69,C5604529187,42.37,42.37,0,0.0033333333333333335,0
660,PAYMENT,6.79,C8270110908,16172.64,16165.85,M1908459040,0.0,0.0,0,0.0,0
640,PAYMENT,92.91,C9381721143,104.55,11.64,M6200141898,0.0,0.0,0,0.0,0
322,PAYMENT,2224.69,C6720396142,4925.12,2700.43,M2136107759,0.0,0.0,0,0.0,0
185,PAYMENT,1146.13,C5710360983,2261.06,1114.93,M6583604299,0.0,0.0,0,0.0,0
447,PAYMENT,14.31,C1654602021,142.43,128.12,M9977193987,0.0,0.0,0,0.0,0
189,CASH_OUT,3374.08,C6099808894,9339.55,5965.47,C5736462531,1.0,1.0,0,0.0,0
454,TRANSFER,65846.01,C6726515966,72557.18,6711.17,M5815678365,0.0,0.0,1,0.2866666666666667,0
164,CASH_OUT,54172.99,C6884333221,87375.1,33202.11,C5744003377,0.0,0.0,0,0.0,0
457,DEBIT,809.08,C8377088167,984.5,175.42,M9043367776,0.0,0.0,0,0.02666666666666667,0
686,CASH_OUT,14547.9,C8706093841,13885.04,0.0,C1862812038,79.59,79.59,1,0.19333333333333333,0
254,PAYMENT,15414.82,C9312085761,31948.15,16533.33,M9576264323,0.0,0.0,0,0.0,0
719,PAYMENT,443.55,C5634076661,596.42,152.87,M6865994703,0.0,0.0,0,0.0,0
463,CASH_OUT,24.5,C5306459450,6304.66,6280.16,C6952554500,9547.04,9547.04,0,0.02666666666666667,0
87,TRANSFER,2097.73,C8625905455,2589.38,491.65,C8168036130,20140.84,22238.57,0,0.0,0
233,CASH_OUT,17124.77,C1430073711,20289.78,3165.01,M5585110649,0.0,0.0,1,0.0,0
574,TRANSFER,855.26,C1282103057,1012.21,156.95,M9631695368,0.0,0.0,1,0.15666666666666668,0
587,CASH_IN,42823.18,C7935554354,101493.12,144316.3,C1225052083,9138.91,9138.91,0,0.0,0
446,PAYMENT,1.0,C6642266247,0.0,0.0,M8667946580,0.0,0.0,0,0.0,0
179,PAYMENT,787.77,C9837912162,1611.27,823.5,M4093474499,0.0,0.0,0,0.0,0
600,CASH_OUT,15204.41,C4486522557,100200.08,84995.67,C8480622107,11036.18,11036.18,0,0.0,0
662,PAYMENT,21823.62,C4353689019,63125.49,41301.87,M2869931869,0.0,0.0,0,0.0,0
178,TRANSFER,169983.58,C4466589567,163317.34,0.0,M7341757401,0.0,0.0,1,0.98,1
330,CASH_OUT,2960.25,C1225052083,9138.91,6178.66,C3280805846,2039.04,2039.04,0,0.0033333333333333335,0
38,CASH_IN,41165.67,C5759234471,0.0,41165.67,C4440904834,11649.42,11649.42,0,0.0,0
550,TRANSFER,513.91,C3952295757,509.16,0.0,C5358791907,100598.63,100598.63,1,0.0,0
654,TRANSFER,2.99,C5077921573,3.3,0.31,C6795522649,20782.13,20785.12,0,0.0,0
582,PAYMENT,1.0,C9333798503,0.0,0.0,M3297681898,0.0,0.0,0,0.0,0
622,PAYMENT,21888.82,C8933377472,65544.15,43655.33,M6361225622,0.0,0.0,0,0.0,0
598,CASH_OUT,1.0,C8757570742,0.0,0.0,C2486744752,39736.63,39736.63,0,0.023333333333333334,0
303,DEBIT,1.0,C8033702319,0.0,0.0,M2586712032,0.0,0.0,0,0.04,0
238,PAYMENT,3760.1,C8664882079,18648.8,14888.7,M8443061472,0.0,0.0,0,0.0,0
433,TRANSFER,8544.7,C2952996248,18382.02,9837.32,C9856756553,0.0,8544.7,0,0.006666666666666667,0
75,CASH_OUT,4290.36,C4145461251,4665.39,375.03,C4473306055,160.08,160.08,1,0.0,0
382,TRANSFER,1457.92,C1288765093,1672.24,214.32,M5564953924,0.0,0.0,1,0.14333333333333334,0
627,PAYMENT,651.33,C9411532909,1169.29,517.96,M9065458220,0.0,0.0,0,0.0,0
175,PAYMENT,79.49,C1667779376,168.54,89.05,M6846530109,0.0,0.0,0,0.0,0
300,PAYMENT,216.03,C6877052039,72636.64,72420.61,M6101516825,0.0,0.0,0,0.0,0
96,TRANSFER,180.51,C3874432021,164.5,0.0,M6606958660,0.0,0.0,1,0.24,0
199,TRANSFER,2449.45,C3144490990,18192.42,15742.97,C5403510324,18634.53,21083.98,0,0.0,0
552,CASH_OUT,393.36,C6910112521,353.81,0.0,C6928691380,2602.96,2602.96,1,0.04666666666666667,0
127,PAYMENT,1496.31,C9663561486,22582.62,21086.31,M7717262223,0.0,0.0,0,0.0,0
669,PAYMENT,1.0,C3171050399,0.0,0.0,M6790024996,0.0,0.0,0,0.0,0
169,CASH_OUT,1.0,C3304560537,0.0,0.0,C4524233168,79.2,79.2,0,0.0,0
499,CASH_IN,4993.43,C1602569046,34511.6,39505.03,C5600836559,5.34,5.34,0,0.0,0
387,PAYMENT,65.02,C1282103057,156.95,91.93,M8276498637,0.0,0.0,0,0.0,0
493,TRANSFER,110.06,C2009317340,117.16,7.1,M5380159400,0.0,0.0,1,0.17666666666666667,0
254,PAYMENT,436.07,C7452729913,204752.48,204316.41,M2228388623,0.0,0.0,0,0.0,0
388,TRANSFER,1973.81,C3645901955,2546.93,573.12,M6247463262,0.0,0.0,1,0.19333333333333333,0
385,TRANSFER,1277.95,C3887823121,1227.75,0.0,C6959501845,48055.4,48055.4,1,0.006666666666666667,0
74,PAYMENT,15377.13,C3521166052,23714.91,8337.78,M9590331226,0.0,0.0,0,0.0,0
713,CASH_OUT,13886.12,C3821211202,14066.83,180.71,C9155819200,261.66,261.66,1,0.023333333333333334,0
147,TRANSFER,125.11,C1710924824,113.09,0.0,M3536590481,0.0,0.0,1,0.22,0
448,PAYMENT,1.0,C4302632494,0.0,0.0,M6786043791,0.0,0.0,0,0.0,0
713,PAYMENT,1.0,C4939447721,0.0,0.0,M9933702652,0.0,0.0,0,0.0,0
633,CASH_OUT,37129.33,C2960432117,56405.7,19276.37,C1110533960,3674.44,3674.44,0,0.0,0
418,TRANSFER,504.02,C3910678913,1090.6,586.58,C4696689457,985.13,1489.15,0,0.02666666666666667,0
277,TRANSFER,19954.88,C8151583833,65282.81,45327.93,C7340428136,50339.81,70294.69,0,0.0,0
615,PAYMENT,368.2,C3791027186,2202.77,1834.57,M7861571879,0.0,0.0,0,0.0,0
576,CASH_OUT,2210.54,C3365835550,2758.34,547.8,C1421776124,69.66,69.66,1,0.023333333333333334,0
381,PAYMENT,1493.04,C8796293088,3279.91,1786.87,M9933702652,0.0,0.0,0,0.0,0
238,PAYMENT,1.0,C9461708554,0.0,0.0,M8858274691,0.0,0.0,0,0.0,0
399,PAYMENT,1208.9,C2646331504,6200.78,4991.88,M6401844042,0.0,0.0,0,0.0,0
391,TRANSFER,1.0,C4242550727,0.0,0.0,C7536876169,56.59,57.59,0,0.11333333333333333,0
363,CASH_OUT,21350.08,C5334769475,29223.31,7873.23,C7597996327,408.02,408.02,0,0.0,0
662,CASH_OUT,27630.45,C8369792370,33975.19,6344.74,C1625217504,93.12,93.12,1,0.013333333333333334,0
171,TRANSFER,26.96,C5485387618,3350.9,3323.94,C4750707607,4.95,31.91,0,0.10666666666666667,0
211,TRANSFER,4804.84,C9123612497,6579.74,1774.9,C4939447721,0.0,4804.84,0,0.0,0
249,PAYMENT,24.58,C1197449658,30.11,5.53,M2885370603,0.0,0.0,0,0.0,0
143,TRANSFER,39.28,C1207916194,52.97,13.69,C8055556030,57.05,57.05,1,0.08,0
234,TRANSFER,2102.53,C9547119184,11277.97,9175.44,C3020939193,150800.55,152903.08,0,0.0,0
441,PAYMENT,6417.85,C7340498236,9480.14,3062.29,M3145756342,0.0,0.0,0,0.0,0
645,CASH_IN,56704.69,C4807122420,458.05,57162.74,C9544423456,33392.04,33392.04,0,0.0,0
432,CASH_OUT,1263.22,C2566942273,1393.4,130.18,C3651552513,5417.94,5417.94,1,0.056666666666666664,0
553,PAYMENT,2174.57,C3421719519,5004.09,2829.52,M4641902461,0.0,0.0,0,0.0,0
440,PAYMENT,13717.78,C7186766399,91283.3,77565.52,M8728631945,0.0,0.0,0,0.0,0
588,PAYMENT,275.82,C5067245523,74794.96,74519.14,M8443061472,0.0,0.0,0,0.0,0
539,TRANSFER,554.59,C7710396573,2632.55,2077.96,C9751963589,0.0,554.59,0,0.07666666666666666,0
583,TRANSFER,3686.59,C9508499533,3674.46,0.0,M8218146534,0.0,0.0,1,0.9466666666666667,1
406,CASH_OUT,98710.89,C6242173772,133234.86,34523.97,C1251837136,788.99,788.99,1,0.0,0
14,CASH_OUT,5899.27,C2612579345,9767.51,3868.24,C2953462417,3668.32,3668.32,0,0.0,0
243,CASH_IN,139083.09,C1805492785,0.0,139083.09,C8995045543,0.0,0.0,0,0.0,0
73,TRANSFER,8040.23,C7627266377,11293.32,3253.09,C9115282784,2587.36,10627.59,0,0.0,0
114,PAYMENT,68.15,C8638763775,93.84,25.69,M8964269909,0.0,0.0,0,0.0,0
685,DEBIT,63.76,C3532855799,205.38,141.62,M3636366799,0.0,0.0,0,0.02666666666666667,0
637,PAYMENT,7022.25,C9032096058,19822.06,12799.81,M9098037639,0.0,0.0,0,0.0,0
443,PAYMENT,1542.11,C9786748825,7962.15,6420.04,M4865979921,0.0,0.0,0,0.0,0
4,CASH_OUT,2963.7,C2452066459,2622.0,0.0,M5315720088,0.0,0.0,1,0.08666666666666667,0
676,CASH_OUT,2714.27,C6169243284,2687.89,0.0,C9388140708,56927.33,56927.33,1,0.18333333333333332,0
22,PAYMENT,32.01,C2242377075,49.22,17.21,M2129491690,0.0,0.0,0,0.0,0
104,TRANSFER,66.96,C1667779376,89.05,22.09,C5476654128,420.37,487.33,0,0.013333333333333334,0
166,CASH_OUT,9.22,C8826851692,31.41,22.19,C6313758032,169845.2,169845.2,0,0.0,0
35,PAYMENT,376.24,C7857580528,686.37,310.13,M7717262223,0.0,0.0,0,0.0,0
573,DEBIT,1033.49,C8118065825,80647.83,79614.34,M8768773991,0.0,0.0,0,0.016666666666666666,0
130,CASH_OUT,1191.07,C9462806178,35408.49,34217.42,C1519709079,0.0,0.0,0,0.0,0
371,PAYMENT,1.0,C1707196784,0.0,0.0,M3192202822,0.0,0.0,0,0.0,0
528,PAYMENT,1.0,C3694860228,0.0,0.0,M8548290298,0.0,0.0,0,0.0,0
717,CASH_OUT,251.56,C3725152347,278.68,27.12,M1343875431,0.0,0.0,1,0.03666666666666667,0
687,PAYMENT,8229.28,C9592390865,15999.66,7770.38,M6999146585,0.0,0.0,0,0.0,0
318,PAYMENT,207.74,C8241550421,234.44,26.7,M7713758036,0.0,0.0,0,0.0,0
393,CASH_OUT,48.93,C6065662867,56.47,7.54,C9067664957,16.06,16.06,0,0.01,0
494,PAYMENT,2.76,C5199176431,6999.34,6996.58,M9822499208,0.0,0.0,0,0.0,0
388,PAYMENT,1.0,C1124331395,0.0,0.0,M1368287033,0.0,0.0,0,0.0,0
382,CASH_OUT,4421.0,C7246858055,4618.22,197.22,C1754603440,6045.85,6045.85,1,0.0033333333333333335,0
682,CASH_OUT,1628.09,C5751366455,3183.65,1555.56,C4820055862,530.1,530.1,0,0.01,0
76,PAYMENT,185.68,C6358023411,235.76,50.08,M2328736852,0.0,0.0,0,0.0,0
393,TRANSFER,25535.75,C5667503195,32906.96,7371.21,M4160161496,0.0,0.0,1,0.24666666666666667,0
324,TRANSFER,266.56,C1818112342,410.23,143.67,C4431078106,0.0,266.56,0,0.013333333333333334,0
455,PAYMENT,8568.36,C7475684019,87125.73,78557.37,M9625656293,0.0,0.0,0,0.0,0
559,CASH_OUT,109360.76,C5923940434,143282.15,33921.39,M5990749811,0.0,0.0,1,0.013333333333333334,0
214,PAYMENT,52.16,C4345526911,172.61,120.45,M7960713821,0.0,0.0,0,0.0,0
281,PAYMENT,16342.83,C6923301988,81800.91,65458.08,M3566125120,0.0,0.0,0,0.0,0
135,TRANSFER,474.59,C6884882440,566.78,92.19,M3457877922,0.0,0.0,1,0.14333333333333334,0
197,PAYMENT,1.0,C4026379752,0.0,0.0,M2635881694,0.0,0.0,0,0.0,0
463,CASH_OUT,1.0,C9123207735,0.0,0.0,C8285786023,345.16,345.16,0,0.08333333333333333,0
128,PAYMENT,1.0,C2304963614,0.0,0.0,M1240140248,0.0,0.0,0,0.0,0
632,TRANSFER,630.85,C1182758417,685.5,54.65,C6566372886,0.0,630.85,0,0.056666666666666664,0
28,TRANSFER,2179.07,C1045302356,2273.32,94.25,M1257854279,0.0,0.0,1,0.38666666666666666,0
154,PAYMENT,72.72,C6544063167,96.05,23.33,M2156184315,0.0,0.0,0,0.0,0
354,CASH_OUT,4050.28,C3147818256,3384.55,0.0,C9136780852,792.27,792.27,1,0.10333333333333333,0
118,CASH_OUT,4294.33,C5227828349,4976.07,681.74,M7928143230,0.0,0.0,1,0.0,0
468,PAYMENT,1.0,C3412273600,0.0,0.0,M1647181551,0.0,0.0,0,0.0,0
613,TRANSFER,1.0,C2452066459,0.0,0.0,C2825957977,538.54,539.54,0,0.09,0
466,PAYMENT,4257.99,C6715961218,6996.57,2738.58,M7713758036,0.0,0.0,0,0.0,0
341,CASH_OUT,1.0,C1589582865,0.0,0.0,C6720572969,0.0,0.0,0,0.03333333333333333,0
464,CASH_IN,1146.98,C1945826486,15633.81,16780.79,C7114223633,104355.65,104355.65,0,0.0033333333333333335,0
503,TRANSFER,323.54,C2293434554,1012.87,689.33,C3245108207,137462.07,137785.61,0,0.0033333333333333335,0
691,PAYMENT,526.85,C5510938155,88684.5,88157.65,M9900829971,0.0,0.0,0,0.0,0
48,PAYMENT,1.0,C9957643727,0.0,0.0,M3566125120,0.0,0.0,0,0.0,0
69,TRANSFER,54748.53,C6797436140,98388.99,43640.46,C6477862024,1183.96,55932.49,0,0.0,0
388,PAYMENT,19218.44,C2602884797,66209.66,46991.22,M4242579642,0.0,0.0,0,0.0,0
49,TRANSFER,3593.5,C7808938880,4489.71,896.21,C8086172302,0.0,0.0,1,0.19,0
498,CASH_OUT,1877.81,C1870644102,6309.23,4431.42,C9639245200,24332.16,24332.16,0,0.013333333333333334,0
92,DEBIT,22.68,C8331319481,52.54,29.86,M3517195150,0.0,0.0,0,0.016666666666666666,0
584,PAYMENT,16758.47,C8934927891,103246.62,86488.15,M6820149016,0.0,0.0,0,0.0,0
498,TRANSFER,2097.69,C5633956194,2168.72,71.03,M4160161496,0.0,0.0,1,0.4266666666666667,0
557,TRANSFER,25091.79,C1684598046,21196.4,0.0,M6199197408,0.0,0.0,1,0.8533333333333334,1
627,CASH_IN,142253.73,C2645272822,0.0,142253.73,C5455441991,119650.39,119650.39,0,0.0,0
432,PAYMENT,24764.33,C4482238042,146653.12,121888.79,M9020002737,0.0,0.0,0,0.0,0
327,PAYMENT,44.18,C6046864799,109.25,65.07,M7678293431,0.0,0.0,0,0.0,0
666,TRANSFER,2276.95,C9182543558,2461.76,184.81,M6282009986,0.0,0.0,1,0.31,0
542,PAYMENT,1.0,C9573276057,0.0,0.0,M7230477043,0.0,0.0,0,0.0,0
355,TRANSFER,185.18,C1400330495,197.54,12.36,C4751509023,0.0,185.18,1,0.05333333333333334,0
212,TRANSFER,19.25,C5829062179,23.37,4.12,C3878201524,361.2,380.45,0,0.006666666666666667,0
661,CASH_IN,23448.14,C7590302909,79.37,23527.51,C7628981661,0.0,0.0,0,0.0,0
403,TRANSFER,4114.94,C7227593033,4054.21,0.0,M3208200227,0.0,0.0,1,0.7233333333333334,1
253,DEBIT,51.16,C3420721027,181477.25,181426.09,M4665677395,0.0,0.0,0,0.0033333333333333335,0
93,TRANSFER,24.15,C7460728316,814.21,790.06,C2515672889,113096.87,113121.02,0,0.0,0
621,TRANSFER,1808.38,C3313993297,1815.89,7.51,M8458323087,0.0,0.0,1,0.36333333333333334,0
67,PAYMENT,893.49,C7415801613,1220.25,326.76,M8276498637,0.0,0.0,0,0.0,0
70,PAYMENT,624.19,C9660523876,28249.27,27625.08,M6866146362,0.0,0.0,0,0.0,0
573,TRANSFER,7841.85,C4895020135,23789.02,15947.17,C6206015111,11782.75,19624.6,0,0.0,0
333,PAYMENT,2312.88,C8795212264,8246.27,5933.39,M8821456242,0.0,0.0,0,0.0,0
268,CASH_IN,152.39,C1233079614,153414.89,153567.28,C6717963562,60788.96,60788.96,0,0.0,0
649,PAYMENT,26.62,C5633956194,71.03,44.41,M6606958660,0.0,0.0,0,0.0,0
14,PAYMENT,18737.94,C2327372855,44701.81,25963.87,M7437168216,0.0,0.0,0,0.0,0
81,TRANSFER,20486.04,C7099469983,24116.8,3630.76,C4145461251,375.03,20861.07,0,0.0,0
255,PAYMENT,6291.39,C2914590233,43662.73,37371.34,M7050091525,0.0,0.0,0,0.0,0
276,PAYMENT,431.71,C6496933442,1078.86,647.15,M8964269909,0.0,0.0,0,0.0,0
384,PAYMENT,3.62,C6463640105,7.08,3.46,M3019265031,0.0,0.0,0,0.0,0
99,CASH_OUT,2052.71,C4268713302,7201.25,5148.54,C5269728610,37778.84,37778.84,0,0.0,0
627,CASH_OUT,3498.25,C3894673596,3520.04,21.79,M8443061472,0.0,0.0,1,0.056666666666666664,0
450,DEBIT,1.0,C2866092821,0.0,0.0,M3605446007,0.0,0.0,0,0.04666666666666667,0
556,PAYMENT,1.0,C2617999521,0.0,0.0,M1306420495,0.0,0.0,0,0.0,0
160,TRANSFER,1.0,C2178158203,0.0,0.0,C5483308751,0.0,1.0,0,0.21666666666666667,0
599,PAYMENT,37.52,C8997701619,7721.68,7684.16,M6515490818,0.0,0.0,0,0.0,0
420,TRANSFER,110.51,C3772636814,1360.05,1249.54,C4673457063,14302.28,14412.79,0,0.0033333333333333335,0
19,TRANSFER,86.14,C5010075517,137.4,51.26,C9579064478,1298.74,1384.88,0,0.006666666666666667,0
462,DEBIT,3627.53,C9711080868,99415.13,95787.6,M6401844042,0.0,0.0,0,0.016666666666666666,0
661,TRANSFER,28075.21,C4635552887,58814.27,30739.06,C7038841740,0.0,28075.21,0,0.01,0
30,TRANSFER,848.69,C4783282817,936.88,88.19,M3536590481,0.0,0.0,1,0.17666666666666667,0
596,PAYMENT,2662.38,C5485387618,3323.94,661.56,M2586712032,0.0,0.0,0,0.0,0
139,TRANSFER,7249.1,C9547119184,9175.44,1926.34,C7431813987,0.0,7249.1,0,0.0,0
282,TRANSFER,1929.83,C4928783441,2045.74,115.91,M6651020291,0.0,0.0,1,0.31333333333333335,0
126,TRANSFER,15380.75,C3376077463,14139.88,0.0,C3149484176,0.0,15380.75,1,0.05,0
282,CASH_OUT,170758.44,C8117478955,144639.11,0.0,M7960713821,0.0,0.0,1,0.02,0
654,DEBIT,16880.46,C6877052039,72420.61,55540.15,M3580582653,0.0,0.0,0,0.02,0
458,CASH_OUT,14859.91,C3792347639,14785.4,0.0,M8778927211,0.0,0.0,1,0.24333333333333335,0
355,DEBIT,133.82,C5489485517,126102.11,125968.29,M6651020291,0.0,0.0,0,0.006666666666666667,0
201,TRANSFER,3972.74,C6661014794,63326.03,59353.29,C5403510324,21083.98,25056.72,0,0.0,0
646,TRANSFER,1.0,C1977515194,0.0,0.0,C1005502537,0.0,1.0,0,0.23,0
600,CASH_OUT,841.44,C4536306171,968.51,127.07,M9773795424,0.0,0.0,1,0.03,0
132,CASH_OUT,470.08,C7818568548,601.23,131.15,C7402059279,8.62,8.62,1,0.01,0
631,TRANSFER,55.3,C5375461598,68.07,12.77,C9032096058,12799.81,12855.11,1,0.006666666666666667,0
319,DEBIT,18088.36,C4181102664,62872.64,44784.28,M1099218439,0.0,0.0,0,0.006666666666666667,0
9,CASH_OUT,2636.3,C1506211965,2760.33,124.03,C2191714875,70158.28,70158.28,1,0.0,0
234,TRANSFER,49522.14,C6959501845,48055.4,0.0,C7539399243,93397.9,93397.9,1,0.0033333333333333335,0
236,CASH_OUT,1.0,C8757570742,0.0,0.0,C2893321208,0.0,0.0,0,0.023333333333333334,0
527,TRANSFER,368.46,C9986353481,368.94,0.48,C2267619081,105.44,105.44,1,0.12666666666666668,0
215,TRANSFER,11253.81,C6470052645,127081.3,115827.49,C6576426590,0.0,11253.81,0,0.0,0
79,TRANSFER,28955.13,C1234359689,24215.5,0.0,M8102481401,0.0,0.0,1,0.8233333333333334,1
288,CASH_OUT,1129.46,C5751366455,1555.56,426.1,M7230477043,0.0,0.0,1,0.01,0
546,PAYMENT,2319.38,C8168394616,3574.45,1255.07,M6845287382,0.0,0.0,0,0.0,0
642,PAYMENT,15887.38,C9717175839,111670.12,95782.74,M1466305100,0.0,0.0,0,0.0,0
58,CASH_OUT,121.34,C7092693247,163.11,41.77,M6771941776,0.0,0.0,1,0.0033333333333333335,0
36,PAYMENT,20588.43,C3515167269,32839.6,12251.17,M4689605624,0.0,0.0,0,0.0,0
108,PAYMENT,6.1,C9481076448,19.52,13.42,M3313346852,0.0,0.0,0,0.0,0
516,TRANSFER,1.0,C5996775663,0.15,0.0,C7937993287,3525.22,3526.22,0,0.06,0
659,TRANSFER,177.46,C2237386857,149.42,0.0,M2115406331,0.0,0.0,1,0.23666666666666666,0
52,PAYMENT,104.61,C7016293621,59216.32,59111.71,M6786043791,0.0,0.0,0,0.0,0
71,CASH_OUT,1.0,C7481631841,0.0,0.0,C7824150224,59.89,59.89,0,0.0033333333333333335,0
580,PAYMENT,3627.11,C4776677517,5394.7,1767.59,M3595066420,0.0,0.0,0,0.0,0
439,TRANSFER,4950.25,C8689593739,5896.63,946.38,M7343954769,0.0,0.0,1,0.2966666666666667,0
177,PAYMENT,1.0,C4386667704,0.0,0.0,M5087280062,0.0,0.0,0,0.0,0
53,CASH_OUT,185.71,C8506931282,601.79,416.08,C6844582171,1620.62,1620.62,0,0.01,0
596,TRANSFER,2910.41,C9618334441,3220.07,309.66,C3651552513,5417.94,5417.94,1,0.04,0
128,TRANSFER,24541.42,C9957813353,34557.17,10015.75,M6999146585,0.0,0.0,1,0.23,0
62,CASH_OUT,54019.57,C7576309274,228738.7,174719.13,C5187948804,34231.62,34231.62,0,0.0,0
716,PAYMENT,652.16,C9626333315,993.66,341.5,M2328736852,0.0,0.0,0,0.0,0
340,TRANSFER,562.22,C4248149900,106698.8,106136.58,C2952996248,9837.32,10399.54,0,0.0033333333333333335,0
236,CASH_OUT,24459.31,C9623534576,63531.86,39072.55,C9504724761,658.65,658.65,0,0.0,0
509,DEBIT,1507.26,C2075413763,4839.1,3331.84,M4522855590,0.0,0.0,0,0.03,0
497,TRANSFER,180087.95,C4786674545,153764.47,0.0,C6317889312,1403.55,1403.55,1,0.3466666666666667,0
711,TRANSFER,35937.22,C9922723063,30856.93,0.0,M3960136787,0.0,0.0,1,0.8033333333333333,1
613,PAYMENT,588.09,C3651552513,5417.94,4829.85,M2625035499,0.0,0.0,0,0.0,0
280,CASH_IN,65065.28,C5033992825,521.0,65586.28,C1158998032,50914.07,50914.07,0,0.0,0
100,TRANSFER,5917.11,C8369792370,6344.74,427.63,M2604788242,0.0,0.0,1,0.20666666666666667,0
59,PAYMENT,12060.29,C1664847319,319374.86,307314.57,M6790024996,0.0,0.0,0,0.0,0
689,TRANSFER,24549.76,C5400463094,27610.15,3060.39,C2099184899,65735.72,90285.48,0,0.0,0
232,PAYMENT,1.0,C5135595227,0.0,0.0,M7951820749,0.0,0.0,0,0.0,0
560,TRANSFER,38.58,C5633956194,44.41,5.83,C5268845844,20.08,58.66,0,0.13666666666666666,0
696,TRANSFER,51059.45,C6986770879,54739.25,3679.8,M2885370603,0.0,0.0,1,0.3233333333333333,0
353,CASH_OUT,13.02,C5067116918,52.56,39.54,C2377246195,1402.43,1402.43,0,0.01,0
552,CASH_OUT,118673.76,C2095286033,144140.79,25467.03,C5254923696,0.0,0.0,0,0.013333333333333334,0
507,TRANSFER,1.0,C7628981661,0.0,0.0,C6317152031,1552.91,1553.91,0,0.07333333333333333,0
66,TRANSFER,7381.69,C7193532615,6787.56,0.0,C4277422858,865.41,865.41,1,0.13333333333333333,0
374,DEBIT,38729.88,C6583444930,158591.76,119861.88,M2541015125,0.0,0.0,0,0.01,0
140,CASH_OUT,2807.79,C8624454880,5272.07,2464.28,C4262396395,3771.22,3771.22,0,0.0,0
188,PAYMENT,6017.29,C5972484792,201832.64,195815.35,M7764117705,0.0,0.0,0,0.0,0
65,CASH_OUT,45389.31,C8868054898,52019.25,6629.94,M9921025990,0.0,0.0,1,0.0,0
508,PAYMENT,1.0,C8690920484,0.0,0.0,M3508990774,0.0,0.0,0,0.0,0
342,PAYMENT,6092.52,C8076527214,103379.14,97286.62,M6732306182,0.0,0.0,0,0.0,0
290,CASH_OUT,1.0,C4242550727,0.0,0.0,C5175416378,84954.76,84954.76,0,0.0,0
174,PAYMENT,1454.13,C9249923427,2400.9,946.77,M1413599241,0.0,0.0,0,0.0,0
142,CASH_OUT,2812.21,C3768901084,3660.88,848.67,C5891280823,30.53,30.53,1,0.0,0
595,CASH_OUT,98715.13,C2439622619,115256.74,16541.61,C2308638549,39794.88,39794.88,1,0.0,0
49,TRANSFER,22740.31,C1754368373,26618.61,3878.3,M9581187661,0.0,0.0,1,0.24,0
707,PAYMENT,22.56,C1230624431,2923.65,2901.09,M5694439775,0.0,0.0,0,0.0,0
453,CASH_OUT,105.14,C5877639950,384.85,279.71,C6789292252,6879.63,6879.63,0,0.02,0
180,PAYMENT,2807.77,C6754503097,3652.96,845.19,M3119908041,0.0,0.0,0,0.0,0
100,CASH_OUT,896.25,C8380312396,849.21,0.0,C4659306670,841.17,841.17,1,0.06,0
182,TRANSFER,1.0,C3376077463,0.0,0.0,C4630196130,6044.32,6045.32,0,0.0,0
229,CASH_OUT,4.11,C3313993297,7.51,3.4,C3426665919,3933.58,3933.58,0,0.0,0
147,PAYMENT,380.27,C6837342064,1065.98,685.71,M2635881694,0.0,0.0,0,0.0,0
3,PAYMENT,1.0,C2227193073,0.0,0.0,M7340036327,0.0,0.0,0,0.0,0
664,TRANSFER,1.0,C1654477195,0.0,0.0,C9147736635,8317.91,8318.91,0,0.0033333333333333335,0
57,TRANSFER,31152.88,C7248258423,74538.92,43386.04,C6952291828,104.54,31257.42,0,0.0,0
546,PAYMENT,21455.71,C2789144223,69545.85,48090.14,M5990749811,0.0,0.0,0,0.0,0
196,PAYMENT,670.25,C6576395496,43773.16,43102.91,M6011842297,0.0,0.0,0,0.0,0
90,TRANSFER,1704.75,C8517413631,2036.6,331.85,M3811254192,0.0,0.0,1,0.15666666666666668,0
298,PAYMENT,3.5,C1400330495,12.36,8.86,M8740820392,0.0,0.0,0,0.0,0
383,PAYMENT,616.22,C7772180882,5135.4,4519.18,M6865994703,0.0,0.0,0,0.0,0
242,CASH_OUT,120.68,C7920516981,20459.94,20339.26,C2052811909,744.38,744.38,0,0.0033333333333333335,0
299,PAYMENT,1.0,C1242425303,0.0,0.0,M6651020291,0.0,0.0,0,0.0,0
453,PAYMENT,1.0,C3316787198,1.16,0.16,M5585110649,0.0,0.0,0,0.0,0
47,PAYMENT,88.73,C9272277508,98.67,9.94,M8144889126,0.0,0.0,0,0.0,0
620,TRANSFER,801.4,C7805633786,136638.58,135837.18,C7038841740,28075.21,28876.61,0,0.0,0
716,PAYMENT,7.59,C8761469117,10.11,2.52,M6284297249,0.0,0.0,0,0.0,0
167,CASH_OUT,100952.57,C2247484671,129751.86,28799.29,C8902275119,0.0,0.0,0,0.0,0
210,PAYMENT,628.66,C3149533961,87492.77,86864.11,M1676220116,0.0,0.0,0,0.0,0
312,TRANSFER,94209.93,C7568980185,120562.92,26352.99,C4097887746,4574.58,98784.51,1,0.0,0
397,CASH_OUT,86207.87,C7161404428,80706.07,0.0,C2017675569,2847.94,2847.94,1,0.03333333333333333,0
468,DEBIT,161.99,C1041531046,451.09,289.1,M1802753761,0.0,0.0,0,0.02,0
487,TRANSFER,577.23,C7271954644,764.7,187.47,M3438830691,0.0,0.0,1,0.11666666666666667,0
442,TRANSFER,1.0,C4647891535,0.0,0.0,C1311570307,0.0,1.0,0,0.22,0
502,TRANSFER,2986.93,C1099541460,3387.34,400.41,M7969674420,0.0,0.0,1,0.30333333333333334,0
56,DEBIT,1.0,C4015479599,0.0,0.0,M4093474499,0.0,0.0,0,0.02666666666666667,0
75,DEBIT,501.4,C4482238042,121888.79,121387.39,M6045729129,0.0,0.0,0,0.0033333333333333335,0
636,DEBIT,1.0,C8706093841,0.0,0.0,M8443061472,0.0,0.0,0,0.05333333333333334,0
158,PAYMENT,236.54,C3003484425,607.27,370.73,M6515490818,0.0,0.0,0,0.0,0
582,TRANSFER,5.38,C3115806625,9.12,3.74,C8943866829,17998.73,18004.11,0,0.0033333333333333335,0
95,TRANSFER,1.0,C6691628146,0.0,0.0,C5710360983,1114.93,1115.93,0,0.013333333333333334,0
666,CASH_OUT,38530.49,C4226113732,40295.94,1765.45,M9410569618,0.0,0.0,1,0.013333333333333334,0
255,PAYMENT,1.0,C1091729577,0.0,0.0,M2115862756,0.0,0.0,0,0.0,0
718,TRANSFER,66906.21,C7934137693,140253.18,73346.97,C7154795660,0.0,66906.21,0,0.0,0
129,DEBIT,602.11,C1660370908,2200.9,1598.79,M6786043791,0.0,0.0,0,0.01,0
149,TRANSFER,5707.41,C1614685938,9168.02,3460.61,C7750819485,159057.5,164764.91,0,0.0,0
577,TRANSFER,231.89,C7296658772,243.9,12.01,M5535650160,0.0,0.0,1,0.17666666666666667,0
273,CASH_OUT,93.28,C8879525611,104.17,10.89,M1732578761,0.0,0.0,1,0.0033333333333333335,0
602,CASH_OUT,3120.22,C6338036681,72250.73,69130.51,C4767539382,910.26,910.26,0,0.0,0
499,TRANSFER,66664.55,C2224336336,119880.43,53215.88,C8093179263,2.42,66666.97,0,0.0,0
574,CASH_IN,53614.17,C3412273600,0.0,53614.17,C1399546384,4401.77,4401.77,0,0.0,0
479,CASH_OUT,182.47,C9403748506,213.78,31.31,C8291250562,0.0,0.0,1,0.05,0
447,CASH_OUT,76.06,C1510289448,1158.25,1082.19,C7475684019,78557.37,78557.37,0,0.02,0
269,CASH_OUT,2514.91,C3260842187,5647.95,3133.04,C8106401208,0.0,0.0,0,0.0,0
692,PAYMENT,1.0,C7242730249,0.0,0.0,M4892544235,0.0,0.0,0,0.0,0
717,CASH_OUT,10052.71,C3693985578,20079.41,10026.7,C4130305126,1458.27,1458.27,0,0.006666666666666667,0
266,CASH_OUT,1.0,C5569295400,0.0,0.0,C2409274786,45854.3,45854.3,0,0.0,0
323,CASH_IN,574.28,C2227193073,0.0,574.28,C6554972315,1598.11,1598.11,0,0.0,0
24,PAYMENT,1.0,C2266622851,0.0,0.0,M6866146362,0.0,0.0,0,0.0,0
508,CASH_OUT,1722.53,C9922723063,1902.66,180.13,M3831598303,0.0,0.0,1,0.03,0
54,TRANSFER,133.99,C4915196257,182.09,48.1,M7168105904,0.0,0.0,1,0.16,0
642,TRANSFER,1.0,C4413838650,0.0,0.0,C5911625145,14109.72,14110.72,0,0.0033333333333333335,0
657,PAYMENT,3904.74,C5694848867,47948.74,44044.0,M1466305100,0.0,0.0,0,0.0,0
233,PAYMENT,804.13,C6991473746,11692.94,10888.81,M9398575277,0.0,0.0,0,0.0,0
190,PAYMENT,56.63,C3971203213,64.84,8.21,M1122712790,0.0,0.0,0,0.0,0
719,PAYMENT,463.54,C1251837136,788.99,325.45,M7928143230,0.0,0.0,0,0.0,0
463,TRANSFER,2.1,C3115806625,3.74,1.64,C6894808149,1445.48,1447.58,0,0.056666666666666664,0
715,TRANSFER,198.1,C3821211202,180.71,0.0,M8443061472,0.0,0.0,1,0.22,0
337,PAYMENT,1.0,C8110054933,0.0,0.0,M8790289305,0.0,0.0,0,0.0,0
382,PAYMENT,39.86,C3250402001,183.75,143.89,M9020002737,0.0,0.0,0,0.0,0
550,PAYMENT,1.0,C6859286614,0.0,0.0,M4908108692,0.0,0.0,0,0.0,0
659,DEBIT,10497.29,C7801180691,180130.56,169633.27,M8144352013,0.0,0.0,0,0.02,0
425,CASH_OUT,122.31,C1506211965,124.03,1.72,C9218363978,5479.55,5479.55,1,0.04,0
569,TRANSFER,359.11,C5476654128,487.33,128.22,C5184564874,0.0,359.11,0,0.07,0
64,CASH_OUT,1.0,C2916728422,0.0,0.0,C2789144223,48090.14,48090.14,0,0.0,0
605,CASH_OUT,279.35,C8666074487,53088.04,52808.69,C3605585995,0.0,0.0,0,0.01,0
656,CASH_OUT,101.95,C8991977937,111.91,9.96,M8144352013,0.0,0.0,1,0.03,0
634,CASH_OUT,4831.19,C8137972345,4538.87,0.0,M4522855590,0.0,0.0,1,0.21666666666666667,0
475,CASH_IN,10769.64,C8370987661,392.59,11162.23,C4655935832,0.0,0.0,0,0.0,0
694,TRANSFER,1.0,C2601198885,0.0,0.0,C8168036130,22238.57,22239.57,0,0.0,0
666,PAYMENT,644.59,C7098134112,930.52,285.93,M2711123163,0.0,0.0,0,0.0,0
120,CASH_OUT,1107.58,C3791027186,1834.57,726.99,C4526242854,107.19,107.19,0,0.0,0
372,CASH_IN,3189.46,C4530959836,184773.23,187962.69,C9376711497,1159.37,1159.37,0,0.0,0
521,PAYMENT,1369.78,C5199176431,6996.58,5626.8,M9977193987,0.0,0.0,0,0.0,0
486,TRANSFER,26003.76,C1141312095,70166.35,44162.59,C4736031885,6.76,26010.52,0,0.0033333333333333335,0
618,CASH_OUT,941.76,C9807209816,883.38,0.0,M9590331226,0.0,0.0,1,0.22,0
238,CASH_OUT,1290.75,C3098948446,3857.93,2567.18,C1799718923,197.98,197.98,0,0.0033333333333333335,0
189,TRANSFER,1.0,C3887823121,0.0,0.0,C5736462531,1.0,2.0,0,0.23333333333333334,0
66,TRANSFER,3841.06,C5201221330,4758.41,917.35,C3772636814,1249.54,5090.6,1,0.0,0
296,CASH_OUT,3460.62,C5952163720,4788.79,1328.17,C9868845806,11568.78,11568.78,1,0.0,0
335,CASH_OUT,202.7,C9798548049,113318.53,113115.83,C4939447721,4804.84,4804.84,0,0.0,0
629,CASH_OUT,13567.7,C2771211118,18476.74,4909.04,M8144352013,0.0,0.0,1,0.02,0
122,PAYMENT,412.94,C8858766173,29985.57,29572.63,M9918338001,0.0,0.0,0,0.0,0
385,CASH_OUT,40817.8,C9995834531,104468.97,63651.17,C5364727160,0.0,0.0,0,0.0,0
155,DEBIT,1.0,C1194576436,0.0,0.0,M9021793855,0.0,0.0,0,0.03,0
54,PAYMENT,6344.19,C2633177480,25325.04,18980.85,M2604788242,0.0,0.0,0,0.0,0
417,TRANSFER,694.96,C6714723660,591.77,0.0,M6771941776,0.0,0.0,1,0.25666666666666665,0
699,TRANSFER,2085.34,C4500557310,1831.79,0.0,C8261111839,6751.02,6751.02,1,0.18,0
514,CASH_OUT,1.0,C1561417687,0.0,0.0,C6037168610,0.0,0.0,0,0.06,0
207,CASH_OUT,1420.49,C5696548897,1627.84,207.35,C1104906255,472.07,472.07,0,0.0033333333333333335,0
172,TRANSFER,148376.61,C4641561499,182171.88,33795.27,M2773408660,0.0,0.0,1,0.25333333333333335,0
34,TRANSFER,69825.4,C4735313433,58433.04,0.0,M7948094928,0.0,0.0,1,0.7766666666666666,1
649,PAYMENT,17784.48,C2960432117,19276.37,1491.89,M2555936898,0.0,0.0,0,0.0,0
355,CASH_OUT,36.22,C6633778586,71.31,35.09,C8831899893,20.2,20.2,0,0.006666666666666667,0
537,PAYMENT,2455.47,C3396953414,3070.79,615.32,M4242579642,0.0,0.0,0,0.0,0
637,CASH_OUT,1.0,C8953726023,0.0,0.0,C7088451458,43.52,43.52,0,0.05,0
45,TRANSFER,1.0,C8598503901,0.0,0.0,C1322401182,1653.6,1654.6,0,0.006666666666666667,0
335,DEBIT,1.0,C8584566722,0.0,0.0,M6525576685,0.0,0.0,0,0.04,0
333,PAYMENT,754.74,C7882206934,117139.01,116384.27,M7230477043,0.0,0.0,0,0.0,0
265,CASH_OUT,8.4,C9943959352,26.87,18.47,C6447717367,177.68,177.68,0,0.0,0
10,DEBIT,28830.39,C8934097788,227074.41,198244.02,M9625656293,0.0,0.0,0,0.006666666666666667,0
38,CASH_OUT,364.74,C3057629778,394.9,30.16,C8666074487,52808.69,52808.69,1,0.0,0
371,PAYMENT,2131.54,C8299146480,5161.47,3029.93,M6384311581,0.0,0.0,0,0.0,0
427,PAYMENT,1.0,C8388580360,0.0,0.0,M3094407076,0.0,0.0,0,0.0,0
468,PAYMENT,129.79,C3780475472,447.43,317.64,M7230477043,0.0,0.0,0,0.0,0
564,PAYMENT,1.0,C7767834064,0.0,0.0,M2541015125,0.0,0.0,0,0.0,0
221,PAYMENT,15.94,C6745958212,53.05,37.11,M3438830691,0.0,0.0,0,0.0,0
712,PAYMENT,2710.52,C9035194895,7342.78,4632.26,M1711271599,0.0,0.0,0,0.0,0
255,TRANSFER,65847.33,C6687206971,58576.14,0.0,M1676220116,0.0,0.0,1,0.7933333333333333,1
421,PAYMENT,1.0,C5862655247,0.0,0.0,M6401844042,0.0,0.0,0,0.0,0
457,PAYMENT,1.0,C8761956684,0.0,0.0,M7512767226,0.0,0.0,0,0.0,0
638,PAYMENT,127.95,C3739951076,193.7,65.75,M8083396378,0.0,0.0,0,0.0,0
445,PAYMENT,1.0,C5899025962,0.0,0.0,M2625035499,0.0,0.0,0,0.0,0
647,DEBIT,20.3,C1600337712,25.54,5.24,M3831598303,0.0,0.0,0,0.03,0
95,DEBIT,78.57,C4509456565,29772.49,29693.92,M6999146585,0.0,0.0,0,0.006666666666666667,0
669,PAYMENT,2248.74,C3639796200,129619.26,127370.52,M7664045502,0.0,0.0,0,0.0,0
547,CASH_OUT,4019.52,C6959501845,4888.97,869.45,M5000316394,0.0,0.0,1,0.03,0
503,PAYMENT,1.0,C4662861038,0.0,0.0,M8366710477,0.0,0.0,0,0.0,0
639,TRANSFER,1.0,C3781569954,0.0,0.0,C6937704752,0.0,1.0,0,0.23333333333333334,0
597,DEBIT,1204.35,C9035194895,4632.26,3427.91,M9977193987,0.0,0.0,0,0.02666666666666667,0
66,PAYMENT,1.0,C7894019119,0.0,0.0,M5067400473,0.0,0.0,0,0.0,0
363,PAYMENT,820.5,C9579064478,1384.88,564.38,M9631695368,0.0,0.0,0,0.0,0
233,PAYMENT,13323.34,C6069848439,27665.65,14342.31,M2541015125,0.0,0.0,0,0.0,0
414,PAYMENT,1.0,C5140460939,0.0,0.0,M6771941776,0.0,0.0,0,0.0,0
572,CASH_OUT,1015.7,C1596471620,1389.04,373.34,M3517195150,0.0,0.0,1,0.02666666666666667,0
152,PAYMENT,130.28,C3906611156,228.25,97.97,M1199447370,0.0,0.0,0,0.0,0
486,CASH_OUT,735.85,C7808938880,896.21,160.36,M6820149016,0.0,0.0,1,0.04666666666666667,0
298,CASH_OUT,12.04,C7292076361,15.55,3.51,C3088517710,0.0,0.0,0,0.023333333333333334,0
595,PAYMENT,253.59,C1099541460,400.41,146.82,M5449848690,0.0,0.0,0,0.0,0
508,TRANSFER,671.34,C6142469284,822.42,151.08,M2115406331,0.0,0.0,1,0.15333333333333332,0
247,TRANSFER,51812.37,C2370592316,59225.46,7413.09,C5899025962,0.0,51812.37,0,0.0,0
440,TRANSFER,24071.31,C7049001493,23241.0,0.0,C4070964768,27962.9,27962.9,1,0.023333333333333334,0
365,PAYMENT,1.0,C7767834064,0.0,0.0,M3223687972,0.0,0.0,0,0.0,0
37,PAYMENT,311.43,C4256292393,874.07,562.64,M8861351706,0.0,0.0,0,0.0,0
373,TRANSFER,4762.07,C5243939720,3970.59,0.0,M4093474499,0.0,0.0,1,0.7366666666666667,1
136,TRANSFER,1.0,C8478529823,0.73,0.0,C4956362540,132.21,133.21,0,0.05,0
251,TRANSFER,67.91,C5296710795,82.25,14.34,C1590838716,21.98,89.89,1,0.11333333333333333,0
379,CASH_OUT,43065.51,C7499349987,127616.58,84551.07,C6464693977,112979.0,112979.0,0,0.0,0
646,TRANSFER,34681.61,C2125089309,36163.34,1481.73,M6284297249,0.0,0.0,1,0.3466666666666667,0
686,TRANSFER,6435.12,C2075321966,7439.38,1004.26,C6923301988,65458.08,71893.2,0,0.0033333333333333335,0
331,CASH_OUT,163016.23,C3294092753,141389.08,0.0,M9581187661,0.0,0.0,1,0.02666666666666667,0
59,TRANSFER,1.0,C6362597344,0.0,0.0,C7598745558,82668.49,82669.49,0,0.0,0
29,TRANSFER,259.36,C8369792370,427.63,168.27,C5283911723,0.0,259.36,0,0.01,0
460,CASH_OUT,237265.66,C4633987776,245470.71,8205.05,M6692705133,0.0,0.0,1,0.013333333333333334,0
478,PAYMENT,56.28,C3866755218,1074.05,1017.77,M4329446784,0.0,0.0,0,0.0,0
326,CASH_OUT,2948.83,C2017675569,2847.94,0.0,C7271954644,187.47,187.47,1,0.08333333333333333,0
428,TRANSFER,8207.62,C9457665185,9672.7,1465.08,C4256292393,562.64,562.64,1,0.06333333333333334,0
703,PAYMENT,5529.77,C9285415473,28558.57,23028.8,M9752092528,0.0,0.0,0,0.0,0
214,PAYMENT,2048.06,C7573691558,25341.44,23293.38,M3019265031,0.0,0.0,0,0.0,0
193,TRANSFER,18333.62,C2407863065,21620.21,3286.59,M2328736852,0.0,0.0,1,0.2633333333333333,0
656,PAYMENT,6668.11,C9115282784,10627.59,3959.48,M5585110649,0.0,0.0,0,0.0,0
248,PAYMENT,2176.22,C8325222092,4322.68,2146.46,M5794335854,0.0,0.0,0,0.0,0
400,CASH_OUT,110209.74,C5489485517,125968.29,15758.55,M9640701016,0.0,0.0,1,0.0033333333333333335,0
586,CASH_OUT,250.22,C7473868020,325.49,75.27,C2254516608,18.56,18.56,0,0.03333333333333333,0
64,TRANSFER,537.17,C8139209752,532.69,0.0,M6790024996,0.0,0.0,1,0.2966666666666667,0
569,CASH_OUT,11166.12,C5855415646,38141.45,26975.33,C5586143660,145.2,145.2,0,0.013333333333333334,0
72,TRANSFER,111375.28,C3058982440,99616.49,0.0,M4035639663,0.0,0.0,1,0.91,1
191,CASH_OUT,4979.29,C8991977937,4559.8,0.0,C9333798503,0.0,0.0,1,0.043333333333333335,0
464,PAYMENT,4434.89,C6124453431,303551.77,299116.88,M2418407139,0.0,0.0,0,0.0,0
696,CASH_OUT,30803.55,C2914590233,37371.34,6567.79,M7343954769,0.0,0.0,1,0.013333333333333334,0
147,DEBIT,1.0,C9916336966,0.0,0.0,M6865994703,0.0,0.0,0,0.02666666666666667,0
456,TRANSFER,35579.35,C3707166618,34526.47,0.0,C3045102506,0.0,0.0,1,0.95,1
78,PAYMENT,18.81,C5935852056,115603.12,115584.31,M6651020291,0.0,0.0,0,0.0,0
252,CASH_OUT,26.97,C9759180824,29.99,3.02,C4590711152,2043.87,2043.87,0,0.0033333333333333335,0
419,TRANSFER,15703.55,C2973888646,62661.29,46957.74,C5310195918,673.87,16377.42,0,0.0,0
214,CASH_IN,2177.12,C6115750294,37709.42,39886.54,C4256292393,562.64,562.64,0,0.0,0
248,DEBIT,292.44,C3815235019,374.78,82.34,M5985331805,0.0,0.0,0,0.016666666666666666,0
587,TRANSFER,92.52,C5476654128,128.22,35.7,C7937993287,3526.22,3618.74,0,0.03333333333333333,0
577,PAYMENT,2808.25,C1205082311,4735.4,1927.15,M6361225622,0.0,0.0,0,0.0,0
53,PAYMENT,951.65,C8025152555,1878.65,927.0,M9068916300,0.0,0.0,0,0.0,0
678,TRANSFER,3199.66,C4152835101,9868.68,6669.02,C7305101214,485.95,3685.61,0,0.01,0
621,TRANSFER,15892.78,C1572827654,15789.69,0.0,M9558906999,0.0,0.0,1,0.95,1
150,DEBIT,1.0,C2503068227,0.0,0.0,M3107992942,0.0,0.0,0,0.02666666666666667,0
72,TRANSFER,3437.52,C2965254350,3665.54,228.02,M1083302600,0.0,0.0,1,0.21333333333333335,0
532,PAYMENT,4601.51,C5334769475,7873.23,3271.72,M1368287033,0.0,0.0,0,0.0,0
607,DEBIT,1.0,C8317619798,0.0,0.0,M9255306810,0.0,0.0,0,0.05333333333333334,0
518,DEBIT,4.11,C1400330495,8.86,4.75,M7764117705,0.0,0.0,0,0.04,0
554,PAYMENT,4091.8,C5998623100,25024.08,20932.28,M6583604299,0.0,0.0,0,0.0,0
13,CASH_OUT,31429.55,C7016293621,59111.71,27682.16,C5294535887,3.35,3.35,0,0.0,0
415,CASH_OUT,161.37,C7556078550,1617.35,1455.98,C3910678913,586.58,586.58,0,0.04,0
419,PAYMENT,8144.01,C3931997465,12878.33,4734.32,M2418407139,0.0,0.0,0,0.0,0
701,PAYMENT,621.01,C9592390865,7770.38,7149.37,M7512767226,0.0,0.0,0,0.0,0
345,PAYMENT,1.0,C7196439534,0.0,0.0,M7678293431,0.0,0.0,0,0.0,0
627,DEBIT,1791.61,C5115980792,2965.53,1173.92,M8030400668,0.0,0.0,0,0.03,0
50,PAYMENT,375.12,C8926438617,754.26,379.14,M6692705133,0.0,0.0,0,0.0,0
317,TRANSFER,197.43,C6674372082,169.29,0.0,C7292376027,203.01,203.01,1,0.05,0
584,PAYMENT,962.55,C6995554056,1372.94,410.39,M4665677395,0.0,0.0,0,0.0,0
528,PAYMENT,4575.88,C1112794026,7716.29,3140.41,M2625035499,0.0,0.0,0,0.0,0
64,PAYMENT,1.0,C8235363119,0.0,0.0,M7750131975,0.0,0.0,0,0.0,0
540,PAYMENT,10321.16,C4914929023,22139.11,11817.95,M6045729129,0.0,0.0,0,0.0,0
133,CASH_OUT,62.37,C1625217504,93.12,30.75,C8265834251,237.14,237.14,0,0.0033333333333333335,0
360,DEBIT,8378.59,C9639245200,24332.16,15953.57,M3605446007,0.0,0.0,0,0.016666666666666666,0
558,CASH_OUT,1.0,C8991678061,0.0,0.0,C7981077394,0.0,0.0,0,0.06,0
420,TRANSFER,139699.85,C5606736607,118702.49,0.0,M9620935604,0.0,0.0,1,0.9466666666666667,1
256,TRANSFER,5013.82,C2283298067,4614.42,0.0,C3313993297,3.4,3.4,1,0.8,1
214,TRANSFER,6002.05,C6789292252,6879.63,877.58,C6242173772,34523.97,34523.97,1,0.0,0
440,PAYMENT,1.0,C8001729836,0.0,0.0,M6894024976,0.0,0.0,0,0.0,0
635,PAYMENT,24.59,C8650676663,34.41,9.82,M3580582653,0.0,0.0,0,0.0,0
117,PAYMENT,1.38,C6000009225,52778.24,52776.86,M1857561275,0.0,0.0,0,0.0,0
41,PAYMENT,23742.0,C2308638549,39794.88,16052.88,M9068916300,0.0,0.0,0,0.0,0
67,TRANSFER,24040.94,C7665963761,34093.9,10052.96,C3965572185,438.97,24479.91,0,0.0,0
658,PAYMENT,109.22,C4660390742,2042.26,1933.04,M2885370603,0.0,0.0,0,0.0,0
125,PAYMENT,4274.95,C1141312095,44162.59,39887.64,M2711123163,0.0,0.0,0,0.0,0
206,PAYMENT,100.36,C8033062794,132.93,32.57,M6101516825,0.0,0.0,0,0.0,0
552,PAYMENT,1.0,C8995045543,0.0,0.0,M8858274691,0.0,0.0,0,0.0,0
467,CASH_OUT,81.54,C9908115095,125.25,43.71,C7801948900,8471.56,8471.56,0,0.023333333333333334,0
635,CASH_OUT,99541.84,C3149533961,86864.11,0.0,M4158643786,0.0,0.0,1,0.22,0
134,TRANSFER,46430.6,C6623360831,64739.65,18309.05,C9954587710,8953.66,8953.66,1,0.006666666666666667,0
292,PAYMENT,1.0,C2079501936,0.0,0.0,M9640701016,0.0,0.0,0,0.0,0
243,TRANSFER,1.0,C8953726023,0.0,0.0,C7904559790,141.9,142.9,0,0.05,0
184,PAYMENT,1.0,C7333316743,0.0,0.0,M2136107759,0.0,0.0,0,0.0,0
658,PAYMENT,10122.03,C3047869247,53556.75,43434.72,M3019265031,0.0,0.0,0,0.0,0
122,CASH_IN,4142.01,C4660390742,1933.04,6075.05,C1106456634,11.39,11.39,0,0.0,0
501,CASH_OUT,211.09,C3206955437,264.19,53.1,M9918338001,0.0,0.0,1,0.03666666666666667,0
174,CASH_IN,57475.03,C8369792370,168.27,57643.3,C4765583254,12358.35,12358.35,0,0.0,0
35,PAYMENT,1.0,C4308701294,2.8,1.8,M9020002737,0.0,0.0,0,0.0,0
248,PAYMENT,41.7,C1529290976,108891.22,108849.52,M1694904767,0.0,0.0,0,0.0,0
517,PAYMENT,25.08,C7529817193,49.46,24.38,M5564953924,0.0,0.0,0,0.0,0
267,TRANSFER,75505.31,C5087357728,97646.3,22140.99,C8203447752,67418.52,67418.52,1,0.0,0
662,TRANSFER,14.8,C4930438209,17.76,2.96,C4509456565,29693.92,29708.72,0,0.0,0
170,TRANSFER,128.7,C9922723063,180.13,51.43,C7079234115,61.56,190.26,1,0.03,0
553,TRANSFER,19143.8,C9533595495,38134.09,18990.29,C8291250562,0.0,19143.8,0,0.0,0
693,CASH_OUT,69.03,C3806215682,64.91,0.0,M7282885927,0.0,0.0,1,0.06333333333333334,0
52,CASH_OUT,343.89,C7059726570,5236.82,4892.93,C5703357871,1061.43,1061.43,0,0.006666666666666667,0
471,PAYMENT,1.0,C1485574228,0.0,0.0,M7861571879,0.0,0.0,0,0.0,0
708,TRANSFER,7094.14,C4145461251,20861.07,13766.93,C5646751885,0.0,7094.14,0,0.01,0
383,TRANSFER,356.78,C7556046460,346.36,0.0,C5220094152,59427.96,59427.96,1,0.0,0
697,PAYMENT,8361.12,C6804850108,11198.81,2837.69,M4390543744,0.0,0.0,0,0.0,0
164,PAYMENT,284.43,C4277581356,1315.89,1031.46,M9026301048,0.0,0.0,0,0.0,0
435,TRANSFER,1421.38,C8168394616,1255.07,0.0,C4034047118,72813.9,74235.28,1,0.02,0
143,TRANSFER,881.28,C9376711497,1159.37,278.09,M7282885927,0.0,0.0,1,0.08333333333333333,0
71,CASH_OUT,3867.0,C5071218314,8535.39,4668.39,C3396953414,615.32,615.32,0,0.0,0
516,CASH_OUT,122293.94,C2854772804,116888.51,0.0,M2187592160,0.0,0.0,1,0.17,0
260,PAYMENT,5.17,C4042413312,11.5,6.33,M5000316394,0.0,0.0,0,0.0,0
476,CASH_OUT,33526.43,C9544423456,33392.04,0.0,M6771941776,0.0,0.0,1,0.12,0
241,PAYMENT,124.66,C8953271391,150.23,25.57,M5869990861,0.0,0.0,0,0.0,0
390,PAYMENT,108.46,C5284391408,226.91,118.45,M3297681898,0.0,0.0,0,0.0,0
306,PAYMENT,5352.36,C6952554500,9547.04,4194.68,M5564953924,0.0,0.0,0,0.0,0
125,CASH_OUT,1273.29,C4106464319,1225.29,0.0,C6725038117,106606.61,106606.61,1,0.0033333333333333335,0
384,DEBIT,3703.13,C3799264931,5575.49,1872.36,M9900829971,0.0,0.0,0,0.02,0
2,TRANSFER,15.5,C7099469983,3630.76,3615.26,C5975196341,0.0,15.5,0,0.16,0
105,CASH_OUT,70.14,C5935852056,115584.31,115514.17,C1233079614,153567.28,153567.28,0,0.0,0
71,TRANSFER,397.43,C6027311960,519.34,121.91,C6745958212,37.11,434.54,1,0.02,0
605,TRANSFER,1830.33,C7374810067,9141.63,7311.3,C4635552887,30739.06,32569.39,0,0.0033333333333333335,0
141,CASH_OUT,2398.62,C5071218314,4668.39,2269.77,C8375996697,3687.11,3687.11,0,0.0,0
609,TRANSFER,2320.64,C6726515966,6711.17,4390.53,C9259157845,49894.92,52215.56,0,0.006666666666666667,0
447,CASH_OUT,135976.66,C7750819485,164764.91,28788.25,C4807122420,57162.74,57162.74,0,0.0033333333333333335,0
557,TRANSFER,116.0,C4956362540,133.21,17.21,M5087280062,0.0,0.0,1,0.17333333333333334,0
500,TRANSFER,318.7,C3190227431,331.69,12.99,M7366396017,0.0,0.0,1,0.17333333333333334,0
259,CASH_OUT,23679.67,C2591414076,29006.44,5326.77,M5937271321,0.0,0.0,1,0.0,0
650,TRANSFER,197.66,C3343459102,196.04,0.0,M6401844042,0.0,0.0,1,0.23666666666666666,0
661,PAYMENT,1.0,C8690920484,0.0,0.0,M7678293431,0.0,0.0,0,0.0,0
162,TRANSFER,29710.98,C4239406957,26940.31,0.0,M9977193987,0.0,0.0,1,0.8033333333333333,1
72,PAYMENT,1.0,C7519578899,0.0,0.0,M6999146585,0.0,0.0,0,0.0,0
630,PAYMENT,216.82,C4921003983,388.61,171.79,M6651754819,0.0,0.0,0,0.0,0
351,PAYMENT,8601.47,C6673381261,58990.22,50388.75,M3019265031,0.0,0.0,0,0.0,0
622,PAYMENT,8567.06,C3465883999,43397.47,34830.41,M2885370603,0.0,0.0,0,0.0,0
195,CASH_OUT,669.7,C3147818256,690.6,20.9,M4390543744,0.0,0.0,1,0.0033333333333333335,0
379,TRANSFER,36.23,C3361388464,42.95,6.72,C5945359606,417.42,453.65,0,0.01,0
235,TRANSFER,60822.07,C7705605962,65824.92,5002.85,M1083302600,0.0,0.0,1,0.24666666666666667,0
404,CASH_IN,34940.57,C3591527330,107202.88,142143.45,C5751366455,426.1,426.1,0,0.0,0
446,PAYMENT,20.51,C7467073633,21.87,1.36,M2328736852,0.0,0.0,0,0.0,0
710,DEBIT,18579.27,C7016293621,27682.16,9102.89,M1732578761,0.0,0.0,0,0.03333333333333333,0
41,DEBIT,5754.82,C5315211627,35999.64,30244.82,M6692705133,0.0,0.0,0,0.013333333333333334,0
467,CASH_OUT,153492.43,C7403028869,161334.2,7841.77,C2320763135,5162.9,5162.9,0,0.0,0
49,TRANSFER,1.0,C1707196784,0.0,0.0,C4632522232,131400.73,131401.73,0,0.0,0
611,TRANSFER,74321.39,C7340428136,70294.69,0.0,C4102872611,2.13,2.13,1,0.8733333333333333,1
558,TRANSFER,2768.57,C2041349374,3541.03,772.46,M7861571879,0.0,0.0,1,0.28,0
276,CASH_IN,116493.91,C3205292512,209.16,116703.07,C2188332531,46.84,46.84,0,0.0,0
380,TRANSFER,104494.36,C1792214339,110361.93,5867.57,M8778927211,0.0,0.0,1,0.2833333333333333,0
456,CASH_OUT,5681.74,C5306459450,6280.16,598.42,M3156792018,0.0,0.0,1,0.03,0
155,PAYMENT,4406.24,C7016293621,9102.89,4696.65,M7713758036,0.0,0.0,0,0.0,0
13,TRANSFER,1.0,C6591038760,0.0,0.0,C6121801720,2422.78,2423.78,0,0.0,0
14,PAYMENT,1602.43,C9035194895,3427.91,1825.48,M8083396378,0.0,0.0,0,0.0,0
446,TRANSFER,7522.22,C5911625145,14110.72,6588.5,C5976777081,338.55,7860.77,0,0.006666666666666667,0
347,PAYMENT,1.0,C1304205279,0.0,0.0,M9255306810,0.0,0.0,0,0.0,0
8,CASH_OUT,1529.18,C7872090713,1860.51,331.33,M9043367776,0.0,0.0,1,0.0,0
259,CASH_OUT,2952.94,C5641959772,3058.76,105.82,C7625389037,933.71,933.71,1,0.0,0
678,PAYMENT,825.98,C6448324230,2288.31,1462.33,M9640701016,0.0,0.0,0,0.0,0
361,CASH_OUT,1.0,C5695387521,0.0,0.0,C3108307952,6694.93,6694.93,0,0.0033333333333333335,0
568,PAYMENT,6571.2,C7598745558,82669.49,76098.29,M1504729135,0.0,0.0,0,0.0,0
13,TRANSFER,151649.01,C4289233844,157549.58,5900.57,M3145756342,0.0,0.0,1,0.13666666666666666,0
126,TRANSFER,84.21,C6134840512,235.07,150.86,C6477862024,55932.49,56016.7,0,0.0,0
702,DEBIT,1310.09,C9752058817,59063.91,57753.82,M3469205576,0.0,0.0,0,0.016666666666666666,0
643,CASH_OUT,727.35,C6012067717,9888.11,9160.76,C1248704157,47464.98,47464.98,0,0.0,0
573,TRANSFER,440.33,C7556046460,498.08,57.75,C6937704752,1.0,1.0,1,0.17666666666666667,0
476,PAYMENT,778.29,C3783009621,962.84,184.55,M3595066420,0.0,0.0,0,0.0,0
561,PAYMENT,2133.74,C6329323383,3559.59,1425.85,M4242579642,0.0,0.0,0,0.0,0
581,PAYMENT,640.97,C5952163720,1328.17,687.2,M2136107759,0.0,0.0,0,0.0,0
253,PAYMENT,13684.2,C9660523876,27625.08,13940.88,M6763471833,0.0,0.0,0,0.0,0
685,TRANSFER,1091.0,C2984460654,1366.68,275.68,C1792214339,5867.57,5867.57,1,0.02,0
534,TRANSFER,7488.76,C6904897514,30660.52,23171.76,C3178995337,6001.98,13490.74,0,0.0,0
563,CASH_OUT,2688.47,C7910439839,3091.01,402.54,C7161887665,15070.85,15070.85,1,0.013333333333333334,0
70,CASH_OUT,1578.99,C3303082117,1804.57,225.58,C7417183769,603.64,603.64,1,0.0,0
281,PAYMENT,1.0,C2268523764,0.0,0.0,M6651754819,0.0,0.0,0,0.0,0
426,CASH_OUT,2115.92,C8086172302,2498.54,382.62,M7713758036,0.0,0.0,1,0.04666666666666667,0
642,CASH_OUT,343.11,C9626333315,341.5,0.0,M2243802345,0.0,0.0,1,0.07333333333333333,0
636,TRANSFER,34840.29,C5187948804,34231.62,0.0,C3074232200,6149.7,6149.7,1,0.2633333333333333,0
617,PAYMENT,1.0,C6924716023,0.0,0.0,M2187592160,0.0,0.0,0,0.0,0
117,CASH_OUT,196468.34,C7801180691,169633.27,0.0,M8458323087,0.0,0.0,1,0.03333333333333333,0
601,CASH_OUT,2233.72,C3421719519,2829.52,595.8,C2350701477,0.0,0.0,0,0.023333333333333334,0
467,CASH_OUT,1254.42,C5992908271,1585.2,330.78,C8493451569,16.36,16.36,0,0.05,0
517,CASH_OUT,735.35,C6496596008,625.49,0.0,M9773795424,0.0,0.0,1,0.13333333333333333,0
187,PAYMENT,29.96,C4915196257,48.1,18.14,M8548290298,0.0,0.0,0,0.0,0
256,CASH_OUT,34970.62,C6474354351,36678.96,1708.34,M9933702652,0.0,0.0,1,0.0,0
657,PAYMENT,1.0,C3738900744,0.0,0.0,M4820942294,0.0,0.0,0,0.0,0
15,PAYMENT,1.0,C3614915281,0.0,0.0,M8626371177,0.0,0.0,0,0.0,0
164,PAYMENT,1.0,C8598503901,0.0,0.0,M8366710477,0.0,0.0,0,0.0,0
677,PAYMENT,79.52,C1264739091,127.25,47.73,M4035639663,0.0,0.0,0,0.0,0
521,PAYMENT,722.82,C7517938612,6402.32,5679.5,M8727805468,0.0,0.0,0,0.0,0
317,CASH_OUT,4622.93,C7529817193,4531.66,0.0,M5794335854,0.0,0.0,1,0.11666666666666667,0
218,TRANSFER,3667.49,C3429019820,3186.55,0.0,C2926780541,4701.38,4701.38,1,0.023333333333333334,0
277,PAYMENT,1465.79,C4152835101,6669.02,5203.23,M9523139706,0.0,0.0,0,0.0,0
481,PAYMENT,1.0,C3923699745,0.0,0.0,M6361225622,0.0,0.0,0,0.0,0
256,TRANSFER,4276.18,C8868054898,6629.94,2353.76,C6340003593,177729.41,182005.59,0,0.0,0
81,TRANSFER,1.0,C5774080233,0.0,0.0,C6448324230,1462.33,1463.33,0,0.01,0
101,CASH_OUT,1.0,C7333316743,0.0,0.0,C8750840032,10.07,10.07,0,0.0033333333333333335,0
166,DEBIT,22.53,C2774884818,79.41,56.88,M2129491690,0.0,0.0,0,0.02,0
480,CASH_OUT,2586.64,C5686850445,2315.46,0.0,C3106408413,17751.74,17751.74,1,0.26,0
107,TRANSFER,20991.36,C8047877267,57031.47,36040.11,C4632522232,131401.73,152393.09,0,0.0,0
306,PAYMENT,39.85,C9343730920,58.39,18.54,M2155671697,0.0,0.0,0,0.0,0
217,PAYMENT,27.9,C5183211669,32.59,4.69,M1096405016,0.0,0.0,0,0.0,0
668,PAYMENT,131.22,C4026816435,189404.41,189273.19,M6053489772,0.0,0.0,0,0.0,0
269,CASH_OUT,31297.37,C3965676060,31226.4,0.0,M3019265031,0.0,0.0,1,0.01,0
85,PAYMENT,196.34,C5667503195,7371.21,7174.87,M7514017540,0.0,0.0,0,0.0,0
695,PAYMENT,3439.01,C6852312425,71194.08,67755.07,M7664045502,0.0,0.0,0,0.0,0
243,TRANSFER,1037.8,C9166381136,1071.37,33.57,C4460967357,250.42,250.42,1,0.02,0
356,PAYMENT,1.0,C2811967841,2.9,1.9,M8821456242,0.0,0.0,0,0.0,0
296,TRANSFER,77326.82,C4455798713,80467.4,3140.58,M3508990774,0.0,0.0,1,0.26666666666666666,0
304,PAYMENT,495.86,C7393195616,1634.6,1138.74,M4160161496,0.0,0.0,0,0.0,0
345,TRANSFER,19881.5,C4070964768,27962.9,8081.4,C1870644102,4431.42,4431.42,1,0.0,0
706,CASH_OUT,931.12,C1510289448,1082.19,151.07,C3815389788,21650.7,21650.7,0,0.006666666666666667,0
232,TRANSFER,40413.13,C7019900273,49901.69,9488.56,C1004665657,114813.71,155226.84,1,0.0,0
603,CASH_OUT,1718.54,C3799264931,1872.36,153.82,M3369412470,0.0,0.0,1,0.02666666666666667,0
533,CASH_OUT,2966.66,C7648059419,3862.82,896.16,M1666898313,0.0,0.0,1,0.02666666666666667,0
610,TRANSFER,2259.35,C8317619798,2870.3,610.95,C7150970643,123.42,123.42,1,0.15333333333333332,0
17,PAYMENT,233.73,C3483827971,8465.14,8231.41,M3508990774,0.0,0.0,0,0.0,0
361,TRANSFER,343.69,C5150090143,393.29,49.6,M7713758036,0.0,0.0,1,0.15666666666666668,0
78,DEBIT,494.5,C6402580787,17969.95,17475.45,M9255306810,0.0,0.0,0,0.006666666666666667,0
469,CASH_OUT,169.4,C6619138852,168.64,0.0,M7168105904,0.0,0.0,1,0.10333333333333333,0
7,TRANSFER,2000.41,C4776677517,1767.59,0.0,M3119908041,0.0,0.0,1,0.39666666666666667,0
125,PAYMENT,24.58,C8380507338,54.14,29.56,M5000316394,0.0,0.0,0,0.0,0
638,CASH_OUT,148.74,C4096932037,54760.69,54611.95,C1197449658,5.53,5.53,0,0.01,0
554,PAYMENT,1.0,C4466589567,0.0,0.0,M7678293431,0.0,0.0,0,0.0,0
588,CASH_OUT,2289.43,C6704841644,2695.94,406.51,M2156184315,0.0,0.0,1,0.023333333333333334,0
418,TRANSFER,3789.58,C1121863227,3990.43,200.85,C4405620755,116185.55,116185.55,1,0.0033333333333333335,0
313,TRANSFER,5597.01,C9957643727,4880.46,0.0,M5937271321,0.0,0.0,1,0.7833333333333333,1
498,TRANSFER,2187.2,C6942989052,25103.87,22916.67,C9049270990,2241.87,4429.07,0,0.0,0
250,PAYMENT,385.21,C6218484323,1078.22,693.01,M2328736852,0.0,0.0,0,0.0,0
176,TRANSFER,1.0,C5416031878,0.0,0.0,C3396953414,615.32,616.32,0,0.013333333333333334,0
321,TRANSFER,1845.96,C6554972315,1598.11,0.0,C1205082311,1927.15,1927.15,1,0.056666666666666664,0
259,CASH_OUT,2754.96,C5872148707,2462.96,0.0,C2867302554,32.82,32.82,1,0.07333333333333333,0
255,TRANSFER,7639.19,C5646751885,7094.14,0.0,M4865979921,0.0,0.0,1,0.83,1
191,CASH_OUT,3961.96,C5199176431,5626.8,1664.84,M1099218439,0.0,0.0,1,0.0,0
650,TRANSFER,20324.36,C8755749566,30994.53,10670.17,C4506639908,464.88,20789.24,0,0.0033333333333333335,0
486,TRANSFER,409.45,C2295574037,1682.08,1272.63,C2979958124,0.0,409.45,0,0.07,0
361,TRANSFER,5373.44,C4939447721,4804.84,0.0,M8874242713,0.0,0.0,1,0.7433333333333333,1
25,PAYMENT,1.0,C2635231601,0.0,0.0,M3317856944,0.0,0.0,0,0.0,0
346,TRANSFER,3059.51,C1039262289,3271.28,211.77,M4460319291,0.0,0.0,1,0.22,0
303,TRANSFER,674.96,C5578056564,860.22,185.26,M9098037639,0.0,0.0,1,0.10333333333333333,0
20,PAYMENT,3258.25,C5421051452,23227.16,19968.91,M9523139706,0.0,0.0,0,0.0,0
92,CASH_OUT,1.0,C5036200310,0.0,0.0,C8055515912,15216.95,15216.95,0,0.006666666666666667,0
55,TRANSFER,1131.33,C5512036684,1778.89,647.56,C2524751277,1390.6,2521.93,0,0.0033333333333333335,0
85,TRANSFER,51825.93,C8901585274,122070.55,70244.62,C8106906538,88933.76,140759.69,0,0.0,0
338,CASH_OUT,1.0,C2918260963,0.0,0.0,C6795522649,20785.12,20785.12,0,0.0,0
10,PAYMENT,1.0,C4643576871,0.0,0.0,M9918338001,0.0,0.0,0,0.0,0
396,TRANSFER,1.0,C8468071953,0.0,0.0,C3206955437,53.1,54.1,0,0.13,0
619,CASH_OUT,3172.88,C2067970820,3054.05,0.0,M8643636805,0.0,0.0,1,0.18,0
230,TRANSFER,79079.63,C3384006407,177105.57,98025.94,C9484167278,73323.51,152403.14,0,0.0,0
596,TRANSFER,1706.19,C9379439373,1871.4,165.21,M1458227039,0.0,0.0,1,0.2866666666666667,0
502,TRANSFER,28112.56,C9623534576,39072.55,10959.99,C8265834251,237.14,28349.7,1,0.0,0
358,PAYMENT,13418.27,C2965718821,39821.39,26403.12,M7340036327,0.0,0.0,0,0.0,0
294,CASH_OUT,2328.44,C1011759631,8807.27,6478.83,C4102872611,2.13,2.13,0,0.0,0
509,CASH_OUT,9604.32,C9147736635,8318.91,0.0,C1913706213,111.45,111.45,1,0.20666666666666667,0
486,PAYMENT,748.87,C7710396573,2077.96,1329.09,M2115406331,0.0,0.0,0,0.0,0
496,CASH_OUT,106.68,C5284391408,118.45,11.77,M8144352013,0.0,0.0,1,0.03666666666666667,0
705,CASH_OUT,153.61,C7671625956,138.49,0.0,C5638860656,54845.25,54845.25,1,0.04666666666666667,0
126,CASH_OUT,50.43,C5634076661,152.87,102.44,C4106464319,0.0,0.0,0,0.0033333333333333335,0
667,TRANSFER,8814.07,C3693985578,10026.7,1212.63,C5364727160,0.0,0.0,1,0.32,0
595,TRANSFER,1511.97,C6562144159,1420.63,0.0,C6276339732,3962.51,3962.51,1,0.19,0
605,CASH_OUT,1.0,C4786674545,0.0,0.0,C7805633786,135837.18,135837.18,0,0.0,0
599,PAYMENT,1234.37,C5800633419,9016.31,7781.94,M5000316394,0.0,0.0,0,0.0,0
575,CASH_OUT,333.19,C9376711497,278.09,0.0,M8443061472,0.0,0.0,1,0.07666666666666666,0
543,PAYMENT,1.0,C3343459102,0.0,0.0,M7532669066,0.0,0.0,0,0.0,0
174,CASH_IN,80877.74,C6340003593,182005.59,262883.33,C5269015757,181890.03,181890.03,0,0.0,0
414,CASH_IN,4097.83,C5646880148,303.85,4401.68,C2317723211,66.58,66.58,0,0.0,0
347,CASH_OUT,1.0,C8139209752,0.0,0.0,C3780439666,64157.97,64157.97,0,0.0,0
470,PAYMENT,495.39,C4277561834,1505.83,1010.44,M1888107487,0.0,0.0,0,0.0,0
311,PAYMENT,33.29,C2188332531,46.84,13.55,M3469205576,0.0,0.0,0,0.0,0
158,TRANSFER,2324.39,C1194576436,2539.49,215.1,M6053489772,0.0,0.0,1,0.15,0
467,PAYMENT,968.47,C8372755146,7486.86,6518.39,M6361225622,0.0,0.0,0,0.0,0
304,PAYMENT,16798.03,C4283432667,90358.44,73560.41,M5990749811,0.0,0.0,0,0.0,0
390,PAYMENT,3058.97,C5215140451,11656.96,8597.99,M8728631945,0.0,0.0,0,0.0,0
690,TRANSFER,115893.86,C3384006407,98025.94,0.0,C9484167278,152403.14,268297.0,1,0.0033333333333333335,0
268,CASH_IN,85296.64,C5952894290,8.89,85305.53,C7529817193,0.0,0.0,0,0.0,0
494,TRANSFER,1.0,C8902114913,0.0,0.0,C3304560537,0.0,1.0,0,0.22333333333333333,0
32,DEBIT,4933.38,C8012696455,68039.14,63105.76,M5714658227,0.0,0.0,0,0.006666666666666667,0
88,TRANSFER,193.58,C6640801643,420.63,227.05,C3853978147,130070.98,130264.56,0,0.0,0
383,CASH_IN,3344.49,C5175416378,84954.76,88299.25,C3891796055,111341.67,111341.67,0,0.0,0
145,TRANSFER,312.38,C3383331379,793.24,480.86,C1392245997,37.41,349.79,0,0.006666666666666667,0
563,TRANSFER,147.45,C1099541460,146.82,0.0,C5778781449,0.0,0.0,1,0.23,0
570,TRANSFER,79185.74,C8203447752,67418.52,0.0,M3846182436,0.0,0.0,1,0.82,1
678,TRANSFER,108.15,C2379592595,127.01,18.86,C3358880404,0.0,108.15,0,0.12666666666666668,0
271,PAYMENT,1.0,C6496596008,0.0,0.0,M9918338001,0.0,0.0,0,0.0,0
462,CASH_OUT,21058.33,C5931025271,63338.53,42280.2,C6884333221,33202.11,33202.11,0,0.0,0
69,CASH_OUT,2339.01,C7637761996,2869.74,530.73,C7896596272,9079.0,9079.0,1,0.0,0
327,CASH_OUT,121419.85,C3853978147,130264.56,8844.71,M7341757401,0.0,0.0,1,0.0,0
343,CASH_OUT,1903.52,C6588316233,3409.63,1506.11,C1375899416,27778.49,27778.49,0,0.0,0
196,PAYMENT,16.94,C2812140441,20.63,3.69,M9620935604,0.0,0.0,0,0.0,0
366,PAYMENT,1.0,C2540492440,0.0,0.0,M9065458220,0.0,0.0,0,0.0,0
423,PAYMENT,8546.24,C7872873371,12091.66,3545.42,M8058679999,0.0,0.0,0,0.0,0
399,PAYMENT,1118.14,C5409514899,9711.91,8593.77,M3831598303,0.0,0.0,0,0.0,0
205,PAYMENT,12214.12,C8664882079,14888.7,2674.58,M7750131975,0.0,0.0,0,0.0,0
449,CASH_IN,28445.41,C1106456634,11.39,28456.8,C1965067727,13.14,13.14,0,0.0,0
469,TRANSFER,488.9,C1678500147,661.04,172.14,M5087280062,0.0,0.0,1,0.11666666666666667,0
93,CASH_OUT,2860.27,C5364727160,2930.27,70.0,C6517150278,631.06,631.06,1,0.0,0
144,TRANSFER,3334.79,C7470843264,4531.46,1196.67,C2953462417,3668.32,7003.11,1,0.0,0
633,CASH_IN,11585.35,C1590985753,4.34,11589.69,C2554039848,5323.1,5323.1,0,0.0,0
410,CASH_OUT,28.71,C7887950851,40.29,11.58,C8468071953,0.0,0.0,0,0.03333333333333333,0
471,CASH_OUT,287.16,C9673185158,292.75,5.59,C2836553621,0.0,0.0,1,0.056666666666666664,0
281,TRANSFER,866.58,C3980491761,952.91,86.33,C5092199300,35996.05,36862.63,1,0.0,0
10,PAYMENT,875.84,C2428156550,974.23,98.39,M3072183247,0.0,0.0,0,0.0,0
650,TRANSFER,76.85,C1421776124,69.66,0.0,C2704657157,8430.64,8430.64,1,0.013333333333333334,0
39,PAYMENT,1.0,C1659663750,0.0,0.0,M8366710477,0.0,0.0,0,0.0,0
88,PAYMENT,1926.25,C4152835101,5203.23,3276.98,M7948094928,0.0,0.0,0,0.0,0
109,PAYMENT,3134.0,C8419590655,13687.74,10553.74,M8548290298,0.0,0.0,0,0.0,0
30,PAYMENT,268.92,C5184564874,359.11,90.19,M3223687972,0.0,0.0,0,0.0,0
556,CASH_OUT,856.02,C4046558332,981.53,125.51,M2243802345,0.0,0.0,1,0.03333333333333333,0
238,TRANSFER,1740.25,C4104309491,1865.35,125.1,M6558769264,0.0,0.0,1,0.2866666666666667,0
412,TRANSFER,17030.77,C9953716239,17755.78,725.01,C8991678061,0.0,0.0,1,0.2866666666666667,0
573,PAYMENT,556.42,C2041349374,772.46,216.04,M8728631945,0.0,0.0,0,0.0,0
719,CASH_OUT,2930.02,C2407863065,3286.59,356.57,C8046300793,29629.03,29629.03,1,0.023333333333333334,0
34,TRANSFER,916.01,C8229344434,972.03,56.02,C7598745558,76098.29,77014.3,0,0.0,0
447,PAYMENT,1.0,C6955593943,0.0,0.0,M6247463262,0.0,0.0,0,0.0,0
312,TRANSFER,26427.28,C9019515562,27831.72,1404.44,C4353689019,41301.87,67729.15,0,0.0,0
534,CASH_OUT,7035.76,C3878719791,7384.05,348.29,M1096405016,0.0,0.0,1,0.02666666666666667,0
143,CASH_OUT,2014.68,C3716924538,9610.72,7596.04,C2846465000,1.0,1.0,0,0.0,0
5,TRANSFER,1956.42,C2811967841,1747.87,0.0,C7935554354,144316.3,144316.3,1,0.01,0
488,TRANSFER,7394.4,C4807122420,57162.74,49768.34,C3058982440,0.0,7394.4,0,0.0033333333333333335,0
138,PAYMENT,1126.53,C5584288132,22816.82,21690.29,M9441870024,0.0,0.0,0,0.0,0
681,PAYMENT,4032.7,C6892752604,319016.2,314983.5,M8903212516,0.0,0.0,0,0.0,0
712,PAYMENT,21311.17,C2789144223,48090.14,26778.97,M6659847491,0.0,0.0,0,0.0,0
83,PAYMENT,182.77,C8852676046,196.78,14.01,M5714658227,0.0,0.0,0,0.0,0
97,CASH_OUT,428.6,C5329194647,903.02,474.42,C7573442717,8224.46,8224.46,0,0.013333333333333334,0
334,CASH_OUT,1.0,C2836553621,0.0,0.0,C9303765140,330.65,330.65,0,0.02,0
186,CASH_OUT,13827.92,C2343100352,16861.17,3033.25,C9856756553,8544.7,8544.7,1,0.0,0
704,CASH_OUT,124774.69,C7114223633,104355.65,0.0,C1547374338,0.0,0.0,1,0.13666666666666666,0
123,CASH_OUT,71649.67,C2970753705,63091.74,0.0,C8180620422,0.0,0.0,1,0.03666666666666667,0
117,CASH_IN,61931.56,C9392515666,61046.56,122978.12,C6069848439,14342.31,14342.31,0,0.0,0
642,CASH_OUT,2787.94,C8953271391,3394.62,606.68,C4282810353,7069.62,7069.62,1,0.013333333333333334,0
17,PAYMENT,2042.25,C8211516617,212984.92,210942.67,M6992094064,0.0,0.0,0,0.0,0
448,PAYMENT,14510.16,C4518871744,31178.04,16667.88,M6894024976,0.0,0.0,0,0.0,0
440,CASH_OUT,5427.54,C8241550421,4890.83,0.0,M5815678365,0.0,0.0,1,0.2866666666666667,0
460,TRANSFER,647.42,C6572436051,556.52,0.0,C5975196341,15.5,15.5,1,0.22333333333333333,0
179,TRANSFER,1187.15,C9573276057,1268.04,80.89,C5710360983,1115.93,1115.93,1,0.006666666666666667,0
695,PAYMENT,76.0,C8926438617,379.14,303.14,M7678293431,0.0,0.0,0,0.0,0
68,PAYMENT,1.0,C7823288650,0.0,0.0,M3223687972,0.0,0.0,0,0.0,0
603,TRANSFER,5884.87,C2771211118,4909.04,0.0,C5879617459,499.38,499.38,1,0.48,0
670,DEBIT,21982.47,C2224336336,53215.88,31233.41,M8102481401,0.0,0.0,0,0.02,0
698,PAYMENT,114.02,C2139078760,183.71,69.69,M8235474949,0.0,0.0,0,0.0,0
450,TRANSFER,434.54,C9981364488,563.71,129.17,M6199197408,0.0,0.0,1,0.14666666666666667,0
226,DEBIT,1.0,C1261903104,0.0,0.0,M8903212516,0.0,0.0,0,0.03,0
108,CASH_OUT,7698.09,C8997701619,7684.16,0.0,M6651020291,0.0,0.0,1,0.09333333333333334,0
337,PAYMENT,1.0,C6618965944,0.0,0.0,M7366396017,0.0,0.0,0,0.0,0
194,CASH_OUT,161.22,C9903351330,7998.68,7837.46,C4586139213,90028.8,90028.8,0,0.0,0
629,TRANSFER,70932.34,C6338036681,69130.51,0.0,M6846530109,0.0,0.0,1,0.8766666666666667,1
228,PAYMENT,1152.76,C8265834251,28349.7,27196.94,M2541015125,0.0,0.0,0,0.0,0
692,CASH_OUT,29555.32,C2247484671,28799.29,0.0,M2418407139,0.0,0.0,1,0.15333333333333332,0
291,CASH_OUT,1.0,C5182110973,0.0,0.0,C3978287288,0.0,0.0,0,0.03333333333333333,0
406,CASH_OUT,53.9,C7536876169,57.59,3.69,M6786043791,0.0,0.0,1,0.03333333333333333,0
497,TRANSFER,6584.17,C7517938612,5679.5,0.0,M6525576685,0.0,0.0,1,0.9466666666666667,1
153,CASH_OUT,196.92,C9463197203,383.67,186.75,C5292015249,0.0,0.0,0,0.0,0
563,PAYMENT,242.95,C1251837136,325.45,82.5,M6275155878,0.0,0.0,0,0.0,0
663,PAYMENT,1730.14,C8057994126,2968.72,1238.58,M8903212516,0.0,0.0,0,0.0,0
696,PAYMENT,305.18,C9433570024,22180.38,21875.2,M2303835765,0.0,0.0,0,0.0,0
205,TRANSFER,1.0,C2918260963,0.0,0.0,C9437783771,2345.58,2346.58,0,0.0,0
309,TRANSFER,34283.63,C8047877267,36040.11,1756.48,C4673457063,14412.79,14412.79,1,0.0,0
230,CASH_OUT,40.25,C9908115095,43.71,3.46,C6892752604,314983.5,314983.5,0,0.0,0
362,TRANSFER,6.12,C1664885408,8.41,2.29,C6557907251,2105.85,2111.97,0,0.006666666666666667,0
8,TRANSFER,13610.17,C2076151332,27332.72,13722.55,C8086172302,382.62,13992.79,0,0.0,0
10,DEBIT,17448.48,C2311597141,19412.52,1964.04,M6525576685,0.0,0.0,0,0.013333333333333334,0
341,CASH_OUT,25696.02,C2094024844,29509.22,3813.2,M1647181551,0.0,0.0,1,0.0033333333333333335,0
572,PAYMENT,349.51,C1225052083,6178.66,5829.15,M6845287382,0.0,0.0,0,0.0,0
105,PAYMENT,102.06,C3664052763,216.71,114.65,M9558906999,0.0,0.0,0,0.0,0
251,CASH_IN,13380.79,C2283298067,0.0,13380.79,C1657675888,8625.99,8625.99,0,0.0,0
270,TRANSFER,2479.95,C2073108894,2616.12,136.17,C5694628398,15542.68,18022.63,1,0.0033333333333333335,0
475,PAYMENT,1.0,C5588254555,0.0,0.0,M2243802345,0.0,0.0,0,0.0,0
596,TRANSFER,1.0,C8168394616,0.0,0.0,C6562144159,0.0,1.0,0,0.23,0
334,CASH_OUT,6970.11,C9903351330,7837.46,867.35,C8570850267,40152.32,40152.32,1,0.0033333333333333335,0
113,PAYMENT,10.79,C5975196341,15.5,4.71,M2555936898,0.0,0.0,0,0.0,0
524,PAYMENT,1071.5,C6173344564,1304.87,233.37,M4399143287,0.0,0.0,0,0.0,0
627,TRANSFER,2113.6,C1805492785,139083.09,136969.49,C7896596272,9079.0,11192.6,0,0.0,0
232,PAYMENT,186.86,C6585609060,211.85,24.99,M3297681898,0.0,0.0,0,0.0,0
11,TRANSFER,191.02,C9751963589,554.59,363.57,C3995732958,20952.47,21143.49,0,0.0,0
679,PAYMENT,1.0,C3035761595,0.0,0.0,M1504729135,0.0,0.0,0,0.0,0
669,CASH_OUT,19371.48,C8291250562,19143.8,0.0,C3614915281,0.0,0.0,1,0.22333333333333333,0
687,TRANSFER,4.15,C3030106617,12.57,8.42,C2416760621,73062.65,73066.8,0,0.0,0
324,CASH_OUT,259.91,C9409682410,220.76,0.0,M3660800029,0.0,0.0,1,0.05333333333333334,0
517,TRANSFER,1.0,C8291250562,0.0,0.0,C2515672889,113121.02,113122.02,0,0.0,0
121,DEBIT,1.0,C8139209752,0.0,0.0,M2129491690,0.0,0.0,0,0.023333333333333334,0
548,TRANSFER,663.52,C2311597141,1964.04,1300.52,C1106456634,28456.8,29120.32,0,0.0033333333333333335,0
433,TRANSFER,19.84,C6046864799,65.07,45.23,C5307145891,137891.92,137911.76,0,0.0033333333333333335,0
243,CASH_OUT,2775.21,C4274374218,2984.19,208.98,C9987064419,60.42,60.42,0,0.0033333333333333335,0
312,PAYMENT,7201.22,C9691572571,31948.54,24747.32,M6011842297,0.0,0.0,0,0.0,0
325,CASH_OUT,1902.77,C3716924538,7596.04,5693.27,C4413838650,0.0,0.0,0,0.0,0
86,PAYMENT,53.33,C7150970643,123.42,70.09,M6130446648,0.0,0.0,0,0.0,0
650,TRANSFER,61835.41,C5638860656,54845.25,0.0,M3457877922,0.0,0.0,1,0.79,1
658,CASH_OUT,7040.39,C3884642366,51101.76,44061.37,C8719734235,0.0,0.0,0,0.013333333333333334,0
235,CASH_OUT,209464.93,C9451577335,190177.94,0.0,C2825989011,9.59,9.59,1,0.016666666666666666,0
309,PAYMENT,2719.21,C1340272119,13049.07,10329.86,M4460319291,0.0,0.0,0,0.0,0
60,PAYMENT,1.0,C1798112150,0.0,0.0,M3355504998,0.0,0.0,0,0.0,0
361,CASH_OUT,308.62,C8115628227,423.73,115.11,C5884391502,398.53,398.53,1,0.006666666666666667,0
295,CASH_OUT,4019.55,C4750707607,3802.88,0.0,C3095318649,155764.81,155764.81,1,0.0,0
356,TRANSFER,7746.95,C3483827971,8231.41,484.46,C5800633419,7781.94,7781.94,1,0.0,0
637,TRANSFER,4982.11,C4930438209,4257.36,0.0,M7948094928,0.0,0.0,1,0.95,1
291,TRANSFER,11204.62,C1795212538,75572.78,64368.16,C4693510920,5854.21,17058.83,0,0.0,0
253,PAYMENT,5329.81,C8265834251,27196.94,21867.13,M9043367776,0.0,0.0,0,0.0,0
716,TRANSFER,162.39,C1756345332,457.97,295.58,C7174772035,97256.79,97419.18,0,0.0,0
512,TRANSFER,1.0,C5243939720,0.0,0.0,C8556573246,82387.67,82388.67,0,0.0,0
192,PAYMENT,5492.53,C3058982440,7394.4,1901.87,M7512767226,0.0,0.0,0,0.0,0
115,PAYMENT,1.0,C9544423456,0.0,0.0,M7750131975,0.0,0.0,0,0.0,0
628,PAYMENT,1.0,C8527715219,0.0,0.0,M6651754819,0.0,0.0,0,0.0,0
417,PAYMENT,10107.12,C7472806994,81209.93,71102.81,M1666898313,0.0,0.0,0,0.0,0
454,TRANSFER,143.04,C1392245997,349.79,206.75,C6493800024,79629.56,79772.6,0,0.0,0
193,TRANSFER,1.0,C5036200310,0.0,0.0,C8949781901,38282.02,38283.02,0,0.0,0
13,TRANSFER,605.19,C2071552532,671.47,66.28,C8923555411,31744.11,32349.3,0,0.0,0
477,PAYMENT,1.0,C2947476917,0.0,0.0,M8861351706,0.0,0.0,0,0.0,0
499,TRANSFER,1.0,C5025070544,0.0,0.0,C9103115140,30.38,31.38,0,0.18333333333333332,0
108,TRANSFER,1960.38,C7027529118,2655.7,695.32,C5135595227,0.0,1960.38,0,0.016666666666666666,0
408,CASH_OUT,79.12,C6142469284,151.08,71.96,C3521300895,1750.1,1750.1,0,0.02,0
31,PAYMENT,208.56,C8480622107,11036.18,10827.62,M6786043791,0.0,0.0,0,0.0,0
702,TRANSFER,1.0,C9248574674,2.15,1.15,C3171050399,0.0,1.0,0,0.18666666666666668,0
265,PAYMENT,13481.28,C7920516981,20339.26,6857.98,M6200141898,0.0,0.0,0,0.0,0
81,TRANSFER,54910.13,C7832220535,49516.62,0.0,C1378134712,4571.3,59481.43,1,0.006666666666666667,0
521,TRANSFER,3578.8,C8612747444,4147.89,569.09,C1551395583,82333.38,82333.38,1,0.0,0
371,TRANSFER,2446.04,C7092693247,2462.05,16.01,C7539399243,93397.9,93397.9,1,0.0033333333333333335,0
713,PAYMENT,1.0,C3923699745,0.0,0.0,M3811254192,0.0,0.0,0,0.0,0
346,DEBIT,394.39,C9457665185,1465.08,1070.69,M9558906999,0.0,0.0,0,0.013333333333333334,0
412,PAYMENT,7336.0,C2020395327,113840.24,106504.24,M6130446648,0.0,0.0,0,0.0,0
228,TRANSFER,1.0,C2879792991,0.0,0.0,C8012696455,63105.76,63106.76,0,0.0,0
608,TRANSFER,1.0,C4466589567,0.0,0.0,C7451071432,0.0,1.0,0,0.23333333333333334,0
504,CASH_OUT,5185.85,C9138644862,4811.14,0.0,C5403510324,25056.72,25056.72,1,0.13666666666666666,0
243,PAYMENT,3657.25,C9410288290,5925.07,2267.82,M1647181551,0.0,0.0,0,0.0,0
133,TRANSFER,20678.43,C3369305560,23091.44,2413.01,M3517195150,0.0,0.0,1,0.24666666666666667,0
593,PAYMENT,256.44,C8823677798,286.64,30.2,M7570511906,0.0,0.0,0,0.0,0
164,TRANSFER,8463.7,C4178659381,10804.48,2340.78,C4471642620,190.85,8654.55,0,0.0,0
251,TRANSFER,375421.81,C3185089287,325349.83,0.0,C7839819230,37.18,37.18,1,0.6933333333333334,1
307,TRANSFER,954.18,C3768901084,848.67,0.0,M6790024996,0.0,0.0,1,0.3233333333333333,0
76,DEBIT,26.09,C4046558332,125.51,99.42,M9590331226,0.0,0.0,0,0.02,0
222,TRANSFER,689.2,C4239406957,742.95,53.75,C6353758928,550.3,550.3,1,0.006666666666666667,0
696,CASH_OUT,2798.49,C7760554363,4283.24,1484.75,C3550908958,0.0,0.0,0,0.02,0
657,PAYMENT,1.0,C8709361138,0.0,0.0,M8366710477,0.0,0.0,0,0.0,0
473,CASH_OUT,1.0,C4202607993,0.0,0.0,C7483366056,2895.24,2895.24,0,0.06,0
59,TRANSFER,1.0,C2224363672,0.0,0.0,C8453283834,41915.77,41916.77,0,0.0,0
220,TRANSFER,3949.6,C7671041685,3438.41,0.0,M3192202822,0.0,0.0,1,0.82,1
569,PAYMENT,17.56,C8093179263,66666.97,66649.41,M9404002665,0.0,0.0,0,0.0,0
661,DEBIT,5954.61,C6289150149,12982.24,7027.63,M1783432867,0.0,0.0,0,0.03333333333333333,0
557,TRANSFER,77.5,C2465576748,130.58,53.08,C8299146480,3029.93,3107.43,0,0.03333333333333333,0
653,PAYMENT,27.98,C9621419224,91.06,63.08,M3534186676,0.0,0.0,0,0.0,0
559,TRANSFER,22182.49,C3995732958,21143.49,0.0,M3831598303,0.0,0.0,1,0.8733333333333333,1
654,CASH_OUT,4296.11,C9218363978,5479.55,1183.44,C7077131430,152466.83,152466.83,0,0.0,0
238,TRANSFER,888.6,C6276339732,3962.51,3073.91,C6852312425,67755.07,68643.67,0,0.0,0
558,TRANSFER,6421.47,C8755749566,10670.17,4248.7,C9462806178,34217.42,40638.89,0,0.0033333333333333335,0
692,PAYMENT,44.61,C9929101065,59.81,15.2,M1802753761,0.0,0.0,0,0.0,0
627,CASH_OUT,1.0,C3951331472,0.0,0.0,C2761091683,401.33,401.33,0,0.06,0
323,CASH_OUT,433.54,C5789617427,896.92,463.38,C5694190173,103876.03,103876.03,0,0.0033333333333333335,0
253,TRANSFER,1.0,C2268523764,0.0,0.0,C8083175325,8.95,9.95,0,0.19666666666666666,0
186,CASH_IN,114512.9,C3853978147,8844.71,123357.61,C5199176431,1664.84,1664.84,0,0.0,0
595,PAYMENT,1.0,C3874432021,0.0,0.0,M2228388623,0.0,0.0,0,0.0,0
185,TRANSFER,1.0,C8117478955,0.0,0.0,C1245522987,11.73,12.73,0,0.19666666666666666,0
652,CASH_OUT,183.71,C8982597239,221.44,37.73,M3846182436,0.0,0.0,1,0.03,0
237,PAYMENT,119.44,C5884391502,398.53,279.09,M8443061472,0.0,0.0,0,0.0,0
353,PAYMENT,623.08,C6698759353,973.87,350.79,M1199447370,0.0,0.0,0,0.0,0
94,TRANSFER,73663.12,C8625774078,89324.78,15661.66,C6204862411,0.0,73663.12,0,0.0,0
694,PAYMENT,33.09,C6710338189,40.01,6.92,M3469205576,0.0,0.0,0,0.0,0
671,PAYMENT,140.02,C4427620889,157.2,17.18,M1413599241,0.0,0.0,0,0.0,0
690,PAYMENT,11389.76,C3589530484,15397.29,4007.53,M8144352013,0.0,0.0,0,0.0,0
517,TRANSFER,1530.57,C2950049698,1507.31,0.0,M5919148165,0.0,0.0,1,0.5033333333333333,1
104,CASH_OUT,279.88,C9842186844,550.84,270.96,C7665963761,10052.96,10052.96,0,0.01,0
160,TRANSFER,1.0,C1798112150,0.0,0.0,C9621419224,63.08,64.08,0,0.10666666666666667,0
305,PAYMENT,14633.62,C6311894154,71397.3,56763.68,M2328736852,0.0,0.0,0,0.0,0
13,TRANSFER,1.0,C8382488970,0.0,0.0,C3190227431,12.99,13.99,0,0.16666666666666666,0
194,PAYMENT,6782.38,C5625980561,139027.27,132244.89,M9026301048,0.0,0.0,0,0.0,0
371,PAYMENT,1.0,C9503787171,0.0,0.0,M9822499208,0.0,0.0,0,0.0,0
369,TRANSFER,98164.11,C2940955281,91205.26,0.0,M5380159400,0.0,0.0,1,0.9,1
9,TRANSFER,15935.29,C5993571693,58511.87,42576.58,C5911625145,6588.5,22523.79,0,0.0,0
484,CASH_OUT,2438.61,C3305069227,2997.98,559.37,C6204041308,446.72,446.72,1,0.016666666666666666,0
423,TRANSFER,1.0,C3259520140,0.0,0.0,C2076341629,0.0,1.0,0,0.20666666666666667,0
144,PAYMENT,3228.72,C2075413763,3331.84,103.12,M6275155878,0.0,0.0,0,0.0,0
688,CASH_OUT,144.74,C1194576436,215.1,70.36,C6717963562,60788.96,60788.96,0,0.013333333333333334,0
14,TRANSFER,156304.5,C3591527330,142143.45,0.0,C6317889312,1403.55,1403.55,1,0.13333333333333333,0
437,TRANSFER,1.0,C4026379752,0.0,0.0,C6837342064,685.71,686.71,0,0.08333333333333333,0
385,CASH_OUT,3592.57,C9421518487,3108.63,0.0,C8636525027,101747.73,101747.73,1,0.04666666666666667,0
258,PAYMENT,543.12,C4706249669,700.66,157.54,M8083396378,0.0,0.0,0,0.0,0
356,PAYMENT,258.64,C1131671246,22562.81,22304.17,M4125758723,0.0,0.0,0,0.0,0
61,TRANSFER,63556.63,C6504099682,86451.96,22895.33,C1209063208,10217.74,10217.74,1,0.013333333333333334,0
298,PAYMENT,19944.02,C2232285036,21879.19,1935.17,M5156392601,0.0,0.0,0,0.0,0
325,PAYMENT,1.0,C8507497883,0.0,0.0,M8667946580,0.0,0.0,0,0.0,0
27,PAYMENT,4401.64,C7551874474,131753.8,127352.16,M5087280062,0.0,0.0,0,0.0,0
149,TRANSFER,53339.77,C7100408092,56330.21,2990.44,M3508990774,0.0,0.0,1,0.21,0
513,CASH_OUT,429.05,C8543865915,535.36,106.31,C8429141456,14.59,14.59,1,0.03333333333333333,0
442,CASH_IN,103234.32,C8531118333,4078.79,107313.11,C5455441991,119650.39,119650.39,0,0.0,0
435,CASH_IN,24282.25,C1624173500,0.0,24282.25,C7475684019,78557.37,78557.37,0,0.0,0
561,PAYMENT,2340.38,C6313758032,169845.2,167504.82,M1857561275,0.0,0.0,0,0.0,0
611,CASH_OUT,3655.35,C9660523876,13940.88,10285.53,C5945359606,453.65,453.65,0,0.0033333333333333335,0
149,CASH_OUT,72035.84,C7852415525,90950.41,18914.57,C9409682410,0.0,0.0,0,0.0,0
262,CASH_OUT,23805.05,C6054421752,38401.25,14596.2,C9504724761,658.65,658.65,0,0.0033333333333333335,0
691,TRANSFER,14963.54,C1149460439,13297.62,0.0,M7861571879,0.0,0.0,1,0.85,1
72,PAYMENT,1.0,C9147736635,0.0,0.0,M4896576569,0.0,0.0,0,0.0,0
286,TRANSFER,8364.56,C6947080764,7324.71,0.0,M6401844042,0.0,0.0,1,0.7933333333333333,1
593,TRANSFER,46116.95,C8369792370,57643.3,11526.35,C3791027186,726.99,46843.94,1,0.0,0
532,TRANSFER,7384.91,C3108307952,6694.93,0.0,C6974875750,46187.47,53572.38,1,0.03333333333333333,0
75,CASH_OUT,35105.3,C8949781901,38283.02,3177.72,M4329446784,0.0,0.0,1,0.0033333333333333335,0
552,PAYMENT,1.0,C8691288568,0.0,0.0,M3476758136,0.0,0.0,0,0.0,0
215,PAYMENT,303.05,C5945359606,453.65,150.6,M6606958660,0.0,0.0,0,0.0,0
178,TRANSFER,1.0,C3343459102,0.0,0.0,C9080621072,93387.31,93388.31,0,0.0,0
243,PAYMENT,1.0,C1722124509,0.0,0.0,M3660800029,0.0,0.0,0,0.0,0
564,PAYMENT,2389.52,C9033653743,2793.1,403.58,M7928143230,0.0,0.0,0,0.0,0
38,PAYMENT,20730.76,C5759272717,105449.34,84718.58,M7861571879,0.0,0.0,0,0.0,0
359,CASH_OUT,32773.88,C6887132821,33503.76,729.88,C5100282913,33974.11,33974.11,1,0.0,0
500,TRANSFER,14499.71,C8055515912,15216.95,717.24,M5869990861,0.0,0.0,1,0.3333333333333333,0
386,TRANSFER,711.35,C6582557981,769.42,58.07,M5067400473,0.0,0.0,1,0.16666666666666666,0
254,PAYMENT,7288.61,C7666129822,101077.23,93788.62,M7514017540,0.0,0.0,0,0.0,0
134,CASH_IN,8698.45,C1659663750,0.0,8698.45,C5714169271,156.32,156.32,0,0.0,0
534,PAYMENT,1.0,C9508499533,0.0,0.0,M8821456242,0.0,0.0,0,0.0,0
191,PAYMENT,1.0,C2994056084,0.0,0.0,M3156792018,0.0,0.0,0,0.0,0
262,PAYMENT,5068.32,C2289624427,169998.06,164929.74,M4908108692,0.0,0.0,0,0.0,0
631,PAYMENT,23820.82,C3774110439,60930.5,37109.68,M1692044390,0.0,0.0,0,0.0,0
706,TRANSFER,3292.02,C6461974809,2850.88,0.0,M9068916300,0.0,0.0,1,0.88,1
55,CASH_IN,4535.69,C8285000265,0.0,4535.69,C2067970820,0.0,0.0,0,0.0,0
697,PAYMENT,1.0,C8779941999,0.0,0.0,M1458227039,0.0,0.0,0,0.0,0
106,DEBIT,10552.69,C4673457063,14412.79,3860.1,M9576264323,0.0,0.0,0,0.023333333333333334,0
266,PAYMENT,298.97,C4268713302,5148.54,4849.57,M9068916300,0.0,0.0,0,0.0,0
279,PAYMENT,14961.48,C4079223686,31934.45,16972.97,M3831598303,0.0,0.0,0,0.0,0
643,TRANSFER,638.14,C5201221330,917.35,279.21,C5578929439,309.66,947.8,0,0.03666666666666667,0
92,CASH_OUT,142.04,C6447717367,177.68,35.64,C5704029171,0.0,0.0,1,0.0033333333333333335,0
185,TRANSFER,65129.51,C3841827734,127685.24,62555.73,C3965572185,24479.91,89609.42,0,0.0,0
547,TRANSFER,29270.68,C2445662585,35209.29,5938.61,C6875597607,88563.06,117833.74,0,0.0,0
124,PAYMENT,6085.94,C7059591606,14862.53,8776.59,M7960713821,0.0,0.0,0,0.0,0
409,PAYMENT,1062.18,C6715961218,2738.58,1676.4,M3605446007,0.0,0.0,0,0.0,0
373,PAYMENT,3.77,C5600836559,5.34,1.57,M7948094928,0.0,0.0,0,0.0,0
702,PAYMENT,1.0,C4159699467,0.0,0.0,M8910440683,0.0,0.0,0,0.0,0
496,CASH_OUT,70.16,C9546021691,133.07,62.91,C5659161352,1338.45,1338.45,0,0.03,0
42,PAYMENT,6443.93,C8734449371,63236.77,56792.84,M2869931869,0.0,0.0,0,0.0,0
25,PAYMENT,681.26,C6562457052,2245.0,1563.74,M2885370603,0.0,0.0,0,0.0,0
250,CASH_OUT,596.07,C7648059419,896.16,300.09,C8995970241,145053.31,145053.31,0,0.0,0
512,PAYMENT,7441.83,C2660286914,169734.44,162292.61,M5564953924,0.0,0.0,0,0.0,0
393,TRANSFER,566.63,C3815287619,759.9,193.27,M4093474499,0.0,0.0,1,0.09666666666666666,0
32,TRANSFER,2545.69,C4877520294,2464.43,0.0,M1458227039,0.0,0.0,1,0.74,1
213,PAYMENT,1025.4,C3343292475,1172.14,146.74,M7340036327,0.0,0.0,0,0.0,0
11,CASH_OUT,3351.92,C2620054076,3798.61,446.69,C2940955281,0.0,0.0,1,0.0,0
112,PAYMENT,2.44,C9255898264,430.32,427.88,M5535650160,0.0,0.0,0,0.0,0
59,DEBIT,30.94,C7958672456,103.72,72.78,M2121448210,0.0,0.0,0,0.02,0
355,CASH_OUT,71.04,C3358880404,108.15,37.11,C9557663181,2877.29,2877.29,0,0.006666666666666667,0
703,PAYMENT,52.86,C1674755608,74.68,21.82,M4588312351,0.0,0.0,0,0.0,0
204,PAYMENT,1145.36,C5439176290,107310.3,106164.94,M3831598303,0.0,0.0,0,0.0,0
17,TRANSFER,8099.94,C7763765757,8565.36,465.42,C4239406957,53.75,53.75,1,0.12,0
594,CASH_OUT,231.32,C3102209245,278.09,46.77,M8144889126,0.0,0.0,1,0.03666666666666667,0
671,PAYMENT,165.49,C7420846622,3284.24,3118.75,M9625656293,0.0,0.0,0,0.0,0
32,PAYMENT,1.0,C5292015249,0.0,0.0,M2156184315,0.0,0.0,0,0.0,0
572,CASH_OUT,1306.79,C7305101214,3685.61,2378.82,C6338036681,0.0,0.0,0,0.023333333333333334,0
203,TRANSFER,3753.93,C6822870815,3926.01,172.08,C7961674558,56564.43,60318.36,1,0.0,0
41,TRANSFER,12.92,C9189503254,55.13,42.21,C2389803385,0.0,12.92,0,0.15666666666666668,0
203,PAYMENT,1.12,C5736462531,2.0,0.88,M4211837506,0.0,0.0,0,0.0,0
335,TRANSFER,3260.85,C1245522987,3676.2,415.35,M9933702652,0.0,0.0,1,0.21,0
116,CASH_OUT,1.0,C8241550421,0.0,0.0,C3815287619,193.27,193.27,0,0.0,0
295,PAYMENT,1.0,C6947080764,0.0,0.0,M2778069478,0.0,0.0,0,0.0,0
173,CASH_OUT,6912.91,C7665963761,10052.96,3140.05,C7784217828,15966.78,15966.78,0,0.0,0
444,PAYMENT,1.0,C6131005449,0.0,0.0,M2228388623,0.0,0.0,0,0.0,0
632,DEBIT,18515.19,C3893976444,151019.92,132504.73,M8861351706,0.0,0.0,0,0.02,0
476,TRANSFER,3145.83,C8137972345,3636.18,490.35,M7168105904,0.0,0.0,1,0.30333333333333334,0
72,CASH_OUT,3240.75,C8925520026,2958.87,0.0,M9900829971,0.0,0.0,1,0.05,0
429,CASH_OUT,20910.85,C9479654136,83478.69,62567.84,C9086117171,75225.58,75225.58,0,0.0,0
389,CASH_OUT,2024.54,C7209571615,2714.89,690.35,C8880184233,4246.82,4246.82,1,0.0,0
66,CASH_OUT,36188.53,C3791027186,46843.94,10655.41,M7570511906,0.0,0.0,1,0.0,0
306,TRANSFER,63.51,C4524233168,79.2,15.69,M7948094928,0.0,0.0,1,0.16333333333333333,0
249,PAYMENT,2.8,C3361388464,6.72,3.92,M2541015125,0.0,0.0,0,0.0,0
170,PAYMENT,133.8,C1392245997,206.75,72.95,M3605446007,0.0,0.0,0,0.0,0
699,CASH_OUT,4376.4,C9863781331,6136.33,1759.93,M7717262223,0.0,0.0,1,0.02666666666666667,0
464,PAYMENT,2118.31,C4287687478,170636.74,168518.43,M7050091525,0.0,0.0,0,0.0,0
403,PAYMENT,1.0,C7505693643,0.0,0.0,M7230477043,0.0,0.0,0,0.0,0
654,PAYMENT,1.0,C9451577335,0.0,0.0,M4601406440,0.0,0.0,0,0.0,0
252,TRANSFER,216565.56,C6466597005,229410.3,12844.74,M6845287382,0.0,0.0,1,0.28,0
36,CASH_IN,83069.35,C3975418439,599.64,83668.99,C7431813987,7249.1,7249.1,0,0.0,0
650,CASH_OUT,4279.83,C9409682410,4539.05,259.22,M6992094064,0.0,0.0,1,0.03,0
563,PAYMENT,1452.77,C2158638062,3862.44,2409.67,M5891831621,0.0,0.0,0,0.0,0
9,CASH_OUT,134336.79,C9094089209,157111.22,22774.43,M4460319291,0.0,0.0,1,0.0,0
255,CASH_OUT,3035.39,C4877520294,2892.41,0.0,M2228388623,0.0,0.0,1,0.08,0
627,CASH_OUT,10.3,C3358880404,37.11,26.81,C8734449371,56792.84,56792.84,0,0.01,0
601,CASH_OUT,67821.32,C8300300577,96071.42,28250.1,C7666129822,93788.62,93788.62,1,0.0,0
643,CASH_OUT,22021.78,C6287793163,122104.69,100082.91,C7100408092,2990.44,2990.44,0,0.0,0
690,CASH_OUT,79.84,C2075413763,103.12,23.28,M7969674420,0.0,0.0,1,0.03,0
53,TRANSFER,3215.84,C1977515194,2860.24,0.0,M6583604299,0.0,0.0,1,0.8,1
96,PAYMENT,294.43,C4110258855,331.34,36.91,M3438830691,0.0,0.0,0,0.0,0
33,TRANSFER,3539.33,C7705605962,5002.85,1463.52,C4034047118,74235.28,74235.28,1,0.0,0
42,TRANSFER,53150.66,C2732553940,161369.48,108218.82,C2602884797,46991.22,100141.88,0,0.0,0
287,CASH_OUT,30361.19,C6576395496,43102.91,12741.72,M9640701016,0.0,0.0,1,0.0033333333333333335,0
71,TRANSFER,2.12,C3030106617,8.42,6.3,C5735817014,12738.88,12741.0,0,0.0,0
351,PAYMENT,279.56,C4767539382,910.26,630.7,M6894024976,0.0,0.0,0,0.0,0
702,TRANSFER,55228.6,C2424706705,60973.88,5745.28,C3003484425,370.73,370.73,1,0.09,0
503,PAYMENT,2300.16,C2020395327,106504.24,104204.08,M4522855590,0.0,0.0,0,0.0,0
353,CASH_IN,9157.22,C5646751885,0.0,9157.22,C7915226263,0.0,0.0,0,0.0,0
706,PAYMENT,516.29,C3421719519,595.8,79.51,M5959736235,0.0,0.0,0,0.0,0
593,DEBIT,1.0,C6947080764,0.0,0.0,M7713758036,0.0,0.0,0,0.04666666666666667,0
323,TRANSFER,7268.18,C5215140451,8597.99,1329.81,M6865994703,0.0,0.0,1,0.21666666666666667,0
3,TRANSFER,11352.24,C2409274786,45854.3,34502.06,C9703905715,4431.04,15783.28,0,0.0033333333333333335,0
161,PAYMENT,1.0,C6937704752,1.0,0.0,M8138332494,0.0,0.0,0,0.0,0
459,PAYMENT,321.84,C3003484425,370.73,48.89,M9631695368,0.0,0.0,0,0.0,0
149,PAYMENT,1311.34,C4997866845,1968.97,657.63,M4641902461,0.0,0.0,0,0.0,0
643,DEBIT,1.0,C1798112150,0.0,0.0,M8030400668,0.0,0.0,0,0.05333333333333334,0
102,TRANSFER,5670.98,C4268713302,4849.57,0.0,M2518433834,0.0,0.0,1,0.8,1
76,PAYMENT,1.0,C7527316141,0.0,0.0,M1811839103,0.0,0.0,0,0.0,0
61,TRANSFER,1545.0,C5135595227,1960.38,415.38,C1659663750,8698.45,10243.45,0,0.0033333333333333335,0
123,PAYMENT,103.91,C5586143660,145.2,41.29,M2155671697,0.0,0.0,0,0.0,0
572,PAYMENT,823.9,C3020939193,152903.08,152079.18,M6282009986,0.0,0.0,0,0.0,0
676,PAYMENT,3553.76,C2064803502,19461.74,15907.98,M4125758723,0.0,0.0,0,0.0,0
380,TRANSFER,7452.02,C2704657157,8430.64,978.62,C3464975279,553.55,8005.57,0,0.0,0
571,TRANSFER,17929.8,C8933377472,43655.33,25725.53,C2073755632,297.98,18227.78,0,0.0,0
456,DEBIT,7668.36,C8369792370,11526.35,3857.99,M8102481401,0.0,0.0,0,0.03333333333333333,0
493,PAYMENT,62.87,C6244338653,118.02,55.15,M8874242713,0.0,0.0,0,0.0,0
444,TRANSFER,2461.81,C6837975356,2335.08,0.0,M8138332494,0.0,0.0,1,0.8733333333333333,1
454,PAYMENT,9.67,C2379592595,18.86,9.19,M9620935604,0.0,0.0,0,0.0,0
345,CASH_OUT,5992.15,C3791027186,10655.41,4663.26,C1487258103,0.0,0.0,0,0.006666666666666667,0
402,TRANSFER,498.26,C3383331379,480.86,0.0,C6894699853,17567.81,18066.07,1,0.0,0
30,TRANSFER,1485.25,C7979466538,2240.64,755.39,C8795212264,5933.39,7418.64,0,0.0,0
186,PAYMENT,1.0,C7226553010,0.0,0.0,M6992094064,0.0,0.0,0,0.0,0
352,CASH_OUT,518.41,C7596745715,636.81,118.4,C5510938155,88157.65,88157.65,0,0.0,0
293,PAYMENT,15793.17,C7186766399,77565.52,61772.35,M8102481401,0.0,0.0,0,0.0,0
534,CASH_OUT,249696.83,C6299224734,233806.91,0.0,C8706093841,0.0,0.0,1,0.2633333333333333,0
121,TRANSFER,93.31,C1654602021,128.12,34.81,M1466305100,0.0,0.0,1,0.15333333333333332,0
392,TRANSFER,2134.06,C6048096802,5328.24,3194.18,C1459442845,206313.39,208447.45,0,0.0,0
37,PAYMENT,204.58,C2570991899,478.5,273.92,M2391874847,0.0,0.0,0,0.0033333333333333335,0
636,TRANSFER,43805.18,C5837082260,128537.0,84731.82,C8816681105,0.0,43805.18,0,0.0033333333333333335,0
594,CASH_OUT,76.36,C2878930355,66.85,0.0,C3780439666,64157.97,64157.97,1,0.03333333333333333,0
63,PAYMENT,1461.8,C2072355594,1917.68,455.88,M2391874847,0.0,0.0,0,0.0,0
491,PAYMENT,5268.21,C9370133343,140583.74,135315.53,M6284297249,0.0,0.0,0,0.0,0
659,TRANSFER,1914.42,C8868054898,2353.76,439.34,C8997701619,0.0,1914.42,1,0.08,0
471,PAYMENT,13785.02,C7638836058,35207.8,21422.78,M1504729135,0.0,0.0,0,0.0,0
82,PAYMENT,66.29,C3328710672,159.39,93.1,M3534186676,0.0,0.0,0,0.0,0
637,TRANSFER,34043.21,C9462806178,40638.89,6595.68,C7575259637,2973.71,37016.92,0,0.0,0
493,TRANSFER,256.07,C6944371787,277.61,21.54,M1783432867,0.0,0.0,1,0.17333333333333334,0
589,TRANSFER,33691.43,C2224336336,31233.41,0.0,C3051831252,0.0,0.0,1,0.93,1
633,PAYMENT,12177.86,C5935852056,115514.17,103336.31,M6732306182,0.0,0.0,0,0.0,0
354,CASH_IN,760.37,C6012067717,9160.76,9921.13,C4631048029,0.0,0.0,0,0.0,0
418,TRANSFER,66.29,C9621419224,64.08,0.0,C8084809436,72.55,72.55,1,0.15,0
347,PAYMENT,7396.55,C7977267911,41266.86,33870.31,M7928143230,0.0,0.0,0,0.0,0
6,PAYMENT,898.84,C6121801720,2423.78,1524.94,M9776500600,0.0,0.0,0,0.0,0
647,PAYMENT,1.0,C4022245086,0.0,0.0,M4689605624,0.0,0.0,0,0.0,0
542,CASH_IN,94456.81,C7174772035,97419.18,191875.99,C9986353481,0.48,0.48,0,0.0,0
76,PAYMENT,1019.11,C2405746777,7396.04,6376.93,M1257854279,0.0,0.0,0,0.0,0
296,TRANSFER,2597.44,C3698305085,3370.29,772.85,M1185303518,0.0,0.0,1,0.17333333333333334,0
54,CASH_OUT,17872.47,C6795522649,20785.12,2912.65,C8757570742,0.0,0.0,0,0.0,0
210,TRANSFER,19221.43,C2973888646,46957.74,27736.31,C5625411308,16714.5,35935.93,0,0.0,0
593,CASH_OUT,1.0,C5996775663,0.0,0.0,C7763765757,465.42,465.42,0,0.06333333333333334,0
487,PAYMENT,2253.82,C5972484792,195815.35,193561.53,M9625656293,0.0,0.0,0,0.0,0
2,CASH_OUT,842.97,C8575707116,1017.23,174.26,M3156792018,0.0,0.0,1,0.016666666666666666,0
612,TRANSFER,2372.81,C8291250562,2243.25,0.0,M4158643786,0.0,0.0,1,0.93,1
13,CASH_OUT,204.22,C5092199300,36862.63,36658.41,C8110054933,0.0,0.0,0,0.0,0
292,TRANSFER,59252.41,C9523104008,53458.45,0.0,M7861571879,0.0,0.0,1,0.7166666666666667,1
677,PAYMENT,1643.41,C2952996248,10399.54,8756.13,M8869140487,0.0,0.0,0,0.0,0
77,CASH_OUT,864.47,C8791183272,1007.55,143.08,C3097302637,106.56,106.56,1,0.0,0
252,PAYMENT,7.86,C8826851692,22.19,14.33,M5937271321,0.0,0.0,0,0.0,0
549,CASH_IN,949.6,C8417757797,113016.88,113966.48,C9420979586,11407.48,11407.48,0,0.0,0
491,TRANSFER,1.0,C8168204967,0.0,0.0,C7242730249,0.0,1.0,0,0.22666666666666666,0
711,TRANSFER,742.13,C4277422858,865.41,123.28,M5570190774,0.0,0.0,1,0.17666666666666667,0
361,TRANSFER,2164.16,C6928691380,2602.96,438.8,C6299224734,0.0,0.0,1,0.19333333333333333,0
479,TRANSFER,220.26,C3362657890,201.65,0.0,C3328710672,93.1,93.1,1,0.13666666666666666,0
231,CASH_OUT,4697.61,C7249213370,10551.17,5853.56,C5612645121,2846.58,2846.58,0,0.0,0
48,PAYMENT,725.7,C2524751277,2521.93,1796.23,M2625035499,0.0,0.0,0,0.0,0
392,DEBIT,7.04,C4427620889,17.18,10.14,M6771941776,0.0,0.0,0,0.02666666666666667,0
638,CASH_OUT,3812.4,C4507822591,4601.39,788.99,C2962491159,1.0,1.0,1,0.02666666666666667,0
12,PAYMENT,402.25,C9123612497,1774.9,1372.65,M7168105904,0.0,0.0,0,0.0,0
240,PAYMENT,1.0,C1005502537,1.0,0.0,M1466305100,0.0,0.0,0,0.0,0
647,PAYMENT,1.0,C4485356009,0.0,0.0,M5919148165,0.0,0.0,0,0.0,0
509,PAYMENT,3.0,C3361388464,3.92,0.92,M3636366799,0.0,0.0,0,0.0,0
325,TRANSFER,456.24,C8823677798,452.45,0.0,M4665677395,0.0,0.0,1,0.23666666666666666,0
452,PAYMENT,6624.58,C1173215225,9737.11,3112.53,M3355504998,0.0,0.0,0,0.0,0
517,PAYMENT,8936.47,C8934927891,86488.15,77551.68,M9625656293,0.0,0.0,0,0.0,0
515,TRANSFER,81300.75,C1958682846,89089.13,7788.38,M7664045502,0.0,0.0,1,0.30666666666666664,0
343,TRANSFER,147.45,C5474951950,255.98,108.53,C5523703900,451.96,599.41,0,0.0033333333333333335,0
601,CASH_IN,106249.99,C2916728422,0.0,106249.99,C2247484671,0.0,0.0,0,0.0,0
655,CASH_OUT,32492.01,C6719736115,34305.65,1813.64,C2050340486,214.78,214.78,1,0.013333333333333334,0
3,CASH_OUT,47039.43,C6311894154,56763.68,9724.25,M8869140487,0.0,0.0,1,0.01,0
554,TRANSFER,634.68,C3365835550,547.8,0.0,M9773795424,0.0,0.0,1,0.26,0
370,PAYMENT,1801.86,C8243746556,14532.7,12730.84,M8218146534,0.0,0.0,0,0.0,0
555,DEBIT,165.49,C3465740756,332.16,166.67,M2555936898,0.0,0.0,0,0.023333333333333334,0
283,DEBIT,1.0,C3768901084,0.0,0.0,M5990749811,0.0,0.0,0,0.04,0
463,PAYMENT,1.0,C8178361487,0.0,0.0,M8325043570,0.0,0.0,0,0.0,0
696,CASH_IN,18307.89,C3035761595,0.0,18307.89,C4706249669,157.54,157.54,0,0.0,0
364,CASH_OUT,41.25,C1408988968,104.22,62.97,C6102144947,89.34,89.34,0,0.006666666666666667,0
417,TRANSFER,7015.45,C3106408413,17751.74,10736.29,C2331039957,10202.94,17218.39,0,0.0,0
189,DEBIT,25859.17,C2149938334,75828.6,49969.43,M9288057824,0.0,0.0,0,0.006666666666666667,0
698,PAYMENT,7.51,C7699500243,9.43,1.92,M9576264323,0.0,0.0,0,0.0,0
574,PAYMENT,258.81,C6837342064,686.71,427.9,M4641902461,0.0,0.0,0,0.0,0
191,TRANSFER,7229.33,C9428056968,6846.77,0.0,C1110533960,3674.44,3674.44,1,0.03333333333333333,0
320,PAYMENT,6.11,C6307626407,19.28,13.17,M2391874847,0.0,0.0,0,0.0,0
413,PAYMENT,1121.46,C6588316233,1506.11,384.65,M9752092528,0.0,0.0,0,0.0,0
646,PAYMENT,1.0,C4700855390,0.0,0.0,M6525576685,0.0,0.0,0,0.0,0
355,TRANSFER,1308.45,C1965067727,1826.84,518.39,C2382129132,53.13,1361.58,1,0.0033333333333333335,0
655,DEBIT,1.0,C2970753705,0.0,0.0,M8821456242,0.0,0.0,0,0.05333333333333334,0
266,PAYMENT,1.0,C3420671425,0.0,0.0,M5985331805,0.0,0.0,0,0.0,0
348,TRANSFER,29307.1,C6265016831,35738.64,6431.54,C5911625145,22523.79,51830.89,0,0.0,0
455,TRANSFER,45361.11,C3470617247,44476.81,0.0,C9392515666,122978.12,122978.12,1,0.023333333333333334,0
557,PAYMENT,429.15,C4509456565,29708.72,29279.57,M4460319291,0.0,0.0,0,0.0,0
384,TRANSFER,8.83,C2825989011,9.59,0.76,C3846570058,0.0,8.83,0,0.18666666666666668,0
244,PAYMENT,1.0,C4623960580,0.0,0.0,M9581187661,0.0,0.0,0,0.0,0
327,CASH_OUT,1738.1,C4455798713,3140.58,1402.48,C6122110529,26670.14,26670.14,0,0.0,0
254,PAYMENT,1386.96,C3426665919,3933.58,2546.62,M2115862756,0.0,0.0,0,0.0,0
199,DEBIT,4813.91,C4131356954,8560.28,3746.37,M1711271599,0.0,0.0,0,0.02,0
668,TRANSFER,3221.59,C4264134512,2803.14,0.0,M1357561213,0.0,0.0,1,0.91,1
309,TRANSFER,1291.11,C2752536389,1307.82,16.71,M8903212516,0.0,0.0,1,0.20333333333333334,0
291,CASH_OUT,1591.12,C1676168421,1848.52,257.4,C3020939193,152079.18,152079.18,1,0.0,0
523,TRANSFER,752.47,C7625389037,933.71,181.24,C5724657556,68203.58,68956.05,1,0.0033333333333333335,0
32,PAYMENT,21359.93,C2660286914,162292.61,140932.68,M6992094064,0.0,0.0,0,0.0,0
355,CASH_OUT,8098.17,C7935554354,144316.3,136218.13,C4227004325,67.62,67.62,0,0.0,0
703,CASH_OUT,19724.76,C3746317213,38438.46,18713.7,C4472312361,321.62,321.62,0,0.0033333333333333335,0
702,CASH_OUT,1.0,C5862655247,0.0,0.0,C7803990970,3665.2,3665.2,0,0.023333333333333334,0
33,CASH_OUT,1.0,C2388450337,0.0,0.0,C7499349987,84551.07,84551.07,0,0.0,0
362,PAYMENT,11769.89,C2149938334,49969.43,38199.54,M9558906999,0.0,0.0,0,0.0,0
713,CASH_OUT,1.0,C5381866906,0.0,0.0,C5220094152,59427.96,59427.96,0,0.02666666666666667,0
551,TRANSFER,2954.63,C6048096802,3194.18,239.55,C5883933127,0.0,2954.63,0,0.06333333333333334,0
171,PAYMENT,21522.13,C5175416378,88299.25,66777.12,M5937271321,0.0,0.0,0,0.0,0
69,TRANSFER,83.12,C9441018790,102.87,19.75,C5774080233,0.0,83.12,0,0.16333333333333333,0
449,DEBIT,35.63,C9379439373,165.21,129.58,M5990749811,0.0,0.0,0,0.023333333333333334,0
307,CASH_OUT,4.93,C8429141456,14.59,9.66,C1818520766,10594.0,10594.0,0,0.0,0
331,DEBIT,3690.54,C4633987776,8205.05,4514.51,M1099218439,0.0,0.0,0,0.023333333333333334,0
80,PAYMENT,23802.93,C4636537575,101352.08,77549.15,M4892544235,0.0,0.0,0,0.0,0
183,TRANSFER,244.52,C4577406847,286.29,41.77,C1662976399,1646.25,1646.25,1,0.0033333333333333335,0
19,CASH_OUT,1.0,C3383331379,0.0,0.0,C6924716023,0.0,0.0,0,0.0033333333333333335,0
368,PAYMENT,145.52,C2014766981,229.8,84.28,M1368287033,0.0,0.0,0,0.0,0
571,CASH_OUT,1676.44,C7161404428,1761.4,84.96,M9776500600,0.0,0.0,1,0.043333333333333335,0
88,TRANSFER,6.58,C6582557981,58.07,51.49,C8134112721,107831.44,107838.02,0,0.0,0
443,TRANSFER,302.63,C7470843264,1196.67,894.04,C9333490239,0.0,302.63,0,0.06666666666666667,0
623,PAYMENT,1120.11,C9392515666,122978.12,121858.01,M7168105904,0.0,0.0,0,0.0,0
31,TRANSFER,1.0,C3470617247,0.0,0.0,C9974165440,66228.6,66229.6,0,0.0,0
326,CASH_OUT,185885.79,C8588769565,207679.23,21793.44,C1421776124,0.0,0.0,0,0.0,0
467,PAYMENT,14.12,C3776011793,51.19,37.07,M1096405016,0.0,0.0,0,0.0,0
390,PAYMENT,1.0,C4014119648,1.94,0.94,M2243802345,0.0,0.0,0,0.0,0
592,CASH_OUT,16727.22,C7759781156,37108.31,20381.09,C7839819230,37.18,37.18,0,0.013333333333333334,0
650,PAYMENT,53.67,C4405620755,116185.55,116131.88,M6045729129,0.0,0.0,0,0.0,0
610,TRANSFER,189.59,C1439921366,161.36,0.0,C9379439373,129.58,319.17,1,0.10666666666666667,0
428,PAYMENT,449.17,C8612747444,569.09,119.92,M5315720088,0.0,0.0,0,0.0,0
523,TRANSFER,501.58,C8796286443,508.46,6.88,C2960488639,8483.12,8483.12,1,0.01,0
458,CASH_OUT,341.23,C8131923452,1105.71,764.48,C1383539822,0.0,0.0,0,0.056666666666666664,0
386,TRANSFER,2138.51,C7467073633,2718.8,580.29,M8083396378,0.0,0.0,1,0.19333333333333333,0
45,PAYMENT,63.86,C5315211627,30244.82,30180.96,M4158643786,0.0,0.0,0,0.0,0
49,CASH_OUT,25508.76,C5625342041,86095.7,60586.94,C2965164102,27571.03,27571.03,0,0.0,0
177,PAYMENT,1651.7,C1110533960,3674.44,2022.74,M2711123163,0.0,0.0,0,0.0,0
628,PAYMENT,883.67,C9974165440,66229.6,65345.93,M9065458220,0.0,0.0,0,0.0,0
346,PAYMENT,314.68,C8325222092,2146.46,1831.78,M8144352013,0.0,0.0,0,0.0,0
263,CASH_OUT,2638.64,C1487258103,3004.02,365.38,C4602080228,51464.82,51464.82,1,0.0,0
581,PAYMENT,1.0,C1039887139,1.0,0.0,M6763471833,0.0,0.0,0,0.0,0
271,PAYMENT,52.92,C1847275937,92.41,39.49,M5694439775,0.0,0.0,0,0.0,0
151,PAYMENT,6007.09,C2973888646,27736.31,21729.22,M6865994703,0.0,0.0,0,0.0,0
438,DEBIT,189.31,C6300607425,222.36,33.05,M8778927211,0.0,0.0,0,0.03,0
455,CASH_OUT,96.04,C9085085822,124.53,28.49,C1110724913,0.0,0.0,0,0.05333333333333334,0
622,PAYMENT,21.37,C6124453431,299116.88,299095.51,M1083302600,0.0,0.0,0,0.0,0
34,PAYMENT,1.0,C4386667704,0.0,0.0,M4820942294,0.0,0.0,0,0.0,0
325,TRANSFER,3146.49,C8598503901,4040.87,894.38,C8274273035,0.0,0.0,1,0.21333333333333335,0
287,CASH_OUT,82.68,C7266763552,17764.76,17682.08,C6673381261,50388.75,50388.75,0,0.0,0
445,PAYMENT,731.2,C6168291913,916.19,184.99,M9625656293,0.0,0.0,0,0.0,0
381,TRANSFER,302.25,C3117951204,640.44,338.19,C4067213499,224.54,526.79,0,0.01,0
698,PAYMENT,2026.89,C2409274786,34502.06,32475.17,M1732578761,0.0,0.0,0,0.0,0
513,TRANSFER,5347.08,C5748253283,7631.82,2284.74,C3971203213,8.21,5355.29,1,0.04666666666666667,0
481,CASH_OUT,99.6,C3303082117,225.58,125.98,C4466589567,0.0,0.0,0,0.03333333333333333,0
248,CASH_OUT,6393.99,C3521166052,8337.78,1943.79,M8778927211,0.0,0.0,1,0.0033333333333333335,0
271,PAYMENT,9.15,C4524233168,15.69,6.54,M4399143287,0.0,0.0,0,0.0,0
197,TRANSFER,29817.94,C4635552887,32569.39,2751.45,M6771941776,0.0,0.0,1,0.25333333333333335,0
250,PAYMENT,1.0,C1110724913,0.0,0.0,M3156792018,0.0,0.0,0,0.0,0
239,PAYMENT,157.17,C6711463258,178.5,21.33,M6199197408,0.0,0.0,0,0.0,0
365,PAYMENT,1620.55,C1094115188,4615.49,2994.94,M3156792018,0.0,0.0,0,0.0,0
73,TRANSFER,8290.46,C9954587710,8953.66,663.2,C7227593033,0.0,8290.46,0,0.0,0
701,TRANSFER,143721.67,C2525930586,187550.87,43829.2,M8646369354,0.0,0.0,1,0.30666666666666664,0
27,CASH_OUT,44272.95,C6773938304,166569.33,122296.38,C5310195918,16377.42,16377.42,0,0.0,0
194,TRANSFER,28510.66,C7750819485,28788.25,277.59,C3033747850,79907.4,79907.4,1,0.0,0
162,TRANSFER,1.0,C7242730249,1.0,0.0,C6756332150,0.0,1.0,0,0.22,0
505,PAYMENT,8792.11,C4287687478,168518.43,159726.32,M8667946580,0.0,0.0,0,0.0,0
231,PAYMENT,1.0,C5903457537,0.0,0.0,M5535650160,0.0,0.0,0,0.0,0
69,CASH_OUT,4016.53,C8293453178,4091.02,74.49,C5130589741,115868.87,115868.87,1,0.006666666666666667,0
482,PAYMENT,138.09,C6110646714,244.14,106.05,M2625035499,0.0,0.0,0,0.0,0
662,PAYMENT,1.0,C6732648420,0.0,0.0,M7960713821,0.0,0.0,0,0.0,0
649,CASH_OUT,410.26,C3305069227,559.37,149.11,C2785736751,111926.04,111926.04,0,0.0033333333333333335,0
502,CASH_OUT,1.0,C8241550421,0.0,0.0,C1600337712,5.24,5.24,0,0.05333333333333334,0
387,PAYMENT,19460.26,C3667740351,133629.96,114169.7,M1122712790,0.0,0.0,0,0.0,0
344,CASH_OUT,110.94,C6168291913,184.99,74.05,C3781569954,0.0,0.0,0,0.01,0
221,TRANSFER,200.16,C5118430494,267.81,67.65,C3691864041,42689.08,42889.24,1,0.0,0
703,TRANSFER,65.54,C1613549255,73.12,7.58,C3163970710,164504.3,164569.84,0,0.0033333333333333335,0
333,TRANSFER,340.89,C4472312361,321.62,0.0,M8063693463,0.0,0.0,1,0.23,0
643,PAYMENT,166.02,C5607762160,186.14,20.12,M4329446784,0.0,0.0,0,0.0,0
381,TRANSFER,175.88,C1691293717,213.01,37.13,M2121448210,0.0,0.0,1,0.15666666666666668,0
217,TRANSFER,21084.84,C9526836552,26749.11,5664.27,M5449848690,0.0,0.0,1,0.25666666666666665,0
157,PAYMENT,7607.1,C1306702926,191178.9,183571.8,M4399143287,0.0,0.0,0,0.0,0
416,PAYMENT,42.4,C4274958945,145.73,103.33,M9918338001,0.0,0.0,0,0.0,0
224,TRANSFER,996.26,C9019515562,1404.44,408.18,C1551395583,82333.38,83329.64,0,0.0,0
189,PAYMENT,154.74,C6311894154,9724.25,9569.51,M4820942294,0.0,0.0,0,0.0,0
567,TRANSFER,91612.13,C2546720356,78524.39,0.0,M7514017540,0.0,0.0,1,0.8966666666666666,1
486,DEBIT,473.06,C5694628398,18022.63,17549.57,M1676220116,0.0,0.0,0,0.02,0
337,CASH_IN,81183.64,C7573442717,8224.46,89408.1,C3434757387,0.0,0.0,0,0.0,0
176,PAYMENT,1.0,C3694860228,0.0,0.0,M4160161496,0.0,0.0,0,0.0,0
638,PAYMENT,136.9,C8624454880,2464.28,2327.38,M4665677395,0.0,0.0,0,0.0,0
548,PAYMENT,1.0,C4662861038,0.0,0.0,M2655546199,0.0,0.0,0,0.0,0
669,CASH_OUT,92752.32,C3205292512,116703.07,23950.75,C8184602688,998.02,998.02,1,0.0033333333333333335,0
567,PAYMENT,754.92,C9437783771,2346.58,1591.66,M4601406440,0.0,0.0,0,0.0,0
521,TRANSFER,902.33,C9912233947,906.53,4.2,C7467073633,580.29,580.29,1,0.13,0
500,TRANSFER,10513.03,C6466597005,12844.74,2331.71,C3645901955,573.12,11086.15,0,0.01,0
615,CASH_OUT,449.6,C7127904756,439.97,0.0,C6458544482,144.64,144.64,1,0.07666666666666666,0
123,PAYMENT,35.53,C4536306171,127.07,91.54,M8102481401,0.0,0.0,0,0.0,0
104,PAYMENT,6554.89,C7873709012,192359.17,185804.28,M4456193555,0.0,0.0,0,0.0,0
674,PAYMENT,5694.62,C5022964382,32283.87,26589.25,M6361225622,0.0,0.0,0,0.0,0
383,TRANSFER,963.61,C6656646925,1332.34,368.73,C2407863065,356.57,356.57,1,0.013333333333333334,0
579,CASH_OUT,770.55,C9526836552,5664.27,4893.72,C6942989052,22916.67,22916.67,0,0.006666666666666667,0
696,TRANSFER,2482.15,C6923206003,2116.69,0.0,M5535650160,0.0,0.0,1,0.7333333333333333,1
463,TRANSFER,22496.36,C7190276026,39633.09,17136.73,C3142452709,113798.4,136294.76,0,0.0,0
263,TRANSFER,1019.6,C5144289583,1046.74,27.14,M3156792018,0.0,0.0,1,0.19,0
697,CASH_OUT,4393.18,C1626733282,6521.24,2128.06,C6204862411,73663.12,73663.12,0,0.0033333333333333335,0
320,CASH_OUT,73215.95,C6852312425,68643.67,0.0,M2916502228,0.0,0.0,1,0.07,0
524,CASH_OUT,15223.24,C8270110908,16165.85,942.61,C4203205881,185.65,185.65,0,0.02,0
300,PAYMENT,5286.49,C7472806994,71102.81,65816.32,M4390543744,0.0,0.0,0,0.0,0
426,CASH_IN,6342.81,C2095286033,25467.03,31809.84,C1691293717,37.13,37.13,0,0.0,0
112,PAYMENT,131.75,C2283298067,13380.79,13249.04,M9404002665,0.0,0.0,0,0.0,0
478,CASH_IN,726.57,C6761084958,0.0,726.57,C5010075517,51.26,51.26,0,0.0033333333333333335,0
155,TRANSFER,40.02,C2047905204,83.79,43.77,C9493209128,0.0,40.02,0,0.14666666666666667,0
401,CASH_OUT,137972.75,C5367513465,151892.22,13919.47,M2625035499,0.0,0.0,1,0.0,0
504,PAYMENT,9781.88,C4096932037,54611.95,44830.07,M6692705133,0.0,0.0,0,0.0,0
386,CASH_OUT,3363.65,C3197757742,3788.73,425.08,C4907446848,48633.09,48633.09,0,0.0,0
242,CASH_OUT,182.69,C2825957977,539.54,356.85,C4921003983,171.79,171.79,0,0.006666666666666667,0
533,PAYMENT,34.05,C2566942273,130.18,96.13,M8144352013,0.0,0.0,0,0.0,0
215,PAYMENT,2145.72,C3515167269,12251.17,10105.45,M4390543744,0.0,0.0,0,0.0,0
413,TRANSFER,10875.4,C8370987661,11162.23,286.83,M6130446648,0.0,0.0,1,0.27666666666666667,0
514,PAYMENT,1.0,C7462972995,0.0,0.0,M9822499208,0.0,0.0,0,0.0,0
120,PAYMENT,95.36,C6822870815,172.08,76.72,M7928143230,0.0,0.0,0,0.0,0
466,PAYMENT,1.0,C6156843353,0.0,0.0,M2555936898,0.0,0.0,0,0.0,0
98,TRANSFER,1306.97,C1494287462,1337.94,30.97,C1110533960,2022.74,2022.74,1,0.01,0
160,TRANSFER,1646.81,C3280805846,2039.04,392.23,C4632522232,152393.09,154039.9,0,0.0,0
553,CASH_OUT,334.55,C3878201524,380.45,45.9,C4403845222,0.0,0.0,1,0.03666666666666667,0
529,TRANSFER,8313.36,C3144490990,15742.97,7429.61,C1099541460,0.0,8313.36,0,0.013333333333333334,0
572,TRANSFER,9453.38,C1209063208,10217.74,764.36,C5328166990,264836.9,264836.9,1,0.0033333333333333335,0
73,CASH_IN,1517.21,C7083067988,2878.77,4395.98,C3020939193,152079.18,152079.18,0,0.0,0
335,PAYMENT,149.09,C7631970791,625.06,475.97,M6820149016,0.0,0.0,0,0.0,0
688,TRANSFER,1764.94,C6000009225,52776.86,51011.92,C8083175325,9.95,1774.89,0,0.02,0
649,TRANSFER,2574.51,C6089026099,2871.11,296.6,M3580582653,0.0,0.0,1,0.31666666666666665,0
607,PAYMENT,158.93,C6089026099,296.6,137.67,M9026301048,0.0,0.0,0,0.0,0
444,CASH_OUT,137.22,C7808938880,160.36,23.14,C9189503254,42.21,42.21,0,0.056666666666666664,0
605,PAYMENT,12934.62,C2616884203,96553.1,83618.48,M9404002665,0.0,0.0,0,0.0,0
476,PAYMENT,409.49,C2620054076,446.69,37.2,M1099218439,0.0,0.0,0,0.0,0
25,PAYMENT,13086.83,C5724657556,68956.05,55869.22,M1343875431,0.0,0.0,0,0.0,0
76,CASH_OUT,55275.83,C6673381261,50388.75,0.0,C7027529118,695.32,695.32,1,0.02666666666666667,0
54,TRANSFER,1.0,C7049001493,0.0,0.0,C1446362270,1.73,2.73,0,0.22666666666666666,0
522,TRANSFER,19065.94,C6877052039,55540.15,36474.21,C1772303297,72.65,19138.59,0,0.0,0
278,PAYMENT,1672.68,C4853479481,116390.0,114717.32,M2635881694,0.0,0.0,0,0.0,0
169,TRANSFER,1.0,C3384006407,0.0,0.0,C7597996327,408.02,409.02,0,0.01,0
538,TRANSFER,50338.98,C3482206102,49584.98,0.0,C2848792488,4781.82,4781.82,1,0.24666666666666667,0
327,CASH_OUT,822.63,C2780136605,745.72,0.0,C1547374338,0.0,0.0,1,0.17666666666666667,0
319,PAYMENT,1.0,C9467483275,0.0,0.0,M1999913493,0.0,0.0,0,0.0,0
485,TRANSFER,32498.78,C5354747485,40570.34,8071.56,C7371573279,24449.46,56948.24,0,0.0,0
431,DEBIT,1.0,C9333798503,0.0,0.0,M1357561213,0.0,0.0,0,0.04666666666666667,0
637,TRANSFER,7810.24,C7472806994,65816.32,58006.08,C6558450990,28614.48,36424.72,0,0.0,0
202,TRANSFER,1190.94,C8366884200,3214.52,2023.58,C8235717104,53931.15,55122.09,0,0.0,0
625,CASH_OUT,92.26,C1596471620,373.34,281.08,C3768901084,0.0,0.0,0,0.023333333333333334,0
266,DEBIT,5.53,C8493451569,16.36,10.83,M2711123163,0.0,0.0,0,0.02,0
391,TRANSFER,1.0,C2879792991,0.0,0.0,C8997701619,1914.42,1915.42,0,0.006666666666666667,0
604,TRANSFER,159957.69,C9370133343,135315.53,0.0,C3774110439,37109.68,37109.68,1,0.08333333333333333,0
282,TRANSFER,4008.51,C1707196784,4866.33,857.82,C8274219704,365.65,365.65,1,0.01,0
449,TRANSFER,4265.67,C7772180882,4519.18,253.51,M3192202822,0.0,0.0,1,0.31,0
261,CASH_OUT,3532.4,C8375996697,3687.11,154.71,C1110533960,2022.74,2022.74,1,0.0,0
277,TRANSFER,1809.63,C2866092821,1831.07,21.44,C6206015111,19624.6,21434.23,1,0.0033333333333333335,0
546,PAYMENT,1.0,C1722124509,0.0,0.0,M5000316394,0.0,0.0,0,0.0,0
129,TRANSFER,1684.32,C1494287462,2103.61,419.29,M5990749811,0.0,0.0,1,0.13333333333333333,0
510,PAYMENT,1.0,C1785418196,0.96,0.0,M9026301048,0.0,0.0,0,0.0,0
688,PAYMENT,1003.16,C1131267917,17532.47,16529.31,M5570190774,0.0,0.0,0,0.0,0
675,TRANSFER,118.36,C3097302637,106.56,0.0,C3614915281,0.0,118.36,1,0.19333333333333333,0
482,CASH_OUT,96338.54,C8252816758,87204.14,0.0,M5937271321,0.0,0.0,1,0.2866666666666667,0
490,DEBIT,18915.24,C9309500117,85565.86,66650.62,M6199197408,0.0,0.0,0,0.02,0
107,TRANSFER,146755.26,C3095318649,155764.81,9009.55,M8044997538,0.0,0.0,1,0.26,0
91,PAYMENT,6019.91,C4506639908,20789.24,14769.33,M4306983924,0.0,0.0,0,0.0,0
124,CASH_OUT,97.66,C4658080160,122.04,24.38,C2683446724,109169.45,109169.45,0,0.013333333333333334,0
493,PAYMENT,572.94,C2073755632,18227.78,17654.84,M4035639663,0.0,0.0,0,0.0,0
444,TRANSFER,7.62,C3725152347,27.12,19.5,C2905584866,169.59,177.21,0,0.06666666666666667,0
537,TRANSFER,9699.05,C8480622107,10827.62,1128.57,M7050091525,0.0,0.0,1,0.32,0
621,TRANSFER,1.0,C9953941533,0.0,0.0,C6773938304,122296.38,122297.38,0,0.0,0
498,CASH_OUT,160.38,C6655089949,353.26,192.88,C4130305126,1458.27,1458.27,0,0.02666666666666667,0
7,DEBIT,63.04,C4098389895,72.28,9.24,M3811254192,0.0,0.0,0,0.02,0
138,TRANSFER,1492.71,C9123612497,1372.65,0.0,M1676220116,0.0,0.0,1,0.35333333333333333,0
462,CASH_OUT,12.87,C7038841740,28876.61,28863.74,C7852415525,18914.57,18914.57,0,0.01,0
191,TRANSFER,3391.93,C2812140441,3462.62,70.69,M9921025990,0.0,0.0,1,0.43666666666666665,0
705,DEBIT,14.34,C7556046460,57.75,43.41,M5000316394,0.0,0.0,0,0.02666666666666667,0
267,PAYMENT,464.73,C5710360983,1115.93,651.2,M6659847491,0.0,0.0,0,0.0,0
308,TRANSFER,2895.48,C1981049082,3002.42,106.94,C1288335378,20.51,20.51,1,0.31,0
230,PAYMENT,1.0,C5689870435,0.0,0.0,M8790289305,0.0,0.0,0,0.0,0
271,TRANSFER,845.59,C9461708554,1169.44,323.85,C9274189261,0.0,0.0,1,0.11,0
239,PAYMENT,1.0,C7333316743,0.0,0.0,M3119908041,0.0,0.0,0,0.0,0
226,PAYMENT,354.9,C3319936135,547.4,192.5,M6845287382,0.0,0.0,0,0.0,0
594,DEBIT,125.31,C2770980600,562.02,436.71,M1083302600,0.0,0.0,0,0.023333333333333334,0
480,PAYMENT,1607.52,C3201397080,161935.78,160328.26,M3595066420,0.0,0.0,0,0.0,0
133,PAYMENT,1.0,C2617999521,0.0,0.0,M8083396378,0.0,0.0,0,0.0,0
51,CASH_OUT,1727.71,C7760554363,1484.75,0.0,C3653594796,24906.33,24906.33,1,0.0,0
508,PAYMENT,333.64,C3528924461,595.77,262.13,M2625035499,0.0,0.0,0,0.0,0
582,TRANSFER,6627.9,C3095318649,9009.55,2381.65,M3322580659,0.0,0.0,1,0.32,0
214,CASH_OUT,1.0,C2423995953,0.0,0.0,C2654584280,356.52,356.52,0,0.0033333333333333335,0
469,TRANSFER,23.93,C1051354601,730.86,706.93,C8369792370,3857.99,3881.92,0,0.016666666666666666,0
507,CASH_OUT,1.0,C7049001493,0.0,0.0,C3965676060,0.0,0.0,0,0.06,0
483,CASH_OUT,36.9,C7150970643,70.09,33.19,C6048096802,239.55,239.55,0,0.03666666666666667,0
226,CASH_OUT,190.0,C3197757742,425.08,235.08,C3421719519,79.51,79.51,0,0.0,0
504,TRANSFER,125.56,C4921003983,171.79,46.23,M1857561275,0.0,0.0,1,0.17,0
99,TRANSFER,91841.87,C3853978147,123357.61,31515.74,C7660813178,14186.68,14186.68,1,0.0033333333333333335,0
602,PAYMENT,1.0,C3376077463,0.0,0.0,M5919148165,0.0,0.0,0,0.0,0
676,TRANSFER,195.77,C7750819485,277.59,81.82,C6089026099,137.67,333.44,0,0.06666666666666667,0
138,TRANSFER,5365.98,C6306523372,23000.31,17634.33,C1772303297,19138.59,24504.57,0,0.0,0
286,CASH_OUT,207.19,C4751509023,185.18,0.0,M2156184315,0.0,0.0,1,0.056666666666666664,0
108,PAYMENT,207.68,C4460967357,250.42,42.74,M6846530109,0.0,0.0,0,0.0,0
274,CASH_OUT,7294.39,C2579206999,7090.69,0.0,C1589582865,0.0,0.0,1,0.11666666666666667,0
114,TRANSFER,142.5,C3305069227,149.11,6.61,C8942167666,0.0,142.5,0,0.07333333333333333,0
251,TRANSFER,1.0,C4882343658,0.0,0.0,C5607762160,20.12,21.12,0,0.17333333333333334,0
72,TRANSFER,1.0,C8737025391,1379.6,1378.6,C5515628633,5.64,6.64,0,0.08666666666666667,0
151,PAYMENT,6138.14,C3389594115,113999.63,107861.49,M3094407076,0.0,0.0,0,0.0,0
22,CASH_OUT,3615.96,C5613655595,4889.52,1273.56,M6845287382,0.0,0.0,1,0.0,0
19,PAYMENT,298.16,C9941564880,363.72,65.56,M8144352013,0.0,0.0,0,0.0,0
76,PAYMENT,4.58,C2188332531,13.55,8.97,M9026301048,0.0,0.0,0,0.0,0
228,PAYMENT,8.94,C9929101065,15.2,6.26,M1732578761,0.0,0.0,0,0.0,0
159,PAYMENT,1105.38,C9924456994,9054.9,7949.52,M8667946580,0.0,0.0,0,0.0,0
490,PAYMENT,1.0,C7910817577,0.0,0.0,M6820149016,0.0,0.0,0,0.0,0
456,CASH_OUT,2542.81,C9544423456,2218.93,0.0,C1614685938,3460.61,3460.61,1,0.31666666666666665,0
691,CASH_IN,127804.32,C4283432667,73560.41,201364.73,C7452729913,204316.41,204316.41,0,0.0,0
6,CASH_OUT,14427.15,C3188382776,38439.83,24012.68,C5354747485,8071.56,8071.56,0,0.0033333333333333335,0
294,DEBIT,1.0,C2625792787,1.0,0.0,M6932365592,0.0,0.0,0,0.04,0
678,CASH_OUT,2097.83,C1110724913,2376.04,278.21,M6199197408,0.0,0.0,1,0.02666666666666667,0
150,PAYMENT,13487.13,C8923555411,32349.3,18862.17,M2155671697,0.0,0.0,0,0.0,0
161,CASH_IN,18207.07,C1521521078,69991.91,88198.98,C2254516608,18.56,18.56,0,0.0,0
341,PAYMENT,1.0,C7243352390,0.0,0.0,M7678293431,0.0,0.0,0,0.0,0
377,PAYMENT,1226.93,C7668801906,11752.16,10525.23,M6651754819,0.0,0.0,0,0.0,0
13,CASH_OUT,26810.46,C6231117883,33019.7,6209.24,C5367513465,13919.47,13919.47,1,0.0033333333333333335,0
396,TRANSFER,113594.97,C8417757797,113966.48,371.51,M5815678365,0.0,0.0,1,0.31666666666666665,0
666,TRANSFER,4126.35,C7767834064,3797.28,0.0,M1083302600,0.0,0.0,1,0.9266666666666666,1
401,CASH_OUT,10.39,C3894673596,21.79,11.4,C5375461598,12.77,12.77,0,0.006666666666666667,0
340,PAYMENT,11208.24,C1457632732,155314.26,144106.02,M1504729135,0.0,0.0,0,0.0,0
52,CASH_OUT,13219.91,C5489485517,15758.55,2538.64,M3831598303,0.0,0.0,1,0.0,0
130,PAYMENT,2152.32,C4736031885,26010.52,23858.2,M8144352013,0.0,0.0,0,0.0,0
43,CASH_OUT,1.0,C5872148707,0.0,0.0,C9908115095,3.46,3.46,0,0.0033333333333333335,0
146,PAYMENT,449.83,C4767539382,630.7,180.87,M2910594463,0.0,0.0,0,0.0,0
275,CASH_OUT,57618.58,C9309500117,66650.62,9032.04,M4865979921,0.0,0.0,1,0.0033333333333333335,0
591,PAYMENT,1.0,C2811967841,0.0,0.0,M9523139706,0.0,0.0,0,0.0,0
264,TRANSFER,2417.09,C5783809766,54356.34,51939.25,C3894673596,11.4,2428.49,0,0.0033333333333333335,0
686,CASH_OUT,4044.93,C8831899893,4205.96,161.03,M6583604299,0.0,0.0,1,0.03333333333333333,0
712,TRANSFER,1.0,C2635231601,0.0,0.0,C6477862024,56016.7,56017.7,0,0.01,0
240,TRANSFER,34898.21,C5141593270,37699.99,2801.78,C3190227431,13.99,34912.2,0,0.0,0
193,PAYMENT,1.0,C2982979741,0.0,0.0,M4160161496,0.0,0.0,0,0.0,0
689,PAYMENT,1.0,C3965676060,0.0,0.0,M5794335854,0.0,0.0,0,0.0,0
327,CASH_IN,79035.02,C5067116918,39.54,79074.56,C5310195918,16377.42,16377.42,0,0.0,0
315,PAYMENT,41.56,C2250949136,73.21,31.65,M3469205576,0.0,0.0,0,0.0,0
489,TRANSFER,129034.29,C5307145891,137911.76,8877.47,C7633342225,0.0,129034.29,0,0.0033333333333333335,0
59,TRANSFER,4624.48,C2126077199,4882.84,258.36,M9523139706,0.0,0.0,1,0.21333333333333335,0
53,TRANSFER,1.0,C6618965944,0.0,0.0,C1378134712,59481.43,59482.43,0,0.0,0
540,CASH_OUT,115.62,C3532855799,141.62,26.0,C6922713963,115.97,115.97,0,0.03333333333333333,0
383,TRANSFER,2.87,C7292076361,3.51,0.64,C2549748436,98623.44,98626.31,0,0.0,0
464,TRANSFER,1753.45,C5748253283,2284.74,531.29,M2555936898,0.0,0.0,1,0.2833333333333333,0
93,PAYMENT,39.58,C2465576748,53.08,13.5,M4460319291,0.0,0.0,0,0.0,0
544,CASH_IN,123002.59,C3108307952,0.0,123002.59,C1245522987,415.35,415.35,0,0.0,0
629,TRANSFER,3039.54,C9677466102,11176.08,8136.54,C4202607993,0.0,3039.54,0,0.03,0
319,TRANSFER,9186.78,C4558302256,12426.08,3239.3,C1939777262,990.02,10176.8,0,0.0,0
81,PAYMENT,1.0,C4067961943,0.0,0.0,M3438830691,0.0,0.0,0,0.0,0
449,PAYMENT,1.0,C2137651678,0.0,0.0,M1732578761,0.0,0.0,0,0.0,0
678,CASH_OUT,1353.33,C3426665919,2546.62,1193.29,C8115628227,115.11,115.11,0,0.016666666666666666,0
276,PAYMENT,18.36,C1408988968,62.97,44.61,M3192202822,0.0,0.0,0,0.0,0
454,TRANSFER,2123.3,C6797174636,3009.36,886.06,C7403028869,7841.77,7841.77,1,0.016666666666666666,0
199,PAYMENT,15231.32,C4096932037,44830.07,29598.75,M3690714075,0.0,0.0,0,0.0,0
248,CASH_OUT,1961.48,C7519578899,1930.03,0.0,C6961554653,23.1,23.1,1,0.07333333333333333,0
692,CASH_IN,629.62,C2428156550,98.39,728.01,C1421776124,0.0,0.0,0,0.0033333333333333335,0
63,CASH_OUT,89773.71,C7573442717,89408.1,0.0,C7243352390,0.0,0.0,1,0.12333333333333334,0
589,PAYMENT,13643.42,C3465883999,34830.41,21186.99,M3965860354,0.0,0.0,0,0.0,0
252,PAYMENT,5.97,C8852676046,14.01,8.04,M3369412470,0.0,0.0,0,0.0,0
9,PAYMENT,1.0,C1798112150,0.0,0.0,M3072183247,0.0,0.0,0,0.0,0
379,TRANSFER,67.29,C6000952470,125.35,58.06,C4586139213,90028.8,90096.09,0,0.0033333333333333335,0
12,CASH_IN,12613.93,C5183211669,4.69,12618.62,C2546720356,0.0,0.0,0,0.0,0
424,CASH_OUT,533.7,C5329194647,474.42,0.0,C4630196130,6045.32,6045.32,1,0.08,0
178,CASH_OUT,24.49,C4110258855,36.91,12.42,C6562144159,1.0,1.0,0,0.0,0
425,PAYMENT,25.25,C1541964762,167025.55,167000.3,M4896576569,0.0,0.0,0,0.0,0
23,CASH_OUT,8084.26,C4482238042,121387.39,113303.13,C2382129132,1361.58,1361.58,0,0.0,0
5,TRANSFER,239.5,C6640801643,227.05,0.0,M9776500600,0.0,0.0,1,0.23666666666666666,0
705,DEBIT,32170.64,C2458198451,170627.09,138456.45,M4035639663,0.0,0.0,0,0.016666666666666666,0
719,PAYMENT,3154.18,C8134112721,107838.02,104683.84,M3580582653,0.0,0.0,0,0.0,0
320,CASH_OUT,10.06,C8879525611,10.89,0.83,C6717963562,60788.96,60788.96,0,0.0,0
170,TRANSFER,3886.01,C7525240100,4777.27,891.26,C6947080764,0.0,0.0,1,0.17333333333333334,0
500,TRANSFER,3128.21,C6837975356,2946.3,0.0,C8833889083,3623.95,3623.95,1,0.27,0
51,TRANSFER,1.0,C2546720356,0.0,0.0,C6009268066,0.0,1.0,0,0.22666666666666666,0
595,PAYMENT,1.0,C3207160929,0.0,0.0,M5891831621,0.0,0.0,0,0.0,0
471,TRANSFER,2069.73,C5141593270,2801.78,732.05,C3035761595,18307.89,18307.89,1,0.013333333333333334,0
380,CASH_OUT,1996.57,C5647317872,1937.89,0.0,C1770278136,2023.95,2023.95,1,0.043333333333333335,0
659,TRANSFER,1.0,C8387664437,0.0,0.0,C1798112150,0.0,1.0,0,0.23,0
234,PAYMENT,1.0,C5418232833,0.0,0.0,M8276498637,0.0,0.0,0,0.0,0
82,CASH_IN,64758.15,C7527316141,0.0,64758.15,C2407863065,356.57,356.57,0,0.0,0
15,TRANSFER,334.49,C5082603360,369.8,35.31,C9539945315,607.23,607.23,1,0.01,0
322,PAYMENT,822.12,C9370133032,221770.42,220948.3,M8626371177,0.0,0.0,0,0.0,0
693,CASH_OUT,1906.32,C8039917766,1901.48,0.0,M8389750357,0.0,0.0,1,0.16666666666666666,0
536,PAYMENT,8670.13,C1139082827,80497.72,71827.59,M2129491690,0.0,0.0,0,0.0,0
577,TRANSFER,934.48,C2232285036,1935.17,1000.69,C4550353803,0.84,935.32,0,0.06666666666666667,0
628,TRANSFER,2446.11,C6795522649,2912.65,466.54,M2518433834,0.0,0.0,1,0.3,0
173,TRANSFER,103722.75,C6392415228,170717.34,66994.59,C3693985578,1212.63,104935.38,0,0.0,0
183,PAYMENT,412.2,C1067198189,96530.92,96118.72,M4242579642,0.0,0.0,0,0.0,0
373,TRANSFER,204267.6,C8211516617,210942.67,6675.07,M5564953924,0.0,0.0,1,0.29333333333333333,0
161,CASH_OUT,13581.14,C7852415525,18914.57,5333.43,C7763765757,465.42,465.42,0,0.0,0
571,PAYMENT,975.86,C5510938155,88157.65,87181.79,M8667946580,0.0,0.0,0,0.0,0
421,PAYMENT,44.26,C4767539382,180.87,136.61,M3811254192,0.0,0.0,0,0.0,0
681,TRANSFER,1800.49,C8997701619,1915.42,114.93,C8940731272,0.0,1800.49,1,0.11666666666666667,0
690,PAYMENT,4914.15,C9798548049,113115.83,108201.68,M7192742877,0.0,0.0,0,0.0,0
639,TRANSFER,385.92,C8110054933,347.03,0.0,M2121448210,0.0,0.0,1,0.24,0
677,CASH_OUT,388.74,C5227828349,681.74,293.0,C9123207735,0.0,0.0,0,0.02666666666666667,0
544,PAYMENT,9.38,C6336171726,12.9,3.52,M5067400473,0.0,0.0,0,0.0,0
78,PAYMENT,227.45,C2848792488,4781.82,4554.37,M5694439775,0.0,0.0,0,0.0,0
250,PAYMENT,1.0,C2388450337,0.0,0.0,M3457877922,0.0,0.0,0,0.0,0
14,TRANSFER,4920.53,C4630196130,6045.32,1124.79,C2452066459,0.0,4920.53,0,0.0033333333333333335,0
151,CASH_OUT,24692.39,C8588769565,21793.44,0.0,M6313472215,0.0,0.0,1,0.03333333333333333,0
186,CASH_OUT,941.84,C4659306670,841.17,0.0,C4526242854,107.19,107.19,1,0.06,0
17,PAYMENT,4.04,C4427620889,10.14,6.1,M8325043570,0.0,0.0,0,0.0,0
82,DEBIT,4087.64,C2525930586,43829.2,39741.56,M2655546199,0.0,0.0,0,0.013333333333333334,0
137,PAYMENT,10.57,C2620054076,37.2,26.63,M3369412470,0.0,0.0,0,0.0,0
202,CASH_OUT,2381.6,C6572436051,3014.14,632.54,M9065458220,0.0,0.0,1,0.0,0
106,DEBIT,10907.09,C4067919621,138807.15,127900.06,M1458227039,0.0,0.0,0,0.006666666666666667,0
39,DEBIT,195.97,C2770980600,436.71,240.74,M9625656293,0.0,0.0,0,0.01,0
65,CASH_OUT,4230.86,C1257324536,3752.77,0.0,C7623575561,33099.64,33099.64,1,0.01,0
31,CASH_IN,5.08,C5227828349,293.0,298.08,C4655935832,0.0,0.0,0,0.0,0
463,PAYMENT,8.15,C2075413763,23.28,15.13,M9631695368,0.0,0.0,0,0.0,0
324,TRANSFER,596.71,C3396953414,616.32,19.61,M8778927211,0.0,0.0,1,0.16,0
242,PAYMENT,2504.48,C8122042835,4999.93,2495.45,M6247463262,0.0,0.0,0,0.0,0
686,TRANSFER,106220.64,C8617360361,112177.94,5957.3,C3169561289,212.26,106432.9,0,0.0033333333333333335,0
671,PAYMENT,401.99,C1952396600,587.94,185.95,M4242579642,0.0,0.0,0,0.0,0
696,PAYMENT,3466.0,C2953462417,7003.11,3537.11,M1458227039,0.0,0.0,0,0.0,0
539,CASH_OUT,513.47,C3698305085,772.85,259.38,C1158998032,50914.07,50914.07,0,0.013333333333333334,0
165,PAYMENT,10153.89,C1772303297,24504.57,14350.68,M7512767226,0.0,0.0,0,0.0,0
181,TRANSFER,1.0,C3958590550,0.0,0.0,C5508149905,56413.97,56414.97,0,0.0,0
317,CASH_IN,94501.17,C3384006407,0.0,94501.17,C1596471620,281.08,281.08,0,0.0,0
561,PAYMENT,3299.33,C3144490990,7429.61,4130.28,M4689605624,0.0,0.0,0,0.0,0
513,PAYMENT,13932.81,C2870403050,29105.21,15172.4,M4601406440,0.0,0.0,0,0.0,0
55,PAYMENT,3729.3,C1399546384,4401.77,672.47,M4211837506,0.0,0.0,0,0.0,0
405,CASH_IN,110479.68,C7340498236,3062.29,113541.97,C3297096148,9705.1,9705.1,0,0.0,0
509,TRANSFER,7390.18,C4471642620,8654.55,1264.37,C1515024824,13.51,13.51,1,0.2633333333333333,0
345,TRANSFER,1534.29,C8982597239,1296.8,0.0,M7713758036,0.0,0.0,1,0.36,0
314,TRANSFER,1956.58,C6805759868,3174.94,1218.36,C9250327663,39485.17,41441.75,0,0.0,0
160,CASH_OUT,38.61,C7540301973,146.51,107.9,C3424843951,0.0,0.0,0,0.0033333333333333335,0
10,TRANSFER,134.64,C6655089949,192.88,58.24,C5284391408,11.77,146.41,0,0.04666666666666667,0
316,TRANSFER,1.0,C4877520294,0.0,0.0,C1121863227,200.85,201.85,0,0.04666666666666667,0
705,PAYMENT,191.7,C1772303297,14350.68,14158.98,M2129491690,0.0,0.0,0,0.0,0
649,CASH_OUT,20684.8,C1489726608,109937.42,89252.62,C5560712830,191.43,191.43,0,0.01,0
593,PAYMENT,246.57,C5083595988,526.94,280.37,M6651020291,0.0,0.0,0,0.0,0
427,TRANSFER,15.55,C2510308881,51.47,35.92,C7896596272,11192.6,11208.15,0,0.006666666666666667,0
324,CASH_OUT,4443.89,C8086527181,14253.89,9810.0,C9370133032,220948.3,220948.3,0,0.0,0
380,TRANSFER,286.06,C8417757797,371.51,85.45,C2351531223,0.0,0.0,1,0.15666666666666668,0
691,PAYMENT,401.94,C6161147047,1381.16,979.22,M3317856944,0.0,0.0,0,0.0,0
182,TRANSFER,486.33,C4067213499,526.79,40.46,C1526723719,0.0,0.0,1,0.17333333333333334,0
370,PAYMENT,5.42,C3725152347,19.5,14.08,M8869140487,0.0,0.0,0,0.0,0
701,CASH_OUT,1947.8,C7431813987,7249.1,5301.3,C4242550727,0.0,0.0,0,0.02,0
169,PAYMENT,1016.79,C7845366946,1246.37,229.58,M8861351706,0.0,0.0,0,0.0,0
573,CASH_OUT,803.8,C4062777850,4632.25,3828.45,C2941289685,0.0,0.0,0,0.023333333333333334,0
488,PAYMENT,1.0,C8106401208,0.0,0.0,M1357561213,0.0,0.0,0,0.0,0
641,PAYMENT,1.0,C7451071432,1.0,0.0,M9921025990,0.0,0.0,0,0.0,0
335,PAYMENT,4789.15,C1553753599,9760.41,4971.26,M7282885927,0.0,0.0,0,0.0,0
211,TRANSFER,1.0,C8690920484,0.0,0.0,C5022964382,26589.25,26590.25,0,0.0,0
568,TRANSFER,25287.91,C3363629219,28681.62,3393.71,C9327720702,2374.77,27662.68,0,0.0033333333333333335,0
253,PAYMENT,860.32,C2232285036,1000.69,140.37,M2555936898,0.0,0.0,0,0.0,0
307,TRANSFER,8973.05,C4719780110,37900.76,28927.71,C9019515562,408.18,9381.23,0,0.0,0
588,TRANSFER,3.72,C6311894154,9569.51,9565.79,C6544063167,23.33,27.05,0,0.20333333333333334,0
273,PAYMENT,1957.67,C2554039848,5323.1,3365.43,M2115406331,0.0,0.0,0,0.0,0
324,TRANSFER,19052.02,C1553155490,21595.92,2543.9,M3965860354,0.0,0.0,1,0.25666666666666665,0
285,TRANSFER,61.63,C1194576436,70.36,8.73,C9626333315,0.0,61.63,0,0.16,0
238,CASH_OUT,3.24,C8796286443,6.88,3.64,C2041349374,216.04,216.04,0,0.006666666666666667,0
411,TRANSFER,3150.09,C9354711271,36092.28,32942.19,C7248258423,43386.04,46536.13,0,0.0,0
424,CASH_OUT,60264.78,C4026816435,189273.19,129008.41,C7389111087,132.3,132.3,0,0.01,0
606,TRANSFER,142.22,C8375996697,154.71,12.49,M8102481401,0.0,0.0,1,0.17666666666666667,0
99,PAYMENT,705.46,C5703357871,1061.43,355.97,M7713758036,0.0,0.0,0,0.0,0
122,DEBIT,81.94,C5714169271,156.32,74.38,M1908459040,0.0,0.0,0,0.016666666666666666,0
18,PAYMENT,1.0,C6673381261,0.0,0.0,M4211837506,0.0,0.0,0,0.0,0
352,CASH_OUT,6461.57,C1958682846,7788.38,1326.81,C7146318035,175003.28,175003.28,0,0.0,0
35,CASH_OUT,58.09,C6081137534,14177.68,14119.59,C4277581356,1031.46,1031.46,0,0.0,0
703,TRANSFER,1041.11,C8270110908,942.61,0.0,C3392080953,10473.85,10473.85,1,0.03,0
194,CASH_OUT,490.28,C6517150278,631.06,140.78,M9444143872,0.0,0.0,1,0.016666666666666666,0
145,PAYMENT,8399.86,C1375899416,27778.49,19378.63,M5156392601,0.0,0.0,0,0.0,0
304,CASH_OUT,6641.14,C7380780055,5861.86,0.0,M1692044390,0.0,0.0,1,0.10666666666666667,0
504,PAYMENT,247.23,C9935429720,882.61,635.38,M4125758723,0.0,0.0,0,0.0,0
179,PAYMENT,7104.04,C2076151332,13722.55,6618.51,M7570511906,0.0,0.0,0,0.0,0
450,TRANSFER,38189.17,C2486744752,39736.63,1547.46,C5638860656,0.0,0.0,1,0.3333333333333333,0
264,TRANSFER,1830.8,C5418232833,2393.42,562.62,M9398575277,0.0,0.0,1,0.19333333333333333,0
32,CASH_OUT,43.6,C2591589823,55.64,12.04,C4508521152,103.05,103.05,0,0.0,0
440,PAYMENT,1.0,C8387664437,0.0,0.0,M7282885927,0.0,0.0,0,0.0,0
294,PAYMENT,6.11,C1667779376,22.09,15.98,M1811839103,0.0,0.0,0,0.0,0
478,PAYMENT,8197.57,C3841827734,62555.73,54358.16,M3094407076,0.0,0.0,0,0.0,0
305,PAYMENT,3554.84,C3144490990,4130.28,575.44,M7168105904,0.0,0.0,0,0.0,0
312,TRANSFER,3071.93,C3361388464,3822.19,750.26,M6275155878,0.0,0.0,1,0.21666666666666667,0
670,PAYMENT,31.18,C7316122432,32.88,1.7,M3517195150,0.0,0.0,0,0.0,0
410,PAYMENT,494.78,C8390631634,1119.17,624.39,M5734228580,0.0,0.0,0,0.0,0
307,CASH_OUT,1.2,C1370292681,3201.05,3199.85,C1322401182,1654.6,1654.6,0,0.006666666666666667,0
581,CASH_OUT,115675.86,C6470052645,115827.49,151.63,C8151583833,45327.93,45327.93,0,0.016666666666666666,0
400,PAYMENT,59.7,C6884882440,92.19,32.49,M2555936898,0.0,0.0,0,0.0,0
402,PAYMENT,1.0,C1417436465,0.0,0.0,M4160161496,0.0,0.0,0,0.0,0
86,CASH_OUT,21447.27,C1306702926,183571.8,162124.53,C2099184899,90285.48,90285.48,0,0.0,0
300,CASH_OUT,47.4,C3316277000,21125.25,21077.85,C8867077130,0.0,0.0,0,0.0,0
556,TRANSFER,18193.81,C5728765136,15612.03,0.0,C2369705770,126.87,18320.68,1,0.06666666666666667,0
388,TRANSFER,423.56,C7736142481,364.72,0.0,C1519709079,0.0,423.56,1,0.05,0
597,TRANSFER,3166.0,C4110258855,3844.24,678.24,C6952291828,31257.42,34423.42,1,0.0033333333333333335,0
218,PAYMENT,12.65,C9697354961,15.3,2.65,M1099218439,0.0,0.0,0,0.0,0
68,DEBIT,355.6,C6353758928,550.3,194.7,M4390543744,0.0,0.0,0,0.01,0
49,TRANSFER,466.78,C8506931282,416.08,0.0,M7651029165,0.0,0.0,1,0.23333333333333334,0
174,PAYMENT,5182.88,C5354747485,8071.56,2888.68,M8389750357,0.0,0.0,0,0.0,0
644,PAYMENT,1648.73,C1602569046,39505.03,37856.3,M9098037639,0.0,0.0,0,0.0,0
153,PAYMENT,154.03,C2407863065,356.57,202.54,M6771941776,0.0,0.0,0,0.0,0
660,TRANSFER,3332.49,C7666869046,4064.22,731.73,M4641902461,0.0,0.0,1,0.31,0
38,TRANSFER,15926.04,C4037270171,13421.09,0.0,C5162260671,0.0,0.0,1,0.83,1
167,TRANSFER,44.01,C5268845844,58.66,14.65,M3517195150,0.0,0.0,1,0.15666666666666668,0
295,TRANSFER,8486.96,C9856756553,8544.7,57.74,M1458227039,0.0,0.0,1,0.44,0
154,CASH_OUT,25801.88,C9611537583,22188.81,0.0,M5985331805,0.0,0.0,1,0.02666666666666667,0
657,PAYMENT,1.0,C7645527239,0.0,0.0,M5000316394,0.0,0.0,0,0.0,0
44,TRANSFER,1173.94,C8208584394,1566.56,392.62,C5092199300,36658.41,36658.41,1,0.0,0
567,PAYMENT,4479.55,C8015775567,45264.16,40784.61,M9098037639,0.0,0.0,0,0.0,0
60,CASH_OUT,1.0,C6910112521,0.0,0.0,C8650676663,9.82,9.82,0,0.0033333333333333335,0
371,PAYMENT,3381.85,C6645808194,66350.52,62968.67,M2115406331,0.0,0.0,0,0.0,0
311,PAYMENT,4390.2,C1083651970,21152.62,16762.42,M9098037639,0.0,0.0,0,0.0,0
259,PAYMENT,1.0,C2970753705,0.0,0.0,M1857561275,0.0,0.0,0,0.0,0
88,CASH_OUT,3862.56,C1614685938,3460.61,0.0,M3469205576,0.0,0.0,1,0.06,0
718,PAYMENT,49.7,C9633533290,2681.23,2631.53,M1908459040,0.0,0.0,0,0.0,0
560,PAYMENT,20.2,C1654602021,34.81,14.61,M7651029165,0.0,0.0,0,0.0,0
332,CASH_IN,63890.46,C3828935922,15793.15,79683.61,C9080621072,93388.31,93388.31,0,0.0,0
179,TRANSFER,1.03,C5667181604,1.88,0.85,C2227193073,574.28,575.31,0,0.01,0
602,CASH_OUT,31049.68,C6558450990,36424.72,5375.04,C8275679594,0.0,0.0,0,0.013333333333333334,0
268,CASH_OUT,28053.14,C1415802902,34950.02,6896.88,C5667181604,0.85,0.85,0,0.0,0
433,CASH_OUT,46.03,C3319936135,192.5,146.47,C4067961943,0.0,0.0,0,0.04,0
545,PAYMENT,1.0,C8925520026,0.0,0.0,M1458227039,0.0,0.0,0,0.0,0
639,TRANSFER,3569.05,C5025070544,4769.93,1200.88,C9094089209,22774.43,22774.43,1,0.006666666666666667,0
262,TRANSFER,4526.17,C9704383251,4854.26,328.09,M9065458220,0.0,0.0,1,0.23333333333333334,0
135,PAYMENT,10438.13,C3169561289,106432.9,95994.77,M6361225622,0.0,0.0,0,0.0,0
290,PAYMENT,25.94,C2308638549,16052.88,16026.94,M9822499208,0.0,0.0,0,0.0,0
459,TRANSFER,403.72,C7597996327,409.02,5.3,M1647181551,0.0,0.0,1,0.16666666666666666,0
557,CASH_OUT,1.0,C1722124509,0.0,0.0,C9717175839,95782.74,95782.74,0,0.0,0
520,TRANSFER,164.8,C1676168421,257.4,92.6,C5610783750,1101.5,1266.3,0,0.04666666666666667,0
371,PAYMENT,1.0,C3965676060,0.0,0.0,M8858274691,0.0,0.0,0,0.0,0
26,PAYMENT,2028.06,C6929897032,5662.61,3634.55,M8138332494,0.0,0.0,0,0.0,0
648,PAYMENT,483.44,C8390631634,624.39,140.95,M7351460539,0.0,0.0,0,0.0,0
128,PAYMENT,21.39,C1862812038,79.59,58.2,M6651754819,0.0,0.0,0,0.0,0
136,PAYMENT,12777.63,C3946766309,21844.75,9067.12,M3534186676,0.0,0.0,0,0.0,0
674,TRANSFER,1281.38,C4696689457,1489.15,207.77,C7635473142,8.99,1290.37,0,0.043333333333333335,0
306,PAYMENT,1930.33,C7961674558,60318.36,58388.03,M8218146534,0.0,0.0,0,0.0,0
349,TRANSFER,2827.99,C9805620900,3662.17,834.18,C9945002229,4375.41,4375.41,1,0.0,0
597,PAYMENT,485.8,C1276905285,633.65,147.85,M3690714075,0.0,0.0,0,0.0,0
93,PAYMENT,10223.85,C3965572185,89609.42,79385.57,M6275155878,0.0,0.0,0,0.0,0
535,PAYMENT,1.0,C3958590550,0.0,0.0,M5990749811,0.0,0.0,0,0.0,0
61,PAYMENT,97.21,C9461708554,323.85,226.64,M6199197408,0.0,0.0,0,0.0,0
535,CASH_OUT,745.68,C2180484299,740.81,0.0,C6072939882,0.0,0.0,1,0.14333333333333334,0
70,TRANSFER,2342.43,C1885113834,2416.4,73.97,M5869990861,0.0,0.0,1,0.43333333333333335,0
286,PAYMENT,23531.41,C5220094152,59427.96,35896.55,M1185303518,0.0,0.0,0,0.0,0
98,CASH_OUT,209.75,C2984460654,275.68,65.93,C2825957977,356.85,356.85,0,0.0033333333333333335,0
173,PAYMENT,26.68,C5476654128,35.7,9.02,M1357561213,0.0,0.0,0,0.0,0
677,CASH_IN,4806.76,C1805492785,136969.49,141776.25,C4566852761,17100.04,17100.04,0,0.0033333333333333335,0
96,CASH_OUT,25039.3,C8858766173,29572.63,4533.33,C8852676046,8.04,8.04,1,0.0,0
713,TRANSFER,453.66,C6037168610,486.1,32.44,C6634526139,37.09,37.09,1,0.13,0
657,CASH_OUT,57.59,C6000952470,58.06,0.47,M8910440683,0.0,0.0,1,0.056666666666666664,0
612,CASH_OUT,1.0,C9807209816,0.0,0.0,C3258354191,0.0,0.0,0,0.06333333333333334,0
416,PAYMENT,14.21,C3776011793,37.07,22.86,M2869931869,0.0,0.0,0,0.0,0
103,PAYMENT,1.0,C8779941999,0.0,0.0,M9625656293,0.0,0.0,0,0.0033333333333333335,0
224,CASH_OUT,2239.19,C1257324536,3043.63,804.44,M3690714075,0.0,0.0,1,0.0,0
688,TRANSFER,1776.35,C7894019119,1962.92,186.57,C7161404428,84.96,84.96,1,0.19,0
569,PAYMENT,1.0,C7508080884,0.0,0.0,M1711271599,0.0,0.0,0,0.0,0
9,CASH_OUT,757.06,C1248786714,664.44,0.0,M6845287382,0.0,0.0,1,0.07666666666666666,0
588,CASH_OUT,3455.48,C8684942020,3866.73,411.25,C1952396600,185.95,185.95,1,0.02,0
114,TRANSFER,135.1,C1510289448,151.07,15.97,C1596471620,281.08,416.18,0,0.01,0
207,CASH_OUT,3943.24,C5673482258,6334.33,2391.09,C4289233844,5900.57,5900.57,0,0.0,0
31,DEBIT,36.58,C8272725281,105.16,68.58,M6313472215,0.0,0.0,0,0.02,0
10,CASH_OUT,3576.34,C1513003815,4160.04,583.7,C6012067717,9921.13,9921.13,0,0.0,0
108,CASH_OUT,2880.86,C6241752544,2675.33,0.0,M6999146585,0.0,0.0,1,0.056666666666666664,0
273,PAYMENT,1.0,C3383331379,0.0,0.0,M6045729129,0.0,0.0,0,0.0,0
155,CASH_OUT,1488.21,C1717346250,1979.65,491.44,C5736462531,0.88,0.88,1,0.0,0
1,TRANSFER,267.25,C9752058817,57753.82,57486.57,C3245108207,137785.61,138052.86,0,0.0033333333333333335,0
417,TRANSFER,7628.49,C9924456994,7949.52,321.03,C9741628563,0.0,7628.49,0,0.03666666666666667,0
406,CASH_OUT,57.59,C1809283659,248367.21,248309.62,C2274350418,0.0,0.0,0,0.0,0
101,PAYMENT,1.0,C8730507757,0.0,0.0,M3297681898,0.0,0.0,0,0.0,0
607,TRANSFER,59.47,C8229344434,56.02,0.0,M5000316394,0.0,0.0,1,0.23666666666666666,0
258,CASH_OUT,13.18,C5268845844,14.65,1.47,C8588769565,0.0,0.0,0,0.023333333333333334,0
271,TRANSFER,2218.46,C6099808894,5965.47,3747.01,C1510289448,15.97,2234.43,0,0.0,0
124,PAYMENT,1629.55,C8211516617,6675.07,5045.52,M8728631945,0.0,0.0,0,0.0,0
710,TRANSFER,1.0,C8809871735,0.0,0.0,C5567816720,100911.8,100912.8,0,0.0,0
130,PAYMENT,1131.65,C1387652480,36000.46,34868.81,M6732306182,0.0,0.0,0,0.0,0
345,CASH_OUT,2195.91,C8137764127,2280.57,84.66,C7846365089,0.0,0.0,1,0.02,0
228,CASH_OUT,211435.19,C2830154607,184718.78,0.0,M3355504998,0.0,0.0,1,0.016666666666666666,0
593,DEBIT,13683.82,C8570850267,40152.32,26468.5,M3094407076,0.0,0.0,0,0.02666666666666667,0
644,PAYMENT,2903.62,C9677466102,8136.54,5232.92,M6361225622,0.0,0.0,0,0.0,0
204,CASH_IN,143321.31,C2267619081,105.44,143426.75,C2973888646,21729.22,21729.22,0,0.0,0
92,PAYMENT,1.0,C8809871735,0.0,0.0,M3469205576,0.0,0.0,0,0.0,0
103,PAYMENT,331.64,C5428082088,374.89,43.25,M8235474949,0.0,0.0,0,0.0,0
26,TRANSFER,46.4,C8293453178,74.49,28.09,C3567900251,24606.66,24653.06,0,0.0033333333333333335,0
199,TRANSFER,90.22,C7540301973,107.9,17.68,C8471762590,0.0,0.0,1,0.16666666666666666,0
404,TRANSFER,496.22,C6447717367,456.64,0.0,C5485387618,661.56,661.56,1,0.013333333333333334,0
403,TRANSFER,168.78,C8575707116,174.26,5.48,C5281907480,18597.86,18766.64,1,0.0,0
578,CASH_OUT,2255.18,C3691864041,42889.24,40634.06,C2351531223,0.0,0.0,0,0.01,0
41,CASH_OUT,66.35,C4274958945,103.33,36.98,C9547119184,1926.34,1926.34,0,0.0033333333333333335,0
239,PAYMENT,8.42,C7296658772,12.01,3.59,M8443061472,0.0,0.0,0,0.0,0
256,CASH_OUT,2699.27,C5673482258,2391.09,0.0,M8138332494,0.0,0.0,1,0.08666666666666667,0
537,CASH_OUT,1533.82,C6924716023,2010.09,476.27,M9625656293,0.0,0.0,1,0.02666666666666667,0
511,TRANSFER,571.76,C9581991473,531.7,0.0,C4131356954,3746.37,3746.37,1,0.06333333333333334,0
487,CASH_IN,66434.53,C1955345537,34.52,66469.05,C4914929023,11817.95,11817.95,0,0.0,0
646,TRANSFER,751.84,C7470843264,894.04,142.2,C5744003377,0.0,751.84,0,0.043333333333333335,0
249,CASH_OUT,6293.86,C8281641403,5841.57,0.0,C7092693247,16.01,16.01,1,0.07,0
488,TRANSFER,166834.77,C7376649850,213224.49,46389.72,M3660800029,0.0,0.0,1,0.30666666666666664,0
537,CASH_IN,24540.58,C6168291913,74.05,24614.63,C8531118333,107313.11,107313.11,0,0.0,0
419,CASH_OUT,1893.03,C7627266377,3253.09,1360.06,C8695129534,7484.5,7484.5,0,0.03333333333333333,0
634,CASH_OUT,487.52,C1225447588,598.5,110.98,C4037867512,121.69,121.69,0,0.023333333333333334,0
315,CASH_OUT,3038.53,C1561417687,3196.16,157.63,C3434757387,0.0,0.0,1,0.006666666666666667,0
519,PAYMENT,1.0,C9451577335,0.0,0.0,M1783432867,0.0,0.0,0,0.0,0
166,TRANSFER,1593.69,C8211516617,5045.52,3451.83,C5694190173,103876.03,105469.72,0,0.0,0
304,TRANSFER,26099.83,C4096932037,29598.75,3498.92,C2076151332,6618.51,32718.34,1,0.0,0
447,TRANSFER,2718.17,C8322868827,2764.9,46.73,C2283298067,13249.04,13249.04,1,0.03,0
439,PAYMENT,52.59,C7389111087,132.3,79.71,M7960713821,0.0,0.0,0,0.0,0
370,TRANSFER,69.56,C8370987661,286.83,217.27,C1749459431,185306.36,185375.92,0,0.0,0
609,PAYMENT,11.92,C5296710795,14.34,2.42,M8030400668,0.0,0.0,0,0.0,0
109,CASH_IN,178.44,C3645901955,11086.15,11264.59,C8758809005,1380.44,1380.44,0,0.0,0
681,DEBIT,85.41,C6048096802,239.55,154.14,M6692705133,0.0,0.0,0,0.023333333333333334,0
237,TRANSFER,1522.24,C7374810067,7311.3,5789.06,C7499349987,84551.07,86073.31,0,0.0,0
107,PAYMENT,1125.26,C6844582171,1620.62,495.36,M4588312351,0.0,0.0,0,0.0,0
639,PAYMENT,10297.29,C1316756902,167282.54,156985.25,M2571632270,0.0,0.0,0,0.0,0
486,CASH_OUT,250.2,C9704383251,328.09,77.89,M6200141898,0.0,0.0,1,0.043333333333333335,0
690,TRANSFER,224.0,C4655730355,190.07,0.0,M7343954769,0.0,0.0,1,0.22666666666666666,0
578,TRANSFER,320.28,C5877639950,279.71,0.0,M8626371177,0.0,0.0,1,0.23666666666666666,0
305,PAYMENT,1.0,C4631048029,0.0,0.0,M7270955446,0.0,0.0,0,0.0,0
440,TRANSFER,3125.94,C2947476917,3829.4,703.46,M9620935604,0.0,0.0,1,0.2866666666666667,0
410,TRANSFER,437.06,C6795522649,466.54,29.48,C1726990714,328.0,328.0,1,0.03333333333333333,0
198,CASH_OUT,22970.3,C6942989052,22916.67,0.0,M6130446648,0.0,0.0,1,0.03,0
556,PAYMENT,4158.36,C9974165440,65345.93,61187.57,M8903212516,0.0,0.0,0,0.0,0
482,TRANSFER,310.7,C5083595988,280.37,0.0,C4594787485,131.12,131.12,1,0.13333333333333333,0
115,DEBIT,78.7,C5336127859,338.51,259.81,M3208200227,0.0,0.0,0,0.01,0
398,DEBIT,1.0,C8241550421,0.0,0.0,M8102481401,0.0,0.0,0,0.043333333333333335,0
430,TRANSFER,428.33,C1487258103,365.38,0.0,M7192742877,0.0,0.0,1,0.21333333333333335,0
306,PAYMENT,6265.0,C9592390865,7149.37,884.37,M2541015125,0.0,0.0,0,0.0,0
10,PAYMENT,1.63,C8852676046,8.04,6.41,M1504729135,0.0,0.0,0,0.0,0
409,CASH_OUT,146.61,C7045593274,133.81,0.0,C9411532909,517.96,517.96,1,0.09,0
572,PAYMENT,108.62,C2073108894,136.17,27.55,M7664045502,0.0,0.0,0,0.0,0
168,CASH_OUT,120.01,C1276905285,147.85,27.84,C5785481124,0.0,0.0,1,0.0033333333333333335,0
411,PAYMENT,1.0,C9953941533,0.0,0.0,M9900829971,0.0,0.0,0,0.0,0
607,CASH_OUT,167.18,C8318855178,546.28,379.1,C2224336336,0.0,0.0,0,0.03,0
16,CASH_OUT,5272.3,C3651552513,4829.85,0.0,C8012696455,63106.76,63106.76,1,0.01,0
424,CASH_IN,14307.48,C3962452613,115.77,14423.25,C4566852761,17100.04,17100.04,0,0.0,0
222,CASH_OUT,4302.2,C7625464411,4119.66,0.0,M4641902461,0.0,0.0,1,0.06,0
128,PAYMENT,249.89,C9249923427,946.77,696.88,M4601406440,0.0,0.0,0,0.0,0
432,PAYMENT,1272.75,C6474354351,1708.34,435.59,M5794335854,0.0,0.0,0,0.0,0
527,TRANSFER,114.44,C4594787485,131.12,16.68,C2579206999,0.0,114.44,0,0.12666666666666668,0
492,PAYMENT,152.5,C1756345332,295.58,143.08,M4399143287,0.0,0.0,0,0.0,0
101,PAYMENT,27.11,C9493209128,40.02,12.91,M4689605624,0.0,0.0,0,0.0,0
548,PAYMENT,10325.07,C1139082827,71827.59,61502.52,M9288057824,0.0,0.0,0,0.0,0
375,PAYMENT,2259.8,C1106456634,29120.32,26860.52,M9631695368,0.0,0.0,0,0.0,0
467,TRANSFER,76.4,C2566942273,96.13,19.73,M5891831621,0.0,0.0,1,0.17,0
343,PAYMENT,6114.4,C7603978731,15033.38,8918.98,M4689605624,0.0,0.0,0,0.0,0
431,PAYMENT,1.0,C8991514523,0.0,0.0,M7702529931,0.0,0.0,0,0.0,0
338,PAYMENT,3848.55,C4095476665,21597.08,17748.53,M1711271599,0.0,0.0,0,0.0,0
677,CASH_OUT,4694.19,C1667483244,11101.05,6406.86,C4386667704,0.0,0.0,0,0.023333333333333334,0
174,PAYMENT,1.0,C3821211202,0.0,0.0,M3580582653,0.0,0.0,0,0.0,0
15,PAYMENT,126.97,C1036351450,154.58,27.61,M6495967005,0.0,0.0,0,0.0,0
601,TRANSFER,1.0,C7895255573,0.0,0.0,C8001729836,0.0,1.0,0,0.23333333333333334,0
13,TRANSFER,229.49,C6923893872,329.12,99.63,C7209571615,690.35,919.84,0,0.006666666666666667,0
144,TRANSFER,16.49,C3532855799,26.0,9.51,C1033015788,16.82,33.31,0,0.11333333333333333,0
660,PAYMENT,6.98,C8429141456,9.66,2.68,M2303835765,0.0,0.0,0,0.0,0
491,PAYMENT,38.6,C9237880732,63.66,25.06,M9026301048,0.0,0.0,0,0.0,0
513,TRANSFER,1170.37,C1586412136,1375.39,205.02,C6710338189,6.92,6.92,1,0.14333333333333334,0
81,PAYMENT,2137.56,C6804850108,2837.69,700.13,M7532669066,0.0,0.0,0,0.0,0
295,PAYMENT,2.53,C1600337712,5.24,2.71,M7340036327,0.0,0.0,0,0.0,0
348,PAYMENT,6619.3,C4248149900,106136.58,99517.28,M2773408660,0.0,0.0,0,0.0,0
175,CASH_OUT,1041.62,C8480622107,1128.57,86.95,C2867302554,32.82,32.82,1,0.0033333333333333335,0
711,DEBIT,6750.3,C5667503195,7174.87,424.57,M9916475897,0.0,0.0,0,0.03666666666666667,0
148,TRANSFER,131.75,C5696548897,207.35,75.6,C7792729530,30.03,161.78,0,0.04,0
532,PAYMENT,1.0,C2268523764,0.0,0.0,M6866146362,0.0,0.0,0,0.0,0
71,TRANSFER,396.8,C4012917912,432.03,35.23,M8044997538,0.0,0.0,1,0.16333333333333333,0
596,PAYMENT,2919.62,C6081137534,14119.59,11199.97,M6865994703,0.0,0.0,0,0.0,0
691,TRANSFER,4084.66,C3874432021,3977.65,0.0,M5869990861,0.0,0.0,1,0.8866666666666667,1
340,TRANSFER,11.81,C9248046539,19.4,7.59,C9557663181,2877.29,2889.1,0,0.0,0
109,PAYMENT,1.0,C7640078465,0.0,0.0,M2910594463,0.0,0.0,0,0.0033333333333333335,0
229,DEBIT,12163.56,C7135394336,42092.95,29929.39,M7969674420,0.0,0.0,0,0.016666666666666666,0
376,TRANSFER,982.02,C7757700186,1054.48,72.46,M1711271599,0.0,0.0,1,0.18,0
540,CASH_OUT,32.14,C6477862024,56017.7,55985.56,C3716924538,5693.27,5693.27,0,0.0033333333333333335,0
40,TRANSFER,3799.99,C4734111722,3366.49,0.0,M3156792018,0.0,0.0,1,0.8,1
101,PAYMENT,1.0,C1149460439,0.0,0.0,M9752092528,0.0,0.0,0,0.0,0
564,CASH_OUT,1.0,C9305502799,0.0,0.0,C2349641712,510.88,510.88,0,0.06333333333333334,0
39,PAYMENT,1805.84,C7371573279,56948.24,55142.4,M2303835765,0.0,0.0,0,0.0,0
660,TRANSFER,4806.61,C5220094152,35896.55,31089.94,C7402059279,8.62,4815.23,0,0.016666666666666666,0
517,TRANSFER,12507.42,C6092773357,10578.96,0.0,C1546696950,88.15,12595.57,1,0.08666666666666667,0
481,TRANSFER,412.66,C6474354351,435.59,22.93,C2647489402,88.67,88.67,1,0.11666666666666667,0
117,PAYMENT,22.86,C7088451458,43.52,20.66,M6992094064,0.0,0.0,0,0.0,0
390,TRANSFER,1115.98,C5431267548,1420.44,304.46,C1430073711,3165.01,4280.99,0,0.0,0
559,PAYMENT,4356.32,C7961674558,58388.03,54031.71,M4896576569,0.0,0.0,0,0.0,0
203,PAYMENT,1505.47,C6879428703,41440.07,39934.6,M1811839103,0.0,0.0,0,0.0,0
567,TRANSFER,47179.5,C3841827734,54358.16,7178.66,C5376302686,182766.86,182766.86,1,0.0,0
373,PAYMENT,27.06,C1264739091,47.73,20.67,M1368287033,0.0,0.0,0,0.0,0
272,PAYMENT,146.31,C6048096802,154.14,7.83,M5270048042,0.0,0.0,0,0.0,0
339,CASH_OUT,4461.94,C3772636814,5090.6,628.66,M9896529524,0.0,0.0,1,0.013333333333333334,0
216,CASH_IN,274.17,C1288335378,20.51,294.68,C7560389844,693.44,693.44,0,0.0033333333333333335,0
463,PAYMENT,518.08,C5744003377,751.84,233.76,M5325865521,0.0,0.0,0,0.0,0
582,CASH_OUT,13447.39,C2331039957,17218.39,3771.0,C3511301900,155966.58,155966.58,1,0.0,0
381,CASH_OUT,3798.11,C9292791081,3324.14,0.0,C2616884203,83618.48,83618.48,1,0.043333333333333335,0
704,PAYMENT,11.84,C4361393222,22.68,10.84,M2586712032,0.0,0.0,0,0.0,0
667,TRANSFER,48645.66,C9479654136,62567.84,13922.18,C6504099682,22895.33,71540.99,1,0.0,0
698,PAYMENT,1.0,C4956843441,0.0,0.0,M4306983924,0.0,0.0,0,0.0,0
297,DEBIT,1.0,C3207160929,0.0,0.0,M7570511906,0.0,0.0,0,0.04,0
704,CASH_IN,95082.37,C8995045543,0.0,95082.37,C9503597301,0.0,0.0,0,0.0,0
430,DEBIT,19.31,C4605117440,28.13,8.82,M6583604299,0.0,0.0,0,0.02666666666666667,0
131,DEBIT,280.17,C3361388464,750.26,470.09,M6786043791,0.0,0.0,0,0.01,0
662,TRANSFER,2599.65,C8261111839,6751.02,4151.37,C6311894154,9565.79,12165.44,0,0.01,0
180,TRANSFER,1.0,C5673482258,0.0,0.0,C6474354351,22.93,23.93,0,0.16333333333333333,0
694,PAYMENT,721.93,C1749459431,185375.92,184653.99,M1368287033,0.0,0.0,0,0.0,0
78,TRANSFER,1065.64,C7627266377,1360.06,294.42,C3623588379,0.0,1065.64,0,0.0033333333333333335,0
278,CASH_IN,9175.12,C4422700486,26918.89,36094.01,C9376711497,0.0,0.0,0,0.0,0
412,PAYMENT,1.0,C4956843441,0.0,0.0,M7951820749,0.0,0.0,0,0.0,0
321,TRANSFER,2.55,C9929101065,6.26,3.71,C9333490239,302.63,305.18,0,0.0033333333333333335,0
145,TRANSFER,21712.01,C8168036130,22239.57,527.56,C7666129822,93788.62,115500.63,0,0.0,0
65,TRANSFER,160219.06,C9558091177,143685.69,0.0,M9900829971,0.0,0.0,1,0.9633333333333334,1
9,PAYMENT,855.73,C1375899416,19378.63,18522.9,M2115406331,0.0,0.0,0,0.0,0
176,TRANSFER,122.32,C5418232833,562.62,440.3,C2389803385,12.92,135.24,0,0.016666666666666666,0
234,PAYMENT,1.0,C3051831252,0.0,0.0,M8728631945,0.0,0.0,0,0.0,0
297,PAYMENT,1.0,C3587283948,0.0,0.0,M8138332494,0.0,0.0,0,0.0,0
652,TRANSFER,6260.95,C6645808194,62968.67,56707.72,C2076151332,32718.34,38979.29,0,0.0033333333333333335,0
353,TRANSFER,74599.58,C2602884797,100141.88,25542.3,M4125758723,0.0,0.0,1,0.2633333333333333,0
614,PAYMENT,1.0,C7981077394,0.0,0.0,M4892544235,0.0,0.0,0,0.0,0
433,CASH_IN,111844.48,C9033653743,403.58,112248.06,C8318855178,379.1,379.1,0,0.0,0
666,PAYMENT,88.82,C2801177461,740.92,652.1,M2156184315,0.0,0.0,0,0.0,0
593,PAYMENT,1.0,C1383539822,0.0,0.0,M9068916300,0.0,0.0,0,0.0,0
454,TRANSFER,31458.31,C3412365931,30902.72,0.0,M8366710477,0.0,0.0,1,0.9033333333333333,1
366,TRANSFER,1.0,C4877520294,0.0,0.0,C8047877267,1756.48,1757.48,0,0.006666666666666667,0
251,PAYMENT,23.08,C9085085822,28.49,5.41,M2228388623,0.0,0.0,0,0.0,0
7,TRANSFER,2984.13,C3777580509,2526.37,0.0,C6704841644,406.51,406.51,1,0.19,0
713,TRANSFER,134.64,C3343292475,146.74,12.1,M3457877922,0.0,0.0,1,0.16666666666666666,0
426,CASH_OUT,15469.0,C5584288132,21690.29,6221.29,C2979958124,409.45,409.45,1,0.006666666666666667,0
522,CASH_OUT,190596.78,C5376302686,182766.86,0.0,M4242579642,0.0,0.0,1,0.26,0
230,TRANSFER,1801.25,C1011759631,6478.83,4677.58,C6447717367,0.0,1801.25,0,0.0,0
293,PAYMENT,302.02,C7004510516,577.01,274.99,M9444143872,0.0,0.0,0,0.0,0
340,PAYMENT,497.67,C6884333221,33202.11,32704.44,M4158643786,0.0,0.0,0,0.0,0
588,TRANSFER,19.67,C6587537178,26.07,6.4,C1471997674,39.69,59.36,0,0.13333333333333333,0
281,TRANSFER,161730.21,C2267619081,143426.75,0.0,M9773795424,0.0,0.0,1,0.9566666666666667,1
8,PAYMENT,1.0,C2180484299,0.0,0.0,M4865979921,0.0,0.0,0,0.0,0
108,PAYMENT,1.0,C4682870880,0.0,0.0,M3476758136,0.0,0.0,0,0.0033333333333333335,0
502,CASH_OUT,1157.9,C5610783750,1266.3,108.4,M7537130187,0.0,0.0,1,0.04666666666666667,0
61,PAYMENT,1.0,C9771848610,0.0,0.0,M5325865521,0.0,0.0,0,0.0,0
262,PAYMENT,327.67,C1430073711,4280.99,3953.32,M2328736852,0.0,0.0,0,0.0,0
693,TRANSFER,20184.93,C2327372855,25963.87,5778.94,C3371357111,4247.42,4247.42,1,0.01,0
440,CASH_OUT,1104.33,C6334440295,1164.78,60.45,C5689870435,0.0,0.0,1,0.1,0
109,DEBIT,12.15,C7839819230,37.18,25.03,M2249831874,0.0,0.0,0,0.016666666666666666,0
29,PAYMENT,1.0,C7645527239,0.0,0.0,M9444143872,0.0,0.0,0,0.0,0
719,PAYMENT,1.02,C5294535887,3.35,2.33,M6866146362,0.0,0.0,0,0.0,0
511,TRANSFER,814.01,C2947476917,703.46,0.0,C3772636814,628.66,628.66,1,0.1,0
314,TRANSFER,135.33,C8684942020,411.25,275.92,C2627677155,35116.38,35251.71,0,0.0,0
673,CASH_OUT,428.8,C7637761996,530.73,101.93,M3119908041,0.0,0.0,1,0.03,0
535,TRANSFER,6070.31,C7664258343,8028.77,1958.46,M6558769264,0.0,0.0,1,0.3233333333333333,0
701,PAYMENT,9438.73,C3815389788,21650.7,12211.97,M9581187661,0.0,0.0,0,0.0,0
291,PAYMENT,146.57,C2174793230,422.44,275.87,M7532669066,0.0,0.0,0,0.0,0
153,CASH_OUT,75224.81,C8012696455,63106.76,0.0,C8948573913,79.15,79.15,1,0.02666666666666667,0
163,PAYMENT,5.91,C5861829469,21.31,15.4,M4952177946,0.0,0.0,0,0.0,0
616,PAYMENT,1.0,C8730507757,0.0,0.0,M8030400668,0.0,0.0,0,0.0,0
223,PAYMENT,2.18,C1600337712,2.71,0.53,M8874242713,0.0,0.0,0,0.0,0
206,PAYMENT,1.0,C1091729577,0.0,0.0,M1692044390,0.0,0.0,0,0.0,0
19,TRANSFER,15512.46,C5160575046,17288.38,1775.92,C8429141456,2.68,15515.14,1,0.0,0
539,CASH_IN,72.34,C6237376063,0.0,72.34,C4735313433,0.0,0.0,0,0.01,0
131,DEBIT,24.86,C8625905455,491.65,466.79,M3156792018,0.0,0.0,0,0.01,0
592,TRANSFER,73652.81,C3128675098,64243.43,0.0,M9043367776,0.0,0.0,1,0.8733333333333333,1
325,CASH_OUT,663.58,C8418332121,1159.72,496.14,C5483308751,1.0,1.0,0,0.01,0
69,PAYMENT,20.35,C7215110267,37.73,17.38,M2391874847,0.0,0.0,0,0.0,0
238,CASH_IN,90191.72,C9919491730,700.17,90891.89,C2178884276,10743.31,10743.31,0,0.0,0
233,TRANSFER,325.72,C7525240100,891.26,565.54,C2973888646,21729.22,22054.94,0,0.0,0
120,TRANSFER,1.0,C4014119648,0.94,0.0,C8122042835,2495.45,2496.45,0,0.0033333333333333335,0
170,CASH_OUT,1613.89,C1207916194,2189.96,576.07,C7415801613,326.76,326.76,1,0.0033333333333333335,0
111,DEBIT,1.0,C8880079328,0.0,0.0,M2839566253,0.0,0.0,0,0.03,0
645,PAYMENT,6798.32,C5931025271,42280.2,35481.88,M9043367776,0.0,0.0,0,0.0,0
414,DEBIT,293.99,C5667503195,424.57,130.58,M9916475897,0.0,0.0,0,0.02666666666666667,0
560,DEBIT,11158.19,C8625774078,15661.66,4503.47,M4035639663,0.0,0.0,0,0.03333333333333333,0
100,DEBIT,123.06,C1207916194,576.07,453.01,M8643636805,0.0,0.0,0,0.01,0
133,PAYMENT,1079.55,C5215140451,1329.81,250.26,M7717262223,0.0,0.0,0,0.0,0
653,DEBIT,31.05,C4460967357,42.74,11.69,M2773408660,0.0,0.0,0,0.03,0
103,PAYMENT,600.67,C4550353803,935.32,334.65,M3536590481,0.0,0.0,0,0.0,0
484,CASH_OUT,3045.1,C7540301973,4175.36,1130.26,M7168105904,0.0,0.0,1,0.023333333333333334,0
115,PAYMENT,256.61,C5135595227,415.38,158.77,M6820149016,0.0,0.0,0,0.0,0
703,CASH_OUT,3427.57,C4765583254,12358.35,8930.78,C1659663750,10243.45,10243.45,0,0.0,0
557,TRANSFER,10640.83,C4079223686,16972.97,6332.14,C5407856339,415.68,11056.51,0,0.0033333333333333335,0
357,TRANSFER,2790.54,C8122042835,2496.45,0.0,M3508990774,0.0,0.0,1,0.71,1
431,PAYMENT,1.0,C3365835550,0.0,0.0,M3580582653,0.0,0.0,0,0.0,0
215,CASH_OUT,1.0,C2350701477,0.0,0.0,C5297902885,29466.54,29466.54,0,0.0,0
590,TRANSFER,1055.94,C6642266247,962.71,0.0,M8548290298,0.0,0.0,1,0.41,0
700,TRANSFER,3318.16,C1613549255,3816.4,498.24,M2571632270,0.0,0.0,1,0.2966666666666667,0
180,TRANSFER,3522.52,C7092693247,3374.5,0.0,C1399546384,672.47,4194.99,1,0.03333333333333333,0
98,PAYMENT,7.15,C9432088993,17.46,10.31,M3605446007,0.0,0.0,0,0.0,0
523,PAYMENT,1.0,C3880327491,0.0,0.0,M6101516825,0.0,0.0,0,0.0,0
222,PAYMENT,10678.53,C4919706735,108868.01,98189.48,M2328736852,0.0,0.0,0,0.0,0
699,TRANSFER,2689.68,C5996775663,2522.12,0.0,C2047905204,43.77,43.77,1,0.6933333333333334,1
144,DEBIT,1.19,C5268845844,1.47,0.28,M6999146585,0.0,0.0,0,0.02666666666666667,0
551,TRANSFER,15099.8,C7190276026,17136.73,2036.93,C2439622619,16541.61,31641.41,0,0.0,0
475,TRANSFER,9.95,C3396953414,19.61,9.66,C7620473079,13.1,23.05,0,0.14,0
131,TRANSFER,7857.27,C1037811610,8681.56,824.29,M6845287382,0.0,0.0,1,0.16666666666666666,0
642,PAYMENT,1.0,C3429019820,0.0,0.0,M7651029165,0.0,0.0,0,0.0,0
534,PAYMENT,1702.61,C8669484644,1808.23,105.62,M2541015125,0.0,0.0,0,0.0,0
586,PAYMENT,93.96,C3436297208,336.6,242.64,M8667946580,0.0,0.0,0,0.0,0
72,PAYMENT,1.11,C5913767020,2.71,1.6,M9776500600,0.0,0.0,0,0.0,0
701,TRANSFER,1.0,C7242730249,0.0,0.0,C9085085822,5.41,6.41,0,0.19,0
674,TRANSFER,345.14,C8208584394,392.62,47.48,M7230477043,0.0,0.0,1,0.16666666666666666,0
518,PAYMENT,1.0,C7910817577,0.0,0.0,M1908459040,0.0,0.0,0,0.0,0
416,TRANSFER,1.0,C1149460439,0.0,0.0,C6687206971,0.0,1.0,0,0.20333333333333334,0
371,TRANSFER,2286.51,C3369305560,2413.01,126.5,C5744003377,233.76,2520.27,0,0.016666666666666666,0
714,PAYMENT,470.42,C6329323383,1425.85,955.43,M9020002737,0.0,0.0,0,0.0,0
640,TRANSFER,2603.8,C2168041588,4618.65,2014.85,C3098948446,2567.18,5170.98,0,0.023333333333333334,0
386,TRANSFER,1839.46,C7829772942,1856.44,16.98,C1725783958,100846.75,100846.75,1,0.0033333333333333335,0
179,TRANSFER,381.62,C3361388464,470.09,88.47,M6744039057,0.0,0.0,1,0.15333333333333332,0
683,TRANSFER,1.0,C1798112150,1.0,0.0,C6892752604,314983.5,314984.5,0,0.0,0
488,CASH_OUT,447.79,C5141593270,732.05,284.26,C3035761595,18307.89,18307.89,0,0.013333333333333334,0
692,CASH_OUT,4017.08,C3482206102,4819.6,802.52,M3019265031,0.0,0.0,1,0.03,0
338,PAYMENT,1335.44,C6306523372,17634.33,16298.89,M6932365592,0.0,0.0,0,0.0,0
462,PAYMENT,1.0,C3591527330,0.0,0.0,M5990749811,0.0,0.0,0,0.0,0
525,PAYMENT,7758.75,C7691931213,8634.24,875.49,M1185303518,0.0,0.0,0,0.0,0
65,CASH_OUT,4577.31,C1011759631,4677.58,100.27,C4159699467,0.0,0.0,1,0.0033333333333333335,0
452,PAYMENT,1.0,C3958590550,0.0,0.0,M9752092528,0.0,0.0,0,0.0,0
589,CASH_OUT,233.22,C9155819200,261.66,28.44,C7915226263,0.0,0.0,0,0.04,0
12,TRANSFER,2204.95,C3360791536,2383.54,178.59,C3127657643,92.76,2297.71,0,0.0033333333333333335,0
61,PAYMENT,415.12,C4471642620,1264.37,849.25,M2129491690,0.0,0.0,0,0.0,0
114,PAYMENT,20409.46,C3108307952,123002.59,102593.13,M7951820749,0.0,0.0,0,0.0,0
242,CASH_OUT,79251.33,C1725783958,100846.75,21595.42,M8874242713,0.0,0.0,1,0.0,0
230,PAYMENT,45.62,C5284391408,146.41,100.79,M4399143287,0.0,0.0,0,0.0,0
541,TRANSFER,1.17,C2075321966,1004.26,1003.09,C9857430687,13996.24,13997.41,0,0.0033333333333333335,0
612,CASH_OUT,9610.22,C5403510324,25056.72,15446.5,C7539399243,93397.9,93397.9,0,0.0,0
153,DEBIT,1.0,C8270110908,0.0,0.0,M3156792018,0.0,0.0,0,0.03,0
209,TRANSFER,362.65,C7374584386,515.0,152.35,C6288227800,17284.3,17284.3,1,0.0,0
142,CASH_OUT,1540.83,C6961554653,2167.65,626.82,M8821456242,0.0,0.0,1,0.0,0
607,TRANSFER,9226.68,C5694628398,17549.57,8322.89,C9503787171,0.0,9226.68,0,0.01,0
26,CASH_IN,108867.61,C2349406919,1622.97,110490.58,C5728765136,0.0,0.0,0,0.0,0
180,TRANSFER,44.9,C6974875750,53572.38,53527.48,C2654584280,356.52,401.42,0,0.0033333333333333335,0
275,PAYMENT,622.11,C5067245523,74519.14,73897.03,M8366710477,0.0,0.0,0,0.0,0
652,CASH_OUT,1.0,C8252045593,0.0,0.0,C6620138568,5887.46,5887.46,0,0.02,0
136,PAYMENT,1.0,C7736142481,0.0,0.0,M7717262223,0.0,0.0,0,0.0,0
340,TRANSFER,1584.15,C2546720356,1718.31,134.16,C9461708554,226.64,1810.79,1,0.0033333333333333335,0
191,PAYMENT,120.11,C8942167666,142.5,22.39,M3534186676,0.0,0.0,0,0.0,0
550,PAYMENT,9.78,C4361393222,10.84,1.06,M3508990774,0.0,0.0,0,0.0,0
638,PAYMENT,1.0,C9421518487,0.0,0.0,M2121448210,0.0,0.0,0,0.0,0
545,PAYMENT,1540.87,C4503614567,1703.0,162.13,M6999146585,0.0,0.0,0,0.0,0
312,PAYMENT,5124.61,C4231729466,12673.84,7549.23,M8366710477,0.0,0.0,0,0.0,0
223,PAYMENT,164.49,C5512036684,647.56,483.07,M6199197408,0.0,0.0,0,0.0,0
188,PAYMENT,67.67,C5951406973,3539.14,3471.47,M3297681898,0.0,0.0,0,0.0,0
686,TRANSFER,9.17,C7808938880,23.14,13.97,C4660390742,6075.05,6084.22,0,0.02,0
307,CASH_OUT,1.0,C8690920484,0.0,0.0,C2610237679,23217.17,23217.17,0,0.0033333333333333335,0
672,PAYMENT,739.77,C2479679716,4025.66,3285.89,M7717262223,0.0,0.0,0,0.0,0
664,TRANSFER,1.0,C2625792787,0.0,0.0,C1408988968,44.61,45.61,0,0.17,0
117,TRANSFER,2103.49,C2771211118,2042.07,0.0,C4201225242,186621.41,186621.41,1,0.006666666666666667,0
625,CASH_OUT,169.1,C7010379415,514.93,345.83,C8497938394,0.0,0.0,0,0.02666666666666667,0
141,CASH_OUT,2821.48,C5329194647,2883.5,62.02,M6525576685,0.0,0.0,1,0.0033333333333333335,0
369,CASH_OUT,5426.54,C2424706705,5745.28,318.74,M3660800029,0.0,0.0,1,0.01,0
495,TRANSFER,1263.88,C5861829469,1095.82,0.0,M2885370603,0.0,0.0,1,0.44333333333333336,0
687,TRANSFER,33294.09,C8109891300,33988.67,694.58,C8982597239,0.0,33294.09,1,0.023333333333333334,0
178,DEBIT,1407.84,C7852415525,5333.43,3925.59,M4865979921,0.0,0.0,0,0.013333333333333334,0
557,TRANSFER,1.0,C7579604766,0.0,0.0,C2439622619,31641.41,31642.41,0,0.0,0
108,TRANSFER,114.16,C8313706299,122.47,8.31,C6171239466,0.0,114.16,0,0.11666666666666667,0
81,DEBIT,1512.05,C4178659381,2340.78,828.73,M8548290298,0.0,0.0,0,0.013333333333333334,0
693,PAYMENT,1.0,C8270110908,0.0,0.0,M6771941776,0.0,0.0,0,0.0,0
596,CASH_OUT,187.68,C7792729530,161.78,0.0,C1834624758,23146.66,23146.66,1,0.02666666666666667,0
53,TRANSFER,1.0,C7573442717,0.0,0.0,C8299146480,3107.43,3108.43,0,0.0,0
65,DEBIT,1.0,C2780136605,0.0,0.0,M1122712790,0.0,0.0,0,0.02666666666666667,0
625,PAYMENT,24867.29,C8666074487,52808.69,27941.4,M1504729135,0.0,0.0,0,0.0,0
402,PAYMENT,1.0,C3952295757,0.0,0.0,M6130446648,0.0,0.0,0,0.0,0
25,PAYMENT,929.28,C1855256552,1336.41,407.13,M6651020291,0.0,0.0,0,0.0,0
101,CASH_IN,315.25,C9354711271,32942.19,33257.44,C7226553010,0.0,0.0,0,0.0,0
453,CASH_OUT,1.0,C8139209752,0.0,0.0,C3102209245,46.77,46.77,0,0.08,0
12,CASH_OUT,448.59,C6961554653,626.82,178.23,M5570190774,0.0,0.0,1,0.006666666666666667,0
14,CASH_OUT,420.67,C7666869046,731.73,311.06,C4102872611,2.13,2.13,0,0.0033333333333333335,0
77,CASH_IN,141847.97,C5297902885,29466.54,171314.51,C8274219704,365.65,365.65,0,0.0,0
126,DEBIT,21760.23,C5151086814,277882.88,256122.65,M4390543744,0.0,0.0,0,0.006666666666666667,0
655,PAYMENT,4140.88,C2176904638,11529.92,7389.04,M4306983924,0.0,0.0,0,0.0,0
247,CASH_OUT,413.52,C5710360983,651.2,237.68,C5536224717,465.2,465.2,0,0.016666666666666666,0
669,TRANSFER,1538.75,C4226113732,1765.45,226.7,C8816681105,43805.18,45343.93,0,0.006666666666666667,0
507,TRANSFER,4043.85,C6611356986,4208.36,164.51,C7467073633,580.29,4624.14,1,0.043333333333333335,0
131,PAYMENT,13.12,C7333678472,42.74,29.62,M8325043570,0.0,0.0,0,0.0,0
240,TRANSFER,33.46,C5957341287,36.01,2.55,C4713453204,0.0,33.46,0,0.17,0
641,TRANSFER,34785.99,C3190227431,34912.2,126.21,C1141312095,39887.64,39887.64,1,0.006666666666666667,0
273,CASH_OUT,16289.15,C9995834531,63651.17,47362.02,C2407863065,202.54,202.54,0,0.0033333333333333335,0
648,TRANSFER,1.0,C9292791081,0.0,0.0,C8189916797,120139.65,120140.65,0,0.0,0
401,CASH_IN,122486.58,C6496596008,0.0,122486.58,C1084790270,86081.28,86081.28,0,0.0,0
440,PAYMENT,115.97,C4864126433,147.93,31.96,M4329446784,0.0,0.0,0,0.0,0
307,CASH_OUT,21688.99,C3035761595,18307.89,0.0,M4892544235,0.0,0.0,1,0.1,0
598,TRANSFER,72.55,C7470843264,142.2,69.65,C4538382315,0.0,72.55,0,0.17,0
299,CASH_OUT,1613.72,C6317889312,1403.55,0.0,M3297681898,0.0,0.0,1,0.11666666666666667,0
352,CASH_OUT,17.21,C6795522649,29.48,12.27,C5297902885,171314.51,171314.51,0,0.0,0
315,PAYMENT,486.6,C6122110529,26670.14,26183.54,M5194066484,0.0,0.0,0,0.0,0
330,PAYMENT,1.0,C9467483275,0.0,0.0,M7351460539,0.0,0.0,0,0.0,0
344,PAYMENT,81.88,C2407863065,202.54,120.66,M3072183247,0.0,0.0,0,0.0,0
365,PAYMENT,2240.18,C1667483244,6406.86,4166.68,M9590331226,0.0,0.0,0,0.0,0
496,PAYMENT,1.0,C3424843951,0.0,0.0,M2228388623,0.0,0.0,0,0.0,0
622,DEBIT,1.0,C3383331379,0.0,0.0,M1257854279,0.0,0.0,0,0.05333333333333334,0
459,DEBIT,449.33,C5659161352,1338.45,889.12,M8869140487,0.0,0.0,0,0.03,0
666,PAYMENT,157.36,C4274374218,208.98,51.62,M9255306810,0.0,0.0,0,0.0,0
4,TRANSFER,1.0,C8991678061,0.0,0.0,C8934097788,198244.02,198245.02,0,0.0033333333333333335,0
711,CASH_OUT,2014.28,C7430757004,2137.63,123.35,M8874242713,0.0,0.0,1,0.03666666666666667,0
164,TRANSFER,1.0,C3097302637,0.0,0.0,C3931997465,4734.32,4735.32,0,0.0,0
338,TRANSFER,15251.51,C3178995337,13490.74,0.0,C4643576871,0.0,0.0,1,0.83,1
551,CASH_OUT,26816.79,C4683935600,276051.4,249234.61,C9786748825,6420.04,6420.04,0,0.0,0
119,PAYMENT,2011.97,C7803990970,3665.2,1653.23,M4158643786,0.0,0.0,0,0.0,0
63,TRANSFER,3335.04,C4921003983,3903.1,568.06,M4093474499,0.0,0.0,1,0.20333333333333334,0
710,PAYMENT,1.0,C2388450337,0.0,0.0,M6845287382,0.0,0.0,0,0.0,0
10,PAYMENT,403.1,C2801177461,652.1,249.0,M9098037639,0.0,0.0,0,0.0,0
360,CASH_OUT,12.47,C1431494396,13.49,1.02,C4750707607,0.0,0.0,0,0.02666666666666667,0
63,TRANSFER,7061.26,C8695129534,7484.5,423.24,C9621419224,0.0,7061.26,0,0.0,0
607,PAYMENT,578.27,C1674555072,1146.28,568.01,M6558769264,0.0,0.0,0,0.0,0
709,PAYMENT,18.51,C2948728483,27.29,8.78,M1908459040,0.0,0.0,0,0.0,0
345,TRANSFER,84010.26,C6287793163,100082.91,16072.65,C7215110267,17.38,84027.64,1,0.0,0
68,PAYMENT,1.0,C3694860228,0.0,0.0,M3223687972,0.0,0.0,0,0.0,0
360,PAYMENT,6102.54,C5584288132,6221.29,118.75,M6866146362,0.0,0.0,0,0.0,0
163,TRANSFER,35262.36,C5333183840,29947.82,0.0,M2571632270,0.0,0.0,1,0.72,1
562,CASH_OUT,13080.09,C6583444930,119861.88,106781.79,C2145921803,93.04,93.04,0,0.01,0
416,TRANSFER,101.85,C3423086220,88.13,0.0,C6879428703,39934.6,39934.6,1,0.006666666666666667,0
68,DEBIT,935.88,C7852415525,3925.59,2989.71,M2586712032,0.0,0.0,0,0.01,0
152,TRANSFER,354.9,C9837912162,823.5,468.6,C4579265601,13.9,368.8,0,0.0033333333333333335,0
423,PAYMENT,13465.67,C4026113008,53696.54,40230.87,M7230477043,0.0,0.0,0,0.0,0
217,PAYMENT,265.32,C6789292252,877.58,612.26,M8874242713,0.0,0.0,0,0.0,0
624,PAYMENT,326.92,C9218363978,1183.44,856.52,M3019265031,0.0,0.0,0,0.0,0
146,CASH_OUT,15467.24,C5868640848,20820.97,5353.73,M5315720088,0.0,0.0,1,0.0033333333333333335,0
691,TRANSFER,3056.17,C8730507757,3555.65,499.48,M8325043570,0.0,0.0,1,0.2966666666666667,0
184,TRANSFER,3754.2,C7801948900,8471.56,4717.36,C2232285036,140.37,3894.57,0,0.0,0
192,CASH_OUT,113462.05,C5141285960,99331.07,0.0,M1888107487,0.0,0.0,1,0.006666666666666667,0
200,CASH_OUT,2537.31,C4956843441,2793.06,255.75,M6771941776,0.0,0.0,1,0.0,0
564,TRANSFER,836.0,C6425814872,758.92,0.0,M3965860354,0.0,0.0,1,0.26666666666666666,0
204,TRANSFER,2953.91,C8902275119,3434.97,481.06,M4892544235,0.0,0.0,1,0.21333333333333335,0
461,PAYMENT,3.3,C3846570058,8.83,5.53,M6651754819,0.0,0.0,0,0.0,0
281,PAYMENT,36.85,C2071552532,66.28,29.43,M9065458220,0.0,0.0,0,0.0,0
316,TRANSFER,159671.92,C3693916084,149517.76,0.0,M2839566253,0.0,0.0,1,0.9666666666666667,1
366,CASH_OUT,48226.69,C2877279755,40246.09,0.0,M4093474499,0.0,0.0,1,0.03,0
92,CASH_OUT,16686.27,C2870403050,15172.4,0.0,C2458198451,138456.45,138456.45,1,0.03,0
612,PAYMENT,1.0,C2513206988,0.0,0.0,M1732578761,0.0,0.0,0,0.0,0
429,TRANSFER,2960.89,C5686850445,2474.99,0.0,M1357561213,0.0,0.0,1,0.8733333333333333,1
364,TRANSFER,1927.03,C4152835101,3276.98,1349.95,C2486744752,1547.46,3474.49,0,0.0,0
111,CASH_OUT,1427.91,C8757570742,1233.6,0.0,C8382488970,0.0,0.0,1,0.05,0
610,TRANSFER,4270.74,C7590302909,23527.51,19256.77,C7598745558,77014.3,81285.04,0,0.0,0
621,PAYMENT,5498.15,C9621419224,7061.26,1563.11,M3438830691,0.0,0.0,0,0.0,0
149,TRANSFER,149.08,C2052811909,744.38,595.3,C4026816435,129008.41,129157.49,0,0.0,0
70,PAYMENT,2532.83,C4895020135,15947.17,13414.34,M3119908041,0.0,0.0,0,0.0,0
623,CASH_OUT,1182.08,C5515628633,1657.85,475.77,C7209571615,919.84,919.84,1,0.013333333333333334,0
23,PAYMENT,24.14,C1276905285,27.84,3.7,M7960713821,0.0,0.0,0,0.0,0
105,TRANSFER,1.0,C7451071432,0.0,0.0,C9911329062,84617.14,84618.14,0,0.0033333333333333335,0
296,TRANSFER,1.0,C1005502537,0.0,0.0,C7668801906,10525.23,10526.23,0,0.0,0
448,CASH_OUT,3142.83,C8503368512,5498.95,2356.12,C9019515562,9381.23,9381.23,0,0.03333333333333333,0
133,TRANSFER,4848.21,C7199283151,6467.83,1619.62,M4665677395,0.0,0.0,1,0.16333333333333333,0
570,CASH_OUT,44272.16,C5508149905,56414.97,12142.81,M4460319291,0.0,0.0,1,0.01,0
365,TRANSFER,38903.42,C2721355673,158039.1,119135.68,C4325878813,0.0,38903.42,0,0.0,0
653,PAYMENT,2161.06,C8261111839,4151.37,1990.31,M1096405016,0.0,0.0,0,0.0,0
609,TRANSFER,100.82,C6134840512,150.86,50.04,C6012067717,9921.13,10021.95,0,0.01,0
361,CASH_OUT,703.99,C9958044697,615.14,0.0,M9752092528,0.0,0.0,1,0.20333333333333334,0
58,DEBIT,48.25,C7292376027,203.01,154.76,M3960136787,0.0,0.0,0,0.01,0
2,TRANSFER,1.0,C9274189261,0.0,0.0,C4486522557,84995.67,84996.67,0,0.0033333333333333335,0
246,PAYMENT,1.0,C3178995337,0.0,0.0,M8874242713,0.0,0.0,0,0.0,0
8,TRANSFER,1.0,C1304205279,0.0,0.0,C4776677517,0.0,1.0,0,0.19666666666666666,0
709,PAYMENT,457.9,C9953716239,725.01,267.11,M2695447268,0.0,0.0,0,0.0,0
262,TRANSFER,20.02,C6544063167,27.05,7.03,C1149460439,0.0,20.02,0,0.16,0
399,TRANSFER,231655.18,C3869963931,233695.2,2040.02,M2418407139,0.0,0.0,1,0.30666666666666664,0
1,PAYMENT,7.69,C8313706299,8.31,0.62,M5891831621,0.0,0.0,0,0.0,0
641,PAYMENT,8540.63,C5754363475,10032.29,1491.66,M3094407076,0.0,0.0,0,0.0,0
709,TRANSFER,120.74,C4928783441,115.91,0.0,M5937271321,0.0,0.0,1,0.21666666666666667,0
499,PAYMENT,5078.76,C6504099682,71540.99,66462.23,M8443061472,0.0,0.0,0,0.0,0
372,PAYMENT,6674.01,C2176904638,7389.04,715.03,M8646369354,0.0,0.0,0,0.0,0
302,PAYMENT,40.57,C5625980561,132244.89,132204.32,M4399143287,0.0,0.0,0,0.0,0
60,CASH_OUT,2726.23,C5083595988,2758.83,32.6,C6923893872,99.63,99.63,1,0.0033333333333333335,0
472,TRANSFER,1012.2,C5315211627,30180.96,29168.76,C5856127658,0.0,1012.2,0,0.03333333333333333,0
638,CASH_OUT,134673.2,C8532327465,135970.32,1297.12,M3208200227,0.0,0.0,1,0.013333333333333334,0
386,PAYMENT,1.0,C5381866906,0.0,0.0,M9288057824,0.0,0.0,0,0.0,0
468,PAYMENT,1.0,C3271361431,0.0,0.0,M8626371177,0.0,0.0,0,0.0,0
538,CASH_OUT,65.59,C2984460654,65.93,0.34,C4485356009,0.0,0.0,1,0.06666666666666667,0
286,TRANSFER,37.2,C5774080233,83.12,45.92,C2073755632,17654.84,17692.04,0,0.0033333333333333335,0
29,DEBIT,1.0,C4572433066,0.0,0.0,M9576264323,0.0,0.0,0,0.03,0
429,PAYMENT,8.11,C4641561499,33795.27,33787.16,M2187592160,0.0,0.0,0,0.0,0
408,CASH_OUT,1.0,C8203447752,0.0,0.0,C9381721143,11.64,11.64,0,0.05,0
93,PAYMENT,210.68,C3910678913,586.58,375.9,M8366710477,0.0,0.0,0,0.0,0
389,TRANSFER,261.22,C5283911723,259.36,0.0,M2243802345,0.0,0.0,1,0.23,0
580,CASH_OUT,679.16,C7049001493,704.1,24.94,M9043367776,0.0,0.0,1,0.03333333333333333,0
716,TRANSFER,2496.99,C7567496105,3240.0,743.01,M4665677395,0.0,0.0,1,0.2633333333333333,0
493,PAYMENT,1.0,C2982979741,0.0,0.0,M6999146585,0.0,0.0,0,0.0,0
404,PAYMENT,1.0,C8241550421,0.0,0.0,M5156392601,0.0,0.0,0,0.0,0
696,TRANSFER,3144.33,C9945002229,4375.41,1231.08,C2877279755,0.0,3144.33,0,0.05,0
285,TRANSFER,16.94,C7620473079,23.05,6.11,C3623588379,1065.64,1082.58,0,0.0033333333333333335,0
633,TRANSFER,30304.34,C7539399243,93397.9,63093.56,C7637761996,101.93,30406.27,0,0.0,0
590,TRANSFER,46144.99,C5724657556,55869.22,9724.23,C9557663181,2889.1,2889.1,1,0.016666666666666666,0
426,CASH_IN,90397.34,C7517938612,0.0,90397.34,C4919706735,98189.48,98189.48,0,0.0,0
184,CASH_OUT,266.95,C6761084958,726.57,459.62,C2537965898,0.0,0.0,0,0.006666666666666667,0
605,PAYMENT,825.62,C6963052185,147358.88,146533.26,M6313472215,0.0,0.0,0,0.0,0
121,PAYMENT,5242.33,C3828935922,79683.61,74441.28,M7702529931,0.0,0.0,0,0.0,0
487,PAYMENT,54.65,C7894019119,186.57,131.92,M3297681898,0.0,0.0,0,0.0,0
615,PAYMENT,1877.73,C2525930586,39741.56,37863.83,M8235474949,0.0,0.0,0,0.0,0
716,DEBIT,1.0,C6562144159,1.0,0.0,M6275155878,0.0,0.0,0,0.04666666666666667,0
307,PAYMENT,278.72,C9354542654,658.75,380.03,M6247463262,0.0,0.0,0,0.0,0
126,PAYMENT,13383.46,C9663561486,21086.31,7702.85,M3605446007,0.0,0.0,0,0.0,0
311,CASH_OUT,204.57,C6961554653,178.23,0.0,C9421518487,0.0,0.0,1,0.05333333333333334,0
59,TRANSFER,1573.0,C3965676060,2047.4,474.4,M6932365592,0.0,0.0,1,0.15,0
81,CASH_OUT,1.12,C5294535887,2.33,1.21,C4037270171,0.0,0.0,0,0.0033333333333333335,0
37,TRANSFER,2.21,C6611356986,164.51,162.3,C5945359606,150.6,152.81,0,0.01,0
242,DEBIT,1.0,C6338036681,0.0,0.0,M2625035499,0.0,0.0,0,0.03666666666666667,0
471,CASH_OUT,1.0,C5243939720,0.0,0.0,C8933377472,25725.53,25725.53,0,0.04,0
521,TRANSFER,769.97,C2965164102,27571.03,26801.06,C5100282913,33974.11,34744.08,0,0.0,0
453,CASH_OUT,72365.09,C5067245523,73897.03,1531.94,M9026301048,0.0,0.0,1,0.02,0
365,PAYMENT,5582.79,C6620138568,5887.46,304.67,M5869990861,0.0,0.0,0,0.0,0
101,PAYMENT,20.05,C2250949136,31.65,11.6,M5985331805,0.0,0.0,0,0.0,0
483,CASH_OUT,522.26,C1749459431,184653.99,184131.73,C1662976399,1646.25,1646.25,0,0.0033333333333333335,0
299,CASH_OUT,365.81,C3698343112,612.25,246.44,C3553440342,179.35,179.35,0,0.01,0
517,PAYMENT,10661.69,C7369118672,13024.95,2363.26,M5990749811,0.0,0.0,0,0.0,0
118,CASH_OUT,6635.72,C2952996248,8756.13,2120.41,M7969674420,0.0,0.0,1,0.0,0
15,PAYMENT,1.04,C7316122432,1.7,0.66,M3508990774,0.0,0.0,0,0.0,0
564,TRANSFER,568.49,C2524751277,1796.23,1227.74,C8285786023,345.16,913.65,0,0.04,0
115,CASH_OUT,1161.89,C1091729577,1622.43,460.54,M5449848690,0.0,0.0,1,0.0,0
93,TRANSFER,1661.08,C8047877267,1757.48,96.4,C8117478955,0.0,1661.08,0,0.03333333333333333,0
207,CASH_OUT,534.16,C2214741296,468.65,0.0,M5815678365,0.0,0.0,1,0.03,0
337,PAYMENT,3966.7,C2370592316,7413.09,3446.39,M1732578761,0.0,0.0,0,0.0,0
85,TRANSFER,17576.39,C7552812957,71848.93,54272.54,C7666129822,115500.63,133077.02,0,0.0,0
456,PAYMENT,600.1,C5161807235,1940.23,1340.13,M6790024996,0.0,0.0,0,0.0,0
492,PAYMENT,32.95,C3739951076,65.75,32.8,M7651029165,0.0,0.0,0,0.0,0
427,PAYMENT,554.41,C4471642620,849.25,294.84,M2916502228,0.0,0.0,0,0.0,0
575,PAYMENT,1.0,C6461974809,0.0,0.0,M2778069478,0.0,0.0,0,0.0,0
550,DEBIT,1871.59,C3710566582,12193.4,10321.81,M5449848690,0.0,0.0,0,0.03,0
53,TRANSFER,1025.33,C5633956194,1068.33,43.0,M4460319291,0.0,0.0,1,0.18666666666666668,0
62,TRANSFER,25717.41,C7573691558,23293.38,0.0,C5199176431,1664.84,27382.25,1,0.0033333333333333335,0
430,CASH_OUT,20988.5,C2965164102,26801.06,5812.56,C8168036130,527.56,527.56,0,0.0033333333333333335,0
480,TRANSFER,40.0,C3206955437,54.1,14.1,M1413599241,0.0,0.0,1,0.17333333333333334,0
124,TRANSFER,186.64,C4471642620,294.84,108.2,C5409514899,8593.77,8780.41,0,0.0,0
364,PAYMENT,2.01,C2047905204,43.77,41.76,M6932365592,0.0,0.0,0,0.0,0
512,TRANSFER,5279.74,C4311931853,6252.18,972.44,C5474951950,108.53,5388.27,1,0.03333333333333333,0
22,PAYMENT,28.66,C9103115140,31.38,2.72,M1442421654,0.0,0.0,0,0.0,0
339,CASH_OUT,1.0,C6642266247,0.0,0.0,C5666504394,28594.93,28594.93,0,0.0,0
620,CASH_OUT,6294.35,C5087357728,22140.99,15846.64,C7961674558,54031.71,54031.71,0,0.0,0
167,PAYMENT,2611.94,C9049270990,4429.07,1817.13,M1999913493,0.0,0.0,0,0.0,0
558,PAYMENT,1.0,C6218955985,0.0,0.0,M2625035499,0.0,0.0,0,0.0,0
8,TRANSFER,107.97,C5992908271,330.78,222.81,C8487449580,171099.39,171207.36,0,0.0,0
217,PAYMENT,1132.91,C6618926823,1440.57,307.66,M3965860354,0.0,0.0,0,0.0,0
348,PAYMENT,21956.94,C6725038117,106606.61,84649.67,M6498703287,0.0,0.0,0,0.0,0
326,PAYMENT,29.46,C8033062794,32.57,3.11,M9255306810,0.0,0.0,0,0.0,0
643,CASH_OUT,32075.02,C5092199300,36658.41,4583.39,C5421051452,19968.91,19968.91,1,0.0033333333333333335,0
492,CASH_OUT,1077.19,C9863781331,1759.93,682.74,C2960432117,1491.89,1491.89,0,0.016666666666666666,0
45,PAYMENT,28.57,C2268006448,37.98,9.41,M1357561213,0.0,0.0,0,0.0,0
177,PAYMENT,1.0,C3196545325,0.0,0.0,M4390543744,0.0,0.0,0,0.0,0
291,CASH_OUT,1041.01,C2400094541,1019.09,0.0,C8075122626,863.29,863.29,1,0.11666666666666667,0
62,TRANSFER,9105.53,C3597724331,11329.62,2224.09,C1094115188,2994.94,12100.47,0,0.0,0
438,TRANSFER,4714.38,C6009268066,4372.76,0.0,M3094407076,0.0,0.0,1,0.9033333333333333,1
316,PAYMENT,6022.82,C8721631198,112221.67,106198.85,M5449848690,0.0,0.0,0,0.0,0
319,DEBIT,2585.57,C7100408092,2990.44,404.87,M9581187661,0.0,0.0,0,0.013333333333333334,0
663,DEBIT,1.0,C5728765136,0.0,0.0,M1368287033,0.0,0.0,0,0.05333333333333334,0
577,CASH_OUT,148.75,C6470052645,151.63,2.88,M1357561213,0.0,0.0,1,0.05333333333333334,0
482,PAYMENT,1.0,C7846365089,0.0,0.0,M6284297249,0.0,0.0,0,0.0,0
482,TRANSFER,3459.07,C9673185158,3835.94,376.87,C6773938304,122297.38,125756.45,1,0.0033333333333333335,0
637,TRANSFER,1570.26,C4656572173,14061.46,12491.2,C1594312071,10237.17,11807.43,0,0.0033333333333333335,0
690,CASH_OUT,2292.68,C6470052645,2182.95,0.0,M7340036327,0.0,0.0,1,0.17,0
720,TRANSFER,2.55,C3846570058,5.53,2.98,C2774884818,56.88,59.43,0,0.13333333333333333,0
82,CASH_OUT,1376.31,C2687477596,1833.94,457.63,C4046558332,99.42,99.42,1,0.0,0
694,TRANSFER,15718.79,C8907752604,261380.14,245661.35,C2869999754,25425.91,41144.7,0,0.0,0
264,PAYMENT,1.0,C2962491159,1.0,0.0,M4908108692,0.0,0.0,0,0.0,0
479,TRANSFER,118.74,C2843567009,134.57,15.83,C2812140441,70.69,189.43,1,0.08333333333333333,0
71,TRANSFER,1822.44,C8012696455,1666.24,0.0,C5275521470,10169.09,10169.09,1,0.01,0
174,TRANSFER,2120.14,C9432088993,2123.59,3.45,M3072183247,0.0,0.0,1,0.39666666666666667,0
302,PAYMENT,99.71,C7292376027,154.76,55.05,M2115406331,0.0,0.0,0,0.0,0
466,CASH_OUT,4324.32,C6585609060,4197.16,0.0,M6313472215,0.0,0.0,1,0.41333333333333333,0
256,PAYMENT,360.74,C6186758088,558.16,197.42,M1442421654,0.0,0.0,0,0.0,0
388,CASH_OUT,3766.6,C5800633419,7781.94,4015.34,C6246716604,5776.34,5776.34,0,0.0,0
587,CASH_OUT,1.0,C2940955281,0.0,0.0,C6789292252,612.26,612.26,0,0.06333333333333334,0
131,CASH_OUT,397.85,C2068687175,525.17,127.32,C4735334423,69.69,69.69,1,0.006666666666666667,0
240,CASH_OUT,116862.35,C3783290795,133879.92,17017.57,C4226113732,226.7,226.7,0,0.0,0
201,TRANSFER,103.51,C4783282817,88.19,0.0,M6992094064,0.0,0.0,1,0.24,0
552,TRANSFER,30613.08,C2349406919,110490.58,79877.5,C6879428703,39934.6,70547.68,0,0.0,0
544,PAYMENT,258.41,C7534583219,34281.82,34023.41,M9625656293,0.0,0.0,0,0.0,0
365,DEBIT,1191.39,C1541964762,167000.3,165808.91,M4896576569,0.0,0.0,0,0.006666666666666667,0
84,PAYMENT,14.25,C2579206999,114.44,100.19,M8667946580,0.0,0.0,0,0.0,0
325,PAYMENT,3574.03,C5855415646,26975.33,23401.3,M5449848690,0.0,0.0,0,0.0,0
719,CASH_OUT,438.06,C8833399096,628.98,190.92,C7296658772,3.59,3.59,0,0.03333333333333333,0
390,PAYMENT,871.7,C3875303857,4141.35,3269.65,M5564953924,0.0,0.0,0,0.0,0
454,TRANSFER,2328.47,C8168204967,3239.51,911.04,C6121801720,1524.94,3853.41,1,0.02666666666666667,0
642,TRANSFER,146.9,C1586412136,205.02,58.12,M2156184315,0.0,0.0,1,0.17333333333333334,0
313,TRANSFER,133.68,C2389803385,135.24,1.56,M8667946580,0.0,0.0,1,0.17666666666666667,0
145,PAYMENT,12440.75,C6320115677,21550.73,9109.98,M5000316394,0.0,0.0,0,0.0,0
645,CASH_IN,67673.71,C3107125807,10895.87,78569.58,C8664882079,2674.58,2674.58,0,0.0,0
674,PAYMENT,2125.22,C5269015757,181890.03,179764.81,M9933702652,0.0,0.0,0,0.0,0
64,CASH_IN,23572.12,C1110724913,278.21,23850.33,C2825989011,0.76,0.76,0,0.0,0
108,CASH_OUT,5961.55,C5735817014,12741.0,6779.45,C8131923452,764.48,764.48,0,0.0,0
2,TRANSFER,25111.7,C3923823693,90670.85,65559.15,C3396953414,9.66,25121.36,0,0.0,0
195,PAYMENT,1.0,C4015479599,0.0,0.0,M7168105904,0.0,0.0,0,0.0,0
427,PAYMENT,5704.84,C2405746777,6376.93,672.09,M5794335854,0.0,0.0,0,0.0,0
643,PAYMENT,17.35,C2914126243,22.65,5.3,M8063693463,0.0,0.0,0,0.0,0
582,TRANSFER,8702.58,C6385791669,10608.14,1905.56,C9274189261,0.0,0.0,1,0.32666666666666666,0
495,TRANSFER,45651.79,C2660286914,140932.68,95280.89,C4490722186,181.48,45833.27,0,0.0,0
221,TRANSFER,71.99,C7872090713,331.33,259.34,C9677466102,5232.92,5304.91,0,0.0,0
600,PAYMENT,72.94,C3815389788,12211.97,12139.03,M1442421654,0.0,0.0,0,0.0,0
67,TRANSFER,2930.64,C9196564761,2549.61,0.0,M3369412470,0.0,0.0,1,0.82,1
557,DEBIT,7252.53,C5976777081,7860.77,608.24,M5919148165,0.0,0.0,0,0.03666666666666667,0
79,CASH_OUT,132466.94,C3520417815,149037.62,16570.68,M6053489772,0.0,0.0,1,0.0,0
190,TRANSFER,2222.04,C2785736751,111926.04,109704.0,C2525930586,37863.83,40085.87,0,0.0,0
108,PAYMENT,15.07,C1674755608,21.82,6.75,M7537130187,0.0,0.0,0,0.0,0
659,CASH_OUT,117695.85,C5972484792,193561.53,75865.68,C1245522987,415.35,415.35,0,0.0,0
132,PAYMENT,15393.76,C6623360831,18309.05,2915.29,M3297681898,0.0,0.0,0,0.0,0
240,TRANSFER,19935.05,C2610237679,23217.17,3282.12,C2428156550,728.01,728.01,1,0.006666666666666667,0
497,TRANSFER,1.0,C2537965898,0.0,0.0,C9963334018,97.89,98.89,0,0.13,0
126,PAYMENT,6.94,C8638763775,25.69,18.75,M7437168216,0.0,0.0,0,0.0,0
367,TRANSFER,77419.8,C8382963909,90869.4,13449.6,M1857561275,0.0,0.0,1,0.2633333333333333,0
617,PAYMENT,1.0,C5689870435,0.0,0.0,M3019265031,0.0,0.0,0,0.0,0
457,PAYMENT,2439.41,C1659663750,10243.45,7804.04,M9581187661,0.0,0.0,0,0.0,0
479,TRANSFER,323.72,C3878719791,348.29,24.57,C3319936135,146.47,470.19,0,0.07,0
268,TRANSFER,470.55,C6710338189,406.75,0.0,M5815678365,0.0,0.0,1,0.24333333333333335,0
493,TRANSFER,77556.47,C8160279830,105503.85,27947.38,C2140169349,2.11,77558.58,1,0.0,0
379,CASH_OUT,329.75,C6773938304,125756.45,125426.7,C5778781449,0.0,0.0,0,0.0,0
552,TRANSFER,2229.5,C8106401208,3139.7,910.2,M9098037639,0.0,0.0,1,0.2866666666666667,0
257,PAYMENT,245.73,C8684942020,275.92,30.19,M5270048042,0.0,0.0,0,0.0,0
26,CASH_OUT,132377.49,C6317189421,120658.12,0.0,M1504729135,0.0,0.0,1,0.013333333333333334,0
584,PAYMENT,1.0,C9523104008,0.0,0.0,M9404002665,0.0,0.0,0,0.0,0
84,CASH_OUT,82.29,C6923893872,99.63,17.34,M3469205576,0.0,0.0,1,0.0033333333333333335,0
479,PAYMENT,1.0,C4643576871,0.0,0.0,M2635881694,0.0,0.0,0,0.0,0
321,CASH_OUT,118.87,C2801177461,249.0,130.13,C5031086659,62231.87,62231.87,0,0.013333333333333334,0
88,DEBIT,64.08,C6719736115,1813.64,1749.56,M7437168216,0.0,0.0,0,0.01,0
395,PAYMENT,1.0,C5151887478,0.0,0.0,M3965860354,0.0,0.0,0,0.0,0
279,CASH_OUT,2408.64,C3738900744,2897.65,489.01,C5269015757,179764.81,179764.81,1,0.0,0
608,PAYMENT,1.0,C8867077130,0.0,0.0,M7861571879,0.0,0.0,0,0.0,0
26,TRANSFER,996.81,C6447717367,1801.25,804.44,C3074232200,6149.7,7146.51,0,0.0,0
244,PAYMENT,13905.83,C5433722159,15878.81,1972.98,M8044997538,0.0,0.0,0,0.0,0
73,DEBIT,1.0,C9851745648,0.0,0.0,M8083396378,0.0,0.0,0,0.03,0
42,TRANSFER,74489.5,C7499349987,86073.31,11583.81,C8189916797,120140.65,194630.15,0,0.0,0
239,CASH_OUT,3610.93,C1870644102,4431.42,820.49,M7928143230,0.0,0.0,1,0.0033333333333333335,0
120,TRANSFER,18222.32,C5310195918,16377.42,0.0,C5421051452,19968.91,19968.91,1,0.01,0
322,PAYMENT,474.68,C9081544414,13453.74,12979.06,M4689605624,0.0,0.0,0,0.0,0
158,PAYMENT,1.0,C6591038760,0.0,0.0,M9026301048,0.0,0.0,0,0.0,0
282,TRANSFER,232.37,C9411532909,517.96,285.59,C8133593748,0.0,232.37,0,0.02,0
35,PAYMENT,1.0,C8709361138,0.0,0.0,M3536590481,0.0,0.0,0,0.0,0
695,TRANSFER,235.75,C2979958124,409.45,173.7,C5686850445,0.0,235.75,0,0.06333333333333334,0
94,PAYMENT,243.14,C1288335378,294.68,51.54,M4892544235,0.0,0.0,0,0.0,0
477,TRANSFER,63880.48,C4067919621,127900.06,64019.58,C3875303857,3269.65,67150.13,0,0.0,0
83,TRANSFER,889.79,C8940731272,1800.49,910.7,C4130305126,1458.27,2348.06,0,0.0033333333333333335,0
102,PAYMENT,1.0,C8388580360,0.0,0.0,M9620935604,0.0,0.0,0,0.0033333333333333335,0
646,DEBIT,1.0,C7671041685,0.0,0.0,M3156792018,0.0,0.0,0,0.05333333333333334,0
221,PAYMENT,58.91,C4550353803,334.65,275.74,M3508990774,0.0,0.0,0,0.0,0
208,PAYMENT,3421.02,C2439622619,31642.41,28221.39,M1676220116,0.0,0.0,0,0.0,0
662,CASH_OUT,45693.76,C6477862024,55985.56,10291.8,C4067961943,0.0,0.0,0,0.01,0
392,PAYMENT,281.32,C1546696950,12595.57,12314.25,M4689605624,0.0,0.0,0,0.0,0
617,PAYMENT,16079.31,C5923940434,33921.39,17842.08,M9977193987,0.0,0.0,0,0.0,0
268,TRANSFER,74825.56,C1551395583,83329.64,8504.08,M2418407139,0.0,0.0,1,0.26666666666666666,0
239,DEBIT,124.84,C5536224717,465.2,340.36,M6284297249,0.0,0.0,0,0.01,0
270,PAYMENT,2045.91,C9639245200,15953.57,13907.66,M6651020291,0.0,0.0,0,0.0,0
92,TRANSFER,30009.97,C7977267911,33870.31,3860.34,M2249831874,0.0,0.0,1,0.24666666666666667,0
493,PAYMENT,18.43,C2047905204,41.76,23.33,M9933702652,0.0,0.0,0,0.0,0
658,CASH_IN,45308.43,C7227593033,8290.46,53598.89,C6894699853,18066.07,18066.07,0,0.0,0
106,TRANSFER,8.66,C9067664957,16.06,7.4,C6471691689,0.0,8.66,0,0.16,0
625,PAYMENT,113.99,C7015992643,226910.59,226796.6,M8821456242,0.0,0.0,0,0.0,0
553,TRANSFER,1.0,C4264134512,0.0,0.0,C9147687657,0.0,1.0,0,0.22333333333333333,0
434,CASH_IN,92741.5,C2965164102,5812.56,98554.06,C1572827654,0.0,0.0,0,0.0,0
462,PAYMENT,286.67,C2610237679,3282.12,2995.45,M6498703287,0.0,0.0,0,0.0,0
143,CASH_OUT,47023.86,C6000009225,51011.92,3988.06,M9558906999,0.0,0.0,1,0.0,0
675,CASH_IN,704.02,C7567496105,743.01,1447.03,C1083651970,16762.42,16762.42,0,0.0,0
177,TRANSFER,23872.32,C6663846005,52268.53,28396.21,C6186758088,197.42,24069.74,0,0.0,0
70,TRANSFER,723.12,C6043349038,1117.08,393.96,C9842186844,270.96,994.08,0,0.0033333333333333335,0
254,TRANSFER,372.5,C6704841644,406.51,34.01,C7337225482,13.0,385.5,1,0.02,0
310,CASH_OUT,2742.68,C7977267911,3860.34,1117.66,M3145756342,0.0,0.0,1,0.006666666666666667,0
25,PAYMENT,1063.18,C8057994126,1238.58,175.4,M4035639663,0.0,0.0,0,0.0,0
12,TRANSFER,2568.36,C4750707607,2962.18,393.82,C3667740351,114169.7,114169.7,1,0.0,0
511,PAYMENT,1.0,C2918260963,0.0,0.0,M8458323087,0.0,0.0,0,0.0,0
423,CASH_OUT,85.12,C9806189256,109.01,23.89,C6201313620,272.39,272.39,1,0.04,0
251,PAYMENT,278.55,C4248149900,99517.28,99238.73,M3595066420,0.0,0.0,0,0.0,0
324,TRANSFER,1333.24,C2952996248,2120.41,787.17,C5071897791,6958.0,8291.24,0,0.0,0
96,PAYMENT,707.2,C2343100352,3033.25,2326.05,M7537130187,0.0,0.0,0,0.0,0
192,CASH_IN,111980.12,C9837912162,468.6,112448.72,C4268713302,0.0,0.0,0,0.0,0
480,CASH_OUT,74233.2,C4482141802,65888.61,0.0,M8643636805,0.0,0.0,1,0.23666666666666666,0
91,CASH_OUT,3999.53,C3271361431,3912.61,0.0,C5275521470,10169.09,10169.09,1,0.02666666666666667,0
681,CASH_OUT,133.06,C4579265601,368.8,235.74,C5067116918,79074.56,79074.56,0,0.006666666666666667,0
352,TRANSFER,77.55,C7299420031,207.05,129.5,C1230249217,7316.37,7393.92,0,0.0,0
140,TRANSFER,785.79,C8075122626,863.29,77.5,C6161147047,979.22,1765.01,0,0.006666666666666667,0
325,PAYMENT,1.0,C3149533961,0.0,0.0,M8138332494,0.0,0.0,0,0.0,0
385,TRANSFER,6615.09,C6231117883,6209.24,0.0,M7750131975,0.0,0.0,1,0.7366666666666667,1
719,PAYMENT,1034.81,C7472806994,58006.08,56971.27,M7861571879,0.0,0.0,0,0.0,0
298,PAYMENT,39.11,C6046864799,45.23,6.12,M3534186676,0.0,0.0,0,0.0,0
710,CASH_OUT,156.61,C3799620568,176.98,20.37,C7887950851,11.58,11.58,1,0.03,0
678,PAYMENT,18184.32,C8118065825,79614.34,61430.02,M2604788242,0.0,0.0,0,0.0,0
338,PAYMENT,1516.47,C4131356954,3746.37,2229.9,M1466305100,0.0,0.0,0,0.0,0
666,DEBIT,19315.99,C4683585586,26300.02,6984.03,M2115406331,0.0,0.0,0,0.03333333333333333,0
152,PAYMENT,5700.12,C9697414638,6446.41,746.29,M6525576685,0.0,0.0,0,0.0,0
242,CASH_IN,81465.48,C1392245997,72.95,81538.43,C5306459450,598.42,598.42,0,0.0,0
166,PAYMENT,21277.53,C4530959836,187962.69,166685.16,M2391874847,0.0,0.0,0,0.0,0
9,CASH_OUT,1605.72,C5829062179,1649.17,43.45,M9410569618,0.0,0.0,1,0.0,0
26,TRANSFER,80635.08,C8394198376,72860.43,0.0,M5585110649,0.0,0.0,1,0.8633333333333333,1
174,CASH_OUT,402.29,C8547068234,699.4,297.11,C2848792488,4554.37,4554.37,0,0.013333333333333334,0
506,TRANSFER,1948.3,C5586143660,2486.07,537.77,M8643636805,0.0,0.0,1,0.2966666666666667,0
546,PAYMENT,8.3,C2268006448,9.41,1.11,M7861571879,0.0,0.0,0,0.0,0
150,CASH_OUT,257.19,C4750707607,393.82,136.63,C5199176431,27382.25,27382.25,0,0.0033333333333333335,0
571,TRANSFER,3933.16,C5646880148,4401.68,468.52,M4456193555,0.0,0.0,1,0.32,0
565,CASH_OUT,1.0,C5704029171,0.0,0.0,C5336127859,259.81,259.81,0,0.05,0
592,TRANSFER,184306.57,C6313758032,167504.82,0.0,M6606958660,0.0,0.0,1,0.9766666666666667,1
450,CASH_OUT,2969.39,C2962491159,3309.87,340.48,M7366396017,0.0,0.0,1,0.05,0
111,TRANSFER,171.7,C8239941612,195.58,23.88,C3258354191,0.0,171.7,0,0.07,0
396,TRANSFER,26537.48,C8666074487,27941.4,1403.92,C1818520766,10594.0,37131.48,0,0.0,0
718,TRANSFER,5138.69,C3567900251,24653.06,19514.37,C4662861038,0.0,5138.69,0,0.01,0
681,CASH_OUT,2036.83,C9916336966,1700.55,0.0,M4306983924,0.0,0.0,1,0.16,0
62,PAYMENT,52.84,C1756345332,143.08,90.24,M3536590481,0.0,0.0,0,0.0,0
535,CASH_OUT,1.0,C1287814151,0.0,0.0,C3828935922,74441.28,74441.28,0,0.013333333333333334,0
640,TRANSFER,3211.56,C4096932037,3498.92,287.36,C7598745558,81285.04,81285.04,1,0.006666666666666667,0
596,PAYMENT,1.0,C2079501936,0.0,0.0,M7664045502,0.0,0.0,0,0.0,0
360,TRANSFER,1155.17,C4847761430,1517.76,362.59,M9625656293,0.0,0.0,1,0.11666666666666667,0
178,CASH_OUT,4128.01,C4673457063,3860.1,0.0,C1311570307,1.0,1.0,1,0.05,0
576,DEBIT,53.77,C1885113834,73.97,20.2,M7514017540,0.0,0.0,0,0.03333333333333333,0
361,TRANSFER,3212.43,C7083067988,4395.98,1183.55,M7351460539,0.0,0.0,1,0.21333333333333335,0
433,PAYMENT,557.9,C2428156550,728.01,170.11,M3355504998,0.0,0.0,0,0.0,0
31,TRANSFER,8197.22,C4231729466,7549.23,0.0,C5724657556,9724.23,9724.23,1,0.0033333333333333335,0
538,CASH_OUT,1.0,C8387664437,0.0,0.0,C7508522951,0.0,0.0,0,0.06,0
148,CASH_OUT,188.22,C1561417687,157.63,0.0,C3866755218,1017.77,1017.77,1,0.016666666666666666,0
512,TRANSFER,29668.79,C5269728610,37778.84,8110.05,C6754503097,845.19,845.19,1,0.05,0
66,PAYMENT,1.0,C3185089287,0.0,0.0,M5959736235,0.0,0.0,0,0.0,0
631,CASH_OUT,84925.6,C2349406919,79877.5,0.0,M4908108692,0.0,0.0,1,0.29,0
719,TRANSFER,14151.3,C1083651970,16762.42,2611.12,M5891831621,0.0,0.0,1,0.31,0
236,PAYMENT,102.25,C8926438617,303.14,200.89,M4601406440,0.0,0.0,0,0.0,0
586,PAYMENT,1.0,C3978287288,0.0,0.0,M9620935604,0.0,0.0,0,0.0,0
350,CASH_IN,59774.87,C3698343112,246.44,60021.31,C3783290795,17017.57,17017.57,0,0.0,0
330,TRANSFER,1.0,C4734111722,0.0,0.0,C5957341287,2.55,3.55,0,0.21666666666666667,0
635,CASH_OUT,990.04,C2295574037,1272.63,282.59,C4696689457,207.77,207.77,0,0.023333333333333334,0
667,TRANSFER,12194.9,C1945826486,16780.79,4585.89,C2617999521,0.0,12194.9,0,0.006666666666666667,0
258,PAYMENT,1.0,C2304963614,0.0,0.0,M8626371177,0.0,0.0,0,0.0,0
548,PAYMENT,1034.74,C7083067988,1183.55,148.81,M3156792018,0.0,0.0,0,0.0,0
52,CASH_OUT,74398.2,C5837082260,84731.82,10333.62,C5199176431,27382.25,27382.25,0,0.0,0
258,PAYMENT,1.0,C9916336966,0.0,0.0,M7713758036,0.0,0.0,0,0.0,0
96,PAYMENT,1.0,C8168394616,0.0,0.0,M2115862756,0.0,0.0,0,0.0,0
462,CASH_OUT,131.79,C3614915281,118.36,0.0,C1316756902,156985.25,156985.25,1,0.006666666666666667,0
373,TRANSFER,895.96,C2268006448,1039.21,143.25,M5694439775,0.0,0.0,1,0.16,0
25,TRANSFER,2767.99,C9738752801,3664.24,896.25,C7483366056,2895.24,5663.23,1,0.0,0
677,PAYMENT,38.9,C7602474923,136.51,97.61,M3313346852,0.0,0.0,0,0.0,0
106,PAYMENT,5681.59,C8943866829,18004.11,12322.52,M9640701016,0.0,0.0,0,0.0,0
519,TRANSFER,2894.16,C5759761714,14457.27,11563.11,C3144490990,575.44,3469.6,0,0.016666666666666666,0
659,TRANSFER,103409.51,C3108307952,102593.13,0.0,M8910440683,0.0,0.0,1,0.9233333333333333,1
345,CASH_OUT,613.8,C9438411468,852.38,238.58,M7343954769,0.0,0.0,1,0.013333333333333334,0
123,CASH_OUT,2686.77,C4130305126,2348.06,0.0,C2720484983,6554.77,6554.77,1,0.0,0
258,CASH_OUT,2085.06,C3058982440,1901.87,0.0,M5919148165,0.0,0.0,1,0.08,0
528,PAYMENT,1.0,C2635231601,0.0,0.0,M3322580659,0.0,0.0,0,0.0,0
40,CASH_OUT,82553.7,C7077131430,152466.83,69913.13,C5911625145,51830.89,51830.89,0,0.0,0
115,CASH_OUT,64.63,C7602474923,97.61,32.98,C9844874547,142717.02,142717.02,0,0.006666666666666667,0
284,PAYMENT,1.0,C5483308751,1.0,0.0,M5412437658,0.0,0.0,0,0.0,0
678,PAYMENT,1.0,C8387664437,0.0,0.0,M8964269909,0.0,0.0,0,0.0,0
594,PAYMENT,143.26,C4147025728,204.67,61.41,M6041646576,0.0,0.0,0,0.0,0
399,TRANSFER,3.98,C8493451569,10.83,6.85,C9196564761,0.0,3.98,0,0.15666666666666668,0
83,PAYMENT,1.0,C3837784389,0.0,0.0,M1306420495,0.0,0.0,0,0.0,0
471,TRANSFER,8810.06,C9081544414,12979.06,4169.0,C8570333548,0.0,8810.06,0,0.016666666666666666,0
519,PAYMENT,3583.52,C1415802902,6896.88,3313.36,M6651754819,0.0,0.0,0,0.0,0
352,PAYMENT,261.24,C1513003815,583.7,322.46,M6771941776,0.0,0.0,0,0.0,0
307,TRANSFER,3012.7,C3846570058,2773.38,0.0,M7351460539,0.0,0.0,1,0.78,1
272,TRANSFER,89007.2,C9318010743,86577.24,0.0,C5328166990,264836.9,264836.9,1,0.006666666666666667,0
34,PAYMENT,1.0,C2067970820,0.0,0.0,M7951820749,0.0,0.0,0,0.0,0
174,PAYMENT,1525.8,C5433722159,1972.98,447.18,M3595066420,0.0,0.0,0,0.0,0
257,CASH_OUT,24224.9,C3396953414,25121.36,896.46,C9019515562,9381.23,9381.23,1,0.0033333333333333335,0
31,PAYMENT,524.93,C8131923452,764.48,239.55,M7168105904,0.0,0.0,0,0.0,0
395,CASH_OUT,1.0,C7316122432,0.66,0.0,C3196545325,0.0,0.0,0,0.03666666666666667,0
665,CASH_IN,117312.06,C6392415228,66994.59,184306.65,C9953941533,0.0,0.0,0,0.0,0
371,TRANSFER,5644.31,C8684942020,4976.34,0.0,C1660370908,1598.79,7243.1,1,0.013333333333333334,0
714,DEBIT,3.49,C1470939445,3.95,0.46,M4093474499,0.0,0.0,0,0.04666666666666667,0
495,PAYMENT,14104.92,C2683446724,109169.45,95064.53,M6692705133,0.0,0.0,0,0.0,0
415,PAYMENT,1.0,C6098775210,0.0,0.0,M4896576569,0.0,0.0,0,0.0,0
565,PAYMENT,1.0,C4106464319,0.0,0.0,M7351460539,0.0,0.0,0,0.0,0
577,PAYMENT,42.56,C2149938334,38199.54,38156.98,M6992094064,0.0,0.0,0,0.0,0
320,PAYMENT,475.72,C7499349987,11583.81,11108.09,M7282885927,0.0,0.0,0,0.0,0
85,PAYMENT,2769.64,C3931997465,4735.32,1965.68,M3208200227,0.0,0.0,0,0.0,0
193,CASH_OUT,170.42,C6353758928,194.7,24.28,M6011842297,0.0,0.0,1,0.0033333333333333335,0
125,TRANSFER,7637.69,C3853978147,31515.74,23878.05,C5028688786,0.0,7637.69,0,0.0,0
441,CASH_OUT,1.0,C3259520140,0.0,0.0,C2953462417,3537.11,3537.11,0,0.06333333333333334,0
636,CASH_OUT,49656.66,C8093179263,66649.41,16992.75,M7764117705,0.0,0.0,1,0.01,0
121,DEBIT,1.0,C9147736635,0.0,0.0,M6282009986,0.0,0.0,0,0.023333333333333334,0
621,TRANSFER,1030.89,C4455798713,1402.48,371.59,C1696846464,36013.61,36013.61,1,0.006666666666666667,0
203,PAYMENT,1.0,C2349406919,0.0,0.0,M7437168216,0.0,0.0,0,0.0,0
643,PAYMENT,1.0,C6982610835,0.0,0.0,M2391874847,0.0,0.0,0,0.0,0
62,TRANSFER,1503.29,C6000009225,3988.06,2484.77,C3088517710,0.0,1503.29,0,0.01,0
127,PAYMENT,200.26,C3713284816,51949.43,51749.17,M9523139706,0.0,0.0,0,0.0,0
438,TRANSFER,132.41,C2546720356,134.16,1.75,C2647489402,88.67,88.67,1,0.12333333333333334,0
56,PAYMENT,1.0,C6470052645,0.0,0.0,M1442421654,0.0,0.0,0,0.0,0
689,TRANSFER,2783.18,C8796286443,3375.61,592.43,M6820149016,0.0,0.0,1,0.2733333333333333,0
580,CASH_OUT,1.0,C3115806625,1.64,0.64,C8261111839,1990.31,1990.31,0,0.02666666666666667,0
86,PAYMENT,4596.13,C5510938155,87181.79,82585.66,M6786043791,0.0,0.0,0,0.0,0
497,PAYMENT,1.0,C3958590550,0.0,0.0,M1343875431,0.0,0.0,0,0.0,0
504,TRANSFER,1.0,C7801180691,0.0,0.0,C3316277000,21077.85,21078.85,0,0.0,0
349,CASH_OUT,4146.38,C3365835550,4677.11,530.73,C8478529823,0.0,0.0,1,0.016666666666666666,0
237,PAYMENT,1.0,C8275679594,0.0,0.0,M7928143230,0.0,0.0,0,0.0,0
216,CASH_OUT,5634.44,C1459442845,208447.45,202813.01,C8867077130,0.0,0.0,0,0.0,0
152,TRANSFER,5021.03,C5150090143,4584.99,0.0,M5959736235,0.0,0.0,1,0.7633333333333333,1
240,PAYMENT,8824.01,C8923555411,18862.17,10038.16,M6041646576,0.0,0.0,0,0.0,0
96,CASH_IN,30402.8,C1983297492,1419.99,31822.79,C1207916194,453.01,453.01,0,0.0,0
581,PAYMENT,34.69,C2613385303,317.95,283.26,M8058679999,0.0,0.0,0,0.0,0
572,TRANSFER,1.0,C9305502799,0.0,0.0,C9327720702,27662.68,27663.68,0,0.0,0
573,PAYMENT,1.0,C4700855390,0.0,0.0,M9933702652,0.0,0.0,0,0.0,0
627,CASH_OUT,873.45,C9457665185,1070.69,197.24,C2982979741,0.0,0.0,1,0.02666666666666667,0
405,CASH_OUT,5181.08,C5140460939,4334.88,0.0,M1647181551,0.0,0.0,1,0.12,0
2,CASH_OUT,121.17,C4203205881,185.65,64.48,C1245522987,415.35,415.35,0,0.02,0
712,CASH_OUT,3173.94,C5872148707,3113.71,0.0,M6820149016,0.0,0.0,1,0.2,0
161,CASH_OUT,297.27,C4431078106,266.56,0.0,C1510289448,2234.43,2234.43,1,0.01,0
691,CASH_OUT,79.41,C6043349038,393.96,314.55,C5307145891,8877.47,8877.47,0,0.006666666666666667,0
506,DEBIT,36.27,C1011759631,100.27,64.0,M6790024996,0.0,0.0,0,0.03,0
635,TRANSFER,148.62,C1245522987,415.35,266.73,C3836517266,51753.57,51902.19,0,0.0,0
684,PAYMENT,3431.13,C1754603440,6045.85,2614.72,M5087280062,0.0,0.0,0,0.0,0
35,CASH_OUT,166.31,C1855256552,407.13,240.82,C2721355673,119135.68,119135.68,0,0.0033333333333333335,0
4,TRANSFER,4555.59,C1506211965,3987.94,0.0,M6820149016,0.0,0.0,1,0.76,1
76,TRANSFER,535.12,C6844582171,495.36,0.0,M9043367776,0.0,0.0,1,0.30333333333333334,0
699,CASH_OUT,1.0,C8991977937,0.0,0.0,C2480915452,2417.55,2417.55,0,0.02666666666666667,0
491,TRANSFER,2078.79,C3149484176,15380.75,13301.96,C6642201119,10028.02,12106.81,0,0.0033333333333333335,0
563,TRANSFER,691.62,C5604529187,634.17,0.0,C3338877621,807.5,807.5,1,0.1,0
636,TRANSFER,27424.71,C2148679234,112083.1,84658.39,C4914929023,11817.95,39242.66,0,0.0,0
671,PAYMENT,576.87,C1051354601,706.93,130.06,M1306420495,0.0,0.0,0,0.0,0
565,PAYMENT,1.0,C5728765136,0.0,0.0,M4588312351,0.0,0.0,0,0.0,0
183,DEBIT,35.63,C8612747444,119.92,84.29,M8869140487,0.0,0.0,0,0.02,0
528,PAYMENT,1.0,C4500557310,0.0,0.0,M9065458220,0.0,0.0,0,0.0,0
581,CASH_IN,82086.93,C8826851692,14.33,82101.26,C6952554500,4194.68,4194.68,0,0.0,0
499,CASH_OUT,111088.96,C3245108207,138052.86,26963.9,M9068916300,0.0,0.0,1,0.013333333333333334,0
323,PAYMENT,2731.29,C5271453859,3281.55,550.26,M9441870024,0.0,0.0,0,0.0,0
282,CASH_OUT,3764.25,C8110054933,4202.79,438.54,C8854238082,104653.18,104653.18,1,0.0,0
674,PAYMENT,1.0,C7579604766,0.0,0.0,M1368287033,0.0,0.0,0,0.0,0
9,TRANSFER,46950.56,C8734449371,56792.84,9842.28,M8768773991,0.0,0.0,1,0.16,0
43,PAYMENT,15375.64,C7517938612,90397.34,75021.7,M4641902461,0.0,0.0,0,0.0,0
302,CASH_OUT,2098.55,C1589582865,2474.41,375.86,C3470617247,0.0,0.0,1,0.006666666666666667,0
235,CASH_IN,15534.24,C9279291478,1736.42,17270.66,C6246716604,5776.34,5776.34,0,0.0,0
186,TRANSFER,4603.95,C2247484671,4409.2,0.0,M8276498637,0.0,0.0,1,0.8,1
341,PAYMENT,13143.42,C3791815554,147763.81,134620.39,M1368287033,0.0,0.0,0,0.0,0
480,CASH_OUT,15.78,C8942167666,22.39,6.61,C2139027119,65.19,65.19,0,0.04,0
431,DEBIT,24.4,C1282103057,91.93,67.53,M2418407139,0.0,0.0,0,0.02666666666666667,0
317,TRANSFER,56.69,C5870268582,166.77,110.08,C6317889312,0.0,56.69,0,0.15,0
484,TRANSFER,6.36,C3799620568,20.37,14.01,C1173215225,3112.53,3118.89,0,0.03333333333333333,0
61,PAYMENT,1.0,C3846570058,0.0,0.0,M6894024976,0.0,0.0,0,0.0,0
687,PAYMENT,49.57,C3250402001,143.89,94.32,M5985331805,0.0,0.0,0,0.0,0
428,CASH_OUT,17413.69,C1834624758,23146.66,5732.97,M7713758036,0.0,0.0,1,0.013333333333333334,0
419,PAYMENT,241.47,C9098129449,140698.97,140457.5,M2655546199,0.0,0.0,0,0.0,0
555,TRANSFER,4081.41,C9270323795,3440.07,0.0,M6845287382,0.0,0.0,1,0.9466666666666667,1
325,TRANSFER,12464.72,C9516893896,13143.6,678.88,C8906163641,146727.05,159191.77,0,0.0,0
84,PAYMENT,19304.96,C5151086814,256122.65,236817.69,M1442421654,0.0,0.0,0,0.0,0
347,PAYMENT,1.0,C5606736607,0.0,0.0,M8778927211,0.0,0.0,0,0.0,0
377,TRANSFER,204019.95,C8907752604,245661.35,41641.4,M6820149016,0.0,0.0,1,0.2733333333333333,0
188,TRANSFER,1874.49,C3869963931,2040.02,165.53,M5869990861,0.0,0.0,1,0.16333333333333333,0
129,PAYMENT,253.42,C5536224717,340.36,86.94,M4522855590,0.0,0.0,0,0.0,0
154,TRANSFER,1925.82,C8261111839,1990.31,64.49,M8366710477,0.0,0.0,1,0.29,0
676,PAYMENT,1153.78,C5539308214,1706.32,552.54,M6763471833,0.0,0.0,0,0.0,0
398,CASH_OUT,546.17,C7670476743,546.78,0.61,C4600630513,7.01,7.01,1,0.14,0
560,TRANSFER,348.64,C7209571615,919.84,571.2,C7784217828,15966.78,16315.42,0,0.0033333333333333335,0
528,CASH_OUT,2796.49,C6859286614,3168.21,371.72,M6130446648,0.0,0.0,1,0.02666666666666667,0
607,CASH_OUT,2466.67,C3597724331,2224.09,0.0,M9822499208,0.0,0.0,1,0.16333333333333333,0
580,PAYMENT,1.0,C8281641403,0.0,0.0,M3223687972,0.0,0.0,0,0.0,0
130,PAYMENT,2330.2,C3479708607,3778.53,1448.33,M5990749811,0.0,0.0,0,0.0,0
444,TRANSFER,4781.71,C4682870880,4234.84,0.0,M8443061472,0.0,0.0,1,0.8966666666666666,1
257,CASH_OUT,392.29,C9249923427,696.88,304.59,C1311570307,1.0,1.0,0,0.013333333333333334,0
150,TRANSFER,4384.02,C6955593943,4811.83,427.81,C9954587710,663.2,5047.22,1,0.0033333333333333335,0
523,TRANSFER,43.87,C2041349374,216.04,172.17,C3645901955,11264.59,11308.46,0,0.006666666666666667,0
452,CASH_OUT,1.0,C4014119648,0.0,0.0,C3464975279,8005.57,8005.57,0,0.04666666666666667,0
711,PAYMENT,1058.45,C3185386258,1285.13,226.68,M1257854279,0.0,0.0,0,0.0,0
140,PAYMENT,1.0,C8274273035,0.0,0.0,M7282885927,0.0,0.0,0,0.0,0
275,CASH_IN,52361.42,C7337225482,385.5,52746.92,C3660223333,0.0,0.0,0,0.0,0
82,CASH_OUT,17.34,C5421592782,180357.04,180339.7,C5694190173,105469.72,105469.72,0,0.0,0
443,PAYMENT,1.0,C3271361431,0.0,0.0,M6284297249,0.0,0.0,0,0.0,0
166,PAYMENT,1.0,C7625464411,0.0,0.0,M9900829971,0.0,0.0,0,0.0,0
89,CASH_OUT,1345.82,C2232285036,3894.57,2548.75,C3109688769,4470.79,4470.79,0,0.0,0
222,TRANSFER,4984.83,C9806189256,4951.85,0.0,C1471997674,59.36,59.36,1,0.4766666666666667,0
328,CASH_IN,28561.35,C9196564761,3.98,28565.33,C3465883999,21186.99,21186.99,0,0.0,0
220,CASH_OUT,195.91,C3117951204,338.19,142.28,C4102872611,2.13,2.13,0,0.0,0
659,PAYMENT,4711.05,C5837082260,10333.62,5622.57,M1857561275,0.0,0.0,0,0.0,0
558,PAYMENT,1.0,C1710924824,0.0,0.0,M3811254192,0.0,0.0,0,0.0,0
611,DEBIT,2109.29,C5729866281,6958.61,4849.32,M7717262223,0.0,0.0,0,0.03333333333333333,0
312,TRANSFER,1484.31,C1977515194,1480.38,0.0,M1185303518,0.0,0.0,1,0.38,0
583,PAYMENT,875.89,C7452729913,204316.41,203440.52,M2571632270,0.0,0.0,0,0.0,0
318,PAYMENT,25.97,C7757700186,72.46,46.49,M4329446784,0.0,0.0,0,0.0,0
476,CASH_OUT,71.96,C3360791536,178.59,106.63,C1361845490,1.92,1.92,0,0.043333333333333335,0
623,TRANSFER,1104.35,C6515369278,1506.54,402.19,C9924456994,321.03,321.03,1,0.07,0
11,CASH_OUT,3220.35,C1561417687,4108.42,888.07,C5025070544,1200.88,1200.88,1,0.0,0
18,TRANSFER,1184.92,C2409274786,32475.17,31290.25,C4503614567,162.13,1347.05,0,0.0,0
506,TRANSFER,328.8,C9303765140,330.65,1.85,M6199197408,0.0,0.0,1,0.18333333333333332,0
703,TRANSFER,49471.78,C5972484792,75865.68,26393.9,C7074050517,0.0,49471.78,0,0.0033333333333333335,0
484,PAYMENT,1.0,C4735313433,0.0,0.0,M3317856944,0.0,0.0,0,0.0,0
190,TRANSFER,452.9,C9136780852,792.27,339.37,C6691628146,0.0,452.9,0,0.006666666666666667,0
508,PAYMENT,1.0,C3978287288,0.0,0.0,M3317856944,0.0,0.0,0,0.0,0
59,TRANSFER,1.0,C3874432021,0.0,0.0,C5151086814,236817.69,236818.69,0,0.0,0
31,PAYMENT,111.03,C7271954644,187.47,76.44,M9896529524,0.0,0.0,0,0.0,0
47,DEBIT,5.13,C6046864799,6.12,0.99,M8768773991,0.0,0.0,0,0.023333333333333334,0
372,PAYMENT,9012.21,C1306702926,162124.53,153112.32,M2243802345,0.0,0.0,0,0.0,0
171,PAYMENT,206.48,C7872090713,259.34,52.86,M2604788242,0.0,0.0,0,0.0,0
463,CASH_OUT,93.48,C5610783750,108.4,14.92,C8382963909,13449.6,13449.6,0,0.023333333333333334,0
39,PAYMENT,1.0,C8841851495,0.0,0.0,M2249831874,0.0,0.0,0,0.0,0
262,TRANSFER,59.31,C8669484644,105.62,46.31,C8689593739,946.38,1005.69,0,0.01,0
196,CASH_OUT,462.69,C9516893896,678.88,216.19,C8761469117,2.52,2.52,0,0.013333333333333334,0
509,DEBIT,1.41,C9759180824,3.02,1.61,M6282009986,0.0,0.0,0,0.04,0
32,CASH_OUT,1.0,C6910112521,0.0,0.0,C9981364488,129.17,129.17,0,0.0,0
399,PAYMENT,1046.42,C1958682846,1326.81,280.39,M7861571879,0.0,0.0,0,0.0,0
354,TRANSFER,2088.1,C8578226896,2298.93,210.83,C7475684019,78557.37,78557.37,1,0.0,0
607,CASH_OUT,3361.41,C6986770879,3679.8,318.39,C3792347639,0.0,0.0,1,0.023333333333333334,0
225,CASH_OUT,56360.36,C7472806994,56971.27,610.91,M9558906999,0.0,0.0,1,0.0,0
406,CASH_OUT,3004.99,C1506211965,2713.9,0.0,C1248786714,0.0,0.0,1,0.13666666666666666,0
116,PAYMENT,478.91,C8674224347,745.7,266.79,M7168105904,0.0,0.0,0,0.0,0
87,PAYMENT,326.04,C2409274786,31290.25,30964.21,M8144889126,0.0,0.0,0,0.0,0
436,TRANSFER,3701.8,C2953462417,3537.11,0.0,M5694439775,0.0,0.0,1,0.9,1
5,CASH_OUT,186.73,C9776185998,2739.09,2552.36,C9229469952,0.0,0.0,0,0.02,0
585,PAYMENT,1.0,C1940684569,0.0,0.0,M6744039057,0.0,0.0,0,0.0,0
304,TRANSFER,166.04,C5976777081,608.24,442.2,C8757570742,0.0,166.04,0,0.013333333333333334,0
594,PAYMENT,1.0,C5293274004,0.0,0.0,M2249831874,0.0,0.0,0,0.0,0
710,TRANSFER,370.22,C6924716023,476.27,106.05,M2115862756,0.0,0.0,1,0.16333333333333333,0
491,PAYMENT,12284.24,C9388140708,56927.33,44643.09,M1732578761,0.0,0.0,0,0.0,0
319,CASH_OUT,1.0,C9270323795,0.0,0.0,C6797436140,43640.46,43640.46,0,0.0,0
76,PAYMENT,6819.95,C5275521470,10169.09,3349.14,M1692044390,0.0,0.0,0,0.0,0
131,TRANSFER,23326.45,C5666504394,28594.93,5268.48,M1692044390,0.0,0.0,1,0.23,0
210,TRANSFER,2981.5,C1005502537,4195.61,1214.11,C8303853049,279.88,279.88,1,0.01,0
615,CASH_OUT,2.22,C2464137110,181.76,179.54,C4471642620,108.2,108.2,0,0.023333333333333334,0
654,PAYMENT,12.62,C2965164102,98554.06,98541.44,M6045729129,0.0,0.0,0,0.0,0
209,CASH_OUT,1208.21,C3019214800,1167.35,0.0,M1343875431,0.0,0.0,1,0.056666666666666664,0
290,TRANSFER,93530.03,C8257484586,79547.12,0.0,M8727805468,0.0,0.0,1,0.85,1
640,CASH_OUT,38638.86,C9259157845,52215.56,13576.7,C2601198885,0.0,0.0,1,0.013333333333333334,0
58,CASH_OUT,110086.86,C7340498236,113541.97,3455.11,C5212581851,190.46,190.46,1,0.0033333333333333335,0
487,PAYMENT,5718.2,C8106906538,140759.69,135041.49,M1199447370,0.0,0.0,0,0.0,0
648,PAYMENT,27.0,C1691293717,37.13,10.13,M6498703287,0.0,0.0,0,0.0,0
321,PAYMENT,1.0,C3035761595,0.0,0.0,M4601406440,0.0,0.0,0,0.0,0
19,CASH_OUT,473.97,C3738900744,489.01,15.04,C1110533960,2022.74,2022.74,1,0.02666666666666667,0
55,DEBIT,4369.91,C8531118333,107313.11,102943.2,M2136107759,0.0,0.0,0,0.006666666666666667,0
426,TRANSFER,11.31,C1408988968,45.61,34.3,C3020939193,152079.18,152090.49,0,0.0,0
262,TRANSFER,72013.32,C7935554354,136218.13,64204.81,C4022360089,0.0,72013.32,0,0.0,0
646,CASH_OUT,1.0,C6542943838,0.0,0.0,C8625905455,466.79,466.79,0,0.056666666666666664,0
569,CASH_IN,77883.3,C7825844140,16779.57,94662.87,C5140460939,0.0,0.0,0,0.0,0
81,PAYMENT,7651.12,C3420721027,181426.09,173774.97,M6845287382,0.0,0.0,0,0.0,0
322,TRANSFER,97637.55,C9080621072,93388.31,0.0,M4665677395,0.0,0.0,1,0.97,1
295,PAYMENT,31.39,C5935852056,103336.31,103304.92,M2156184315,0.0,0.0,0,0.0,0
552,TRANSFER,319.39,C2926780541,4701.38,4381.99,C7499349987,11108.09,11427.48,0,0.0033333333333333335,0
476,PAYMENT,31.81,C1736086849,35.5,3.69,M5449848690,0.0,0.0,0,0.0,0
182,TRANSFER,1391.98,C9945002229,1231.08,0.0,M7230477043,0.0,0.0,1,0.35,0
154,CASH_OUT,1234.55,C7710396573,1329.09,94.54,C8160279830,27947.38,27947.38,1,0.0,0
112,PAYMENT,2198.55,C1553753599,4971.26,2772.71,M8740820392,0.0,0.0,0,0.0,0
93,TRANSFER,8.68,C1885113834,20.2,11.52,C6307626407,13.17,21.85,0,0.13333333333333333,0
609,TRANSFER,1.0,C5283911723,0.0,0.0,C6698759353,350.79,351.79,0,0.10666666666666667,0
492,PAYMENT,65.99,C1913706213,111.45,45.46,M5535650160,0.0,0.0,0,0.0,0
39,PAYMENT,3503.79,C2082326234,4475.89,972.1,M8235474949,0.0,0.0,0,0.0,0
383,CASH_OUT,5.08,C1197449658,5.53,0.45,C1596471620,416.18,416.18,0,0.03,0
445,PAYMENT,1.0,C7242730249,0.0,0.0,M1692044390,0.0,0.0,0,0.0,0
625,TRANSFER,350.66,C5646880148,468.52,117.86,C2647489402,88.67,439.33,0,0.056666666666666664,0
600,TRANSFER,2886.71,C1439921366,3983.32,1096.61,M2773408660,0.0,0.0,1,0.30333333333333334,0
439,PAYMENT,808.94,C5474951950,5388.27,4579.33,M3438830691,0.0,0.0,0,0.0,0
546,PAYMENT,21.42,C7710396573,94.54,73.12,M2541015125,0.0,0.0,0,0.0,0
647,TRANSFER,41991.17,C8934097788,198245.02,156253.85,C6334440295,60.45,42051.62,0,0.0,0
211,CASH_OUT,2214.4,C9858643842,1937.67,0.0,C7114223633,0.0,0.0,1,0.05,0
131,TRANSFER,1.0,C5243939720,0.0,0.0,C5160575046,1775.92,1776.92,0,0.006666666666666667,0
366,PAYMENT,1.0,C6923206003,0.0,0.0,M4211837506,0.0,0.0,0,0.0,0
97,PAYMENT,5829.71,C4509456565,29279.57,23449.86,M4665677395,0.0,0.0,0,0.0,0
345,DEBIT,2.0,C7597996327,5.3,3.3,M6820149016,0.0,0.0,0,0.03333333333333333,0
614,DEBIT,17732.94,C9711080868,95787.6,78054.66,M7664045502,0.0,0.0,0,0.02,0
193,TRANSFER,547.01,C8317619798,610.95,63.94,M1442421654,0.0,0.0,1,0.17333333333333334,0
151,PAYMENT,2609.65,C3245108207,26963.9,24354.25,M9631695368,0.0,0.0,0,0.0,0
703,CASH_OUT,21897.08,C8933377472,25725.53,3828.45,M2136107759,0.0,0.0,1,0.013333333333333334,0
693,DEBIT,9028.23,C4518871744,16667.88,7639.65,M1458227039,0.0,0.0,0,0.03333333333333333,0
639,TRANSFER,46.31,C6358023411,50.08,3.77,C1271730355,62010.66,62056.97,0,0.0033333333333333335,0
159,CASH_OUT,29810.24,C7666129822,133077.02,103266.78,C8015124886,16711.48,16711.48,0,0.0,0
305,TRANSFER,1471.35,C5569295400,1972.95,501.6,M6101516825,0.0,0.0,1,0.16666666666666666,0
579,PAYMENT,2427.16,C8015124886,16711.48,14284.32,M4306983924,0.0,0.0,0,0.0,0
284,PAYMENT,12911.98,C9302705838,29819.66,16907.68,M2695447268,0.0,0.0,0,0.0,0
174,CASH_OUT,324.71,C6928691380,438.8,114.09,M8858274691,0.0,0.0,1,0.0,0
378,CASH_OUT,1045.33,C1553155490,2543.9,1498.57,C1230624431,2901.09,2901.09,0,0.0,0
176,CASH_OUT,1385.31,C1110533960,2022.74,637.43,C5140460939,0.0,0.0,0,0.0,0
150,PAYMENT,344.91,C6761084958,459.62,114.71,M6932365592,0.0,0.0,0,0.0,0
618,PAYMENT,21.85,C7333678472,29.62,7.77,M8727805468,0.0,0.0,0,0.0,0
366,PAYMENT,13.67,C8293453178,28.09,14.42,M7532669066,0.0,0.0,0,0.0,0
637,TRANSFER,2713.17,C7920516981,6857.98,4144.81,C9303765140,1.85,2715.02,0,0.05333333333333334,0
491,CASH_OUT,117.72,C9409682410,259.22,141.5,C1506211965,0.0,0.0,0,0.03333333333333333,0
5,CASH_IN,45570.48,C6982610835,0.0,45570.48,C2952996248,787.17,787.17,0,0.006666666666666667,0
177,CASH_OUT,1889.83,C3019214800,2006.39,116.56,M9625656293,0.0,0.0,1,0.0,0
422,CASH_OUT,1.0,C6046864799,0.99,0.0,C7567496105,1447.03,1447.03,0,0.07333333333333333,0
155,CASH_OUT,1.0,C3291270703,0.0,0.0,C3185386258,226.68,226.68,0,0.0,0
486,CASH_OUT,757.18,C1400330495,666.44,0.0,M9098037639,0.0,0.0,1,0.17333333333333334,0
164,PAYMENT,120.89,C1439921366,1096.61,975.72,M6045729129,0.0,0.0,0,0.0,0
224,TRANSFER,17034.87,C4712367625,16803.73,0.0,C8236361108,104126.41,104126.41,1,0.013333333333333334,0
252,CASH_OUT,46.64,C1799718923,197.98,151.34,C7882206934,116384.27,116384.27,0,0.0,0
410,CASH_OUT,4315.84,C7920516981,4144.81,0.0,M4093474499,0.0,0.0,1,0.25333333333333335,0
80,PAYMENT,2951.56,C1225052083,5829.15,2877.59,M8138332494,0.0,0.0,0,0.0,0
534,PAYMENT,294.35,C5612645121,2846.58,2552.23,M9576264323,0.0,0.0,0,0.0,0
649,TRANSFER,1568.53,C7243352390,1647.0,78.47,C9539945315,607.23,607.23,1,0.1,0
116,CASH_OUT,1164.06,C6663846005,28396.21,27232.15,C6341783555,10097.59,10097.59,0,0.0,0
307,CASH_IN,140798.3,C3550908958,0.0,140798.3,C1242425303,0.0,0.0,0,0.0,0
536,TRANSFER,1131.44,C1664885408,1380.77,249.33,M9098037639,0.0,0.0,1,0.16333333333333333,0
435,PAYMENT,3.44,C1484664056,8.37,4.93,M5985331805,0.0,0.0,0,0.0,0
627,PAYMENT,1.0,C9702693937,0.0,0.0,M9068916300,0.0,0.0,0,0.0,0
435,CASH_OUT,22225.2,C1378134712,59482.43,37257.23,C7079234115,190.26,190.26,0,0.01,0
401,TRANSFER,724.31,C7979466538,755.39,31.08,M4390543744,0.0,0.0,1,0.16666666666666666,0
142,PAYMENT,247.75,C5728897164,1083.73,835.98,M3019265031,0.0,0.0,0,0.0,0
234,CASH_OUT,5203.64,C7483366056,5663.23,459.59,C4633257620,132.51,132.51,0,0.0033333333333333335,0
106,TRANSFER,20821.08,C6982610835,45570.48,24749.4,C9410288290,2267.82,23088.9,0,0.0,0
245,CASH_OUT,26256.54,C7061419749,27642.37,1385.83,M4952177946,0.0,0.0,1,0.0,0
401,PAYMENT,1.0,C1722124509,0.0,0.0,M7537130187,0.0,0.0,0,0.0,0
563,PAYMENT,96.83,C1981049082,106.94,10.11,M7861571879,0.0,0.0,0,0.0,0
16,DEBIT,1.0,C6937704752,0.0,0.0,M2586712032,0.0,0.0,0,0.023333333333333334,0
600,PAYMENT,1.0,C2825989011,0.76,0.0,M7351460539,0.0,0.0,0,0.0,0
183,CASH_OUT,1.0,C3470617247,0.0,0.0,C7402059279,4815.23,4815.23,0,0.0,0
663,PAYMENT,1241.84,C6385791669,1905.56,663.72,M4306983924,0.0,0.0,0,0.0,0
536,CASH_OUT,95.72,C1993998848,125.94,30.22,C5891280823,30.53,30.53,0,0.03666666666666667,0
598,PAYMENT,2579.52,C1664847319,307314.57,304735.05,M6101516825,0.0,0.0,0,0.0,0
186,CASH_OUT,66771.25,C3377702111,94414.27,27643.02,M3636366799,0.0,0.0,1,0.0,0
97,PAYMENT,1.0,C6317189421,0.0,0.0,M8144889126,0.0,0.0,0,0.0,0
213,CASH_OUT,488.47,C6887132821,729.88,241.41,C7417183769,603.64,603.64,0,0.01,0
355,TRANSFER,100347.76,C9911329062,84618.14,0.0,C4490722186,45833.27,45833.27,1,0.01,0
507,TRANSFER,663.89,C1209063208,764.36,100.47,C8757570742,166.04,829.93,0,0.04666666666666667,0
564,CASH_OUT,3062.05,C1977515194,4323.53,1261.48,M2541015125,0.0,0.0,1,0.02,0
662,TRANSFER,947.85,C1506211965,1264.95,317.1,C3293560436,0.0,0.0,1,0.16333333333333333,0
647,PAYMENT,216.5,C1506211965,317.1,100.6,M4456193555,0.0,0.0,0,0.0,0
295,TRANSFER,59556.37,C8854238082,104653.18,45096.81,C7027529118,695.32,60251.69,0,0.0,0
201,TRANSFER,128855.68,C9837912162,112448.72,0.0,C7846365089,0.0,128855.68,1,0.013333333333333334,0
620,CASH_OUT,492.96,C1519709079,423.56,0.0,C5476654128,9.02,9.02,1,0.07,0
430,PAYMENT,3358.27,C5407856339,11056.51,7698.24,M3831598303,0.0,0.0,0,0.0,0
679,CASH_OUT,137.0,C4767539382,136.61,0.0,M1185303518,0.0,0.0,1,0.07,0
167,TRANSFER,15224.84,C4145461251,13766.93,0.0,C8178361487,0.0,0.0,1,0.8833333333333333,1
98,TRANSFER,6.49,C4098389895,9.24,2.75,C7965608188,37071.75,37078.24,0,0.0,0
92,CASH_OUT,671.17,C8285786023,913.65,242.48,M6692705133,0.0,0.0,1,0.0033333333333333335,0
40,CASH_OUT,470.94,C5976777081,442.2,0.0,M3297681898,0.0,0.0,1,0.03333333333333333,0
111,PAYMENT,593.04,C9697414638,746.29,153.25,M9933702652,0.0,0.0,0,0.0,0
141,TRANSFER,424.2,C5278201677,474.72,50.52,C7135394336,29929.39,30353.59,1,0.0,0
370,CASH_OUT,1.0,C7508522951,0.0,0.0,C2953462417,0.0,0.0,0,0.03333333333333333,0
521,PAYMENT,240.85,C5100282913,34744.08,34503.23,M6845287382,0.0,0.0,0,0.0,0
578,CASH_OUT,7812.3,C1230249217,7393.92,0.0,M9398575277,0.0,0.0,1,0.2633333333333333,0
44,CASH_OUT,3673.13,C6961554653,3144.26,0.0,M9916475897,0.0,0.0,1,0.043333333333333335,0
506,PAYMENT,710.18,C2704657157,978.62,268.44,M1343875431,0.0,0.0,0,0.0,0
567,CASH_OUT,45550.12,C5783809766,51939.25,6389.13,M4665677395,0.0,0.0,1,0.013333333333333334,0
480,PAYMENT,1.0,C9503597301,0.0,0.0,M9068916300,0.0,0.0,0,0.0,0
173,TRANSFER,378.82,C5870891270,331.15,0.0,C5884391502,279.09,657.91,1,0.013333333333333334,0
455,TRANSFER,809.58,C4277581356,1031.46,221.88,M2625035499,0.0,0.0,1,0.15,0
296,CASH_OUT,1.0,C6921525436,0.0,0.0,C5364727160,70.0,70.0,0,0.013333333333333334,0
66,PAYMENT,13816.51,C9533595495,18990.29,5173.78,M8030400668,0.0,0.0,0,0.0,0
150,PAYMENT,40.63,C5227828349,298.08,257.45,M9026301048,0.0,0.0,0,0.0,0
117,PAYMENT,91.0,C3799264931,153.82,62.82,M4896576569,0.0,0.0,0,0.0,0
613,PAYMENT,315.65,C5421051452,19968.91,19653.26,M5990749811,0.0,0.0,0,0.0,0
263,CASH_OUT,128.54,C3465740756,166.67,38.13,M6130446648,0.0,0.0,1,0.0033333333333333335,0
450,TRANSFER,837.08,C5072538783,963.11,126.03,C8203447752,0.0,0.0,1,0.18,0
4,PAYMENT,15507.75,C8721631198,106198.85,90691.1,M7532669066,0.0,0.0,0,0.0,0
292,TRANSFER,41573.23,C8636525027,101747.73,60174.5,C1110724913,23850.33,65423.56,0,0.0,0
348,TRANSFER,216.57,C5992908271,222.81,6.24,C9798613995,0.0,0.0,1,0.15333333333333332,0
367,CASH_OUT,1.0,C3777580509,0.0,0.0,C3303082117,125.98,125.98,0,0.013333333333333334,0
185,CASH_OUT,1.0,C8477300991,0.0,0.0,C4062777850,3828.45,3828.45,0,0.0,0
631,TRANSFER,485.71,C1644608746,622.01,136.3,C4602080228,51464.82,51950.53,1,0.0,0
144,PAYMENT,1.0,C9376711497,0.0,0.0,M5714658227,0.0,0.0,0,0.0,0
222,TRANSFER,23882.53,C4993808565,31676.53,7794.0,C5431267548,304.46,304.46,1,0.013333333333333334,0
385,TRANSFER,2479.67,C2224336336,2669.56,189.89,C8133593748,232.37,232.37,1,0.023333333333333334,0
667,CASH_OUT,6586.92,C4683585586,6984.03,397.11,M5734228580,0.0,0.0,1,0.02666666666666667,0
315,TRANSFER,2157.7,C4748302739,2136.96,0.0,C8532327465,1297.12,3454.82,1,0.03666666666666667,0
55,TRANSFER,3735.83,C2183906581,58054.21,54318.38,C5862655247,0.0,3735.83,0,0.01,0
632,CASH_IN,114414.85,C9302705838,16907.68,131322.53,C9508499533,0.0,0.0,0,0.0,0
232,PAYMENT,1.0,C9523104008,0.0,0.0,M1442421654,0.0,0.0,0,0.0,0
45,TRANSFER,1.0,C4930438209,0.0,0.0,C5028688786,7637.69,7638.69,0,0.0,0
427,CASH_OUT,453.32,C9935429720,635.38,182.06,M7928143230,0.0,0.0,1,0.05,0
592,TRANSFER,983.0,C7567496105,1447.03,464.03,C6110943464,65.36,1048.36,0,0.03333333333333333,0
15,CASH_OUT,94875.79,C9302705838,131322.53,36446.74,C5945359606,152.81,152.81,1,0.0,0
17,PAYMENT,3991.56,C2732553940,108218.82,104227.26,M1802753761,0.0,0.0,0,0.0,0
182,CASH_OUT,7377.0,C8086527181,9810.0,2433.0,C5646751885,9157.22,9157.22,1,0.0,0
588,PAYMENT,1.0,C3768901084,0.0,0.0,M9404002665,0.0,0.0,0,0.0,0
234,TRANSFER,40470.87,C7575259637,37016.92,0.0,C8684026200,161389.96,161389.96,1,0.0,0
555,DEBIT,4224.44,C6115750294,39886.54,35662.1,M3811254192,0.0,0.0,0,0.02666666666666667,0
220,CASH_OUT,1.0,C8316648259,0.0,0.0,C8180620422,0.0,0.0,0,0.013333333333333334,0
532,TRANSFER,1810.3,C4786674545,2456.9,646.6,M7437168216,0.0,0.0,1,0.29,0
596,TRANSFER,5703.39,C7961674558,54031.71,48328.32,C6121801720,3853.41,9556.8,0,0.0,0
166,CASH_OUT,9879.38,C6081137534,11199.97,1320.59,M3145756342,0.0,0.0,1,0.0,0
89,PAYMENT,1.0,C2079501936,0.0,0.0,M1504729135,0.0,0.0,0,0.0,0
713,TRANSFER,3666.5,C8942167666,3349.9,0.0,M9773795424,0.0,0.0,1,0.85,1
18,PAYMENT,1.0,C7573442717,0.0,0.0,M6820149016,0.0,0.0,0,0.0,0
550,TRANSFER,821.44,C6959501845,869.45,48.01,C9272277508,9.94,9.94,1,0.18666666666666668,0
462,DEBIT,147.0,C8940731272,910.7,763.7,M4211837506,0.0,0.0,0,0.02666666666666667,0
355,CASH_OUT,27514.01,C8453283834,41916.77,14402.76,C1392245997,81538.43,81538.43,0,0.0,0
484,TRANSFER,2619.12,C6358023411,2799.51,180.39,C4656572173,12491.2,15110.32,1,0.01,0
190,PAYMENT,1.0,C5604529187,0.0,0.0,M4522855590,0.0,0.0,0,0.0,0
715,CASH_IN,80774.83,C1392245997,81538.43,162313.26,C8690920484,0.0,0.0,0,0.0,0
260,TRANSFER,61.57,C6655089949,58.24,0.0,M8778927211,0.0,0.0,1,0.23666666666666666,0
514,PAYMENT,146.72,C6161147047,1765.01,1618.29,M7351460539,0.0,0.0,0,0.0,0
244,TRANSFER,2341.26,C6276339732,3073.91,732.65,C4106464319,0.0,2341.26,0,0.0,0
35,TRANSFER,1.0,C2247484671,0.0,0.0,C1710924824,0.0,1.0,0,0.22333333333333333,0
157,PAYMENT,1.0,C5268845844,0.28,0.0,M3145756342,0.0,0.0,0,0.0,0
374,TRANSFER,660.36,C3392080953,10473.85,9813.49,C7803990970,1653.23,2313.59,0,0.0033333333333333335,0
30,PAYMENT,1.0,C4647891535,0.0,0.0,M7168105904,0.0,0.0,0,0.0,0
577,TRANSFER,115.1,C8791183272,143.08,27.98,M5270048042,0.0,0.0,1,0.17666666666666667,0
586,CASH_OUT,1.0,C6425814872,0.0,0.0,C9989642546,0.0,0.0,0,0.06333333333333334,0
720,CASH_OUT,22740.58,C8160279830,27947.38,5206.8,M2249831874,0.0,0.0,1,0.02666666666666667,0
75,CASH_OUT,96985.79,C5759272717,84718.58,0.0,C5400463094,3060.39,3060.39,1,0.06333333333333334,0
421,CASH_OUT,3742.34,C3589530484,4007.53,265.19,C9730449971,66.47,66.47,0,0.04666666666666667,0
327,TRANSFER,4901.25,C9558091177,4123.48,0.0,M9933702652,0.0,0.0,1,0.7566666666666667,1
618,TRANSFER,17.57,C8832617672,70.14,52.57,C4888749350,9959.48,9977.05,0,0.013333333333333334,0
193,PAYMENT,1.0,C6844582171,0.0,0.0,M7341757401,0.0,0.0,0,0.0,0
589,DEBIT,2838.1,C9663561486,7702.85,4864.75,M8740820392,0.0,0.0,0,0.03333333333333333,0
379,CASH_IN,70618.72,C8695129534,423.24,71041.96,C5728765136,0.0,0.0,0,0.0,0
293,PAYMENT,175.73,C3185386258,226.68,50.95,M9398575277,0.0,0.0,0,0.0,0
369,TRANSFER,625.73,C1446457642,1807.72,1181.99,C8293453178,14.42,640.15,0,0.006666666666666667,0
360,TRANSFER,1288.88,C8584566722,1379.61,90.73,M3107992942,0.0,0.0,1,0.19,0
430,TRANSFER,67720.34,C9974165440,61187.57,0.0,M4211837506,0.0,0.0,1,0.8333333333333334,1
389,CASH_OUT,570.98,C2304963614,766.17,195.19,C1245522987,266.73,266.73,1,0.016666666666666666,0
466,PAYMENT,1.0,C7608153267,0.0,0.0,M2328736852,0.0,0.0,0,0.0,0
27,TRANSFER,95.93,C8543865915,106.31,10.38,C2075321966,1003.09,1099.02,0,0.01,0
257,TRANSFER,3113.9,C7801948900,4717.36,1603.46,C2409274786,30964.21,34078.11,0,0.0,0
452,PAYMENT,157.15,C5400463094,3060.39,2903.24,M7948094928,0.0,0.0,0,0.0,0
493,PAYMENT,135.86,C1662259333,196.62,60.76,M5585110649,0.0,0.0,0,0.0,0
498,CASH_OUT,17158.81,C3520417815,16570.68,0.0,M4908108692,0.0,0.0,1,0.18666666666666668,0
487,CASH_IN,16406.5,C6673381261,0.0,16406.5,C9673185158,376.87,376.87,0,0.0,0
46,PAYMENT,8.73,C4492602049,14.09,5.36,M2115862756,0.0,0.0,0,0.0,0
79,TRANSFER,41680.58,C3884642366,44061.37,2380.79,M3690714075,0.0,0.0,1,0.26666666666666666,0
350,DEBIT,9157.35,C4440904834,11649.42,2492.07,M1466305100,0.0,0.0,0,0.02,0
629,PAYMENT,8610.12,C6875597607,117833.74,109223.62,M8728631945,0.0,0.0,0,0.0,0
379,PAYMENT,1.0,C5695387521,0.0,0.0,M5156392601,0.0,0.0,0,0.0,0
565,DEBIT,1587.14,C9081544414,4169.0,2581.86,M6651020291,0.0,0.0,0,0.03,0
417,CASH_OUT,3390.29,C7668801906,10526.23,7135.94,C3550908958,140798.3,140798.3,0,0.006666666666666667,0
637,PAYMENT,6.62,C5819946657,13.83,7.21,M3495411322,0.0,0.0,0,0.0,0
76,CASH_OUT,19029.09,C2065354117,47753.12,28724.03,C1139082827,61502.52,61502.52,0,0.0,0
596,PAYMENT,1.0,C2854772804,0.0,0.0,M2129491690,0.0,0.0,0,0.0,0
451,TRANSFER,15469.37,C8382963909,13449.6,0.0,M6401844042,0.0,0.0,1,0.8866666666666667,1
364,PAYMENT,1.0,C3995732958,0.0,0.0,M4865979921,0.0,0.0,0,0.0,0
662,PAYMENT,23119.28,C1316756902,156985.25,133865.97,M6361225622,0.0,0.0,0,0.0,0
598,CASH_OUT,3360.2,C8991514523,3527.53,167.33,M8144889126,0.0,0.0,1,0.02666666666666667,0
440,CASH_OUT,49214.02,C2183906581,54318.38,5104.36,C1939777262,10176.8,10176.8,0,0.0,0
277,PAYMENT,1.0,C9989642546,0.0,0.0,M7340036327,0.0,0.0,0,0.0,0
720,CASH_OUT,1.0,C7910817577,0.0,0.0,C8943866829,12322.52,12322.52,0,0.043333333333333335,0
310,PAYMENT,149.45,C5135595227,158.77,9.32,M5570190774,0.0,0.0,0,0.0,0
703,TRANSFER,3833.67,C8755749566,4248.7,415.03,M6401844042,0.0,0.0,1,0.30333333333333334,0
502,DEBIT,1498.48,C4590711152,2043.87,545.39,M2418407139,0.0,0.0,0,0.03,0
446,PAYMENT,1.0,C7292076361,0.64,0.0,M1343875431,0.0,0.0,0,0.0,0
653,CASH_OUT,29229.38,C5315211627,29168.76,0.0,M7351460539,0.0,0.0,1,0.16333333333333333,0
23,CASH_OUT,1.0,C7823288650,0.0,0.0,C3612617557,6459.45,6459.45,0,0.0,0
444,TRANSFER,1340.26,C6613888489,1219.54,0.0,M5000316394,0.0,0.0,1,0.4533333333333333,0
234,CASH_OUT,3609.02,C2173242669,17002.38,13393.36,C9248574674,1.15,1.15,0,0.0,0
154,PAYMENT,1195.96,C6466597005,2331.71,1135.75,M8389750357,0.0,0.0,0,0.0,0
703,PAYMENT,9.45,C4946081594,30.78,21.33,M1783432867,0.0,0.0,0,0.0,0
207,PAYMENT,1.0,C2247484671,0.0,0.0,M6763471833,0.0,0.0,0,0.0,0
293,TRANSFER,176.56,C4847761430,362.59,186.03,C4605117440,8.82,185.38,0,0.013333333333333334,0
177,TRANSFER,90.62,C7389111087,79.71,0.0,M8768773991,0.0,0.0,1,0.23333333333333334,0
616,PAYMENT,4.86,C6474354351,23.93,19.07,M3595066420,0.0,0.0,0,0.0,0
44,DEBIT,1.0,C9611537583,0.0,0.0,M1343875431,0.0,0.0,0,0.02666666666666667,0
595,PAYMENT,1.0,C4482141802,0.0,0.0,M7651029165,0.0,0.0,0,0.0,0
536,DEBIT,314.05,C7100408092,404.87,90.82,M9773795424,0.0,0.0,0,0.02666666666666667,0
59,TRANSFER,1.0,C8252816758,0.0,0.0,C3207160929,0.0,1.0,0,0.23333333333333334,0
520,TRANSFER,5927.61,C7019900273,9488.56,3560.95,C8184602688,998.02,6925.63,0,0.016666666666666666,0
39,PAYMENT,1.0,C1197449658,0.45,0.0,M5990749811,0.0,0.0,0,0.0,0
236,TRANSFER,84775.75,C9919491730,90891.89,6116.14,M6313472215,0.0,0.0,1,0.25666666666666665,0
533,PAYMENT,17.76,C6474354351,19.07,1.31,M6866146362,0.0,0.0,0,0.0,0
388,TRANSFER,98.41,C4104309491,125.1,26.69,C2962750929,612.95,711.36,0,0.013333333333333334,0
561,CASH_OUT,60.32,C9479654136,13922.18,13861.86,C7551874474,127352.16,127352.16,0,0.0033333333333333335,0
653,PAYMENT,1.0,C9376711497,0.0,0.0,M3846182436,0.0,0.0,0,0.0,0
608,TRANSFER,925.68,C6466597005,1135.75,210.07,M9918338001,0.0,0.0,1,0.16333333333333333,0
510,PAYMENT,95.79,C9981364488,129.17,33.38,M1999913493,0.0,0.0,0,0.0,0
128,CASH_OUT,294.27,C8763140509,260.69,0.0,M8030400668,0.0,0.0,1,0.01,0
688,TRANSFER,2750.52,C1487258103,2905.02,154.5,M3705237613,0.0,0.0,1,0.30333333333333334,0
108,PAYMENT,261.6,C9903351330,867.35,605.75,M9977193987,0.0,0.0,0,0.0,0
75,PAYMENT,55.69,C8833399096,190.92,135.23,M4390543744,0.0,0.0,0,0.0,0
447,CASH_OUT,46560.02,C9661615016,44848.39,0.0,M6041646576,0.0,0.0,1,0.10666666666666667,0
458,TRANSFER,191.0,C3436297208,242.64,51.64,C7010379415,345.83,536.83,0,0.05,0
427,CASH_IN,2906.21,C4751509023,0.0,2906.21,C4482238042,113303.13,113303.13,0,0.0,0
37,CASH_OUT,67.68,C5714169271,74.38,6.7,C9432088993,3.45,3.45,0,0.006666666666666667,0
395,TRANSFER,1.0,C3420671425,0.0,0.0,C7185179917,12278.93,12279.93,0,0.0,0
243,PAYMENT,3230.77,C7568980185,26352.99,23122.22,M3156792018,0.0,0.0,0,0.0,0
68,TRANSFER,1.0,C8763140509,0.0,0.0,C5455441991,119650.39,119651.39,0,0.0,0
336,TRANSFER,2681.91,C9503597301,3169.09,487.18,C8270110908,0.0,0.0,1,0.17,0
373,TRANSFER,184.61,C2464137110,179.54,0.0,C7088451458,20.66,205.27,1,0.11333333333333333,0
317,CASH_IN,6106.63,C8757570742,829.93,6936.56,C7949795085,17.08,17.08,0,0.0,0
307,CASH_OUT,12516.05,C6982610835,24749.4,12233.35,C5141285960,0.0,0.0,0,0.0,0
156,PAYMENT,1.0,C5283911723,0.0,0.0,M7343954769,0.0,0.0,0,0.0,0
348,DEBIT,254.79,C2424706705,318.74,63.95,M4820942294,0.0,0.0,0,0.02,0
431,DEBIT,1.0,C3128675098,0.0,0.0,M5315720088,0.0,0.0,0,0.04666666666666667,0
368,PAYMENT,6549.06,C2660286914,95280.89,88731.83,M4554178984,0.0,0.0,0,0.0,0
170,PAYMENT,9.45,C2254516608,18.56,9.11,M8218146534,0.0,0.0,0,0.0,0
170,TRANSFER,2.27,C3313993297,3.4,1.13,C3294092753,0.0,2.27,0,0.17,0
661,PAYMENT,11670.42,C4325878813,38903.42,27233.0,M9444143872,0.0,0.0,0,0.0,0
33,CASH_OUT,11473.99,C6287793163,16072.65,4598.66,C1657675888,8625.99,8625.99,0,0.0,0
54,CASH_OUT,2854.46,C9912233947,2444.99,0.0,C6674372082,0.0,0.0,1,0.05,0
625,CASH_OUT,3892.63,C2320763135,5162.9,1270.27,C6797174636,886.06,886.06,1,0.013333333333333334,0
446,CASH_OUT,38467.17,C8854238082,45096.81,6629.64,C5144289583,27.14,27.14,0,0.013333333333333334,0
49,PAYMENT,219.19,C3918046336,3704.49,3485.3,M4306983924,0.0,0.0,0,0.0,0
609,TRANSFER,1130.15,C9376277483,1775.56,645.41,C4682870880,0.0,1130.15,0,0.05,0
672,TRANSFER,52419.98,C9725528903,57363.13,4943.15,C5710360983,237.68,52657.66,0,0.0033333333333333335,0
491,CASH_OUT,10.73,C6633778586,35.09,24.36,C1233079614,153567.28,153567.28,0,0.0,0
97,TRANSFER,8023.59,C1659663750,7804.04,0.0,C9919491730,6116.14,14139.73,1,0.0033333333333333335,0
687,TRANSFER,21088.55,C9388140708,44643.09,23554.54,C4508521152,103.05,21191.6,0,0.0,0
257,PAYMENT,814.46,C1065857791,19486.32,18671.86,M2243802345,0.0,0.0,0,0.0,0
637,TRANSFER,1.0,C8180620422,0.0,0.0,C7873709012,185804.28,185805.28,0,0.0,0
382,CASH_OUT,45.41,C2424706705,63.95,18.54,M1692044390,0.0,0.0,1,0.013333333333333334,0
643,CASH_OUT,1.0,C4500557310,0.0,0.0,C6241752544,0.0,0.0,0,0.06,0
40,CASH_OUT,2587.46,C1127978094,2804.58,217.12,M6692705133,0.0,0.0,1,0.0,0
285,CASH_OUT,82.81,C7473868020,75.27,0.0,M4522855590,0.0,0.0,1,0.04666666666666667,0
159,PAYMENT,815.06,C9592390865,884.37,69.31,M3831598303,0.0,0.0,0,0.0,0
127,PAYMENT,584.88,C8666074487,1403.92,819.04,M2625035499,0.0,0.0,0,0.0,0
6,PAYMENT,1.0,C3605585995,0.0,0.0,M2249831874,0.0,0.0,0,0.0,0
257,CASH_OUT,113.0,C7818568548,131.15,18.15,C7174772035,191875.99,191875.99,1,0.006666666666666667,0
557,DEBIT,169.12,C9860949331,264.32,95.2,M3107992942,0.0,0.0,0,0.02666666666666667,0
34,TRANSFER,7501.99,C2914590233,6567.79,0.0,M2586712032,0.0,0.0,1,0.76,1
43,PAYMENT,28.09,C1625217504,30.75,2.66,M8030400668,0.0,0.0,0,0.0,0
363,CASH_OUT,479.77,C1026224160,426.73,0.0,M3313346852,0.0,0.0,1,0.07666666666666666,0
460,PAYMENT,134.89,C5789617427,463.38,328.49,M4122901114,0.0,0.0,0,0.0,0
50,PAYMENT,1137.34,C6623360831,2915.29,1777.95,M9021793855,0.0,0.0,0,0.0,0
200,CASH_OUT,2057.04,C8503368512,2356.12,299.08,M8728631945,0.0,0.0,1,0.0,0
584,TRANSFER,1.0,C5778781449,0.0,0.0,C3906611156,97.97,98.97,0,0.13666666666666666,0
495,TRANSFER,599.95,C6218484323,693.01,93.06,M4820942294,0.0,0.0,1,0.17333333333333334,0
504,TRANSFER,1.0,C5870891270,0.0,0.0,C2836553621,0.0,1.0,0,0.22333333333333333,0
345,PAYMENT,331.79,C6115750294,35662.1,35330.31,M8144889126,0.0,0.0,0,0.0,0
135,CASH_OUT,911.01,C7818568548,1130.98,219.97,M7960713821,0.0,0.0,1,0.0,0
619,CASH_OUT,847.42,C8316205130,914.04,66.62,C1662259333,60.76,60.76,0,0.04,0
700,CASH_OUT,1173.67,C2612579345,3868.24,2694.57,C1446457642,1181.99,1181.99,0,0.013333333333333334,0
508,CASH_OUT,1122.07,C1993998848,1064.48,0.0,M3019265031,0.0,0.0,1,0.22666666666666666,0
107,PAYMENT,242.17,C2295574037,282.59,40.42,M3019265031,0.0,0.0,0,0.0,0
626,PAYMENT,4001.63,C2178884276,10743.31,6741.68,M2541015125,0.0,0.0,0,0.0,0
359,CASH_OUT,1412.43,C6645808194,56707.72,55295.29,C2878930355,0.0,0.0,0,0.0,0
307,TRANSFER,1.0,C5333183840,0.0,0.0,C9581991473,0.0,1.0,0,0.22666666666666666,0
503,TRANSFER,5765.01,C9725528903,4943.15,0.0,C8168394616,0.0,5765.01,1,0.3466666666666667,0
677,TRANSFER,12694.31,C9691572571,24747.32,12053.01,C1710924824,1.0,12695.31,0,0.006666666666666667,0
665,PAYMENT,1.0,C9514255777,0.0,0.0,M6659847491,0.0,0.0,0,0.0,0
469,TRANSFER,48.13,C7872090713,52.86,4.73,C6305160342,146.26,194.39,0,0.07666666666666666,0
207,PAYMENT,9453.25,C5482431018,22900.77,13447.52,M5270048042,0.0,0.0,0,0.0,0
440,TRANSFER,1816.83,C8178927766,2651.41,834.58,C4440904834,2492.07,4308.9,0,0.03,0
96,TRANSFER,185.64,C4956843441,255.75,70.11,C5031086659,62231.87,62417.51,0,0.0,0
210,TRANSFER,10192.01,C9309500117,9032.04,0.0,M7437168216,0.0,0.0,1,0.8033333333333333,1
597,CASH_OUT,3362.06,C2848792488,4554.37,1192.31,M3107992942,0.0,0.0,1,0.02,0
489,TRANSFER,4063.71,C3205292512,23950.75,19887.04,C4681264539,0.0,4063.71,0,0.01,0
241,PAYMENT,5393.2,C8995045543,95082.37,89689.17,M3636366799,0.0,0.0,0,0.0,0
30,TRANSFER,9973.87,C1094115188,12100.47,2126.6,C5613655595,1273.56,1273.56,1,0.0,0
615,TRANSFER,13129.11,C8086684009,11171.21,0.0,C6496933442,647.15,647.15,1,0.4,0
89,PAYMENT,8176.15,C1316756902,133865.97,125689.82,M6763471833,0.0,0.0,0,0.0,0
299,PAYMENT,27.96,C8380507338,29.56,1.6,M3469205576,0.0,0.0,0,0.0,0
109,PAYMENT,1.0,C6562144159,0.0,0.0,M7351460539,0.0,0.0,0,0.0033333333333333335,0
504,CASH_OUT,267.71,C9581991473,272.81,5.1,C2178884276,6741.68,6741.68,1,0.023333333333333334,0
691,TRANSFER,1.0,C3313993297,1.13,0.13,C4993808565,7794.0,7795.0,0,0.03666666666666667,0
132,TRANSFER,8.84,C2242377075,17.21,8.37,C3965676060,474.4,483.24,0,0.006666666666666667,0
389,PAYMENT,4.77,C6587537178,6.4,1.63,M7437168216,0.0,0.0,0,0.0,0
195,TRANSFER,381.11,C8418332121,496.14,115.03,M1096405016,0.0,0.0,1,0.16666666666666666,0
609,PAYMENT,20030.22,C7517938612,75021.7,54991.48,M4820942294,0.0,0.0,0,0.0,0
356,TRANSFER,7841.08,C6075963527,21318.09,13477.01,C9630522755,102.84,7943.92,0,0.0,0
5,TRANSFER,2684.19,C5638860656,2748.15,63.96,C3791027186,4663.26,4663.26,1,0.013333333333333334,0
368,TRANSFER,6214.78,C3074232200,7146.51,931.73,C4714465905,0.0,6214.78,0,0.0,0
695,TRANSFER,1.0,C6732648420,0.0,0.0,C7420846622,3118.75,3119.75,0,0.043333333333333335,0
584,CASH_OUT,15520.61,C8015124886,14284.32,0.0,C3521166052,1943.79,1943.79,1,0.17,0
28,TRANSFER,45218.23,C4907446848,48633.09,3414.86,C2601198885,0.0,0.0,1,0.23,0
440,PAYMENT,1.0,C5182110973,0.0,0.0,M9026301048,0.0,0.0,0,0.0,0
413,PAYMENT,13.47,C8833399096,135.23,121.76,M3811254192,0.0,0.0,0,0.0,0
335,CASH_IN,58585.91,C7374584386,152.35,58738.26,C6877052039,36474.21,36474.21,0,0.0,0
326,CASH_OUT,118428.14,C3389594115,107861.49,0.0,C9403748506,31.31,31.31,1,0.02666666666666667,0
461,CASH_OUT,4709.03,C6952554500,4194.68,0.0,C8943866829,12322.52,12322.52,1,0.27666666666666667,0
640,TRANSFER,99.4,C3664052763,114.65,15.25,C9379439373,319.17,418.57,0,0.07666666666666666,0
312,TRANSFER,6175.13,C8703867299,7372.58,1197.45,C1264739091,20.67,6195.8,0,0.0,0
305,DEBIT,29.89,C2510308881,35.92,6.03,M7351460539,0.0,0.0,0,0.023333333333333334,0
389,TRANSFER,3442.2,C7092693247,3433.68,0.0,M1306420495,0.0,0.0,1,0.7433333333333333,1
347,CASH_OUT,5411.24,C8372755146,6518.39,1107.15,M2303835765,0.0,0.0,1,0.013333333333333334,0
595,CASH_OUT,23.19,C3328710672,93.1,69.91,C2445662585,5938.61,5938.61,0,0.02,0
326,PAYMENT,3321.29,C6128695961,4135.04,813.75,M8102481401,0.0,0.0,0,0.0,0
203,CASH_OUT,1.0,C6715705115,0.0,0.0,C4710967433,0.0,0.0,0,0.013333333333333334,0
483,CASH_OUT,404.44,C6656646925,368.73,0.0,C5819946657,7.21,7.21,1,0.1,0
679,PAYMENT,51.73,C1251837136,82.5,30.77,M3355504998,0.0,0.0,0,0.0,0
49,TRANSFER,6982.14,C5735817014,6779.45,0.0,C5868640848,5353.73,5353.73,1,0.006666666666666667,0
643,TRANSFER,2118.31,C6463640105,2332.72,214.41,C4422700486,36094.01,36094.01,1,0.013333333333333334,0
256,TRANSFER,1118.64,C5476654128,1092.01,0.0,M6771941776,0.0,0.0,1,0.3466666666666667,0
76,TRANSFER,27.66,C6037168610,32.44,4.78,C4405620755,116131.88,116159.54,0,0.0,0
513,TRANSFER,1.0,C1242425303,0.0,0.0,C1471997674,59.36,60.36,0,0.16333333333333333,0
411,PAYMENT,1.0,C2870403050,0.0,0.0,M9900829971,0.0,0.0,0,0.0,0
229,CASH_OUT,2202.35,C3095318649,2381.65,179.3,M8646369354,0.0,0.0,1,0.0,0
55,PAYMENT,92.61,C8926438617,200.89,108.28,M2115406331,0.0,0.0,0,0.0,0
662,PAYMENT,3578.56,C8300300577,28250.1,24671.54,M6651754819,0.0,0.0,0,0.0,0
504,CASH_IN,84074.97,C6121801720,9556.8,93631.77,C5837082260,5622.57,5622.57,0,0.0,0
555,TRANSFER,929.07,C5419627962,1309.99,380.92,M6692705133,0.0,0.0,1,0.15,0
566,TRANSFER,1.0,C9911329062,0.0,0.0,C8796286443,592.43,593.43,0,0.08666666666666667,0
507,PAYMENT,10.73,C2620054076,26.63,15.9,M6313472215,0.0,0.0,0,0.0,0
299,PAYMENT,64.23,C2390587865,134.48,70.25,M1811839103,0.0,0.0,0,0.0,0
236,PAYMENT,1.0,C8252045593,0.0,0.0,M8646369354,0.0,0.0,0,0.0,0
437,PAYMENT,2180.04,C3975418439,83668.99,81488.95,M7532669066,0.0,0.0,0,0.0,0
612,PAYMENT,1.0,C1367704871,0.0,0.0,M8235474949,0.0,0.0,0,0.0,0
54,DEBIT,543.91,C2405746777,672.09,128.18,M8667946580,0.0,0.0,0,0.016666666666666666,0
404,TRANSFER,1.0,C6156843353,0.0,0.0,C1378134712,37257.23,37258.23,0,0.0,0
646,CASH_OUT,1501.85,C1940684569,1952.86,451.01,M7750131975,0.0,0.0,1,0.02666666666666667,0
640,TRANSFER,1019.57,C4440904834,4308.9,3289.33,C8487449580,171207.36,172226.93,0,0.01,0
35,CASH_OUT,34.58,C7685540186,3943.29,3908.71,C8497938394,0.0,0.0,0,0.0033333333333333335,0
460,TRANSFER,83966.81,C2140169349,77558.58,0.0,C7763765757,465.42,465.42,1,0.43666666666666665,0
73,CASH_IN,14027.3,C7767834064,0.0,14027.3,C9830946410,956.1,956.1,0,0.0,0
634,CASH_OUT,1.0,C8373547961,0.0,0.0,C6698759353,351.79,351.79,0,0.05,0
49,CASH_OUT,102.83,C3980491761,86.33,0.0,C1364994639,114513.79,114513.79,1,0.013333333333333334,0
216,PAYMENT,1.0,C4623960580,0.0,0.0,M7750131975,0.0,0.0,0,0.0,0
264,TRANSFER,1.0,C2247484671,0.0,0.0,C4486522557,84996.67,84997.67,0,0.0,0
45,PAYMENT,1.36,C5296710795,2.42,1.06,M4122901114,0.0,0.0,0,0.0,0
242,CASH_OUT,37621.56,C3791815554,134620.39,96998.83,C2079501936,0.0,0.0,0,0.0,0
104,CASH_OUT,118.31,C9516893896,216.19,97.88,C8418332121,115.03,115.03,0,0.01,0
31,PAYMENT,1.0,C3722583581,0.0,0.0,M9444143872,0.0,0.0,0,0.0,0
565,PAYMENT,233.84,C2704657157,268.44,34.6,M7678293431,0.0,0.0,0,0.0,0
557,CASH_OUT,375.73,C2654584280,401.42,25.69,M6045729129,0.0,0.0,1,0.04,0
590,TRANSFER,359.92,C8902275119,481.06,121.14,M6606958660,0.0,0.0,1,0.15333333333333332,0
453,TRANSFER,1.0,C4877520294,0.0,0.0,C9463197203,186.75,187.75,0,0.11,0
470,TRANSFER,2472.2,C7305101214,2378.82,0.0,M4892544235,0.0,0.0,1,0.8833333333333333,1
125,TRANSFER,4869.91,C6169243284,4342.31,0.0,C1383539822,0.0,0.0,1,0.74,1
377,PAYMENT,1.0,C2984460654,0.34,0.0,M3094407076,0.0,0.0,0,0.0,0
720,TRANSFER,3059.87,C4930438209,3149.68,89.81,C1521521078,88198.98,88198.98,1,0.016666666666666666,0
476,CASH_OUT,1.0,C3768901084,0.0,0.0,C8480622107,86.95,86.95,0,0.08333333333333333,0
397,PAYMENT,1.0,C5141285960,0.0,0.0,M9620935604,0.0,0.0,0,0.0,0
305,PAYMENT,7375.4,C5421051452,19653.26,12277.86,M5087280062,0.0,0.0,0,0.0,0
461,CASH_OUT,3189.96,C2953462417,4331.76,1141.8,C3574081104,53.73,53.73,1,0.04,0
584,CASH_OUT,2430.91,C4713453204,3328.95,898.04,M3208200227,0.0,0.0,1,0.02666666666666667,0
445,TRANSFER,220.51,C4579265601,235.74,15.23,M9631695368,0.0,0.0,1,0.16666666666666666,0
586,TRANSFER,125483.92,C5439176290,106164.94,0.0,C2570991899,273.92,273.92,1,0.42,0
254,PAYMENT,4.25,C4042413312,6.33,2.08,M7969674420,0.0,0.0,0,0.0,0
547,PAYMENT,111.48,C1563524533,34198.64,34087.16,M9523139706,0.0,0.0,0,0.0,0
497,PAYMENT,85.54,C1041531046,289.1,203.56,M4952177946,0.0,0.0,0,0.0,0
549,CASH_OUT,5070.2,C9697354961,4971.21,0.0,C3612617557,6459.45,6459.45,1,0.14,0
144,CASH_IN,67364.84,C2052811909,595.3,67960.14,C5536224717,86.94,86.94,0,0.0,0
695,TRANSFER,1.0,C1234359689,0.0,0.0,C1644608746,136.3,137.3,0,0.11,0
166,PAYMENT,2.89,C2242377075,8.37,5.48,M1647181551,0.0,0.0,0,0.0,0
5,DEBIT,34729.12,C3828935922,74441.28,39712.16,M7343954769,0.0,0.0,0,0.006666666666666667,0
510,CASH_OUT,1859.45,C1546696950,12314.25,10454.8,C2020262123,27017.88,27017.88,0,0.0,0
719,TRANSFER,24882.95,C3214080278,26998.86,2115.91,C2591589823,12.04,24894.99,0,0.02,0
216,CASH_OUT,1212.44,C5161807235,1340.13,127.69,C8666074487,819.04,819.04,1,0.0,0
67,PAYMENT,44.24,C6237376063,72.34,28.1,M2228388623,0.0,0.0,0,0.0,0
105,CASH_OUT,32.33,C9780187424,56.31,23.98,C1506211965,100.6,100.6,0,0.0,0
400,PAYMENT,56.89,C6142469284,71.96,15.07,M3317856944,0.0,0.0,0,0.0,0
202,PAYMENT,3989.26,C5998623100,20932.28,16943.02,M5919148165,0.0,0.0,0,0.0,0
478,PAYMENT,1.0,C2984460654,0.0,0.0,M3495411322,0.0,0.0,0,0.0,0
479,TRANSFER,3448.28,C4470591645,2955.47,0.0,C9645619869,46205.65,49653.93,1,0.05333333333333334,0
351,DEBIT,18446.11,C5694848867,44044.0,25597.89,M3072183247,0.0,0.0,0,0.016666666666666666,0
682,TRANSFER,102.11,C8115628227,115.11,13.0,M4456193555,0.0,0.0,1,0.17333333333333334,0
216,TRANSFER,4333.51,C6542943838,3899.86,0.0,C1139082827,61502.52,65836.03,1,0.0033333333333333335,0
478,CASH_OUT,4611.48,C2578662692,4221.52,0.0,C7757700186,46.49,46.49,1,0.37666666666666665,0
526,TRANSFER,1413.18,C6719736115,1749.56,336.38,M9098037639,0.0,0.0,1,0.20333333333333334,0
134,CASH_OUT,8158.81,C5407856339,7698.24,0.0,M5714658227,0.0,0.0,1,0.09333333333333334,0
525,PAYMENT,380.42,C5613655595,1273.56,893.14,M6999146585,0.0,0.0,0,0.0,0
502,DEBIT,62.56,C2283298067,13249.04,13186.48,M3595066420,0.0,0.0,0,0.023333333333333334,0
230,TRANSFER,25.99,C7750819485,81.82,55.83,C4102872611,2.13,28.12,0,0.15666666666666668,0
460,PAYMENT,2323.27,C8182649048,28809.05,26485.78,M2187592160,0.0,0.0,0,0.0,0
498,TRANSFER,47898.21,C3412273600,53614.17,5715.96,C5883933127,2954.63,50852.84,0,0.0,0
702,TRANSFER,109.5,C6922713963,115.97,6.47,M4641902461,0.0,0.0,1,0.17666666666666667,0
460,CASH_OUT,143.33,C4745927824,12108.64,11965.31,C8953271391,606.68,606.68,0,0.02,0
440,PAYMENT,1868.21,C7420846622,3119.75,1251.54,M4211837506,0.0,0.0,0,0.0,0
568,CASH_OUT,5846.48,C4914929023,39242.66,33396.18,C1293864877,3276.01,3276.01,0,0.0033333333333333335,0
197,PAYMENT,59.88,C2405746777,128.18,68.3,M2121448210,0.0,0.0,0,0.0,0
319,TRANSFER,150.03,C6986770879,318.39,168.36,C7784217828,16315.42,16465.45,0,0.0,0
563,TRANSFER,533.95,C1707196784,857.82,323.87,C7568980185,23122.22,23656.17,0,0.0033333333333333335,0
488,PAYMENT,6.05,C1885113834,11.52,5.47,M8740820392,0.0,0.0,0,0.0,0
655,CASH_OUT,2833.81,C8199372599,3031.65,197.84,M8727805468,0.0,0.0,1,0.023333333333333334,0
351,CASH_OUT,2678.32,C9303765140,2715.02,36.7,C8925520026,0.0,0.0,0,0.02,0
714,PAYMENT,22.62,C7602474923,32.98,10.36,M6865994703,0.0,0.0,0,0.0,0
523,TRANSFER,94.18,C8612747444,84.29,0.0,M5585110649,0.0,0.0,1,0.23333333333333334,0
257,TRANSFER,14880.62,C2283298067,13186.48,0.0,C7266763552,17682.08,32562.7,1,0.016666666666666666,0
549,PAYMENT,8.46,C3358880404,26.81,18.35,M8778927211,0.0,0.0,0,0.0,0
344,PAYMENT,1.11,C2801177461,130.13,129.02,M5734228580,0.0,0.0,0,0.0,0
394,TRANSFER,77.11,C4203205881,64.48,0.0,C1045302356,94.25,94.25,1,0.07,0
300,CASH_OUT,5511.54,C4508521152,21191.6,15680.06,C1684598046,0.0,0.0,0,0.0,0
679,PAYMENT,823.71,C4914929023,33396.18,32572.47,M7453081889,0.0,0.0,0,0.0,0
588,CASH_IN,27873.4,C2761091683,401.33,28274.73,C1173215225,3118.89,3118.89,0,0.0,0
346,PAYMENT,1.0,C7092693247,0.0,0.0,M8458323087,0.0,0.0,0,0.0,0
143,PAYMENT,6955.58,C9703905715,15783.28,8827.7,M1096405016,0.0,0.0,0,0.0,0
83,CASH_OUT,1129.06,C2635231601,1088.2,0.0,C9573276057,80.89,80.89,1,0.043333333333333335,0
29,PAYMENT,1.0,C8373547961,0.0,0.0,M8643636805,0.0,0.0,0,0.0,0
2,PAYMENT,1.0,C2140169349,0.0,0.0,M5315720088,0.0,0.0,0,0.0,0
647,TRANSFER,107.87,C5634076661,102.44,0.0,C6128695961,813.75,921.62,1,0.08666666666666667,0
357,CASH_OUT,1.0,C3694860228,0.0,0.0,C9798548049,108201.68,108201.68,0,0.0,0
513,CASH_OUT,1350.19,C1691293717,1407.28,57.09,M1732578761,0.0,0.0,1,0.04666666666666667,0
346,CASH_OUT,24.1,C3102209245,46.77,22.67,C3874432021,0.0,0.0,0,0.01,0
632,PAYMENT,1.0,C6009268066,0.0,0.0,M9776500600,0.0,0.0,0,0.0,0
363,DEBIT,1.03,C3550908958,140798.3,140797.27,M3145756342,0.0,0.0,0,0.006666666666666667,0
57,TRANSFER,58673.66,C6868336102,49521.46,0.0,M7343954769,0.0,0.0,1,0.7466666666666667,1
98,PAYMENT,437.09,C3420721027,173774.97,173337.88,M7270955446,0.0,0.0,0,0.0,0
218,PAYMENT,1.0,C8763140509,0.0,0.0,M7351460539,0.0,0.0,0,0.0,0
49,TRANSFER,1.33,C9759180824,1.61,0.28,C3645901955,11308.46,11309.79,0,0.0,0
357,PAYMENT,1.0,C2503068227,0.0,0.0,M9441870024,0.0,0.0,0,0.0,0
672,TRANSFER,3314.96,C2181241943,3054.63,0.0,M8874242713,0.0,0.0,1,0.9066666666666666,1
479,PAYMENT,47.35,C3799264931,62.82,15.47,M6558769264,0.0,0.0,0,0.0,0
308,PAYMENT,392.21,C4713453204,898.04,505.83,M3019265031,0.0,0.0,0,0.0,0
141,PAYMENT,1.0,C9318010743,0.0,0.0,M1504729135,0.0,0.0,0,0.0,0
241,PAYMENT,74.92,C7083067988,148.81,73.89,M6606958660,0.0,0.0,0,0.0,0
698,TRANSFER,88870.41,C1084790270,86081.28,0.0,C9272277508,9.94,9.94,1,0.8266666666666667,1
231,DEBIT,27588.29,C2439622619,28221.39,633.1,M1466305100,0.0,0.0,0,0.023333333333333334,0
86,CASH_OUT,77701.82,C3923823693,65559.15,0.0,M1442421654,0.0,0.0,1,0.05,0
93,TRANSFER,4616.74,C7114223633,4827.23,210.49,C8387664437,0.0,0.0,1,0.21333333333333335,0
345,PAYMENT,1.0,C3923699745,0.0,0.0,M8869140487,0.0,0.0,0,0.0,0
131,PAYMENT,1280.73,C8505373158,8381.89,7101.16,M8768773991,0.0,0.0,0,0.0,0
541,CASH_OUT,1.0,C5439176290,0.0,0.0,C8750840032,10.07,10.07,0,0.05333333333333334,0
682,PAYMENT,3.15,C4579265601,15.23,12.08,M4689605624,0.0,0.0,0,0.0,0
262,CASH_OUT,1.0,C2267619081,0.0,0.0,C2293434554,689.33,689.33,0,0.016666666666666666,0
180,CASH_OUT,53879.33,C5175416378,66777.12,12897.79,M4522855590,0.0,0.0,1,0.0,0
77,PAYMENT,17.54,C9592390865,69.31,51.77,M2586712032,0.0,0.0,0,0.0,0
152,PAYMENT,919.02,C1230624431,2901.09,1982.07,M6199197408,0.0,0.0,0,0.0,0
654,CASH_OUT,25.45,C5879617459,499.38,473.93,C4147025728,61.41,61.41,0,0.02,0
698,TRANSFER,95.08,C8390631634,140.95,45.87,C5785481124,0.0,95.08,0,0.16333333333333333,0
157,TRANSFER,71.87,C9860949331,95.2,23.33,M9822499208,0.0,0.0,1,0.15,0
650,CASH_OUT,5070.5,C8880184233,4246.82,0.0,M5000316394,0.0,0.0,1,0.23,0
157,CASH_OUT,6679.99,C4095476665,17748.53,11068.54,C1036351450,27.61,27.61,0,0.0,0
448,PAYMENT,387.03,C5485387618,661.56,274.53,M2604788242,0.0,0.0,0,0.0,0
158,PAYMENT,6.3,C2866092821,21.44,15.14,M1257854279,0.0,0.0,0,0.0,0
432,CASH_OUT,10550.08,C9471306442,9694.31,0.0,M2303835765,0.0,0.0,1,0.23333333333333334,0
538,TRANSFER,50903.17,C5031086659,62417.51,11514.34,M9098037639,0.0,0.0,1,0.28,0
605,CASH_OUT,15915.42,C3075362821,103637.41,87721.99,C4776677517,1.0,1.0,0,0.01,0
267,PAYMENT,1.0,C8012696455,0.0,0.0,M6498703287,0.0,0.0,0,0.0,0
487,PAYMENT,1.0,C2947476917,0.0,0.0,M6101516825,0.0,0.0,0,0.0,0
671,CASH_OUT,11144.49,C6982610835,12233.35,1088.86,C3020939193,152090.49,152090.49,0,0.0,0
363,PAYMENT,21927.19,C3698343112,60021.31,38094.12,M2635881694,0.0,0.0,0,0.0,0
430,TRANSFER,2105.37,C7196439534,2852.63,747.26,M7532669066,0.0,0.0,1,0.2633333333333333,0
47,PAYMENT,1717.0,C7608141858,2852.6,1135.6,M9581187661,0.0,0.0,0,0.0,0
6,PAYMENT,520.1,C5856127658,1012.2,492.1,M2115406331,0.0,0.0,0,0.0,0
224,CASH_OUT,1027.28,C7016293621,4696.65,3669.37,C5686850445,235.75,235.75,0,0.0,0
348,PAYMENT,115.42,C4322510552,7782.07,7666.65,M3297681898,0.0,0.0,0,0.0,0
606,TRANSFER,1399.66,C6922713963,1546.63,146.97,M3476758136,0.0,0.0,1,0.22666666666666666,0
57,CASH_IN,133813.92,C3057629778,30.16,133844.08,C9660523876,10285.53,10285.53,0,0.0,0
412,DEBIT,2114.28,C6097953682,6258.56,4144.28,M7664045502,0.0,0.0,0,0.03,0
268,CASH_OUT,12.03,C6237376063,28.1,16.07,C6098775210,0.0,0.0,0,0.0,0
93,CASH_OUT,65.09,C4473306055,160.08,94.99,C8480622107,86.95,86.95,0,0.0033333333333333335,0
620,CASH_OUT,49.29,C1039262289,211.77,162.48,C1625217504,2.66,2.66,0,0.02666666666666667,0
272,PAYMENT,5762.28,C1387652480,34868.81,29106.53,M7351460539,0.0,0.0,0,0.0,0
68,TRANSFER,1.0,C7045593274,0.0,0.0,C6218955985,0.0,1.0,0,0.23333333333333334,0
434,TRANSFER,1618.85,C1569113257,1416.38,0.0,C7161887665,15070.85,15070.85,1,0.06666666666666667,0
24,PAYMENT,98.67,C2965254350,228.02,129.35,M2695447268,0.0,0.0,0,0.0,0
683,CASH_OUT,3765.71,C6204862411,73663.12,69897.41,C9916336966,0.0,0.0,0,0.01,0
508,PAYMENT,107.68,C6649827836,410.21,302.53,M5535650160,0.0,0.0,0,0.0,0
586,CASH_OUT,451.22,C1494287462,419.29,0.0,M3831598303,0.0,0.0,1,0.08666666666666667,0
554,CASH_OUT,854.79,C7705605962,1463.52,608.73,C3555656321,1172.33,1172.33,0,0.013333333333333334,0
356,PAYMENT,24.42,C1643611097,52.24,27.82,M3355504998,0.0,0.0,0,0.0,0
678,DEBIT,1527.88,C3716924538,5693.27,4165.39,M5985331805,0.0,0.0,0,0.03,0
549,TRANSFER,4216.29,C3343459102,4502.49,286.2,C7431813987,5301.3,5301.3,1,0.03333333333333333,0
324,PAYMENT,1.0,C9798613995,0.0,0.0,M4160161496,0.0,0.0,0,0.0,0
493,PAYMENT,12.76,C1913706213,45.46,32.7,M1458227039,0.0,0.0,0,0.0,0
692,TRANSFER,1412.24,C3260842187,3133.04,1720.8,C7561728644,149167.32,150579.56,0,0.01,0
425,CASH_OUT,1803.83,C4783282817,1519.63,0.0,M8138332494,0.0,0.0,1,0.37333333333333335,0
14,TRANSFER,26527.13,C7637761996,30406.27,3879.14,C8833399096,121.76,121.76,1,0.043333333333333335,0
417,CASH_OUT,77986.69,C8826851692,82101.26,4114.57,M9098037639,0.0,0.0,1,0.02,0
137,PAYMENT,1311.22,C3260842187,1720.8,409.58,M5585110649,0.0,0.0,0,0.0,0
177,PAYMENT,5935.78,C1749459431,184131.73,178195.95,M5000316394,0.0,0.0,0,0.0,0
633,TRANSFER,149.32,C9182543558,184.81,35.49,C8208643631,139990.31,139990.31,1,0.0,0
404,CASH_OUT,1856.34,C7226553010,1554.87,0.0,M1257854279,0.0,0.0,1,0.12333333333333334,0
371,TRANSFER,823.59,C4990452762,1073.75,250.16,C3792347639,0.0,823.59,1,0.006666666666666667,0
520,TRANSFER,2614.88,C1367704871,2855.01,240.13,C3567900251,19514.37,19514.37,1,0.01,0
203,PAYMENT,6118.77,C8760642358,22031.49,15912.72,M4554178984,0.0,0.0,0,0.0,0
281,CASH_IN,140594.64,C9633533290,2631.53,143226.17,C5292015249,0.0,0.0,0,0.0,0
627,CASH_OUT,862.09,C4145461251,762.35,0.0,M2115406331,0.0,0.0,1,0.12666666666666668,0
519,CASH_OUT,1.0,C9318010743,0.0,0.0,C7805633786,135837.18,135837.18,0,0.0,0
649,PAYMENT,1.0,C3605585995,0.0,0.0,M6894024976,0.0,0.0,0,0.0,0
557,PAYMENT,652.76,C2416760621,73066.8,72414.04,M2711123163,0.0,0.0,0,0.0,0
684,PAYMENT,872.38,C8737025391,1378.6,506.22,M3965860354,0.0,0.0,0,0.0,0
233,TRANSFER,477.73,C8001729836,595.85,118.12,M6384311581,0.0,0.0,1,0.15666666666666668,0
616,PAYMENT,147.17,C2041349374,172.17,25.0,M5380159400,0.0,0.0,0,0.0,0
702,CASH_OUT,4879.17,C6098775210,4814.04,0.0,M7512767226,0.0,0.0,1,0.21333333333333335,0
174,TRANSFER,4.57,C7660157097,21.2,16.63,C4486522557,84997.67,85002.24,0,0.0,0
263,CASH_IN,71179.08,C2111272861,66046.75,137225.83,C5744003377,2520.27,2520.27,0,0.0,0
90,PAYMENT,8630.17,C5998623100,16943.02,8312.85,M7341757401,0.0,0.0,0,0.0,0
617,PAYMENT,263.59,C8303853049,279.88,16.29,M4399143287,0.0,0.0,0,0.0,0
165,PAYMENT,10.3,C4143852021,21.98,11.68,M5794335854,0.0,0.0,0,0.0,0
659,CASH_OUT,1.0,C8691288568,0.0,0.0,C8625905455,466.79,466.79,0,0.056666666666666664,0
100,TRANSFER,2766.18,C3918046336,3485.3,719.12,M2586712032,0.0,0.0,1,0.16333333333333333,0
32,TRANSFER,1961.2,C8366884200,2023.58,62.38,M2555936898,0.0,0.0,1,0.30666666666666664,0
705,PAYMENT,5.14,C1674755608,6.75,1.61,M8821456242,0.0,0.0,0,0.0,0
353,TRANSFER,8143.76,C4095476665,11068.54,2924.78,M5067400473,0.0,0.0,1,0.21666666666666667,0
691,TRANSFER,2837.66,C7573691558,2575.82,0.0,M8102481401,0.0,0.0,1,0.8766666666666667,1
707,PAYMENT,960.25,C9894264595,1831.18,870.93,M6053489772,0.0,0.0,0,0.0,0
315,CASH_OUT,1.0,C7519578899,0.0,0.0,C8339176912,0.0,0.0,0,0.03666666666666667,0
585,PAYMENT,1.0,C8879525611,0.83,0.0,M7351460539,0.0,0.0,0,0.0,0
653,TRANSFER,3161.76,C7402059279,4815.23,1653.47,C9354542654,380.03,3541.79,0,0.04,0
465,PAYMENT,4481.92,C2431779064,113047.82,108565.9,M4554178984,0.0,0.0,0,0.0,0
420,PAYMENT,536.74,C8664882079,2674.58,2137.84,M9404002665,0.0,0.0,0,0.0,0
268,CASH_OUT,2240.65,C5837082260,5622.57,3381.92,C6894699853,18066.07,18066.07,0,0.0,0
538,CASH_OUT,4333.87,C4577406847,4096.64,0.0,M1676220116,0.0,0.0,1,0.25,0
126,PAYMENT,14211.71,C9388140708,23554.54,9342.83,M1857561275,0.0,0.0,0,0.0,0
696,TRANSFER,61.91,C8001729836,118.12,56.21,C1805492785,141776.25,141838.16,0,0.0033333333333333335,0
539,CASH_OUT,4606.76,C1417436465,4375.55,0.0,C2111272861,137225.83,137225.83,1,0.043333333333333335,0
116,CASH_OUT,800.31,C9780187424,974.92,174.61,C9392707144,6484.41,6484.41,1,0.0,0
623,PAYMENT,1.0,C7801180691,0.0,0.0,M6932365592,0.0,0.0,0,0.0,0
381,PAYMENT,8213.11,C5952894290,85305.53,77092.42,M4122901114,0.0,0.0,0,0.0,0
705,PAYMENT,1.0,C9123612497,0.0,0.0,M5000316394,0.0,0.0,0,0.0,0
531,TRANSFER,16.54,C6134840512,50.04,33.5,C8300300577,24671.54,24688.08,0,0.0,0
16,CASH_OUT,13614.83,C5175416378,12897.79,0.0,M6866146362,0.0,0.0,1,0.07,0
296,DEBIT,56.13,C6986770879,168.36,112.23,M8727805468,0.0,0.0,0,0.02,0
322,PAYMENT,151.66,C5336127859,259.81,108.15,M9441870024,0.0,0.0,0,0.0,0
535,TRANSFER,89599.75,C5694190173,105469.72,15869.97,C6448324230,1463.33,91063.08,0,0.0,0
141,TRANSFER,27.09,C7979466538,31.08,3.99,C6868336102,0.0,27.09,0,0.16,0
154,PAYMENT,15749.88,C2095286033,31809.84,16059.96,M7951820749,0.0,0.0,0,0.0,0
682,TRANSFER,30225.24,C4482238042,113303.13,83077.89,C5476654128,0.0,30225.24,0,0.0033333333333333335,0
356,TRANSFER,19.99,C4282810353,7069.62,7049.63,C7473868020,0.0,19.99,0,0.16333333333333333,0
653,PAYMENT,516.56,C4921003983,568.06,51.5,M5449848690,0.0,0.0,0,0.0,0
657,TRANSFER,1050.71,C2289624427,164929.74,163879.03,C4039019230,22830.01,23880.72,0,0.0,0
541,PAYMENT,6.42,C6341783555,10097.59,10091.17,M8768773991,0.0,0.0,0,0.0,0
98,CASH_OUT,3778.37,C4767539382,3663.15,0.0,C7079234115,190.26,190.26,1,0.03,0
209,PAYMENT,1.23,C9103115140,2.72,1.49,M7437168216,0.0,0.0,0,0.0,0
350,PAYMENT,1022.37,C4907446848,3414.86,2392.49,M9288057824,0.0,0.0,0,0.0,0
539,CASH_OUT,50.59,C6392415228,184306.65,184256.06,C9715314442,803.75,803.75,0,0.0,0
413,PAYMENT,1.0,C5077921573,0.31,0.0,M3580582653,0.0,0.0,0,0.0,0
447,TRANSFER,2533.98,C6720396142,2700.43,166.45,M1413599241,0.0,0.0,1,0.29333333333333333,0
642,PAYMENT,15606.17,C1664847319,304735.05,289128.88,M9640701016,0.0,0.0,0,0.0,0
710,TRANSFER,1.0,C7671625956,0.0,0.0,C4873807154,66464.87,66465.87,0,0.0033333333333333335,0
588,TRANSFER,1.0,C3837784389,0.0,0.0,C8322868827,46.73,47.73,0,0.17666666666666667,0
164,CASH_OUT,350.2,C5431267548,304.46,0.0,M3476758136,0.0,0.0,1,0.02,0
481,PAYMENT,1.0,C3951331472,0.0,0.0,M1692044390,0.0,0.0,0,0.0,0
681,CASH_OUT,3196.91,C1625217504,2915.75,0.0,M1504729135,0.0,0.0,1,0.18666666666666668,0
91,PAYMENT,10283.07,C5993571693,42576.58,32293.51,M6651754819,0.0,0.0,0,0.0,0
448,PAYMENT,15454.22,C4034047118,74235.28,58781.06,M5585110649,0.0,0.0,0,0.0,0
253,PAYMENT,1.0,C8441393731,0.0,0.0,M8903212516,0.0,0.0,0,0.0,0
440,PAYMENT,1.0,C9953941533,0.0,0.0,M1857561275,0.0,0.0,0,0.0,0
495,PAYMENT,31.11,C9409682410,141.5,110.39,M1442421654,0.0,0.0,0,0.0,0
482,PAYMENT,16232.03,C1375899416,18522.9,2290.87,M8044997538,0.0,0.0,0,0.0,0
455,TRANSFER,1.0,C7645527239,0.0,0.0,C6385791669,663.72,664.72,0,0.08333333333333333,0
422,TRANSFER,24798.33,C4641561499,33787.16,8988.83,M5919148165,0.0,0.0,1,0.2833333333333333,0
389,PAYMENT,81.58,C5227828349,257.45,175.87,M5937271321,0.0,0.0,0,0.0,0
101,CASH_OUT,68567.95,C7935554354,64204.81,0.0,M7861571879,0.0,0.0,1,0.05333333333333334,0
109,CASH_OUT,20.66,C5144289583,27.14,6.48,C7573691558,0.0,0.0,0,0.0033333333333333335,0
504,TRANSFER,2537.39,C5275521470,3349.14,811.75,M9098037639,0.0,0.0,1,0.27666666666666667,0
101,TRANSFER,2723.63,C4888749350,9977.05,7253.42,C3777580509,0.0,2723.63,0,0.0033333333333333335,0
674,CASH_IN,88067.38,C2960488639,8483.12,96550.5,C2295574037,40.42,40.42,0,0.0,0
173,DEBIT,1.0,C2878930355,0.0,0.0,M6011842297,0.0,0.0,0,0.03,0
373,TRANSFER,23952.84,C9553561889,25291.81,1338.97,M5325865521,0.0,0.0,1,0.25333333333333335,0
646,CASH_OUT,661.67,C4110258855,678.24,16.57,C1392245997,162313.26,162313.26,1,0.0033333333333333335,0
348,TRANSFER,27051.32,C8982597239,33294.09,6242.77,C3343292475,12.1,27063.42,0,0.0,0
529,PAYMENT,1.0,C7085004726,0.0,0.0,M9558906999,0.0,0.0,0,0.0,0
298,CASH_OUT,5238.59,C3392080953,9813.49,4574.9,C3035761595,0.0,0.0,0,0.0,0
536,TRANSFER,21039.75,C8300300577,24688.08,3648.33,C7988845536,72137.08,72137.08,1,0.0,0
356,CASH_IN,3435.74,C9837912162,0.0,3435.74,C3197757742,235.08,235.08,0,0.0,0
567,CASH_OUT,40740.24,C5931025271,35481.88,0.0,C9049270990,1817.13,1817.13,1,0.09333333333333334,0
419,TRANSFER,3.47,C2752536389,16.71,13.24,C3396953414,896.46,899.93,0,0.043333333333333335,0
186,TRANSFER,94868.78,C4668931881,129607.18,34738.4,C3574081104,53.73,53.73,1,0.14,0
294,DEBIT,1.0,C1287814151,0.0,0.0,M6384311581,0.0,0.0,0,0.04,0
548,PAYMENT,66.76,C1726990714,328.0,261.24,M8218146534,0.0,0.0,0,0.0,0
159,CASH_OUT,391.87,C3910678913,375.9,0.0,C5036200310,0.0,0.0,1,0.03666666666666667,0
502,PAYMENT,154.72,C5612645121,2552.23,2397.51,M6692705133,0.0,0.0,0,0.0,0
592,DEBIT,1246.42,C8795212264,7418.64,6172.22,M3072183247,0.0,0.0,0,0.02666666666666667,0
15,PAYMENT,788.4,C5728897164,835.98,47.58,M7717262223,0.0,0.0,0,0.0,0
544,PAYMENT,13535.77,C3033747850,79907.4,66371.63,M5325865521,0.0,0.0,0,0.0,0
473,PAYMENT,9902.19,C2095286033,16059.96,6157.77,M7678293431,0.0,0.0,0,0.0,0
418,TRANSFER,1.0,C7910817577,0.0,0.0,C8265834251,21867.13,21868.13,0,0.0,0
184,TRANSFER,3806.46,C8987073217,4314.16,507.7,C9858643842,0.0,3806.46,1,0.006666666666666667,0
651,PAYMENT,564.12,C7472806994,610.91,46.79,M3438830691,0.0,0.0,0,0.0,0
711,TRANSFER,36631.41,C2653032484,42303.05,5671.64,M3313346852,0.0,0.0,1,0.31,0
483,TRANSFER,929.96,C7640078465,1131.35,201.39,C3207160929,1.0,1.0,1,0.16,0
62,TRANSFER,1303.58,C1547374338,1520.89,217.31,M1857561275,0.0,0.0,1,0.11333333333333333,0
278,TRANSFER,538.44,C6618965944,522.77,0.0,M9776500600,0.0,0.0,1,0.30666666666666664,0
494,TRANSFER,1.0,C5647317872,0.0,0.0,C1290050198,143635.08,143636.08,0,0.0,0
39,TRANSFER,1806.59,C2389803385,2256.77,450.18,M9620935604,0.0,0.0,1,0.17,0
441,PAYMENT,727.56,C1439921366,975.72,248.16,M2604788242,0.0,0.0,0,0.0,0
121,PAYMENT,98.49,C3734252963,107.04,8.55,M9918338001,0.0,0.0,0,0.0,0
192,DEBIT,1542.81,C3884642366,2380.79,837.98,M5194066484,0.0,0.0,0,0.013333333333333334,0
393,TRANSFER,58.18,C7292376027,55.05,0.0,M6651020291,0.0,0.0,1,0.22333333333333333,0
357,PAYMENT,3.05,C7872090713,4.73,1.68,M1122712790,0.0,0.0,0,0.0,0
305,CASH_IN,32939.3,C3250402001,94.32,33033.62,C8868054898,439.34,439.34,0,0.0,0
242,PAYMENT,5.33,C4419410162,10.48,5.15,M1676220116,0.0,0.0,0,0.0,0
108,PAYMENT,111.67,C8578226896,210.83,99.16,M1083302600,0.0,0.0,0,0.0,0
331,TRANSFER,2529.47,C3614915281,2686.64,157.17,C9369574998,0.0,0.0,1,0.19,0
317,CASH_OUT,275.93,C8503368512,299.08,23.15,C8382963909,0.0,0.0,0,0.013333333333333334,0
161,PAYMENT,935.46,C5923940434,17842.08,16906.62,M7282885927,0.0,0.0,0,0.0,0
708,CASH_IN,34459.89,C7333316743,0.0,34459.89,C9272277508,9.94,9.94,0,0.0,0
128,TRANSFER,93199.51,C5421592782,180339.7,87140.19,C9250327663,41441.75,134641.26,0,0.0,0
129,PAYMENT,1.0,C5931025271,0.0,0.0,M6041646576,0.0,0.0,0,0.0,0
214,CASH_OUT,44659.46,C7598745558,81285.04,36625.58,C8317619798,63.94,63.94,0,0.0,0
315,CASH_OUT,1521.08,C6353758928,1710.06,188.98,M9620935604,0.0,0.0,1,0.006666666666666667,0
71,CASH_OUT,643.52,C1600566083,751.44,107.92,C7215110267,84027.64,84027.64,0,0.0033333333333333335,0
191,CASH_OUT,4001.37,C4262396395,3771.22,0.0,C4783282817,0.0,0.0,1,0.05,0
462,TRANSFER,119628.71,C7882206934,116384.27,0.0,M7437168216,0.0,0.0,1,0.9766666666666667,1
311,PAYMENT,4380.66,C5694848867,25597.89,21217.23,M1240140248,0.0,0.0,0,0.0,0
629,TRANSFER,3521.0,C7092693247,3040.21,0.0,M7717262223,0.0,0.0,1,0.9466666666666667,1
446,PAYMENT,1.0,C7625464411,0.0,0.0,M1306420495,0.0,0.0,0,0.0,0
18,TRANSFER,487.0,C1091729577,460.54,0.0,M3636366799,0.0,0.0,1,0.22666666666666666,0
156,TRANSFER,1.0,C7934137693,73346.97,73345.97,C1754603440,2614.72,2615.72,0,0.0,0
522,PAYMENT,1164.7,C9868845806,11568.78,10404.08,M5067400473,0.0,0.0,0,0.0,0
226,TRANSFER,40.89,C3328710672,69.91,29.02,C4311931853,972.44,1013.33,0,0.01,0
17,TRANSFER,3466.46,C2926780541,4381.99,915.53,M8727805468,0.0,0.0,1,0.17333333333333334,0
569,TRANSFER,15983.47,C5693307665,17595.35,1611.88,C8666074487,819.04,819.04,1,0.07333333333333333,0
617,CASH_OUT,1.0,C8867077130,0.0,0.0,C2670036982,6747.23,6747.23,0,0.023333333333333334,0
675,PAYMENT,2856.17,C5409514899,8780.41,5924.24,M1888107487,0.0,0.0,0,0.0,0
70,TRANSFER,3126.47,C8833889083,3623.95,497.48,C5693307665,1611.88,4738.35,0,0.0033333333333333335,0
594,CASH_OUT,1.0,C8178361487,0.0,0.0,C9354711271,33257.44,33257.44,0,0.02,0
65,PAYMENT,3209.33,C1741134891,27297.81,24088.48,M9918338001,0.0,0.0,0,0.0,0
27,CASH_OUT,1.0,C2994056084,0.0,0.0,C3591527330,0.0,0.0,0,0.006666666666666667,0
599,CASH_OUT,68.79,C4538382315,72.55,3.76,C5536224717,86.94,86.94,0,0.04,0
713,PAYMENT,389.7,C6496933442,647.15,257.45,M8030400668,0.0,0.0,0,0.0,0
178,TRANSFER,108.45,C7229869819,129.56,21.11,C8691288568,0.0,0.0,1,0.15666666666666668,0
272,CASH_OUT,667.48,C7705605962,608.73,0.0,M7951820749,0.0,0.0,1,0.15666666666666668,0
299,PAYMENT,1.0,C8684942020,0.0,0.0,M3145756342,0.0,0.0,0,0.0,0
563,PAYMENT,166.23,C6691628146,452.9,286.67,M9576264323,0.0,0.0,0,0.0,0
499,TRANSFER,1237.57,C4503614567,1347.05,109.48,C9327720702,27663.68,27663.68,1,0.0033333333333333335,0
372,PAYMENT,1.0,C4231729466,0.0,0.0,M7664045502,0.0,0.0,0,0.0,0
648,CASH_OUT,1.0,C2771211118,0.0,0.0,C6674372082,0.0,0.0,0,0.056666666666666664,0
167,PAYMENT,2.34,C6048096802,7.83,5.49,M7861571879,0.0,0.0,0,0.0,0
512,DEBIT,3026.26,C2486744752,3474.49,448.23,M9021793855,0.0,0.0,0,0.03333333333333333,0
331,CASH_IN,99098.38,C8275679594,0.0,99098.38,C8351491401,8903.13,8903.13,0,0.0,0
455,TRANSFER,43007.72,C7517938612,54991.48,11983.76,C6844582171,0.0,0.0,1,0.29333333333333333,0
613,PAYMENT,77.5,C8318855178,379.1,301.6,M3476758136,0.0,0.0,0,0.0,0
39,TRANSFER,1.0,C9248574674,1.15,0.15,C9303285822,0.0,1.0,0,0.22333333333333333,0
543,CASH_OUT,306.99,C7287517250,563.4,256.41,C6065662867,7.54,7.54,0,0.02666666666666667,0
716,TRANSFER,561.05,C5077921573,648.07,87.02,M7366396017,0.0,0.0,1,0.16666666666666666,0
269,DEBIT,33.23,C8322868827,47.73,14.5,M2916502228,0.0,0.0,0,0.02,0
235,PAYMENT,808.44,C7951902330,1046.28,237.84,M5891831621,0.0,0.0,0,0.0,0
155,PAYMENT,1025.09,C3392080953,4574.9,3549.81,M4093474499,0.0,0.0,0,0.0,0
89,TRANSFER,70.59,C4536306171,91.54,20.95,M7664045502,0.0,0.0,1,0.16666666666666666,0
349,TRANSFER,1.0,C3259520140,0.0,0.0,C9467483275,0.0,1.0,0,0.22,0
550,PAYMENT,3333.3,C8982597239,6242.77,2909.47,M2778069478,0.0,0.0,0,0.0,0
62,CASH_OUT,1.0,C8691288568,0.0,0.0,C6698759353,351.79,351.79,0,0.0033333333333333335,0
144,TRANSFER,501.63,C9218363978,856.52,354.89,C2854772804,0.0,501.63,0,0.0,0
484,CASH_OUT,1746.79,C1546957087,1765.32,18.53,C9553561889,1338.97,1338.97,1,0.07333333333333333,0
719,CASH_OUT,4501.92,C2009317340,4713.68,211.76,C8953726023,0.0,0.0,1,0.05333333333333334,0
261,TRANSFER,7628.79,C3149484176,13301.96,5673.17,C7625389037,181.24,7810.03,0,0.0,0
489,TRANSFER,3886.63,C7340498236,3455.11,0.0,M7928143230,0.0,0.0,1,0.9366666666666666,1
595,CASH_OUT,1.0,C3376077463,0.0,0.0,C8734449371,9842.28,9842.28,0,0.02,0
720,PAYMENT,113.48,C7208619610,60491.27,60377.79,M1185303518,0.0,0.0,0,0.0033333333333333335,0
302,PAYMENT,1.0,C3108307952,0.0,0.0,M5990749811,0.0,0.0,0,0.0,0
258,CASH_OUT,44852.19,C6493800024,79772.6,34920.41,C3185089287,0.0,0.0,0,0.0,0
82,PAYMENT,41.16,C3185386258,50.95,9.79,M7750131975,0.0,0.0,0,0.0,0
662,TRANSFER,4339.66,C6710338189,3860.41,0.0,C4972536230,1219.41,1219.41,1,0.36666666666666664,0
500,TRANSFER,3359.92,C8858766173,4533.33,1173.41,M1466305100,0.0,0.0,1,0.30666666666666664,0
263,CASH_OUT,326.68,C7088949191,580.03,253.35,C8477300991,0.0,0.0,0,0.01,0
420,CASH_OUT,46431.7,C6875597607,109223.62,62791.92,C1722124509,0.0,0.0,0,0.01,0
63,TRANSFER,174.1,C2087974350,380.06,205.96,C5092199300,4583.39,4757.49,0,0.0,0
62,PAYMENT,1.0,C7462972995,0.0,0.0,M9625656293,0.0,0.0,0,0.0,0
167,CASH_OUT,18999.68,C3746317213,18713.7,0.0,M4892544235,0.0,0.0,1,0.12666666666666668,0
295,PAYMENT,8681.63,C8487449580,172226.93,163545.3,M7512767226,0.0,0.0,0,0.0,0
333,TRANSFER,71452.87,C9711080868,78054.66,6601.79,M1368287033,0.0,0.0,1,0.27,0
576,PAYMENT,170.42,C8131923452,239.55,69.13,M2604788242,0.0,0.0,0,0.0,0
343,PAYMENT,13.3,C1546957087,18.53,5.23,M6790024996,0.0,0.0,0,0.0,0
451,PAYMENT,1.0,C1311570307,1.0,0.0,M1122712790,0.0,0.0,0,0.0,0
132,CASH_OUT,185.4,C1726990714,261.24,75.84,C2836553621,1.0,1.0,0,0.0,0
595,PAYMENT,477.07,C4642197907,529.88,52.81,M8903212516,0.0,0.0,0,0.0,0
678,DEBIT,262.83,C4820055862,530.1,267.27,M3508990774,0.0,0.0,0,0.02666666666666667,0
374,CASH_OUT,21599.62,C1809283659,248309.62,226710.0,C6092773357,0.0,0.0,0,0.0,0
484,TRANSFER,1.0,C3846570058,0.0,0.0,C4386667704,0.0,1.0,0,0.23,0
174,CASH_OUT,1.0,C2076341629,1.0,0.0,C5710360983,52657.66,52657.66,0,0.0,0
678,TRANSFER,213.98,C5789633176,236.18,22.2,M3580582653,0.0,0.0,1,0.17333333333333334,0
450,PAYMENT,839.85,C2753617371,1082.6,242.75,M7453081889,0.0,0.0,0,0.0,0
152,CASH_OUT,4.27,C5135595227,9.32,5.05,C8418332121,115.03,115.03,0,0.0,0
434,CASH_OUT,1.0,C2388450337,0.0,0.0,C5686850445,235.75,235.75,0,0.07666666666666666,0
383,TRANSFER,12.39,C7829772942,16.98,4.59,C6655089949,0.0,12.39,0,0.16666666666666666,0
60,TRANSFER,1.0,C3423086220,0.0,0.0,C4765583254,8930.78,8931.78,0,0.0,0
615,TRANSFER,9225.86,C7825844140,94662.87,85437.01,C4277581356,221.88,9447.74,0,0.0,0
100,TRANSFER,177.58,C3528924461,262.13,84.55,C5476654128,30225.24,30402.82,0,0.0,0
258,TRANSFER,125.64,C6720396142,166.45,40.81,C6265016831,6431.54,6557.18,0,0.0,0
553,CASH_OUT,22998.19,C7988845536,72137.08,49138.89,C4682870880,1130.15,1130.15,0,0.0,0
146,PAYMENT,1425.5,C8624454880,2327.38,901.88,M2129491690,0.0,0.0,0,0.0,0
499,PAYMENT,13.5,C2801177461,129.02,115.52,M8728631945,0.0,0.0,0,0.0,0
586,PAYMENT,1.0,C1684598046,0.0,0.0,M4390543744,0.0,0.0,0,0.0,0
128,PAYMENT,56.8,C7374810067,5789.06,5732.26,M4160161496,0.0,0.0,0,0.0,0
179,CASH_OUT,15.59,C7229869819,21.11,5.52,C8257484586,0.0,0.0,0,0.006666666666666667,0
392,DEBIT,90.63,C9081544414,2581.86,2491.23,M5412437658,0.0,0.0,0,0.016666666666666666,0
215,TRANSFER,1.0,C3958590550,0.0,0.0,C5695387521,0.0,1.0,0,0.23,0
68,TRANSFER,2243.0,C3521166052,1943.79,0.0,M3960136787,0.0,0.0,1,0.6066666666666667,1
583,CASH_IN,54384.72,C6982610835,1088.86,55473.58,C9503597301,487.18,487.18,0,0.0,0
311,TRANSFER,109.1,C2801177461,115.52,6.42,M5714658227,0.0,0.0,1,0.16333333333333333,0
19,PAYMENT,1307.09,C7838460497,2630.24,1323.15,M9523139706,0.0,0.0,0,0.0,0
186,CASH_OUT,3886.69,C9953941533,3646.97,0.0,M1199447370,0.0,0.0,1,0.05333333333333334,0
151,PAYMENT,32.43,C4930438209,89.81,57.38,M9043367776,0.0,0.0,0,0.0,0
649,CASH_OUT,2411.91,C1287814151,2272.3,0.0,M6651754819,0.0,0.0,1,0.17333333333333334,0
207,CASH_OUT,6465.39,C9312085761,16533.33,10067.94,C4098389895,2.75,2.75,0,0.0,0
612,PAYMENT,233.3,C3280805846,392.23,158.93,M6041646576,0.0,0.0,0,0.0,0
565,CASH_IN,90597.62,C4636537575,77549.15,168146.77,C6613888489,0.0,0.0,0,0.0,0
534,TRANSFER,1.0,C6937704752,0.0,0.0,C7736142481,0.0,1.0,0,0.22333333333333333,0
201,CASH_OUT,23195.7,C5625411308,35935.93,12740.23,C8674224347,266.79,266.79,0,0.0,0
503,DEBIT,2880.49,C9285415473,23028.8,20148.31,M8861351706,0.0,0.0,0,0.02666666666666667,0
98,DEBIT,40.82,C3369305560,126.5,85.68,M3119908041,0.0,0.0,0,0.02,0
616,CASH_OUT,84.57,C2145921803,93.04,8.47,C7465834732,4445.1,4445.1,0,0.02,0
83,TRANSFER,1.0,C8380507338,1.6,0.6,C1551395583,8504.08,8505.08,0,0.0,0
225,CASH_OUT,72.16,C5696548897,75.6,3.44,M8144889126,0.0,0.0,1,0.01,0
202,CASH_OUT,562.68,C3605585995,616.04,53.36,M7750131975,0.0,0.0,1,0.0033333333333333335,0
492,PAYMENT,7.1,C7808938880,13.97,6.87,M3595066420,0.0,0.0,0,0.0,0
612,TRANSFER,1961.16,C7376649850,46389.72,44428.56,C3693985578,104935.38,106896.54,0,0.0,0
507,CASH_OUT,147.21,C2928130926,344.84,197.63,C3952295757,0.0,0.0,0,0.03,0
232,PAYMENT,6.14,C7473868020,19.99,13.85,M2555936898,0.0,0.0,0,0.0,0
172,CASH_IN,14826.43,C1664847319,289128.88,303955.31,C4102821948,13039.47,13039.47,0,0.0,0
50,PAYMENT,1.0,C5254923696,0.0,0.0,M5734228580,0.0,0.0,0,0.0,0
578,TRANSFER,1.0,C9309500117,0.0,0.0,C7792729530,0.0,1.0,0,0.23,0
571,PAYMENT,70.08,C9704383251,77.89,7.81,M3156792018,0.0,0.0,0,0.0,0
147,TRANSFER,281.52,C6745958212,434.54,153.02,C7637761996,3879.14,4160.66,0,0.0,0
113,DEBIT,169.51,C8133593748,232.37,62.86,M6284297249,0.0,0.0,0,0.016666666666666666,0
480,CASH_OUT,1.0,C5078551333,0.0,0.0,C7760554363,0.0,0.0,0,0.08666666666666667,0
465,PAYMENT,702.31,C7061419749,1385.83,683.52,M2418407139,0.0,0.0,0,0.0,0
407,PAYMENT,7.64,C8650676663,9.82,2.18,M1306420495,0.0,0.0,0,0.0,0
635,PAYMENT,4884.27,C9259157845,13576.7,8692.43,M6130446648,0.0,0.0,0,0.0,0
341,PAYMENT,1.0,C4231729466,0.0,0.0,M3580582653,0.0,0.0,0,0.0,0
266,CASH_OUT,4342.68,C7508080884,4425.76,83.08,C1563524533,34087.16,34087.16,1,0.0,0
321,TRANSFER,831.05,C7608141858,1135.6,304.55,C2065354117,28724.03,28724.03,1,0.0,0
559,CASH_OUT,1163.21,C2620054076,1289.8,126.59,M7343954769,0.0,0.0,1,0.03666666666666667,0
119,TRANSFER,2192.03,C2268523764,2562.64,370.61,M3208200227,0.0,0.0,1,0.19,0
185,PAYMENT,16.42,C4930438209,57.38,40.96,M5937271321,0.0,0.0,0,0.0,0
686,CASH_IN,1458.91,C3429019820,0.0,1458.91,C8505373158,7101.16,7101.16,0,0.0,0
233,TRANSFER,1508.26,C2320763135,1270.27,0.0,C2407863065,120.66,120.66,1,0.17666666666666667,0
567,TRANSFER,3771.6,C6923206003,3439.33,0.0,C5151086814,236818.69,236818.69,1,0.016666666666666666,0
505,TRANSFER,3458.05,C8102515984,3207.27,0.0,C3614915281,157.17,157.17,1,0.5333333333333333,1
142,CASH_OUT,87.45,C8833399096,121.76,34.31,M7230477043,0.0,0.0,1,0.01,0
590,CASH_OUT,32340.53,C3400244542,33301.37,960.84,M3192202822,0.0,0.0,1,0.016666666666666666,0
570,CASH_OUT,3564.99,C2424706705,3491.35,0.0,C9337145038,0.0,0.0,1,0.21666666666666667,0
288,TRANSFER,1.0,C1785418196,0.0,0.0,C2139027119,65.19,66.19,0,0.11666666666666667,0
133,PAYMENT,141.31,C3197757742,235.08,93.77,M1857561275,0.0,0.0,0,0.0,0
116,PAYMENT,58.86,C8168394616,5765.01,5706.15,M9410569618,0.0,0.0,0,0.0,0
667,CASH_OUT,14.21,C9626333315,61.63,47.42,C8293928340,550.13,550.13,0,0.02666666666666667,0
518,TRANSFER,7493.93,C6443749394,6450.24,0.0,M3145756342,0.0,0.0,1,0.95,1
193,PAYMENT,1.0,C6674372082,0.0,0.0,M9043367776,0.0,0.0,0,0.0,0
334,DEBIT,263.54,C5856127658,492.1,228.56,M3317856944,0.0,0.0,0,0.016666666666666666,0
710,TRANSFER,4.14,C4600630513,7.01,2.87,C7792729530,1.0,5.14,0,0.17666666666666667,0
448,PAYMENT,1.0,C9558091177,0.0,0.0,M8138332494,0.0,0.0,0,0.0,0
160,PAYMENT,23548.94,C1955345537,66469.05,42920.11,M6275155878,0.0,0.0,0,0.0,0
213,CASH_OUT,1.0,C7085004726,0.0,0.0,C5884391502,657.91,657.91,0,0.006666666666666667,0
435,PAYMENT,974.41,C2891100776,3206.79,2232.38,M8790289305,0.0,0.0,0,0.0,0
123,PAYMENT,967.09,C1805492785,141838.16,140871.07,M7340036327,0.0,0.0,0,0.0,0
344,PAYMENT,1.0,C6131005449,0.0,0.0,M5156392601,0.0,0.0,0,0.0,0
379,CASH_OUT,3.14,C6081137534,1320.59,1317.45,C6110943464,1048.36,1048.36,0,0.013333333333333334,0
717,TRANSFER,3976.48,C9957813353,10015.75,6039.27,C4550353803,275.74,4252.22,0,0.006666666666666667,0
266,CASH_OUT,5241.06,C9741628563,7628.49,2387.43,C9285415473,20148.31,20148.31,0,0.0033333333333333335,0
567,PAYMENT,229.76,C8547068234,297.11,67.35,M8276498637,0.0,0.0,0,0.0,0
578,CASH_OUT,1410.07,C5067245523,1531.94,121.87,C6509985983,2887.05,2887.05,1,0.016666666666666666,0
90,DEBIT,1.0,C3423086220,0.0,0.0,M2156184315,0.0,0.0,0,0.03,0
436,TRANSFER,1.0,C9337145038,0.0,0.0,C3003484425,48.89,49.89,0,0.16666666666666666,0
467,CASH_OUT,1.0,C7292376027,0.0,0.0,C6242173772,34523.97,34523.97,0,0.05,0
53,PAYMENT,3229.04,C4681264539,4063.71,834.67,M9752092528,0.0,0.0,0,0.0,0
37,CASH_OUT,183.87,C3553440342,179.35,0.0,M2571632270,0.0,0.0,1,0.0033333333333333335,0
8,TRANSFER,42.74,C1182758417,54.65,11.91,M6282009986,0.0,0.0,1,0.13666666666666666,0
674,DEBIT,2.98,C7473868020,13.85,10.87,M6525576685,0.0,0.0,0,0.03,0
415,TRANSFER,3089.79,C8239941612,2753.0,0.0,C4440904834,3289.33,3289.33,1,0.21333333333333335,0
417,TRANSFER,4636.85,C5975196341,4297.32,0.0,M7678293431,0.0,0.0,1,0.8833333333333333,1
706,PAYMENT,4202.26,C7333316743,34459.89,30257.63,M6495967005,0.0,0.0,0,0.0,0
681,PAYMENT,1.0,C7519578899,0.0,0.0,M4211837506,0.0,0.0,0,0.0,0
148,TRANSFER,1.0,C1281199333,0.0,0.0,C8208584394,47.48,48.48,0,0.12333333333333334,0
271,TRANSFER,151.77,C5212581851,190.46,38.69,C9370133032,220948.3,221100.07,0,0.0,0
714,PAYMENT,781.9,C6805759868,1218.36,436.46,M8874242713,0.0,0.0,0,0.0,0
331,CASH_OUT,3091.47,C5943324387,3430.95,339.48,M5067400473,0.0,0.0,1,0.01,0
190,CASH_IN,40793.39,C1340272119,10329.86,51123.25,C7287517250,256.41,256.41,0,0.0,0
525,PAYMENT,5889.97,C1939777262,10176.8,4286.83,M3317856944,0.0,0.0,0,0.0,0
612,DEBIT,1.0,C5667181604,0.85,0.0,M6101516825,0.0,0.0,0,0.05333333333333334,0
231,PAYMENT,1.02,C9103115140,1.49,0.47,M8858274691,0.0,0.0,0,0.0,0
206,PAYMENT,22131.12,C8663837890,47691.43,25560.31,M2228388623,0.0,0.0,0,0.0,0
629,PAYMENT,54.4,C7417183769,603.64,549.24,M6865994703,0.0,0.0,0,0.0,0
27,CASH_OUT,70.35,C6620138568,304.67,234.32,C6726515966,4390.53,4390.53,0,0.006666666666666667,0
33,CASH_OUT,1.0,C9123207735,0.0,0.0,C4600630513,2.87,2.87,0,0.0033333333333333335,0
415,CASH_IN,141861.25,C9858643842,3806.46,145667.71,C9250327663,134641.26,134641.26,0,0.0,0
224,PAYMENT,19756.47,C6124453431,299095.51,279339.04,M3313346852,0.0,0.0,0,0.0,0
532,TRANSFER,2786.72,C2866092821,3485.08,698.36,M7366396017,0.0,0.0,1,0.27666666666666667,0
185,TRANSFER,1.0,C1084790270,0.0,0.0,C2785736751,109704.0,109705.0,0,0.0,0
161,CASH_OUT,19951.42,C6206015111,21434.23,1482.81,C5268845844,0.0,0.0,1,0.0,0
334,PAYMENT,23736.27,C6797436140,43640.46,19904.19,M9776500600,0.0,0.0,0,0.0,0
370,TRANSFER,2761.47,C6307626407,3709.47,948.0,C6142469284,15.07,15.07,1,0.12666666666666668,0
420,TRANSFER,14.27,C3664052763,15.25,0.98,C4919706735,98189.48,98203.75,0,0.0,0
535,PAYMENT,134.94,C7246858055,197.22,62.28,M9773795424,0.0,0.0,0,0.0,0
713,TRANSFER,43475.72,C3511301900,155966.58,112490.86,C6789292252,612.26,44087.98,0,0.0,0
329,TRANSFER,4107.87,C8506931282,3441.03,0.0,M8058679999,0.0,0.0,1,0.7666666666666667,1
162,TRANSFER,1449.83,C9547119184,1926.34,476.51,C7487012742,66674.58,66674.58,1,0.0,0
435,PAYMENT,740.49,C4574027737,152907.77,152167.28,M2328736852,0.0,0.0,0,0.0,0
622,CASH_OUT,5249.82,C4159699467,4772.46,0.0,C7539399243,63093.56,63093.56,1,0.17333333333333334,0
232,PAYMENT,19987.28,C8995970241,145053.31,125066.03,M4306983924,0.0,0.0,0,0.0,0
55,PAYMENT,1.0,C7895255573,0.0,0.0,M3355504998,0.0,0.0,0,0.0,0
21,CASH_OUT,562.64,C3185089287,557.95,0.0,C1913706213,32.7,32.7,1,0.07666666666666666,0
77,TRANSFER,158.9,C7475684019,78557.37,78398.47,C8730507757,499.48,658.38,0,0.0033333333333333335,0
638,CASH_IN,19026.78,C2247484671,0.0,19026.78,C2570991899,273.92,273.92,0,0.0,0
80,CASH_OUT,9403.32,C5759761714,11563.11,2159.79,C9752058817,57486.57,57486.57,0,0.0,0
706,TRANSFER,804.52,C5659161352,889.12,84.6,M3508990774,0.0,0.0,1,0.22,0
343,CASH_OUT,20248.74,C8182649048,26485.78,6237.04,C3980491761,0.0,0.0,1,0.0033333333333333335,0
661,PAYMENT,8920.91,C7576309274,174719.13,165798.22,M3690714075,0.0,0.0,0,0.0,0
427,PAYMENT,18.41,C1691293717,57.09,38.68,M1647181551,0.0,0.0,0,0.0,0
444,TRANSFER,1004.72,C6081137534,1317.45,312.73,M4035639663,0.0,0.0,1,0.16,0
172,PAYMENT,1.0,C7085004726,0.0,0.0,M2625035499,0.0,0.0,0,0.0,0
406,CASH_OUT,240.96,C7857580528,310.13,69.17,C1817804383,6148.29,6148.29,0,0.016666666666666666,0
580,CASH_IN,15363.75,C5884080139,123855.23,139218.98,C1033015788,33.31,33.31,0,0.0,0
644,TRANSFER,69.58,C5870268582,110.08,40.5,C3250402001,33033.62,33103.2,0,0.0033333333333333335,0
71,PAYMENT,34.31,C5184564874,90.19,55.88,M8869140487,0.0,0.0,0,0.0,0
492,CASH_OUT,127334.82,C8208643631,139990.31,12655.49,M7969674420,0.0,0.0,1,0.013333333333333334,0
58,PAYMENT,16738.67,C5151086814,236818.69,220080.02,M1783432867,0.0,0.0,0,0.0,0
485,CASH_OUT,1.0,C3975704877,0.0,0.0,C6961554653,0.0,0.0,0,0.07666666666666666,0
669,TRANSFER,4244.1,C7660157097,4864.04,619.94,M1442421654,0.0,0.0,1,0.31,0
156,PAYMENT,3852.73,C3971203213,5355.29,1502.56,M3192202822,0.0,0.0,0,0.0,0
684,PAYMENT,1.0,C2137651678,0.0,0.0,M9558906999,0.0,0.0,0,0.0,0
645,TRANSFER,88.26,C7508080884,83.08,0.0,C1065857791,18671.86,18671.86,1,0.01,0
536,CASH_OUT,58.07,C7750819485,55.83,0.0,M8768773991,0.0,0.0,1,0.06,0
524,TRANSFER,13.89,C3739951076,32.8,18.91,C3567900251,19514.37,19528.26,0,0.0033333333333333335,0
432,TRANSFER,291.35,C3367665472,1989.54,1698.19,C6156843353,0.0,291.35,0,0.1,0
510,TRANSFER,329.18,C7608141858,304.55,0.0,M9625656293,0.0,0.0,1,0.23,0
161,CASH_OUT,228.2,C5625411308,12740.23,12512.03,C3400244542,960.84,960.84,0,0.01,0
627,TRANSFER,7097.27,C3515167269,10105.45,3008.18,C1261903104,0.0,7097.27,0,0.05,0
592,PAYMENT,1.0,C4022245086,0.0,0.0,M8063693463,0.0,0.0,0,0.0,0
213,CASH_OUT,342.3,C4143852021,388.43,46.13,M9026301048,0.0,0.0,1,0.0,0
223,CASH_OUT,1251.18,C5612645121,2397.51,1146.33,C5058691146,26120.0,26120.0,0,0.0,0
63,CASH_OUT,1.0,C2464137110,0.0,0.0,C4518871744,7639.65,7639.65,0,0.0,0
446,TRANSFER,619.55,C4751509023,2906.21,2286.66,C9661615016,0.0,619.55,0,0.07333333333333333,0
483,PAYMENT,1498.82,C1112794026,3140.41,1641.59,M9581187661,0.0,0.0,0,0.0,0
677,CASH_OUT,4522.84,C1446362270,4680.3,157.46,C7209571615,571.2,571.2,1,0.02666666666666667,0
542,PAYMENT,39.84,C5067245523,121.87,82.03,M6866146362,0.0,0.0,0,0.0,0
362,CASH_OUT,2347.91,C5334769475,3271.72,923.81,C9337145038,0.0,0.0,1,0.01,0
628,PAYMENT,6947.59,C7185179917,12279.93,5332.34,M9441870024,0.0,0.0,0,0.0,0
573,TRANSFER,22623.35,C2602884797,25542.3,2918.95,C1855256552,240.82,240.82,1,0.11666666666666667,0
277,CASH_OUT,2780.45,C8339176912,3106.88,326.43,M8790289305,0.0,0.0,1,0.0033333333333333335,0
210,PAYMENT,201.18,C8940731272,763.7,562.52,M1692044390,0.0,0.0,0,0.0,0
136,PAYMENT,22869.02,C2111272861,137225.83,114356.81,M8276498637,0.0,0.0,0,0.0,0
164,PAYMENT,362.61,C2866092821,698.36,335.75,M5000316394,0.0,0.0,0,0.0,0
339,CASH_OUT,83480.36,C2099184899,90285.48,6805.12,C1795212538,64368.16,64368.16,1,0.0,0
627,CASH_OUT,108.39,C1855256552,240.82,132.43,C9780187424,174.61,174.61,0,0.023333333333333334,0
457,TRANSFER,2159.72,C4015479599,2690.25,530.53,C7536876169,3.69,3.69,1,0.23666666666666666,0
207,DEBIT,1.0,C6587537178,1.63,0.63,M8727805468,0.0,0.0,0,0.03,0
712,CASH_OUT,406.8,C2687477596,457.63,50.83,C8624454880,901.88,901.88,0,0.03,0
555,PAYMENT,1921.92,C4039019230,23880.72,21958.8,M6275155878,0.0,0.0,0,0.0,0
395,PAYMENT,1.0,C8180620422,0.0,0.0,M3508990774,0.0,0.0,0,0.0,0
275,CASH_OUT,70331.95,C6875597607,62791.92,0.0,C8506931282,0.0,0.0,1,0.05,0
26,PAYMENT,54.15,C9546021691,62.91,8.76,M6846530109,0.0,0.0,0,0.0,0
16,PAYMENT,180.49,C2009317340,211.76,31.27,M9631695368,0.0,0.0,0,0.0,0
430,TRANSFER,28067.15,C2721355673,119135.68,91068.53,C2125089309,1481.73,29548.88,0,0.0,0
368,CASH_OUT,23746.61,C5899025962,51812.37,28065.76,C9981364488,33.38,33.38,0,0.0,0
516,DEBIT,568.62,C6276339732,732.65,164.03,M9822499208,0.0,0.0,0,0.023333333333333334,0
468,CASH_OUT,34733.23,C1696846464,36013.61,1280.38,M1999913493,0.0,0.0,1,0.016666666666666666,0
511,CASH_OUT,51.73,C8133593748,62.86,11.13,C5461537013,31459.19,31459.19,0,0.016666666666666666,0
311,PAYMENT,1.0,C8139209752,0.0,0.0,M1647181551,0.0,0.0,0,0.0,0
85,PAYMENT,5628.78,C2720484983,6554.77,925.99,M3476758136,0.0,0.0,0,0.0,0
378,CASH_OUT,92.03,C8418332121,115.03,23.0,M9398575277,0.0,0.0,1,0.013333333333333334,0
511,CASH_OUT,3542.06,C6613888489,4393.24,851.18,C3197757742,93.77,93.77,1,0.023333333333333334,0
223,PAYMENT,110.4,C8949781901,3177.72,3067.32,M1257854279,0.0,0.0,0,0.0,0
677,CASH_OUT,70486.08,C7186766399,61772.35,0.0,M3355504998,0.0,0.0,1,0.12666666666666668,0
39,PAYMENT,49.37,C9730449971,66.47,17.1,M1306420495,0.0,0.0,0,0.0,0
579,PAYMENT,1321.38,C6402580787,17475.45,16154.07,M3457877922,0.0,0.0,0,0.0,0
128,DEBIT,20956.22,C4919706735,98203.75,77247.53,M1711271599,0.0,0.0,0,0.006666666666666667,0
662,TRANSFER,2905.63,C2331039957,3771.0,865.37,C6509985983,2887.05,5792.68,0,0.023333333333333334,0
254,CASH_OUT,584.61,C8691288568,550.1,0.0,C2009317340,31.27,31.27,1,0.13666666666666666,0
89,PAYMENT,2368.09,C1553753599,2772.71,404.62,M8063693463,0.0,0.0,0,0.0,0
561,CASH_OUT,1.0,C9274189261,0.0,0.0,C3362646960,0.0,0.0,0,0.06,0
388,TRANSFER,4652.41,C6048096802,4254.53,0.0,M7282885927,0.0,0.0,1,0.7366666666666667,1
268,CASH_OUT,1.0,C2423995953,0.0,0.0,C5606736607,0.0,0.0,0,0.02666666666666667,0
172,CASH_OUT,76.54,C8131923452,69.13,0.0,C6218955985,1.0,1.0,1,0.023333333333333334,0
700,TRANSFER,503.12,C2854772804,501.63,0.0,M3636366799,0.0,0.0,1,0.26,0
456,TRANSFER,2288.63,C9974165440,1921.4,0.0,M3566125120,0.0,0.0,1,0.7233333333333334,1
388,TRANSFER,6168.78,C6289150149,7027.63,858.85,C3424843951,0.0,6168.78,1,0.0,0
291,PAYMENT,165.97,C5763350700,103451.05,103285.08,M1442421654,0.0,0.0,0,0.0,0
654,PAYMENT,49.78,C8055556030,57.05,7.27,M9043367776,0.0,0.0,0,0.0,0
276,TRANSFER,785.78,C6214917780,743.29,0.0,C5996775663,0.0,0.0,1,0.30333333333333334,0
492,PAYMENT,4493.95,C8168394616,5706.15,1212.2,M6515490818,0.0,0.0,0,0.0,0
322,CASH_OUT,147.34,C2620054076,126.59,0.0,C5696548897,3.44,3.44,1,0.05333333333333334,0
143,TRANSFER,18.59,C6102144947,89.34,70.75,C8761956684,0.0,18.59,0,0.14666666666666667,0
288,PAYMENT,939.27,C1977515194,1261.48,322.21,M1343875431,0.0,0.0,0,0.0,0
653,PAYMENT,2646.47,C3142452709,136294.76,133648.29,M2586712032,0.0,0.0,0,0.0,0
465,TRANSFER,120.63,C5306459450,598.42,477.79,C8617360361,5957.3,6077.93,0,0.013333333333333334,0
5,TRANSFER,536.71,C7061419749,683.52,146.81,C9558091177,0.0,536.71,0,0.01,0
629,TRANSFER,147870.44,C1392245997,162313.26,14442.82,C2756070122,0.0,0.0,1,0.32666666666666666,0
321,DEBIT,11017.27,C4530959836,166685.16,155667.89,M3636366799,0.0,0.0,0,0.006666666666666667,0
561,DEBIT,597.01,C9786748825,6420.04,5823.03,M3580582653,0.0,0.0,0,0.02666666666666667,0
145,DEBIT,23118.72,C3377702111,27643.02,4524.3,M2187592160,0.0,0.0,0,0.02,0
319,TRANSFER,2791.81,C4643576871,3347.93,556.12,M7437168216,0.0,0.0,1,0.17666666666666667,0
519,TRANSFER,157.53,C4949801453,158.82,1.29,C3163970710,164569.84,164569.84,1,0.0,0
707,TRANSFER,47525.35,C4807122420,49768.34,2242.99,M9558906999,0.0,0.0,1,0.33666666666666667,0
216,PAYMENT,7882.85,C9312085761,10067.94,2185.09,M4554178984,0.0,0.0,0,0.0,0
100,TRANSFER,3735.79,C6640801643,3710.53,0.0,M1306420495,0.0,0.0,1,0.8066666666666666,1
568,TRANSFER,405.56,C5419627962,380.92,0.0,C2139027119,66.19,66.19,1,0.17,0
133,CASH_OUT,8837.03,C4668931881,34738.4,25901.37,C9312085761,2185.09,2185.09,0,0.0,0
391,DEBIT,1.0,C2388450337,0.0,0.0,M4641902461,0.0,0.0,0,0.043333333333333335,0
567,PAYMENT,22547.52,C6583444930,106781.79,84234.27,M3508990774,0.0,0.0,0,0.0,0
169,TRANSFER,2419.41,C7472806994,3127.15,707.74,C7894019119,131.92,2551.33,1,0.0,0
573,TRANSFER,8282.76,C6320115677,9109.98,827.22,C6447717367,804.44,804.44,1,0.07333333333333333,0
385,DEBIT,1.0,C2984460654,0.0,0.0,M3072183247,0.0,0.0,0,0.043333333333333335,0
551,TRANSFER,1.0,C2836553621,1.0,0.0,C9963334018,98.89,99.89,0,0.13,0
662,TRANSFER,8296.89,C9630522755,7943.92,0.0,M6313472215,0.0,0.0,1,0.9533333333333334,1
565,PAYMENT,143.41,C8868054898,439.34,295.93,M5714658227,0.0,0.0,0,0.0,0
583,PAYMENT,1.0,C9432088993,3.45,2.45,M6932365592,0.0,0.0,0,0.0,0
157,PAYMENT,10.19,C4956362540,17.21,7.02,M7713758036,0.0,0.0,0,0.0,0
9,DEBIT,1.0,C1281199333,0.0,0.0,M2303835765,0.0,0.0,0,0.023333333333333334,0
187,TRANSFER,1485.94,C7872873371,3545.42,2059.48,C3197757742,93.77,1579.71,0,0.0,0
295,PAYMENT,45.68,C7894019119,2551.33,2505.65,M7453081889,0.0,0.0,0,0.0,0
445,TRANSFER,52.06,C1446362270,157.46,105.4,C3169561289,95994.77,96046.83,0,0.0,0
543,TRANSFER,1616.22,C9138644862,2018.68,402.46,M4665677395,0.0,0.0,1,0.26666666666666666,0
163,PAYMENT,46.69,C6986770879,112.23,65.54,M5990749811,0.0,0.0,0,0.0,0
400,CASH_OUT,1896.21,C8991678061,1814.68,0.0,C8086172302,13992.79,13992.79,1,0.02666666666666667,0
271,CASH_OUT,2928.37,C6562144159,4042.11,1113.74,M7948094928,0.0,0.0,1,0.0033333333333333335,0
488,CASH_OUT,1907.35,C1370292681,3199.85,1292.5,C2503068227,0.0,0.0,0,0.02666666666666667,0
632,PAYMENT,365.42,C5474951950,4579.33,4213.91,M2156184315,0.0,0.0,0,0.0,0
416,CASH_OUT,11187.41,C3047869247,43434.72,32247.31,C9544423456,0.0,0.0,0,0.013333333333333334,0
578,PAYMENT,5590.36,C6583444930,84234.27,78643.91,M4865979921,0.0,0.0,0,0.0,0
110,PAYMENT,1.0,C8823677798,0.0,0.0,M4554178984,0.0,0.0,0,0.0033333333333333335,0
406,PAYMENT,6718.89,C4282810353,7049.63,330.74,M2571632270,0.0,0.0,0,0.0,0
161,CASH_OUT,332.87,C6691628146,286.67,0.0,M2328736852,0.0,0.0,1,0.02,0
117,TRANSFER,766.34,C8211516617,3451.83,2685.49,C7961674558,48328.32,49094.66,0,0.0,0
505,PAYMENT,1.0,C4026379752,0.0,0.0,M6495967005,0.0,0.0,0,0.0,0
236,PAYMENT,118.02,C7910439839,402.54,284.52,M1999913493,0.0,0.0,0,0.0,0
470,TRANSFER,133.6,C1799718923,151.34,17.74,C3555656321,1172.33,1172.33,1,0.04666666666666667,0
369,PAYMENT,439.48,C3598862507,505.22,65.74,M3119908041,0.0,0.0,0,0.0,0
337,PAYMENT,121.02,C7845366946,229.58,108.56,M7437168216,0.0,0.0,0,0.0,0
261,PAYMENT,1.0,C2620054076,0.0,0.0,M7270955446,0.0,0.0,0,0.0,0
609,TRANSFER,1.0,C1439427140,0.55,0.0,C1421776124,0.0,1.0,0,0.23333333333333334,0
287,PAYMENT,1.0,C3846570058,0.0,0.0,M5985331805,0.0,0.0,0,0.0,0
78,TRANSFER,1.0,C3304560537,1.0,0.0,C8923555411,10038.16,10039.16,0,0.0,0
339,PAYMENT,1740.5,C8906163641,159191.77,157451.27,M1647181551,0.0,0.0,0,0.0,0
269,PAYMENT,15781.66,C6204862411,69897.41,54115.75,M7537130187,0.0,0.0,0,0.0,0
506,TRANSFER,1.0,C3149533961,0.0,0.0,C8982597239,2909.47,2910.47,0,0.06,0
413,CASH_OUT,6203.95,C9711080868,6601.79,397.84,C4786674545,646.6,646.6,0,0.01,0
584,PAYMENT,1.0,C7389111087,0.0,0.0,M7514017540,0.0,0.0,0,0.0,0
282,CASH_OUT,173.86,C7061419749,146.81,0.0,C6892752604,314984.5,314984.5,1,0.016666666666666666,0
505,PAYMENT,67.79,C1045302356,94.25,26.46,M8044997538,0.0,0.0,0,0.0,0
452,PAYMENT,1.0,C2699887270,0.0,0.0,M5412437658,0.0,0.0,0,0.0,0
261,PAYMENT,728.17,C7540301973,1130.26,402.09,M5815678365,0.0,0.0,0,0.0,0
412,PAYMENT,1.0,C1519709079,0.0,0.0,M1783432867,0.0,0.0,0,0.0,0
390,CASH_OUT,3.44,C3799264931,15.47,12.03,C2079501936,0.0,0.0,0,0.013333333333333334,0
687,CASH_OUT,2377.1,C7872873371,2059.48,0.0,C9987064419,60.42,60.42,1,0.13666666666666666,0
354,TRANSFER,44703.7,C1795212538,64368.16,19664.46,C3553440342,0.0,44703.7,0,0.0,0
672,TRANSFER,1638.45,C5292015249,2085.6,447.15,M3965860354,0.0,0.0,1,0.26666666666666666,0
420,CASH_OUT,141109.99,C8189916797,194630.15,53520.16,C8243746556,12730.84,12730.84,1,0.0,0
281,CASH_OUT,959.24,C8666074487,819.04,0.0,C1364994639,114513.79,114513.79,1,0.016666666666666666,0
509,CASH_OUT,447.19,C9302705838,36446.74,35999.55,C3958590550,0.0,0.0,0,0.01,0
120,TRANSFER,1.0,C3196545325,0.0,0.0,C4353689019,67729.15,67730.15,0,0.0,0
429,TRANSFER,37839.28,C3346569443,34550.22,0.0,M1099218439,0.0,0.0,1,0.8966666666666666,1
325,PAYMENT,34.36,C8001729836,56.21,21.85,M8443061472,0.0,0.0,0,0.0,0
398,PAYMENT,607.46,C2293434554,689.33,81.87,M8063693463,0.0,0.0,0,0.0,0
434,PAYMENT,82.04,C1600566083,107.92,25.88,M4689605624,0.0,0.0,0,0.0,0
308,CASH_OUT,51768.53,C2191714875,70158.28,18389.75,C7114223633,210.49,210.49,0,0.0,0
544,PAYMENT,9.38,C7949795085,17.08,7.7,M8138332494,0.0,0.0,0,0.0,0
537,PAYMENT,5472.16,C1600406558,6386.75,914.59,M4211837506,0.0,0.0,0,0.0,0
413,TRANSFER,2247.76,C9508499533,2833.6,585.84,M5325865521,0.0,0.0,1,0.24333333333333335,0
522,TRANSFER,119256.21,C3201397080,160328.26,41072.05,M5734228580,0.0,0.0,1,0.30666666666666664,0
172,CASH_OUT,1.0,C9725528903,0.0,0.0,C2073108894,27.55,27.55,0,0.0033333333333333335,0
687,DEBIT,28862.84,C2549748436,98626.31,69763.47,M8389750357,0.0,0.0,0,0.02,0
282,TRANSFER,773.9,C5275521470,811.75,37.85,M6999146585,0.0,0.0,1,0.18666666666666668,0
279,DEBIT,1.0,C1798112150,0.0,0.0,M2910594463,0.0,0.0,0,0.03666666666666667,0
24,TRANSFER,1.0,C7389111087,0.0,0.0,C4332894265,0.0,1.0,0,0.21666666666666667,0
7,PAYMENT,11530.45,C5952894290,77092.42,65561.97,M5087280062,0.0,0.0,0,0.0,0
328,TRANSFER,1130.16,C8211516617,2685.49,1555.33,C8858766173,1173.41,2303.57,0,0.0033333333333333335,0
340,CASH_OUT,94814.51,C5763350700,103285.08,8470.57,M7861571879,0.0,0.0,1,0.0,0
604,TRANSFER,1.0,C2274350418,0.0,0.0,C5933179746,174475.6,174476.6,0,0.0,0
719,TRANSFER,516.24,C2158638062,2409.67,1893.43,C5943324387,339.48,855.72,0,0.05333333333333334,0
102,TRANSFER,1283.33,C1230624431,1982.07,698.74,C1051354601,130.06,1413.39,0,0.0033333333333333335,0
213,PAYMENT,7298.01,C5625342041,60586.94,53288.93,M9590331226,0.0,0.0,0,0.0,0
180,DEBIT,620.24,C3426665919,1193.29,573.05,M5087280062,0.0,0.0,0,0.01,0
332,PAYMENT,335.81,C6385791669,664.72,328.91,M7928143230,0.0,0.0,0,0.0,0
266,PAYMENT,6.81,C4104309491,26.69,19.88,M1099218439,0.0,0.0,0,0.0,0
325,PAYMENT,6.07,C8303853049,16.29,10.22,M4665677395,0.0,0.0,0,0.0,0
714,CASH_OUT,1762.16,C3127657643,2297.71,535.55,C9410288290,23088.9,23088.9,1,0.0033333333333333335,0
517,PAYMENT,2958.26,C7685540186,3908.71,950.45,M1694904767,0.0,0.0,0,0.0,0
276,DEBIT,9401.17,C3962452613,14423.25,5022.08,M2518433834,0.0,0.0,0,0.02,0
400,DEBIT,1.0,C8666074487,0.0,0.0,M3536590481,0.0,0.0,0,0.043333333333333335,0
388,CASH_OUT,28282.72,C5993571693,32293.51,4010.79,M8910440683,0.0,0.0,1,0.0,0
665,CASH_OUT,14722.87,C7161887665,15070.85,347.98,M9918338001,0.0,0.0,1,0.023333333333333334,0
160,PAYMENT,1177.36,C3380064537,238473.06,237295.7,M6282009986,0.0,0.0,0,0.0,0
316,CASH_OUT,611.83,C1510289448,2234.43,1622.6,C3853978147,23878.05,23878.05,0,0.0,0
267,CASH_IN,32229.58,C4252504650,0.0,32229.58,C4927019611,7856.94,7856.94,0,0.0,0
181,PAYMENT,1.0,C5673482258,0.0,0.0,M6200141898,0.0,0.0,0,0.0,0
368,TRANSFER,1.0,C8925520026,0.0,0.0,C1197449658,0.0,1.0,0,0.22,0
250,PAYMENT,1349.55,C9776185998,2552.36,1202.81,M6845287382,0.0,0.0,0,0.0,0
369,CASH_OUT,5536.88,C1494287462,4800.76,0.0,M5585110649,0.0,0.0,1,0.14,0
253,TRANSFER,1329.3,C4930438209,1406.26,76.96,M6313472215,0.0,0.0,1,0.20333333333333334,0
654,PAYMENT,1.0,C7872873371,0.0,0.0,M3119908041,0.0,0.0,0,0.0,0
684,CASH_OUT,1475.23,C2311597141,1300.52,0.0,C4946081594,21.33,21.33,1,0.16333333333333333,0
619,TRANSFER,1.0,C8291250562,0.0,0.0,C3521166052,0.0,1.0,0,0.23333333333333334,0
506,DEBIT,3078.44,C5899025962,28065.76,24987.32,M5412437658,0.0,0.0,0,0.02666666666666667,0
79,CASH_OUT,2121.37,C3878201524,1770.26,0.0,C7845366946,108.56,108.56,1,0.043333333333333335,0
5,DEBIT,4.64,C6065662867,7.54,2.9,M1802753761,0.0,0.0,0,0.03,0
449,PAYMENT,16148.35,C6963052185,146533.26,130384.91,M3322580659,0.0,0.0,0,0.0,0
49,TRANSFER,20809.45,C5855415646,23401.3,2591.85,C6231117883,0.0,20809.45,0,0.0,0
54,PAYMENT,15625.25,C1065857791,18671.86,3046.61,M8144352013,0.0,0.0,0,0.0,0
581,PAYMENT,4.28,C9481076448,13.42,9.14,M3636366799,0.0,0.0,0,0.0,0
555,CASH_OUT,4811.76,C4022245086,4722.54,0.0,C8532327465,3454.82,3454.82,1,0.14333333333333334,0
706,PAYMENT,1.0,C3171050399,1.0,0.0,M3495411322,0.0,0.0,0,0.0,0
384,PAYMENT,1.0,C9611537583,0.0,0.0,M7341757401,0.0,0.0,0,0.0,0
188,DEBIT,10.05,C3465740756,38.13,28.08,M1908459040,0.0,0.0,0,0.016666666666666666,0
108,PAYMENT,264.06,C7418301077,313.99,49.93,M3517195150,0.0,0.0,0,0.0,0
120,CASH_OUT,877.1,C7460728316,790.06,0.0,M3469205576,0.0,0.0,1,0.08,0
181,TRANSFER,365.85,C8168204967,911.04,545.19,C9547119184,476.51,842.36,0,0.0,0
313,CASH_OUT,2419.87,C5400463094,2903.24,483.37,C6385791669,328.91,328.91,1,0.013333333333333334,0
340,CASH_OUT,1.71,C2247484671,19026.78,19025.07,C6691628146,0.0,0.0,0,0.006666666666666667,0
657,CASH_OUT,23758.75,C1809283659,226710.0,202951.25,C2566942273,19.73,19.73,0,0.01,0
130,PAYMENT,1.0,C6425814872,0.0,0.0,M3536590481,0.0,0.0,0,0.0,0
371,PAYMENT,1.0,C2537965898,0.0,0.0,M7270955446,0.0,0.0,0,0.0,0
55,CASH_OUT,9479.6,C5508149905,12142.81,2663.21,C2047905204,23.33,23.33,1,0.0,0
447,CASH_OUT,2349.41,C2752536389,2136.09,0.0,M3019265031,0.0,0.0,1,0.37,0
601,PAYMENT,10904.45,C8901585274,70244.62,59340.17,M4665677395,0.0,0.0,0,0.0,0
76,PAYMENT,85.19,C1855256552,132.43,47.24,M2136107759,0.0,0.0,0,0.0,0
273,PAYMENT,54.83,C2390587865,70.25,15.42,M8874242713,0.0,0.0,0,0.0,0
91,PAYMENT,1.0,C8497938394,0.0,0.0,M6790024996,0.0,0.0,0,0.0,0
239,TRANSFER,1.0,C7625464411,0.0,0.0,C8750840032,10.07,11.07,0,0.19333333333333333,0
535,PAYMENT,3630.83,C2627677155,35251.71,31620.88,M8044997538,0.0,0.0,0,0.0,0
214,PAYMENT,1.0,C7004964045,3.16,2.16,M9441870024,0.0,0.0,0,0.0,0
586,CASH_OUT,142096.29,C6963052185,130384.91,0.0,C7022683808,0.0,0.0,1,0.17666666666666667,0
83,PAYMENT,215.75,C9115282784,3959.48,3743.73,M9098037639,0.0,0.0,0,0.0,0
546,CASH_OUT,20879.64,C6789292252,44087.98,23208.34,C3511301900,112490.86,112490.86,0,0.0,0
239,TRANSFER,1500.76,C5774080233,1346.87,0.0,C3185386258,9.79,9.79,1,0.3333333333333333,0
366,CASH_OUT,4.73,C2188332531,8.97,4.24,C2653032484,5671.64,5671.64,0,0.0033333333333333335,0
88,TRANSFER,308.45,C3343459102,286.2,0.0,C2645272822,142253.73,142253.73,1,0.0,0
258,PAYMENT,488.08,C5884391502,657.91,169.83,M8790289305,0.0,0.0,0,0.0,0
554,CASH_IN,52506.38,C6471691689,8.66,52515.04,C5694628398,8322.89,8322.89,0,0.0,0
212,CASH_OUT,3099.54,C9403748506,3129.54,30.0,M3508990774,0.0,0.0,1,0.0,0
400,PAYMENT,108.48,C5856127658,228.56,120.08,M3208200227,0.0,0.0,0,0.0,0
146,TRANSFER,150.54,C4750707607,136.63,0.0,C3362646960,0.0,150.54,1,0.13333333333333333,0
53,PAYMENT,305.11,C1230624431,698.74,393.63,M9590331226,0.0,0.0,0,0.0,0
369,CASH_OUT,184.83,C9434946584,195.63,10.8,M7340036327,0.0,0.0,1,0.02,0
364,PAYMENT,20877.16,C6904897514,23171.76,2294.6,M7230477043,0.0,0.0,0,0.0,0
150,TRANSFER,52.8,C8832617672,52.57,0.0,C1809283659,202951.25,202951.25,1,0.0,0
160,CASH_OUT,1.0,C1526723719,0.0,0.0,C2645272822,142253.73,142253.73,0,0.0033333333333333335,0
684,TRANSFER,23326.14,C5022964382,26590.25,3264.11,C1065857791,3046.61,3046.61,1,0.016666666666666666,0
428,CASH_OUT,1925.64,C9493209128,2387.14,461.5,C5704029171,0.0,0.0,1,0.04666666666666667,0
157,PAYMENT,265.35,C1551395583,8505.08,8239.73,M9255306810,0.0,0.0,0,0.0,0
522,TRANSFER,59344.01,C6204862411,54115.75,0.0,C7631970791,475.97,59819.98,1,0.03666666666666667,0
277,CASH_IN,13461.38,C5118430494,67.65,13529.03,C2818381356,62.69,62.69,0,0.0,0
599,PAYMENT,871.2,C1065857791,3046.61,2175.41,M2695447268,0.0,0.0,0,0.0,0
544,TRANSFER,293.12,C9255898264,427.88,134.76,C7579604766,0.0,293.12,0,0.06,0
196,PAYMENT,3.16,C3305069227,6.61,3.45,M9065458220,0.0,0.0,0,0.0,0
398,PAYMENT,2237.48,C3965572185,79385.57,77148.09,M8903212516,0.0,0.0,0,0.0,0
363,PAYMENT,1.0,C6642266247,0.0,0.0,M5535650160,0.0,0.0,0,0.0,0
189,PAYMENT,2949.1,C2554039848,3365.43,416.33,M6247463262,0.0,0.0,0,0.0,0
119,PAYMENT,38.73,C3614915281,157.17,118.44,M9255306810,0.0,0.0,0,0.0,0
136,DEBIT,2514.31,C1772303297,14158.98,11644.67,M2541015125,0.0,0.0,0,0.013333333333333334,0
112,CASH_OUT,31523.52,C3828935922,39712.16,8188.64,C4455798713,371.59,371.59,0,0.0,0
175,TRANSFER,1.0,C2079501936,0.0,0.0,C7792729530,5.14,6.14,0,0.19,0
33,PAYMENT,1.0,C2918260963,0.0,0.0,M8626371177,0.0,0.0,0,0.0,0
451,TRANSFER,830.04,C7196439534,747.26,0.0,C4440904834,3289.33,4119.37,1,0.056666666666666664,0
181,DEBIT,12682.83,C5899025962,24987.32,12304.49,M3831598303,0.0,0.0,0,0.02,0
378,TRANSFER,11593.11,C3245108207,24354.25,12761.14,C7472806994,707.74,12300.85,0,0.0,0
692,CASH_OUT,20.09,C3328710672,29.02,8.93,C5510938155,82585.66,82585.66,0,0.0033333333333333335,0
223,CASH_OUT,258.04,C4630196130,1124.79,866.75,C7209571615,571.2,571.2,0,0.01,0
13,PAYMENT,3455.48,C1004665657,155226.84,151771.36,M9021793855,0.0,0.0,0,0.0,0
365,CASH_OUT,181.1,C6305160342,194.39,13.29,C7685540186,950.45,950.45,0,0.023333333333333334,0
668,PAYMENT,40.51,C6153541642,60.88,20.37,M7678293431,0.0,0.0,0,0.0,0
105,PAYMENT,32.55,C3258354191,171.7,139.15,M7532669066,0.0,0.0,0,0.0,0
675,TRANSFER,5.82,C7602474923,10.36,4.54,C7838460497,1323.15,1328.97,0,0.05333333333333334,0
453,PAYMENT,1.0,C8252816758,0.0,0.0,M3322580659,0.0,0.0,0,0.0,0
125,PAYMENT,197.29,C6588316233,384.65,187.36,M3846182436,0.0,0.0,0,0.0,0
622,PAYMENT,8128.05,C4736031885,23858.2,15730.15,M6692705133,0.0,0.0,0,0.0,0
313,DEBIT,68.61,C8997701619,114.93,46.32,M1888107487,0.0,0.0,0,0.023333333333333334,0
224,PAYMENT,2440.03,C3713284816,51749.17,49309.14,M9625656293,0.0,0.0,0,0.0,0
291,PAYMENT,2.88,C5891280823,30.53,27.65,M4390543744,0.0,0.0,0,0.0,0
109,TRANSFER,1350.07,C6206015111,1482.81,132.74,C7380780055,0.0,1350.07,1,0.013333333333333334,0
244,CASH_OUT,185.6,C1050899550,215.38,29.78,M1357561213,0.0,0.0,1,0.006666666666666667,0
263,CASH_OUT,130.89,C5125568431,140.65,9.76,M1306420495,0.0,0.0,1,0.01,0
534,PAYMENT,52.73,C8417757797,85.45,32.72,M4390543744,0.0,0.0,0,0.0,0
486,PAYMENT,45.57,C7161404428,84.96,39.39,M4093474499,0.0,0.0,0,0.0,0
607,PAYMENT,66.05,C8075122626,77.5,11.45,M6384311581,0.0,0.0,0,0.0,0
501,TRANSFER,93772.65,C3075362821,87721.99,0.0,M5087280062,0.0,0.0,1,0.9433333333333334,1
39,PAYMENT,1.0,C1422701550,0.0,0.0,M6361225622,0.0,0.0,0,0.0,0
100,TRANSFER,11265.01,C6576395496,12741.72,1476.71,C7951902330,237.84,11502.85,0,0.0,0
667,PAYMENT,1.0,C3846570058,0.0,0.0,M3438830691,0.0,0.0,0,0.0,0
338,CASH_IN,17626.08,C1546957087,5.23,17631.31,C1563524533,34087.16,34087.16,0,0.0,0
516,TRANSFER,601.23,C8664882079,2137.84,1536.61,C4853479481,114717.32,115318.55,0,0.0033333333333333335,0
421,DEBIT,1.0,C6691628146,0.0,0.0,M4588312351,0.0,0.0,0,0.056666666666666664,0
84,PAYMENT,12.18,C1515024824,13.51,1.33,M7861571879,0.0,0.0,0,0.0,0
74,TRANSFER,684.79,C2720484983,925.99,241.2,C1659663750,0.0,684.79,0,0.0033333333333333335,0
123,CASH_IN,20775.89,C1106456634,26860.52,47636.41,C8761469117,2.52,2.52,0,0.0,0
521,PAYMENT,168.49,C7910439839,284.52,116.03,M9576264323,0.0,0.0,0,0.0,0
462,PAYMENT,1.0,C6585609060,0.0,0.0,M9026301048,0.0,0.0,0,0.0,0
467,PAYMENT,4364.36,C1197092148,75496.71,71132.35,M8667946580,0.0,0.0,0,0.0,0
354,PAYMENT,20929.62,C3853978147,23878.05,2948.43,M3476758136,0.0,0.0,0,0.0,0
574,PAYMENT,686.61,C6797436140,19904.19,19217.58,M6247463262,0.0,0.0,0,0.0,0
327,PAYMENT,7476.76,C3297096148,9705.1,2228.34,M4601406440,0.0,0.0,0,0.0,0
684,PAYMENT,1.0,C8650676663,2.18,1.18,M6275155878,0.0,0.0,0,0.0,0
184,PAYMENT,1.0,C7895255573,0.0,0.0,M7366396017,0.0,0.0,0,0.0,0
176,CASH_OUT,117.66,C5802739154,1336.64,1218.98,C1005502537,1214.11,1214.11,0,0.016666666666666666,0
134,PAYMENT,494.83,C5748253283,531.29,36.46,M9288057824,0.0,0.0,0,0.0,0
521,TRANSFER,1.0,C5431267548,0.0,0.0,C5943324387,855.72,856.72,0,0.07666666666666666,0
537,CASH_OUT,5947.93,C3645901955,11309.79,5361.86,C9912233947,0.0,0.0,0,0.02,0
702,CASH_OUT,28912.34,C2125089309,29548.88,636.54,M8458323087,0.0,0.0,1,0.016666666666666666,0
16,CASH_OUT,2872.23,C4062777850,3828.45,956.22,C2704657157,34.6,34.6,1,0.0,0
651,TRANSFER,2919.42,C1225052083,2877.59,0.0,C1600566083,25.88,25.88,1,0.8033333333333333,1
20,PAYMENT,1.0,C7699500243,1.92,0.92,M3636366799,0.0,0.0,0,0.0,0
625,TRANSFER,829.78,C1569113257,717.58,0.0,M7270955446,0.0,0.0,1,0.27,0
53,CASH_OUT,5925.1,C7638836058,21422.78,15497.68,C5336127859,108.15,108.15,0,0.0,0
456,PAYMENT,1913.58,C4895020135,13414.34,11500.76,M6401844042,0.0,0.0,0,0.0,0
706,CASH_OUT,81280.13,C4919706735,77247.53,0.0,M5985331805,0.0,0.0,1,0.23333333333333334,0
552,PAYMENT,263.45,C4681264539,834.67,571.22,M8063693463,0.0,0.0,0,0.0,0
545,TRANSFER,734.49,C7150970643,785.88,51.39,M7340036327,0.0,0.0,1,0.22333333333333333,0
53,TRANSFER,1.0,C4037270171,0.0,0.0,C9807209816,0.0,1.0,0,0.22666666666666666,0
466,CASH_OUT,160.27,C7010379415,536.83,376.56,C5744003377,2520.27,2520.27,0,0.02666666666666667,0
111,TRANSFER,1.0,C5268845844,0.0,0.0,C8316648259,0.0,1.0,0,0.22666666666666666,0
464,PAYMENT,25.7,C9155819200,28.44,2.74,M8144889126,0.0,0.0,0,0.0,0
243,CASH_OUT,5029.8,C7431813987,5301.3,271.5,C3980491761,0.0,0.0,1,0.0033333333333333335,0
288,PAYMENT,1742.32,C6557907251,2111.97,369.65,M4896576569,0.0,0.0,0,0.0,0
494,PAYMENT,68.37,C1676168421,92.6,24.23,M3831598303,0.0,0.0,0,0.0,0
498,TRANSFER,389.65,C4731897202,449.82,60.17,C4042413312,2.08,2.08,1,0.16333333333333333,0
209,PAYMENT,1123.64,C7576309274,165798.22,164674.58,M3094407076,0.0,0.0,0,0.0,0
567,PAYMENT,224.38,C6698759353,351.79,127.41,M6786043791,0.0,0.0,0,0.0,0
623,PAYMENT,1645.39,C3653594796,24906.33,23260.94,M1096405016,0.0,0.0,0,0.0,0
604,PAYMENT,1834.99,C3691864041,40634.06,38799.07,M6606958660,0.0,0.0,0,0.0,0
692,PAYMENT,6188.77,C1195066088,77415.58,71226.81,M5067400473,0.0,0.0,0,0.0,0
57,TRANSFER,31420.91,C6038780151,26510.76,0.0,M5380159400,0.0,0.0,1,0.77,1
401,CASH_OUT,341.67,C4767539382,339.82,0.0,C7403028869,7841.77,7841.77,1,0.016666666666666666,0
306,TRANSFER,65.12,C3815235019,82.34,17.22,C4783282817,0.0,0.0,1,0.16333333333333333,0
598,CASH_OUT,4075.0,C8617360361,6077.93,2002.93,C1459442845,202813.01,202813.01,0,0.0,0
598,TRANSFER,277.33,C6756332150,349.33,72.0,M5156392601,0.0,0.0,1,0.17333333333333334,0
560,CASH_OUT,1.0,C6732648420,0.0,0.0,C7598745558,36625.58,36625.58,0,0.023333333333333334,0
316,TRANSFER,1.0,C4482141802,0.0,0.0,C4536306171,20.95,21.95,0,0.17,0
388,CASH_OUT,3584.24,C1939777262,4286.83,702.59,M6384311581,0.0,0.0,1,0.01,0
415,PAYMENT,2585.4,C5933179746,174476.6,171891.2,M2555936898,0.0,0.0,0,0.0,0
606,PAYMENT,15122.98,C4736031885,15730.15,607.17,M4665677395,0.0,0.0,0,0.0,0
639,PAYMENT,53.94,C6756332150,72.0,18.06,M6732306182,0.0,0.0,0,0.0,0
216,PAYMENT,19703.75,C1459442845,202813.01,183109.26,M7750131975,0.0,0.0,0,0.0,0
216,PAYMENT,38.63,C6155234610,1032.62,993.99,M6275155878,0.0,0.0,0,0.0,0
645,TRANSFER,507.98,C4655935832,696.73,188.75,M5919148165,0.0,0.0,1,0.12333333333333334,0
717,TRANSFER,1.0,C9912233947,0.0,0.0,C5626388820,939.05,940.05,0,0.06666666666666667,0
459,TRANSFER,4317.17,C8274273035,4024.06,0.0,C5118430494,13529.03,13529.03,1,0.08333333333333333,0
10,PAYMENT,152.03,C1664885408,249.33,97.3,M7437168216,0.0,0.0,0,0.0,0
396,CASH_OUT,18778.08,C4353689019,67730.15,48952.07,C2465576748,13.5,13.5,0,0.0,0
66,CASH_OUT,191.9,C8285786023,242.48,50.58,M4522855590,0.0,0.0,1,0.0,0
457,CASH_OUT,2010.85,C9248046539,2772.05,761.2,M3119908041,0.0,0.0,1,0.05,0
371,CASH_OUT,175.14,C2428156550,170.11,0.0,M2121448210,0.0,0.0,1,0.05333333333333334,0
390,PAYMENT,39.98,C9922723063,51.43,11.45,M1676220116,0.0,0.0,0,0.0,0
311,TRANSFER,685.56,C2480915452,2417.55,1731.99,C1248704157,47464.98,48150.54,0,0.0033333333333333335,0
333,CASH_OUT,1811.68,C1234359689,1739.57,0.0,M4211837506,0.0,0.0,1,0.12333333333333334,0
80,CASH_OUT,50227.6,C6777263354,59946.93,9719.33,M8144889126,0.0,0.0,1,0.0,0
379,CASH_OUT,5706.77,C6037168610,4821.28,0.0,M9752092528,0.0,0.0,1,0.13,0
419,CASH_OUT,662.7,C7393195616,1138.74,476.04,C4683935600,249234.61,249234.61,0,0.013333333333333334,0
646,PAYMENT,9988.81,C5952894290,65561.97,55573.16,M3355504998,0.0,0.0,0,0.0,0
328,CASH_OUT,3758.54,C6910112521,3408.42,0.0,M4125758723,0.0,0.0,1,0.12,0
617,TRANSFER,604.14,C2188332531,696.56,92.42,M8874242713,0.0,0.0,1,0.17666666666666667,0
176,DEBIT,1446.58,C4714465905,6214.78,4768.2,M4522855590,0.0,0.0,0,0.013333333333333334,0
160,TRANSFER,138.96,C4776436931,147.95,8.99,M7664045502,0.0,0.0,1,0.15333333333333332,0
602,DEBIT,3465.82,C7668801906,7135.94,3670.12,M7192742877,0.0,0.0,0,0.03333333333333333,0
418,TRANSFER,97.01,C8584566722,90.73,0.0,M1676220116,0.0,0.0,1,0.21666666666666667,0
63,TRANSFER,3350.06,C6633778586,2902.02,0.0,M6845287382,0.0,0.0,1,0.84,1
53,CASH_OUT,2828.53,C2612579345,2694.57,0.0,M7764117705,0.0,0.0,1,0.043333333333333335,0
567,TRANSFER,3127.33,C5421051452,12277.86,9150.53,C1589582865,375.86,3503.19,0,0.016666666666666666,0
59,TRANSFER,1.17,C7872090713,1.68,0.51,C8086684009,0.0,1.17,0,0.23333333333333334,0
237,TRANSFER,341.31,C1977515194,322.21,0.0,C6206015111,132.74,132.74,1,0.06333333333333334,0
49,PAYMENT,1.0,C1785418196,0.0,0.0,M3072183247,0.0,0.0,0,0.0,0
148,TRANSFER,76639.03,C3693985578,106896.54,30257.51,C7248258423,46536.13,46536.13,1,0.0,0
496,TRANSFER,1384.25,C6142469284,1472.42,88.17,M8058679999,0.0,0.0,1,0.25,0
228,PAYMENT,1049.76,C5022964382,3264.11,2214.35,M7664045502,0.0,0.0,0,0.0,0
530,CASH_OUT,787.58,C8624454880,901.88,114.3,C6982610835,55473.58,55473.58,1,0.02666666666666667,0
350,TRANSFER,188178.45,C7174772035,191875.99,3697.54,C8902275119,121.14,121.14,1,0.06666666666666667,0
454,TRANSFER,723.68,C4131575764,1589.1,865.42,C4289233844,5900.57,6624.25,0,0.02,0
508,TRANSFER,1.0,C5150074940,0.0,0.0,C1572827654,0.0,1.0,0,0.22333333333333333,0
559,CASH_OUT,25367.11,C9354711271,33257.44,7890.33,C4014119648,0.0,0.0,1,0.013333333333333334,0
555,CASH_OUT,340.95,C1230624431,393.63,52.68,C5512036684,483.07,483.07,1,0.03333333333333333,0
670,CASH_IN,5115.59,C5751366455,426.1,5541.69,C3412365931,0.0,0.0,0,0.0,0
458,CASH_OUT,72483.11,C5510938155,82585.66,10102.55,C2247484671,19025.07,19025.07,1,0.0033333333333333335,0
222,CASH_OUT,154.42,C6745958212,153.02,0.0,C1322401182,1654.6,1654.6,1,0.013333333333333334,0
204,CASH_OUT,8310.61,C4641561499,8988.83,678.22,M7437168216,0.0,0.0,1,0.0,0
500,TRANSFER,3735.7,C1276905285,4866.29,1130.59,M3580582653,0.0,0.0,1,0.31333333333333335,0
385,TRANSFER,2686.11,C1754368373,3878.3,1192.19,C6178804925,15851.04,18537.15,0,0.0,0
687,TRANSFER,1.0,C6720572969,0.0,0.0,C1316756902,125689.82,125690.82,0,0.0,0
397,PAYMENT,1.09,C5077921573,87.02,85.93,M7678293431,0.0,0.0,0,0.0,0
295,PAYMENT,1.01,C8761469117,2.52,1.51,M1999913493,0.0,0.0,0,0.0,0
443,TRANSFER,520.57,C5025070544,1200.88,680.31,C1004665657,151771.36,152291.93,0,0.0033333333333333335,0
110,CASH_OUT,105469.64,C7799567490,186262.79,80793.15,C5485387618,274.53,274.53,0,0.0,0
587,CASH_OUT,1324.47,C1205082311,1927.15,602.68,C8382963909,0.0,0.0,0,0.02666666666666667,0
575,CASH_OUT,3378.65,C3392080953,3549.81,171.16,C6910112521,0.0,0.0,1,0.03,0
564,CASH_OUT,2725.28,C5862655247,3735.83,1010.55,M7437168216,0.0,0.0,1,0.02666666666666667,0
677,PAYMENT,29.52,C8417757797,32.72,3.2,M8740820392,0.0,0.0,0,0.0,0
289,PAYMENT,1.0,C2878930355,0.0,0.0,M8728631945,0.0,0.0,0,0.0,0
93,TRANSFER,2548.61,C9957643727,3269.8,721.19,C3923699745,0.0,2548.61,1,0.01,0
36,PAYMENT,1.0,C3923823693,0.0,0.0,M6845287382,0.0,0.0,0,0.0,0
459,CASH_OUT,75.4,C8272725281,68.58,0.0,M1343875431,0.0,0.0,1,0.10333333333333333,0
509,CASH_OUT,7136.11,C8570850267,26468.5,19332.39,C3420671425,0.0,0.0,0,0.013333333333333334,0
312,PAYMENT,1.0,C4623960580,0.0,0.0,M7861571879,0.0,0.0,0,0.0,0
382,PAYMENT,11095.76,C7988845536,49138.89,38043.13,M8443061472,0.0,0.0,0,0.0,0
48,PAYMENT,6.19,C7949795085,7.7,1.51,M1099218439,0.0,0.0,0,0.0,0
185,CASH_OUT,3416.35,C4073772623,3903.01,486.66,C8109891300,694.58,694.58,1,0.0,0
443,TRANSFER,15648.8,C4566852761,17100.04,1451.24,C6265016831,6557.18,22205.98,1,0.0,0
661,TRANSFER,3157.46,C2479679716,3285.89,128.43,M3145756342,0.0,0.0,1,0.4166666666666667,0
56,CASH_OUT,865.31,C5334769475,923.81,58.5,C4700855390,0.0,0.0,1,0.0,0
690,TRANSFER,552.34,C3127657643,535.55,0.0,M6401844042,0.0,0.0,1,0.25666666666666665,0
603,PAYMENT,1.0,C3520417815,0.0,0.0,M5194066484,0.0,0.0,0,0.0,0
713,PAYMENT,1.0,C5694806361,0.0,0.0,M9773795424,0.0,0.0,0,0.0,0
172,CASH_OUT,1.0,C6046864799,0.0,0.0,C1104906255,472.07,472.07,0,0.0033333333333333335,0
179,TRANSFER,412.91,C5523703900,599.41,186.5,C5151086814,220080.02,220492.93,0,0.0,0
595,TRANSFER,2076.95,C3520417815,2692.5,615.55,M8821456242,0.0,0.0,1,0.3,0
681,TRANSFER,6349.47,C3612617557,6459.45,109.98,M9404002665,0.0,0.0,1,0.5,1
195,CASH_OUT,1.0,C2351531223,0.0,0.0,C6923893872,17.34,17.34,0,0.01,0
495,TRANSFER,3727.05,C5729866281,4849.32,1122.27,C4590711152,545.39,4272.44,0,0.03333333333333333,0
485,CASH_OUT,799.09,C3722583581,909.31,110.22,M9900829971,0.0,0.0,1,0.06,0
622,DEBIT,2771.5,C6929897032,3634.55,863.05,M2655546199,0.0,0.0,0,0.03333333333333333,0
217,CASH_OUT,32530.17,C4252504650,32229.58,0.0,C5789617427,328.49,328.49,1,0.013333333333333334,0
460,CASH_IN,41805.46,C4776677517,1.0,41806.46,C6276339732,164.03,164.03,0,0.0,0
429,TRANSFER,10064.54,C9645619869,49653.93,39589.39,C2941289685,0.0,10064.54,0,0.0,0
58,TRANSFER,1.0,C9861449701,0.0,0.0,C5879617459,473.93,474.93,0,0.016666666666666666,0
459,PAYMENT,2209.31,C6287793163,4598.66,2389.35,M2916502228,0.0,0.0,0,0.0,0
196,PAYMENT,45.85,C9098129449,140457.5,140411.65,M8727805468,0.0,0.0,0,0.0,0
235,CASH_OUT,5853.03,C4927019611,7856.94,2003.91,C1913706213,32.7,32.7,0,0.0033333333333333335,0
114,CASH_IN,735.67,C2802141793,332.98,1068.65,C7915226263,0.0,0.0,0,0.0,0
156,CASH_OUT,4481.23,C4014119648,4543.2,61.97,M6771941776,0.0,0.0,1,0.0,0
96,CASH_OUT,962.02,C6317189421,905.08,0.0,C8055556030,7.27,7.27,1,0.08,0
492,PAYMENT,1.0,C3591527330,0.0,0.0,M4390543744,0.0,0.0,0,0.0,0
229,CASH_OUT,15259.14,C7638836058,15497.68,238.54,M7050091525,0.0,0.0,1,0.0033333333333333335,0
113,TRANSFER,116432.59,C7666129822,103266.78,0.0,C5899025962,12304.49,12304.49,1,0.08333333333333333,0
62,TRANSFER,1.0,C2540492440,0.0,0.0,C3521166052,1.0,2.0,0,0.23333333333333334,0
297,PAYMENT,1034.59,C7668801906,3670.12,2635.53,M3846182436,0.0,0.0,0,0.0,0
410,TRANSFER,142.0,C6353758928,188.98,46.98,M1442421654,0.0,0.0,1,0.15333333333333332,0
607,TRANSFER,1499.58,C7193532615,1730.37,230.79,M9631695368,0.0,0.0,1,0.22333333333333333,0
92,PAYMENT,43.16,C3020939193,152090.49,152047.33,M5869990861,0.0,0.0,0,0.0,0
491,CASH_OUT,6911.76,C4765583254,8931.78,2020.02,C7266763552,32562.7,32562.7,1,0.0033333333333333335,0
384,TRANSFER,2648.54,C7226553010,2365.79,0.0,M8144352013,0.0,0.0,1,0.6966666666666667,1
400,CASH_OUT,884.93,C1600406558,914.59,29.66,C2486744752,448.23,448.23,1,0.013333333333333334,0
351,CASH_OUT,2684.46,C5071218314,2269.77,0.0,C2050340486,214.78,214.78,1,0.10666666666666667,0
513,PAYMENT,652.03,C6289150149,858.85,206.82,M8646369354,0.0,0.0,0,0.0,0
51,CASH_OUT,1934.4,C9263135031,2898.6,964.2,C2266622851,0.0,0.0,0,0.0,0
560,PAYMENT,1.39,C2914126243,5.3,3.91,M6384311581,0.0,0.0,0,0.0,0
386,TRANSFER,1.0,C8507497883,0.0,0.0,C5992908271,6.24,7.24,0,0.18333333333333332,0
540,CASH_OUT,55872.64,C1805492785,140871.07,84998.43,C7560389844,693.44,693.44,0,0.0,0
637,TRANSFER,1.0,C7092693247,0.0,0.0,C5539308214,552.54,553.54,0,0.09,0
660,PAYMENT,1.0,C9851745648,0.0,0.0,M6763471833,0.0,0.0,0,0.0,0
230,TRANSFER,623.27,C5862655247,1010.55,387.28,C2612579345,0.0,623.27,0,0.0,0
64,TRANSFER,583.42,C8940731272,562.52,0.0,C2914126243,3.91,3.91,1,0.26,0
539,TRANSFER,12407.96,C8419590655,10553.74,0.0,C4181102664,44784.28,44784.28,1,0.04,0
455,PAYMENT,1.0,C7022683808,0.0,0.0,M4399143287,0.0,0.0,0,0.0,0
649,TRANSFER,111832.34,C3057629778,133844.08,22011.74,M1442421654,0.0,0.0,1,0.31,0
337,DEBIT,18322.08,C1541964762,165808.91,147486.83,M7948094928,0.0,0.0,0,0.01,0
269,PAYMENT,1.0,C8880079328,0.0,0.0,M6053489772,0.0,0.0,0,0.0,0
635,PAYMENT,5032.96,C7965608188,37078.24,32045.28,M3469205576,0.0,0.0,0,0.0,0
129,TRANSFER,10.78,C4460967357,11.69,0.91,C1457632732,144106.02,144116.8,0,0.0,0
414,DEBIT,1.0,C7601519165,0.0,0.0,M1240140248,0.0,0.0,0,0.05333333333333334,0
553,CASH_OUT,3773.94,C6509985983,5792.68,2018.74,C4735334423,69.69,69.69,0,0.02,0
709,CASH_OUT,75.89,C6110646714,106.05,30.16,C6910112521,0.0,0.0,0,0.03,0
396,PAYMENT,258.09,C4131575764,865.42,607.33,M3476758136,0.0,0.0,0,0.0,0
403,PAYMENT,34.37,C9255898264,134.76,100.39,M6659847491,0.0,0.0,0,0.0,0
37,CASH_OUT,2732.22,C2825989011,2371.95,0.0,C7483366056,459.59,459.59,1,0.05,0
668,PAYMENT,40.31,C4026816435,129157.49,129117.18,M7512767226,0.0,0.0,0,0.0,0
76,CASH_OUT,548.6,C1613549255,498.24,0.0,M3536590481,0.0,0.0,1,0.13,0
311,CASH_OUT,791.03,C4630196130,866.75,75.72,C7801948900,1603.46,1603.46,0,0.0,0
166,PAYMENT,643.97,C5729866281,1122.27,478.3,M6495967005,0.0,0.0,0,0.0,0
249,PAYMENT,1.03,C5294535887,1.21,0.18,M4896576569,0.0,0.0,0,0.0,0
262,PAYMENT,1.0,C9318010743,0.0,0.0,M8821456242,0.0,0.0,0,0.0,0
36,TRANSFER,2.45,C2789144223,26778.97,26776.52,C5476654128,30402.82,30405.27,0,0.0,0
116,TRANSFER,63584.07,C5935852056,103304.92,39720.85,C4026816435,129117.18,192701.25,0,0.0,0
499,PAYMENT,351.23,C5802739154,1218.98,867.75,M8646369354,0.0,0.0,0,0.0,0
344,TRANSFER,672.94,C6329323383,955.43,282.49,C9155819200,2.74,675.68,0,0.0,0
676,CASH_OUT,21.78,C2047905204,23.33,1.55,C2480915452,1731.99,1731.99,0,0.02,0
174,PAYMENT,374.55,C5855415646,2591.85,2217.3,M3811254192,0.0,0.0,0,0.0,0
568,PAYMENT,20185.25,C1290050198,143636.08,123450.83,M4456193555,0.0,0.0,0,0.0,0
320,PAYMENT,479.5,C2125089309,636.54,157.04,M3156792018,0.0,0.0,0,0.0,0
100,PAYMENT,14436.67,C1749459431,178195.95,163759.28,M3846182436,0.0,0.0,0,0.0,0
508,TRANSFER,1292.62,C2382129132,1361.58,68.96,M3469205576,0.0,0.0,1,0.24333333333333335,0
717,TRANSFER,1.0,C7935554354,0.0,0.0,C6272000062,87952.53,87953.53,0,0.0,0
603,DEBIT,4619.91,C4752171298,9191.22,4571.31,M7537130187,0.0,0.0,0,0.03666666666666667,0
524,TRANSFER,812.53,C5082603360,1098.19,285.66,C6206015111,132.74,132.74,1,0.10666666666666667,0
521,TRANSFER,1.0,C6618965944,0.0,0.0,C4152835101,1349.95,1350.95,0,0.07666666666666666,0
562,PAYMENT,9683.57,C1131267917,16529.31,6845.74,M4865979921,0.0,0.0,0,0.0,0
120,PAYMENT,160.8,C7648059419,300.09,139.29,M2418407139,0.0,0.0,0,0.0,0
462,CASH_OUT,61217.0,C7208619610,60377.79,0.0,M9288057824,0.0,0.0,1,0.12,0
146,CASH_OUT,21636.34,C3057629778,22011.74,375.4,M5570190774,0.0,0.0,1,0.0,0
375,CASH_OUT,64.64,C5329194647,62.02,0.0,M7341757401,0.0,0.0,1,0.04,0
17,TRANSFER,4490.86,C2846465000,4534.77,43.91,M8083396378,0.0,0.0,1,0.4,0
349,CASH_OUT,1218.69,C6655089949,1586.18,367.49,M5959736235,0.0,0.0,1,0.013333333333333334,0
656,PAYMENT,1.0,C6756711494,0.0,0.0,M8727805468,0.0,0.0,0,0.0,0
299,TRANSFER,110469.78,C9717175839,95782.74,0.0,C7271954644,76.44,76.44,1,0.5966666666666667,1
569,TRANSFER,652.18,C4256292393,562.64,0.0,M8276498637,0.0,0.0,1,0.26666666666666666,0
409,PAYMENT,479.67,C9504724761,658.65,178.98,M9620935604,0.0,0.0,0,0.0,0
290,TRANSFER,6.22,C7483366056,459.59,453.37,C6628158856,0.0,6.22,0,0.08333333333333333,0
627,TRANSFER,7.3,C9860949331,23.33,16.03,C8933377472,3828.45,3835.75,0,0.03333333333333333,0
357,PAYMENT,14177.17,C6504099682,66462.23,52285.06,M8083396378,0.0,0.0,0,0.0,0
579,PAYMENT,1.0,C7004964045,2.16,1.16,M9065458220,0.0,0.0,0,0.0,0
719,PAYMENT,1.0,C7316122432,0.0,0.0,M6606958660,0.0,0.0,0,0.0,0
302,TRANSFER,4000.84,C8750840032,3906.77,0.0,M1099218439,0.0,0.0,1,0.7933333333333333,1
375,CASH_OUT,654.46,C7560389844,693.44,38.98,M4093474499,0.0,0.0,1,0.02,0
528,PAYMENT,16198.68,C8721631198,90691.1,74492.42,M5449848690,0.0,0.0,0,0.0,0
660,CASH_IN,18126.76,C7333316743,30257.63,48384.39,C4353689019,48952.07,48952.07,0,0.0,0
404,DEBIT,37328.41,C4482238042,83077.89,45749.48,M4588312351,0.0,0.0,0,0.01,0
442,TRANSFER,2114.56,C8257484586,2305.56,191.0,M9776500600,0.0,0.0,1,0.2966666666666667,0
464,CASH_OUT,3795.5,C4710967433,3659.47,0.0,C2612579345,623.27,623.27,1,0.41,0
402,TRANSFER,48912.49,C6974875750,53527.48,4614.99,C1194576436,8.73,48921.22,0,0.0,0
251,TRANSFER,702.44,C3792347639,823.59,121.15,C7576309274,164674.58,164674.58,1,0.0,0
547,DEBIT,5.06,C4427620889,6.1,1.04,M8858274691,0.0,0.0,0,0.04,0
38,CASH_OUT,1.0,C7750819485,0.0,0.0,C8168394616,1212.2,1212.2,0,0.0033333333333333335,0
97,CASH_OUT,40.38,C1662259333,60.76,20.38,C1945826486,4585.89,4585.89,0,0.0033333333333333335,0
356,PAYMENT,407.61,C4736031885,607.17,199.56,M3094407076,0.0,0.0,0,0.0,0
249,PAYMENT,3.21,C9929101065,3.71,0.5,M2839566253,0.0,0.0,0,0.0,0
217,PAYMENT,925.44,C3555656321,1172.33,246.89,M2115406331,0.0,0.0,0,0.0,0
395,PAYMENT,13557.86,C5476654128,30405.27,16847.41,M6820149016,0.0,0.0,0,0.0,0
710,PAYMENT,1.0,C6947080764,0.0,0.0,M6894024976,0.0,0.0,0,0.0,0
152,PAYMENT,1.0,C7127904756,0.0,0.0,M5959736235,0.0,0.0,0,0.0,0
147,PAYMENT,1.0,C5140460939,0.0,0.0,M5959736235,0.0,0.0,0,0.0,0
384,TRANSFER,10327.53,C3710566582,10321.81,0.0,M4390543744,0.0,0.0,1,0.7466666666666667,1
405,CASH_OUT,73.96,C7857580528,69.17,0.0,M6692705133,0.0,0.0,1,0.05,0
102,TRANSFER,363.87,C4163119785,444.03,80.16,C7920516981,0.0,0.0,1,0.15666666666666668,0
64,TRANSFER,55748.46,C1805492785,84998.43,29249.97,C2095286033,6157.77,61906.23,0,0.0,0
271,TRANSFER,9917.14,C1590985753,11589.69,1672.55,M9558906999,0.0,0.0,1,0.25333333333333335,0
9,PAYMENT,51.82,C8578226896,99.16,47.34,M8044997538,0.0,0.0,0,0.0,0
326,TRANSFER,150328.6,C2571688961,160808.71,10480.11,M8030400668,0.0,0.0,1,0.2833333333333333,0
354,CASH_IN,55064.17,C4264134512,0.0,55064.17,C1561417687,888.07,888.07,0,0.0,0
435,PAYMENT,164.87,C6620138568,234.32,69.45,M1122712790,0.0,0.0,0,0.0,0
634,TRANSFER,1.0,C8373547961,0.0,0.0,C7872090713,0.51,1.51,0,0.23333333333333334,0
637,PAYMENT,4676.86,C5403510324,15446.5,10769.64,M3517195150,0.0,0.0,0,0.0,0
442,PAYMENT,333.14,C9508499533,585.84,252.7,M4211837506,0.0,0.0,0,0.0,0
294,CASH_OUT,1.0,C2540492440,0.0,0.0,C8316205130,66.62,66.62,0,0.013333333333333334,0
216,DEBIT,15.86,C2009317340,31.27,15.41,M3313346852,0.0,0.0,0,0.02,0
314,TRANSFER,696.84,C7635473142,1290.37,593.53,C7603978731,8918.98,9615.82,0,0.0,0
376,TRANSFER,2264.74,C8761956684,2840.63,575.89,M5535650160,0.0,0.0,1,0.19333333333333333,0
720,PAYMENT,1.0,C9292791081,0.0,0.0,M7343954769,0.0,0.0,0,0.0,0
66,PAYMENT,11846.54,C9858643842,145667.71,133821.17,M8325043570,0.0,0.0,0,0.0,0
392,PAYMENT,9410.27,C5625980561,132204.32,122794.05,M8910440683,0.0,0.0,0,0.0,0
675,DEBIT,12339.58,C2289624427,163879.03,151539.45,M4160161496,0.0,0.0,0,0.023333333333333334,0
558,TRANSFER,31848.71,C6115750294,35330.31,3481.6,C9229469952,0.0,31848.71,0,0.013333333333333334,0
234,PAYMENT,77.0,C5667503195,130.58,53.58,M8235474949,0.0,0.0,0,0.0,0
572,DEBIT,114.58,C7161887665,347.98,233.4,M1257854279,0.0,0.0,0,0.023333333333333334,0
98,CASH_OUT,3344.8,C5296710795,4240.39,895.59,C6859286614,371.72,371.72,1,0.0033333333333333335,0
278,PAYMENT,2.33,C9381721143,11.64,9.31,M9404002665,0.0,0.0,0,0.0,0
469,CASH_OUT,8.17,C7473868020,10.87,2.7,C5871743247,3909.71,3909.71,0,0.04,0
180,PAYMENT,1.29,C1674755608,1.61,0.32,M3145756342,0.0,0.0,0,0.0,0
588,PAYMENT,112.08,C8339176912,326.43,214.35,M1240140248,0.0,0.0,0,0.0,0
360,CASH_OUT,1234.5,C8493451569,1247.42,12.92,M6583604299,0.0,0.0,1,0.02666666666666667,0
373,TRANSFER,1.0,C5293274004,0.0,0.0,C9147736635,0.0,1.0,0,0.22,0
396,TRANSFER,37442.61,C7965608188,32045.28,0.0,M6845287382,0.0,0.0,1,0.7033333333333334,1
610,TRANSFER,1161.4,C6596578419,1590.58,429.18,C4471642620,108.2,108.2,1,0.10666666666666667,0
619,CASH_OUT,555.99,C4713453204,505.83,0.0,C4536306171,21.95,21.95,1,0.12,0
417,PAYMENT,53.39,C5638860656,63.96,10.57,M8646369354,0.0,0.0,0,0.0,0
41,TRANSFER,3328.05,C4202607993,3039.54,0.0,C2789144223,26776.52,26776.52,1,0.006666666666666667,0
544,CASH_OUT,1.0,C4145461251,0.0,0.0,C8239941612,0.0,0.0,0,0.06,0
60,TRANSFER,273.42,C3185089287,228.96,0.0,C6491309593,4.22,4.22,1,0.20333333333333334,0
485,CASH_OUT,1560.07,C7333678472,1780.3,220.23,M1811839103,0.0,0.0,1,0.04,0
66,TRANSFER,72819.69,C6562434335,94988.22,22168.53,C5419627962,0.0,0.0,1,0.24666666666666667,0
342,TRANSFER,4447.96,C3694860228,4191.82,0.0,M3457877922,0.0,0.0,1,0.75,1
706,TRANSFER,14.03,C8638763775,18.75,4.72,C6069848439,14342.31,14356.34,0,0.0,0
288,CASH_OUT,1.0,C9103115140,0.47,0.0,C3095318649,179.3,179.3,0,0.013333333333333334,0
646,TRANSFER,132186.48,C8995970241,125066.03,0.0,M2249831874,0.0,0.0,1,0.9766666666666667,1
127,PAYMENT,81.77,C3869963931,165.53,83.76,M7341757401,0.0,0.0,0,0.0,0
445,CASH_OUT,7078.02,C8453283834,14402.76,7324.74,C1993998848,0.0,0.0,0,0.02,0
495,PAYMENT,11.64,C9094089209,22774.43,22762.79,M4522855590,0.0,0.0,0,0.0,0
463,DEBIT,436.8,C4311931853,1013.33,576.53,M6011842297,0.0,0.0,0,0.02666666666666667,0
448,TRANSFER,1215.63,C3660223333,1457.45,241.82,C9650701349,85858.89,87074.52,1,0.0033333333333333335,0
320,CASH_OUT,3460.77,C7374810067,5732.26,2271.49,C3853978147,2948.43,2948.43,0,0.0,0
352,PAYMENT,79.27,C8168394616,1212.2,1132.93,M5869990861,0.0,0.0,0,0.0,0
699,DEBIT,5445.81,C3465883999,21186.99,15741.18,M1999913493,0.0,0.0,0,0.03,0
575,PAYMENT,50.22,C1446362270,105.4,55.18,M7532669066,0.0,0.0,0,0.0,0
663,TRANSFER,33248.63,C1809283659,202951.25,169702.62,C3115806625,0.64,33249.27,0,0.0033333333333333335,0
358,TRANSFER,3511.87,C5474951950,4213.91,702.04,M3317856944,0.0,0.0,1,0.20666666666666667,0
84,TRANSFER,775.19,C5428082088,848.55,73.36,C7660813178,14186.68,14186.68,1,0.0033333333333333335,0
507,TRANSFER,27.02,C8480622107,86.95,59.93,C8241550421,0.0,27.02,0,0.17,0
208,TRANSFER,288.3,C1965067727,518.39,230.09,C7757700186,46.49,334.79,0,0.006666666666666667,0
74,PAYMENT,422.96,C7590302909,19256.77,18833.81,M2885370603,0.0,0.0,0,0.0,0
568,TRANSFER,301.79,C3128675098,276.86,0.0,M4093474499,0.0,0.0,1,0.23666666666666666,0
495,PAYMENT,4401.07,C9259157845,8692.43,4291.36,M6659847491,0.0,0.0,0,0.0,0
496,PAYMENT,1.0,C1569113257,0.0,0.0,M3476758136,0.0,0.0,0,0.0,0
302,TRANSFER,1386.89,C6443749394,1786.43,399.54,M6011842297,0.0,0.0,1,0.13666666666666666,0
532,TRANSFER,4906.95,C1470939445,4258.24,0.0,C8846861559,90344.32,90344.32,1,0.013333333333333334,0
457,PAYMENT,1.0,C8252045593,0.0,0.0,M9921025990,0.0,0.0,0,0.0,0
131,TRANSFER,29256.43,C4026113008,40230.87,10974.44,C1094115188,2126.6,2126.6,1,0.0,0
553,CASH_OUT,355.31,C8048810275,336.1,0.0,C1264739091,6195.8,6195.8,1,0.03333333333333333,0
284,PAYMENT,4077.92,C9954587710,5047.22,969.3,M6045729129,0.0,0.0,0,0.0,0
164,PAYMENT,360.48,C8168204967,545.19,184.71,M9896529524,0.0,0.0,0,0.0,0
672,TRANSFER,32142.67,C4747699292,39427.2,7284.53,C9182543558,35.49,32178.16,1,0.006666666666666667,0
340,PAYMENT,1100.64,C4662861038,5138.69,4038.05,M9590331226,0.0,0.0,0,0.0,0
551,CASH_OUT,1.0,C1785418196,0.0,0.0,C4014119648,61.97,61.97,0,0.05,0
569,PAYMENT,74.54,C7114223633,210.49,135.95,M6041646576,0.0,0.0,0,0.0,0
638,TRANSFER,2918.97,C5861829469,3015.22,96.25,M6932365592,0.0,0.0,1,0.5,1
583,TRANSFER,7985.72,C6012067717,10021.95,2036.23,C6496596008,122486.58,130472.3,1,0.0033333333333333335,0
377,CASH_OUT,10722.78,C9623534576,10959.99,237.21,C1375899416,2290.87,2290.87,0,0.0033333333333333335,0
156,TRANSFER,3061.49,C8239941612,2967.01,0.0,M3534186676,0.0,0.0,1,0.7966666666666666,1
582,TRANSFER,5116.23,C2578662692,4594.66,0.0,C2331039957,865.37,5981.6,1,0.2966666666666667,0
122,PAYMENT,2963.88,C7099469983,3615.26,651.38,M6651754819,0.0,0.0,0,0.0,0
301,CASH_OUT,95.91,C8902275119,121.14,25.23,C7705605962,0.0,0.0,1,0.01,0
385,TRANSFER,9379.07,C6477862024,10291.8,912.73,C8617360361,2002.93,11382.0,0,0.0,0
369,TRANSFER,10996.15,C5724657556,9724.23,0.0,M6558769264,0.0,0.0,1,0.7266666666666667,1
456,PAYMENT,1.0,C9771848610,0.0,0.0,M7050091525,0.0,0.0,0,0.0,0
609,TRANSFER,200.14,C3744446292,224.72,24.58,C8106401208,910.2,1110.34,0,0.05333333333333334,0
336,TRANSFER,1115.13,C2419931729,1464.06,348.93,C1110533960,637.43,1752.56,1,0.0,0
438,TRANSFER,118207.67,C4398953973,139491.19,21283.52,M1368287033,0.0,0.0,1,0.31333333333333335,0
83,PAYMENT,985.09,C3363629219,3393.71,2408.62,M1083302600,0.0,0.0,0,0.0,0
568,TRANSFER,1.0,C8295757364,0.0,0.0,C9409682410,110.39,111.39,0,0.13333333333333333,0
21,PAYMENT,666.77,C3338877621,807.5,140.73,M2711123163,0.0,0.0,0,0.0,0
624,CASH_OUT,2651.28,C1674755608,3199.55,548.27,M3705237613,0.0,0.0,1,0.02666666666666667,0
33,PAYMENT,660.68,C2176904638,715.03,54.35,M1504729135,0.0,0.0,0,0.0,0
381,CASH_IN,1302.87,C4907446848,2392.49,3695.36,C9333490239,305.18,305.18,0,0.0,0
711,PAYMENT,2419.91,C5744003377,2520.27,100.36,M6771941776,0.0,0.0,0,0.0,0
703,TRANSFER,4.01,C4492602049,5.36,1.35,C8281641403,0.0,4.01,0,0.18666666666666668,0
194,TRANSFER,6143.51,C9420979586,11407.48,5263.97,C4277581356,9447.74,15591.25,0,0.0,0
683,CASH_OUT,2307.9,C7829772942,2937.49,629.59,M8964269909,0.0,0.0,1,0.023333333333333334,0
442,PAYMENT,66.2,C3614915281,118.44,52.24,M3831598303,0.0,0.0,0,0.0,0
125,CASH_OUT,20.79,C5870268582,40.5,19.71,C5998623100,8312.85,8312.85,0,0.0,0
714,CASH_OUT,544.28,C7705605962,474.72,0.0,M2303835765,0.0,0.0,1,0.08333333333333333,0
458,DEBIT,2.55,C9546021691,8.76,6.21,M5794335854,0.0,0.0,0,0.02666666666666667,0
448,CASH_OUT,27868.83,C8636525027,60174.5,32305.67,C6745958212,0.0,0.0,0,0.01,0
282,CASH_OUT,4896.43,C6959501845,4734.87,0.0,M6932365592,0.0,0.0,1,0.14666666666666667,0
453,CASH_OUT,1731.78,C4577406847,1769.47,37.69,M3636366799,0.0,0.0,1,0.10333333333333333,0
624,TRANSFER,5478.16,C7488943393,6267.96,789.8,C6369130994,91860.96,97339.12,1,0.006666666666666667,0
430,DEBIT,790.39,C8178927766,834.58,44.19,M3831598303,0.0,0.0,0,0.03333333333333333,0
25,DEBIT,1.0,C1470939445,0.0,0.0,M6515490818,0.0,0.0,0,0.02666666666666667,0
45,CASH_OUT,11580.64,C2683446724,95064.53,83483.89,C9844874547,142717.02,142717.02,0,0.0,0
656,TRANSFER,180.03,C9463197203,187.75,7.72,C4268713302,0.0,0.0,1,0.17666666666666667,0
483,CASH_OUT,200.94,C2389803385,450.18,249.24,C6369130994,97339.12,97339.12,0,0.0033333333333333335,0
428,CASH_OUT,3987.74,C3962452613,5022.08,1034.34,C9856756553,57.74,57.74,1,0.03333333333333333,0
407,DEBIT,1.0,C7671041685,0.0,0.0,M9977193987,0.0,0.0,0,0.05,0
682,CASH_OUT,6499.74,C3424843951,6168.78,0.0,M6384311581,0.0,0.0,1,0.21666666666666667,0
87,CASH_OUT,1.0,C8382963909,0.0,0.0,C4566852761,1451.24,1451.24,0,0.006666666666666667,0
107,TRANSFER,295.73,C6009268066,292.58,0.0,M2136107759,0.0,0.0,1,0.23333333333333334,0
651,PAYMENT,1.0,C4431078106,0.0,0.0,M6558769264,0.0,0.0,0,0.0,0
70,PAYMENT,1.0,C3664052763,0.98,0.0,M6130446648,0.0,0.0,0,0.0,0
473,CASH_OUT,1519.65,C8235363119,1511.39,0.0,C9229469952,31848.71,31848.71,1,0.35333333333333333,0
322,PAYMENT,3212.96,C4590711152,4272.44,1059.48,M1857561275,0.0,0.0,0,0.0,0
96,CASH_OUT,46.11,C2687477596,50.83,4.72,M3811254192,0.0,0.0,1,0.0033333333333333335,0
8,CASH_OUT,2030.04,C3358880404,2358.05,328.01,C8796286443,593.43,593.43,1,0.0,0
561,PAYMENT,3197.63,C2416760621,72414.04,69216.41,M2541015125,0.0,0.0,0,0.0,0
416,PAYMENT,19.28,C2867302554,32.82,13.54,M5380159400,0.0,0.0,0,0.0,0
322,TRANSFER,6331.08,C2653032484,5671.64,0.0,M7969674420,0.0,0.0,1,0.7633333333333333,1
168,PAYMENT,74.98,C6754503097,845.19,770.21,M6771941776,0.0,0.0,0,0.0,0
470,PAYMENT,37.11,C7824150224,59.89,22.78,M2129491690,0.0,0.0,0,0.0,0
603,TRANSFER,70.87,C5659161352,84.6,13.73,M8144889126,0.0,0.0,1,0.18,0
299,TRANSFER,1006.06,C2752536389,1144.13,138.07,C4302632494,0.0,0.0,1,0.17,0
691,PAYMENT,187.24,C3891796055,111341.67,111154.43,M1122712790,0.0,0.0,0,0.0,0
46,TRANSFER,50.9,C8261111839,64.49,13.59,M6247463262,0.0,0.0,1,0.16666666666666666,0
711,TRANSFER,29.46,C4880176825,356.62,327.16,C3910678913,0.0,29.46,0,0.11,0
523,PAYMENT,21.49,C2654584280,25.69,4.2,M4122901114,0.0,0.0,0,0.0,0
630,TRANSFER,1.0,C4403845222,0.0,0.0,C7575259637,0.0,1.0,0,0.23333333333333334,0
44,CASH_OUT,151.89,C6358023411,180.39,28.5,C8180620422,0.0,0.0,0,0.006666666666666667,0
653,CASH_IN,3058.77,C9306142066,21.26,3080.03,C8493451569,12.92,12.92,0,0.0,0
265,DEBIT,1.0,C2914590233,0.0,0.0,M1711271599,0.0,0.0,0,0.03666666666666667,0
182,TRANSFER,36079.06,C4181102664,44784.28,8705.22,M1711271599,0.0,0.0,1,0.23,0
267,CASH_OUT,61.26,C7098134112,285.93,224.67,C3338877621,140.73,140.73,0,0.0,0
379,DEBIT,148.67,C5612645121,1146.33,997.66,M8778927211,0.0,0.0,0,0.013333333333333334,0
545,TRANSFER,5603.86,C6558450990,5375.04,0.0,M3566125120,0.0,0.0,1,0.9566666666666667,1
464,TRANSFER,1641.51,C8203447752,1513.93,0.0,M9773795424,0.0,0.0,1,0.49333333333333335,0
216,PAYMENT,1.0,C5704029171,0.0,0.0,M6045729129,0.0,0.0,0,0.0,0
37,TRANSFER,30.46,C7556046460,43.41,12.95,C5072538783,126.03,156.49,0,0.023333333333333334,0
326,CASH_OUT,325.89,C2952996248,787.17,461.28,C5673482258,0.0,0.0,0,0.013333333333333334,0
374,TRANSFER,258.85,C5215140451,250.26,0.0,M1694904767,0.0,0.0,1,0.23,0
111,TRANSFER,53.83,C6206015111,132.74,78.91,C8663837890,25560.31,25614.14,0,0.0,0
226,CASH_IN,5365.43,C3420671425,0.0,5365.43,C6515369278,402.19,402.19,0,0.0,0
68,TRANSFER,2.36,C4914929023,32572.47,32570.11,C2780016559,68303.81,68306.17,0,0.0,0
101,TRANSFER,4561.0,C3109688769,4470.79,0.0,M9558906999,0.0,0.0,1,0.8033333333333333,1
634,CASH_IN,6706.42,C6336171726,3.52,6709.94,C4794276323,218234.61,218234.61,0,0.0,0
21,TRANSFER,1292.48,C8942167666,1608.35,315.87,M3508990774,0.0,0.0,1,0.12,0
327,PAYMENT,13125.14,C7759781156,20381.09,7255.95,M7948094928,0.0,0.0,0,0.0,0
700,TRANSFER,3468.01,C9974165440,3716.37,248.36,C2540492440,0.0,0.0,1,0.31333333333333335,0
161,DEBIT,1272.16,C3931997465,1965.68,693.52,M8030400668,0.0,0.0,0,0.01,0
413,PAYMENT,3294.66,C2183906581,5104.36,1809.7,M1199447370,0.0,0.0,0,0.0,0
524,PAYMENT,45.67,C4227004325,67.62,21.95,M8276498637,0.0,0.0,0,0.0,0
481,PAYMENT,1.0,C4145461251,0.0,0.0,M8458323087,0.0,0.0,0,0.0,0
618,TRANSFER,58829.72,C4034047118,58781.06,0.0,M8083396378,0.0,0.0,1,0.96,1
600,TRANSFER,1.0,C8902114913,0.0,0.0,C3806215682,0.0,1.0,0,0.23333333333333334,0
417,PAYMENT,650.61,C7420846622,1251.54,600.93,M2129491690,0.0,0.0,0,0.0,0
138,TRANSFER,1123.68,C1033015788,1285.88,162.2,M4329446784,0.0,0.0,1,0.09,0
578,TRANSFER,1.0,C9080621072,0.0,0.0,C4026113008,10974.44,10975.44,0,0.006666666666666667,0
683,PAYMENT,1.0,C9702693937,0.0,0.0,M4125758723,0.0,0.0,0,0.0,0
342,PAYMENT,10.55,C4579265601,12.08,1.53,M1857561275,0.0,0.0,0,0.0,0
118,CASH_OUT,40.46,C4921003983,51.5,11.04,M9255306810,0.0,0.0,1,0.0,0
421,PAYMENT,1.0,C5728765136,0.0,0.0,M1185303518,0.0,0.0,0,0.0,0
374,CASH_OUT,1520.02,C9432088993,1510.43,0.0,C9945002229,0.0,0.0,1,0.15333333333333332,0
643,PAYMENT,4526.1,C9462806178,6595.68,2069.58,M2328736852,0.0,0.0,0,0.0,0
91,PAYMENT,9396.24,C2960488639,96550.5,87154.26,M9916475897,0.0,0.0,0,0.0,0
97,CASH_OUT,3012.9,C2400094541,3054.71,41.81,M9398575277,0.0,0.0,1,0.0033333333333333335,0
339,TRANSFER,1.0,C9544423456,0.0,0.0,C8373547961,0.0,1.0,0,0.22,0
421,CASH_OUT,663.78,C3328710672,776.9,113.12,C4473306055,94.99,94.99,1,0.04666666666666667,0
278,CASH_OUT,1318.96,C6704841644,1279.39,0.0,M6732306182,0.0,0.0,1,0.09333333333333334,0
409,TRANSFER,2150.76,C6904897514,2294.6,143.84,M4035639663,0.0,0.0,1,0.3566666666666667,0
508,TRANSFER,3477.11,C2591414076,5326.77,1849.66,C4227004325,21.95,3499.06,0,0.043333333333333335,0
516,PAYMENT,1877.27,C7215110267,84027.64,82150.37,M7861571879,0.0,0.0,0,0.0,0
276,PAYMENT,1381.35,C7934137693,73345.97,71964.62,M2136107759,0.0,0.0,0,0.0,0
65,CASH_OUT,3315.07,C6097953682,4144.28,829.21,C1756345332,90.24,90.24,0,0.0,0
699,DEBIT,35603.31,C3201397080,41072.05,5468.74,M1999913493,0.0,0.0,0,0.02666666666666667,0
656,CASH_OUT,4.22,C8303853049,10.22,6.0,C6656646925,0.0,0.0,0,0.03,0
716,CASH_OUT,1.0,C6961554653,0.0,0.0,C9147687657,1.0,1.0,0,0.06,0
283,TRANSFER,37.21,C2774884818,59.43,22.22,C5789617427,328.49,365.7,0,0.0,0
275,DEBIT,1.0,C2178158203,0.0,0.0,M6053489772,0.0,0.0,0,0.03666666666666667,0
242,TRANSFER,2897.91,C3951331472,2418.02,0.0,M6401844042,0.0,0.0,1,0.8233333333333334,1
359,PAYMENT,1265.46,C1293864877,3276.01,2010.55,M6199197408,0.0,0.0,0,0.0,0
614,CASH_OUT,3732.67,C9333798503,3472.73,0.0,M6894024976,0.0,0.0,1,0.20333333333333334,0
580,TRANSFER,3689.36,C2571688961,10480.11,6790.75,C8350384902,66.43,3755.79,0,0.03,0
650,TRANSFER,170722.97,C1809283659,169702.62,0.0,C3615507143,483.63,483.63,1,0.49,0
102,CASH_OUT,23294.95,C7374584386,58738.26,35443.31,C1261903104,7097.27,7097.27,0,0.0,0
512,DEBIT,304.44,C6557907251,369.65,65.21,M1466305100,0.0,0.0,0,0.02666666666666667,0
400,TRANSFER,40.35,C8480622107,59.93,19.58,C9471306442,0.0,40.35,0,0.15666666666666668,0
291,CASH_OUT,77.04,C6822870815,76.72,0.0,M1357561213,0.0,0.0,1,0.043333333333333335,0
639,DEBIT,1262.43,C9557663181,2889.1,1626.67,M5891831621,0.0,0.0,0,0.02666666666666667,0
396,TRANSFER,2812.89,C6300607425,3774.18,961.29,M7230477043,0.0,0.0,1,0.21333333333333335,0
563,CASH_OUT,3464.29,C9354542654,3541.79,77.5,M9773795424,0.0,0.0,1,0.05,0
38,CASH_OUT,151.68,C6458544482,144.64,0.0,C2407863065,120.66,120.66,1,0.006666666666666667,0
219,PAYMENT,1.0,C2780136605,0.0,0.0,M5794335854,0.0,0.0,0,0.0,0
127,PAYMENT,205.94,C6385791669,328.91,122.97,M6894024976,0.0,0.0,0,0.0,0
342,TRANSFER,4703.85,C7951902330,11502.85,6799.0,C6613888489,851.18,5555.03,0,0.0,0
687,CASH_OUT,153.97,C8991514523,167.33,13.36,C2515672889,113122.02,113122.02,0,0.006666666666666667,0
381,CASH_OUT,22.77,C1691293717,38.68,15.91,C1225953184,13413.53,13413.53,0,0.0,0
655,TRANSFER,156.21,C7114223633,135.95,0.0,C8948573913,79.15,235.36,1,0.13,0
209,TRANSFER,5570.26,C3464975279,8005.57,2435.31,C2247484671,19025.07,24595.33,0,0.0,0
159,TRANSFER,29527.58,C9229469952,31848.71,2321.13,M9640701016,0.0,0.0,1,0.24333333333333335,0
150,TRANSFER,40.03,C6142469284,88.17,48.14,C5489485517,2538.64,2578.67,0,0.0033333333333333335,0
597,CASH_OUT,92014.65,C5035765954,125816.54,33801.89,C4102821948,13039.47,13039.47,0,0.0,0
311,TRANSFER,1.0,C4145461251,0.0,0.0,C2752536389,138.07,139.07,0,0.04666666666666667,0
284,PAYMENT,579.0,C4776677517,41806.46,41227.46,M2910594463,0.0,0.0,0,0.0,0
382,TRANSFER,21806.66,C5883933127,50852.84,29046.18,C6464693977,112979.0,134785.66,0,0.0,0
1,TRANSFER,219.92,C7004510516,274.99,55.07,C3030106617,6.3,6.3,1,0.12333333333333334,0
82,PAYMENT,1.0,C3376077463,0.0,0.0,M8643636805,0.0,0.0,0,0.0,0
393,PAYMENT,62.26,C8168204967,184.71,122.45,M3156792018,0.0,0.0,0,0.0,0
525,PAYMENT,6475.4,C6645808194,55295.29,48819.89,M8218146534,0.0,0.0,0,0.0,0
54,CASH_OUT,4221.73,C3149484176,5673.17,1451.44,M8821456242,0.0,0.0,1,0.0,0
114,CASH_OUT,995.86,C6128695961,921.62,0.0,M2243802345,0.0,0.0,1,0.08,0
684,PAYMENT,1.0,C7581349462,0.0,0.0,M2187592160,0.0,0.0,0,0.0,0
553,TRANSFER,1396.37,C4098389895,1274.44,0.0,C2994056084,0.0,1396.37,1,0.25666666666666665,0
267,TRANSFER,1.0,C7573691558,0.0,0.0,C3201397080,5468.74,5469.74,0,0.0,0
630,PAYMENT,58.68,C5641959772,105.82,47.14,M2635881694,0.0,0.0,0,0.0,0
475,CASH_IN,129059.25,C9715314442,803.75,129863.0,C9049270990,1817.13,1817.13,0,0.0033333333333333335,0
250,TRANSFER,6566.26,C2789144223,26776.52,20210.26,C4735313433,0.0,6566.26,0,0.0,0
435,DEBIT,1.0,C7022683808,0.0,0.0,M6846530109,0.0,0.0,0,0.04666666666666667,0
2,PAYMENT,1903.17,C7016293621,3669.37,1766.2,M3811254192,0.0,0.0,0,0.0,0
321,CASH_IN,25507.46,C2079501936,0.0,25507.46,C3260842187,409.58,409.58,0,0.0,0
548,TRANSFER,13773.37,C9919491730,14139.73,366.36,M4122901114,0.0,0.0,1,0.34,0
672,PAYMENT,1.0,C4231729466,0.0,0.0,M3355504998,0.0,0.0,0,0.0,0
335,DEBIT,177.34,C9863781331,682.74,505.4,M6130446648,0.0,0.0,0,0.016666666666666666,0
597,PAYMENT,444.46,C4062777850,956.22,511.76,M1692044390,0.0,0.0,0,0.0,0
3,PAYMENT,2887.98,C4558302256,3239.3,351.32,M7343954769,0.0,0.0,0,0.0,0
450,CASH_OUT,869.87,C6921525436,1003.76,133.89,C7002076563,2.98,2.98,1,0.06333333333333334,0
579,CASH_OUT,17727.39,C5281907480,18766.64,1039.25,C9420979586,5263.97,5263.97,0,0.0,0
216,CASH_OUT,1.0,C1494287462,0.0,0.0,C2072355594,455.88,455.88,0,0.0033333333333333335,0
365,CASH_OUT,1347.72,C9798613995,1816.5,468.78,M3508990774,0.0,0.0,1,0.01,0
649,CASH_OUT,1.0,C2267619081,0.0,0.0,C1026224160,0.0,0.0,0,0.056666666666666664,0
282,CASH_OUT,1.0,C9725528903,0.0,0.0,C2578662692,0.0,0.0,0,0.043333333333333335,0
530,TRANSFER,3761.77,C8309221034,4191.17,429.4,C2613385303,283.26,4045.03,1,0.03666666666666667,0
225,PAYMENT,73.48,C2419931729,348.93,275.45,M4160161496,0.0,0.0,0,0.0,0
259,TRANSFER,456.56,C6443749394,399.54,0.0,M6651754819,0.0,0.0,1,0.24333333333333335,0
341,PAYMENT,1.0,C7872873371,0.0,0.0,M6865994703,0.0,0.0,0,0.0,0
283,PAYMENT,1.26,C4492602049,1.35,0.09,M4158643786,0.0,0.0,0,0.0,0
666,TRANSFER,3514.49,C7801180691,4666.18,1151.69,M5794335854,0.0,0.0,1,0.31,0
468,CASH_OUT,1.0,C8270110908,0.0,0.0,C9437783771,1591.66,1591.66,0,0.07333333333333333,0
657,CASH_OUT,10.81,C2566942273,19.73,8.92,C9138644862,402.46,402.46,0,0.023333333333333334,0
515,TRANSFER,40649.47,C6493800024,34920.41,0.0,C1306702926,153112.32,153112.32,1,0.016666666666666666,0
203,PAYMENT,580.15,C1110533960,1752.56,1172.41,M4554178984,0.0,0.0,0,0.0,0
585,PAYMENT,1959.46,C8854238082,6629.64,4670.18,M9773795424,0.0,0.0,0,0.0,0
176,PAYMENT,4884.51,C5064162365,5272.94,388.43,M8366710477,0.0,0.0,0,0.0,0
646,DEBIT,7226.36,C2789144223,20210.26,12983.9,M8728631945,0.0,0.0,0,0.03333333333333333,0
267,PAYMENT,8246.94,C9479654136,13861.86,5614.92,M9558906999,0.0,0.0,0,0.0,0
570,PAYMENT,1.0,C2349406919,0.0,0.0,M7168105904,0.0,0.0,0,0.0,0
322,CASH_OUT,1.0,C4302632494,0.0,0.0,C7299420031,129.5,129.5,0,0.016666666666666666,0
158,TRANSFER,1.0,C3878201524,0.0,0.0,C5626388820,940.05,941.05,0,0.013333333333333334,0
387,PAYMENT,202.98,C9919491730,366.36,163.38,M6199197408,0.0,0.0,0,0.0,0
664,TRANSFER,97154.27,C8236361108,104126.41,6972.14,C6619138852,0.0,0.0,1,0.31,0
476,PAYMENT,99.82,C3426665919,573.05,473.23,M9043367776,0.0,0.0,0,0.0,0
611,TRANSFER,103397.12,C4586139213,90096.09,0.0,M1692044390,0.0,0.0,1,0.9066666666666666,1
218,CASH_IN,19353.64,C4102872611,28.12,19381.76,C2327372855,5778.94,5778.94,0,0.0,0
420,TRANSFER,5507.9,C5751366455,5541.69,33.79,M2625035499,0.0,0.0,1,0.5,1
88,CASH_OUT,13967.1,C1710924824,12695.31,0.0,M8235474949,0.0,0.0,1,0.1,0
673,PAYMENT,36.4,C8669484644,46.31,9.91,M7437168216,0.0,0.0,0,0.0,0
89,TRANSFER,34.56,C6206015111,78.91,44.35,C5036200310,0.0,34.56,0,0.16333333333333333,0
451,PAYMENT,1325.28,C7623575561,33099.64,31774.36,M9404002665,0.0,0.0,0,0.0,0
699,TRANSFER,884.25,C6155234610,993.99,109.74,C4586784711,19077.38,19961.63,0,0.006666666666666667,0
101,PAYMENT,1585.79,C5358791907,100598.63,99012.84,M6992094064,0.0,0.0,0,0.0,0
146,TRANSFER,286.13,C3555656321,246.89,0.0,M5869990861,0.0,0.0,1,0.22333333333333333,0
530,PAYMENT,21.43,C3574081104,53.73,32.3,M9625656293,0.0,0.0,0,0.0,0
89,DEBIT,1610.18,C7374584386,35443.31,33833.13,M8058679999,0.0,0.0,0,0.006666666666666667,0
432,PAYMENT,1.0,C2017675569,0.0,0.0,M1306420495,0.0,0.0,0,0.0,0
528,TRANSFER,514.11,C1659663750,684.79,170.68,C4455798713,371.59,885.7,0,0.02666666666666667,0
575,TRANSFER,313.57,C9470922075,352.61,39.04,C4014119648,61.97,61.97,1,0.12666666666666668,0
164,CASH_OUT,6733.65,C5763350700,8470.57,1736.92,C4632522232,154039.9,154039.9,0,0.0,0
565,TRANSFER,8.94,C5212581851,38.69,29.75,C2407863065,120.66,129.6,0,0.08666666666666667,0
258,CASH_OUT,52.98,C5278201677,50.52,0.0,C9237880732,25.06,25.06,1,0.02,0
530,CASH_OUT,10101.1,C6777263354,9719.33,0.0,C1940684569,451.01,451.01,1,0.20666666666666667,0
402,DEBIT,18.7,C7691931213,875.49,856.79,M8964269909,0.0,0.0,0,0.02,0
540,PAYMENT,14.79,C2065354117,28724.03,28709.24,M2695447268,0.0,0.0,0,0.0,0
587,PAYMENT,12758.75,C9505085936,106316.85,93558.1,M8740820392,0.0,0.0,0,0.0,0
699,CASH_OUT,67.19,C9354542654,77.5,10.31,C5296710795,895.59,895.59,0,0.03,0
341,CASH_IN,82294.09,C6663846005,27232.15,109526.24,C1613549255,0.0,0.0,0,0.0,0
449,TRANSFER,8887.9,C8243746556,12730.84,3842.94,C1596471620,416.18,9304.08,0,0.01,0
246,DEBIT,352.39,C7556078550,1455.98,1103.59,M3960136787,0.0,0.0,0,0.01,0
334,CASH_OUT,13591.76,C6288227800,17284.3,3692.54,M1466305100,0.0,0.0,1,0.0033333333333333335,0
377,TRANSFER,67110.4,C6923301988,71893.2,4782.8,M5194066484,0.0,0.0,1,0.25333333333333335,0
474,PAYMENT,1.0,C7705605962,0.0,0.0,M3469205576,0.0,0.0,0,0.0,0
58,TRANSFER,1786.33,C6069848439,14356.34,12570.01,C1209063208,100.47,1886.8,0,0.0033333333333333335,0
382,TRANSFER,13753.69,C2789144223,12983.9,0.0,M2839566253,0.0,0.0,1,0.8,1
345,TRANSFER,53496.69,C3713284816,49309.14,0.0,M7168105904,0.0,0.0,1,0.7033333333333334,1
341,PAYMENT,1.0,C4098389895,0.0,0.0,M9523139706,0.0,0.0,0,0.0,0
542,PAYMENT,1352.62,C2610237679,2995.45,1642.83,M8063693463,0.0,0.0,0,0.0,0
321,PAYMENT,21.43,C7248258423,46536.13,46514.7,M2695447268,0.0,0.0,0,0.0,0
203,CASH_OUT,18.68,C4864126433,31.96,13.28,C6754503097,770.21,770.21,0,0.0033333333333333335,0
167,TRANSFER,4969.59,C2970753705,4855.84,0.0,M3811254192,0.0,0.0,1,0.7666666666666667,1
139,PAYMENT,30.38,C8285786023,50.58,20.2,M2115862756,0.0,0.0,0,0.0,0
10,TRANSFER,13223.59,C9645619869,39589.39,26365.8,C3691864041,38799.07,52022.66,0,0.0,0
635,TRANSFER,10793.51,C7896596272,11208.15,414.64,C7665963761,3140.05,3140.05,1,0.03666666666666667,0
565,PAYMENT,138.84,C8570333548,8810.06,8671.22,M8548290298,0.0,0.0,0,0.0,0
121,CASH_OUT,1.0,C2350701477,0.0,0.0,C1139082827,65836.03,65836.03,0,0.0,0
607,TRANSFER,1.0,C1569113257,0.0,0.0,C4231729466,0.0,1.0,0,0.23333333333333334,0
43,CASH_OUT,52.91,C3722583581,110.22,57.31,C6875597607,0.0,0.0,0,0.0033333333333333335,0
56,TRANSFER,1018.91,C9626333315,1410.16,391.25,M9590331226,0.0,0.0,1,0.10666666666666667,0
671,PAYMENT,7618.69,C8151583833,45327.93,37709.24,M2136107759,0.0,0.0,0,0.0,0
699,TRANSFER,4386.72,C4322510552,7666.65,3279.93,C1195066088,71226.81,75613.53,0,0.0033333333333333335,0
232,PAYMENT,10.19,C2812140441,189.43,179.24,M8626371177,0.0,0.0,0,0.0,0
117,PAYMENT,265.78,C7483366056,453.37,187.59,M4390543744,0.0,0.0,0,0.0,0
695,TRANSFER,207.63,C7473868020,274.23,66.6,C2503068227,0.0,0.0,1,0.16666666666666666,0
112,TRANSFER,147.62,C9935429720,182.06,34.44,C6656646925,0.0,147.62,0,0.07,0
358,PAYMENT,1.0,C5483308751,0.0,0.0,M4456193555,0.0,0.0,0,0.0,0
620,PAYMENT,6699.52,C6797436140,19217.58,12518.06,M2711123163,0.0,0.0,0,0.0,0
82,PAYMENT,1.0,C5903457537,0.0,0.0,M3156792018,0.0,0.0,0,0.0,0
27,CASH_OUT,3765.09,C1722124509,4234.01,468.92,M4035639663,0.0,0.0,1,0.0033333333333333335,0
696,PAYMENT,16.25,C3147818256,20.9,4.65,M5194066484,0.0,0.0,0,0.0,0
209,TRANSFER,72.2,C2979958124,173.7,101.5,C6719736115,336.38,408.58,0,0.0033333333333333335,0
336,PAYMENT,386.38,C3965676060,483.24,96.86,M8964269909,0.0,0.0,0,0.0,0
152,PAYMENT,1.09,C8761469117,1.51,0.42,M3536590481,0.0,0.0,0,0.0,0
524,CASH_OUT,53.73,C5428082088,73.36,19.63,M2187592160,0.0,0.0,1,0.03666666666666667,0
131,CASH_IN,106245.13,C6756332150,18.06,106263.19,C9333490239,305.18,305.18,0,0.0,0
521,CASH_OUT,1669.46,C1340272119,51123.25,49453.79,C5421592782,87140.19,87140.19,0,0.0,0
4,TRANSFER,855.17,C2802141793,1068.65,213.48,C6415031531,77.14,932.31,0,0.0033333333333333335,0
718,TRANSFER,525.57,C4311931853,576.53,50.96,C7631970791,59819.98,60345.55,0,0.0,0
399,TRANSFER,1735.34,C6448001026,4802.12,3066.78,C1067198189,96118.72,97854.06,0,0.0,0
110,PAYMENT,1.0,C1654477195,0.0,0.0,M6401844042,0.0,0.0,0,0.0033333333333333335,0
190,DEBIT,7.48,C8001729836,21.85,14.37,M6130446648,0.0,0.0,0,0.02,0
55,CASH_OUT,6.03,C9381721143,9.31,3.28,C2950049698,0.0,0.0,0,0.0033333333333333335,0
46,TRANSFER,19.37,C1045302356,26.46,7.09,C3115806625,33249.27,33268.64,0,0.0,0
478,PAYMENT,2416.39,C5328166990,264836.9,262420.51,M9921025990,0.0,0.0,0,0.0,0
56,PAYMENT,84.35,C7904559790,142.9,58.55,M4952177946,0.0,0.0,0,0.0,0
201,TRANSFER,1171.07,C8133593748,1040.74,0.0,C6923206003,0.0,0.0,1,0.34,0
95,TRANSFER,266.95,C5064162365,388.43,121.48,C2924568778,115737.29,116004.24,0,0.0,0
264,PAYMENT,1.0,C2076341629,0.0,0.0,M5449848690,0.0,0.0,0,0.0,0
393,TRANSFER,4623.64,C5243939720,4382.78,0.0,C9987064419,60.42,4684.06,1,0.03,0
6,CASH_OUT,1.0,C8527715219,0.0,0.0,C8243746556,3842.94,3842.94,0,0.013333333333333334,0
241,CASH_OUT,94195.57,C5625980561,122794.05,28598.48,C8734449371,9842.28,9842.28,1,0.0,0
374,PAYMENT,17767.56,C5461537013,31459.19,13691.63,M8910440683,0.0,0.0,0,0.0,0
510,TRANSFER,207.92,C7333678472,220.23,12.31,C9381721143,3.28,211.2,0,0.09,0
140,PAYMENT,1.0,C8236980551,0.0,0.0,M8646369354,0.0,0.0,0,0.0,0
240,PAYMENT,1.0,C3484872186,0.0,0.0,M1357561213,0.0,0.0,0,0.0,0
444,PAYMENT,1.0,C1798112150,0.0,0.0,M1732578761,0.0,0.0,0,0.0,0
188,PAYMENT,36.24,C7430757004,123.35,87.11,M2625035499,0.0,0.0,0,0.0,0
237,PAYMENT,19.68,C9303765140,36.7,17.02,M5794335854,0.0,0.0,0,0.0,0
565,PAYMENT,1.0,C9861449701,0.0,0.0,M3605446007,0.0,0.0,0,0.0,0
419,PAYMENT,1.0,C6554972315,0.0,0.0,M8443061472,0.0,0.0,0,0.0,0
5,CASH_OUT,48917.98,C4482238042,45749.48,0.0,M2121448210,0.0,0.0,1,0.05,0
695,CASH_OUT,247.75,C2419931729,275.45,27.7,C4302632494,0.0,0.0,0,0.03333333333333333,0
121,TRANSFER,94.74,C6171239466,114.16,19.42,C7551874474,127352.16,127352.16,1,0.0033333333333333335,0
479,CASH_OUT,611.55,C3995732958,650.04,38.49,M5067400473,0.0,0.0,1,0.04666666666666667,0
150,PAYMENT,932.24,C2168041588,2014.85,1082.61,M3223687972,0.0,0.0,0,0.0,0
485,TRANSFER,101.98,C7100408092,90.82,0.0,C8291250562,0.0,101.98,1,0.20333333333333334,0
670,CASH_OUT,1.0,C3781569954,0.0,0.0,C1160913827,8924.95,8924.95,0,0.02,0
615,PAYMENT,404.28,C4681264539,571.22,166.94,M8389750357,0.0,0.0,0,0.0,0
348,TRANSFER,100.87,C5884391502,169.83,68.96,C8300300577,3648.33,3749.2,0,0.0,0
465,PAYMENT,295.95,C6307626407,948.0,652.05,M3811254192,0.0,0.0,0,0.0,0
198,PAYMENT,101.19,C8086527181,2433.0,2331.81,M9822499208,0.0,0.0,0,0.0,0
324,PAYMENT,9477.03,C3693985578,30257.51,20780.48,M3317856944,0.0,0.0,0,0.0,0
711,TRANSFER,2261.7,C9403748506,1931.12,0.0,C7508080884,0.0,0.0,1,0.7066666666666667,1
235,TRANSFER,418.72,C5539308214,553.54,134.82,M8768773991,0.0,0.0,1,0.15666666666666668,0
74,CASH_OUT,6416.61,C5269728610,8110.05,1693.44,C8973989997,53812.07,53812.07,1,0.0033333333333333335,0
181,PAYMENT,35.16,C4530959836,155667.89,155632.73,M3960136787,0.0,0.0,0,0.0,0
643,TRANSFER,84.11,C7183058541,88.81,4.7,M9410569618,0.0,0.0,1,0.19,0
296,TRANSFER,43.28,C9592390865,51.77,8.49,C2613385303,4045.03,4088.31,0,0.0,0
311,TRANSFER,8214.9,C4264134512,55064.17,46849.27,C2721355673,91068.53,99283.43,0,0.0,0
243,TRANSFER,16444.83,C4656572173,15110.32,0.0,M7664045502,0.0,0.0,1,0.9466666666666667,1
237,CASH_IN,1822.05,C5606736607,0.0,1822.05,C5957341287,3.55,3.55,0,0.0,0
546,TRANSFER,52798.48,C7027529118,60251.69,7453.21,M7651029165,0.0,0.0,1,0.2966666666666667,0
63,TRANSFER,4561.13,C3521166052,3854.25,0.0,C2591414076,1849.66,1849.66,1,0.11333333333333333,0
343,TRANSFER,274.79,C3058982440,285.42,10.63,C6097953682,829.21,829.21,1,0.006666666666666667,0
433,TRANSFER,1.0,C3837784389,0.0,0.0,C8257484586,191.0,192.0,0,0.11,0
438,TRANSFER,2757.05,C9354711271,7890.33,5133.28,C7767834064,14027.3,16784.35,0,0.0,0
165,TRANSFER,1.0,C8458717057,0.0,0.0,C5281907480,1039.25,1040.25,0,0.01,0
663,TRANSFER,40.19,C5667503195,53.58,13.39,M6659847491,0.0,0.0,1,0.17,0
654,CASH_OUT,2997.77,C6313758032,3722.24,724.47,M7340036327,0.0,0.0,1,0.02666666666666667,0
192,TRANSFER,132609.39,C6464693977,134785.66,2176.27,C5333183840,0.0,132609.39,0,0.0,0
178,CASH_OUT,4210.66,C2140169349,4499.39,288.73,C5115980792,1173.92,1173.92,1,0.0,0
14,CASH_OUT,738.44,C2836553621,765.57,27.13,M3831598303,0.0,0.0,1,0.0033333333333333335,0
542,CASH_OUT,3925.14,C7573442717,3354.39,0.0,C5455441991,119651.39,119651.39,1,0.05,0
506,PAYMENT,16632.34,C6168291913,24614.63,7982.29,M9444143872,0.0,0.0,0,0.0,0
609,TRANSFER,2399.15,C2843567009,2299.49,0.0,M3536590481,0.0,0.0,1,0.93,1
347,TRANSFER,1.0,C1361845490,1.92,0.92,C8833399096,34.31,35.31,0,0.12,0
530,CASH_OUT,256.94,C7567496105,464.03,207.09,C2067970820,0.0,0.0,0,0.03,0
176,PAYMENT,22.15,C3878719791,24.57,2.42,M9625656293,0.0,0.0,0,0.0,0
620,PAYMENT,3597.61,C1399546384,4194.99,597.38,M3145756342,0.0,0.0,0,0.0,0
572,TRANSFER,931.61,C3482206102,802.52,0.0,C4419410162,5.15,5.15,1,0.37666666666666665,0
697,PAYMENT,78.7,C6155234610,109.74,31.04,M4689605624,0.0,0.0,0,0.0,0
253,PAYMENT,1.0,C9369574998,0.0,0.0,M3566125120,0.0,0.0,0,0.0,0
530,CASH_OUT,21599.23,C8663837890,25614.14,4014.91,C3369305560,85.68,85.68,1,0.013333333333333334,0
280,PAYMENT,1.0,C8478529823,0.0,0.0,M9900829971,0.0,0.0,0,0.0,0
336,CASH_OUT,2502.79,C1939042955,2677.89,175.1,M3317856944,0.0,0.0,1,0.01,0
500,CASH_OUT,199.62,C2866092821,335.75,136.13,C5151887478,0.0,0.0,0,0.03,0
493,CASH_OUT,1733.76,C7668801906,2635.53,901.77,C3214080278,2115.91,2115.91,0,0.016666666666666666,0
635,PAYMENT,81.64,C4706249669,157.54,75.9,M7570511906,0.0,0.0,0,0.0,0
130,PAYMENT,17.51,C9433570024,21875.2,21857.69,M1666898313,0.0,0.0,0,0.0,0
458,CASH_OUT,8.1,C3734252963,8.55,0.45,C3815287619,193.27,193.27,0,0.08333333333333333,0
440,PAYMENT,18.59,C7374810067,2271.49,2252.9,M5959736235,0.0,0.0,0,0.0,0
115,TRANSFER,1.0,C4673457063,0.0,0.0,C5714169271,6.7,7.7,0,0.19,0
193,TRANSFER,101646.0,C4853479481,115318.55,13672.55,C5638860656,10.57,10.57,1,0.19333333333333333,0
28,CASH_OUT,2588.38,C7022683808,3590.99,1002.61,M4211837506,0.0,0.0,1,0.0033333333333333335,0
19,TRANSFER,104.83,C8291250562,101.98,0.0,M2156184315,0.0,0.0,1,0.22333333333333333,0
249,TRANSFER,47265.69,C8235717104,55122.09,7856.4,M7168105904,0.0,0.0,1,0.23,0
172,TRANSFER,6651.16,C3841827734,7178.66,527.5,C8933377472,3835.75,3835.75,1,0.0,0
578,CASH_OUT,9.7,C1913706213,32.7,23.0,C7671625956,0.0,0.0,0,0.03333333333333333,0
180,PAYMENT,1.0,C8925520026,0.0,0.0,M8643636805,0.0,0.0,0,0.0,0
377,TRANSFER,48599.06,C1271730355,62056.97,13457.91,C7895255573,0.0,0.0,1,0.22333333333333333,0
629,TRANSFER,31178.09,C1818520766,37131.48,5953.39,C2578662692,0.0,31178.09,0,0.013333333333333334,0
225,TRANSFER,740.7,C4997866845,657.63,0.0,M9576264323,0.0,0.0,1,0.3,0
236,PAYMENT,1.0,C5913767020,1.6,0.6,M7960713821,0.0,0.0,0,0.0,0
130,PAYMENT,36.69,C1847275937,39.49,2.8,M1908459040,0.0,0.0,0,0.0,0
484,PAYMENT,1.0,C1684598046,0.0,0.0,M3495411322,0.0,0.0,0,0.0,0
201,PAYMENT,1078.32,C4102821948,13039.47,11961.15,M3660800029,0.0,0.0,0,0.0,0
280,PAYMENT,9.58,C7887950851,11.58,2.0,M7270955446,0.0,0.0,0,0.0,0
590,DEBIT,7.41,C4921003983,11.04,3.63,M1732578761,0.0,0.0,0,0.04,0
434,CASH_OUT,1.0,C4919706735,0.0,0.0,C4700855390,0.0,0.0,0,0.09,0
699,PAYMENT,1.0,C3207160929,1.0,0.0,M5449848690,0.0,0.0,0,0.0,0
228,TRANSFER,2346.58,C6000009225,2484.77,138.19,C4070964768,8081.4,10427.98,0,0.01,0
222,CASH_OUT,697.17,C8796286443,593.43,0.0,C8382488970,0.0,0.0,1,0.11666666666666667,0
516,PAYMENT,705.39,C5569145346,4408.95,3703.56,M4460319291,0.0,0.0,0,0.0,0
615,PAYMENT,4076.02,C2780016559,68306.17,64230.15,M2121448210,0.0,0.0,0,0.0,0
285,PAYMENT,8.17,C5748253283,36.46,28.29,M6130446648,0.0,0.0,0,0.0,0
654,CASH_OUT,293.14,C9953716239,267.11,0.0,M1711271599,0.0,0.0,1,0.07,0
157,TRANSFER,432.28,C2850820685,579.76,147.48,M1908459040,0.0,0.0,1,0.13666666666666666,0
327,CASH_OUT,79324.8,C8721631198,74492.42,0.0,M7764117705,0.0,0.0,1,0.05333333333333334,0
178,CASH_OUT,1805.5,C3207160929,2245.07,439.57,C2704657157,34.6,34.6,1,0.0,0
694,CASH_OUT,509.4,C2486744752,448.23,0.0,M6247463262,0.0,0.0,1,0.07333333333333333,0
195,TRANSFER,480.24,C9229469952,2321.13,1840.89,C8625774078,4503.47,4983.71,0,0.0033333333333333335,0
250,DEBIT,1.0,C4482141802,0.0,0.0,M7514017540,0.0,0.0,0,0.03666666666666667,0
360,CASH_OUT,27027.81,C7452729913,203440.52,176412.71,C7473868020,66.6,66.6,0,0.0,0
455,PAYMENT,26.59,C2295574037,40.42,13.83,M6053489772,0.0,0.0,0,0.0,0
427,CASH_OUT,1851.2,C5606736607,1822.05,0.0,M6053489772,0.0,0.0,1,0.37,0
270,PAYMENT,1.0,C6942989052,0.0,0.0,M1676220116,0.0,0.0,0,0.0,0
693,PAYMENT,1949.57,C9462806178,2069.58,120.01,M9444143872,0.0,0.0,0,0.0,0
714,CASH_OUT,341.38,C3207160929,439.57,98.19,C8208643631,12655.49,12655.49,0,0.013333333333333334,0
34,TRANSFER,9274.72,C2308638549,16026.94,6752.22,C7208619610,0.0,9274.72,0,0.0,0
411,PAYMENT,2.08,C3878719791,2.42,0.34,M9558906999,0.0,0.0,0,0.0,0
463,PAYMENT,1.0,C7340498236,0.0,0.0,M9021793855,0.0,0.0,0,0.0,0
275,TRANSFER,296.02,C4643576871,556.12,260.1,C4558302256,351.32,647.34,0,0.0033333333333333335,0
537,CASH_OUT,107.65,C2905584866,177.21,69.56,C2914126243,3.91,3.91,0,0.03333333333333333,0
299,DEBIT,21701.39,C2973888646,22054.94,353.55,M4035639663,0.0,0.0,0,0.02,0
74,TRANSFER,6.53,C4956362540,7.02,0.49,C5976777081,0.0,6.53,0,0.23333333333333334,0
698,TRANSFER,1.0,C2789144223,0.0,0.0,C4623960580,0.0,1.0,0,0.22,0
116,TRANSFER,1451.32,C2428156550,1289.01,0.0,C3259520140,0.0,1451.32,1,0.09666666666666666,0
246,CASH_OUT,1.0,C5689870435,0.0,0.0,C5275521470,37.85,37.85,0,0.01,0
204,PAYMENT,1.27,C4538382315,3.76,2.49,M7928143230,0.0,0.0,0,0.0,0
689,CASH_OUT,3537.96,C3923823693,4472.09,934.13,M5585110649,0.0,0.0,1,0.023333333333333334,0
246,CASH_OUT,6300.81,C2941289685,10064.54,3763.73,C1106456634,47636.41,47636.41,0,0.0,0
464,PAYMENT,4018.24,C4518871744,7639.65,3621.41,M1692044390,0.0,0.0,0,0.0,0
593,TRANSFER,1.0,C3127657643,0.0,0.0,C6491309593,4.22,5.22,0,0.2,0
618,TRANSFER,239.85,C8674224347,266.79,26.94,C5911625145,51830.89,52070.74,0,0.0033333333333333335,0
31,CASH_OUT,49020.77,C1139082827,65836.03,16815.26,C8366884200,62.38,62.38,0,0.0,0
702,PAYMENT,32.62,C2979958124,101.5,68.88,M3495411322,0.0,0.0,0,0.0,0
488,PAYMENT,1.0,C1242425303,0.0,0.0,M4093474499,0.0,0.0,0,0.0,0
645,PAYMENT,9286.48,C6121801720,93631.77,84345.29,M2391874847,0.0,0.0,0,0.0,0
234,TRANSFER,972.86,C5416031878,1053.44,80.58,C2854772804,0.0,0.0,1,0.19,0
530,CASH_OUT,1.0,C4037270171,0.0,0.0,C1160913827,8924.95,8924.95,0,0.023333333333333334,0
350,CASH_OUT,19.58,C1408988968,34.3,14.72,C7801948900,1603.46,1603.46,0,0.006666666666666667,0
142,PAYMENT,720.79,C1264739091,6195.8,5475.01,M6820149016,0.0,0.0,0,0.0,0
570,PAYMENT,1.0,C8441393731,0.0,0.0,M6247463262,0.0,0.0,0,0.0,0
570,PAYMENT,1.0,C3587283948,0.0,0.0,M1122712790,0.0,0.0,0,0.0,0
510,DEBIT,1.0,C8015124886,0.0,0.0,M4689605624,0.0,0.0,0,0.043333333333333335,0
557,TRANSFER,624.43,C8025152555,927.0,302.57,C6618926823,307.66,932.09,0,0.03333333333333333,0
602,CASH_OUT,1.0,C1039887139,0.0,0.0,C5855415646,2217.3,2217.3,0,0.03666666666666667,0
625,TRANSFER,462.38,C5418232833,440.3,0.0,M3072183247,0.0,0.0,1,0.24666666666666667,0
339,TRANSFER,373.91,C6585609060,408.97,35.06,M8058679999,0.0,0.0,1,0.15,0
527,TRANSFER,362.13,C4683585586,397.11,34.98,C7845366946,108.56,470.69,0,0.06666666666666667,0
18,PAYMENT,1.0,C7671625956,0.0,0.0,M6999146585,0.0,0.0,0,0.0,0
462,TRANSFER,1525.8,C9461708554,1810.79,284.99,C8370987661,217.27,217.27,1,0.1,0
607,CASH_OUT,53.62,C5861829469,96.25,42.63,C8584566722,0.0,0.0,0,0.03666666666666667,0
67,PAYMENT,1.0,C3713284816,0.0,0.0,M2115862756,0.0,0.0,0,0.0,0
428,PAYMENT,3355.23,C2094024844,3813.2,457.97,M3297681898,0.0,0.0,0,0.0,0
516,TRANSFER,171.21,C7666869046,311.06,139.85,C7464468567,13546.67,13717.88,0,0.0033333333333333335,0
682,PAYMENT,193.4,C7431813987,271.5,78.1,M3476758136,0.0,0.0,0,0.0,0
430,TRANSFER,531.92,C3074232200,931.73,399.81,C1127978094,217.12,749.04,0,0.02666666666666667,0
534,PAYMENT,193.29,C4095476665,2924.78,2731.49,M3566125120,0.0,0.0,0,0.0,0
32,TRANSFER,3.82,C8075122626,11.45,7.63,C1197449658,1.0,4.82,0,0.16,0
371,TRANSFER,72.92,C2099184899,6805.12,6732.2,C8178361487,0.0,72.92,0,0.17,0
685,CASH_OUT,9322.0,C4070964768,10427.98,1105.98,C2343100352,2326.05,2326.05,1,0.006666666666666667,0
306,CASH_OUT,176.46,C8274219704,365.65,189.19,C1558631501,0.0,0.0,0,0.006666666666666667,0
189,PAYMENT,1186.38,C5625411308,12512.03,11325.65,M1368287033,0.0,0.0,0,0.0,0
666,DEBIT,545.16,C5160575046,1776.92,1231.76,M5985331805,0.0,0.0,0,0.03,0
144,TRANSFER,245.19,C4096932037,287.36,42.17,M5315720088,0.0,0.0,1,0.15,0
115,CASH_OUT,968.48,C7597996327,1299.76,331.28,C8902114913,0.0,0.0,1,0.0,0
267,CASH_OUT,1533.87,C4656572173,2085.77,551.9,C8543865915,10.38,10.38,1,0.0033333333333333335,0
612,CASH_IN,614.23,C9302705838,35999.55,36613.78,C2293434554,81.87,81.87,0,0.0,0
165,PAYMENT,1.0,C4482141802,0.0,0.0,M6992094064,0.0,0.0,0,0.0,0
700,TRANSFER,86641.77,C6369130994,97339.12,10697.35,C5067116918,79074.56,165716.33,1,0.0,0
63,CASH_IN,23455.93,C9633533290,143226.17,166682.1,C9759180824,0.28,0.28,0,0.0,0
641,PAYMENT,1479.59,C4735313433,6566.26,5086.67,M3094407076,0.0,0.0,0,0.0,0
132,PAYMENT,100.66,C6173344564,233.37,132.71,M2773408660,0.0,0.0,0,0.0,0
698,PAYMENT,1378.68,C2191714875,18389.75,17011.07,M5156392601,0.0,0.0,0,0.0,0
20,TRANSFER,105.82,C3303082117,125.98,20.16,C8106401208,1110.34,1110.34,1,0.01,0
10,PAYMENT,47.28,C2479679716,128.43,81.15,M3322580659,0.0,0.0,0,0.0,0
259,TRANSFER,13357.28,C4508521152,15680.06,2322.78,C3614915281,52.24,13409.52,0,0.0,0
74,TRANSFER,1.93,C6491309593,5.22,3.29,C6642201119,12106.81,12108.74,0,0.0,0
93,TRANSFER,947.19,C8229344434,1017.99,70.8,C2965254350,129.35,129.35,1,0.06,0
709,TRANSFER,5304.57,C8055556030,4773.42,0.0,M6361225622,0.0,0.0,1,0.8933333333333333,1
318,PAYMENT,517.42,C8761956684,575.89,58.47,M3119908041,0.0,0.0,0,0.0,0
232,PAYMENT,1.13,C4668931881,25901.37,25900.24,M3495411322,0.0,0.0,0,0.0,0
268,TRANSFER,2.26,C9085085822,6.41,4.15,C2732553940,104227.26,104229.52,0,0.0,0
427,CASH_OUT,358.37,C5569295400,501.6,143.23,C3377702111,4524.3,4524.3,0,0.03,0
442,CASH_OUT,22.84,C4046558332,99.42,76.58,C3660223333,241.82,241.82,0,0.043333333333333335,0
485,PAYMENT,455.56,C7016293621,1766.2,1310.64,M8727805468,0.0,0.0,0,0.0,0
90,TRANSFER,2336.12,C3951331472,2723.43,387.31,C1857596764,2463.67,2463.67,1,0.006666666666666667,0
426,PAYMENT,1.0,C3694860228,0.0,0.0,M5449848690,0.0,0.0,0,0.0,0
429,CASH_OUT,1.0,C1613549255,0.0,0.0,C8926438617,108.28,108.28,0,0.07666666666666666,0
281,TRANSFER,1476.83,C3367665472,1698.19,221.36,C8934097788,156253.85,157730.68,0,0.0,0
689,CASH_OUT,3465.38,C8184602688,6925.63,3460.25,C6099808894,3747.01,3747.01,0,0.006666666666666667,0
282,CASH_OUT,16838.75,C4668931881,25900.24,9061.49,C5161807235,127.69,127.69,0,0.0,0
63,PAYMENT,21.56,C1446457642,1181.99,1160.43,M3846182436,0.0,0.0,0,0.0,0
160,CASH_OUT,3219.77,C2635231601,3619.33,399.56,M3495411322,0.0,0.0,1,0.0,0
369,TRANSFER,946.18,C3383331379,918.99,0.0,C1569113257,0.0,0.0,1,0.31333333333333335,0
297,PAYMENT,1.0,C4252504650,0.0,0.0,M8964269909,0.0,0.0,0,0.0,0
688,PAYMENT,95.12,C3849232839,130.0,34.88,M8548290298,0.0,0.0,0,0.0,0
710,PAYMENT,950.94,C9035194895,1825.48,874.54,M9098037639,0.0,0.0,0,0.0,0
219,PAYMENT,1.0,C4242550727,0.0,0.0,M2586712032,0.0,0.0,0,0.0,0
284,CASH_IN,6694.17,C7376649850,44428.56,51122.73,C1322401182,1654.6,1654.6,0,0.0,0
264,TRANSFER,1.0,C6619138852,0.0,0.0,C9370133032,221100.07,221101.07,0,0.0,0
305,CASH_OUT,40051.09,C9650701349,87074.52,47023.43,C7452729913,176412.71,176412.71,0,0.0,0
325,CASH_IN,91289.62,C6534540349,30958.34,122247.96,C6000009225,138.19,138.19,0,0.0,0
70,PAYMENT,2507.8,C7852415525,2989.71,481.91,M5067400473,0.0,0.0,0,0.0,0
393,TRANSFER,3217.24,C1600406558,4012.02,794.78,M1999913493,0.0,0.0,1,0.21333333333333335,0
514,TRANSFER,1.0,C9432088993,0.0,0.0,C5870891270,0.0,1.0,0,0.22333333333333333,0
70,TRANSFER,21273.42,C7534583219,34023.41,12749.99,C3033747850,66371.63,87645.05,0,0.0,0
526,CASH_OUT,16.21,C7958672456,72.78,56.57,C1519709079,0.0,0.0,0,0.03666666666666667,0
166,PAYMENT,1.0,C1682781467,0.0,0.0,M6284297249,0.0,0.0,0,0.0,0
428,CASH_OUT,4838.54,C2950049698,4980.7,142.16,M9916475897,0.0,0.0,1,0.03666666666666667,0
488,PAYMENT,3922.75,C3371357111,4247.42,324.67,M6247463262,0.0,0.0,0,0.0,0
114,PAYMENT,4005.44,C8160279830,5206.8,1201.36,M7192742877,0.0,0.0,0,0.0,0
473,CASH_OUT,356.87,C6089026099,333.44,0.0,C3841827734,527.5,527.5,1,0.11,0
223,PAYMENT,2592.46,C5092199300,4757.49,2165.03,M4588312351,0.0,0.0,0,0.0,0
74,CASH_OUT,3502.5,C4748302739,3430.47,0.0,M8063693463,0.0,0.0,1,0.05333333333333334,0
261,TRANSFER,604.94,C9098129449,140411.65,139806.71,C8257484586,192.0,796.94,0,0.0033333333333333335,0
107,PAYMENT,22177.87,C6877052039,36474.21,14296.34,M3297681898,0.0,0.0,0,0.0,0
631,CASH_OUT,2105.8,C9049270990,1817.13,0.0,C8122042835,0.0,0.0,1,0.17333333333333334,0
640,PAYMENT,1.0,C8666074487,0.0,0.0,M9918338001,0.0,0.0,0,0.0,0
144,TRANSFER,246.75,C7161887665,233.4,0.0,C2254516608,9.11,9.11,1,0.18666666666666668,0
125,PAYMENT,1.0,C4949801453,1.29,0.29,M3566125120,0.0,0.0,0,0.0,0
586,TRANSFER,2170.73,C9725528903,2451.5,280.77,M6932365592,0.0,0.0,1,0.32,0
435,PAYMENT,297.4,C5952163720,687.2,389.8,M9098037639,0.0,0.0,0,0.0,0
411,CASH_OUT,140982.12,C4026816435,192701.25,51719.13,C7637761996,4160.66,4160.66,1,0.0033333333333333335,0
568,TRANSFER,338.24,C1553753599,404.62,66.38,C3893976444,132504.73,132842.97,0,0.0,0
259,CASH_OUT,1022.98,C3429019820,1458.91,435.93,M4892544235,0.0,0.0,1,0.0033333333333333335,0
527,TRANSFER,6.46,C1600566083,25.88,19.42,C8235363119,0.0,6.46,0,0.17,0
249,TRANSFER,2957.56,C5162260671,2507.24,0.0,M7168105904,0.0,0.0,1,0.8133333333333334,1
573,PAYMENT,1.0,C8497938394,0.0,0.0,M5919148165,0.0,0.0,0,0.0,0
53,TRANSFER,51.32,C1033015788,162.2,110.88,C6048096802,0.0,51.32,0,0.15,0
408,TRANSFER,2533.58,C2940955281,2933.01,399.43,C6732648420,0.0,0.0,1,0.22333333333333333,0
555,PAYMENT,39.79,C8761956684,58.47,18.68,M2778069478,0.0,0.0,0,0.0,0
10,PAYMENT,9.76,C6585609060,35.06,25.3,M6894024976,0.0,0.0,0,0.0,0
378,PAYMENT,1.0,C6214917780,0.0,0.0,M4456193555,0.0,0.0,0,0.0,0
417,TRANSFER,82.74,C3869963931,83.76,1.02,M8858274691,0.0,0.0,1,0.17666666666666667,0
137,TRANSFER,27285.31,C4422700486,36094.01,8808.7,C6534540349,122247.96,149533.27,0,0.0,0
493,CASH_OUT,19822.54,C5923940434,16906.62,0.0,M9773795424,0.0,0.0,1,0.18,0
36,CASH_OUT,161858.82,C8906163641,157451.27,0.0,C4131575764,607.33,607.33,1,0.006666666666666667,0
121,PAYMENT,2937.01,C5911625145,52070.74,49133.73,M6932365592,0.0,0.0,0,0.0,0
501,PAYMENT,41.06,C2268006448,143.25,102.19,M2418407139,0.0,0.0,0,0.0,0
75,CASH_OUT,324.95,C3304560537,361.4,36.45,C4767539382,0.0,0.0,1,0.0,0
409,PAYMENT,729.55,C2848792488,1192.31,462.76,M5325865521,0.0,0.0,0,0.0,0
491,CASH_OUT,1.0,C4531928910,0.0,0.0,C8879525611,0.0,0.0,0,0.06666666666666667,0
272,CASH_OUT,1199.81,C2377246195,1402.43,202.62,C1067198189,97854.06,97854.06,0,0.0,0
555,TRANSFER,2372.04,C2620054076,2114.81,0.0,M6525576685,0.0,0.0,1,0.7966666666666666,1
437,DEBIT,43.77,C8366884200,62.38,18.61,M8778927211,0.0,0.0,0,0.03333333333333333,0
390,CASH_OUT,1719.81,C1913706213,2334.38,614.57,M9255306810,0.0,0.0,1,0.01,0
338,PAYMENT,1.0,C5182110973,0.0,0.0,M3811254192,0.0,0.0,0,0.0,0
119,CASH_OUT,2335.32,C3655790301,2645.07,309.75,C5212581851,29.75,29.75,0,0.0,0
117,CASH_OUT,1.0,C1558631501,0.0,0.0,C3421719519,79.51,79.51,0,0.0,0
479,PAYMENT,1.0,C3316787198,0.16,0.0,M1257854279,0.0,0.0,0,0.0,0
456,PAYMENT,29.59,C2979958124,68.88,39.29,M5000316394,0.0,0.0,0,0.0,0
708,CASH_OUT,673.89,C6572436051,632.54,0.0,M6790024996,0.0,0.0,1,0.13666666666666666,0
13,CASH_OUT,3780.31,C3412365931,3729.37,0.0,C3420721027,173337.88,173337.88,1,0.0,0
589,PAYMENT,1.0,C4302709858,0.0,0.0,M4399143287,0.0,0.0,0,0.0,0
267,TRANSFER,11177.31,C6242173772,34523.97,23346.66,C4431078106,0.0,11177.31,0,0.0,0
264,CASH_OUT,7.03,C9272277508,9.94,2.91,C3313993297,0.13,0.13,0,0.02,0
413,TRANSFER,4140.91,C9479654136,5614.92,1474.01,M3094407076,0.0,0.0,1,0.2633333333333333,0
159,TRANSFER,65868.71,C7154795660,66906.21,1037.5,C9081544414,2491.23,2491.23,1,0.02,0
119,TRANSFER,1449.82,C9557663181,1626.67,176.85,C9343730920,18.54,1468.36,0,0.006666666666666667,0
683,TRANSFER,385.96,C9343730920,1468.36,1082.4,C8309221034,429.4,815.36,0,0.03666666666666667,0
606,PAYMENT,26.48,C5829062179,43.45,16.97,M4399143287,0.0,0.0,0,0.0,0
291,DEBIT,10.94,C6134840512,33.5,22.56,M9625656293,0.0,0.0,0,0.02,0
415,CASH_OUT,140469.48,C3639796200,127370.52,0.0,M9065458220,0.0,0.0,1,0.20333333333333334,0
139,DEBIT,1.0,C9309500117,0.0,0.0,M7678293431,0.0,0.0,0,0.02666666666666667,0
626,CASH_OUT,686.01,C2423995953,745.14,59.13,C5586143660,537.77,537.77,1,0.02666666666666667,0
566,TRANSFER,46718.01,C2458198451,138456.45,91738.44,C8991678061,0.0,46718.01,0,0.0,0
700,CASH_OUT,288.13,C7763765757,465.42,177.29,C2014766981,84.28,84.28,0,0.023333333333333334,0
621,TRANSFER,1.0,C8832617672,0.0,0.0,C1667483244,4166.68,4167.68,0,0.056666666666666664,0
94,TRANSFER,896.92,C2926780541,915.53,18.61,M5087280062,0.0,0.0,1,0.19333333333333333,0
79,PAYMENT,224.95,C6515369278,402.19,177.24,M3965860354,0.0,0.0,0,0.0,0
636,CASH_IN,17281.09,C7004510516,55.07,17336.16,C1039262289,162.48,162.48,0,0.0,0
399,TRANSFER,555.74,C6894808149,1447.58,891.84,C8211516617,1555.33,2111.07,0,0.006666666666666667,0
36,TRANSFER,90.08,C9711080868,397.84,307.76,C5578929439,947.8,1037.88,0,0.0033333333333333335,0
669,CASH_OUT,1493.29,C1589582865,3503.19,2009.9,C4700855390,0.0,0.0,0,0.023333333333333334,0
433,PAYMENT,34.01,C6206015111,44.35,10.34,M1442421654,0.0,0.0,0,0.0,0
598,PAYMENT,13061.09,C6392415228,184256.06,171194.97,M7270955446,0.0,0.0,0,0.0,0
246,PAYMENT,31.53,C3615507143,483.63,452.1,M4093474499,0.0,0.0,0,0.0,0
590,PAYMENT,263.76,C9138644862,402.46,138.7,M9288057824,0.0,0.0,0,0.0,0
687,CASH_IN,3959.32,C8907752604,41641.4,45600.72,C2761091683,28274.73,28274.73,0,0.0,0
20,PAYMENT,28.2,C7470843264,69.65,41.45,M7764117705,0.0,0.0,0,0.0,0
454,DEBIT,37525.95,C2149938334,38156.98,631.03,M5325865521,0.0,0.0,0,0.03333333333333333,0
525,CASH_OUT,2503.22,C9471306442,2969.03,465.81,C5539308214,134.82,134.82,1,0.02,0
699,CASH_IN,114659.76,C3178995337,0.0,114659.76,C9155819200,675.68,675.68,0,0.0,0
444,TRANSFER,2445.37,C4256292393,2421.68,0.0,M7230477043,0.0,0.0,1,0.8766666666666667,1
520,PAYMENT,1.0,C7505693643,0.0,0.0,M8821456242,0.0,0.0,0,0.0,0
688,TRANSFER,913.4,C3866755218,1017.77,104.37,C6619138852,0.0,913.4,1,0.07666666666666666,0
613,TRANSFER,1.0,C1242425303,0.0,0.0,C4939447721,0.0,1.0,0,0.23333333333333334,0
139,PAYMENT,7.93,C3532855799,9.51,1.58,M8768773991,0.0,0.0,0,0.0,0
35,PAYMENT,35.55,C4630196130,75.72,40.17,M8910440683,0.0,0.0,0,0.0,0
495,CASH_IN,2933.64,C9019515562,9381.23,12314.87,C8151583833,37709.24,37709.24,0,0.0033333333333333335,0
484,CASH_OUT,1.0,C5254923696,0.0,0.0,C7961674558,49094.66,49094.66,0,0.06,0
281,CASH_OUT,1541.27,C8117478955,1661.08,119.81,M9558906999,0.0,0.0,1,0.006666666666666667,0
535,PAYMENT,1.0,C8506931282,0.0,0.0,M1368287033,0.0,0.0,0,0.0,0
148,PAYMENT,4.58,C5992908271,7.24,2.66,M1694904767,0.0,0.0,0,0.0,0
138,TRANSFER,411.79,C8122042835,378.88,0.0,M1908459040,0.0,0.0,1,0.22,0
354,PAYMENT,8263.36,C6471691689,52515.04,44251.68,M5087280062,0.0,0.0,0,0.0,0
137,CASH_OUT,178.49,C7088949191,253.35,74.86,C8131923452,0.0,0.0,0,0.0,0
671,TRANSFER,1134.59,C2602884797,2918.95,1784.36,C8394040015,1085.63,2220.22,0,0.03666666666666667,0
262,CASH_OUT,15911.55,C5482431018,13447.52,0.0,C3980491761,0.0,0.0,1,0.11666666666666667,0
58,TRANSFER,1181.8,C1834624758,5732.97,4551.17,C7961674558,49094.66,50276.46,0,0.0,0
638,CASH_OUT,52.1,C7958672456,56.57,4.47,C6822870815,0.0,0.0,1,0.043333333333333335,0
426,PAYMENT,3.92,C4662861038,4038.05,4034.13,M4601406440,0.0,0.0,0,0.0,0
353,PAYMENT,97.95,C6761084958,114.71,16.76,M4122901114,0.0,0.0,0,0.0,0
218,TRANSFER,308.8,C9579064478,564.38,255.58,C8211516617,2111.07,2419.87,0,0.0,0
135,CASH_OUT,1804.34,C7808938880,1793.98,0.0,M3605446007,0.0,0.0,1,0.05,0
568,PAYMENT,12.98,C3605585995,53.36,40.38,M7340036327,0.0,0.0,0,0.0,0
20,CASH_OUT,63396.94,C3965572185,77148.09,13751.15,M1811839103,0.0,0.0,1,0.0,0
167,TRANSFER,17.67,C6358023411,28.5,10.83,C9302705838,36613.78,36631.45,0,0.0,0
518,PAYMENT,1.0,C7670476743,0.61,0.0,M2541015125,0.0,0.0,0,0.0,0
534,PAYMENT,316.08,C6619138852,913.4,597.32,M9068916300,0.0,0.0,0,0.0,0
514,PAYMENT,2.67,C2510308881,6.03,3.36,M8727805468,0.0,0.0,0,0.0,0
228,PAYMENT,90.62,C2407863065,129.6,38.98,M1857561275,0.0,0.0,0,0.0,0
695,TRANSFER,8542.01,C4026113008,10975.44,2433.43,C7560389844,38.98,38.98,1,0.24333333333333335,0
521,CASH_OUT,93.14,C6955593943,427.81,334.67,C3380064537,237295.7,237295.7,0,0.0,0
8,TRANSFER,381.59,C6719736115,408.58,26.99,C4776677517,41227.46,41227.46,1,0.0033333333333333335,0
45,PAYMENT,10.13,C2073108894,27.55,17.42,M6525576685,0.0,0.0,0,0.0,0
142,CASH_OUT,46685.81,C3780439666,64157.97,17472.16,M1083302600,0.0,0.0,1,0.0,0
235,TRANSFER,1.0,C6674372082,0.0,0.0,C1004665657,152291.93,152292.93,0,0.0,0
171,DEBIT,32695.79,C7015992643,226796.6,194100.81,M2129491690,0.0,0.0,0,0.006666666666666667,0
90,PAYMENT,1.0,C2963288053,0.0,0.0,M6820149016,0.0,0.0,0,0.0,0
551,PAYMENT,11.08,C6134840512,22.56,11.48,M1240140248,0.0,0.0,0,0.0,0
267,CASH_OUT,3827.99,C9354711271,5133.28,1305.29,C9165632300,10045.11,10045.11,0,0.0,0
366,TRANSFER,427.62,C6591038760,418.83,0.0,M9026301048,0.0,0.0,1,0.23333333333333334,0
155,PAYMENT,1.0,C4482238042,0.0,0.0,M8964269909,0.0,0.0,0,0.0,0
186,PAYMENT,3819.81,C8182649048,6237.04,2417.23,M1811839103,0.0,0.0,0,0.0,0
340,TRANSFER,66691.48,C1489726608,89252.62,22561.14,C3520417815,615.55,615.55,1,0.02666666666666667,0
134,PAYMENT,1.02,C2268006448,102.19,101.17,M2155671697,0.0,0.0,0,0.0,0
490,CASH_OUT,2537.19,C5659161352,2495.36,0.0,C8638763775,4.72,4.72,1,0.25,0
641,TRANSFER,980.27,C4972536230,1219.41,239.14,M7532669066,0.0,0.0,1,0.16666666666666666,0
680,PAYMENT,12888.94,C6122110529,26183.54,13294.6,M2910594463,0.0,0.0,0,0.0,0
217,PAYMENT,175.61,C4696689457,207.77,32.16,M4641902461,0.0,0.0,0,0.0,0
6,PAYMENT,44.36,C4736031885,199.56,155.2,M7453081889,0.0,0.0,0,0.0,0
444,CASH_OUT,611.61,C4178659381,828.73,217.12,C5058691146,26120.0,26120.0,0,0.04,0
64,CASH_OUT,2371.2,C7127904756,2223.34,0.0,M7948094928,0.0,0.0,1,0.05,0
549,TRANSFER,1.0,C6131005449,0.0,0.0,C9663561486,4864.75,4865.75,0,0.05333333333333334,0
285,PAYMENT,1.0,C5647317872,0.0,0.0,M9026301048,0.0,0.0,0,0.0,0
410,TRANSFER,111.74,C5744003377,100.36,0.0,M5315720088,0.0,0.0,1,0.20333333333333334,0
357,PAYMENT,34.08,C1230624431,52.68,18.6,M4125758723,0.0,0.0,0,0.0,0
339,TRANSFER,2191.59,C5418232833,2731.9,540.31,M7340036327,0.0,0.0,1,0.18666666666666668,0
487,CASH_OUT,1.0,C4939447721,1.0,0.0,C9462806178,120.01,120.01,0,0.06666666666666667,0
250,TRANSFER,7497.3,C8505373158,7101.16,0.0,C4880176825,327.16,327.16,1,0.2,0
284,CASH_OUT,2805.7,C7027529118,7453.21,4647.51,C6877052039,14296.34,14296.34,0,0.0,0
81,DEBIT,864.67,C2610237679,1642.83,778.16,M3566125120,0.0,0.0,0,0.01,0
263,CASH_OUT,1275.45,C7380780055,1350.07,74.62,C4745927824,11965.31,11965.31,1,0.0,0
370,PAYMENT,1.0,C3880327491,0.0,0.0,M8790289305,0.0,0.0,0,0.0,0
134,TRANSFER,28086.24,C6884333221,32704.44,4618.2,M1711271599,0.0,0.0,1,0.22666666666666666,0
321,PAYMENT,365.22,C5281907480,1040.25,675.03,M8869140487,0.0,0.0,0,0.0,0
420,DEBIT,1.0,C3952295757,0.0,0.0,M5067400473,0.0,0.0,0,0.05333333333333334,0
312,PAYMENT,1.0,C2540492440,0.0,0.0,M1466305100,0.0,0.0,0,0.0,0
579,TRANSFER,3497.05,C8795212264,6172.22,2675.17,C6884882440,32.49,3529.54,0,0.04,0
264,TRANSFER,5505.65,C4039019230,21958.8,16453.15,C9270323795,0.0,5505.65,0,0.0,0
190,PAYMENT,120.18,C1207916194,453.01,332.83,M9255306810,0.0,0.0,0,0.0,0
671,TRANSFER,457.65,C2635231601,399.56,0.0,M5570190774,0.0,0.0,1,0.23,0
544,PAYMENT,741.16,C3205292512,19887.04,19145.88,M4456193555,0.0,0.0,0,0.0,0
231,PAYMENT,14.93,C7560389844,38.98,24.05,M3690714075,0.0,0.0,0,0.0,0
593,DEBIT,37144.05,C5567816720,100912.8,63768.75,M8218146534,0.0,0.0,0,0.016666666666666666,0
452,TRANSFER,1.23,C8703867299,1197.45,1196.22,C4747699292,7284.53,7285.76,0,0.02,0
269,PAYMENT,1.0,C5659161352,0.0,0.0,M2115862756,0.0,0.0,0,0.0,0
406,PAYMENT,759.44,C2168041588,1082.61,323.17,M2129491690,0.0,0.0,0,0.0,0
487,CASH_OUT,36496.08,C7961674558,50276.46,13780.38,C4693510920,17058.83,17058.83,1,0.0033333333333333335,0
608,CASH_OUT,4676.36,C5634076661,4046.1,0.0,M4329446784,0.0,0.0,1,0.23,0
570,CASH_OUT,16079.33,C9285415473,20148.31,4068.98,M2121448210,0.0,0.0,1,0.016666666666666666,0
194,PAYMENT,14604.64,C6178804925,18537.15,3932.51,M8910440683,0.0,0.0,0,0.0,0
325,PAYMENT,23.73,C8674224347,26.94,3.21,M8858274691,0.0,0.0,0,0.0,0
53,PAYMENT,130.33,C3319936135,470.19,339.86,M1466305100,0.0,0.0,0,0.0,0
629,PAYMENT,872.95,C8943866829,12322.52,11449.57,M6744039057,0.0,0.0,0,0.0,0
15,CASH_OUT,358.47,C5789617427,365.7,7.23,M4641902461,0.0,0.0,1,0.013333333333333334,0
617,TRANSFER,1.0,C4268713302,0.0,0.0,C1370292681,1292.5,1293.5,0,0.08333333333333333,0
121,TRANSFER,222.18,C5306459450,477.79,255.61,C1526723719,0.0,222.18,0,0.02666666666666667,0
353,TRANSFER,287.23,C4990452762,250.16,0.0,C3482206102,0.0,0.0,1,0.23,0
633,TRANSFER,660.95,C1870644102,820.49,159.54,C8925520026,0.0,660.95,0,0.043333333333333335,0
547,CASH_OUT,362.28,C1674755608,548.27,185.99,C7464468567,13717.88,13717.88,0,0.006666666666666667,0
566,PAYMENT,210.45,C4632522232,154039.9,153829.45,M3580582653,0.0,0.0,0,0.0,0
711,CASH_OUT,136.32,C1659663750,170.68,34.36,M2155671697,0.0,0.0,1,0.03333333333333333,0
218,CASH_OUT,9032.29,C5067116918,165716.33,156684.04,C6317152031,1553.91,1553.91,0,0.0,0
570,CASH_OUT,1608.01,C3923699745,2548.61,940.6,C1515024824,1.33,1.33,0,0.02666666666666667,0
384,CASH_IN,1360.08,C1674755608,185.99,1546.07,C8299146480,3108.43,3108.43,0,0.0,0
277,CASH_OUT,3.07,C1484664056,4.93,1.86,C2928130926,197.63,197.63,0,0.01,0
523,CASH_OUT,820.71,C3884642366,837.98,17.27,C6576395496,1476.71,1476.71,1,0.05,0
515,CASH_OUT,1.0,C7292376027,0.0,0.0,C2389803385,249.24,249.24,0,0.05,0
100,CASH_OUT,9.96,C3058982440,10.63,0.67,C4993808565,7795.0,7795.0,0,0.0,0
37,CASH_IN,8315.78,C1654477195,0.0,8315.78,C4110258855,16.57,16.57,0,0.0,0
547,PAYMENT,1.0,C4647891535,0.0,0.0,M5564953924,0.0,0.0,0,0.0,0
501,CASH_OUT,58.95,C7246858055,62.28,3.33,C2099184899,6732.2,6732.2,0,0.02,0
502,CASH_OUT,165.48,C8831899893,161.03,0.0,M3831598303,0.0,0.0,1,0.07333333333333333,0
457,TRANSFER,32514.96,C9455610447,32681.76,166.8,C8318855178,301.6,301.6,1,0.13666666666666666,0
719,CASH_OUT,3956.87,C5243939720,4702.37,745.5,C8313706299,0.62,0.62,1,0.04,0
124,CASH_OUT,267.62,C6156843353,291.35,23.73,C5667503195,13.39,13.39,1,0.0,0
99,PAYMENT,1.0,C4130305126,0.0,0.0,M3223687972,0.0,0.0,0,0.0,0
107,CASH_OUT,1.0,C2970753705,0.0,0.0,C6620138568,69.45,69.45,0,0.0,0
214,CASH_OUT,265.95,C4880176825,327.16,61.21,M5412437658,0.0,0.0,1,0.0,0
293,PAYMENT,1.62,C3294092753,2.27,0.65,M7341757401,0.0,0.0,0,0.0,0
151,PAYMENT,1.0,C2756070122,0.0,0.0,M4952177946,0.0,0.0,0,0.0,0
277,CASH_OUT,1.0,C3887823121,0.0,0.0,C1489726608,22561.14,22561.14,0,0.0033333333333333335,0
175,CASH_OUT,1.0,C5431267548,0.0,0.0,C7464468567,13717.88,13717.88,0,0.0,0
107,TRANSFER,49851.43,C3107125807,78569.58,28718.15,C3946766309,9067.12,58918.55,0,0.0,0
561,PAYMENT,20709.45,C2785736751,109705.0,88995.55,M1694904767,0.0,0.0,0,0.0,0
414,PAYMENT,17.17,C4731897202,60.17,43.0,M8218146534,0.0,0.0,0,0.0,0
529,CASH_OUT,1797.04,C8779941999,1726.58,0.0,M2391874847,0.0,0.0,1,0.18333333333333332,0
338,PAYMENT,74.71,C6265016831,22205.98,22131.27,M4035639663,0.0,0.0,0,0.0,0
129,TRANSFER,3907.86,C5982744929,4380.33,472.47,M6932365592,0.0,0.0,1,0.17333333333333334,0
329,CASH_IN,90780.57,C2625792787,0.0,90780.57,C9309500117,0.0,0.0,0,0.0,0
346,CASH_OUT,1880.19,C9935429720,1870.69,0.0,C2948728483,8.78,8.78,1,0.11333333333333333,0
643,CASH_OUT,334.45,C5433722159,447.18,112.73,M4820942294,0.0,0.0,1,0.03,0
329,PAYMENT,216.33,C6204041308,446.72,230.39,M2916502228,0.0,0.0,0,0.0,0
302,TRANSFER,3340.74,C8969097897,3219.96,0.0,M2586712032,0.0,0.0,1,0.8066666666666666,1
312,PAYMENT,8.7,C4110258855,16.57,7.87,M8044997538,0.0,0.0,0,0.0,0
308,CASH_OUT,1.0,C4470591645,0.0,0.0,C6353758928,46.98,46.98,0,0.013333333333333334,0
177,TRANSFER,5790.76,C4660390742,6084.22,293.46,C4046558332,76.58,5867.34,0,0.0033333333333333335,0
679,PAYMENT,203.61,C3358880404,328.01,124.4,M9752092528,0.0,0.0,0,0.0,0
194,TRANSFER,2562.31,C1415802902,3313.36,751.05,C2970753705,0.0,0.0,1,0.15,0
437,CASH_OUT,100620.64,C4564751926,121910.35,21289.71,C7839819230,25.03,25.03,0,0.016666666666666666,0
220,TRANSFER,1.0,C3746317213,0.0,0.0,C3205292512,19145.88,19146.88,0,0.0,0
165,CASH_OUT,578.51,C8252816758,805.18,226.67,C4145461251,0.0,0.0,1,0.0033333333333333335,0
388,CASH_OUT,183.62,C5418232833,540.31,356.69,C5689870435,0.0,0.0,0,0.02,0
66,CASH_OUT,43.39,C3421719519,79.51,36.12,C6596578419,429.18,429.18,0,0.0033333333333333335,0
87,PAYMENT,1077.5,C4508521152,2322.78,1245.28,M9444143872,0.0,0.0,0,0.0,0
258,CASH_IN,11141.67,C2111272861,114356.81,125498.48,C1361845490,0.92,0.92,0,0.0,0
536,TRANSFER,2781.61,C6305160342,2893.88,112.27,M9255306810,0.0,0.0,1,0.48,0
496,PAYMENT,1.0,C4252504650,0.0,0.0,M4460319291,0.0,0.0,0,0.0,0
153,TRANSFER,4814.75,C7340498236,4419.91,0.0,M1694904767,0.0,0.0,1,0.7666666666666667,1
329,DEBIT,1200.01,C2148679234,84658.39,83458.38,M6992094064,0.0,0.0,0,0.006666666666666667,0
12,PAYMENT,728.91,C5837082260,3381.92,2653.01,M7343954769,0.0,0.0,0,0.0,0
445,PAYMENT,1.0,C7420493866,0.0,0.0,M6199197408,0.0,0.0,0,0.0,0
180,PAYMENT,1.0,C3664052763,0.0,0.0,M9625656293,0.0,0.0,0,0.0,0
665,PAYMENT,12585.97,C7374584386,33833.13,21247.16,M2586712032,0.0,0.0,0,0.0,0
225,TRANSFER,1.0,C6844582171,0.0,0.0,C8257484586,796.94,797.94,0,0.013333333333333334,0
651,CASH_OUT,3358.77,C1225052083,4048.94,690.17,C2180484299,0.0,0.0,1,0.023333333333333334,0
608,TRANSFER,240.59,C6955593943,334.67,94.08,C6496596008,130472.3,130712.89,0,0.0,0
242,TRANSFER,3998.85,C8118065825,61430.02,57431.17,C8570333548,8671.22,12670.07,0,0.0,0
427,TRANSFER,2492.26,C4332894265,2891.03,398.77,M6651020291,0.0,0.0,1,0.25666666666666665,0
372,PAYMENT,1.0,C9333798503,0.0,0.0,M7282885927,0.0,0.0,0,0.0,0
530,TRANSFER,2694.4,C2926780541,3121.82,427.42,M3660800029,0.0,0.0,1,0.28,0
673,CASH_OUT,5472.85,C9019515562,12314.87,6842.02,C3878201524,0.0,0.0,0,0.016666666666666666,0
187,PAYMENT,1.0,C2771211118,0.0,0.0,M5959736235,0.0,0.0,0,0.0,0
708,TRANSFER,267.74,C2268523764,370.61,102.87,M8646369354,0.0,0.0,1,0.17333333333333334,0
43,TRANSFER,132636.83,C4965395580,174009.12,41372.29,M5869990861,0.0,0.0,1,0.24333333333333335,0
392,CASH_OUT,74.98,C9516893896,97.88,22.9,C7808938880,0.0,0.0,1,0.016666666666666666,0
187,PAYMENT,237.46,C4131575764,607.33,369.87,M4865979921,0.0,0.0,0,0.0,0
430,CASH_IN,135666.36,C8852676046,6.41,135672.77,C6299224734,0.0,0.0,0,0.0,0
617,DEBIT,408.88,C9863781331,505.4,96.52,M3369412470,0.0,0.0,0,0.03,0
235,CASH_OUT,4809.77,C1817804383,6148.29,1338.52,C7951902330,6799.0,6799.0,1,0.0,0
392,CASH_OUT,3463.63,C8208584394,4663.51,1199.88,M9404002665,0.0,0.0,1,0.01,0
355,PAYMENT,4.41,C5714169271,7.7,3.29,M8626371177,0.0,0.0,0,0.0,0
502,PAYMENT,1.3,C8674224347,3.21,1.91,M6865994703,0.0,0.0,0,0.0,0
654,CASH_OUT,93.25,C6924716023,106.05,12.8,C2311597141,0.0,0.0,0,0.03,0
129,CASH_OUT,2189.32,C1230249217,2729.79,540.47,M5985331805,0.0,0.0,1,0.0,0
558,TRANSFER,11032.6,C1106456634,47636.41,36603.81,C3313993297,0.13,11032.73,0,0.01,0
534,TRANSFER,97.52,C6463640105,214.41,116.89,C1282103057,67.53,165.05,0,0.06666666666666667,0
187,CASH_IN,16524.17,C6717963562,60788.96,77313.13,C7019900273,3560.95,3560.95,0,0.0,0
59,CASH_OUT,1.0,C2214741296,0.0,0.0,C6075963527,13477.01,13477.01,0,0.0,0
675,PAYMENT,10758.58,C5476654128,16847.41,6088.83,M4641902461,0.0,0.0,0,0.0,0
264,TRANSFER,1402.34,C6206015111,1587.49,185.15,M7340036327,0.0,0.0,1,0.13666666666666666,0
710,PAYMENT,255.12,C7415801613,326.76,71.64,M3960136787,0.0,0.0,0,0.0,0
543,TRANSFER,563.15,C3772636814,628.66,65.51,M3705237613,0.0,0.0,1,0.17333333333333334,0
526,TRANSFER,677.36,C7508522951,788.46,111.1,C6204862411,0.0,0.0,1,0.22333333333333333,0
674,PAYMENT,1.0,C9611537583,0.0,0.0,M9631695368,0.0,0.0,0,0.0,0
367,TRANSFER,1.0,C8086684009,1.17,0.17,C9333798503,0.0,1.0,0,0.22,0
477,TRANSFER,1.0,C1625217504,0.0,0.0,C8480622107,19.58,20.58,0,0.19333333333333333,0
471,PAYMENT,66.79,C8275679594,99098.38,99031.59,M8138332494,0.0,0.0,0,0.0,0
373,CASH_OUT,1171.33,C2953462417,1141.8,0.0,C3791027186,4663.26,4663.26,1,0.056666666666666664,0
439,TRANSFER,2414.0,C2537965898,3244.97,830.97,C2720484983,241.2,241.2,1,0.09666666666666666,0
334,TRANSFER,42712.84,C3946766309,58918.55,16205.71,C4914929023,32570.11,75282.95,0,0.0,0
69,TRANSFER,4317.61,C3744446292,3785.07,0.0,M7366396017,0.0,0.0,1,0.82,1
259,PAYMENT,1.37,C2111272861,125498.48,125497.11,M3508990774,0.0,0.0,0,0.0,0
518,CASH_OUT,4244.17,C8826851692,4114.57,0.0,M6866146362,0.0,0.0,1,0.24666666666666667,0
172,TRANSFER,411.0,C3841827734,527.5,116.5,C9255898264,100.39,100.39,1,0.043333333333333335,0
352,PAYMENT,3218.94,C2327372855,5778.94,2560.0,M4952177946,0.0,0.0,0,0.0,0
243,TRANSFER,53058.65,C4264134512,46849.27,0.0,C8117478955,119.81,119.81,1,0.2966666666666667,0
44,PAYMENT,1.0,C1417436465,0.0,0.0,M8858274691,0.0,0.0,0,0.0,0
323,CASH_IN,100378.66,C2343100352,2326.05,102704.71,C3465740756,28.08,28.08,0,0.0,0
203,TRANSFER,1195.67,C6562144159,1113.74,0.0,C2014766981,84.28,84.28,1,0.21666666666666667,0
99,DEBIT,1.0,C3434757387,0.0,0.0,M1099218439,0.0,0.0,0,0.02666666666666667,0
326,TRANSFER,1132.9,C3420671425,5365.43,4232.53,C8926438617,108.28,1241.18,0,0.0,0
501,TRANSFER,32.72,C4735334423,69.69,36.97,C6732648420,0.0,32.72,0,0.17,0
446,TRANSFER,263.74,C9248046539,761.2,497.46,C8137764127,84.66,348.4,0,0.04,0
609,CASH_OUT,30112.42,C8636525027,32305.67,2193.25,M9020002737,0.0,0.0,1,0.013333333333333334,0
404,PAYMENT,1.0,C5283911723,0.0,0.0,M8903212516,0.0,0.0,0,0.0,0
109,PAYMENT,1.0,C6562144159,0.0,0.0,M3072183247,0.0,0.0,0,0.0033333333333333335,0
286,CASH_OUT,303.12,C7896596272,414.64,111.52,M1783432867,0.0,0.0,1,0.01,0
692,CASH_OUT,2062.48,C2137651678,1998.3,0.0,M6498703287,0.0,0.0,1,0.16666666666666666,0
161,PAYMENT,7908.16,C2416760621,69216.41,61308.25,M2555936898,0.0,0.0,0,0.0,0
217,PAYMENT,393.77,C3479708607,1448.33,1054.56,M2555936898,0.0,0.0,0,0.0,0
174,CASH_OUT,7.6,C9592390865,8.49,0.89,C6341783555,10091.17,10091.17,0,0.0,0
186,CASH_IN,67862.8,C7246858055,3.33,67866.13,C4577406847,37.69,37.69,0,0.0,0
368,CASH_OUT,17.15,C7088949191,74.86,57.71,C7579604766,293.12,293.12,0,0.006666666666666667,0
73,TRANSFER,248.47,C7098134112,224.67,0.0,M7340036327,0.0,0.0,1,0.24,0
263,TRANSFER,14.57,C3739951076,18.91,4.34,C1207916194,332.83,347.4,0,0.006666666666666667,0
421,PAYMENT,536.62,C4422700486,8808.7,8272.08,M1711271599,0.0,0.0,0,0.0,0
676,PAYMENT,4304.79,C1805492785,29249.97,24945.18,M4689605624,0.0,0.0,0,0.0,0
617,PAYMENT,97.47,C2950049698,142.16,44.69,M3476758136,0.0,0.0,0,0.0,0
661,CASH_OUT,89.36,C7380780055,74.62,0.0,C8275679594,99031.59,99031.59,1,0.01,0
671,PAYMENT,3031.86,C9259157845,4291.36,1259.5,M3595066420,0.0,0.0,0,0.0,0
451,PAYMENT,388.88,C6562457052,1563.74,1174.86,M8443061472,0.0,0.0,0,0.0,0
28,CASH_IN,5919.05,C7103588071,0.0,5919.05,C1471997674,60.36,60.36,0,0.0,0
644,PAYMENT,178.95,C3815287619,193.27,14.32,M1676220116,0.0,0.0,0,0.0,0
610,CASH_IN,14522.57,C8418332121,23.0,14545.57,C3365835550,530.73,530.73,0,0.0,0
84,TRANSFER,58.87,C8547068234,67.35,8.48,C6447717367,804.44,804.44,1,0.016666666666666666,0
612,TRANSFER,878.35,C7488943393,789.8,0.0,M1857561275,0.0,0.0,1,0.41,0
146,CASH_OUT,2887.53,C6720572969,2687.12,0.0,M6200141898,0.0,0.0,1,0.06333333333333334,0
242,DEBIT,38.73,C9863781331,96.52,57.79,M7351460539,0.0,0.0,0,0.02,0
611,TRANSFER,3005.46,C4143852021,3137.16,131.7,C4586784711,19961.63,22967.09,1,0.006666666666666667,0
194,PAYMENT,4.19,C7620473079,6.11,1.92,M1999913493,0.0,0.0,0,0.0,0
172,CASH_OUT,4089.37,C7935554354,3992.17,0.0,C9945002229,0.0,0.0,1,0.05,0
63,CASH_OUT,714.69,C4631048029,626.23,0.0,M8874242713,0.0,0.0,1,0.08666666666666667,0
48,CASH_OUT,1.0,C6714723660,0.0,0.0,C5269728610,1693.44,1693.44,0,0.0,0
352,TRANSFER,44215.85,C3420721027,173337.88,129122.03,C5704029171,0.0,44215.85,0,0.0,0
682,TRANSFER,1.06,C6892752604,314984.5,314983.44,C8556573246,82388.67,82389.73,0,0.0,0
128,TRANSFER,220.93,C1547374338,217.31,0.0,C9370133032,221101.07,221322.0,1,0.0,0
622,CASH_IN,131586.16,C5748253283,28.29,131614.45,C5035765954,33801.89,33801.89,0,0.0,0
390,TRANSFER,261.45,C8419590655,255.61,0.0,M2555936898,0.0,0.0,1,0.23,0
534,TRANSFER,1289.4,C2452066459,4920.53,3631.13,C2183906581,1809.7,3099.1,0,0.02,0
414,PAYMENT,91.5,C1041531046,203.56,112.06,M8389750357,0.0,0.0,0,0.0,0
131,DEBIT,1.0,C1569113257,0.0,0.0,M4122901114,0.0,0.0,0,0.023333333333333334,0
248,TRANSFER,2995.55,C1977515194,4034.16,1038.61,C3045102506,0.0,2995.55,1,0.0,0
563,CASH_OUT,1.47,C4600630513,2.87,1.4,C7227593033,53598.89,53598.89,0,0.02,0
720,CASH_OUT,4665.25,C5693307665,4738.35,73.1,M7717262223,0.0,0.0,1,0.09,0
199,CASH_OUT,3919.59,C7467073633,4624.14,704.55,M7514017540,0.0,0.0,1,0.0,0
619,TRANSFER,53323.93,C5033992825,65586.28,12262.35,C7896596272,111.52,53435.45,0,0.0,0
23,CASH_OUT,372.4,C8137764127,348.4,0.0,C9196564761,28565.33,28565.33,1,0.006666666666666667,0
178,PAYMENT,1785.25,C2780016559,64230.15,62444.9,M4158643786,0.0,0.0,0,0.0,0
556,CASH_OUT,11183.82,C5510938155,10102.55,0.0,C9981364488,33.38,33.38,1,0.17333333333333334,0
215,TRANSFER,1.0,C4242550727,0.0,0.0,C5586143660,537.77,538.77,0,0.013333333333333334,0
291,PAYMENT,202.29,C6619138852,597.32,395.03,M6130446648,0.0,0.0,0,0.0,0
438,PAYMENT,1.16,C2047905204,1.55,0.39,M1122712790,0.0,0.0,0,0.0,0
38,TRANSFER,4405.85,C5144289583,4790.1,384.25,C3780475472,317.64,317.64,1,0.016666666666666666,0
610,TRANSFER,5172.77,C5510938155,4739.59,0.0,M8458323087,0.0,0.0,1,0.9633333333333334,1
336,TRANSFER,2099.58,C9953716239,2066.81,0.0,C3470617247,0.0,0.0,1,0.5933333333333334,1
588,TRANSFER,32707.6,C6334440295,42051.62,9344.02,C5071218314,0.0,0.0,1,0.2966666666666667,0
332,DEBIT,1.0,C3878719791,0.34,0.0,M5990749811,0.0,0.0,0,0.04,0
364,PAYMENT,4345.66,C3313993297,11032.73,6687.07,M1099218439,0.0,0.0,0,0.0,0
491,TRANSFER,179.23,C9661615016,619.55,440.32,C3849232839,34.88,214.11,0,0.056666666666666664,0
371,PAYMENT,2558.48,C4095476665,2731.49,173.01,M1240140248,0.0,0.0,0,0.0,0
640,PAYMENT,1.0,C3412365931,0.0,0.0,M5270048042,0.0,0.0,0,0.0,0
29,PAYMENT,1.0,C7462972995,0.0,0.0,M7537130187,0.0,0.0,0,0.0,0
3,CASH_OUT,51.9,C3772636814,65.51,13.61,C6244338653,55.15,55.15,0,0.016666666666666666,0
81,TRANSFER,22353.03,C5220094152,31089.94,8736.91,C4635552887,2751.45,2751.45,1,0.0033333333333333335,0
636,CASH_OUT,253.76,C4928783441,231.44,0.0,C4965395580,41372.29,41372.29,1,0.03,0
537,PAYMENT,1176.44,C6242173772,23346.66,22170.22,M3846182436,0.0,0.0,0,0.0,0
657,PAYMENT,780.54,C9995834531,47362.02,46581.48,M9933702652,0.0,0.0,0,0.0,0
341,PAYMENT,9468.51,C5625411308,11325.65,1857.14,M9977193987,0.0,0.0,0,0.0,0
3,PAYMENT,42.82,C6218484323,93.06,50.24,M6282009986,0.0,0.0,0,0.0,0
251,CASH_OUT,3825.59,C2646331504,4991.88,1166.29,C3776011793,22.86,22.86,1,0.0033333333333333335,0
85,PAYMENT,215.2,C9618334441,309.66,94.46,M7664045502,0.0,0.0,0,0.0,0
465,TRANSFER,103355.11,C6756332150,106263.19,2908.08,M3605446007,0.0,0.0,1,0.32666666666666666,0
332,CASH_OUT,5077.56,C4172006012,4621.49,0.0,C4282810353,330.74,330.74,1,0.10333333333333333,0
10,PAYMENT,1817.07,C4807122420,2242.99,425.92,M6041646576,0.0,0.0,0,0.0,0
209,TRANSFER,106336.5,C4627032705,142476.06,36139.56,C9786748825,5823.03,5823.03,1,0.02,0
131,TRANSFER,1654.99,C9305502799,2349.66,694.67,M7270955446,0.0,0.0,1,0.15,0
653,CASH_OUT,114497.55,C9033653743,112248.06,0.0,M1096405016,0.0,0.0,1,0.14333333333333334,0
353,PAYMENT,680.81,C3923823693,934.13,253.32,M3960136787,0.0,0.0,0,0.0,0
698,PAYMENT,66.36,C5536224717,86.94,20.58,M9620935604,0.0,0.0,0,0.0,0
249,DEBIT,77.31,C3369305560,85.68,8.37,M7514017540,0.0,0.0,0,0.023333333333333334,0
34,TRANSFER,6940.03,C2331039957,5981.6,0.0,C3965676060,96.86,96.86,1,0.2966666666666667,0
619,PAYMENT,36.19,C9462806178,120.01,83.82,M3580582653,0.0,0.0,0,0.0,0
337,TRANSFER,18.71,C1855256552,47.24,28.53,C4231729466,1.0,19.71,0,0.14666666666666667,0
29,CASH_OUT,4298.26,C4203205881,4560.37,262.11,C2869999754,41144.7,41144.7,1,0.0,0
334,PAYMENT,1617.5,C8999963054,28746.66,27129.16,M1096405016,0.0,0.0,0,0.0,0
166,TRANSFER,1.0,C5376302686,0.0,0.0,C8184602688,3460.25,3461.25,0,0.0,0
494,PAYMENT,306.63,C1600406558,794.78,488.15,M7960713821,0.0,0.0,0,0.0,0
99,TRANSFER,4625.96,C5659161352,4620.91,0.0,C2178158203,0.0,0.0,1,0.81,1
220,TRANSFER,7340.05,C9691572571,12053.01,4712.96,C9432088993,0.0,7340.05,0,0.0,0
443,TRANSFER,28130.56,C1106456634,36603.81,8473.25,C7608141858,0.0,28130.56,0,0.0033333333333333335,0
6,TRANSFER,1.0,C6674372082,0.0,0.0,C3334938378,0.0,1.0,0,0.22666666666666666,0
421,CASH_OUT,5890.51,C4207337120,16597.01,10706.5,C7803990970,2313.59,2313.59,0,0.0033333333333333335,0
243,PAYMENT,1.0,C5724657556,0.0,0.0,M4390543744,0.0,0.0,0,0.0,0
14,PAYMENT,10497.39,C6673381261,16406.5,5909.11,M1732578761,0.0,0.0,0,0.0,0
676,TRANSFER,1.0,C3058982440,0.67,0.0,C2041349374,25.0,26.0,0,0.18333333333333332,0
716,PAYMENT,1.0,C2424706705,0.0,0.0,M9021793855,0.0,0.0,0,0.0,0
348,PAYMENT,182.23,C5035765954,33801.89,33619.66,M3960136787,0.0,0.0,0,0.0,0
371,PAYMENT,2773.22,C5704029171,44215.85,41442.63,M2136107759,0.0,0.0,0,0.0,0
214,TRANSFER,1.0,C5724657556,0.0,0.0,C1939777262,702.59,703.59,0,0.013333333333333334,0
357,TRANSFER,1897.39,C4104309491,2494.87,597.48,C7808938880,0.0,0.0,1,0.18333333333333332,0
221,TRANSFER,40685.46,C5704029171,41442.63,757.17,M2155671697,0.0,0.0,1,0.26,0
661,CASH_OUT,2060.54,C3744446292,2287.14,226.6,C4492602049,0.09,0.09,1,0.02666666666666667,0
580,CASH_OUT,1.0,C4264134512,0.0,0.0,C3207160929,98.19,98.19,0,0.05333333333333334,0
423,TRANSFER,221.03,C6882074066,213.41,0.0,C3774110439,37109.68,37330.71,1,0.0,0
90,CASH_OUT,1225.71,C9166381136,1065.55,0.0,C9935429720,0.0,0.0,1,0.05,0
68,CASH_OUT,14.39,C8287542751,25.88,11.49,C7389111087,0.0,0.0,0,0.0,0
613,PAYMENT,212.74,C9711080868,307.76,95.02,M5585110649,0.0,0.0,0,0.0,0
651,CASH_OUT,4468.29,C3376077463,4066.51,0.0,C1754368373,1192.19,1192.19,1,0.22333333333333333,0
20,PAYMENT,362.47,C9305502799,694.67,332.2,M9576264323,0.0,0.0,0,0.0,0
2,TRANSFER,829.98,C7190276026,2036.93,1206.95,C5607762160,21.12,851.1,0,0.01,0
717,PAYMENT,1.0,C6169243284,0.0,0.0,M3313346852,0.0,0.0,0,0.0,0
327,DEBIT,1.0,C5870891270,1.0,0.0,M7351460539,0.0,0.0,0,0.04,0
690,TRANSFER,47405.48,C3836517266,51902.19,4496.71,M7861571879,0.0,0.0,1,0.32,0
101,CASH_OUT,132209.31,C5067116918,156684.04,24474.73,M6845287382,0.0,0.0,1,0.0,0
321,PAYMENT,90.56,C4736031885,155.2,64.64,M7960713821,0.0,0.0,0,0.0,0
232,TRANSFER,2695.09,C6837975356,2888.36,193.27,C5428082088,19.63,19.63,1,0.13,0
236,TRANSFER,1715.91,C5036200310,2006.99,291.08,M4211837506,0.0,0.0,1,0.17666666666666667,0
285,PAYMENT,166.07,C5418232833,356.69,190.62,M4242579642,0.0,0.0,0,0.0,0
364,TRANSFER,1.0,C8055556030,0.0,0.0,C4853479481,13672.55,13673.55,0,0.0,0
533,PAYMENT,1.0,C8382963909,0.0,0.0,M2187592160,0.0,0.0,0,0.0,0
675,DEBIT,1.0,C9953941533,0.0,0.0,M1185303518,0.0,0.0,0,0.05,0
237,PAYMENT,312.99,C2761091683,28274.73,27961.74,M7351460539,0.0,0.0,0,0.0,0
360,PAYMENT,2.01,C2439622619,633.1,631.09,M3605446007,0.0,0.0,0,0.0,0
193,CASH_OUT,52265.93,C7333316743,48384.39,0.0,M7651029165,0.0,0.0,1,0.01,0
405,CASH_OUT,4616.74,C2419931729,4796.94,180.2,M3508990774,0.0,0.0,1,0.013333333333333334,0
698,PAYMENT,1.0,C6169243284,0.0,0.0,M3094407076,0.0,0.0,0,0.0,0
383,PAYMENT,31.47,C2423995953,59.13,27.66,M6786043791,0.0,0.0,0,0.0,0
312,PAYMENT,3038.07,C8663837890,4014.91,976.84,M3457877922,0.0,0.0,0,0.0,0
44,PAYMENT,404.39,C5802739154,867.75,463.36,M6932365592,0.0,0.0,0,0.0,0
419,CASH_OUT,414.41,C7845366946,470.69,56.28,M8138332494,0.0,0.0,1,0.05,0
205,CASH_OUT,2979.11,C3003484425,4035.03,1055.92,M5794335854,0.0,0.0,1,0.0,0
1,TRANSFER,497.1,C1940684569,451.01,0.0,M9581187661,0.0,0.0,1,0.24,0
105,CASH_OUT,411.05,C1600337712,370.92,0.0,M5270048042,0.0,0.0,1,0.02666666666666667,0
421,PAYMENT,120.41,C9909257076,131.99,11.58,M1096405016,0.0,0.0,0,0.0,0
58,PAYMENT,1.0,C9958044697,0.0,0.0,M6282009986,0.0,0.0,0,0.0,0
552,CASH_OUT,172.88,C6922713963,146.97,0.0,M8727805468,0.0,0.0,1,0.07333333333333333,0
716,PAYMENT,275.61,C9660523876,10285.53,10009.92,M3438830691,0.0,0.0,0,0.0,0
649,CASH_OUT,393.43,C5431267548,453.79,60.36,M8626371177,0.0,0.0,1,0.03333333333333333,0
70,TRANSFER,2791.15,C8351491401,8903.13,6111.98,C9504724761,178.98,2970.13,0,0.0033333333333333335,0
363,CASH_OUT,4614.48,C8282534126,4901.28,286.8,M4211837506,0.0,0.0,1,0.01,0
156,CASH_OUT,619.02,C3931997465,693.52,74.5,M7341757401,0.0,0.0,1,0.0033333333333333335,0
122,CASH_OUT,4182.77,C4600630513,4663.1,480.33,M2391874847,0.0,0.0,1,0.0,0
104,DEBIT,42.59,C5569295400,143.23,100.64,M6846530109,0.0,0.0,0,0.016666666666666666,0
512,PAYMENT,341.98,C9248046539,497.46,155.48,M6041646576,0.0,0.0,0,0.0,0
478,CASH_OUT,130.43,C9798613995,468.78,338.35,C5539308214,134.82,134.82,0,0.03333333333333333,0
416,TRANSFER,2388.13,C9470922075,3245.81,857.68,C7660813178,14186.68,14186.68,1,0.0033333333333333335,0
313,PAYMENT,187.36,C1526723719,222.18,34.82,M3595066420,0.0,0.0,0,0.0,0
590,TRANSFER,849.44,C3438771483,1548.57,699.13,C5952163720,389.8,1239.24,0,0.03333333333333333,0
302,CASH_IN,15570.74,C1271730355,13457.91,29028.65,C5586143660,538.77,538.77,0,0.0033333333333333335,0
614,PAYMENT,28.99,C3605585995,40.38,11.39,M5869990861,0.0,0.0,0,0.0,0
124,PAYMENT,686.54,C2965164102,98541.44,97854.9,M2635881694,0.0,0.0,0,0.0,0
85,TRANSFER,174446.0,C5269015757,179764.81,5318.81,C1551395583,8239.73,8239.73,1,0.02666666666666667,0
281,TRANSFER,78.66,C1506211965,100.6,21.94,M7651029165,0.0,0.0,1,0.16333333333333333,0
30,PAYMENT,1.0,C6065662867,2.9,1.9,M8138332494,0.0,0.0,0,0.0,0
15,TRANSFER,306.85,C6313758032,724.47,417.62,C3774110439,37330.71,37637.56,0,0.0,0
658,CASH_OUT,95137.96,C2020395327,104204.08,9066.12,C2458198451,91738.44,91738.44,1,0.0,0
3,TRANSFER,2334.38,C7249213370,5853.56,3519.18,C6868336102,27.09,2361.47,0,0.013333333333333334,0
589,CASH_OUT,1013.31,C4455798713,885.7,0.0,C3975704877,0.0,0.0,1,0.22666666666666666,0
563,CASH_OUT,1.0,C8880079328,0.0,0.0,C1288335378,51.54,51.54,0,0.05,0
292,PAYMENT,4420.58,C6242173772,22170.22,17749.64,M4665677395,0.0,0.0,0,0.0,0
169,CASH_OUT,65.51,C1862812038,58.2,0.0,M6384311581,0.0,0.0,1,0.013333333333333334,0
2,CASH_OUT,1386.54,C9309500117,1437.84,51.3,M8740820392,0.0,0.0,1,0.016666666666666666,0
194,PAYMENT,331.92,C5400463094,483.37,151.45,M7270955446,0.0,0.0,0,0.0,0
51,TRANSFER,2279.13,C8575707116,3242.05,962.92,M4892544235,0.0,0.0,1,0.17,0
646,CASH_IN,17960.28,C9986353481,0.48,17960.76,C9250327663,134641.26,134641.26,0,0.0,0
144,TRANSFER,4080.39,C9165632300,10045.11,5964.72,C1139082827,16815.26,20895.65,0,0.0,0
709,TRANSFER,2497.81,C9081544414,2491.23,0.0,C1245522987,266.73,266.73,1,0.43666666666666665,0
91,CASH_OUT,77.46,C2479679716,81.15,3.69,C6242173772,17749.64,17749.64,1,0.006666666666666667,0
95,TRANSFER,152.78,C2965254350,129.35,0.0,M9918338001,0.0,0.0,1,0.24,0
101,DEBIT,1.31,C8033062794,3.11,1.8,M7366396017,0.0,0.0,0,0.023333333333333334,0
53,PAYMENT,1.0,C9333798503,1.0,0.0,M6786043791,0.0,0.0,0,0.0,0
120,TRANSFER,1.0,C7666129822,0.0,0.0,C4322510552,3279.93,3280.93,0,0.0033333333333333335,0
145,TRANSFER,27131.93,C1741134891,24088.48,0.0,M3636366799,0.0,0.0,1,0.8166666666666667,1
519,CASH_OUT,364.41,C7305101214,357.83,0.0,C7757700186,334.79,334.79,1,0.06333333333333334,0
204,CASH_OUT,159.11,C6588316233,187.36,28.25,M7764117705,0.0,0.0,1,0.0033333333333333335,0
54,PAYMENT,224.49,C1131671246,22304.17,22079.68,M5585110649,0.0,0.0,0,0.0,0
387,CASH_OUT,2761.38,C2486744752,3582.05,820.67,M2518433834,0.0,0.0,1,0.01,0
243,PAYMENT,41.74,C6620138568,69.45,27.71,M1099218439,0.0,0.0,0,0.0,0
310,CASH_OUT,113302.06,C2493660313,104759.86,0.0,C2409274786,34078.11,34078.11,1,0.0033333333333333335,0
249,DEBIT,1.0,C5078551333,0.0,0.0,M6361225622,0.0,0.0,0,0.03666666666666667,0
100,PAYMENT,2026.7,C1083651970,2611.12,584.42,M1257854279,0.0,0.0,0,0.0,0
241,TRANSFER,238.66,C4820055862,267.27,28.61,M3811254192,0.0,0.0,1,0.16,0
223,TRANSFER,7053.92,C7471636437,8880.82,1826.9,M9822499208,0.0,0.0,1,0.21666666666666667,0
271,CASH_OUT,1171.7,C8015124886,1442.74,271.04,M8063693463,0.0,0.0,1,0.0033333333333333335,0
160,CASH_IN,80367.0,C1399546384,597.38,80964.38,C9738752801,896.25,896.25,0,0.0,0
506,TRANSFER,441.58,C1230249217,540.47,98.89,M6771941776,0.0,0.0,1,0.17666666666666667,0
365,PAYMENT,197.73,C9725528903,280.77,83.04,M6041646576,0.0,0.0,0,0.0,0
566,TRANSFER,683.52,C6110943464,1048.36,364.84,C9935429720,0.0,683.52,0,0.03333333333333333,0
168,CASH_OUT,1.0,C3597724331,0.0,0.0,C6942989052,0.0,0.0,0,0.013333333333333334,0
404,TRANSFER,29373.45,C1805492785,24945.18,0.0,M9921025990,0.0,0.0,1,0.7466666666666667,1
541,CASH_OUT,48093.95,C6418365941,52683.35,4589.4,C6882074066,0.0,0.0,0,0.013333333333333334,0
288,TRANSFER,2105.29,C4046558332,5867.34,3762.05,C6043349038,314.55,2419.84,0,0.0,0
467,CASH_OUT,201005.94,C1459442845,183109.26,0.0,M1666898313,0.0,0.0,1,0.37333333333333335,0
195,CASH_OUT,25142.44,C5972484792,26393.9,1251.46,C6928691380,114.09,114.09,1,0.0,0
372,PAYMENT,1.0,C7872873371,0.0,0.0,M4306983924,0.0,0.0,0,0.0,0
706,TRANSFER,1903.22,C3108307952,2608.62,705.4,C7103588071,5919.05,5919.05,1,0.023333333333333334,0
659,TRANSFER,187.21,C2377246195,202.62,15.41,C2850820685,147.48,147.48,1,0.08,0
669,PAYMENT,1355.42,C4635552887,2751.45,1396.03,M3322580659,0.0,0.0,0,0.0,0
139,CASH_OUT,621.41,C7536876169,586.7,0.0,C6725038117,84649.67,84649.67,1,0.02666666666666667,0
490,CASH_OUT,3096.7,C1736086849,2771.54,0.0,M6999146585,0.0,0.0,1,0.2733333333333333,0
361,PAYMENT,560.22,C5868640848,5353.73,4793.51,M1694904767,0.0,0.0,0,0.0,0
199,TRANSFER,519.05,C6805759868,436.46,0.0,M8325043570,0.0,0.0,1,0.24,0
327,PAYMENT,46.19,C9309500117,51.3,5.11,M6011842297,0.0,0.0,0,0.0,0
639,DEBIT,1.0,C3109688769,0.0,0.0,M1504729135,0.0,0.0,0,0.05333333333333334,0
647,CASH_OUT,1.0,C9717175839,0.0,0.0,C5856127658,120.08,120.08,0,0.04666666666666667,0
226,CASH_OUT,2259.8,C6065662867,2715.95,456.15,C9573276057,80.89,80.89,1,0.0,0
655,TRANSFER,1.0,C3389594115,0.0,0.0,C3958590550,0.0,1.0,0,0.23,0
133,CASH_OUT,59.52,C7083067988,73.89,14.37,M2156184315,0.0,0.0,1,0.0033333333333333335,0
704,TRANSFER,24.19,C2431779064,108565.9,108541.71,C8390631634,45.87,70.06,0,0.12333333333333334,0
656,PAYMENT,58.19,C5539308214,134.82,76.63,M8218146534,0.0,0.0,0,0.0,0
258,TRANSFER,1.0,C8832617672,0.0,0.0,C4015479599,530.53,531.53,0,0.016666666666666666,0
609,PAYMENT,86.81,C5433722159,112.73,25.92,M8874242713,0.0,0.0,0,0.0,0
8,CASH_OUT,485.67,C7660157097,619.94,134.27,M5714658227,0.0,0.0,1,0.01,0
282,PAYMENT,30.61,C7596745715,118.4,87.79,M3317856944,0.0,0.0,0,0.0,0
403,CASH_IN,6683.55,C8275679594,99031.59,105715.14,C1958682846,280.39,280.39,0,0.0,0
79,PAYMENT,356.05,C8833889083,497.48,141.43,M8058679999,0.0,0.0,0,0.0,0
286,TRANSFER,60.81,C7904559790,58.55,0.0,M4399143287,0.0,0.0,1,0.23,0
42,TRANSFER,3029.0,C5294535887,2760.64,0.0,M6361225622,0.0,0.0,1,0.78,1
582,TRANSFER,3330.93,C9306142066,3080.03,0.0,C8689593739,1005.69,1005.69,1,0.38333333333333336,0
33,TRANSFER,11412.46,C6797436140,12518.06,1105.6,C5998623100,8312.85,19725.31,0,0.0,0
720,CASH_OUT,1211.95,C7645527239,1194.68,0.0,C6461974809,0.0,0.0,1,0.23,0
367,TRANSFER,1011.88,C5294535887,1332.58,320.7,M8728631945,0.0,0.0,1,0.11333333333333333,0
259,DEBIT,4240.67,C5367513465,13919.47,9678.8,M3580582653,0.0,0.0,0,0.02,0
124,CASH_OUT,2619.48,C3293560436,2767.8,148.32,C2869999754,41144.7,41144.7,1,0.0,0
260,TRANSFER,25802.92,C5067116918,24474.73,0.0,C7061419749,0.0,0.0,1,0.85,1
431,CASH_OUT,32.62,C7150970643,51.39,18.77,C3555656321,0.0,0.0,0,0.043333333333333335,0
514,CASH_IN,12712.28,C6797174636,886.06,13598.34,C4277581356,15591.25,15591.25,0,0.0,0
491,PAYMENT,376.73,C6837342064,427.9,51.17,M9404002665,0.0,0.0,0,0.0,0
601,PAYMENT,1.0,C9544423456,0.0,0.0,M8144889126,0.0,0.0,0,0.0,0
336,PAYMENT,8051.26,C8734449371,9842.28,1791.02,M8646369354,0.0,0.0,0,0.0,0
566,PAYMENT,600.15,C8293453178,640.15,40.0,M3508990774,0.0,0.0,0,0.0,0
190,PAYMENT,78.65,C8624454880,114.3,35.65,M9444143872,0.0,0.0,0,0.0,0
165,TRANSFER,834.41,C9842186844,994.08,159.67,C5151887478,0.0,0.0,1,0.08666666666666667,0
322,CASH_OUT,2629.21,C8300300577,3749.2,1119.99,M6865994703,0.0,0.0,1,0.006666666666666667,0
311,TRANSFER,1998.55,C7242730249,2853.34,854.79,C1590985753,1672.55,1672.55,1,0.0033333333333333335,0
492,PAYMENT,61.82,C3358880404,124.4,62.58,M2885370603,0.0,0.0,0,0.0,0
324,PAYMENT,933.15,C3971203213,1502.56,569.41,M6932365592,0.0,0.0,0,0.0,0
21,PAYMENT,59.08,C2349641712,510.88,451.8,M2155671697,0.0,0.0,0,0.0,0
564,CASH_OUT,12416.58,C3783290795,17017.57,4600.99,M1306420495,0.0,0.0,1,0.016666666666666666,0
162,TRANSFER,70.21,C8316205130,66.62,0.0,C7085004726,0.0,70.21,1,0.22666666666666666,0
404,TRANSFER,24459.85,C3693985578,20780.48,0.0,C8168394616,1132.93,25592.78,1,0.0,0
527,TRANSFER,1352.36,C9776185998,1202.81,0.0,C3206955437,14.1,14.1,1,0.42,0
317,DEBIT,188.4,C7540301973,402.09,213.69,M5194066484,0.0,0.0,0,0.013333333333333334,0
562,CASH_OUT,89229.26,C1399546384,80964.38,0.0,C2546720356,1.75,1.75,1,0.21,0
133,CASH_OUT,38251.22,C4574027737,152167.28,113916.06,C9255898264,100.39,100.39,0,0.0,0
57,TRANSFER,886.91,C1400330495,916.08,29.17,M4093474499,0.0,0.0,1,0.19,0
83,TRANSFER,1.0,C7608153267,0.0,0.0,C8691288568,0.0,1.0,0,0.23333333333333334,0
458,TRANSFER,1.0,C6554972315,0.0,0.0,C2073755632,17692.04,17693.04,0,0.006666666666666667,0
667,PAYMENT,53.46,C6102144947,70.75,17.29,M8869140487,0.0,0.0,0,0.0,0
274,PAYMENT,1.6,C6469318275,31447.15,31445.55,M2885370603,0.0,0.0,0,0.0,0
92,PAYMENT,41.23,C5284391408,100.79,59.56,M1857561275,0.0,0.0,0,0.0,0
688,TRANSFER,62.8,C3612617557,109.98,47.18,C8868054898,295.93,358.73,0,0.06666666666666667,0
576,PAYMENT,208.19,C2227193073,575.31,367.12,M1368287033,0.0,0.0,0,0.0,0
492,PAYMENT,1.0,C4673457063,0.0,0.0,M1692044390,0.0,0.0,0,0.0,0
534,PAYMENT,6017.64,C1160913827,8924.95,2907.31,M1096405016,0.0,0.0,0,0.0,0
629,PAYMENT,8.2,C4735334423,36.97,28.77,M6041646576,0.0,0.0,0,0.0,0
555,CASH_OUT,1.0,C6714723660,0.0,0.0,C1674755608,1546.07,1546.07,0,0.04,0
461,TRANSFER,14552.73,C1225953184,13413.53,0.0,C5871743247,3909.71,3909.71,1,0.22,0
191,TRANSFER,2535.32,C3952295757,3532.77,997.45,M4522855590,0.0,0.0,1,0.15,0
472,PAYMENT,3082.52,C9691572571,4712.96,1630.44,M6651754819,0.0,0.0,0,0.0,0
138,PAYMENT,2742.0,C4735313433,5086.67,2344.67,M1368287033,0.0,0.0,0,0.0,0
230,PAYMENT,551.56,C7471636437,1826.9,1275.34,M1466305100,0.0,0.0,0,0.0,0
601,PAYMENT,3077.02,C9526836552,4893.72,1816.7,M8443061472,0.0,0.0,0,0.0,0
147,PAYMENT,1.0,C9337145038,0.0,0.0,M1122712790,0.0,0.0,0,0.0,0
140,CASH_OUT,93.29,C8117478955,119.81,26.52,C6069848439,12570.01,12570.01,1,0.013333333333333334,0
487,DEBIT,1.0,C4748302739,0.0,0.0,M1306420495,0.0,0.0,0,0.04666666666666667,0
521,PAYMENT,161.18,C5703357871,355.97,194.79,M2885370603,0.0,0.0,0,0.0,0
691,PAYMENT,40.66,C1364994639,114513.79,114473.13,M1666898313,0.0,0.0,0,0.0,0
129,PAYMENT,1.0,C1422701550,0.0,0.0,M5067400473,0.0,0.0,0,0.0,0
369,TRANSFER,42.7,C8997701619,46.32,3.62,C7088451458,205.27,247.97,0,0.01,0
400,PAYMENT,3549.31,C6923301988,4782.8,1233.49,M2541015125,0.0,0.0,0,0.0,0
368,TRANSFER,3604.32,C9392707144,6484.41,2880.09,C4034047118,0.0,3604.32,0,0.0,0
343,TRANSFER,30.11,C1586412136,58.12,28.01,C8796286443,0.0,30.11,0,0.14666666666666667,0
698,CASH_OUT,7859.37,C7603978731,9615.82,1756.45,M9523139706,0.0,0.0,1,0.02,0
31,TRANSFER,31745.39,C8015775567,40784.61,9039.22,M4820942294,0.0,0.0,1,0.19333333333333333,0
622,PAYMENT,1.0,C2970753705,0.0,0.0,M1442421654,0.0,0.0,0,0.0,0
686,TRANSFER,9182.33,C7499349987,11427.48,2245.15,C6464693977,2176.27,11358.6,0,0.0,0
390,PAYMENT,1.0,C1625217504,0.0,0.0,M4522855590,0.0,0.0,0,0.0,0
391,CASH_OUT,1153.85,C2183906581,3099.1,1945.25,C8239941612,0.0,0.0,0,0.01,0
125,CASH_OUT,87.09,C5856127658,120.08,32.99,M1122712790,0.0,0.0,1,0.01,0
507,TRANSFER,6394.19,C1158998032,50914.07,44519.88,C8115628227,13.0,6407.19,0,0.0033333333333333335,0
485,CASH_OUT,749.7,C5613655595,893.14,143.44,M5535650160,0.0,0.0,1,0.04666666666666667,0
327,PAYMENT,15.38,C5891280823,27.65,12.27,M2115406331,0.0,0.0,0,0.0,0
105,TRANSFER,1.0,C8831899893,0.0,0.0,C1798112150,0.0,1.0,0,0.22666666666666666,0
265,CASH_IN,6341.35,C7872873371,0.0,6341.35,C8761469117,0.42,0.42,0,0.0,0
158,TRANSFER,1219.71,C6509985983,2018.74,799.03,C2877279755,3144.33,4364.04,0,0.0,0
312,PAYMENT,330.61,C4131575764,369.87,39.26,M7341757401,0.0,0.0,0,0.0,0
323,PAYMENT,14617.29,C8265834251,21868.13,7250.84,M3605446007,0.0,0.0,0,0.0,0
518,DEBIT,159.34,C1965067727,230.09,70.75,M8389750357,0.0,0.0,0,0.02666666666666667,0
610,PAYMENT,1.0,C7573691558,0.0,0.0,M3469205576,0.0,0.0,0,0.0,0
625,TRANSFER,136.53,C3792347639,121.15,0.0,M7230477043,0.0,0.0,1,0.24,0
408,CASH_OUT,3967.5,C1131267917,6845.74,2878.24,C6317189421,0.0,0.0,0,0.02,0
708,PAYMENT,27.9,C4163119785,80.16,52.26,M9288057824,0.0,0.0,0,0.0033333333333333335,0
272,PAYMENT,8816.43,C9645619869,26365.8,17549.37,M7861571879,0.0,0.0,0,0.0,0
497,TRANSFER,1.0,C3796581976,0.0,0.0,C3271361431,0.0,1.0,0,0.22333333333333333,0
332,TRANSFER,150.2,C9623534576,237.21,87.01,C7470843264,41.45,191.65,0,0.03333333333333333,0
703,PAYMENT,1.0,C4252504650,0.0,0.0,M1811839103,0.0,0.0,0,0.0,0
636,CASH_OUT,4853.61,C6673381261,5909.11,1055.5,M2156184315,0.0,0.0,1,0.02666666666666667,0
419,TRANSFER,74828.36,C3975418439,81488.95,6660.59,C3057629778,375.4,375.4,1,0.10333333333333333,0
491,TRANSFER,1.0,C8719734235,0.0,0.0,C6161147047,1618.29,1619.29,0,0.07666666666666666,0
352,TRANSFER,1.0,C8763140509,0.0,0.0,C9861449701,0.0,1.0,0,0.22,0
558,TRANSFER,54.9,C7596745715,87.79,32.89,C1487258103,154.5,209.4,0,0.08,0
202,PAYMENT,1252.15,C2409274786,34078.11,32825.96,M8643636805,0.0,0.0,0,0.0,0
641,CASH_OUT,1725.04,C4735313433,2344.67,619.63,C9303765140,17.02,17.02,1,0.023333333333333334,0
70,PAYMENT,145.77,C5515628633,475.77,330.0,M8144889126,0.0,0.0,0,0.0,0
619,PAYMENT,11783.43,C6469318275,31445.55,19662.12,M9398575277,0.0,0.0,0,0.0,0
233,TRANSFER,1.0,C7965608188,0.0,0.0,C4531928910,0.0,1.0,0,0.23,0
264,PAYMENT,11.06,C2867302554,13.54,2.48,M8778927211,0.0,0.0,0,0.0,0
426,CASH_OUT,1.0,C8588769565,0.0,0.0,C3884642366,17.27,17.27,0,0.07666666666666666,0
592,PAYMENT,355.4,C8309221034,815.36,459.96,M5564953924,0.0,0.0,0,0.0,0
623,PAYMENT,6896.58,C6392415228,171194.97,164298.39,M6999146585,0.0,0.0,0,0.0,0
257,CASH_OUT,1557.53,C4927019611,2003.91,446.38,C2260326267,351.15,351.15,1,0.006666666666666667,0
224,TRANSFER,4291.76,C2941289685,3763.73,0.0,C5354747485,2888.68,2888.68,1,0.07666666666666666,0
539,PAYMENT,46.57,C4526242854,107.19,60.62,M5990749811,0.0,0.0,0,0.0,0
88,CASH_OUT,1.0,C2870403050,0.0,0.0,C6336171726,6709.94,6709.94,0,0.0033333333333333335,0
195,CASH_OUT,51.03,C4311931853,50.96,0.0,M7351460539,0.0,0.0,1,0.013333333333333334,0
588,TRANSFER,1.0,C2493660313,0.0,0.0,C6241752544,0.0,1.0,0,0.23,0
417,PAYMENT,4928.78,C7208619610,9274.72,4345.94,M8790289305,0.0,0.0,0,0.0,0
518,PAYMENT,36.04,C5416031878,80.58,44.54,M4460319291,0.0,0.0,0,0.0,0
273,PAYMENT,10.9,C6588316233,28.25,17.35,M7717262223,0.0,0.0,0,0.0,0
158,CASH_OUT,199.82,C8339176912,214.35,14.53,C4864126433,13.28,13.28,0,0.0033333333333333335,0
124,TRANSFER,59459.73,C7539399243,63093.56,3633.83,C8854238082,4670.18,64129.91,0,0.0,0
248,TRANSFER,194.73,C1121863227,201.85,7.12,C1818520766,5953.39,5953.39,1,0.0,0
515,PAYMENT,2821.44,C4907446848,3695.36,873.92,M3517195150,0.0,0.0,0,0.0,0
306,TRANSFER,204.93,C4178659381,217.12,12.19,C7763765757,177.29,382.22,0,0.0033333333333333335,0
10,CASH_OUT,244.37,C7393195616,476.04,231.67,C6875597607,0.0,0.0,0,0.0033333333333333335,0
435,PAYMENT,1475.8,C2369705770,18320.68,16844.88,M3223687972,0.0,0.0,0,0.0,0
674,PAYMENT,17.4,C6720396142,40.81,23.41,M8768773991,0.0,0.0,0,0.0,0
136,PAYMENT,952.61,C9479654136,1474.01,521.4,M6130446648,0.0,0.0,0,0.0,0
167,PAYMENT,14.8,C7418301077,49.93,35.13,M8858274691,0.0,0.0,0,0.0,0
356,TRANSFER,14.69,C1288335378,51.54,36.85,C9621419224,1563.11,1577.8,0,0.0,0
562,CASH_OUT,126.36,C3019214800,116.56,0.0,C4807122420,425.92,425.92,1,0.06333333333333334,0
134,TRANSFER,16.28,C6583444930,78643.91,78627.63,C7895255573,0.0,16.28,0,0.12,0
117,TRANSFER,378.04,C9388140708,9342.83,8964.79,C5625342041,53288.93,53666.97,0,0.0,0
414,TRANSFER,29.54,C4736031885,64.64,35.1,C4919706735,0.0,29.54,0,0.14666666666666667,0
373,CASH_OUT,3367.23,C1551395583,8239.73,4872.5,C5667181604,0.0,0.0,0,0.0033333333333333335,0
58,TRANSFER,7.31,C3369305560,8.37,1.06,C5489485517,2578.67,2585.98,0,0.0033333333333333335,0
255,CASH_OUT,1243.26,C5115980792,1173.92,0.0,M3508990774,0.0,0.0,1,0.08666666666666667,0
1,CASH_OUT,7.2,C6110646714,30.16,22.96,C9434946584,10.8,10.8,0,0.01,0
206,DEBIT,1.0,C3109688769,0.0,0.0,M8821456242,0.0,0.0,0,0.03,0
595,PAYMENT,1.51,C9035194895,874.54,873.03,M7168105904,0.0,0.0,0,0.0,0
308,CASH_IN,1057.43,C2941508568,20985.08,22042.51,C9558091177,536.71,536.71,0,0.0033333333333333335,0
57,CASH_OUT,79.82,C4633257620,132.51,52.69,C7705605962,0.0,0.0,0,0.0033333333333333335,0
375,PAYMENT,1.0,C4531928910,1.0,0.0,M6053489772,0.0,0.0,0,0.0,0
447,CASH_OUT,2928.68,C4470591645,3304.74,376.06,C4638577630,0.0,0.0,1,0.05,0
502,CASH_IN,624.66,C1513003815,322.46,947.12,C9333490239,305.18,305.18,0,0.0033333333333333335,0
118,TRANSFER,3286.82,C3836517266,4496.71,1209.89,M7366396017,0.0,0.0,1,0.19666666666666666,0
321,TRANSFER,2223.29,C6043349038,2419.84,196.55,C8477300991,0.0,2223.29,0,0.01,0
182,CASH_OUT,2100.78,C3465740756,2824.73,723.95,C3483827971,484.46,484.46,1,0.006666666666666667,0
501,DEBIT,3123.83,C4662861038,4034.13,910.3,M2249831874,0.0,0.0,0,0.03333333333333333,0
492,CASH_OUT,1504.3,C9621419224,1577.8,73.5,M4588312351,0.0,0.0,1,0.06,0
662,CASH_OUT,10586.58,C9639245200,13907.66,3321.08,M4158643786,0.0,0.0,1,0.016666666666666666,0
242,CASH_OUT,1514.9,C9546021691,1417.19,0.0,M7351460539,0.0,0.0,1,0.08333333333333333,0
238,CASH_OUT,10.39,C8117478955,26.52,16.13,C9086117171,75225.58,75225.58,0,0.0,0
190,PAYMENT,1.0,C2970753705,0.0,0.0,M7537130187,0.0,0.0,0,0.0,0
716,TRANSFER,49257.78,C6661014794,59353.29,10095.51,M6865994703,0.0,0.0,1,0.28,0
193,TRANSFER,165.34,C7640078465,201.39,36.05,C7824150224,22.78,188.12,0,0.04,0
664,PAYMENT,23.97,C7415801613,71.64,47.67,M4125758723,0.0,0.0,0,0.0,0
611,DEBIT,169.46,C7540301973,213.69,44.23,M6932365592,0.0,0.0,0,0.02666666666666667,0
180,CASH_OUT,1729.05,C1553155490,1498.57,0.0,M1185303518,0.0,0.0,1,0.05,0
406,PAYMENT,118.48,C7638836058,238.54,120.06,M8218146534,0.0,0.0,0,0.0,0
380,CASH_OUT,9145.72,C3245108207,12761.14,3615.42,C5269015757,5318.81,5318.81,1,0.0,0
286,TRANSFER,178.82,C4847761430,186.03,7.21,M6651754819,0.0,0.0,1,0.16,0
441,CASH_IN,51829.61,C4627032705,36139.56,87969.17,C6169243284,0.0,0.0,0,0.0,0
47,DEBIT,1.0,C4586139213,0.0,0.0,M1999913493,0.0,0.0,0,0.02666666666666667,0
95,CASH_OUT,274.17,C8318855178,301.6,27.43,C9437783771,1591.66,1591.66,1,0.006666666666666667,0
424,PAYMENT,1.0,C9370133343,0.0,0.0,M1676220116,0.0,0.0,0,0.0,0
566,TRANSFER,617.46,C6299224734,689.37,71.91,M2869931869,0.0,0.0,1,0.17666666666666667,0
514,CASH_IN,70934.45,C6037168610,0.0,70934.45,C1484230338,780.3,780.3,0,0.0,0
318,PAYMENT,1.0,C9370133343,0.0,0.0,M7282885927,0.0,0.0,0,0.0,0
323,CASH_IN,39739.15,C3615507143,452.1,40191.25,C1749459431,163759.28,163759.28,0,0.0,0
180,PAYMENT,5511.08,C4102821948,11961.15,6450.07,M8138332494,0.0,0.0,0,0.0,0
444,PAYMENT,2.95,C7183058541,4.7,1.75,M9398575277,0.0,0.0,0,0.0,0
492,TRANSFER,533.11,C5659161352,505.5,0.0,C4550353803,4252.22,4252.22,1,0.06,0
581,CASH_OUT,444.07,C8257484586,797.94,353.87,C2079770569,5.98,5.98,0,0.04,0
351,PAYMENT,1.0,C5071218314,0.0,0.0,M9065458220,0.0,0.0,0,0.0,0
664,TRANSFER,3516.52,C2350701477,3693.4,176.88,M8144889126,0.0,0.0,1,0.32666666666666666,0
28,PAYMENT,2505.02,C6613888489,5555.03,3050.01,M5869990861,0.0,0.0,0,0.0,0
124,PAYMENT,402.85,C7829772942,629.59,226.74,M3566125120,0.0,0.0,0,0.0,0
488,CASH_OUT,3078.83,C2811967841,4195.23,1116.4,M4399143287,0.0,0.0,1,0.023333333333333334,0
568,DEBIT,438.88,C1484230338,780.3,341.42,M6846530109,0.0,0.0,0,0.023333333333333334,0
196,PAYMENT,15867.3,C7227593033,53598.89,37731.59,M6041646576,0.0,0.0,0,0.0,0
618,PAYMENT,643.95,C2591589823,24894.99,24251.04,M2243802345,0.0,0.0,0,0.0,0
396,TRANSFER,179.13,C7824150224,188.12,8.99,M7351460539,0.0,0.0,1,0.16,0
227,CASH_OUT,2663.33,C5751366455,2473.58,0.0,M2228388623,0.0,0.0,1,0.06333333333333334,0
439,TRANSFER,352.0,C8387664437,488.42,136.42,C3605585995,11.39,11.39,1,0.12,0
172,DEBIT,10.78,C1586412136,28.01,17.23,M5815678365,0.0,0.0,0,0.02,0
337,PAYMENT,8457.7,C8015775567,9039.22,581.52,M8144889126,0.0,0.0,0,0.0,0
428,TRANSFER,69.35,C3933213766,94.08,24.73,M9441870024,0.0,0.0,1,0.16,0
642,PAYMENT,1.0,C6461974809,0.0,0.0,M9776500600,0.0,0.0,0,0.0,0
27,TRANSFER,1580.5,C1660370908,7243.1,5662.6,C6311894154,12165.44,13745.94,0,0.0,0
653,PAYMENT,25.85,C2423995953,27.66,1.81,M5694439775,0.0,0.0,0,0.0,0
98,PAYMENT,11016.68,C6797174636,13598.34,2581.66,M3534186676,0.0,0.0,0,0.0,0
200,DEBIT,126.56,C2973888646,353.55,226.99,M8138332494,0.0,0.0,0,0.01,0
295,PAYMENT,1.0,C9916336966,0.0,0.0,M4554178984,0.0,0.0,0,0.0,0
381,PAYMENT,1.24,C2579206999,100.19,98.95,M1458227039,0.0,0.0,0,0.0,0
42,PAYMENT,40.27,C5641959772,47.14,6.87,M9921025990,0.0,0.0,0,0.0,0
233,PAYMENT,1.0,C4713453204,0.0,0.0,M9896529524,0.0,0.0,0,0.0,0
350,PAYMENT,1.0,C5162260671,0.0,0.0,M8063693463,0.0,0.0,0,0.0,0
182,TRANSFER,1.0,C8468071953,0.0,0.0,C2732553940,104229.52,104230.52,0,0.0,0
490,TRANSFER,3122.67,C8299146480,3108.43,0.0,M2711123163,0.0,0.0,1,0.9333333333333333,1
345,CASH_OUT,1522.85,C4864126433,1589.79,66.94,M1999913493,0.0,0.0,1,0.016666666666666666,0
12,TRANSFER,538.73,C3674551397,1214.9,676.17,C3910678913,29.46,568.19,0,0.0,0
79,CASH_OUT,4873.6,C9987064419,4684.06,0.0,M9896529524,0.0,0.0,1,0.043333333333333335,0
636,PAYMENT,43.01,C2850820685,147.48,104.47,M3690714075,0.0,0.0,0,0.0,0
89,TRANSFER,589.67,C7099469983,651.38,61.71,C8313706299,0.62,590.29,1,0.02,0
259,CASH_OUT,13306.73,C5899025962,12304.49,0.0,C7519578899,0.0,0.0,1,0.14,0
696,TRANSFER,17667.53,C4693510920,17058.83,0.0,M4641902461,0.0,0.0,1,0.8866666666666667,1
600,TRANSFER,1.92,C6544063167,7.03,5.11,C5416031878,44.54,46.46,0,0.13,0
30,CASH_IN,2.44,C4623960580,1.0,3.44,C7161887665,0.0,0.0,0,0.006666666666666667,0
412,DEBIT,3804.21,C7825844140,85437.01,81632.8,M1122712790,0.0,0.0,0,0.016666666666666666,0
633,TRANSFER,775.55,C9830946410,956.1,180.55,C7763765757,382.22,1157.77,0,0.04,0
463,PAYMENT,10.5,C3884642366,17.27,6.77,M8235474949,0.0,0.0,0,0.0,0
551,PAYMENT,613.12,C3780439666,17472.16,16859.04,M5570190774,0.0,0.0,0,0.0,0
450,CASH_OUT,38.33,C2176904638,54.35,16.02,C6466597005,210.07,210.07,0,0.04666666666666667,0
77,CASH_OUT,630.31,C5407856339,814.74,184.43,M8102481401,0.0,0.0,1,0.0033333333333333335,0
688,PAYMENT,1.0,C6720572969,0.0,0.0,M8910440683,0.0,0.0,0,0.0,0
691,CASH_OUT,1.0,C9702693937,0.0,0.0,C4564751926,21289.71,21289.71,0,0.013333333333333334,0
558,CASH_IN,124442.24,C7487012742,66674.58,191116.82,C4577406847,37.69,37.69,0,0.0,0
314,CASH_OUT,14.49,C1251837136,30.77,16.28,C2064803502,15907.98,15907.98,0,0.0,0
12,CASH_OUT,79640.34,C9505085936,93558.1,13917.76,C9309500117,5.11,5.11,1,0.0,0
206,PAYMENT,1.0,C7628981661,0.0,0.0,M6011842297,0.0,0.0,0,0.0,0
196,CASH_OUT,93084.31,C9798548049,108201.68,15117.37,C8184602688,3461.25,3461.25,0,0.0,0
509,CASH_IN,12.05,C1446457642,1160.43,1172.48,C6121801720,84345.29,84345.29,0,0.0,0
280,TRANSFER,506.59,C8584566722,491.27,0.0,C4574027737,113916.06,113916.06,1,0.0033333333333333335,0
421,DEBIT,1.0,C9116428507,0.0,0.0,M1676220116,0.0,0.0,0,0.056666666666666664,0
375,PAYMENT,134.37,C3910678913,568.19,433.82,M6651754819,0.0,0.0,0,0.0,0
390,TRANSFER,1882.53,C8211516617,2419.87,537.34,M5694439775,0.0,0.0,1,0.19333333333333333,0
275,TRANSFER,29.84,C2866092821,136.13,106.29,C2388450337,0.0,29.84,0,0.15333333333333332,0
38,PAYMENT,12778.71,C5884080139,139218.98,126440.27,M8458323087,0.0,0.0,0,0.0,0
86,DEBIT,30.75,C4642197907,52.81,22.06,M1999913493,0.0,0.0,0,0.016666666666666666,0
94,CASH_OUT,1.0,C7573691558,0.0,0.0,C7664258343,1958.46,1958.46,0,0.0,0
291,CASH_OUT,1.0,C8380312396,0.0,0.0,C9249923427,304.59,304.59,0,0.02,0
455,CASH_OUT,1.0,C3878201524,0.0,0.0,C8377088167,175.42,175.42,0,0.08,0
12,PAYMENT,7.77,C1036351450,27.61,19.84,M1666898313,0.0,0.0,0,0.0,0
402,PAYMENT,1.0,C4655730355,0.0,0.0,M2136107759,0.0,0.0,0,0.0,0
147,DEBIT,3.58,C4110258855,7.87,4.29,M7861571879,0.0,0.0,0,0.023333333333333334,0
641,CASH_OUT,29.46,C7161404428,39.39,9.93,C2407863065,38.98,38.98,0,0.02666666666666667,0
273,TRANSFER,88816.14,C2616884203,83618.48,0.0,M2303835765,0.0,0.0,1,0.86,1
219,CASH_OUT,93810.71,C2148679234,83458.38,0.0,C4227004325,3499.06,3499.06,1,0.043333333333333335,0
447,TRANSFER,23532.38,C6880115912,110701.92,87169.54,C2612579345,623.27,24155.65,0,0.0,0
250,PAYMENT,1.0,C3555656321,0.0,0.0,M6200141898,0.0,0.0,0,0.0,0
274,CASH_OUT,2916.99,C2653032484,3676.01,759.02,C9327720702,27663.68,27663.68,1,0.0,0
523,TRANSFER,4620.35,C4714465905,4768.2,147.85,M1908459040,0.0,0.0,1,0.4266666666666667,0
220,TRANSFER,37363.12,C4067919621,64019.58,26656.46,C7333678472,12.31,37375.43,0,0.0,0
333,PAYMENT,6.0,C7403028869,7841.77,7835.77,M3534186676,0.0,0.0,0,0.0,0
90,CASH_OUT,231.71,C3971203213,569.41,337.7,C3106408413,10736.29,10736.29,0,0.013333333333333334,0
72,CASH_OUT,1707.45,C7127904756,1736.99,29.54,C7648059419,139.29,139.29,1,0.0033333333333333335,0
98,PAYMENT,18.03,C8503368512,23.15,5.12,M4665677395,0.0,0.0,0,0.0,0
195,PAYMENT,27.02,C5728897164,47.58,20.56,M2916502228,0.0,0.0,0,0.0,0
469,PAYMENT,3.65,C4110258855,4.29,0.64,M8790289305,0.0,0.0,0,0.0,0
720,TRANSFER,145.76,C7299420031,129.5,0.0,M9021793855,0.0,0.0,1,0.22,0
587,CASH_OUT,536.37,C5634076661,593.52,57.15,M4892544235,0.0,0.0,1,0.03666666666666667,0
488,PAYMENT,6933.78,C3420721027,129122.03,122188.25,M7050091525,0.0,0.0,0,0.0,0
41,PAYMENT,22.02,C1400330495,29.17,7.15,M2555936898,0.0,0.0,0,0.0,0
212,PAYMENT,1.0,C7481631841,0.0,0.0,M6692705133,0.0,0.0,0,0.0,0
191,TRANSFER,1263.34,C8858766173,2303.57,1040.23,C4172006012,0.0,1263.34,0,0.0033333333333333335,0
114,CASH_OUT,3163.09,C3768901084,3448.81,285.72,C1041531046,112.06,112.06,1,0.0,0
158,CASH_OUT,3017.69,C4039019230,16453.15,13435.46,C7904559790,0.0,0.0,0,0.0,0
685,DEBIT,1.0,C4956362540,0.49,0.0,M3094407076,0.0,0.0,0,0.05,0
662,PAYMENT,231.12,C2349641712,451.8,220.68,M3322580659,0.0,0.0,0,0.0,0
147,CASH_OUT,2082.24,C7374810067,2252.9,170.66,C6443749394,0.0,0.0,1,0.0,0
377,PAYMENT,2303.18,C4026113008,2433.43,130.25,M3469205576,0.0,0.0,0,0.0,0
453,CASH_OUT,1445.3,C9957813353,6039.27,4593.97,C2879792991,0.0,0.0,0,0.04,0
719,PAYMENT,1.0,C3346569443,0.0,0.0,M5412437658,0.0,0.0,0,0.0,0
249,CASH_OUT,2634.26,C4466589567,2508.77,0.0,M1122712790,0.0,0.0,1,0.08666666666666667,0
448,TRANSFER,39192.47,C7333678472,37375.43,0.0,M9625656293,0.0,0.0,1,0.93,1
560,CASH_OUT,622.68,C5025070544,680.31,57.63,C6461974809,0.0,0.0,0,0.03333333333333333,0
690,PAYMENT,16.83,C6986770879,65.54,48.71,M6011842297,0.0,0.0,0,0.0,0
241,TRANSFER,60.47,C6582557981,51.49,0.0,M6525576685,0.0,0.0,1,0.23333333333333334,0
366,PAYMENT,4504.69,C7625389037,7810.03,3305.34,M4390543744,0.0,0.0,0,0.0,0
605,TRANSFER,236.23,C1439921366,248.16,11.93,M5412437658,0.0,0.0,1,0.17666666666666667,0
486,CASH_IN,11705.96,C6656646925,147.62,11853.58,C6576426590,11253.81,11253.81,0,0.0,0
674,CASH_OUT,2271.49,C1431494396,2877.01,605.52,M6865994703,0.0,0.0,1,0.023333333333333334,0
390,PAYMENT,498.09,C7691931213,856.79,358.7,M9065458220,0.0,0.0,0,0.0,0
424,CASH_OUT,30145.27,C1378134712,37258.23,7112.96,M1442421654,0.0,0.0,1,0.013333333333333334,0
670,CASH_OUT,1.0,C9776185998,0.0,0.0,C4658080160,24.38,24.38,0,0.04666666666666667,0
300,PAYMENT,4600.48,C8076527214,97286.62,92686.14,M5564953924,0.0,0.0,0,0.0,0
141,PAYMENT,905.31,C5160575046,1231.76,326.45,M8218146534,0.0,0.0,0,0.0,0
136,PAYMENT,838.24,C1596471620,9304.08,8465.84,M6651754819,0.0,0.0,0,0.0,0
419,TRANSFER,187.44,C6804850108,700.13,512.69,C5612645121,997.66,1185.1,0,0.02666666666666667,0
325,TRANSFER,1.0,C3434757387,0.0,0.0,C1248786714,0.0,1.0,0,0.22,0
439,TRANSFER,3632.41,C8380312396,4030.45,398.04,M5919148165,0.0,0.0,1,0.2966666666666667,0
188,PAYMENT,9581.16,C9032096058,12855.11,3273.95,M4306983924,0.0,0.0,0,0.0,0
354,CASH_OUT,3935.2,C9929101065,4144.33,209.13,M3517195150,0.0,0.0,1,0.013333333333333334,0
27,CASH_OUT,1.0,C8505373158,0.0,0.0,C9957813353,4593.97,4593.97,0,0.0,0
562,TRANSFER,15543.33,C2515672889,113122.02,97578.69,C3828935922,8188.64,23731.97,0,0.0,0
647,PAYMENT,1.0,C2137651678,0.0,0.0,M1343875431,0.0,0.0,0,0.0,0
673,TRANSFER,1.0,C7114223633,0.0,0.0,C4470591645,376.06,377.06,0,0.09333333333333334,0
697,TRANSFER,1017.8,C2075321966,1099.02,81.22,M2773408660,0.0,0.0,1,0.22666666666666666,0
356,PAYMENT,1.0,C4928783441,0.0,0.0,M1185303518,0.0,0.0,0,0.0,0
481,PAYMENT,9086.05,C6588252632,45112.82,36026.77,M6313472215,0.0,0.0,0,0.0,0
289,DEBIT,1.0,C3664052763,0.0,0.0,M9900829971,0.0,0.0,0,0.04,0
479,TRANSFER,2502.29,C7665963761,3140.05,637.76,M6865994703,0.0,0.0,1,0.27666666666666667,0
294,CASH_IN,61505.54,C7839819230,25.03,61530.57,C4302632494,0.0,0.0,0,0.0,0
626,PAYMENT,24212.85,C6879428703,70547.68,46334.83,M3457877922,0.0,0.0,0,0.0,0
60,TRANSFER,1478.87,C2602884797,1784.36,305.49,M2778069478,0.0,0.0,1,0.12666666666666668,0
410,PAYMENT,22.45,C4070964768,1105.98,1083.53,M3208200227,0.0,0.0,0,0.0,0
338,TRANSFER,290.21,C3074232200,399.81,109.6,M5412437658,0.0,0.0,1,0.14666666666666667,0
585,PAYMENT,1.16,C1484664056,1.86,0.7,M1647181551,0.0,0.0,0,0.0,0
402,PAYMENT,1.0,C9697354961,0.0,0.0,M8058679999,0.0,0.0,0,0.0,0
654,CASH_OUT,624.87,C9343730920,1082.4,457.53,C8322868827,14.5,14.5,0,0.03,0
485,CASH_IN,29940.74,C8760642358,15912.72,45853.46,C3115806625,33268.64,33268.64,0,0.0,0
449,PAYMENT,8.68,C7473868020,66.6,57.92,M2916502228,0.0,0.0,0,0.0,0
149,TRANSFER,1426.74,C9504724761,2970.13,1543.39,C1276905285,1130.59,2557.33,0,0.0,0
714,PAYMENT,1.0,C8832617672,0.0,0.0,M6651020291,0.0,0.0,0,0.0,0
479,PAYMENT,15869.18,C4645120421,155096.28,139227.1,M3072183247,0.0,0.0,0,0.0,0
177,TRANSFER,1.16,C1515024824,1.33,0.17,C9381721143,211.2,212.36,0,0.043333333333333335,0
529,CASH_OUT,905.05,C1526723719,1131.79,226.74,C8923555411,10039.16,10039.16,1,0.01,0
438,CASH_OUT,10179.29,C9388140708,8964.79,0.0,C8131923452,0.0,0.0,1,0.25666666666666665,0
707,DEBIT,1.0,C1225953184,0.0,0.0,M9625656293,0.0,0.0,0,0.05333333333333334,0
294,PAYMENT,1.0,C6558450990,0.0,0.0,M5270048042,0.0,0.0,0,0.0,0
157,PAYMENT,1.0,C8902114913,0.0,0.0,M8548290298,0.0,0.0,0,0.0,0
470,TRANSFER,1073.61,C6704841644,1097.89,24.28,M6651020291,0.0,0.0,1,0.23333333333333334,0
410,CASH_OUT,1474.18,C7664258343,1958.46,484.28,M7570511906,0.0,0.0,1,0.03333333333333333,0
304,PAYMENT,1.0,C2423995953,1.81,0.81,M6361225622,0.0,0.0,0,0.0,0
706,PAYMENT,1.0,C8953726023,0.0,0.0,M5156392601,0.0,0.0,0,0.0,0
690,CASH_OUT,263.27,C5294535887,320.7,57.43,C7004964045,1.16,1.16,0,0.03,0
715,CASH_OUT,1320.49,C2586568081,1844.48,523.99,C2140169349,288.73,288.73,1,0.013333333333333334,0
294,TRANSFER,860.52,C6317152031,1553.91,693.39,C2579206999,98.95,959.47,0,0.0,0
168,CASH_OUT,512.41,C3777580509,2723.63,2211.22,C4696689457,32.16,32.16,0,0.0,0
102,PAYMENT,11379.53,C7248258423,46514.7,35135.17,M3107992942,0.0,0.0,0,0.0,0
463,TRANSFER,115939.3,C3758823240,151771.71,35832.41,C7199283151,1619.62,117558.92,0,0.0033333333333333335,0
446,TRANSFER,3934.57,C5569145346,3703.56,0.0,M7514017540,0.0,0.0,1,0.9033333333333333,1
615,CASH_OUT,94.03,C3841827734,116.5,22.47,C1736086849,0.0,0.0,1,0.03666666666666667,0
66,CASH_OUT,114128.26,C9245348297,154219.73,40091.47,C8281641403,4.01,4.01,1,0.0,0
612,PAYMENT,904.03,C2683446724,83483.89,82579.86,M1458227039,0.0,0.0,0,0.0,0
251,CASH_OUT,3287.49,C6711463258,2768.93,0.0,M1343875431,0.0,0.0,1,0.08666666666666667,0
46,PAYMENT,1319.62,C9078786223,2786.56,1466.94,M4554178984,0.0,0.0,0,0.0,0
553,CASH_OUT,12694.34,C2869999754,41144.7,28450.36,C2941508568,22042.51,22042.51,0,0.0,0
560,TRANSFER,194.23,C1367704871,240.13,45.9,C2082326234,972.1,972.1,1,0.04666666666666667,0
646,TRANSFER,91.33,C7431813987,78.1,0.0,C7100408092,0.0,0.0,1,0.24,0
289,PAYMENT,340.66,C9343730920,457.53,116.87,M9558906999,0.0,0.0,0,0.0,0
59,CASH_OUT,487.97,C5972484792,1251.46,763.49,C1519709079,0.0,0.0,0,0.01,0
361,TRANSFER,117.03,C5141593270,284.26,167.23,C1367704871,45.9,162.93,0,0.02,0
515,CASH_OUT,1.0,C8180620422,0.0,0.0,C8880184233,0.0,0.0,0,0.06,0
447,TRANSFER,4.04,C5891280823,12.27,8.23,C1870644102,159.54,163.58,0,0.06666666666666667,0
265,CASH_OUT,1619.69,C5140460939,2208.64,588.95,M1442421654,0.0,0.0,1,0.0033333333333333335,0
82,PAYMENT,1.0,C8507497883,0.0,0.0,M9590331226,0.0,0.0,0,0.0,0
497,DEBIT,238.97,C4656572173,551.9,312.93,M9921025990,0.0,0.0,0,0.02666666666666667,0
188,CASH_OUT,29281.87,C5100282913,34503.23,5221.36,M4908108692,0.0,0.0,1,0.0,0
411,PAYMENT,106.08,C8057994126,175.4,69.32,M3208200227,0.0,0.0,0,0.0,0
594,PAYMENT,2748.75,C3377702111,4524.3,1775.55,M7764117705,0.0,0.0,0,0.0,0
342,TRANSFER,593.47,C6046864799,534.46,0.0,M6045729129,0.0,0.0,1,0.29,0
630,PAYMENT,1.0,C3171050399,0.0,0.0,M6583604299,0.0,0.0,0,0.0,0
201,TRANSFER,921.54,C1005502537,1214.11,292.57,M3495411322,0.0,0.0,1,0.10333333333333333,0
156,PAYMENT,1.0,C4713453204,0.0,0.0,M9631695368,0.0,0.0,0,0.0,0
305,PAYMENT,1.0,C6072939882,0.0,0.0,M5714658227,0.0,0.0,0,0.0,0
65,TRANSFER,1.0,C7920516981,0.0,0.0,C2068687175,127.32,128.32,0,0.06333333333333334,0
552,TRANSFER,1.0,C7340428136,0.0,0.0,C6289150149,206.82,207.82,0,0.11666666666666667,0
336,PAYMENT,2966.31,C9957813353,4593.97,1627.66,M4093474499,0.0,0.0,0,0.0,0
248,PAYMENT,12.89,C2071552532,29.43,16.54,M4460319291,0.0,0.0,0,0.0,0
82,TRANSFER,3.14,C8375996697,12.49,9.35,C1195066088,75613.53,75616.67,0,0.0,0
541,PAYMENT,1.0,C8299146480,0.0,0.0,M1908459040,0.0,0.0,0,0.0,0
251,DEBIT,3832.4,C1106456634,8473.25,4640.85,M8030400668,0.0,0.0,0,0.02,0
578,PAYMENT,51.48,C4503614567,109.48,58.0,M9921025990,0.0,0.0,0,0.0,0
409,TRANSFER,116104.51,C4405620755,116159.54,55.03,M6651754819,0.0,0.0,1,0.5066666666666667,1
503,PAYMENT,8.62,C5275521470,37.85,29.23,M1504729135,0.0,0.0,0,0.0,0
20,PAYMENT,1147.86,C7539399243,3633.83,2485.97,M6659847491,0.0,0.0,0,0.0,0
440,PAYMENT,10.64,C7150970643,18.77,8.13,M2571632270,0.0,0.0,0,0.0,0
702,TRANSFER,1.0,C3880327491,0.0,0.0,C2308496151,2768.35,2769.35,0,0.04666666666666667,0
172,TRANSFER,1703.25,C5759272717,1744.1,40.85,M7532669066,0.0,0.0,1,0.24,0
121,CASH_OUT,175.25,C9479654136,521.4,346.15,C4914929023,75282.95,75282.95,0,0.0033333333333333335,0
207,TRANSFER,3685.58,C6458544482,3923.07,237.49,M4035639663,0.0,0.0,1,0.22333333333333333,0
273,PAYMENT,1.0,C7736142481,1.0,0.0,M3595066420,0.0,0.0,0,0.0,0
661,PAYMENT,18.49,C6944371787,21.54,3.05,M2778069478,0.0,0.0,0,0.0,0
498,PAYMENT,1.41,C6276339732,164.03,162.62,M9255306810,0.0,0.0,0,0.0,0
73,TRANSFER,1.0,C8750840032,0.0,0.0,C7045593274,0.0,1.0,0,0.23333333333333334,0
61,PAYMENT,7.04,C1722124509,468.92,461.88,M7664045502,0.0,0.0,0,0.0,0
314,TRANSFER,9.67,C4735334423,28.77,19.1,C4647891535,0.0,9.67,0,0.15333333333333332,0
430,PAYMENT,11006.88,C9505085936,13917.76,2910.88,M8861351706,0.0,0.0,0,0.0,0
496,TRANSFER,2269.62,C9514255777,2859.27,589.65,M1802753761,0.0,0.0,1,0.29,0
133,CASH_OUT,2475.19,C7625464411,2645.36,170.17,C4131356954,2229.9,2229.9,1,0.0,0
92,PAYMENT,1.0,C9337145038,0.0,0.0,M9640701016,0.0,0.0,0,0.0,0
400,TRANSFER,9913.05,C6075963527,13477.01,3563.96,C2752536389,139.07,10052.12,1,0.0,0
674,CASH_OUT,2877.0,C6937704752,3317.02,440.02,M6651754819,0.0,0.0,1,0.02666666666666667,0
530,PAYMENT,916.91,C9553561889,1338.97,422.06,M1199447370,0.0,0.0,0,0.0,0
261,PAYMENT,1.64,C8033062794,1.8,0.16,M8728631945,0.0,0.0,0,0.0,0
469,PAYMENT,130.44,C9514255777,589.65,459.21,M6606958660,0.0,0.0,0,0.0,0
629,PAYMENT,89.33,C5072538783,156.49,67.16,M7532669066,0.0,0.0,0,0.0,0
16,CASH_OUT,3387.52,C7928074841,3056.75,0.0,C9943959352,18.47,18.47,1,0.03,0
151,TRANSFER,1.0,C8417757797,3.2,2.2,C6265016831,22131.27,22132.27,0,0.0,0
145,TRANSFER,1.0,C7645527239,0.0,0.0,C6098775210,0.0,1.0,0,0.21666666666666667,0
379,PAYMENT,604.06,C9229469952,1840.89,1236.83,M3094407076,0.0,0.0,0,0.0,0
434,TRANSFER,36419.43,C5625342041,53666.97,17247.54,C1245522987,266.73,36686.16,0,0.0,0
202,CASH_OUT,8.17,C1182758417,11.91,3.74,C3201397080,5469.74,5469.74,0,0.0,0
405,TRANSFER,21034.89,C2079501936,25507.46,4472.57,C9633533290,166682.1,187716.99,0,0.0,0
18,PAYMENT,1.0,C5268845844,0.0,0.0,M3636366799,0.0,0.0,0,0.0,0
418,TRANSFER,876.84,C5612645121,1185.1,308.26,M3811254192,0.0,0.0,1,0.14333333333333334,0
168,TRANSFER,1.0,C2941289685,0.0,0.0,C7579604766,293.12,294.12,0,0.01,0
392,TRANSFER,1.0,C6777263354,0.0,0.0,C3464975279,2435.31,2436.31,0,0.0,0
256,TRANSFER,152.56,C7470843264,191.65,39.09,C5789617427,7.23,159.79,0,0.04666666666666667,0
179,TRANSFER,1.0,C2464137110,0.0,0.0,C9115282784,3743.73,3744.73,0,0.0,0
197,PAYMENT,1.0,C5606736607,0.0,0.0,M1732578761,0.0,0.0,0,0.0,0
167,PAYMENT,7.13,C2009317340,15.41,8.28,M8874242713,0.0,0.0,0,0.0,0
51,PAYMENT,5.23,C1691293717,15.91,10.68,M5714658227,0.0,0.0,0,0.0,0
123,TRANSFER,3418.66,C7517938612,11983.76,8565.1,C7751356568,309.11,3727.77,0,0.0,0
316,PAYMENT,1.0,C9861449701,1.0,0.0,M8548290298,0.0,0.0,0,0.0,0
403,TRANSFER,1.0,C6214917780,0.0,0.0,C5184564874,55.88,56.88,0,0.13,0
311,CASH_OUT,3388.05,C1834624758,4551.17,1163.12,C9986353481,17960.76,17960.76,1,0.0,0
373,PAYMENT,1936.62,C7019900273,3560.95,1624.33,M9640701016,0.0,0.0,0,0.0,0
50,TRANSFER,261.49,C3923823693,253.32,0.0,C4485356009,0.0,261.49,1,0.06666666666666667,0
365,PAYMENT,1.0,C6756711494,0.0,0.0,M6865994703,0.0,0.0,0,0.0,0
334,TRANSFER,2354.8,C6726515966,4390.53,2035.73,C1361845490,0.92,2355.72,0,0.0,0
308,TRANSFER,6478.6,C6336171726,6709.94,231.34,C6131005449,0.0,6478.6,0,0.0,0
400,PAYMENT,1.0,C7882206934,0.0,0.0,M8910440683,0.0,0.0,0,0.0,0
636,CASH_OUT,1.0,C8706093841,0.0,0.0,C5710360983,52657.66,52657.66,0,0.03,0
362,CASH_OUT,2932.35,C8982597239,2910.47,0.0,C1340272119,49453.79,49453.79,1,0.07333333333333333,0
66,CASH_IN,133916.36,C7417183769,549.24,134465.6,C8795212264,2675.17,2675.17,0,0.0,0
190,TRANSFER,440.67,C9514255777,459.21,18.54,C3377702111,1775.55,1775.55,1,0.0033333333333333335,0
274,PAYMENT,1.0,C4256292393,0.0,0.0,M7928143230,0.0,0.0,0,0.0,0
502,PAYMENT,5581.38,C4207337120,10706.5,5125.12,M2695447268,0.0,0.0,0,0.0,0
195,PAYMENT,1.0,C4264134512,0.0,0.0,M3831598303,0.0,0.0,0,0.0,0
346,TRANSFER,136.13,C8252816758,226.67,90.54,C3774110439,37637.56,37773.69,0,0.0,0
360,TRANSFER,296.92,C6995554056,410.39,113.47,C5271453859,550.26,550.26,1,0.01,0
636,PAYMENT,11.91,C5667503195,13.39,1.48,M8063693463,0.0,0.0,0,0.0,0
143,PAYMENT,5436.81,C7551874474,127352.16,121915.35,M2655546199,0.0,0.0,0,0.0,0
382,PAYMENT,1.0,C9916336966,0.0,0.0,M7343954769,0.0,0.0,0,0.0,0
348,TRANSFER,22.51,C6719736115,26.99,4.48,C8184602688,3461.25,3483.76,0,0.0,0
198,TRANSFER,2918.97,C2311597141,3723.57,804.6,C1678500147,172.14,3091.11,1,0.0,0
623,CASH_OUT,1833.07,C8102515984,2258.19,425.12,M6384311581,0.0,0.0,1,0.02666666666666667,0
608,PAYMENT,1581.36,C4636537575,168146.77,166565.41,M5535650160,0.0,0.0,0,0.0,0
257,PAYMENT,8.4,C8322868827,14.5,6.1,M4554178984,0.0,0.0,0,0.0,0
596,TRANSFER,109.22,C3207160929,98.19,0.0,C9455610447,166.8,166.8,1,0.13,0
559,CASH_IN,76.21,C6991473746,10888.81,10965.02,C2965254350,0.0,0.0,0,0.0,0
180,DEBIT,1.0,C2984460654,0.0,0.0,M2121448210,0.0,0.0,0,0.03,0
33,CASH_OUT,1.0,C2616884203,0.0,0.0,C6369130994,10697.35,10697.35,0,0.0,0
233,CASH_OUT,6.83,C2379592595,9.19,2.36,C5281907480,675.03,675.03,0,0.0033333333333333335,0
470,PAYMENT,950.82,C6726515966,2035.73,1084.91,M1343875431,0.0,0.0,0,0.0,0
143,PAYMENT,1.0,C8584566722,0.0,0.0,M3208200227,0.0,0.0,0,0.0,0
24,PAYMENT,46.1,C1870644102,163.58,117.48,M6515490818,0.0,0.0,0,0.0,0
434,PAYMENT,1.0,C6542943838,0.0,0.0,M3119908041,0.0,0.0,0,0.0,0
536,CASH_OUT,3251.39,C9080621072,4394.19,1142.8,C6458544482,237.49,237.49,1,0.006666666666666667,0
315,TRANSFER,88.16,C6928691380,114.09,25.93,C9098129449,139806.71,139894.87,0,0.0033333333333333335,0
168,PAYMENT,17.9,C6515369278,177.24,159.34,M3156792018,0.0,0.0,0,0.0,0
640,PAYMENT,1.0,C6875597607,0.0,0.0,M7969674420,0.0,0.0,0,0.0,0
211,TRANSFER,194.2,C8274219704,189.19,0.0,M1185303518,0.0,0.0,1,0.23666666666666666,0
362,CASH_IN,99273.46,C6974875750,4614.99,103888.45,C2870403050,0.0,0.0,0,0.0,0
267,PAYMENT,109.08,C6206015111,185.15,76.07,M6659847491,0.0,0.0,0,0.0,0
221,PAYMENT,7.11,C1799718923,17.74,10.63,M3595066420,0.0,0.0,0,0.0,0
415,CASH_IN,32003.05,C6218955985,1.0,32004.05,C5569145346,0.0,0.0,0,0.0,0
114,TRANSFER,1334.56,C9504724761,1543.39,208.83,M4522855590,0.0,0.0,1,0.12,0
318,DEBIT,3.91,C5819946657,7.21,3.3,M4242579642,0.0,0.0,0,0.03333333333333333,0
662,DEBIT,183.86,C2168041588,323.17,139.31,M3831598303,0.0,0.0,0,0.02666666666666667,0
556,PAYMENT,854.85,C1817804383,1338.52,483.67,M2518433834,0.0,0.0,0,0.0,0
506,PAYMENT,70.02,C4558302256,647.34,577.32,M5694439775,0.0,0.0,0,0.0,0
483,TRANSFER,30770.2,C1730074215,153534.59,122764.39,C9333798503,0.0,30770.2,0,0.0033333333333333335,0
548,PAYMENT,1.0,C7705605962,0.0,0.0,M2249831874,0.0,0.0,0,0.0,0
87,TRANSFER,38982.11,C3891796055,111154.43,72172.32,C8690920484,0.0,38982.11,0,0.0,0
273,CASH_OUT,1992.65,C9806189256,2032.96,40.31,C5819946657,3.3,3.3,1,0.0033333333333333335,0
664,PAYMENT,14593.68,C4873807154,66465.87,51872.19,M8276498637,0.0,0.0,0,0.0,0
334,TRANSFER,1422.34,C7190276026,1206.95,0.0,M2129491690,0.0,0.0,1,0.3566666666666667,0
384,TRANSFER,158395.13,C9844874547,142717.02,0.0,C9741628563,2387.43,2387.43,1,0.15666666666666668,0
687,CASH_OUT,5.93,C6171239466,19.42,13.49,C4928783441,0.0,0.0,0,0.02666666666666667,0
413,PAYMENT,556.84,C6488854841,1064.93,508.09,M2625035499,0.0,0.0,0,0.0,0
668,PAYMENT,81.34,C6904897514,143.84,62.5,M2129491690,0.0,0.0,0,0.0,0
43,PAYMENT,60.58,C5539308214,76.63,16.05,M7050091525,0.0,0.0,0,0.0,0
278,TRANSFER,1.0,C2274350418,0.0,0.0,C4731897202,43.0,44.0,0,0.14,0
647,DEBIT,1.0,C1091729577,0.0,0.0,M5412437658,0.0,0.0,0,0.05333333333333334,0
546,CASH_OUT,175.04,C9218363978,354.89,179.85,C2647489402,439.33,439.33,0,0.023333333333333334,0
40,PAYMENT,3091.5,C3412273600,5715.96,2624.46,M4460319291,0.0,0.0,0,0.0,0
476,DEBIT,1.0,C8382488970,0.0,0.0,M7948094928,0.0,0.0,0,0.05,0
109,CASH_IN,1060.42,C5376302686,0.0,1060.42,C3207160929,0.0,0.0,0,0.0,0
198,CASH_OUT,143828.64,C5748253283,131614.45,0.0,C1730074215,122764.39,122764.39,1,0.02666666666666667,0
422,PAYMENT,23.74,C8578226896,47.34,23.6,M7570511906,0.0,0.0,0,0.0,0
510,CASH_OUT,73.32,C6557907251,65.21,0.0,M5714658227,0.0,0.0,1,0.06666666666666667,0
473,CASH_OUT,62.43,C9255898264,100.39,37.96,C6474354351,1.31,1.31,0,0.04666666666666667,0
74,PAYMENT,3.73,C8375996697,9.35,5.62,M8063693463,0.0,0.0,0,0.0,0
395,PAYMENT,170.16,C1261903104,7097.27,6927.11,M4892544235,0.0,0.0,0,0.0,0
623,TRANSFER,3449.58,C8287542751,4725.83,1276.25,M1783432867,0.0,0.0,1,0.32,0
297,PAYMENT,1.0,C1572827654,1.0,0.0,M6659847491,0.0,0.0,0,0.0,0
498,TRANSFER,21771.93,C4965395580,41372.29,19600.36,C7083067988,14.37,21786.3,0,0.0033333333333333335,0
102,DEBIT,944.99,C8531118333,102943.2,101998.21,M8740820392,0.0,0.0,0,0.0033333333333333335,0
656,TRANSFER,2374.85,C9123207735,2941.3,566.45,C4712367625,0.0,0.0,1,0.30333333333333334,0
185,PAYMENT,1.13,C9581991473,5.1,3.97,M9288057824,0.0,0.0,0,0.0,0
94,CASH_OUT,203.99,C2227193073,367.12,163.13,C7004510516,17336.16,17336.16,0,0.006666666666666667,0
552,TRANSFER,5048.1,C1657675888,8625.99,3577.89,C9557663181,176.85,5224.95,0,0.03,0
234,CASH_OUT,574.18,C6566372886,630.85,56.67,C9744120054,112553.58,112553.58,1,0.0,0
96,PAYMENT,12071.34,C2780016559,62444.9,50373.56,M2328736852,0.0,0.0,0,0.0,0
400,PAYMENT,536.36,C7763765757,1157.77,621.41,M1783432867,0.0,0.0,0,0.0,0
377,TRANSFER,739.19,C5913767020,1005.79,266.6,M5412437658,0.0,0.0,1,0.11,0
683,TRANSFER,6834.54,C2627677155,31620.88,24786.34,C1489726608,22561.14,29395.68,0,0.0,0
332,TRANSFER,189.5,C8110054933,438.54,249.04,C7127904756,29.54,219.04,0,0.013333333333333334,0
275,PAYMENT,21.62,C5272119095,24.12,2.5,M5734228580,0.0,0.0,0,0.0,0
434,PAYMENT,1.0,C8380507338,0.6,0.0,M5734228580,0.0,0.0,0,0.0,0
650,TRANSFER,55.06,C7088949191,57.71,2.65,C2486744752,820.67,820.67,1,0.06,0
601,CASH_OUT,49819.34,C6471691689,44251.68,0.0,M7532669066,0.0,0.0,1,0.09,0
18,TRANSFER,1.0,C4949801453,0.29,0.0,C8274219704,0.0,1.0,0,0.21333333333333335,0
510,TRANSFER,3650.12,C7249213370,3519.18,0.0,M7928143230,0.0,0.0,1,0.94,1
682,PAYMENT,20.27,C6585609060,25.3,5.03,M1413599241,0.0,0.0,0,0.0,0
238,PAYMENT,19267.21,C8816681105,45343.93,26076.72,M5449848690,0.0,0.0,0,0.0,0
554,CASH_OUT,71.19,C9305502799,332.2,261.01,C3346569443,0.0,0.0,0,0.02666666666666667,0
136,TRANSFER,1.0,C7333316743,0.0,0.0,C1834624758,1163.12,1164.12,0,0.01,0
272,CASH_IN,18831.39,C4558302256,577.32,19408.71,C1287814151,0.0,0.0,0,0.0,0
586,CASH_OUT,1450.42,C7088949191,1682.18,231.76,C7292376027,0.0,0.0,1,0.02666666666666667,0
354,TRANSFER,35628.45,C7631970791,60345.55,24717.1,C3614915281,13409.52,49037.97,0,0.0,0
351,PAYMENT,1.0,C3149533961,0.0,0.0,M8366710477,0.0,0.0,0,0.0,0
651,PAYMENT,1.0,C8612747444,0.0,0.0,M6130446648,0.0,0.0,0,0.0,0
100,TRANSFER,481.52,C8663837890,976.84,495.32,C2647489402,439.33,920.85,0,0.0033333333333333335,0
51,PAYMENT,4128.45,C8235717104,7856.4,3727.95,M4242579642,0.0,0.0,0,0.0,0
525,CASH_OUT,6696.36,C7951902330,6799.0,102.64,C4877520294,0.0,0.0,1,0.06,0
477,PAYMENT,28.92,C1471997674,60.36,31.44,M2115862756,0.0,0.0,0,0.0,0
499,CASH_OUT,317.38,C5485387618,274.53,0.0,C4949801453,0.0,0.0,1,0.07333333333333333,0
366,DEBIT,819.26,C5367513465,9678.8,8859.54,M9900829971,0.0,0.0,0,0.013333333333333334,0
633,DEBIT,31344.65,C8151583833,37709.24,6364.59,M8790289305,0.0,0.0,0,0.02666666666666667,0
166,PAYMENT,16517.63,C3828935922,23731.97,7214.34,M8058679999,0.0,0.0,0,0.0,0
199,TRANSFER,4.61,C5976777081,6.53,1.92,C8664882079,1536.61,1541.22,0,0.0033333333333333335,0
256,TRANSFER,59.26,C5184564874,56.88,0.0,M8727805468,0.0,0.0,1,0.23666666666666666,0
213,TRANSFER,1.0,C6822870815,0.0,0.0,C6892752604,314983.44,314984.44,0,0.0,0
125,CASH_OUT,99258.86,C1521521078,88198.98,0.0,M6045729129,0.0,0.0,1,0.04,0
371,TRANSFER,1.0,C9523104008,0.0,0.0,C5058691146,26120.0,26121.0,0,0.0,0
247,CASH_OUT,1.0,C8527715219,0.0,0.0,C1248704157,48150.54,48150.54,0,0.0,0
364,TRANSFER,21.31,C8229344434,70.8,49.49,C8497938394,0.0,21.31,0,0.15666666666666668,0
674,PAYMENT,2627.15,C3515167269,3008.18,381.03,M8667946580,0.0,0.0,0,0.0,0
245,PAYMENT,1.0,C4956362540,0.0,0.0,M9020002737,0.0,0.0,0,0.0,0
320,DEBIT,35810.13,C9250327663,134641.26,98831.13,M4125758723,0.0,0.0,0,0.006666666666666667,0
441,DEBIT,1.0,C1785418196,0.0,0.0,M7343954769,0.0,0.0,0,0.05,0
15,DEBIT,36.64,C5336127859,108.15,71.51,M3072183247,0.0,0.0,0,0.016666666666666666,0
388,TRANSFER,83.7,C1005502537,292.57,208.87,C9798613995,338.35,422.05,0,0.006666666666666667,0
316,TRANSFER,8.13,C8261111839,13.59,5.46,C1847275937,2.8,10.93,0,0.15333333333333332,0
649,PAYMENT,868.75,C8796293088,1786.87,918.12,M6199197408,0.0,0.0,0,0.0,0
340,TRANSFER,401.15,C5982744929,472.47,71.32,M6384311581,0.0,0.0,1,0.15,0
313,CASH_IN,145073.06,C9704383251,7.81,145080.87,C3674551397,676.17,676.17,0,0.0,0
365,TRANSFER,16344.63,C7767834064,16784.35,439.72,M8790289305,0.0,0.0,1,0.2633333333333333,0
157,PAYMENT,1.0,C8763140509,0.0,0.0,M4390543744,0.0,0.0,0,0.0,0
200,CASH_OUT,23.69,C2846465000,43.91,20.22,C6027311960,121.91,121.91,0,0.0,0
485,TRANSFER,883.07,C5130589741,115868.87,114985.8,C7380780055,0.0,883.07,0,0.023333333333333334,0
214,TRANSFER,49.47,C5884391502,68.96,19.49,C7573691558,0.0,49.47,0,0.16,0
639,CASH_OUT,1203.6,C9953941533,1099.08,0.0,M9631695368,0.0,0.0,1,0.19,0
614,CASH_OUT,4368.28,C5714169271,4664.66,296.38,M2625035499,0.0,0.0,1,0.03,0
220,PAYMENT,1.0,C1614685938,0.0,0.0,M3192202822,0.0,0.0,0,0.0,0
594,PAYMENT,3602.77,C9432088993,7340.05,3737.28,M6763471833,0.0,0.0,0,0.0,0
84,TRANSFER,3100.83,C2616884203,3209.59,108.76,C6477862024,912.73,912.73,1,0.03,0
589,PAYMENT,53.89,C6206015111,76.07,22.18,M1083302600,0.0,0.0,0,0.0,0
164,CASH_IN,9950.92,C9376277483,645.41,10596.33,C1952396600,185.95,185.95,0,0.0,0
315,PAYMENT,1.0,C3075362821,0.0,0.0,M2115406331,0.0,0.0,0,0.0,0
80,TRANSFER,2629.06,C8832617672,2835.86,206.8,M6744039057,0.0,0.0,1,0.17666666666666667,0
434,CASH_OUT,3.14,C9922723063,11.45,8.31,C6805759868,0.0,0.0,0,0.05333333333333334,0
258,TRANSFER,35341.6,C6588252632,36026.77,685.17,M3192202822,0.0,0.0,1,0.25666666666666665,0
544,PAYMENT,1.0,C8270110908,0.0,0.0,M1343875431,0.0,0.0,0,0.0,0
272,CASH_OUT,88.57,C3906611156,98.97,10.4,M8235474949,0.0,0.0,1,0.0033333333333333335,0
466,PAYMENT,246.01,C1958682846,280.39,34.38,M3094407076,0.0,0.0,0,0.0,0
701,PAYMENT,189.38,C3567900251,19528.26,19338.88,M6011842297,0.0,0.0,0,0.0,0
582,PAYMENT,4337.28,C9270323795,5505.65,1168.37,M4896576569,0.0,0.0,0,0.0,0
336,CASH_OUT,76.63,C9830946410,180.55,103.92,C2515672889,97578.69,97578.69,0,0.0,0
560,PAYMENT,1.0,C8880184233,0.0,0.0,M8144352013,0.0,0.0,0,0.0,0
96,PAYMENT,14.12,C9943959352,18.47,4.35,M9065458220,0.0,0.0,0,0.0,0
498,TRANSFER,7236.15,C5071897791,8291.24,1055.09,M9398575277,0.0,0.0,1,0.3233333333333333,0
127,PAYMENT,1.0,C4655730355,0.0,0.0,M1666898313,0.0,0.0,0,0.0,0
672,PAYMENT,254.88,C4509456565,23449.86,23194.98,M6313472215,0.0,0.0,0,0.0,0
215,TRANSFER,2692.09,C8339176912,3678.76,986.67,M5869990861,0.0,0.0,1,0.16666666666666666,0
213,CASH_OUT,3490.92,C5667503195,4216.98,726.06,C9147736635,1.0,1.0,1,0.0,0
481,PAYMENT,11.79,C4356175095,31.21,19.42,M6525576685,0.0,0.0,0,0.0,0
531,CASH_OUT,4.7,C1667779376,15.98,11.28,C4131356954,2229.9,2229.9,0,0.023333333333333334,0
385,PAYMENT,63.81,C7910439839,116.03,52.22,M6515490818,0.0,0.0,0,0.0,0
117,CASH_OUT,1.0,C3035761595,0.0,0.0,C1657675888,3577.89,3577.89,0,0.0,0
292,TRANSFER,5058.21,C6461974809,4339.64,0.0,C6955593943,94.08,94.08,1,0.32,0
499,TRANSFER,97332.43,C2965164102,97854.9,522.47,C1439427140,0.0,0.0,1,0.36333333333333334,0
293,PAYMENT,1714.48,C8933377472,3835.75,2121.27,M7532669066,0.0,0.0,0,0.0,0
541,CASH_OUT,1324.45,C3127657643,1161.88,0.0,M2625035499,0.0,0.0,1,0.19333333333333333,0
235,CASH_OUT,25779.74,C2941508568,22042.51,0.0,M2655546199,0.0,0.0,1,0.03666666666666667,0
587,CASH_OUT,4.18,C8235363119,6.46,2.28,C8831899893,0.0,0.0,0,0.04666666666666667,0
591,TRANSFER,3400.99,C7059726570,4892.93,1491.94,C7074050517,49471.78,52872.77,0,0.006666666666666667,0
86,CASH_OUT,1.0,C8809871735,0.0,0.0,C8093179263,16992.75,16992.75,0,0.006666666666666667,0
718,TRANSFER,109.04,C7660157097,134.27,25.23,C4693510920,0.0,0.0,1,0.16666666666666666,0
383,PAYMENT,31.37,C8293453178,40.0,8.63,M2228388623,0.0,0.0,0,0.0,0
266,PAYMENT,44.68,C2073755632,17693.04,17648.36,M3476758136,0.0,0.0,0,0.0,0
270,PAYMENT,1.0,C7420493866,0.0,0.0,M7340036327,0.0,0.0,0,0.0,0
224,PAYMENT,1.0,C7196439534,0.0,0.0,M1732578761,0.0,0.0,0,0.0,0
56,PAYMENT,67.12,C6517150278,140.78,73.66,M4820942294,0.0,0.0,0,0.0,0
296,CASH_OUT,25678.23,C5035765954,33619.66,7941.43,C6558450990,0.0,0.0,0,0.0,0
190,TRANSFER,2128.98,C1094115188,2126.6,0.0,C5199176431,27382.25,27382.25,1,0.01,0
343,PAYMENT,26.89,C5759272717,40.85,13.96,M7343954769,0.0,0.0,0,0.0,0
657,TRANSFER,4754.52,C7208619610,4345.94,0.0,C9455610447,166.8,166.8,1,0.5466666666666666,1
650,TRANSFER,15406.92,C4965395580,19600.36,4193.44,C6458544482,237.49,237.49,1,0.13666666666666666,0
8,TRANSFER,2454.9,C9274189261,3166.33,711.43,M6732306182,0.0,0.0,1,0.16,0
702,TRANSFER,419.48,C3515167269,381.03,0.0,M2243802345,0.0,0.0,1,0.23,0
336,PAYMENT,10.4,C3206955437,14.1,3.7,M5815678365,0.0,0.0,0,0.0,0
696,TRANSFER,1471.14,C1770278136,2023.95,552.81,M3960136787,0.0,0.0,1,0.26,0
458,CASH_OUT,1.0,C3051831252,0.0,0.0,C2267619081,0.0,0.0,0,0.09333333333333334,0
635,PAYMENT,3518.22,C6246716604,5776.34,2258.12,M6011842297,0.0,0.0,0,0.0,0
2,CASH_OUT,1049.07,C8477300991,2223.29,1174.22,C1408988968,14.72,14.72,0,0.013333333333333334,0
146,CASH_OUT,31.53,C4096932037,42.17,10.64,C7552812957,54272.54,54272.54,0,0.0,0
588,PAYMENT,606.08,C8132531532,4349.34,3743.26,M2571632270,0.0,0.0,0,0.0,0
296,CASH_OUT,768.84,C9805620900,834.18,65.34,C6313758032,417.62,417.62,0,0.02,0
621,DEBIT,15426.75,C4398953973,21283.52,5856.77,M6651020291,0.0,0.0,0,0.03333333333333333,0
585,PAYMENT,131.0,C8055515912,717.24,586.24,M8083396378,0.0,0.0,0,0.0,0
502,TRANSFER,5465.68,C1261903104,6927.11,1461.43,C6562457052,1174.86,1174.86,1,0.05,0
470,CASH_IN,22821.06,C9248574674,0.15,22821.21,C5083595988,32.6,32.6,0,0.0,0
245,CASH_OUT,122.29,C7757700186,334.79,212.5,C1045302356,7.09,7.09,0,0.0033333333333333335,0
277,PAYMENT,68.14,C9618334441,94.46,26.32,M8667946580,0.0,0.0,0,0.0,0
75,PAYMENT,124.71,C5945359606,152.81,28.1,M3566125120,0.0,0.0,0,0.0,0
419,PAYMENT,2062.8,C5058691146,26121.0,24058.2,M4160161496,0.0,0.0,0,0.0,0
527,PAYMENT,1.0,C3792347639,0.0,0.0,M8858274691,0.0,0.0,0,0.0,0
206,TRANSFER,5857.26,C5931025271,4902.82,0.0,M8044997538,0.0,0.0,1,0.8033333333333333,1
365,PAYMENT,9112.96,C3691864041,52022.66,42909.7,M2328736852,0.0,0.0,0,0.0,0
585,PAYMENT,1.0,C9033653743,0.0,0.0,M6820149016,0.0,0.0,0,0.0,0
79,CASH_IN,2378.75,C1857596764,2463.67,4842.42,C2952996248,461.28,461.28,0,0.0,0
281,CASH_OUT,1.0,C7208619610,0.0,0.0,C2602884797,305.49,305.49,0,0.016666666666666666,0
33,TRANSFER,40223.5,C5297902885,171314.51,131091.01,C8506931282,0.0,40223.5,0,0.0,0
532,TRANSFER,27.62,C6566372886,56.67,29.05,C8215470878,90688.61,90716.23,0,0.0,0
710,TRANSFER,1.0,C6405851839,0.0,0.0,C3424843951,0.0,1.0,0,0.21333333333333335,0
602,CASH_IN,30309.36,C4302632494,0.0,30309.36,C7389111087,0.0,0.0,0,0.0,0
364,PAYMENT,1.0,C7872090713,1.51,0.51,M9576264323,0.0,0.0,0,0.0,0
71,TRANSFER,19798.2,C6242173772,17749.64,0.0,M8063693463,0.0,0.0,1,0.89,1
690,TRANSFER,1191.33,C7059726570,1491.94,300.61,C1131671246,22079.68,22079.68,1,0.006666666666666667,0
198,PAYMENT,17.4,C3598862507,65.74,48.34,M8458323087,0.0,0.0,0,0.0,0
568,CASH_OUT,502.28,C5140460939,588.95,86.67,C7625464411,170.17,170.17,0,0.03,0
28,TRANSFER,83.18,C4277422858,123.28,40.1,C3365835550,530.73,613.91,0,0.01,0
328,CASH_OUT,12.97,C5728897164,20.56,7.59,C5376302686,1060.42,1060.42,0,0.01,0
76,TRANSFER,1520.48,C2145921803,1332.4,0.0,M5815678365,0.0,0.0,1,0.37666666666666665,0
562,TRANSFER,24.64,C3421719519,36.12,11.48,C4668931881,9061.49,9086.13,0,0.01,0
104,PAYMENT,18755.55,C3511301900,112490.86,93735.31,M6515490818,0.0,0.0,0,0.0,0
304,TRANSFER,951.63,C4659306670,1141.79,190.16,M5535650160,0.0,0.0,1,0.10666666666666667,0
629,TRANSFER,3917.14,C8131923452,4530.91,613.77,C6582557981,0.0,3917.14,1,0.05333333333333334,0
457,TRANSFER,42.54,C7845366946,56.28,13.74,C7666869046,139.85,182.39,1,0.06666666666666667,0
481,PAYMENT,81.01,C2866092821,106.29,25.28,M9916475897,0.0,0.0,0,0.0,0
353,PAYMENT,13.14,C8229344434,49.49,36.35,M4093474499,0.0,0.0,0,0.0,0
616,CASH_OUT,1.0,C7645527239,0.0,0.0,C2843567009,0.0,0.0,0,0.06333333333333334,0
50,TRANSFER,28184.62,C1141312095,39887.64,11703.02,C7602474923,4.54,28189.16,0,0.0,0
674,CASH_OUT,28349.35,C8816681105,26076.72,0.0,M5325865521,0.0,0.0,1,0.17666666666666667,0
142,TRANSFER,1256.36,C1834624758,1164.12,0.0,C8706093841,0.0,0.0,1,0.3433333333333333,0
80,TRANSFER,148.57,C5161807235,127.69,0.0,M1099218439,0.0,0.0,1,0.24,0
490,PAYMENT,233.04,C2825957977,356.85,123.81,M9255306810,0.0,0.0,0,0.0,0
388,DEBIT,50.88,C6955593943,94.08,43.2,M8389750357,0.0,0.0,0,0.02666666666666667,0
242,DEBIT,8.7,C8543865915,10.38,1.68,M3072183247,0.0,0.0,0,0.03333333333333333,0
260,PAYMENT,12.64,C1276905285,2557.33,2544.69,M7713758036,0.0,0.0,0,0.0,0
539,PAYMENT,1.72,C7287517250,256.41,254.69,M9921025990,0.0,0.0,0,0.0,0
571,PAYMENT,205.18,C9553561889,422.06,216.88,M2773408660,0.0,0.0,0,0.0,0
116,DEBIT,17.97,C5364727160,70.0,52.03,M4242579642,0.0,0.0,0,0.02,0
243,CASH_OUT,47942.3,C6272000062,87953.53,40011.23,C1657675888,3577.89,3577.89,0,0.0,0
425,TRANSFER,62.74,C8178361487,72.92,10.18,C8926438617,1241.18,1303.92,0,0.04666666666666667,0
521,CASH_OUT,64.19,C9941564880,65.56,1.37,C9919491730,163.38,163.38,1,0.04,0
647,PAYMENT,1819.52,C1116402431,2604.2,784.68,M7678293431,0.0,0.0,0,0.0,0
613,DEBIT,1.0,C2503068227,0.0,0.0,M6011842297,0.0,0.0,0,0.05333333333333334,0
85,TRANSFER,5.12,C8293453178,8.63,3.51,C4655730355,0.0,5.12,0,0.17333333333333334,0
123,CASH_OUT,178.07,C7193532615,230.79,52.72,M8325043570,0.0,0.0,1,0.0033333333333333335,0
317,TRANSFER,2491.89,C5489485517,2585.98,94.09,M7948094928,0.0,0.0,1,0.39,0
673,CASH_OUT,1.0,C1422701550,0.0,0.0,C6797174636,2581.66,2581.66,0,0.02666666666666667,0
2,TRANSFER,2.43,C6944371787,3.05,0.62,C1361845490,2355.72,2358.15,0,0.006666666666666667,0
452,TRANSFER,2760.29,C7369118672,2363.26,0.0,C6910112521,0.0,0.0,1,0.87,1
22,CASH_OUT,43.24,C5364727160,52.03,8.79,M3223687972,0.0,0.0,1,0.0033333333333333335,0
420,CASH_OUT,1.0,C7910817577,0.0,0.0,C3674551397,676.17,676.17,0,0.10666666666666667,0
415,TRANSFER,131.84,C2168041588,139.31,7.47,C1792214339,5867.57,5999.41,1,0.01,0
145,TRANSFER,2612.02,C2178158203,3215.0,602.98,M8728631945,0.0,0.0,1,0.12666666666666668,0
192,PAYMENT,69.99,C8313706299,590.29,520.3,M8728631945,0.0,0.0,0,0.0,0
582,PAYMENT,23.68,C3995732958,38.49,14.81,M4896576569,0.0,0.0,0,0.0,0
23,TRANSFER,124.61,C8833889083,141.43,16.82,C4277422858,40.1,40.1,1,0.11,0
656,TRANSFER,5203.96,C4500557310,4990.23,0.0,C2242377075,5.48,5.48,1,0.8733333333333333,1
669,PAYMENT,5545.64,C2178884276,6741.68,1196.04,M4399143287,0.0,0.0,0,0.0,0
652,TRANSFER,1.0,C6214917780,0.0,0.0,C1104906255,472.07,473.07,0,0.1,0
546,TRANSFER,1.0,C7462972995,0.0,0.0,C2079770569,5.98,6.98,0,0.19333333333333333,0
716,TRANSFER,235.12,C8737025391,506.22,271.1,C3880327491,0.0,235.12,0,0.06,0
639,CASH_OUT,947.11,C6726515966,1084.91,137.8,M3438830691,0.0,0.0,1,0.02666666666666667,0
331,DEBIT,1023.07,C7873709012,185805.28,184782.21,M6101516825,0.0,0.0,0,0.006666666666666667,0
614,TRANSFER,220.95,C4098389895,244.43,23.48,C2602884797,305.49,305.49,1,0.07333333333333333,0
618,PAYMENT,51.19,C5067245523,82.03,30.84,M8458323087,0.0,0.0,0,0.0,0
471,CASH_OUT,904.7,C2653032484,759.02,0.0,C4946081594,21.33,21.33,1,0.18666666666666668,0
491,TRANSFER,1846.6,C7872090713,2014.31,167.71,M4908108692,0.0,0.0,1,0.29,0
548,PAYMENT,1.0,C6038780151,0.0,0.0,M8548290298,0.0,0.0,0,0.0,0
525,TRANSFER,245.34,C6204041308,230.39,0.0,C3780475472,317.64,317.64,1,0.09666666666666666,0
704,PAYMENT,1.0,C7536876169,0.0,0.0,M1811839103,0.0,0.0,0,0.0,0
155,CASH_IN,1045.22,C2854772804,0.0,1045.22,C7904559790,0.0,0.0,0,0.0033333333333333335,0
613,CASH_OUT,1.0,C7935554354,0.0,0.0,C2065354117,28709.24,28709.24,0,0.016666666666666666,0
680,CASH_OUT,1947.18,C7174772035,3697.54,1750.36,C3196545325,0.0,0.0,0,0.023333333333333334,0
700,CASH_OUT,2399.65,C1276905285,2544.69,145.04,C8969097897,0.0,0.0,0,0.023333333333333334,0
305,CASH_OUT,2317.59,C5976777081,2803.41,485.82,C9484167278,268297.0,268297.0,1,0.0,0
40,CASH_OUT,10.41,C3815235019,17.22,6.81,C8252045593,0.0,0.0,0,0.0033333333333333335,0
79,TRANSFER,18820.3,C1139082827,20895.65,2075.35,C1625217504,0.0,18820.3,0,0.0,0
669,PAYMENT,662.34,C2537965898,830.97,168.63,M3094407076,0.0,0.0,0,0.0,0
651,TRANSFER,4650.8,C7316122432,4757.68,106.88,M7340036327,0.0,0.0,1,0.5266666666666666,1
399,PAYMENT,1.0,C3171050399,0.0,0.0,M7514017540,0.0,0.0,0,0.0,0
170,TRANSFER,15.9,C2846465000,20.22,4.32,C7784217828,16465.45,16481.35,0,0.0,0
92,CASH_OUT,709.99,C2601198885,770.43,60.44,M3313346852,0.0,0.0,1,0.0033333333333333335,0
274,PAYMENT,11200.0,C5033992825,12262.35,1062.35,M5325865521,0.0,0.0,0,0.0,0
73,CASH_OUT,1085.88,C2994056084,1396.37,310.49,C5293274004,0.0,0.0,0,0.0,0
661,CASH_OUT,31385.02,C2965718821,26403.12,0.0,C5774080233,0.0,0.0,1,0.14666666666666667,0
558,TRANSFER,1228.4,C9771848610,1391.83,163.43,M2418407139,0.0,0.0,1,0.16333333333333333,0
199,TRANSFER,354.13,C7380780055,883.07,528.94,C9989642546,0.0,354.13,0,0.013333333333333334,0
231,TRANSFER,11431.48,C6991473746,10965.02,0.0,M3605446007,0.0,0.0,1,0.8266666666666667,1
111,CASH_OUT,1898.72,C7801948900,1603.46,0.0,C1039262289,162.48,162.48,1,0.03666666666666667,0
330,TRANSFER,4990.31,C2181241943,4477.65,0.0,M1811839103,0.0,0.0,1,0.7466666666666667,1
465,CASH_OUT,741.24,C6588252632,685.17,0.0,M6763471833,0.0,0.0,1,0.20333333333333334,0
248,PAYMENT,7.32,C6171239466,13.49,6.17,M8366710477,0.0,0.0,0,0.0,0
535,CASH_OUT,1.0,C1741134891,0.0,0.0,C8758809005,1380.44,1380.44,0,0.043333333333333335,0
658,CASH_OUT,615.58,C8131923452,613.77,0.0,M1692044390,0.0,0.0,1,0.13333333333333333,0
111,CASH_OUT,23092.08,C3047869247,32247.31,9155.23,C1417436465,0.0,0.0,1,0.0,0
297,PAYMENT,199.7,C8025152555,302.57,102.87,M6763471833,0.0,0.0,0,0.0,0
569,CASH_OUT,33.21,C5785481124,95.08,61.87,C4046558332,3762.05,3762.05,0,0.02666666666666667,0
108,TRANSFER,367.05,C6882074066,467.07,100.02,C5819946657,3.3,3.3,1,0.14666666666666667,0
4,PAYMENT,85.75,C2349641712,220.68,134.93,M8727805468,0.0,0.0,0,0.0,0
577,TRANSFER,78.9,C2014766981,84.28,5.38,C6557907251,0.0,0.0,1,0.18,0
177,PAYMENT,4167.94,C3313993297,6687.07,2519.13,M2555936898,0.0,0.0,0,0.0,0
182,TRANSFER,536.34,C8625905455,466.79,0.0,C8471762590,0.0,536.34,1,0.04666666666666667,0
595,DEBIT,20.61,C3933213766,24.73,4.12,M9026301048,0.0,0.0,0,0.04,0
646,TRANSFER,270.57,C4015479599,531.53,260.96,C7910439839,52.22,322.79,0,0.056666666666666664,0
335,TRANSFER,7655.43,C1639509845,8919.23,1263.8,C3367665472,221.36,7876.79,0,0.0,0
207,TRANSFER,175.45,C4972536230,239.14,63.69,M5380159400,0.0,0.0,1,0.16,0
227,PAYMENT,1.0,C3694860228,0.0,0.0,M2711123163,0.0,0.0,0,0.0,0
672,CASH_OUT,872.13,C1257324536,804.44,0.0,C1036351450,19.84,19.84,1,0.21666666666666667,0
283,TRANSFER,564.84,C5943324387,856.72,291.88,C3725152347,14.08,578.92,0,0.0,0
557,CASH_OUT,872.73,C2009317340,1191.95,319.22,M5380159400,0.0,0.0,1,0.03,0
604,TRANSFER,3618.69,C9067664957,4285.59,666.9,M7969674420,0.0,0.0,1,0.31333333333333335,0
709,PAYMENT,1.0,C6720572969,0.0,0.0,M7951820749,0.0,0.0,0,0.0,0
310,PAYMENT,1.0,C4956362540,0.0,0.0,M3317856944,0.0,0.0,0,0.0,0
61,DEBIT,21.44,C8241550421,27.02,5.58,M9977193987,0.0,0.0,0,0.02,0
610,CASH_IN,19595.86,C8241550421,5.58,19601.44,C3971203213,337.7,337.7,0,0.0,0
655,TRANSFER,16678.61,C7590302909,18833.81,2155.2,M3534186676,0.0,0.0,1,0.3466666666666667,0
321,CASH_OUT,22.75,C2950049698,44.69,21.94,C2224336336,189.89,189.89,0,0.0033333333333333335,0
148,CASH_OUT,1.0,C4500557310,0.0,0.0,C4172006012,1263.34,1263.34,0,0.0033333333333333335,0
622,PAYMENT,3.38,C6719736115,4.48,1.1,M2604788242,0.0,0.0,0,0.0,0
576,TRANSFER,83.44,C6517150278,73.66,0.0,C6317189421,0.0,83.44,1,0.23666666666666666,0
173,PAYMENT,111.08,C8942167666,315.87,204.79,M8790289305,0.0,0.0,0,0.0,0
50,PAYMENT,1.0,C6557907251,0.0,0.0,M1306420495,0.0,0.0,0,0.0,0
180,PAYMENT,17560.84,C9986353481,17960.76,399.92,M9977193987,0.0,0.0,0,0.0,0
493,PAYMENT,619.65,C3918046336,719.12,99.47,M5315720088,0.0,0.0,0,0.0,0
51,CASH_OUT,4432.27,C5993571693,4010.79,0.0,C6534540349,149533.27,149533.27,1,0.0,0
457,TRANSFER,246.23,C1484230338,341.42,95.19,C8093179263,16992.75,17238.98,0,0.0033333333333333335,0
135,PAYMENT,1.0,C4268713302,0.0,0.0,M1694904767,0.0,0.0,0,0.0,0
185,DEBIT,1437.06,C1209063208,1886.8,449.74,M7713758036,0.0,0.0,0,0.013333333333333334,0
11,CASH_OUT,74.92,C2268006448,101.17,26.25,C1643611097,27.82,27.82,0,0.006666666666666667,0
174,TRANSFER,199037.5,C6340003593,262883.33,63845.83,M4211837506,0.0,0.0,1,0.24333333333333335,0
125,TRANSFER,1711.36,C9630522755,1784.72,73.36,C6844582171,0.0,1711.36,1,0.03333333333333333,0
285,DEBIT,1712.08,C5100282913,5221.36,3509.28,M8458323087,0.0,0.0,0,0.013333333333333334,0
493,TRANSFER,83.95,C3360791536,106.63,22.68,M3192202822,0.0,0.0,1,0.17666666666666667,0
6,TRANSFER,417.89,C2554039848,416.33,0.0,C4037270171,0.0,0.0,1,0.23666666666666666,0
175,CASH_OUT,1343.04,C3412273600,2624.46,1281.42,C8689593739,1005.69,1005.69,0,0.0,0
569,TRANSFER,1132.62,C8826851692,1166.26,33.64,M7948094928,0.0,0.0,1,0.25,0
231,DEBIT,1436.7,C9032096058,3273.95,1837.25,M6846530109,0.0,0.0,0,0.013333333333333334,0
279,TRANSFER,37679.36,C5911625145,49133.73,11454.37,C1674555072,568.01,38247.37,0,0.0,0
303,CASH_OUT,50.6,C7710396573,73.12,22.52,C7226553010,0.0,0.0,0,0.006666666666666667,0
266,PAYMENT,979.1,C1067198189,97854.06,96874.96,M2243802345,0.0,0.0,0,0.0,0
239,PAYMENT,186.9,C4226113732,226.7,39.8,M6041646576,0.0,0.0,0,0.0,0
475,TRANSFER,2999.62,C5789633176,3113.88,114.26,M5270048042,0.0,0.0,1,0.49666666666666665,0
404,PAYMENT,2843.99,C6534540349,149533.27,146689.28,M7514017540,0.0,0.0,0,0.0,0
258,CASH_OUT,687.43,C3465740756,723.95,36.52,C7934137693,71964.62,71964.62,0,0.0,0
622,PAYMENT,1.0,C3532855799,1.58,0.58,M8389750357,0.0,0.0,0,0.0,0
647,CASH_OUT,424.65,C5512036684,483.07,58.42,C6623360831,1777.95,1777.95,1,0.023333333333333334,0
514,TRANSFER,176.91,C9842186844,159.67,0.0,M4588312351,0.0,0.0,1,0.23,0
670,TRANSFER,528.12,C2331039957,701.06,172.94,M4160161496,0.0,0.0,1,0.11666666666666667,0
707,TRANSFER,1.0,C5141285960,0.0,0.0,C1112794026,1641.59,1642.59,0,0.06666666666666667,0
92,CASH_OUT,14.1,C4356175095,19.42,5.32,C9249923427,304.59,304.59,0,0.0,0
619,PAYMENT,2360.98,C9165632300,5964.72,3603.74,M3156792018,0.0,0.0,0,0.0,0
168,PAYMENT,1.0,C4750707607,0.0,0.0,M8727805468,0.0,0.0,0,0.0,0
654,TRANSFER,49.88,C9573276057,80.89,31.01,C3987248494,1877.37,1927.25,0,0.05,0
78,DEBIT,37091.41,C7805633786,135837.18,98745.77,M3534186676,0.0,0.0,0,0.006666666666666667,0
264,CASH_OUT,1.0,C1519709079,0.0,0.0,C7801948900,0.0,0.0,0,0.02666666666666667,0
648,CASH_IN,65489.36,C6633778586,0.0,65489.36,C6923301988,1233.49,1233.49,0,0.0,0
130,TRANSFER,1.0,C5569145346,0.0,0.0,C2480915452,1731.99,1732.99,0,0.006666666666666667,0
73,DEBIT,1.0,C8274219704,1.0,0.0,M5535650160,0.0,0.0,0,0.03,0
539,CASH_OUT,107.08,C4714465905,147.85,40.77,C5778781449,0.0,0.0,0,0.03333333333333333,0
683,TRANSFER,391.99,C1770278136,552.81,160.82,M3317856944,0.0,0.0,1,0.12,0
365,PAYMENT,1.0,C7292076361,0.0,0.0,M4211837506,0.0,0.0,0,0.0,0
484,TRANSFER,15.11,C3612617557,47.18,32.07,C9049270990,0.0,15.11,0,0.17,0
720,TRANSFER,98.01,C3971203213,337.7,239.69,C2948728483,8.78,106.79,0,0.07333333333333333,0
14,CASH_OUT,1.55,C7958672456,4.47,2.92,C1124331395,0.0,0.0,0,0.006666666666666667,0
453,TRANSFER,3.31,C2168041588,7.47,4.16,C7590302909,2155.2,2158.51,0,0.04666666666666667,0
491,TRANSFER,30144.27,C9098129449,139894.87,109750.6,C2633177480,18980.85,49125.12,0,0.0,0
129,PAYMENT,1.7,C9085085822,4.15,2.45,M1343875431,0.0,0.0,0,0.0,0
139,PAYMENT,1.0,C6128695961,0.0,0.0,M4242579642,0.0,0.0,0,0.0,0
100,TRANSFER,604.47,C9954587710,969.3,364.83,C5482431018,0.0,604.47,0,0.0033333333333333335,0
615,TRANSFER,66.81,C1288765093,214.32,147.51,C5135595227,5.05,71.86,0,0.12333333333333334,0
669,CASH_OUT,197.6,C4605117440,185.38,0.0,M4896576569,0.0,0.0,1,0.07,0
46,CASH_OUT,12553.89,C5694190173,15869.97,3316.08,C8110054933,249.04,249.04,0,0.0,0
583,PAYMENT,16.5,C8578226896,23.6,7.1,M8144889126,0.0,0.0,0,0.0,0
262,PAYMENT,643.92,C2178884276,1196.04,552.12,M6651020291,0.0,0.0,0,0.0,0
487,TRANSFER,9373.7,C7403028869,7835.77,0.0,C2224336336,189.89,189.89,1,0.5333333333333333,1
250,CASH_OUT,930.66,C8375996697,850.83,0.0,M5919148165,0.0,0.0,1,0.12,0
400,CASH_OUT,1.0,C7208619610,0.0,0.0,C8033062794,0.16,0.16,0,0.03666666666666667,0
365,PAYMENT,15699.77,C9650701349,47023.43,31323.66,M5937271321,0.0,0.0,0,0.0,0
661,TRANSFER,30.56,C9806189256,40.31,9.75,C5789633176,114.26,144.82,0,0.07333333333333333,0
175,PAYMENT,3.74,C8734449371,1791.02,1787.28,M6659847491,0.0,0.0,0,0.0,0
546,CASH_OUT,2508.83,C8625774078,4983.71,2474.88,C9411532909,285.59,285.59,0,0.006666666666666667,0
117,PAYMENT,12926.75,C9454207717,20147.08,7220.33,M9523139706,0.0,0.0,0,0.0,0
130,PAYMENT,1.0,C1809283659,0.0,0.0,M1240140248,0.0,0.0,0,0.0,0
709,TRANSFER,28.91,C1644608746,137.3,108.39,C9981691030,24261.03,24289.94,0,0.0,0
52,PAYMENT,732.57,C6300607425,961.29,228.72,M4665677395,0.0,0.0,0,0.0,0
82,PAYMENT,1732.02,C6448001026,3066.78,1334.76,M7343954769,0.0,0.0,0,0.0,0
696,CASH_OUT,3988.02,C4207337120,5125.12,1137.1,C4946081594,21.33,21.33,0,0.023333333333333334,0
187,TRANSFER,48315.03,C4776677517,41227.46,0.0,M8144352013,0.0,0.0,1,0.8,1
681,PAYMENT,488.15,C2579206999,959.47,471.32,M1357561213,0.0,0.0,0,0.0,0
338,CASH_OUT,1.0,C3710566582,0.0,0.0,C7896596272,53435.45,53435.45,0,0.0,0
533,CASH_OUT,209.57,C2802141793,213.48,3.91,M5794335854,0.0,0.0,1,0.05333333333333334,0
636,CASH_OUT,805.99,C6477862024,912.73,106.74,C6947080764,0.0,0.0,0,0.03666666666666667,0
542,CASH_OUT,166.26,C4660390742,293.46,127.2,C7904559790,0.0,0.0,0,0.03333333333333333,0
653,TRANSFER,58.85,C7473868020,57.92,0.0,M8626371177,0.0,0.0,1,0.23333333333333334,0
573,PAYMENT,191.61,C8282534126,286.8,95.19,M2391874847,0.0,0.0,0,0.0,0
208,CASH_OUT,1193.6,C1261903104,1461.43,267.83,M3690714075,0.0,0.0,1,0.0,0
248,PAYMENT,108.91,C7640122370,215.09,106.18,M5919148165,0.0,0.0,0,0.0,0
362,TRANSFER,69.96,C3931997465,74.5,4.54,C4638577630,0.0,69.96,1,0.17,0
440,DEBIT,15460.45,C9094089209,22762.79,7302.34,M1692044390,0.0,0.0,0,0.03333333333333333,0
200,CASH_OUT,666.42,C4907446848,873.92,207.5,C4102821948,6450.07,6450.07,0,0.0033333333333333335,0
414,TRANSFER,12480.28,C7533932947,12972.01,491.73,M1888107487,0.0,0.0,1,0.29,0
115,CASH_OUT,42.51,C5569295400,100.64,58.13,C2020262123,27017.88,27017.88,0,0.0033333333333333335,0
448,TRANSFER,22779.31,C6562434335,22168.53,0.0,M1413599241,0.0,0.0,1,0.8733333333333333,1
83,CASH_OUT,554.76,C8109891300,694.58,139.82,C2067970820,0.0,0.0,0,0.0033333333333333335,0
603,CASH_OUT,35823.97,C3691864041,42909.7,7085.73,M2136107759,0.0,0.0,1,0.013333333333333334,0
14,TRANSFER,47949.6,C3550908958,140797.27,92847.67,C9904586976,110.88,48060.48,0,0.0,0
620,CASH_OUT,1.0,C3555656321,0.0,0.0,C9078786223,1466.94,1466.94,0,0.04,0
133,PAYMENT,112.79,C5227828349,175.87,63.08,M1908459040,0.0,0.0,0,0.0,0
51,PAYMENT,1.0,C8295757364,0.0,0.0,M5869990861,0.0,0.0,0,0.0,0
14,TRANSFER,1846.29,C6844582171,1711.36,0.0,C1572827654,0.0,0.0,1,0.37666666666666665,0
197,PAYMENT,1020.06,C8795212264,2675.17,1655.11,M3369412470,0.0,0.0,0,0.0,0
32,TRANSFER,4108.4,C6358023411,3801.78,0.0,M9043367776,0.0,0.0,1,0.7633333333333333,1
290,TRANSFER,188071.77,C5328166990,262420.51,74348.74,M1908459040,0.0,0.0,1,0.25333333333333335,0
686,TRANSFER,155.46,C5613655595,143.44,0.0,C7872873371,6341.35,6496.81,1,0.03666666666666667,0
652,PAYMENT,1.0,C5689870435,0.0,0.0,M6495967005,0.0,0.0,0,0.0,0
610,CASH_IN,10919.51,C2405746777,68.3,10987.81,C3259520140,1451.32,1451.32,0,0.0,0
693,PAYMENT,16.9,C5633956194,43.0,26.1,M1096405016,0.0,0.0,0,0.0,0
153,TRANSFER,1.0,C5695387521,1.0,0.0,C7640078465,36.05,37.05,0,0.15333333333333332,0
602,CASH_OUT,46944.04,C1749459431,163759.28,116815.24,C5935852056,39720.85,39720.85,0,0.0,0
678,CASH_OUT,8654.07,C6218955985,32004.05,23349.98,C6504099682,52285.06,52285.06,0,0.0,0
499,PAYMENT,1434.29,C3843139149,4327.83,2893.54,M2136107759,0.0,0.0,0,0.0,0
570,TRANSFER,398.7,C2830154607,553.53,154.83,C1602569046,37856.3,37856.3,1,0.0,0
364,CASH_OUT,38.58,C6048096802,51.32,12.74,C4538382315,2.49,2.49,1,0.01,0
245,TRANSFER,225.45,C5201221330,279.21,53.76,C4405620755,55.03,280.48,0,0.01,0
457,PAYMENT,1.0,C8779941999,0.0,0.0,M7351460539,0.0,0.0,0,0.0,0
231,PAYMENT,3947.07,C3716924538,4165.39,218.32,M2115406331,0.0,0.0,0,0.0,0
713,TRANSFER,1953.8,C8636525027,2193.25,239.45,M2115862756,0.0,0.0,1,0.28,0
677,PAYMENT,2176.31,C3420671425,4232.53,2056.22,M2518433834,0.0,0.0,0,0.0,0
240,TRANSFER,2273.72,C1361845490,2358.15,84.43,C7568861677,73045.34,73045.34,1,0.0,0
296,PAYMENT,1177.53,C6131005449,6478.6,5301.07,M4952177946,0.0,0.0,0,0.0,0
141,CASH_OUT,3.56,C2914126243,3.91,0.35,C1282103057,165.05,165.05,0,0.0,0
617,PAYMENT,92.73,C3698305085,259.38,166.65,M6200141898,0.0,0.0,0,0.0,0
193,DEBIT,157.5,C5407856339,184.43,26.93,M8276498637,0.0,0.0,0,0.016666666666666666,0
128,PAYMENT,340.45,C7635473142,593.53,253.08,M6932365592,0.0,0.0,0,0.0,0
651,TRANSFER,207.68,C3589530484,265.19,57.51,C4042413312,2.08,209.76,0,0.09333333333333334,0
11,PAYMENT,52.4,C9780187424,174.61,122.21,M3811254192,0.0,0.0,0,0.0,0
589,PAYMENT,53.18,C1553753599,66.38,13.2,M7437168216,0.0,0.0,0,0.0,0
586,PAYMENT,14737.66,C9744120054,112553.58,97815.92,M4390543744,0.0,0.0,0,0.0,0
229,CASH_OUT,36.24,C2825957977,123.81,87.57,C5292015249,447.15,447.15,0,0.006666666666666667,0
425,TRANSFER,294.22,C2178884276,552.12,257.9,C1674755608,1546.07,1840.29,0,0.023333333333333334,0
717,CASH_OUT,3841.51,C8532327465,3454.82,0.0,M1199447370,0.0,0.0,1,0.24333333333333335,0
72,PAYMENT,18.88,C7540301973,44.23,25.35,M1666898313,0.0,0.0,0,0.0,0
567,CASH_OUT,82.36,C1225447588,110.98,28.62,C8394198376,0.0,0.0,1,0.03666666666666667,0
625,CASH_OUT,1789.53,C3088517710,1503.29,0.0,M3476758136,0.0,0.0,1,0.17,0
130,PAYMENT,171.3,C7420846622,600.93,429.63,M2655546199,0.0,0.0,0,0.0,0
97,TRANSFER,5862.39,C9660523876,10009.92,4147.53,C8852676046,135672.77,141535.16,0,0.0,0
564,PAYMENT,3741.33,C1290050198,123450.83,119709.5,M2391874847,0.0,0.0,0,0.0,0
575,TRANSFER,164.23,C7666869046,182.39,18.16,C5400463094,151.45,151.45,1,0.08,0
230,CASH_OUT,1.0,C3196545325,0.0,0.0,C5087357728,15846.64,15846.64,0,0.0,0
699,TRANSFER,280.53,C3291226621,5359.07,5078.54,C5646880148,117.86,398.39,0,0.09333333333333334,0
408,TRANSFER,272.73,C3483827971,484.46,211.73,C5421051452,9150.53,9423.26,0,0.0,0
148,PAYMENT,2989.66,C6418365941,4589.4,1599.74,M5194066484,0.0,0.0,0,0.0,0
226,PAYMENT,5.13,C4178659381,12.19,7.06,M1999913493,0.0,0.0,0,0.0,0
289,PAYMENT,1134.0,C6923301988,1233.49,99.49,M4896576569,0.0,0.0,0,0.0,0
536,TRANSFER,45071.07,C8506931282,40223.5,0.0,M1504729135,0.0,0.0,1,0.9366666666666666,1
604,TRANSFER,259.44,C6859286614,371.72,112.28,C2503068227,0.0,259.44,0,0.08,0
151,PAYMENT,1634.51,C1749459431,116815.24,115180.73,M3297681898,0.0,0.0,0,0.0,0
359,TRANSFER,2605.87,C1594312071,11807.43,9201.56,C6299224734,71.91,2677.78,0,0.0,0
153,DEBIT,9.87,C1251837136,16.28,6.41,M2571632270,0.0,0.0,0,0.02,0
153,TRANSFER,1.0,C3470617247,0.0,0.0,C5474951950,702.04,703.04,0,0.013333333333333334,0
227,TRANSFER,33339.11,C6879428703,46334.83,12995.72,C7759781156,7255.95,40595.06,0,0.0,0
573,TRANSFER,4169.23,C1547374338,3894.83,0.0,C3597724331,0.0,0.0,1,0.9466666666666667,1
393,DEBIT,24746.14,C2289624427,151539.45,126793.31,M2695447268,0.0,0.0,0,0.01,0
27,CASH_OUT,1.0,C3149533961,0.0,0.0,C7560389844,24.05,24.05,0,0.0,0
443,PAYMENT,1.0,C5315211627,0.0,0.0,M6361225622,0.0,0.0,0,0.0,0
628,TRANSFER,5966.85,C3975418439,6660.59,693.74,M1099218439,0.0,0.0,1,0.3333333333333333,0
293,TRANSFER,1.84,C3931997465,4.54,2.7,C3615507143,40191.25,40193.09,0,0.0,0
47,CASH_OUT,605.01,C9717175839,710.91,105.9,M8548290298,0.0,0.0,1,0.0033333333333333335,0
267,PAYMENT,6695.05,C2660286914,88731.83,82036.78,M1458227039,0.0,0.0,0,0.0,0
306,CASH_OUT,2380.57,C6098775210,2842.05,461.48,M2916502228,0.0,0.0,1,0.006666666666666667,0
13,TRANSFER,751.2,C2388450337,836.26,85.06,M8144889126,0.0,0.0,1,0.15333333333333332,0
559,CASH_OUT,43096.59,C8690920484,38982.11,0.0,M1666898313,0.0,0.0,1,0.1,0
243,TRANSFER,1.0,C8055556030,0.0,0.0,C3894673596,2428.49,2429.49,0,0.0,0
484,TRANSFER,123.39,C9830946410,103.92,0.0,M9921025990,0.0,0.0,1,0.23333333333333334,0
271,CASH_OUT,1344.15,C6576395496,1476.71,132.56,M1199447370,0.0,0.0,1,0.0033333333333333335,0
45,TRANSFER,1.0,C3369305560,1.06,0.06,C8102515984,425.12,426.12,0,0.013333333333333334,0
370,PAYMENT,6.22,C1230624431,18.6,12.38,M9773795424,0.0,0.0,0,0.0,0
108,TRANSFER,4847.3,C8625905455,4916.64,69.34,M5270048042,0.0,0.0,1,0.44333333333333336,0
392,TRANSFER,13923.77,C3476426797,16467.26,2543.49,C6336171726,231.34,14155.11,0,0.0,0
642,TRANSFER,2100.02,C3591527330,2637.25,537.23,M2695447268,0.0,0.0,1,0.31,0
151,PAYMENT,338.53,C8471762590,536.34,197.81,M4689605624,0.0,0.0,0,0.0,0
687,PAYMENT,18992.49,C1489726608,29395.68,10403.19,M5919148165,0.0,0.0,0,0.0,0
120,CASH_OUT,3236.97,C7376649850,51122.73,47885.76,C6443749394,0.0,0.0,0,0.0,0
542,CASH_OUT,160.6,C7666869046,229.22,68.62,M3965860354,0.0,0.0,1,0.03666666666666667,0
318,TRANSFER,53.7,C5284391408,59.56,5.86,M6651020291,0.0,0.0,1,0.16333333333333333,0
186,CASH_IN,54467.56,C7623575561,31774.36,86241.92,C1287814151,0.0,0.0,0,0.0,0
396,TRANSFER,3250.74,C6048096802,4634.13,1383.39,M2635881694,0.0,0.0,1,0.21333333333333335,0
457,TRANSFER,27256.62,C4509456565,23194.98,0.0,M9043367776,0.0,0.0,1,0.8733333333333333,1
164,PAYMENT,9361.29,C2111272861,125497.11,116135.82,M1666898313,0.0,0.0,0,0.0,0
41,CASH_OUT,94350.81,C3033747850,87645.05,0.0,M5959736235,0.0,0.0,1,0.08666666666666667,0
547,CASH_OUT,3620.4,C6719736115,4935.78,1315.38,C6131005449,5301.07,5301.07,1,0.01,0
506,TRANSFER,257.23,C2963288053,252.66,0.0,C9704383251,145080.87,145080.87,1,0.0,0
160,CASH_IN,116052.89,C2914590233,0.0,116052.89,C3791815554,96998.83,96998.83,0,0.0,0
27,TRANSFER,3762.31,C2076151332,38979.29,35216.98,C2745958114,86.58,3848.89,0,0.0,0
573,TRANSFER,1.0,C3521166052,0.0,0.0,C8015775567,581.52,582.52,0,0.08666666666666667,0
133,TRANSFER,4868.79,C8867077130,4836.22,0.0,M6606958660,0.0,0.0,1,0.72,1
720,CASH_OUT,3.09,C2254516608,9.11,6.02,C7092693247,0.0,0.0,0,0.04,0
75,TRANSFER,277.23,C5151887478,267.14,0.0,M2129491690,0.0,0.0,1,0.24,0
183,TRANSFER,2593.85,C6884882440,3529.54,935.69,M4865979921,0.0,0.0,1,0.13333333333333333,0
448,TRANSFER,54395.59,C8901585274,59340.17,4944.58,M9444143872,0.0,0.0,1,0.30333333333333334,0
151,PAYMENT,149.05,C7635473142,253.08,104.03,M4390543744,0.0,0.0,0,0.0,0
229,CASH_OUT,143.0,C2349641712,134.93,0.0,M8138332494,0.0,0.0,1,0.02,0
19,PAYMENT,769.39,C7527316141,64758.15,63988.76,M1676220116,0.0,0.0,0,0.0,0
712,PAYMENT,11588.4,C3465883999,15741.18,4152.78,M4665677395,0.0,0.0,0,0.0,0
574,TRANSFER,1116.44,C5067245523,1069.35,0.0,M4211837506,0.0,0.0,1,0.44333333333333336,0
550,PAYMENT,14382.73,C8189916797,53520.16,39137.43,M9558906999,0.0,0.0,0,0.0,0
292,PAYMENT,1.0,C5667181604,0.0,0.0,M6820149016,0.0,0.0,0,0.0,0
539,TRANSFER,93908.47,C3667740351,114169.7,20261.23,C3271361431,1.0,93909.47,0,0.0,0
450,PAYMENT,85.7,C7508522951,111.1,25.4,M4952177946,0.0,0.0,0,0.0,0
47,PAYMENT,414.15,C1127978094,749.04,334.89,M8044997538,0.0,0.0,0,0.0,0
153,CASH_OUT,2936.06,C2970753705,3591.17,655.11,M2418407139,0.0,0.0,1,0.0,0
510,PAYMENT,1.0,C5931025271,0.0,0.0,M2778069478,0.0,0.0,0,0.0,0
471,CASH_OUT,85.32,C9411532909,285.59,200.27,C4012917912,35.23,35.23,0,0.03333333333333333,0
476,DEBIT,103.88,C1041531046,112.06,8.18,M6651754819,0.0,0.0,0,0.03333333333333333,0
159,CASH_OUT,34693.07,C3271361431,93909.47,59216.4,C4130305126,0.0,0.0,0,0.0,0
534,TRANSFER,3153.73,C3843139149,2893.54,0.0,C1375899416,2290.87,2290.87,1,0.29333333333333333,0
363,PAYMENT,26.74,C4972536230,63.69,36.95,M3508990774,0.0,0.0,0,0.0,0
155,DEBIT,1.0,C6711463258,0.0,0.0,M8768773991,0.0,0.0,0,0.03,0
607,PAYMENT,3.21,C6171239466,6.17,2.96,M3831598303,0.0,0.0,0,0.0,0
218,CASH_OUT,276.75,C5667503195,726.06,449.31,C6353758928,46.98,46.98,0,0.0033333333333333335,0
395,CASH_OUT,1796.17,C1322401182,1654.6,0.0,M3322580659,0.0,0.0,1,0.12666666666666668,0
439,PAYMENT,1.0,C1600337712,0.0,0.0,M2778069478,0.0,0.0,0,0.0,0
160,PAYMENT,20.8,C2139078760,69.69,48.89,M6011842297,0.0,0.0,0,0.0,0
21,TRANSFER,26.12,C5569295400,58.13,32.01,C9229469952,1236.83,1262.95,0,0.006666666666666667,0
519,TRANSFER,1.0,C7536876169,0.0,0.0,C1654602021,14.61,15.61,0,0.19333333333333333,0
656,CASH_OUT,1.0,C9369574998,0.0,0.0,C5891280823,8.23,8.23,0,0.05,0
406,PAYMENT,838.78,C6415031531,932.31,93.53,M5156392601,0.0,0.0,0,0.0,0
467,PAYMENT,1.0,C9776185998,0.0,0.0,M8861351706,0.0,0.0,0,0.0,0
323,TRANSFER,1100.85,C1639509845,1263.8,162.95,C6517150278,0.0,1100.85,0,0.0,0
123,PAYMENT,561.53,C8083175325,1774.89,1213.36,M1999913493,0.0,0.0,0,0.0,0
31,TRANSFER,1.0,C6687206971,1.0,0.0,C4734111722,0.0,1.0,0,0.22333333333333333,0
378,TRANSFER,1.0,C4482141802,0.0,0.0,C8239941612,0.0,1.0,0,0.22,0
629,CASH_OUT,341.59,C3780475472,317.64,0.0,C2525930586,40085.87,40085.87,1,0.03333333333333333,0
408,PAYMENT,46.37,C8025152555,102.87,56.5,M5734228580,0.0,0.0,0,0.0,0
156,CASH_OUT,1.0,C1515024824,0.17,0.0,C4786674545,646.6,646.6,0,0.006666666666666667,0
523,CASH_OUT,1.0,C6338036681,0.0,0.0,C7199283151,117558.92,117558.92,0,0.0,0
382,PAYMENT,1.02,C2099184899,6732.2,6731.18,M4456193555,0.0,0.0,0,0.0,0
362,PAYMENT,1.0,C4482238042,0.0,0.0,M9933702652,0.0,0.0,0,0.0,0
306,TRANSFER,570.07,C7763765757,621.41,51.34,C1981049082,10.11,580.18,0,0.013333333333333334,0
323,PAYMENT,7839.54,C8923555411,10039.16,2199.62,M6692705133,0.0,0.0,0,0.0,0
151,TRANSFER,1.0,C5315211627,0.0,0.0,C6155234610,31.04,32.04,0,0.15666666666666668,0
407,TRANSFER,24972.47,C3107125807,28718.15,3745.68,C3149533961,0.0,24972.47,0,0.006666666666666667,0
152,PAYMENT,3.07,C2075413763,15.13,12.06,M6866146362,0.0,0.0,0,0.0,0
330,CASH_OUT,7.22,C8833889083,16.82,9.6,C9863781331,57.79,57.79,0,0.0033333333333333335,0
603,TRANSFER,777.39,C7625389037,3305.34,2527.95,C9776185998,0.0,777.39,0,0.07333333333333333,0
613,PAYMENT,156.64,C9626333315,391.25,234.61,M1257854279,0.0,0.0,0,0.0,0
133,PAYMENT,294.48,C7417183769,134465.6,134171.12,M4122901114,0.0,0.0,0,0.0,0
294,TRANSFER,22311.8,C7602474923,28189.16,5877.36,C3874432021,0.0,22311.8,0,0.0033333333333333335,0
276,TRANSFER,1.0,C6852312425,0.0,0.0,C7706193636,6157.78,6158.78,0,0.0,0
409,TRANSFER,1.0,C7292376027,0.0,0.0,C5278201677,0.0,1.0,0,0.19666666666666666,0
274,TRANSFER,1.0,C2780136605,0.0,0.0,C2148679234,0.0,1.0,0,0.23333333333333334,0
610,CASH_OUT,9274.47,C7059591606,8776.59,0.0,C3343459102,0.0,0.0,1,0.25666666666666665,0
681,CASH_OUT,745.72,C9155819200,675.68,0.0,M3476758136,0.0,0.0,1,0.13,0
414,CASH_OUT,1.0,C4693510920,0.0,0.0,C9547119184,842.36,842.36,0,0.10333333333333333,0
81,PAYMENT,80.41,C8575707116,962.92,882.51,M4399143287,0.0,0.0,0,0.0,0
535,CASH_OUT,82.58,C7579604766,294.12,211.54,C5800633419,4015.34,4015.34,0,0.016666666666666666,0
580,CASH_OUT,304.91,C4485356009,261.49,0.0,C4550353803,4252.22,4252.22,1,0.03333333333333333,0
407,CASH_OUT,1103.61,C6673381261,1055.5,0.0,M4035639663,0.0,0.0,1,0.16666666666666666,0
7,CASH_IN,31842.24,C6385791669,122.97,31965.21,C4178659381,7.06,7.06,0,0.0,0
513,PAYMENT,1.0,C7420493866,0.0,0.0,M5694439775,0.0,0.0,0,0.0,0
170,TRANSFER,444.73,C6804850108,512.69,67.96,C6110943464,364.84,364.84,1,0.01,0
584,TRANSFER,1626.05,C9691572571,1630.44,4.39,M6384311581,0.0,0.0,1,0.3933333333333333,0
615,PAYMENT,198.76,C9798613995,422.05,223.29,M5570190774,0.0,0.0,0,0.0,0
465,PAYMENT,1847.4,C6341783555,10091.17,8243.77,M8102481401,0.0,0.0,0,0.0,0
89,PAYMENT,25.88,C6353758928,46.98,21.1,M2328736852,0.0,0.0,0,0.0,0
288,TRANSFER,49.32,C1011759631,64.0,14.68,M4865979921,0.0,0.0,1,0.16333333333333333,0
608,PAYMENT,343.01,C2458198451,91738.44,91395.43,M2635881694,0.0,0.0,0,0.0,0
389,PAYMENT,1.0,C4026379752,0.0,0.0,M1694904767,0.0,0.0,0,0.0,0
435,CASH_OUT,3571.22,C2464137110,3881.16,309.94,M2328736852,0.0,0.0,1,0.05,0
52,TRANSFER,838.54,C4682870880,1130.15,291.61,M4952177946,0.0,0.0,1,0.1,0
502,PAYMENT,22.28,C1855256552,28.53,6.25,M3831598303,0.0,0.0,0,0.0,0
147,PAYMENT,474.79,C4641561499,678.22,203.43,M4160161496,0.0,0.0,0,0.0,0
567,PAYMENT,25.97,C7430757004,87.11,61.14,M5564953924,0.0,0.0,0,0.0,0
520,TRANSFER,344.7,C2940955281,399.43,54.73,M7366396017,0.0,0.0,1,0.17,0
231,TRANSFER,9.26,C5610783750,14.92,5.66,C2616884203,108.76,118.02,0,0.03666666666666667,0
75,CASH_OUT,682.54,C8575707116,882.51,199.97,C7981077394,0.0,0.0,1,0.0033333333333333335,0
388,CASH_OUT,29.62,C8229344434,36.35,6.73,C6493800024,0.0,0.0,0,0.016666666666666666,0
117,TRANSFER,399.94,C7402059279,1653.47,1253.53,C8033062794,0.16,400.1,0,0.01,0
516,PAYMENT,3528.46,C9677466102,5304.91,1776.45,M3322580659,0.0,0.0,0,0.0,0
146,PAYMENT,61.02,C4070964768,1083.53,1022.51,M2604788242,0.0,0.0,0,0.0,0
120,PAYMENT,1.0,C1039887139,0.0,0.0,M5919148165,0.0,0.0,0,0.0,0
264,TRANSFER,1.38,C5641959772,6.87,5.49,C3815235019,6.81,8.19,0,0.12666666666666668,0
5,TRANSFER,10.81,C3799620568,14.01,3.2,C7418301077,35.13,45.94,0,0.11666666666666667,0
109,PAYMENT,15.95,C5667503195,449.31,433.36,M3960136787,0.0,0.0,0,0.0,0
278,TRANSFER,986.78,C6628158856,1255.76,268.98,C4460967357,0.91,0.91,1,0.11333333333333333,0
141,TRANSFER,1.0,C7183058541,1.75,0.75,C6623360831,1777.95,1778.95,0,0.0033333333333333335,0
134,PAYMENT,12525.47,C7839819230,61530.57,49005.1,M1240140248,0.0,0.0,0,0.0,0
492,DEBIT,1.0,C7249213370,0.0,0.0,M1083302600,0.0,0.0,0,0.043333333333333335,0
536,PAYMENT,1.0,C7608153267,0.0,0.0,M3208200227,0.0,0.0,0,0.0,0
150,TRANSFER,4843.7,C7575259637,4523.44,0.0,C6329589780,132321.22,132321.22,1,0.0033333333333333335,0
430,CASH_OUT,297.58,C3371357111,324.67,27.09,M3438830691,0.0,0.0,1,0.04666666666666667,0
307,CASH_OUT,1.0,C2947476917,0.0,0.0,C4681264539,166.94,166.94,0,0.013333333333333334,0
552,TRANSFER,1.0,C3878201524,0.0,0.0,C6038780151,0.0,1.0,0,0.22333333333333333,0
502,TRANSFER,9718.09,C4181102664,8705.22,0.0,M8083396378,0.0,0.0,1,0.9366666666666666,1
488,CASH_OUT,1.0,C7608153267,0.0,0.0,C3338877621,140.73,140.73,0,0.06666666666666667,0
596,CASH_OUT,49458.77,C3420721027,122188.25,72729.48,C6534540349,146689.28,146689.28,0,0.0,0
281,CASH_IN,37757.01,C2683446724,82579.86,120336.87,C5375461598,12.77,12.77,0,0.0,0
6,CASH_IN,792.87,C6447717367,804.44,1597.31,C6634526139,37.09,37.09,0,0.0033333333333333335,0
443,PAYMENT,18.39,C8624454880,35.65,17.26,M7168105904,0.0,0.0,0,0.0,0
80,PAYMENT,1.0,C2620054076,0.0,0.0,M1732578761,0.0,0.0,0,0.0,0
611,TRANSFER,1.0,C9958044697,0.0,0.0,C7838460497,1328.97,1329.97,0,0.08,0
42,TRANSFER,1.0,C8706093841,0.0,0.0,C5215140451,0.0,1.0,0,0.22333333333333333,0
119,CASH_OUT,31336.84,C9858643842,133821.17,102484.33,C2811967841,1116.4,1116.4,0,0.0,0
95,CASH_OUT,974.26,C6582557981,3917.14,2942.88,C8441393731,0.0,0.0,0,0.0,0
619,TRANSFER,680.57,C2073108894,567.16,0.0,C7074050517,52872.77,52872.77,1,0.01,0
570,TRANSFER,1.0,C8295757364,0.0,0.0,C8093179263,17238.98,17239.98,0,0.0033333333333333335,0
211,CASH_OUT,634.46,C8229344434,561.67,0.0,M8366710477,0.0,0.0,1,0.11333333333333333,0
329,PAYMENT,57.41,C3338877621,140.73,83.32,M2869931869,0.0,0.0,0,0.0,0
675,PAYMENT,1867.42,C4747699292,7285.76,5418.34,M2885370603,0.0,0.0,0,0.0,0
649,TRANSFER,457.89,C3975418439,693.74,235.85,C1602569046,37856.3,38314.19,0,0.0,0
254,CASH_OUT,1074.88,C2891100776,2232.38,1157.5,C3884642366,6.77,6.77,0,0.0033333333333333335,0
199,TRANSFER,4016.39,C8236361108,6972.14,2955.75,C7127904756,219.04,4235.43,0,0.0,0
211,TRANSFER,160.02,C7079234115,190.26,30.24,M6992094064,0.0,0.0,1,0.16,0
566,TRANSFER,128689.99,C3163970710,164569.84,35879.85,C9381721143,212.36,128902.35,0,0.0033333333333333335,0
450,PAYMENT,11261.31,C3420721027,72729.48,61468.17,M8778927211,0.0,0.0,0,0.0,0
547,CASH_OUT,1.0,C6673381261,0.0,0.0,C2350701477,176.88,176.88,0,0.05,0
594,TRANSFER,6507.92,C9484167278,268297.0,261789.08,C6880115912,87169.54,93677.46,0,0.0,0
194,CASH_IN,64932.83,C5704029171,757.17,65690.0,C1417436465,0.0,0.0,0,0.0,0
704,TRANSFER,367.49,C2094024844,457.97,90.48,M5815678365,0.0,0.0,1,0.17,0
579,TRANSFER,5005.19,C3645901955,5361.86,356.67,C4026113008,130.25,5135.44,0,0.04666666666666667,0
689,PAYMENT,222.95,C9249923427,304.59,81.64,M9026301048,0.0,0.0,0,0.0,0
341,TRANSFER,64.71,C7666869046,68.62,3.91,M9631695368,0.0,0.0,1,0.16666666666666666,0
7,PAYMENT,251.62,C3149533961,24972.47,24720.85,M5067400473,0.0,0.0,0,0.0,0
422,TRANSFER,1386.26,C1662976399,1646.25,259.99,C7517938612,8565.1,9951.36,0,0.023333333333333334,0
461,TRANSFER,4220.31,C9650701349,31323.66,27103.35,C5243939720,745.5,4965.81,0,0.0,0
172,TRANSFER,10248.78,C8086172302,13992.79,3744.01,C6773938304,125426.7,135675.48,0,0.0,0
143,PAYMENT,26.01,C3465740756,36.52,10.51,M2303835765,0.0,0.0,0,0.0,0
686,TRANSFER,3983.3,C4550353803,4252.22,268.92,C5077921573,85.93,4069.23,1,0.05,0
95,CASH_OUT,134.19,C9182543558,32178.16,32043.97,C2670036982,6747.23,6747.23,0,0.0,0
55,PAYMENT,24.69,C2317723211,66.58,41.89,M5380159400,0.0,0.0,0,0.0,0
716,CASH_OUT,1.0,C8419590655,0.0,0.0,C5344083406,0.0,0.0,0,0.06,0
131,TRANSFER,3.9,C5284391408,5.86,1.96,C8923555411,2199.62,2203.52,0,0.0,0
277,TRANSFER,1.0,C8458717057,0.0,0.0,C9806189256,9.75,10.75,0,0.19666666666666666,0
621,PAYMENT,33.09,C2389803385,249.24,216.15,M8964269909,0.0,0.0,0,0.0,0
328,TRANSFER,4822.36,C1749459431,115180.73,110358.37,C2848792488,462.76,5285.12,0,0.0,0
6,PAYMENT,23107.3,C7873709012,184782.21,161674.91,M6732306182,0.0,0.0,0,0.0,0
219,CASH_OUT,4683.68,C6544063167,4833.09,149.41,M2391874847,0.0,0.0,1,0.0,0
314,PAYMENT,6.06,C8833889083,9.6,3.54,M8044997538,0.0,0.0,0,0.0,0
429,TRANSFER,4200.52,C1399546384,3722.74,0.0,C7420493866,0.0,0.0,1,0.8833333333333333,1
345,CASH_OUT,229.48,C2503068227,259.44,29.96,M6692705133,0.0,0.0,1,0.016666666666666666,0
365,CASH_OUT,449.46,C9986353481,399.92,0.0,M6495967005,0.0,0.0,1,0.07666666666666666,0
515,CASH_OUT,29239.29,C4602080228,51950.53,22711.24,C8325222092,1831.78,1831.78,0,0.0033333333333333335,0
276,PAYMENT,14.83,C3589530484,57.51,42.68,M6558769264,0.0,0.0,0,0.0,0
151,CASH_IN,119906.22,C6656646925,11853.58,131759.8,C4719780110,28927.71,28927.71,0,0.0,0
215,TRANSFER,3249.08,C3796581976,2882.97,0.0,C7088451458,247.97,247.97,1,0.22333333333333333,0
149,PAYMENT,24998.28,C1364994639,114473.13,89474.85,M6200141898,0.0,0.0,0,0.0,0
163,TRANSFER,381.51,C7852415525,481.91,100.4,C1290050198,119709.5,120091.01,0,0.0033333333333333335,0
178,CASH_OUT,36325.92,C9904586976,48060.48,11734.56,M9523139706,0.0,0.0,1,0.0,0
464,TRANSFER,137858.24,C4201225242,186621.41,48763.17,C4531928910,0.0,137858.24,1,0.006666666666666667,0
317,PAYMENT,1.0,C3887823121,0.0,0.0,M1096405016,0.0,0.0,0,0.0,0
196,TRANSFER,100.28,C6313758032,417.62,317.34,C5184564874,0.0,100.28,0,0.08,0
78,TRANSFER,202.22,C9508499533,252.7,50.48,C5071897791,1055.09,1257.31,0,0.01,0
400,TRANSFER,5.65,C4847761430,7.21,1.56,C3358880404,62.58,68.23,0,0.09666666666666666,0
482,TRANSFER,1.04,C5421592782,87140.19,87139.15,C6171239466,2.96,4.0,0,0.18,0
234,TRANSFER,1830.25,C8625774078,2474.88,644.63,M7764117705,0.0,0.0,1,0.19,0
610,PAYMENT,1.0,C3796581976,0.0,0.0,M6866146362,0.0,0.0,0,0.0,0
638,TRANSFER,220645.21,C4683935600,249234.61,28589.4,M1257854279,0.0,0.0,1,0.31,0
427,PAYMENT,81.03,C5584288132,118.75,37.72,M8443061472,0.0,0.0,0,0.0,0
648,CASH_OUT,1223.93,C5243939720,4965.81,3741.88,C9381721143,128902.35,128902.35,0,0.0033333333333333335,0
470,TRANSFER,86.03,C5515628633,330.0,243.97,C4277561834,1010.44,1096.47,0,0.03,0
396,CASH_OUT,1.0,C6822870815,0.0,0.0,C9237880732,25.06,25.06,0,0.023333333333333334,0
684,DEBIT,4056.5,C3291226621,5078.54,1022.04,M4242579642,0.0,0.0,0,0.03666666666666667,0
403,PAYMENT,22156.49,C9597198563,118556.71,96400.22,M8138332494,0.0,0.0,0,0.0,0
341,CASH_OUT,3891.23,C4227004325,3499.06,0.0,C7333678472,0.0,0.0,1,0.13333333333333333,0
715,CASH_OUT,482.9,C5482431018,604.47,121.57,C6169243284,0.0,0.0,0,0.03,0
559,TRANSFER,1321.41,C1798112150,1209.37,0.0,M5380159400,0.0,0.0,1,0.45666666666666667,0
397,TRANSFER,1.0,C5877639950,0.0,0.0,C6134840512,11.48,12.48,0,0.18333333333333332,0
174,PAYMENT,259.6,C8868054898,358.73,99.13,M2625035499,0.0,0.0,0,0.0,0
564,CASH_OUT,460.94,C8309221034,459.96,0.0,M2635881694,0.0,0.0,1,0.08666666666666667,0
699,TRANSFER,65.97,C9381721143,128902.35,128836.38,C2250949136,11.6,77.57,0,0.12,0
583,TRANSFER,580.72,C5633956194,724.83,144.11,C2843567009,0.0,0.0,1,0.15,0
387,PAYMENT,1.0,C1600337712,0.0,0.0,M1343875431,0.0,0.0,0,0.0,0
511,TRANSFER,309.84,C9202102595,326.25,16.41,C8833399096,35.31,345.15,0,0.07333333333333333,0
636,PAYMENT,244.24,C7668801906,901.77,657.53,M9977193987,0.0,0.0,0,0.0,0
719,PAYMENT,671.8,C6320115677,827.22,155.42,M1442421654,0.0,0.0,0,0.0,0
44,CASH_OUT,8766.03,C1772303297,11644.67,2878.64,C5634076661,57.15,57.15,1,0.0,0
372,TRANSFER,905.96,C3396953414,899.93,0.0,C1110533960,1172.41,1172.41,1,0.04666666666666667,0
607,CASH_OUT,62959.12,C7475684019,78398.47,15439.35,M9068916300,0.0,0.0,1,0.016666666666666666,0
15,CASH_OUT,4539.98,C6928691380,3961.08,0.0,M7514017540,0.0,0.0,1,0.03333333333333333,0
505,CASH_OUT,123.51,C1770278136,160.82,37.31,C5931025271,0.0,0.0,0,0.03666666666666667,0
134,CASH_OUT,1706.3,C5536224717,1692.1,0.0,C1722124509,461.88,461.88,1,0.056666666666666664,0
87,PAYMENT,1.0,C4693510920,0.0,0.0,M7717262223,0.0,0.0,0,0.0,0
255,PAYMENT,22798.09,C2625792787,90780.57,67982.48,M5535650160,0.0,0.0,0,0.0,0
518,CASH_IN,2498.4,C2771211118,0.0,2498.4,C5212581851,29.75,29.75,0,0.0,0
591,DEBIT,366.57,C2149938334,631.03,264.46,M7532669066,0.0,0.0,0,0.02666666666666667,0
645,PAYMENT,1.0,C7882206934,0.0,0.0,M8366710477,0.0,0.0,0,0.0,0
205,CASH_OUT,1542.84,C5115980792,1312.49,0.0,C9505085936,2910.88,2910.88,1,0.0,0
218,DEBIT,31.48,C2721355673,99283.43,99251.95,M9773795424,0.0,0.0,0,0.0033333333333333335,0
545,CASH_OUT,5.03,C4096932037,10.64,5.61,C5862655247,387.28,387.28,0,0.02666666666666667,0
705,TRANSFER,434.81,C7010379415,376.56,0.0,M1083302600,0.0,0.0,1,0.23,0
21,DEBIT,8442.83,C9798548049,15117.37,6674.54,M1413599241,0.0,0.0,0,0.013333333333333334,0
149,PAYMENT,14.17,C5010075517,51.26,37.09,M2391874847,0.0,0.0,0,0.0,0
504,CASH_OUT,847.89,C2082326234,972.1,124.21,M3536590481,0.0,0.0,1,0.03333333333333333,0
476,TRANSFER,5.41,C3799264931,12.03,6.62,C7266763552,32562.7,32568.11,0,0.0,0
628,TRANSFER,2757.93,C1770278136,2409.54,0.0,C5855415646,2217.3,2217.3,1,0.31333333333333335,0
665,TRANSFER,15.22,C4915196257,18.14,2.92,C1798112150,0.0,15.22,0,0.17666666666666667,0
708,TRANSFER,1.0,C7519578899,0.0,0.0,C3739951076,4.34,5.34,0,0.19666666666666666,0
407,CASH_IN,589.22,C3019214800,0.0,589.22,C4586784711,22967.09,22967.09,0,0.0,0
529,PAYMENT,2.27,C1400330495,7.15,4.88,M3094407076,0.0,0.0,0,0.0,0
562,CASH_OUT,652.89,C1561417687,888.07,235.18,M8858274691,0.0,0.0,1,0.03666666666666667,0
58,CASH_IN,10707.89,C1710924824,0.0,10707.89,C9860949331,16.03,16.03,0,0.0,0
111,CASH_OUT,668.65,C6562457052,1174.86,506.21,C9953716239,0.0,0.0,0,0.0033333333333333335,0
278,PAYMENT,59.63,C7271954644,76.44,16.81,M4242579642,0.0,0.0,0,0.0,0
144,PAYMENT,1.0,C3806215682,1.0,0.0,M4665677395,0.0,0.0,0,0.0,0
452,TRANSFER,1.0,C1553155490,0.0,0.0,C5862655247,387.28,388.28,0,0.09,0
232,CASH_OUT,612.77,C4820055862,854.37,241.6,C7685540186,950.45,950.45,1,0.006666666666666667,0
53,CASH_OUT,192.3,C7691931213,358.7,166.4,C6955593943,43.2,43.2,0,0.0,0
336,TRANSFER,2406.97,C1754603440,2615.72,208.75,C1271730355,29028.65,29028.65,1,0.0033333333333333335,0
140,PAYMENT,23.9,C6837342064,51.17,27.27,M6284297249,0.0,0.0,0,0.0,0
563,PAYMENT,13162.42,C2525930586,40085.87,26923.45,M7951820749,0.0,0.0,0,0.0,0
266,TRANSFER,355.07,C5646880148,398.39,43.32,C7852415525,100.4,100.4,1,0.04666666666666667,0
659,TRANSFER,24.67,C6218484323,50.24,25.57,C1952396600,185.95,210.62,0,0.08,0
131,TRANSFER,5423.13,C2099184899,6731.18,1308.05,C4482141802,0.0,0.0,1,0.17333333333333334,0
659,PAYMENT,3253.26,C1316756902,125690.82,122437.56,M8366710477,0.0,0.0,0,0.0,0
673,CASH_OUT,33.49,C4239406957,53.75,20.26,C3480920839,35030.24,35030.24,0,0.006666666666666667,0
419,TRANSFER,3197.63,C3821211202,2893.35,0.0,C7691931213,166.4,166.4,1,0.4766666666666667,0
644,PAYMENT,13.07,C5433722159,25.92,12.85,M6200141898,0.0,0.0,0,0.0,0
493,CASH_OUT,184094.19,C4530959836,155632.73,0.0,M9916475897,0.0,0.0,1,0.20666666666666667,0
214,PAYMENT,1.0,C8239941612,1.0,0.0,M2604788242,0.0,0.0,0,0.0,0
438,PAYMENT,79.44,C3074232200,109.6,30.16,M5325865521,0.0,0.0,0,0.0,0
502,PAYMENT,3028.86,C5243939720,3741.88,713.02,M2156184315,0.0,0.0,0,0.0,0
676,TRANSFER,27261.5,C3758823240,35832.41,8570.91,M5794335854,0.0,0.0,1,0.2966666666666667,0
662,PAYMENT,15521.39,C4683935600,28589.4,13068.01,M7570511906,0.0,0.0,0,0.0,0
684,TRANSFER,9486.2,C7759781156,40595.06,31108.86,C6921525436,133.89,9620.09,0,0.0,0
206,PAYMENT,1051.09,C9660523876,4147.53,3096.44,M2571632270,0.0,0.0,0,0.0,0
483,CASH_OUT,234.31,C2087974350,205.96,0.0,M5734228580,0.0,0.0,1,0.1,0
303,CASH_OUT,30.78,C8868054898,99.13,68.35,C5856127658,32.99,32.99,0,0.0033333333333333335,0
350,PAYMENT,1.0,C8295757364,0.0,0.0,M4952177946,0.0,0.0,0,0.0,0
545,CASH_IN,17753.26,C5310195918,0.0,17753.26,C4633257620,52.69,52.69,0,0.0,0
695,TRANSFER,149729.84,C9633533290,187716.99,37987.15,M3960136787,0.0,0.0,1,0.31,0
290,CASH_OUT,9088.77,C4895020135,11500.76,2411.99,C8274219704,0.0,0.0,1,0.01,0
214,PAYMENT,1404.65,C4751509023,2286.66,882.01,M9404002665,0.0,0.0,0,0.0,0
69,CASH_OUT,10626.74,C7464468567,13717.88,3091.14,C4921003983,3.63,3.63,1,0.0,0
253,TRANSFER,2212.43,C4067213499,2882.63,670.2,C8493451569,12.92,2225.35,1,0.006666666666666667,0
146,TRANSFER,56.67,C2350701477,176.88,120.21,C8531118333,101998.21,102054.88,0,0.0,0
684,CASH_OUT,719.46,C3291226621,1022.04,302.58,M5891831621,0.0,0.0,1,0.03333333333333333,0
436,DEBIT,125.69,C9259157845,1259.5,1133.81,M9410569618,0.0,0.0,0,0.03,0
391,DEBIT,341.74,C6317152031,693.39,351.65,M6820149016,0.0,0.0,0,0.02,0
672,CASH_OUT,6820.5,C2670036982,6747.23,0.0,M9026301048,0.0,0.0,1,0.22333333333333333,0
263,TRANSFER,16698.94,C9645619869,17549.37,850.43,M5794335854,0.0,0.0,1,0.27,0
701,PAYMENT,1.0,C1225953184,0.0,0.0,M2555936898,0.0,0.0,0,0.0,0
184,PAYMENT,1.0,C1094115188,0.0,0.0,M3223687972,0.0,0.0,0,0.0,0
543,CASH_IN,409.4,C6789448659,106.22,515.62,C3169561289,96046.83,96046.83,0,0.0,0
432,CASH_OUT,3471.07,C8761469117,3116.73,0.0,M3208200227,0.0,0.0,1,0.36666666666666664,0
425,PAYMENT,1.0,C6157617867,0.0,0.0,M6659847491,0.0,0.0,0,0.0,0
494,PAYMENT,3358.79,C5220094152,8736.91,5378.12,M1676220116,0.0,0.0,0,0.0,0
359,CASH_OUT,1678.52,C6470052645,1526.75,0.0,C6046864799,0.0,0.0,1,0.13333333333333333,0
610,TRANSFER,1.0,C9844874547,0.0,0.0,C6131005449,5301.07,5302.07,0,0.05333333333333334,0
617,DEBIT,4597.37,C3142452709,133648.29,129050.92,M1122712790,0.0,0.0,0,0.02,0
246,CASH_OUT,1.0,C4492602049,0.09,0.0,C7508080884,0.0,0.0,0,0.02666666666666667,0
123,TRANSFER,189.71,C9798613995,223.29,33.58,C9963334018,99.89,99.89,1,0.03666666666666667,0
49,PAYMENT,120.49,C6469318275,19662.12,19541.63,M3322580659,0.0,0.0,0,0.0,0
571,TRANSFER,1.0,C1613549255,0.0,0.0,C8901585274,4944.58,4945.58,0,0.05333333333333334,0
377,TRANSFER,314.87,C1494287462,422.91,108.04,C8110054933,249.04,249.04,1,0.006666666666666667,0
621,TRANSFER,1.0,C6942989052,0.0,0.0,C1050899550,29.78,30.78,0,0.19333333333333333,0
61,DEBIT,632.12,C5474951950,703.04,70.92,M7050091525,0.0,0.0,0,0.016666666666666666,0
219,CASH_OUT,217.64,C3429019820,435.93,218.29,C7838460497,1329.97,1329.97,0,0.01,0
424,TRANSFER,105645.42,C1730074215,122764.39,17118.97,M2243802345,0.0,0.0,1,0.31,0
513,TRANSFER,2156.26,C3214080278,2115.91,0.0,M8790289305,0.0,0.0,1,0.7833333333333333,1
495,TRANSFER,1354.81,C8369792370,3881.92,2527.11,C3776011793,22.86,1377.67,0,0.043333333333333335,0
215,PAYMENT,1.0,C3780475472,0.0,0.0,M2625035499,0.0,0.0,0,0.0,0
109,CASH_OUT,3951.8,C5696548897,3527.19,0.0,C2327372855,2560.0,2560.0,1,0.01,0
246,CASH_OUT,4.99,C2801177461,6.42,1.43,C5058691146,24058.2,24058.2,0,0.0033333333333333335,0
286,DEBIT,531.71,C1264739091,5475.01,4943.3,M5156392601,0.0,0.0,0,0.01,0
664,PAYMENT,5753.29,C3343292475,27063.42,21310.13,M4892544235,0.0,0.0,0,0.0,0
565,CASH_OUT,725.37,C8160279830,1201.36,475.99,C8925520026,660.95,660.95,0,0.023333333333333334,0
180,TRANSFER,1.0,C5899025962,0.0,0.0,C3371357111,27.09,28.09,0,0.16333333333333333,0
251,TRANSFER,13.76,C6153541642,20.37,6.61,C2139027119,66.19,79.95,0,0.09,0
479,TRANSFER,5.29,C1799718923,10.63,5.34,C6923893872,17.34,22.63,0,0.14,0
152,PAYMENT,16.58,C9516893896,22.9,6.32,M2303835765,0.0,0.0,0,0.0,0
347,TRANSFER,81.33,C1487258103,209.4,128.07,C1639509845,162.95,244.28,0,0.0,0
96,CASH_IN,70121.17,C7575259637,0.0,70121.17,C3796581976,0.0,0.0,0,0.0,0
37,PAYMENT,1.0,C6942989052,0.0,0.0,M4158643786,0.0,0.0,0,0.0,0
580,CASH_OUT,5721.36,C1795212538,19664.46,13943.1,C7598745558,36625.58,36625.58,0,0.0,0
9,TRANSFER,8770.06,C6879428703,12995.72,4225.66,C3305069227,3.45,8773.51,0,0.01,0
390,DEBIT,12824.2,C2761091683,27961.74,15137.54,M7512767226,0.0,0.0,0,0.02,0
167,CASH_OUT,6026.09,C3367665472,7876.79,1850.7,M6101516825,0.0,0.0,1,0.0,0
577,CASH_OUT,104.17,C4681264539,166.94,62.77,C8636525027,239.45,239.45,0,0.02666666666666667,0
680,CASH_OUT,1.0,C3383331379,0.0,0.0,C4097887746,98784.51,98784.51,0,0.0,0
8,PAYMENT,193.47,C5607762160,851.1,657.63,M9916475897,0.0,0.0,0,0.0,0
692,TRANSFER,2.31,C9481076448,9.14,6.83,C1039887139,0.0,2.31,0,0.16666666666666666,0
634,PAYMENT,1.0,C5750815980,0.0,0.0,M9822499208,0.0,0.0,0,0.0,0
164,TRANSFER,42.06,C8390631634,70.06,28.0,C7487012742,191116.82,191158.88,0,0.0033333333333333335,0
93,CASH_OUT,1.0,C8133593748,0.0,0.0,C7567496105,207.09,207.09,0,0.0,0
59,CASH_OUT,185.25,C6307626407,652.05,466.8,C1662259333,20.38,20.38,0,0.0033333333333333335,0
252,CASH_OUT,129.95,C9626333315,234.61,104.66,C3438771483,699.13,699.13,0,0.013333333333333334,0
71,PAYMENT,1.0,C1485574228,0.0,0.0,M2773408660,0.0,0.0,0,0.0,0
17,PAYMENT,5587.73,C4398953973,5856.77,269.04,M4892544235,0.0,0.0,0,0.0,0
139,PAYMENT,410.96,C2962750929,711.36,300.4,M8030400668,0.0,0.0,0,0.0,0
172,PAYMENT,1.0,C5975196341,0.0,0.0,M9640701016,0.0,0.0,0,0.0,0
445,CASH_OUT,1.0,C4579265601,1.53,0.53,C6663846005,109526.24,109526.24,0,0.016666666666666666,0
694,CASH_OUT,566.35,C2267619081,559.58,0.0,M3313346852,0.0,0.0,1,0.13333333333333333,0
230,CASH_OUT,1.0,C4579265601,0.53,0.0,C1484230338,95.19,95.19,0,0.0,0
235,CASH_IN,8714.59,C9660523876,3096.44,11811.03,C2554039848,0.0,0.0,0,0.0,0
151,PAYMENT,3252.07,C2515672889,97578.69,94326.62,M7717262223,0.0,0.0,0,0.0,0
695,CASH_OUT,59276.24,C4022360089,72013.32,12737.08,M3094407076,0.0,0.0,1,0.016666666666666666,0
280,TRANSFER,14136.95,C9857430687,13997.41,0.0,C7534583219,12749.99,12749.99,1,0.023333333333333334,0
220,TRANSFER,23746.38,C3316277000,21078.85,0.0,C3020939193,152047.33,152047.33,1,0.0,0
555,PAYMENT,1.0,C4014119648,61.97,60.97,M4665677395,0.0,0.0,0,0.0,0
160,TRANSFER,129.37,C6515369278,159.34,29.97,C5115980792,0.0,129.37,0,0.09333333333333334,0
363,PAYMENT,569.94,C2854772804,1045.22,475.28,M8366710477,0.0,0.0,0,0.0,0
247,TRANSFER,4773.32,C8215470878,90716.23,85942.91,C9318010743,0.0,4773.32,0,0.0,0
312,CASH_OUT,13360.14,C7660813178,14186.68,826.54,M9021793855,0.0,0.0,1,0.013333333333333334,0
358,TRANSFER,49136.12,C6340003593,63845.83,14709.71,C4353689019,48952.07,98088.19,0,0.0,0
621,CASH_OUT,614.93,C4735313433,619.63,4.7,M8728631945,0.0,0.0,1,0.08333333333333333,0
634,PAYMENT,549.94,C1913706213,614.57,64.63,M9977193987,0.0,0.0,0,0.0,0
64,PAYMENT,1.0,C7736142481,0.0,0.0,M8727805468,0.0,0.0,0,0.0,0
115,PAYMENT,1.0,C7061419749,0.0,0.0,M3580582653,0.0,0.0,0,0.0,0
199,PAYMENT,1.0,C3058982440,0.0,0.0,M1240140248,0.0,0.0,0,0.0,0
143,TRANSFER,100.94,C6596578419,429.18,328.24,C4660390742,127.2,228.14,0,0.006666666666666667,0
129,CASH_OUT,1.0,C1553155490,0.0,0.0,C3931997465,2.7,2.7,0,0.0033333333333333335,0
59,PAYMENT,1.0,C6947080764,0.0,0.0,M9558906999,0.0,0.0,0,0.0,0
713,PAYMENT,1.0,C3693985578,0.0,0.0,M6199197408,0.0,0.0,0,0.0,0
76,CASH_OUT,1.0,C2349406919,0.0,0.0,C7403028869,0.0,0.0,0,0.006666666666666667,0
29,PAYMENT,372.88,C9903351330,605.75,232.87,M1458227039,0.0,0.0,0,0.0,0
400,CASH_OUT,168.37,C1754603440,208.75,40.38,C7757700186,212.5,212.5,0,0.01,0
322,PAYMENT,1.0,C8039917766,0.0,0.0,M8646369354,0.0,0.0,0,0.0,0
20,PAYMENT,1.0,C9958044697,0.0,0.0,M9444143872,0.0,0.0,0,0.0,0
309,PAYMENT,732.56,C1513003815,947.12,214.56,M8102481401,0.0,0.0,0,0.0,0
718,PAYMENT,1.0,C7299420031,0.0,0.0,M3119908041,0.0,0.0,0,0.0,0
1,CASH_OUT,1.96,C5523703900,186.5,184.54,C8373547961,1.0,1.0,0,0.016666666666666666,0
265,PAYMENT,1641.31,C7227593033,37731.59,36090.28,M6101516825,0.0,0.0,0,0.0,0
440,TRANSFER,1227.59,C3815287619,1356.11,128.52,M9068916300,0.0,0.0,1,0.19666666666666666,0
631,PAYMENT,471.87,C4600630513,480.33,8.46,M8740820392,0.0,0.0,0,0.0,0
306,PAYMENT,28.56,C2139027119,79.95,51.39,M4125758723,0.0,0.0,0,0.0,0
225,CASH_OUT,1.0,C4455798713,0.0,0.0,C4888749350,7253.42,7253.42,0,0.0,0
418,TRANSFER,91.94,C8282534126,95.19,3.25,C2613385303,4088.31,4088.31,1,0.02666666666666667,0
413,CASH_OUT,748.83,C9868845806,10404.08,9655.25,C5694628398,8322.89,8322.89,0,0.016666666666666666,0
189,TRANSFER,1.49,C1182758417,3.74,2.25,C1805492785,0.0,1.49,0,0.17666666666666667,0
334,CASH_OUT,31758.45,C7038841740,28863.74,0.0,C2591414076,1849.66,1849.66,1,0.03,0
3,CASH_OUT,2295.35,C3738900744,2521.97,226.62,M9640701016,0.0,0.0,1,0.016666666666666666,0
100,CASH_OUT,2844.6,C5508149905,2663.21,0.0,M9776500600,0.0,0.0,1,0.05333333333333334,0
47,PAYMENT,39.6,C6244338653,55.15,15.55,M8790289305,0.0,0.0,0,0.0,0
241,PAYMENT,2387.76,C1194576436,48921.22,46533.46,M1442421654,0.0,0.0,0,0.0,0
317,TRANSFER,3035.05,C3128675098,4015.46,980.41,M7702529931,0.0,0.0,1,0.21666666666666667,0
107,CASH_OUT,3125.51,C4427620889,3036.89,0.0,C7100408092,0.0,0.0,1,0.05,0
314,CASH_OUT,46.39,C8317619798,63.94,17.55,C5884391502,19.49,19.49,0,0.0033333333333333335,0
712,PAYMENT,83.71,C5703357871,194.79,111.08,M6786043791,0.0,0.0,0,0.0,0
509,PAYMENT,79.3,C9919491730,163.38,84.08,M4588312351,0.0,0.0,0,0.0,0
100,CASH_OUT,542.59,C1717346250,491.44,0.0,C8115628227,6407.19,6407.19,1,0.04,0
8,PAYMENT,119.67,C1367704871,162.93,43.26,M4093474499,0.0,0.0,0,0.0,0
195,PAYMENT,1.91,C7792729530,6.14,4.23,M8964269909,0.0,0.0,0,0.0,0
361,PAYMENT,729.58,C4873807154,51872.19,51142.61,M5270048042,0.0,0.0,0,0.0,0
595,CASH_OUT,1.0,C6562434335,0.0,0.0,C4682870880,291.61,291.61,0,0.05333333333333334,0
512,PAYMENT,1.0,C5067116918,0.0,0.0,M6583604299,0.0,0.0,0,0.0,0
280,PAYMENT,6472.37,C9019515562,6842.02,369.65,M9026301048,0.0,0.0,0,0.0,0
504,CASH_OUT,2326.44,C2877279755,4364.04,2037.6,C8598503901,894.38,894.38,0,0.01,0
137,TRANSFER,39.81,C5072538783,67.16,27.35,C5220094152,5378.12,5417.93,0,0.0033333333333333335,0
302,TRANSFER,52598.28,C7246858055,67866.13,15267.85,C4531928910,137858.24,137858.24,1,0.0,0
522,CASH_IN,54899.84,C3511301900,93735.31,148635.15,C2149938334,264.46,264.46,0,0.0,0
593,CASH_OUT,2382.33,C1678500147,3091.11,708.78,M5000316394,0.0,0.0,1,0.02666666666666667,0
518,CASH_OUT,9986.52,C8943866829,11449.57,1463.05,C6246716604,2258.12,2258.12,0,0.0033333333333333335,0
92,CASH_OUT,185.23,C6300607425,228.72,43.49,C2493660313,0.0,0.0,1,0.0,0
145,PAYMENT,6124.81,C2780016559,50373.56,44248.75,M8740820392,0.0,0.0,0,0.0,0
33,PAYMENT,12.9,C4231729466,19.71,6.81,M5412437658,0.0,0.0,0,0.0,0
434,DEBIT,135.24,C5271453859,550.26,415.02,M9581187661,0.0,0.0,0,0.02,0
447,TRANSFER,1.0,C5569145346,0.0,0.0,C5220094152,5417.93,5418.93,0,0.04666666666666667,0
574,PAYMENT,1.0,C3980491761,0.0,0.0,M2869931869,0.0,0.0,0,0.0,0
103,PAYMENT,703.96,C8265834251,7250.84,6546.88,M4689605624,0.0,0.0,0,0.0,0
439,PAYMENT,5022.38,C5220094152,5418.93,396.55,M3534186676,0.0,0.0,0,0.0,0
380,CASH_OUT,1660.06,C3367665472,1850.7,190.64,C3615507143,40193.09,40193.09,1,0.0033333333333333335,0
47,CASH_IN,43836.44,C5283911723,0.0,43836.44,C8235717104,3727.95,3727.95,0,0.0,0
75,CASH_OUT,71770.04,C2515672889,94326.62,22556.58,C3587283948,0.0,0.0,0,0.0,0
353,PAYMENT,1.78,C4538382315,2.49,0.71,M2129491690,0.0,0.0,0,0.0,0
685,PAYMENT,425.95,C7465834732,4445.1,4019.15,M6763471833,0.0,0.0,0,0.0,0
167,PAYMENT,1281.63,C6287793163,2389.35,1107.72,M4399143287,0.0,0.0,0,0.0,0
155,CASH_OUT,161.06,C7525240100,565.54,404.48,C7935554354,0.0,0.0,0,0.01,0
531,PAYMENT,1.0,C4386667704,1.0,0.0,M3517195150,0.0,0.0,0,0.0,0
175,PAYMENT,174.28,C6201313620,272.39,98.11,M5714658227,0.0,0.0,0,0.0,0
466,PAYMENT,2004.19,C3476426797,2543.49,539.3,M2839566253,0.0,0.0,0,0.0,0
543,TRANSFER,10978.3,C1795212538,13943.1,2964.8,C7935554354,0.0,10978.3,0,0.023333333333333334,0
597,TRANSFER,3537.18,C3424843951,3690.54,153.36,M5449848690,0.0,0.0,1,0.3333333333333333,0
610,TRANSFER,4162.7,C9557663181,5224.95,1062.25,M6199197408,0.0,0.0,1,0.32,0
597,CASH_OUT,18892.87,C6583444930,78627.63,59734.76,C3799620568,3.2,3.2,0,0.01,0
715,TRANSFER,4264.79,C9691572571,4386.42,121.63,M9026301048,0.0,0.0,1,0.4033333333333333,0
575,TRANSFER,10155.74,C8418332121,14545.57,4389.83,C2914590233,116052.89,126208.63,0,0.0033333333333333335,0
103,CASH_OUT,1.0,C6461974809,0.0,0.0,C7464468567,3091.14,3091.14,0,0.0,0
656,CASH_OUT,39.81,C4633257620,52.69,12.88,M2418407139,0.0,0.0,1,0.02666666666666667,0
413,CASH_OUT,77877.85,C8934927891,77551.68,0.0,M8144352013,0.0,0.0,1,0.36333333333333334,0
420,CASH_OUT,57.85,C6317189421,83.44,25.59,C5800633419,4015.34,4015.34,0,0.03333333333333333,0
579,TRANSFER,941.89,C7022683808,1002.61,60.72,C7473868020,0.0,941.89,1,0.07666666666666666,0
320,PAYMENT,1023.84,C5694190173,3316.08,2292.24,M3317856944,0.0,0.0,0,0.0,0
155,CASH_OUT,156.9,C5898890707,648.7,491.8,C4022245086,0.0,0.0,0,0.01,0
77,TRANSFER,3612.17,C7465834732,4019.15,406.98,C3553440342,44703.7,44703.7,1,0.0,0
351,TRANSFER,5497.07,C4039019230,13435.46,7938.39,C7579604766,211.54,5708.61,0,0.0,0
5,PAYMENT,418.47,C9539945315,607.23,188.76,M8276498637,0.0,0.0,0,0.0,0
174,TRANSFER,69750.37,C9250327663,98831.13,29080.76,M2187592160,0.0,0.0,1,0.22,0
502,CASH_OUT,222291.71,C7015992643,194100.81,0.0,C7829772942,226.74,226.74,1,0.25666666666666665,0
687,TRANSFER,12828.27,C6877052039,14296.34,1468.07,M6525576685,0.0,0.0,1,0.32,0
31,TRANSFER,1.0,C3316787198,0.0,0.0,C9851745648,0.0,1.0,0,0.22333333333333333,0
575,PAYMENT,1148.96,C6792661894,1573.25,424.29,M3072183247,0.0,0.0,0,0.0,0
677,TRANSFER,454.4,C3438771483,699.13,244.73,C1375899416,2290.87,2745.27,0,0.013333333333333334,0
710,PAYMENT,1.0,C7981077394,0.0,0.0,M8144352013,0.0,0.0,0,0.0,0
242,PAYMENT,19.52,C4526242854,60.62,41.1,M4892544235,0.0,0.0,0,0.0,0
185,CASH_OUT,1.0,C1242425303,0.0,0.0,C9798548049,6674.54,6674.54,0,0.0,0
284,TRANSFER,1536.04,C8295757364,2084.28,548.24,M6820149016,0.0,0.0,1,0.17,0
358,TRANSFER,3089.29,C4322510552,3280.93,191.64,M9921025990,0.0,0.0,1,0.22,0
338,PAYMENT,1.0,C4413838650,0.0,0.0,M7453081889,0.0,0.0,0,0.0,0
644,TRANSFER,82.6,C8387664437,136.42,53.82,C4748302739,0.0,82.6,0,0.17,0
9,PAYMENT,12243.96,C7799567490,80793.15,68549.19,M6384311581,0.0,0.0,0,0.0,0
194,PAYMENT,167.69,C9553561889,216.88,49.19,M7050091525,0.0,0.0,0,0.0,0
487,TRANSFER,4800.33,C4594787485,4371.32,0.0,C7292076361,0.0,0.0,1,0.9433333333333334,1
101,TRANSFER,1.0,C8139209752,0.0,0.0,C7010379415,0.0,1.0,0,0.22666666666666666,0
655,PAYMENT,988.17,C3003484425,1055.92,67.75,M4122901114,0.0,0.0,0,0.0,0
136,CASH_OUT,11265.21,C5625342041,17247.54,5982.33,C5898890707,491.8,491.8,0,0.0,0
654,PAYMENT,1.0,C2067970820,0.0,0.0,M8144352013,0.0,0.0,0,0.0,0
330,TRANSFER,722.64,C2480915452,1732.99,1010.35,C7016293621,1310.64,2033.28,0,0.0,0
4,CASH_OUT,1589.14,C6214917780,1621.6,32.46,M7678293431,0.0,0.0,1,0.016666666666666666,0
120,TRANSFER,5358.52,C6155234610,4699.12,0.0,C1392245997,14442.82,14442.82,1,0.0033333333333333335,0
249,PAYMENT,1.0,C8940731272,0.0,0.0,M6865994703,0.0,0.0,0,0.0,0
650,CASH_IN,22884.78,C1400330495,4.88,22889.66,C8274219704,0.0,0.0,0,0.0,0
587,CASH_IN,438.1,C6458544482,237.49,675.59,C7049001493,24.94,24.94,0,0.0033333333333333335,0
452,CASH_OUT,1576.44,C8690920484,2036.81,460.37,M1185303518,0.0,0.0,1,0.05,0
172,PAYMENT,1372.82,C5783809766,6389.13,5016.31,M8325043570,0.0,0.0,0,0.0,0
404,CASH_IN,118426.01,C1678500147,708.78,119134.79,C3316277000,0.0,0.0,0,0.0,0
506,PAYMENT,1.0,C4734111722,1.0,0.0,M9065458220,0.0,0.0,0,0.0,0
96,TRANSFER,2245.74,C6102144947,3019.24,773.5,M8858274691,0.0,0.0,1,0.18,0
492,TRANSFER,172.16,C5802739154,463.36,291.2,C2145921803,0.0,172.16,0,0.06666666666666667,0
718,DEBIT,1.0,C3109688769,0.0,0.0,M5714658227,0.0,0.0,0,0.04666666666666667,0
539,PAYMENT,60.97,C1004665657,152292.93,152231.96,M7340036327,0.0,0.0,0,0.0,0
41,PAYMENT,1.0,C9844874547,0.0,0.0,M5270048042,0.0,0.0,0,0.0,0
324,CASH_OUT,172.37,C6102144947,773.5,601.13,C6655089949,367.49,367.49,0,0.02,0
239,PAYMENT,1.0,C3334938378,1.0,0.0,M1999913493,0.0,0.0,0,0.0,0
475,CASH_OUT,1537.55,C6448001026,1334.76,0.0,M8768773991,0.0,0.0,1,0.37,0
703,PAYMENT,38.34,C2145921803,172.16,133.82,M7570511906,0.0,0.0,0,0.0,0
416,PAYMENT,59.02,C3783009621,184.55,125.53,M2187592160,0.0,0.0,0,0.0,0
682,TRANSFER,260.67,C2753617371,242.75,0.0,M8790289305,0.0,0.0,1,0.22666666666666666,0
702,PAYMENT,1.0,C3088517710,0.0,0.0,M8083396378,0.0,0.0,0,0.0,0
365,TRANSFER,545.66,C6065662867,456.15,0.0,M8138332494,0.0,0.0,1,0.23333333333333334,0
159,PAYMENT,1.0,C2984460654,0.0,0.0,M4601406440,0.0,0.0,0,0.0,0
649,TRANSFER,1.0,C9861449701,0.0,0.0,C3343292475,21310.13,21311.13,0,0.0,0
516,PAYMENT,1.0,C7736142481,0.0,0.0,M3536590481,0.0,0.0,0,0.0,0
53,CASH_OUT,613.6,C9272277508,684.63,71.03,C7059591606,0.0,0.0,1,0.0033333333333333335,0
113,DEBIT,33.1,C4046558332,3762.05,3728.95,M9441870024,0.0,0.0,0,0.01,0
239,PAYMENT,1.0,C2620054076,0.0,0.0,M5919148165,0.0,0.0,0,0.0,0
716,PAYMENT,15.75,C2836553621,27.13,11.38,M6583604299,0.0,0.0,0,0.0,0
477,PAYMENT,1275.47,C2158638062,1893.43,617.96,M1857561275,0.0,0.0,0,0.0,0
645,CASH_OUT,729.71,C3923699745,940.6,210.89,C2601198885,60.44,60.44,1,0.03,0
93,TRANSFER,2582.16,C3553440342,44703.7,42121.54,C9611537583,0.0,2582.16,0,0.01,0
287,TRANSFER,1.0,C1287814151,0.0,0.0,C3846570058,0.0,1.0,0,0.22666666666666666,0
451,TRANSFER,555.49,C6338036681,515.63,0.0,M6846530109,0.0,0.0,1,0.25666666666666665,0
124,PAYMENT,1.0,C6875597607,0.0,0.0,M4035639663,0.0,0.0,0,0.0,0
648,TRANSFER,20.6,C2407863065,38.98,18.38,C9403748506,0.0,20.6,0,0.17333333333333334,0
445,TRANSFER,1.0,C8270110908,0.0,0.0,C6942989052,0.0,1.0,0,0.22,0
500,CASH_OUT,136.62,C5141593270,167.23,30.61,C3828935922,7214.34,7214.34,1,0.023333333333333334,0
10,PAYMENT,1.0,C3291270703,0.0,0.0,M6606958660,0.0,0.0,0,0.0,0
243,TRANSFER,265.16,C3836517266,1209.89,944.73,C7150970643,8.13,273.29,0,0.01,0
197,CASH_OUT,234.93,C9579064478,255.58,20.65,C9618334441,26.32,26.32,0,0.0,0
656,TRANSFER,2435.6,C5272119095,2346.13,0.0,M1908459040,0.0,0.0,1,0.9266666666666666,1
700,CASH_OUT,2954.48,C2566942273,2545.5,0.0,M3438830691,0.0,0.0,1,0.17,0
455,PAYMENT,336.81,C7660813178,826.54,489.73,M1802753761,0.0,0.0,0,0.0,0
81,PAYMENT,16.16,C2774884818,22.22,6.06,M6790024996,0.0,0.0,0,0.0,0
294,PAYMENT,414.81,C4965395580,4193.44,3778.63,M6401844042,0.0,0.0,0,0.0,0
270,CASH_OUT,3.15,C9943959352,4.35,1.2,C6153541642,6.61,6.61,0,0.02,0
353,CASH_OUT,15807.54,C7961674558,13780.38,0.0,M7168105904,0.0,0.0,1,0.21,0
612,DEBIT,3587.02,C3188382776,24012.68,20425.66,M9021793855,0.0,0.0,0,0.03,0
189,PAYMENT,17.64,C6904897514,62.5,44.86,M8964269909,0.0,0.0,0,0.0,0
425,TRANSFER,58.54,C2616884203,118.02,59.48,C5364727160,8.79,67.33,0,0.12333333333333334,0
583,CASH_OUT,74619.26,C5421592782,87139.15,12519.89,C1662976399,259.99,259.99,0,0.0033333333333333335,0
295,PAYMENT,1453.52,C3567900251,19338.88,17885.36,M4390543744,0.0,0.0,0,0.0,0
16,PAYMENT,1.0,C5778781449,0.0,0.0,M2869931869,0.0,0.0,0,0.0,0
677,PAYMENT,14.07,C6353758928,21.1,7.03,M3605446007,0.0,0.0,0,0.0,0
66,PAYMENT,1.0,C4455798713,0.0,0.0,M3192202822,0.0,0.0,0,0.0,0
174,PAYMENT,1.0,C9987064419,0.0,0.0,M5315720088,0.0,0.0,0,0.0,0
376,CASH_OUT,2681.84,C8235717104,3727.95,1046.11,C4990452762,0.0,0.0,0,0.01,0
369,CASH_OUT,1625.68,C2780016559,44248.75,42623.07,C3821211202,0.0,0.0,0,0.0,0
576,TRANSFER,1.0,C3639796200,0.0,0.0,C8796286443,30.11,31.11,0,0.19,0
417,PAYMENT,21082.94,C7215110267,82150.37,61067.43,M5194066484,0.0,0.0,0,0.0,0
609,PAYMENT,1.0,C1569113257,0.0,0.0,M9933702652,0.0,0.0,0,0.0,0
108,CASH_OUT,1990.73,C7928074841,2176.7,185.97,C4422700486,8272.08,8272.08,1,0.0,0
351,CASH_OUT,416.09,C5292015249,447.15,31.06,C3667292043,0.0,0.0,0,0.02,0
139,PAYMENT,15085.94,C5358791907,99012.84,83926.9,M2518433834,0.0,0.0,0,0.0,0
700,TRANSFER,76911.13,C1195066088,75616.67,0.0,M7717262223,0.0,0.0,1,0.9333333333333333,1
182,PAYMENT,1700.15,C2232285036,2548.75,848.6,M2655546199,0.0,0.0,0,0.0,0
135,TRANSFER,1.0,C8709361138,0.0,0.0,C9557663181,1062.25,1063.25,0,0.01,0
707,CASH_OUT,3472.98,C5778781449,4945.04,1472.06,M8058679999,0.0,0.0,1,0.02,0
464,CASH_OUT,109.11,C1104906255,473.07,363.96,C6509985983,799.03,799.03,0,0.03333333333333333,0
31,TRANSFER,156.34,C9771848610,163.43,7.09,C6012067717,2036.23,2036.23,1,0.0033333333333333335,0
523,PAYMENT,1.0,C3532855799,0.58,0.0,M3508990774,0.0,0.0,0,0.0,0
441,CASH_OUT,1.0,C1287814151,0.0,0.0,C4283432667,201364.73,201364.73,0,0.013333333333333334,0
438,PAYMENT,3437.86,C7608141858,28130.56,24692.7,M9625656293,0.0,0.0,0,0.0,0
279,PAYMENT,1.0,C3664052763,0.0,0.0,M8030400668,0.0,0.0,0,0.0,0
362,PAYMENT,4.44,C5759272717,13.96,9.52,M1999913493,0.0,0.0,0,0.0,0
22,CASH_OUT,4076.75,C3698343112,38094.12,34017.37,C4531928910,137858.24,137858.24,0,0.0,0
328,PAYMENT,1.0,C7801948900,0.0,0.0,M6200141898,0.0,0.0,0,0.0,0
514,TRANSFER,2732.71,C5569145346,3030.65,297.94,C6795522649,12.27,12.27,1,0.24333333333333335,0
175,TRANSFER,187.24,C2973888646,226.99,39.75,C4847761430,1.56,188.8,0,0.056666666666666664,0
89,CASH_OUT,44574.57,C4574027737,113916.06,69341.49,C8987073217,507.7,507.7,0,0.0,0
448,PAYMENT,253.65,C7597996327,331.28,77.63,M2910594463,0.0,0.0,0,0.0,0
147,PAYMENT,104.61,C4470591645,377.06,272.45,M5869990861,0.0,0.0,0,0.0,0
566,CASH_OUT,4735.16,C7227593033,36090.28,31355.12,C1770278136,0.0,0.0,0,0.013333333333333334,0
476,CASH_OUT,5404.95,C5625342041,5982.33,577.38,C6704841644,24.28,24.28,0,0.03,0
553,PAYMENT,9.57,C8317619798,17.55,7.98,M8821456242,0.0,0.0,0,0.0,0
495,TRANSFER,43.73,C4503614567,58.0,14.27,M7453081889,0.0,0.0,1,0.17333333333333334,0
98,CASH_IN,78216.98,C3303082117,20.16,78237.14,C6557907251,0.0,0.0,0,0.0,0
57,TRANSFER,398.54,C7660813178,489.73,91.19,C4735334423,19.1,417.64,1,0.02666666666666667,0
357,CASH_OUT,23.92,C3965676060,96.86,72.94,C9857430687,0.0,0.0,0,0.013333333333333334,0
235,TRANSFER,135.47,C6000009225,138.19,2.72,C1664847319,303955.31,304090.78,1,0.0,0
586,TRANSFER,22.27,C5474951950,70.92,48.65,C7857580528,0.0,22.27,0,0.17333333333333334,0
421,TRANSFER,845.69,C9957643727,721.19,0.0,M7437168216,0.0,0.0,1,0.25,0
408,PAYMENT,338.56,C6369130994,10697.35,10358.79,M7340036327,0.0,0.0,0,0.0,0
62,PAYMENT,277.37,C9558091177,536.71,259.34,M6284297249,0.0,0.0,0,0.0,0
117,CASH_OUT,45.5,C5025070544,57.63,12.13,C2224336336,189.89,189.89,0,0.0,0
60,CASH_OUT,2731.53,C5150074940,2618.0,0.0,M1504729135,0.0,0.0,1,0.04666666666666667,0
540,CASH_OUT,1316.21,C6591038760,1485.97,169.76,M9918338001,0.0,0.0,1,0.03,0
110,PAYMENT,814.96,C1370292681,1293.5,478.54,M4035639663,0.0,0.0,0,0.0,0
321,CASH_OUT,126.61,C5703357871,111.08,0.0,M6763471833,0.0,0.0,1,0.04,0
191,TRANSFER,1.0,C6852312425,0.0,0.0,C7937993287,3618.74,3619.74,0,0.0,0
501,PAYMENT,195.52,C7074050517,52872.77,52677.25,M4896576569,0.0,0.0,0,0.0,0
404,TRANSFER,132687.43,C3142452709,129050.92,0.0,M2571632270,0.0,0.0,1,0.9233333333333333,1
68,DEBIT,1748.32,C4765583254,2020.02,271.7,M2655546199,0.0,0.0,0,0.013333333333333334,0
185,PAYMENT,1.0,C8953726023,0.0,0.0,M7343954769,0.0,0.0,0,0.0,0
694,TRANSFER,9044.42,C8617360361,11382.0,2337.58,M1083302600,0.0,0.0,1,0.30666666666666664,0
404,CASH_OUT,64305.68,C2683446724,120336.87,56031.19,C6358023411,0.0,0.0,0,0.0033333333333333335,0
377,CASH_OUT,1.0,C3369305560,0.06,0.0,C4919706735,29.54,29.54,0,0.016666666666666666,0
631,TRANSFER,65.66,C3367665472,190.64,124.98,C5067245523,0.0,65.66,0,0.15,0
568,DEBIT,8.49,C9049270990,15.11,6.62,M9822499208,0.0,0.0,0,0.03,0
497,PAYMENT,84.53,C2571688961,6790.75,6706.22,M6999146585,0.0,0.0,0,0.0,0
502,TRANSFER,1.0,C4712367625,0.0,0.0,C5951406973,3471.47,3472.47,0,0.06,0
13,PAYMENT,52.97,C8758809005,1380.44,1327.47,M7192742877,0.0,0.0,0,0.0,0
392,CASH_OUT,1.0,C7645527239,0.0,0.0,C6761084958,16.76,16.76,0,0.023333333333333334,0
189,PAYMENT,50.75,C2094024844,90.48,39.73,M8138332494,0.0,0.0,0,0.0,0
243,PAYMENT,120.26,C1510289448,1622.6,1502.34,M8458323087,0.0,0.0,0,0.0,0
695,TRANSFER,261.38,C7533932947,491.73,230.35,C5407856339,26.93,288.31,0,0.05333333333333334,0
386,PAYMENT,181.69,C8086527181,2331.81,2150.12,M9098037639,0.0,0.0,0,0.0,0
532,TRANSFER,1.0,C3693985578,0.0,0.0,C8664882079,1541.22,1542.22,0,0.07333333333333333,0
526,PAYMENT,2137.68,C2771211118,2498.4,360.72,M7861571879,0.0,0.0,0,0.0,0
322,PAYMENT,32.14,C5694190173,2292.24,2260.1,M1647181551,0.0,0.0,0,0.0,0
173,TRANSFER,1.0,C7098134112,0.0,0.0,C4873807154,51142.61,51143.61,0,0.0,0
310,TRANSFER,1.0,C7333678472,0.0,0.0,C8823677798,0.0,1.0,0,0.22666666666666666,0
393,TRANSFER,3805.72,C2079770569,3173.09,0.0,M8858274691,0.0,0.0,1,0.7366666666666667,1
103,CASH_OUT,622.74,C5243939720,713.02,90.28,M4908108692,0.0,0.0,1,0.0033333333333333335,0
390,CASH_IN,142858.92,C7305101214,0.0,142858.92,C5215140451,1.0,1.0,0,0.0,0
691,PAYMENT,1.0,C2801177461,1.43,0.43,M3072183247,0.0,0.0,0,0.0,0
465,CASH_OUT,567.38,C4104309491,597.48,30.1,M3831598303,0.0,0.0,1,0.04666666666666667,0
230,PAYMENT,1.0,C8940731272,0.0,0.0,M2869931869,0.0,0.0,0,0.0,0
718,CASH_OUT,1442.15,C9697354961,1397.23,0.0,C6474354351,1.31,1.31,1,0.22333333333333333,0
527,TRANSFER,79.22,C6313758032,317.34,238.12,C3465883999,4152.78,4232.0,0,0.016666666666666666,0
82,PAYMENT,354.01,C5421051452,9423.26,9069.25,M5815678365,0.0,0.0,0,0.0,0
419,TRANSFER,889.11,C7568861677,73045.34,72156.23,C9663561486,4865.75,5754.86,0,0.0,0
595,CASH_OUT,1.39,C7958672456,2.92,1.53,C7573442717,0.0,0.0,0,0.04666666666666667,0
530,CASH_OUT,27209.94,C5297902885,131091.01,103881.07,C6804850108,67.96,67.96,0,0.01,0
500,TRANSFER,6791.68,C3567900251,17885.36,11093.68,C9805620900,65.34,6857.02,0,0.01,0
622,CASH_OUT,106.21,C6173344564,132.71,26.5,C6576395496,132.56,132.56,0,0.03333333333333333,0
649,CASH_OUT,2300.36,C3147818256,2842.09,541.73,M6401844042,0.0,0.0,1,0.023333333333333334,0
416,CASH_OUT,74.01,C1230249217,98.89,24.88,C5570828113,68649.49,68649.49,0,0.013333333333333334,0
288,CASH_OUT,138.06,C6649827836,302.53,164.47,C9771848610,7.09,7.09,0,0.006666666666666667,0
664,TRANSFER,25.31,C2250949136,77.57,52.26,C2073755632,17648.36,17673.67,0,0.006666666666666667,0
406,PAYMENT,1600.51,C3201397080,5469.74,3869.23,M9098037639,0.0,0.0,0,0.0,0
430,TRANSFER,1.0,C5508149905,0.0,0.0,C8109891300,139.82,140.82,0,0.09666666666666666,0
3,TRANSFER,1728.29,C7590302909,2158.51,430.22,M1694904767,0.0,0.0,1,0.16333333333333333,0
565,CASH_OUT,178.73,C4660390742,228.14,49.41,C8926438617,1303.92,1303.92,1,0.03333333333333333,0
607,PAYMENT,4251.3,C4490722186,45833.27,41581.97,M3595066420,0.0,0.0,0,0.0,0
289,DEBIT,1220.81,C3791027186,4663.26,3442.45,M7960713821,0.0,0.0,0,0.01,0
470,TRANSFER,247.58,C7627266377,294.42,46.84,M1711271599,0.0,0.0,1,0.16333333333333333,0
185,PAYMENT,1.0,C6942989052,1.0,0.0,M6845287382,0.0,0.0,0,0.0,0
363,TRANSFER,127.5,C7135394336,30353.59,30226.09,C1430073711,3953.32,4080.82,0,0.0,0
227,CASH_OUT,102719.1,C8934097788,157730.68,55011.58,C9457665185,197.24,197.24,0,0.0,0
59,TRANSFER,78619.87,C9858643842,102484.33,23864.46,C8880079328,0.0,78619.87,0,0.0,0
97,TRANSFER,4504.96,C4104309491,4782.7,277.74,M9977193987,0.0,0.0,1,0.21333333333333335,0
703,PAYMENT,1.0,C4939447721,0.0,0.0,M8727805468,0.0,0.0,0,0.0,0
185,CASH_OUT,45206.78,C6583444930,59734.76,14527.98,C3384006407,94501.17,94501.17,1,0.0,0
548,CASH_OUT,17756.55,C9433570024,21857.69,4101.14,C9703905715,8827.7,8827.7,0,0.0,0
151,TRANSFER,4834.32,C7808938880,4995.09,160.77,M5794335854,0.0,0.0,1,0.18333333333333332,0
416,DEBIT,1.0,C8055556030,0.0,0.0,M7270955446,0.0,0.0,0,0.05333333333333334,0
596,PAYMENT,36.62,C6591038760,169.76,133.14,M2228388623,0.0,0.0,0,0.0,0
364,CASH_OUT,3564.14,C3707166618,3942.9,378.76,C6241752544,1.0,1.0,1,0.01,0
389,TRANSFER,123.26,C3392080953,171.16,47.9,C6242173772,0.0,123.26,0,0.09666666666666666,0
453,CASH_IN,120751.28,C1378134712,7112.96,127864.24,C3294092753,0.65,0.65,0,0.0,0
531,PAYMENT,176.11,C7928074841,185.97,9.86,M5380159400,0.0,0.0,0,0.0,0
604,TRANSFER,53.26,C1288765093,147.51,94.25,C6244338653,15.55,68.81,0,0.14,0
373,PAYMENT,1.22,C2082326234,124.21,122.99,M8138332494,0.0,0.0,0,0.0,0
125,TRANSFER,1.0,C2699887270,0.0,0.0,C8624454880,17.26,18.26,0,0.17,0
655,TRANSFER,2864.38,C8507497883,2453.38,0.0,M8235474949,0.0,0.0,1,0.9366666666666666,1
669,CASH_OUT,9483.55,C2405746777,10987.81,1504.26,C2753617371,0.0,0.0,1,0.02,0
148,CASH_IN,51523.74,C3744446292,226.6,51750.34,C2349641712,0.0,0.0,0,0.0,0
571,TRANSFER,1.0,C3035761595,0.0,0.0,C7760554363,0.0,1.0,0,0.23,0
91,TRANSFER,25888.64,C2549748436,69763.47,43874.83,C8168394616,25592.78,51481.42,0,0.0,0
617,CASH_OUT,2033.37,C6923893872,2432.72,399.35,C9730449971,17.1,17.1,1,0.023333333333333334,0
494,PAYMENT,1289.35,C6877052039,1468.07,178.72,M9590331226,0.0,0.0,0,0.0,0
46,PAYMENT,1.96,C9457665185,197.24,195.28,M5714658227,0.0,0.0,0,0.0,0
720,TRANSFER,77.88,C7757700186,212.5,134.62,C9019515562,369.65,447.53,0,0.043333333333333335,0
483,CASH_OUT,4013.97,C2176904638,4310.28,296.31,M8325043570,0.0,0.0,1,0.05333333333333334,0
338,TRANSFER,44191.14,C7215110267,61067.43,16876.29,M2115406331,0.0,0.0,1,0.21333333333333335,0
252,PAYMENT,1.94,C4735313433,4.7,2.76,M7366396017,0.0,0.0,0,0.0,0
30,CASH_OUT,3.68,C1654602021,15.61,11.93,C5884080139,126440.27,126440.27,0,0.0,0
599,PAYMENT,13858.33,C9245348297,40091.47,26233.14,M5194066484,0.0,0.0,0,0.0,0
68,TRANSFER,321.14,C2994056084,310.49,0.0,C8760642358,45853.46,45853.46,1,0.0,0
158,PAYMENT,57.3,C5515628633,243.97,186.67,M9640701016,0.0,0.0,0,0.0,0
230,TRANSFER,228.33,C4203205881,262.11,33.78,M9918338001,0.0,0.0,1,0.16,0
259,PAYMENT,1.0,C8478529823,0.0,0.0,M7948094928,0.0,0.0,0,0.0,0
38,CASH_OUT,5647.14,C6928691380,4886.48,0.0,C6588252632,0.0,0.0,1,0.03333333333333333,0
559,TRANSFER,894.39,C3623588379,1082.58,188.19,C6171239466,4.0,898.39,1,0.03666666666666667,0
111,TRANSFER,131.51,C9248046539,155.48,23.97,C6037168610,70934.45,71065.96,0,0.0,0
304,PAYMENT,1743.23,C9533595495,5173.78,3430.55,M9900829971,0.0,0.0,0,0.0,0
181,DEBIT,56.6,C5364727160,67.33,10.73,M9977193987,0.0,0.0,0,0.023333333333333334,0
89,CASH_IN,91698.52,C1547374338,0.0,91698.52,C8880079328,78619.87,78619.87,0,0.0,0
303,PAYMENT,25.78,C8252816758,90.54,64.76,M5990749811,0.0,0.0,0,0.0,0
249,CASH_OUT,387.69,C7664258343,484.28,96.59,M3119908041,0.0,0.0,1,0.01,0
580,TRANSFER,146.88,C8737025391,271.1,124.22,C1245522987,36686.16,36833.04,0,0.0,0
68,CASH_OUT,4359.58,C9916336966,4661.26,301.68,M6053489772,0.0,0.0,1,0.0,0
182,CASH_OUT,29433.26,C8189916797,39137.43,9704.17,C2979958124,39.29,39.29,0,0.0,0
668,TRANSFER,3802.24,C7079234115,3628.43,0.0,C5693307665,73.1,3875.34,1,0.31333333333333335,0
389,TRANSFER,2977.55,C3185089287,2500.99,0.0,M4892544235,0.0,0.0,1,0.7233333333333334,1
386,PAYMENT,265.62,C1110724913,65423.56,65157.94,M3705237613,0.0,0.0,0,0.0,0
702,PAYMENT,106.46,C2227193073,163.13,56.67,M2121448210,0.0,0.0,0,0.0,0
77,PAYMENT,1.0,C2423995953,0.81,0.0,M9441870024,0.0,0.0,0,0.0,0
564,DEBIT,38978.86,C8118065825,57431.17,18452.31,M3705237613,0.0,0.0,0,0.016666666666666666,0
4,TRANSFER,3189.0,C8879525611,2796.72,0.0,M8646369354,0.0,0.0,1,0.7533333333333333,1
38,PAYMENT,1413.21,C1590985753,1672.55,259.34,M8821456242,0.0,0.0,0,0.0,0
439,CASH_OUT,1.0,C6169243284,0.0,0.0,C8086684009,0.17,0.17,0,0.09333333333333334,0
138,TRANSFER,1.0,C5613655595,0.0,0.0,C6009268066,0.0,1.0,0,0.21333333333333335,0
290,DEBIT,144.35,C6649827836,164.47,20.12,M8058679999,0.0,0.0,0,0.02,0
213,CASH_OUT,21.45,C5212581851,29.75,8.3,C6171239466,898.39,898.39,0,0.0033333333333333335,0
124,CASH_OUT,80549.9,C4486522557,85002.24,4452.34,M2604788242,0.0,0.0,1,0.0,0
3,TRANSFER,364.89,C4735334423,417.64,52.75,M4601406440,0.0,0.0,1,0.16,0
208,DEBIT,215.59,C8598503901,894.38,678.79,M7230477043,0.0,0.0,0,0.013333333333333334,0
89,PAYMENT,1.0,C8505373158,0.0,0.0,M9977193987,0.0,0.0,0,0.0,0
195,TRANSFER,1.0,C7601519165,0.0,0.0,C4693510920,0.0,1.0,0,0.23,0
597,CASH_IN,5092.7,C5118430494,13529.03,18621.73,C3758823240,8570.91,8570.91,0,0.0,0
502,PAYMENT,17.23,C6218484323,25.57,8.34,M6200141898,0.0,0.0,0,0.0,0
636,TRANSFER,1.0,C9103115140,0.0,0.0,C8106401208,1110.34,1111.34,0,0.08333333333333333,0
475,TRANSFER,388.61,C1051354601,1413.39,1024.78,C3207160929,0.0,388.61,0,0.06666666666666667,0
449,PAYMENT,1.0,C1322401182,0.0,0.0,M8366710477,0.0,0.0,0,0.0,0
349,PAYMENT,49.32,C9471306442,465.81,416.49,M1257854279,0.0,0.0,0,0.0,0
656,PAYMENT,1.0,C8761469117,0.0,0.0,M6495967005,0.0,0.0,0,0.0,0
51,TRANSFER,2473.73,C5646880148,2076.98,0.0,M3508990774,0.0,0.0,1,0.62,1
606,PAYMENT,1.0,C4427620889,0.0,0.0,M5714658227,0.0,0.0,0,0.0,0
498,PAYMENT,1.0,C8995970241,0.0,0.0,M6199197408,0.0,0.0,0,0.0,0
150,TRANSFER,957.37,C6797436140,1105.6,148.23,C1160913827,2907.31,2907.31,1,0.0,0
386,CASH_OUT,63242.99,C2660286914,82036.78,18793.79,M3019265031,0.0,0.0,1,0.0033333333333333335,0
361,PAYMENT,574.68,C2191714875,17011.07,16436.39,M8740820392,0.0,0.0,0,0.0,0
391,TRANSFER,78483.51,C8134112721,104683.84,26200.33,C9805620900,6857.02,85340.53,1,0.0,0
271,PAYMENT,338.15,C8208584394,1199.88,861.73,M6606958660,0.0,0.0,0,0.0,0
314,PAYMENT,2959.63,C4531928910,137858.24,134898.61,M2249831874,0.0,0.0,0,0.0,0
310,TRANSFER,117.98,C6726515966,137.8,19.82,M9558906999,0.0,0.0,1,0.16,0
558,CASH_OUT,5769.04,C2445662585,5938.61,169.57,M3566125120,0.0,0.0,1,0.03333333333333333,0
63,CASH_OUT,934.59,C2524751277,1227.74,293.15,C1654602021,11.93,11.93,0,0.0,0
436,TRANSFER,4060.8,C7858937483,3872.86,0.0,C4895020135,2411.99,2411.99,1,0.2833333333333333,0
333,CASH_OUT,4145.37,C5364727160,4281.79,136.42,C7560389844,24.05,24.05,1,0.01,0
518,CASH_OUT,16.89,C1754603440,40.38,23.49,C7805633786,98745.77,98745.77,0,0.0,0
382,TRANSFER,37075.26,C7846365089,128855.68,91780.42,C3694860228,0.0,37075.26,0,0.0,0
488,PAYMENT,66.22,C9558091177,259.34,193.12,M3322580659,0.0,0.0,0,0.0,0
594,TRANSFER,121.61,C6937704752,440.02,318.41,C8503368512,5.12,126.73,0,0.08333333333333333,0
305,TRANSFER,2039.13,C8309221034,1792.33,0.0,C5022964382,2214.35,2214.35,1,0.02666666666666667,0
133,PAYMENT,5.57,C2268006448,26.25,20.68,M8443061472,0.0,0.0,0,0.0,0
216,PAYMENT,76.09,C6201313620,98.11,22.02,M2418407139,0.0,0.0,0,0.0,0
330,PAYMENT,364.09,C7417183769,134171.12,133807.03,M4522855590,0.0,0.0,0,0.0,0
438,PAYMENT,1.0,C2180484299,0.0,0.0,M1343875431,0.0,0.0,0,0.0,0
475,PAYMENT,24848.77,C4302632494,30309.36,5460.59,M9896529524,0.0,0.0,0,0.0,0
697,PAYMENT,981.97,C8858766173,1040.23,58.26,M2303835765,0.0,0.0,0,0.0,0
434,PAYMENT,16563.92,C7227593033,31355.12,14791.2,M4601406440,0.0,0.0,0,0.0,0
383,PAYMENT,26.25,C4586784711,22967.09,22940.84,M6041646576,0.0,0.0,0,0.0,0
14,TRANSFER,397.46,C6317152031,351.65,0.0,M4122901114,0.0,0.0,1,0.20666666666666667,0
630,TRANSFER,89.66,C5140460939,86.67,0.0,M4665677395,0.0,0.0,1,0.24333333333333335,0
393,PAYMENT,213.81,C2178884276,257.9,44.09,M5959736235,0.0,0.0,0,0.0,0
287,CASH_IN,116898.88,C7801948900,0.0,116898.88,C2962491159,340.48,340.48,0,0.0,0
412,PAYMENT,1.0,C6687206971,0.0,0.0,M9620935604,0.0,0.0,0,0.0,0
566,TRANSFER,4961.69,C9759180824,4986.64,24.95,M8874242713,0.0,0.0,1,0.56,1
662,PAYMENT,1.0,C5606736607,0.0,0.0,M4522855590,0.0,0.0,0,0.0,0
542,CASH_OUT,11295.69,C7004510516,17336.16,6040.47,C6805759868,0.0,0.0,0,0.016666666666666666,0
167,TRANSFER,1812.03,C8795212264,1655.11,0.0,C1041531046,8.18,8.18,1,0.36333333333333334,0
539,CASH_OUT,944.77,C5952163720,1239.24,294.47,C9370133032,221322.0,221322.0,1,0.0033333333333333335,0
460,CASH_OUT,143.06,C2445662585,169.57,26.51,C5638860656,10.57,10.57,0,0.05,0
451,PAYMENT,959.66,C5071897791,1257.31,297.65,M9977193987,0.0,0.0,0,0.0,0
173,CASH_OUT,13433.81,C8118065825,18452.31,5018.5,M2136107759,0.0,0.0,1,0.0,0
90,CASH_IN,149865.18,C7536876169,0.0,149865.18,C9080621072,1142.8,1142.8,0,0.0,0
128,DEBIT,69.39,C5064162365,121.48,52.09,M4908108692,0.0,0.0,0,0.02,0
679,TRANSFER,5052.49,C9403748506,4657.89,0.0,C2428156550,0.0,5052.49,1,0.35,0
446,TRANSFER,12888.53,C6642201119,12108.74,0.0,C4067919621,26656.46,26656.46,1,0.04,0
533,PAYMENT,1.0,C7340428136,0.0,0.0,M3457877922,0.0,0.0,0,0.0,0
157,PAYMENT,12.67,C4696689457,32.16,19.49,M9404002665,0.0,0.0,0,0.0,0
92,PAYMENT,1.0,C1558631501,0.0,0.0,M7282885927,0.0,0.0,0,0.0,0
490,CASH_OUT,1.0,C2079770569,0.0,0.0,C2379592595,2.36,2.36,0,0.06666666666666667,0
712,PAYMENT,188.73,C6661014794,10095.51,9906.78,M4522855590,0.0,0.0,0,0.0,0
157,TRANSFER,255.56,C5036200310,291.08,35.52,C7059726570,300.61,556.17,0,0.006666666666666667,0
476,CASH_OUT,282.77,C2720484983,241.2,0.0,M7050091525,0.0,0.0,1,0.10666666666666667,0
376,PAYMENT,1.0,C3980491761,0.0,0.0,M9631695368,0.0,0.0,0,0.0,0
518,PAYMENT,1.0,C1770278136,0.0,0.0,M3846182436,0.0,0.0,0,0.0,0
571,PAYMENT,17.61,C2973888646,39.75,22.14,M2655546199,0.0,0.0,0,0.0,0
676,PAYMENT,393.96,C1600406558,488.15,94.19,M5734228580,0.0,0.0,0,0.0,0
711,CASH_OUT,5528.31,C2428156550,5052.49,0.0,C7249213370,0.0,0.0,1,0.21666666666666667,0
300,PAYMENT,1.0,C5993571693,0.0,0.0,M6790024996,0.0,0.0,0,0.0,0
309,PAYMENT,1.0,C7573442717,0.0,0.0,M8869140487,0.0,0.0,0,0.0,0
213,TRANSFER,319.57,C2524751277,293.15,0.0,C6623360831,1778.95,1778.95,1,0.006666666666666667,0
179,PAYMENT,1.0,C7529817193,0.0,0.0,M2916502228,0.0,0.0,0,0.0,0
555,PAYMENT,15.65,C1754603440,23.49,7.84,M5449848690,0.0,0.0,0,0.0,0
283,TRANSFER,1.0,C1242425303,0.0,0.0,C6591038760,133.14,134.14,0,0.06,0
582,PAYMENT,183.47,C2732553940,104230.52,104047.05,M8728631945,0.0,0.0,0,0.0,0
80,CASH_OUT,810.72,C4683585586,779.87,0.0,C3107125807,3745.68,3745.68,1,0.02666666666666667,0
253,TRANSFER,4193.19,C7602474923,5877.36,1684.17,C8134112721,26200.33,26200.33,1,0.0,0
610,PAYMENT,18.93,C1471997674,31.44,12.51,M4601406440,0.0,0.0,0,0.0,0
219,CASH_OUT,2881.61,C2878930355,2749.16,0.0,C4470591645,272.45,272.45,1,0.056666666666666664,0
350,PAYMENT,1075.55,C1158998032,44519.88,43444.33,M1692044390,0.0,0.0,0,0.0,0
478,TRANSFER,924.97,C9166381136,799.84,0.0,C5010075517,37.09,37.09,1,0.3566666666666667,0
37,CASH_OUT,309.89,C3128675098,980.41,670.52,C5610783750,5.66,5.66,0,0.0033333333333333335,0
220,TRANSFER,227.5,C9454207717,7220.33,6992.83,C8684942020,0.0,227.5,0,0.023333333333333334,0
166,PAYMENT,5.63,C9463197203,7.72,2.09,M3476758136,0.0,0.0,0,0.0,0
142,PAYMENT,1981.59,C8493451569,2225.35,243.76,M3595066420,0.0,0.0,0,0.0,0
476,CASH_OUT,27.98,C5083595988,32.6,4.62,C2537965898,168.63,168.63,0,0.06333333333333334,0
595,PAYMENT,767.1,C4662861038,910.3,143.2,M6130446648,0.0,0.0,0,0.0,0
489,TRANSFER,3.38,C8317619798,7.98,4.6,C5409514899,5924.24,5927.62,0,0.03,0
222,PAYMENT,1.0,C2893321208,0.0,0.0,M9068916300,0.0,0.0,0,0.0,0
449,PAYMENT,3505.34,C6099808894,3747.01,241.67,M2778069478,0.0,0.0,0,0.0,0
597,PAYMENT,219.52,C3645901955,356.67,137.15,M2541015125,0.0,0.0,0,0.0,0
295,PAYMENT,207.35,C8684942020,227.5,20.15,M6651020291,0.0,0.0,0,0.0,0
549,CASH_IN,26679.89,C8322868827,6.1,26685.99,C8880079328,78619.87,78619.87,0,0.0,0
684,CASH_OUT,107.72,C7533932947,230.35,122.63,C9547119184,842.36,842.36,0,0.02,0
151,CASH_OUT,10984.68,C1594312071,9201.56,0.0,C5641959772,5.49,5.49,1,0.06666666666666667,0
662,CASH_OUT,4.35,C1847275937,10.93,6.58,C1506211965,21.94,21.94,0,0.023333333333333334,0
600,TRANSFER,3315.3,C6756332150,2908.08,0.0,M7969674420,0.0,0.0,1,0.9466666666666667,1
712,PAYMENT,17558.13,C2660286914,18793.79,1235.66,M9068916300,0.0,0.0,0,0.0,0
391,PAYMENT,62.58,C8046300793,29629.03,29566.45,M8728631945,0.0,0.0,0,0.0,0
330,TRANSFER,1.0,C3792347639,0.0,0.0,C6000952470,0.47,1.47,0,0.22,0
301,PAYMENT,2523.34,C6186758088,24069.74,21546.4,M2778069478,0.0,0.0,0,0.0,0
418,CASH_OUT,1.0,C4202607993,0.0,0.0,C5569145346,297.94,297.94,0,0.08666666666666667,0
25,PAYMENT,43.31,C3424843951,153.36,110.05,M2571632270,0.0,0.0,0,0.0,0
342,PAYMENT,4.28,C1586412136,17.23,12.95,M4665677395,0.0,0.0,0,0.0,0
235,CASH_OUT,1950.08,C3734252963,1805.02,0.0,M9773795424,0.0,0.0,1,0.07,0
116,CASH_OUT,3709.3,C3171050399,3600.64,0.0,C1526723719,226.74,226.74,1,0.03333333333333333,0
590,CASH_IN,783.72,C7098134112,0.0,783.72,C1952396600,210.62,210.62,0,0.0033333333333333335,0
489,PAYMENT,2.12,C6491309593,3.29,1.17,M8646369354,0.0,0.0,0,0.0,0
462,PAYMENT,2173.3,C4106464319,2341.26,167.96,M1732578761,0.0,0.0,0,0.0,0
248,PAYMENT,1053.16,C6773938304,135675.48,134622.32,M3094407076,0.0,0.0,0,0.0,0
319,CASH_OUT,2601.97,C6317189421,2222.14,0.0,C7832220535,0.0,0.0,1,0.12,0
554,PAYMENT,25.63,C4735334423,52.75,27.12,M2773408660,0.0,0.0,0,0.0,0
586,CASH_IN,453.33,C4647891535,9.67,463.0,C3369305560,0.0,0.0,0,0.0033333333333333335,0
615,CASH_IN,132501.62,C8047877267,96.4,132598.02,C2479679716,3.69,3.69,0,0.0,0
317,CASH_OUT,123103.29,C2914590233,126208.63,3105.34,C2227193073,56.67,56.67,1,0.0,0
119,PAYMENT,1096.09,C6418365941,1599.74,503.65,M3605446007,0.0,0.0,0,0.0,0
318,TRANSFER,1.0,C7887950851,2.0,1.0,C1624173500,24282.25,24283.25,0,0.0,0
632,PAYMENT,1.0,C3878201524,0.0,0.0,M5694439775,0.0,0.0,0,0.0,0
172,DEBIT,142.48,C9558091177,193.12,50.64,M5315720088,0.0,0.0,0,0.016666666666666666,0
259,PAYMENT,1.74,C5072538783,27.35,25.61,M2129491690,0.0,0.0,0,0.0,0
289,TRANSFER,228.55,C7525240100,404.48,175.93,C9032096058,1837.25,2065.8,0,0.0,0
36,CASH_OUT,2.02,C8303853049,6.0,3.98,C5612645121,308.26,308.26,0,0.0,0
217,TRANSFER,46672.51,C8760642358,45853.46,0.0,C5254923696,0.0,46672.51,1,0.05333333333333334,0
187,CASH_OUT,3425.13,C9165632300,3603.74,178.61,M7969674420,0.0,0.0,1,0.0,0
397,TRANSFER,11.19,C3074232200,30.16,18.97,C8151583833,6364.59,6375.78,0,0.0,0
198,CASH_OUT,87963.27,C7146318035,175003.28,87040.01,C3484872186,0.0,0.0,0,0.0,0
166,TRANSFER,2996.47,C7508080884,3293.51,297.04,M4896576569,0.0,0.0,1,0.18333333333333332,0
91,PAYMENT,2455.91,C7872873371,6496.81,4040.9,M7951820749,0.0,0.0,0,0.0,0
142,TRANSFER,53.74,C6995554056,113.47,59.73,C3623588379,188.19,241.93,0,0.006666666666666667,0
127,TRANSFER,1.0,C6542943838,0.0,0.0,C6069848439,12570.01,12571.01,0,0.0,0
404,PAYMENT,1.82,C5083595988,4.62,2.8,M1857561275,0.0,0.0,0,0.0,0
26,PAYMENT,1.0,C1124331395,0.0,0.0,M4211837506,0.0,0.0,0,0.0,0
94,TRANSFER,3198.38,C9292791081,3990.66,792.28,C2635231601,0.0,3198.38,1,0.01,0
223,PAYMENT,227.41,C2176904638,296.31,68.9,M3566125120,0.0,0.0,0,0.0,0
218,CASH_OUT,1359.6,C9987064419,1162.98,0.0,M5067400473,0.0,0.0,1,0.05,0
677,TRANSFER,89.04,C9626333315,104.66,15.62,C7403028869,0.0,0.0,1,0.17666666666666667,0
234,PAYMENT,2.0,C8417757797,2.2,0.2,M3536590481,0.0,0.0,0,0.0,0
461,PAYMENT,259.31,C6884882440,935.69,676.38,M1692044390,0.0,0.0,0,0.0,0
650,TRANSFER,1431.96,C8325222092,1831.78,399.82,C7004510516,6040.47,6040.47,1,0.03,0
372,PAYMENT,10.24,C2178884276,44.09,33.85,M6498703287,0.0,0.0,0,0.0,0
124,TRANSFER,3243.96,C4877520294,3137.59,0.0,C7623575561,86241.92,86241.92,1,0.006666666666666667,0
426,PAYMENT,1.0,C5140460939,0.0,0.0,M4125758723,0.0,0.0,0,0.0,0
52,CASH_OUT,25.27,C6923301988,99.49,74.22,C3713284816,0.0,0.0,0,0.0033333333333333335,0
371,CASH_OUT,86.93,C6544063167,149.41,62.48,C7567496105,207.09,207.09,0,0.0033333333333333335,0
290,TRANSFER,3.79,C5025070544,12.13,8.34,C5439176290,0.0,3.79,0,0.15666666666666668,0
75,PAYMENT,2408.81,C9285415473,4068.98,1660.17,M1732578761,0.0,0.0,0,0.0,0
427,TRANSFER,71.22,C6804850108,67.96,0.0,C6287793163,1107.72,1107.72,1,0.07666666666666666,0
647,TRANSFER,25757.7,C9245348297,26233.14,475.44,C4734111722,0.0,0.0,1,0.35333333333333333,0
104,CASH_OUT,9576.18,C3343292475,21311.13,11734.95,C4037270171,0.0,0.0,0,0.0,0
657,TRANSFER,6.73,C5829062179,16.97,10.24,C9860949331,16.03,22.76,0,0.14333333333333334,0
163,TRANSFER,1740.01,C4022245086,1556.36,0.0,C2140169349,288.73,2028.74,1,0.06666666666666667,0
105,DEBIT,6.07,C8285786023,20.2,14.13,M1185303518,0.0,0.0,0,0.02,0
118,PAYMENT,553.36,C3479708607,1054.56,501.2,M8874242713,0.0,0.0,0,0.0,0
434,PAYMENT,410.03,C8477300991,1174.22,764.19,M7437168216,0.0,0.0,0,0.0,0
283,TRANSFER,12.56,C3360791536,22.68,10.12,C2979958124,39.29,51.85,0,0.10333333333333333,0
186,PAYMENT,1.0,C2720484983,0.0,0.0,M3145756342,0.0,0.0,0,0.0,0
33,PAYMENT,29.5,C9863781331,57.79,28.29,M3107992942,0.0,0.0,0,0.0,0
193,CASH_OUT,6.37,C9771848610,7.09,0.72,C7710396573,22.52,22.52,0,0.006666666666666667,0
160,CASH_OUT,572.69,C1370292681,478.54,0.0,M1694904767,0.0,0.0,1,0.06,0
327,CASH_OUT,1.0,C1553155490,0.0,0.0,C9573276057,31.01,31.01,0,0.02,0
487,TRANSFER,4650.4,C6562434335,4788.19,137.79,C8117478955,16.13,16.13,1,0.35,0
547,TRANSFER,1.0,C7961674558,0.0,0.0,C9730449971,17.1,18.1,0,0.19333333333333333,0
162,TRANSFER,661.97,C5647317872,574.73,0.0,M8443061472,0.0,0.0,1,0.2866666666666667,0
694,TRANSFER,5050.73,C5666504394,5268.48,217.75,M1099218439,0.0,0.0,1,0.33,0
691,TRANSFER,1.0,C5485387618,0.0,0.0,C6633778586,65489.36,65490.36,0,0.0033333333333333335,0
6,TRANSFER,41261.11,C2625792787,67982.48,26721.37,C7088451458,247.97,41509.08,0,0.0,0
60,CASH_OUT,283.22,C8257484586,353.87,70.65,C9954587710,364.83,364.83,0,0.0033333333333333335,0
588,TRANSFER,17982.64,C3149533961,24720.85,6738.21,C8189916797,9704.17,9704.17,1,0.0033333333333333335,0
615,CASH_IN,39003.31,C6613888489,3050.01,42053.32,C7499349987,2245.15,2245.15,0,0.0,0
708,CASH_OUT,4313.43,C5975196341,3832.25,0.0,C2579206999,471.32,471.32,1,0.24,0
104,PAYMENT,1.0,C4939447721,0.0,0.0,M9288057824,0.0,0.0,0,0.0033333333333333335,0
579,CASH_OUT,1257.51,C8760642358,1555.53,298.02,M5087280062,0.0,0.0,1,0.03,0
70,PAYMENT,6181.41,C1194576436,46533.46,40352.05,M1504729135,0.0,0.0,0,0.0,0
180,TRANSFER,20997.93,C7083067988,21786.3,788.37,M5990749811,0.0,0.0,1,0.27,0
196,DEBIT,29007.66,C7568861677,72156.23,43148.57,M3469205576,0.0,0.0,0,0.006666666666666667,0
151,CASH_OUT,336.58,C8102515984,426.12,89.54,C4564751926,21289.71,21289.71,0,0.0033333333333333335,0
248,TRANSFER,1.0,C7915226263,0.0,0.0,C5666504394,217.75,218.75,0,0.05,0
2,CASH_OUT,136174.12,C5933179746,171891.2,35717.08,M3495411322,0.0,0.0,1,0.0,0
640,TRANSFER,480.54,C9123207735,566.45,85.91,C5329194647,0.0,480.54,0,0.08333333333333333,0
427,PAYMENT,834.18,C4566852761,1451.24,617.06,M9523139706,0.0,0.0,0,0.0,0
114,TRANSFER,89.27,C7660813178,91.19,1.92,M5891831621,0.0,0.0,1,0.18,0
442,TRANSFER,1.0,C8982597239,0.0,0.0,C5269728610,1693.44,1694.44,0,0.07666666666666666,0
504,PAYMENT,1.0,C6952554500,0.0,0.0,M7343954769,0.0,0.0,0,0.0,0
266,CASH_OUT,506.35,C1431494396,605.52,99.17,C1383539822,0.0,0.0,1,0.01,0
300,PAYMENT,1.0,C4783282817,0.0,0.0,M8366710477,0.0,0.0,0,0.0,0
256,CASH_OUT,34.58,C3304560537,36.45,1.87,C4287687478,159726.32,159726.32,0,0.0,0
154,TRANSFER,24830.59,C9196564761,28565.33,3734.74,C8261111839,5.46,24836.05,0,0.0033333333333333335,0
594,DEBIT,7.24,C8285786023,14.13,6.89,M3145756342,0.0,0.0,0,0.03,0
517,DEBIT,121.27,C9165632300,178.61,57.34,M3595066420,0.0,0.0,0,0.02666666666666667,0
110,TRANSFER,162175.02,C6392415228,164298.39,2123.37,M8325043570,0.0,0.0,1,0.27666666666666667,0
517,PAYMENT,90.45,C9409682410,111.39,20.94,M3317856944,0.0,0.0,0,0.0,0
9,PAYMENT,1.0,C4181102664,0.0,0.0,M4892544235,0.0,0.0,0,0.0,0
398,PAYMENT,15.47,C5087357728,15846.64,15831.17,M6820149016,0.0,0.0,0,0.0,0
23,CASH_OUT,24.81,C5336127859,71.51,46.7,C1600566083,19.42,19.42,0,0.0033333333333333335,0
203,PAYMENT,1.0,C2181241943,0.0,0.0,M4035639663,0.0,0.0,0,0.0,0
369,CASH_OUT,45.77,C5515628633,186.67,140.9,C4693510920,1.0,1.0,0,0.006666666666666667,0
122,DEBIT,58.6,C4748302739,82.6,24.0,M5891831621,0.0,0.0,0,0.02,0
364,CASH_OUT,106.29,C4322510552,191.64,85.35,C2953462417,0.0,0.0,0,0.01,0
45,PAYMENT,143.04,C8675071314,109962.41,109819.37,M1099218439,0.0,0.0,0,0.0,0
338,DEBIT,51.8,C1818112342,143.67,91.87,M8861351706,0.0,0.0,0,0.02,0
43,TRANSFER,3048.6,C9573276057,4349.06,1300.46,M6200141898,0.0,0.0,1,0.19,0
500,PAYMENT,40.26,C5861829469,42.63,2.37,M2839566253,0.0,0.0,0,0.0,0
623,TRANSFER,730.56,C1112794026,1642.59,912.03,C7467073633,704.55,1435.11,0,0.03,0
484,TRANSFER,629.09,C3520417815,615.55,0.0,C6715705115,0.0,0.0,1,0.26666666666666666,0
9,PAYMENT,1.0,C7369118672,0.0,0.0,M7270955446,0.0,0.0,0,0.0,0
431,TRANSFER,4970.77,C6218484323,4647.34,0.0,C1551395583,4872.5,4872.5,1,0.19333333333333333,0
459,PAYMENT,2845.1,C3553440342,42121.54,39276.44,M3960136787,0.0,0.0,0,0.0,0
668,PAYMENT,630.21,C9704383251,145080.87,144450.66,M7351460539,0.0,0.0,0,0.0,0
627,PAYMENT,1.0,C9337145038,0.0,0.0,M2303835765,0.0,0.0,0,0.0,0
217,CASH_IN,24133.9,C8270110908,0.0,24133.9,C3615507143,40193.09,40193.09,0,0.0,0
222,CASH_OUT,11.15,C1654602021,11.93,0.78,C5489485517,94.09,94.09,0,0.0,0
637,TRANSFER,269.32,C7431813987,238.89,0.0,C6640801643,0.0,0.0,1,0.24,0
385,TRANSFER,855.67,C2311597141,804.6,0.0,M2571632270,0.0,0.0,1,0.30333333333333334,0
512,CASH_OUT,232.37,C8760642358,298.02,65.65,M5891831621,0.0,0.0,1,0.03666666666666667,0
469,CASH_IN,114383.37,C3946766309,16205.71,130589.08,C5022964382,2214.35,2214.35,0,0.0,0
300,CASH_OUT,382.22,C9547119184,842.36,460.14,C2850820685,104.47,104.47,0,0.01,0
647,CASH_OUT,2791.38,C6844582171,3123.13,331.75,M2916502228,0.0,0.0,1,0.02666666666666667,0
196,TRANSFER,401.16,C7208619610,351.83,0.0,M2910594463,0.0,0.0,1,0.23666666666666666,0
649,TRANSFER,470.96,C7079234115,634.38,163.42,C2050340486,214.78,214.78,1,0.06,0
481,PAYMENT,81.62,C2125089309,157.04,75.42,M1811839103,0.0,0.0,0,0.0,0
252,TRANSFER,6854.73,C5694848867,21217.23,14362.5,C4643576871,260.1,7114.83,0,0.0,0
662,TRANSFER,1438.1,C7895255573,1594.94,156.84,M6053489772,0.0,0.0,1,0.20333333333333334,0
706,PAYMENT,1.0,C7910817577,0.0,0.0,M6845287382,0.0,0.0,0,0.0,0
438,PAYMENT,13.13,C8178927766,44.19,31.06,M7960713821,0.0,0.0,0,0.0,0
529,TRANSFER,56320.7,C5570828113,68649.49,12328.79,C6392415228,2123.37,58444.07,0,0.0,0
172,PAYMENT,295.85,C7059726570,556.17,260.32,M6200141898,0.0,0.0,0,0.0,0
82,TRANSFER,768.32,C4277561834,1096.47,328.15,C7430757004,61.14,829.46,0,0.006666666666666667,0
49,CASH_OUT,2064.98,C5336127859,2169.47,104.49,M8727805468,0.0,0.0,1,0.0033333333333333335,0
702,CASH_OUT,238.85,C6789448659,515.62,276.77,C5613655595,0.0,0.0,0,0.02666666666666667,0
73,TRANSFER,3276.5,C7460728316,4453.32,1176.82,M3297681898,0.0,0.0,1,0.2,0
132,CASH_OUT,114.22,C1662976399,259.99,145.77,C7146318035,87040.01,87040.01,0,0.0033333333333333335,0
278,TRANSFER,1909.06,C9771848610,1643.56,0.0,C2524751277,0.0,1909.06,1,0.12333333333333334,0
87,PAYMENT,6595.69,C1547374338,91698.52,85102.83,M3072183247,0.0,0.0,0,0.0,0
30,TRANSFER,983.4,C7059591606,1333.93,350.53,M7351460539,0.0,0.0,1,0.10333333333333333,0
339,CASH_OUT,4455.62,C4096932037,4066.11,0.0,M6932365592,0.0,0.0,1,0.12666666666666668,0
281,TRANSFER,63.74,C2227193073,56.67,0.0,C9403748506,0.0,0.0,1,0.23666666666666666,0
351,TRANSFER,38303.63,C5759234471,41165.67,2862.04,C9911329062,0.0,38303.63,1,0.0,0
536,TRANSFER,13308.0,C2683446724,56031.19,42723.19,C4356175095,5.32,13313.32,0,0.0,0
558,CASH_OUT,19593.73,C9410288290,23088.9,3495.17,C8617360361,2337.58,2337.58,0,0.0033333333333333335,0
20,CASH_OUT,1.0,C4040409964,0.0,0.0,C8517413631,331.85,331.85,0,0.0033333333333333335,0
660,TRANSFER,244.2,C9924456994,321.03,76.83,C4882343658,0.0,0.0,1,0.17333333333333334,0
128,PAYMENT,37.65,C1662976399,145.77,108.12,M3313346852,0.0,0.0,0,0.0,0
615,PAYMENT,1.0,C5161807235,0.0,0.0,M1676220116,0.0,0.0,0,0.0,0
360,PAYMENT,1.0,C3923823693,0.0,0.0,M2155671697,0.0,0.0,0,0.0,0
633,PAYMENT,150.18,C4277561834,328.15,177.97,M2391874847,0.0,0.0,0,0.0,0
50,CASH_OUT,2323.25,C6761084958,2038.11,0.0,M3965860354,0.0,0.0,1,0.04,0
472,CASH_OUT,192.35,C7829772942,226.74,34.39,M8861351706,0.0,0.0,1,0.05,0
254,TRANSFER,24387.8,C4914929023,75282.95,50895.15,C7190276026,0.0,24387.8,0,0.0,0
367,TRANSFER,1279.83,C8934927891,1225.43,0.0,M2839566253,0.0,0.0,1,0.3433333333333333,0
280,TRANSFER,1.0,C3171050399,0.0,0.0,C3316277000,0.0,1.0,0,0.23333333333333334,0
164,PAYMENT,23.71,C5334769475,58.5,34.79,M1711271599,0.0,0.0,0,0.0,0
79,PAYMENT,183.33,C7209571615,571.2,387.87,M1368287033,0.0,0.0,0,0.0,0
327,PAYMENT,9.23,C6634526139,37.09,27.86,M9255306810,0.0,0.0,0,0.0,0
360,CASH_OUT,6623.65,C4079223686,6332.14,0.0,M9098037639,0.0,0.0,1,0.16666666666666666,0
219,TRANSFER,84.46,C2825957977,87.57,3.11,M7437168216,0.0,0.0,1,0.17666666666666667,0
467,TRANSFER,1501.95,C3396953414,1495.92,0.0,M5937271321,0.0,0.0,1,0.49333333333333335,0
367,TRANSFER,601.21,C9470922075,857.68,256.47,M2916502228,0.0,0.0,1,0.10666666666666667,0
79,PAYMENT,20.12,C1288335378,36.85,16.73,M9576264323,0.0,0.0,0,0.0,0
103,TRANSFER,26.9,C6242173772,123.26,96.36,C4282810353,330.74,357.64,0,0.01,0
277,TRANSFER,1.0,C2653032484,0.0,0.0,C3142452709,0.0,1.0,0,0.23333333333333334,0
674,CASH_IN,1469.74,C9421518487,0.0,1469.74,C1625217504,18820.3,18820.3,0,0.0,0
587,PAYMENT,63.2,C2382129132,68.96,5.76,M1442421654,0.0,0.0,0,0.0,0
397,PAYMENT,1070.17,C8047877267,132598.02,131527.85,M9410569618,0.0,0.0,0,0.0,0
407,CASH_OUT,48.81,C8252816758,64.76,15.95,M2773408660,0.0,0.0,1,0.03333333333333333,0
252,TRANSFER,1.0,C2349641712,0.0,0.0,C8086527181,2150.12,2151.12,0,0.0,0
556,PAYMENT,1.53,C6353758928,7.03,5.5,M6515490818,0.0,0.0,0,0.0,0
327,PAYMENT,221.93,C3019214800,589.22,367.29,M8144889126,0.0,0.0,0,0.0,0
573,DEBIT,1.0,C1613549255,0.0,0.0,M2136107759,0.0,0.0,0,0.04666666666666667,0
661,CASH_OUT,306.55,C9673185158,376.87,70.32,M2115862756,0.0,0.0,1,0.03,0
634,CASH_OUT,98453.38,C8275679594,105715.14,7261.76,M7453081889,0.0,0.0,1,0.016666666666666666,0
460,DEBIT,1.35,C8543865915,1.68,0.33,M5937271321,0.0,0.0,0,0.04666666666666667,0
708,CASH_IN,59400.24,C7100408092,0.0,59400.24,C1657675888,3577.89,3577.89,0,0.0,0
364,PAYMENT,157.64,C8199372599,197.84,40.2,M2187592160,0.0,0.0,0,0.0,0
596,CASH_IN,11960.79,C6591038760,134.14,12094.93,C4473306055,94.99,94.99,0,0.0,0
479,CASH_IN,493.54,C5077921573,4069.23,4562.77,C9805620900,85340.53,85340.53,0,0.0,0
10,DEBIT,1.0,C2789144223,0.0,0.0,M1413599241,0.0,0.0,0,0.023333333333333334,0
294,PAYMENT,22758.44,C5328166990,74348.74,51590.3,M6659847491,0.0,0.0,0,0.0,0
146,CASH_OUT,1.0,C6875597607,0.0,0.0,C9579064478,20.65,20.65,0,0.0,0
483,DEBIT,151.67,C3880327491,235.12,83.45,M6651754819,0.0,0.0,0,0.02666666666666667,0
377,CASH_OUT,1957.46,C3605585995,2582.94,625.48,M2869931869,0.0,0.0,1,0.01,0
317,CASH_OUT,31.02,C6244338653,68.81,37.79,C9086117171,75225.58,75225.58,0,0.006666666666666667,0
517,TRANSFER,150.87,C8832617672,206.8,55.93,C1529290976,108849.52,108849.52,1,0.0,0
259,PAYMENT,1.0,C7002076563,2.98,1.98,M1083302600,0.0,0.0,0,0.0,0
640,PAYMENT,14.58,C9303765140,17.02,2.44,M8063693463,0.0,0.0,0,0.0,0
712,CASH_IN,10972.91,C5724657556,0.0,10972.91,C5931025271,0.0,0.0,0,0.0,0
504,PAYMENT,1.0,C6745958212,0.0,0.0,M7512767226,0.0,0.0,0,0.0,0
591,PAYMENT,82.5,C9218363978,179.85,97.35,M3508990774,0.0,0.0,0,0.0,0
81,CASH_OUT,10301.61,C5911625145,11454.37,1152.76,C8902275119,25.23,25.23,0,0.0,0
158,CASH_OUT,110918.85,C2732553940,104047.05,0.0,M8144889126,0.0,0.0,1,0.01,0
677,CASH_OUT,3736.58,C9860949331,4182.76,446.18,C5952894290,55573.16,55573.16,1,0.013333333333333334,0
23,PAYMENT,1.0,C5604529187,0.0,0.0,M5734228580,0.0,0.0,0,0.0,0
452,CASH_OUT,1.0,C3334938378,0.0,0.0,C2777816561,15.25,15.25,0,0.08333333333333333,0
587,TRANSFER,2176.92,C4630196130,2254.22,77.3,C6887132821,241.41,241.41,1,0.20333333333333334,0
613,PAYMENT,16145.3,C1546957087,17631.31,1486.01,M8858274691,0.0,0.0,0,0.0,0
175,CASH_OUT,2258.58,C7628981661,1915.94,0.0,M2916502228,0.0,0.0,1,0.05,0
498,PAYMENT,93.42,C3367665472,124.98,31.56,M4641902461,0.0,0.0,0,0.0,0
77,PAYMENT,137.24,C9798548049,6674.54,6537.3,M4399143287,0.0,0.0,0,0.0,0
585,CASH_OUT,12431.77,C9250327663,29080.76,16648.99,C2214741296,0.0,0.0,0,0.013333333333333334,0
659,CASH_OUT,30.77,C8199372599,40.2,9.43,C5748253283,0.0,0.0,0,0.02666666666666667,0
535,PAYMENT,1.0,C2870403050,0.0,0.0,M4641902461,0.0,0.0,0,0.0,0
693,CASH_OUT,2685.02,C7784217828,16481.35,13796.33,C8309221034,0.0,0.0,0,0.013333333333333334,0
276,CASH_OUT,361.19,C1209063208,449.74,88.55,C4577406847,37.69,37.69,1,0.0033333333333333335,0
499,CASH_OUT,810.11,C7430757004,829.46,19.35,C7369118672,0.0,0.0,1,0.06,0
620,PAYMENT,1.0,C9116428507,0.0,0.0,M6282009986,0.0,0.0,0,0.0,0
124,CASH_OUT,12.0,C5884391502,19.49,7.49,C9381721143,128836.38,128836.38,0,0.0,0
318,TRANSFER,1.0,C5162260671,0.0,0.0,C1026224160,0.0,1.0,0,0.22666666666666666,0
219,TRANSFER,44166.47,C7371573279,55142.4,10975.93,M5570190774,0.0,0.0,1,0.23,0
63,PAYMENT,37.42,C9558091177,50.64,13.22,M9065458220,0.0,0.0,0,0.0,0
389,TRANSFER,173.97,C3280805846,158.93,0.0,M6932365592,0.0,0.0,1,0.23,0
265,TRANSFER,119.5,C7393195616,231.67,112.17,C3206955437,3.7,123.2,0,0.08333333333333333,0
571,CASH_OUT,1172.36,C7499349987,2245.15,1072.79,C5613655595,0.0,0.0,0,0.02666666666666667,0
430,TRANSFER,278.92,C8493451569,243.76,0.0,M4125758723,0.0,0.0,1,0.21333333333333335,0
63,TRANSFER,16.04,C7049001493,24.94,8.9,C8252045593,0.0,16.04,0,0.16333333333333333,0
52,PAYMENT,65.99,C2389803385,216.15,150.16,M5570190774,0.0,0.0,0,0.0,0
33,PAYMENT,100.46,C7374584386,21247.16,21146.7,M6011842297,0.0,0.0,0,0.0,0
173,PAYMENT,91.08,C6313758032,238.12,147.04,M1368287033,0.0,0.0,0,0.0,0
647,PAYMENT,1.0,C2699887270,0.0,0.0,M8964269909,0.0,0.0,0,0.0,0
218,CASH_OUT,2194.23,C2963288053,2117.07,0.0,C9752058817,57486.57,57486.57,1,0.016666666666666666,0
542,DEBIT,1419.48,C5855415646,2217.3,797.82,M4158643786,0.0,0.0,0,0.03,0
138,CASH_OUT,343.3,C5972484792,763.49,420.19,C9697354961,0.0,0.0,0,0.0033333333333333335,0
446,CASH_OUT,299.15,C4172006012,1263.34,964.19,C6642266247,0.0,0.0,0,0.056666666666666664,0
148,CASH_OUT,1472.89,C2877279755,2037.6,564.71,C1955345537,42920.11,42920.11,0,0.0,0
216,TRANSFER,1847.18,C4472312361,2571.4,724.22,C2926780541,427.42,2274.6,1,0.0033333333333333335,0
367,CASH_OUT,1079.6,C1446457642,1172.48,92.88,C6674372082,0.0,0.0,1,0.013333333333333334,0
471,PAYMENT,1.0,C8809871735,0.0,0.0,M3660800029,0.0,0.0,0,0.0,0
173,CASH_OUT,14220.87,C8093179263,17239.98,3019.11,C4518871744,3621.41,3621.41,1,0.0033333333333333335,0
688,PAYMENT,1858.34,C1818520766,5953.39,4095.05,M3438830691,0.0,0.0,0,0.0,0
651,PAYMENT,329.88,C4172006012,964.19,634.31,M5869990861,0.0,0.0,0,0.0,0
119,TRANSFER,13797.16,C4506639908,14769.33,972.17,C6928691380,0.0,13797.16,0,0.0,0
319,TRANSFER,63.48,C2176904638,68.9,5.42,C5162260671,0.0,63.48,0,0.16,0
680,PAYMENT,288.49,C7590302909,430.22,141.73,M4242579642,0.0,0.0,0,0.0,0
314,PAYMENT,39.77,C2905584866,69.56,29.79,M6284297249,0.0,0.0,0,0.0,0
145,PAYMENT,1.0,C3958590550,1.0,0.0,M6313472215,0.0,0.0,0,0.0,0
357,CASH_OUT,271.56,C2570991899,273.92,2.36,C7199283151,117558.92,117558.92,1,0.006666666666666667,0
12,CASH_OUT,1.0,C8795212264,0.0,0.0,C9650701349,27103.35,27103.35,0,0.0033333333333333335,0
14,TRANSFER,137.42,C3098948446,5170.98,5033.56,C8625905455,69.34,206.76,0,0.03,0
47,PAYMENT,534.92,C6754503097,770.21,235.29,M9916475897,0.0,0.0,0,0.0,0
402,TRANSFER,2509.57,C2351531223,2758.26,248.69,C5141285960,0.0,0.0,1,0.18333333333333332,0
182,TRANSFER,378.35,C8133593748,336.45,0.0,M3846182436,0.0,0.0,1,0.23,0
212,CASH_OUT,948.25,C4748302739,1149.05,200.8,C4482141802,0.0,0.0,1,0.0,0
290,PAYMENT,250.07,C6923893872,399.35,149.28,M8643636805,0.0,0.0,0,0.0,0
522,PAYMENT,1175.63,C6582557981,2942.88,1767.25,M9444143872,0.0,0.0,0,0.0,0
590,CASH_OUT,5617.92,C4643576871,7114.83,1496.91,C4507822591,788.99,788.99,1,0.013333333333333334,0
591,TRANSFER,1.0,C5877639950,0.0,0.0,C3319936135,339.86,340.86,0,0.10333333333333333,0
489,TRANSFER,1221.87,C7340498236,1663.8,441.93,C1662976399,108.12,108.12,1,0.10333333333333333,0
383,TRANSFER,1.0,C7666129822,0.0,0.0,C1674555072,38247.37,38248.37,0,0.0,0
485,CASH_OUT,20708.14,C6894699853,18066.07,0.0,C1596471620,8465.84,8465.84,1,0.13,0
678,CASH_OUT,35.69,C1039262289,162.48,126.79,C2214741296,0.0,0.0,0,0.023333333333333334,0
225,PAYMENT,1.0,C2073108894,0.0,0.0,M3811254192,0.0,0.0,0,0.0,0
114,TRANSFER,451.99,C2591414076,1849.66,1397.67,C3515167269,0.0,451.99,0,0.01,0
207,CASH_OUT,4555.36,C8151583833,6375.78,1820.42,M6200141898,0.0,0.0,1,0.0,0
32,PAYMENT,209.09,C8182649048,2417.23,2208.14,M5449848690,0.0,0.0,0,0.0,0
469,TRANSFER,2883.63,C1173215225,3118.89,235.26,M4093474499,0.0,0.0,1,0.30666666666666664,0
587,PAYMENT,6.96,C7049001493,8.9,1.94,M9918338001,0.0,0.0,0,0.0,0
185,TRANSFER,334.08,C4405620755,280.48,0.0,C4949801453,0.0,334.08,1,0.056666666666666664,0
284,TRANSFER,1105.14,C4110258855,1113.67,8.53,C6588316233,17.35,17.35,1,0.17,0
100,PAYMENT,199.48,C4062777850,511.76,312.28,M1122712790,0.0,0.0,0,0.0,0
477,CASH_OUT,41332.6,C2683446724,42723.19,1390.59,M8778927211,0.0,0.0,1,0.016666666666666666,0
66,PAYMENT,1.0,C6425814872,0.0,0.0,M4896576569,0.0,0.0,0,0.0,0
419,CASH_OUT,855.9,C8236361108,2955.75,2099.85,C3532855799,0.0,0.0,0,0.03666666666666667,0
37,TRANSFER,400.3,C8755749566,415.03,14.73,M9523139706,0.0,0.0,1,0.16333333333333333,0
614,PAYMENT,199.6,C7818568548,219.97,20.37,M3965860354,0.0,0.0,0,0.0,0
29,CASH_OUT,1.0,C5899025962,0.0,0.0,C9471306442,416.49,416.49,0,0.0033333333333333335,0
158,TRANSFER,410.52,C6655089949,367.49,0.0,C6562457052,506.21,916.73,1,0.013333333333333334,0
213,TRANSFER,2.72,C4231729466,6.81,4.09,C9953941533,0.0,2.72,0,0.17,0
10,TRANSFER,1.0,C2982979741,0.0,0.0,C2802141793,3.91,4.91,0,0.16666666666666666,0
47,PAYMENT,26.8,C4147025728,61.41,34.61,M4390543744,0.0,0.0,0,0.0,0
434,PAYMENT,1.0,C6910112521,0.0,0.0,M5891831621,0.0,0.0,0,0.0,0
529,PAYMENT,15508.31,C8570850267,19332.39,3824.08,M4125758723,0.0,0.0,0,0.0,0
259,CASH_OUT,1517.6,C7389111087,1965.68,448.08,C3291226621,302.58,302.58,1,0.006666666666666667,0
348,CASH_OUT,10.23,C3574081104,32.3,22.07,C8299146480,0.0,0.0,0,0.01,0
395,PAYMENT,20.46,C7710396573,22.52,2.06,M7750131975,0.0,0.0,0,0.0,0
75,PAYMENT,1.0,C7671041685,0.0,0.0,M1676220116,0.0,0.0,0,0.0,0
515,CASH_IN,2820.14,C9957643727,0.0,2820.14,C2771211118,360.72,360.72,0,0.0,0
229,CASH_OUT,63.19,C4322510552,85.35,22.16,M2115862756,0.0,0.0,1,0.0033333333333333335,0
517,CASH_OUT,505.16,C8211516617,537.34,32.18,M7453081889,0.0,0.0,1,0.04,0
489,PAYMENT,285.38,C2289624427,126793.31,126507.93,M5869990861,0.0,0.0,0,0.0,0
573,PAYMENT,549.68,C6982610835,55473.58,54923.9,M6282009986,0.0,0.0,0,0.0,0
663,CASH_OUT,100636.26,C2431779064,108541.71,7905.45,M6515490818,0.0,0.0,1,0.016666666666666666,0
491,CASH_OUT,1286.13,C1586412136,1153.84,0.0,M1732578761,0.0,0.0,1,0.2733333333333333,0
713,CASH_OUT,26958.68,C3115806625,33268.64,6309.96,C8285000265,4535.69,4535.69,1,0.0033333333333333335,0
382,CASH_OUT,222.38,C3971203213,239.69,17.31,C8257484586,70.65,70.65,0,0.013333333333333334,0
421,PAYMENT,5230.81,C6789292252,23208.34,17977.53,M4689605624,0.0,0.0,0,0.0,0
353,CASH_OUT,858.5,C7127904756,4235.43,3376.93,C4302632494,5460.59,5460.59,0,0.0,0
512,TRANSFER,1358.43,C6797174636,2581.66,1223.23,C3674551397,676.17,2034.6,0,0.05,0
167,CASH_OUT,39.71,C6882074066,100.02,60.31,C1026224160,1.0,1.0,0,0.0033333333333333335,0
124,PAYMENT,1.0,C5774080233,0.0,0.0,M3107992942,0.0,0.0,0,0.0,0
616,PAYMENT,16.01,C3971203213,17.31,1.3,M1711271599,0.0,0.0,0,0.0,0
295,PAYMENT,5.06,C4110258855,8.53,3.47,M8727805468,0.0,0.0,0,0.0,0
656,TRANSFER,2128.73,C6443749394,2164.16,35.43,M9065458220,0.0,0.0,1,0.45666666666666667,0
446,CASH_OUT,1.0,C2073108894,0.0,0.0,C9441018790,19.75,19.75,0,0.08,0
482,CASH_OUT,32534.56,C2549748436,43874.83,11340.27,M5919148165,0.0,0.0,1,0.013333333333333334,0
473,TRANSFER,1798.47,C8316648259,1569.25,0.0,C1110724913,65157.94,65157.94,1,0.03666666666666667,0
49,CASH_OUT,434.7,C2952996248,461.28,26.58,C3716924538,218.32,218.32,0,0.0033333333333333335,0
625,CASH_OUT,2296.82,C4990452762,2683.09,386.27,C5625411308,1857.14,1857.14,1,0.013333333333333334,0
508,CASH_OUT,230.02,C3429019820,218.29,0.0,M7960713821,0.0,0.0,1,0.07333333333333333,0
180,CASH_OUT,3514.36,C1613549255,2987.1,0.0,M8548290298,0.0,0.0,1,0.05333333333333334,0
364,TRANSFER,1300.42,C8093179263,3019.11,1718.69,C7640078465,37.05,1337.47,0,0.006666666666666667,0
430,PAYMENT,1.0,C8382963909,0.0,0.0,M6498703287,0.0,0.0,0,0.0,0
184,CASH_OUT,78.23,C8084809436,72.55,0.0,C5243939720,90.28,90.28,1,0.01,0
550,TRANSFER,1.0,C1084790270,0.0,0.0,C1684598046,0.0,1.0,0,0.22333333333333333,0
133,CASH_OUT,1.0,C6745958212,0.0,0.0,C1654602021,0.78,0.78,0,0.0033333333333333335,0
591,TRANSFER,266.42,C9305502799,261.01,0.0,M8643636805,0.0,0.0,1,0.23666666666666666,0
234,TRANSFER,13301.45,C3205292512,19146.88,5845.43,C8598503901,678.79,13980.24,0,0.0,0
106,TRANSFER,1421.84,C4572433066,1412.18,0.0,C4440904834,4119.37,4119.37,1,0.0033333333333333335,0
143,TRANSFER,551.08,C7045593274,468.8,0.0,C3866755218,104.37,104.37,1,0.06,0
565,PAYMENT,11.85,C7845366946,13.74,1.89,M2155671697,0.0,0.0,0,0.0,0
499,PAYMENT,750.04,C5376302686,1060.42,310.38,M1802753761,0.0,0.0,0,0.0,0
183,TRANSFER,1.0,C1519709079,0.0,0.0,C2416760621,61308.25,61309.25,0,0.0,0
168,CASH_OUT,2238.18,C1569113257,2555.91,317.73,M3355504998,0.0,0.0,1,0.0,0
334,CASH_OUT,62.69,C7287517250,254.69,192.0,C1676168421,24.23,24.23,0,0.0,0
87,PAYMENT,1.0,C8458717057,0.0,0.0,M4329446784,0.0,0.0,0,0.0,0
284,CASH_IN,50256.54,C2515672889,22556.58,72813.12,C2867302554,2.48,2.48,0,0.0,0
356,PAYMENT,1.98,C8235363119,2.28,0.3,M8626371177,0.0,0.0,0,0.0,0
224,DEBIT,30.99,C3358880404,68.23,37.24,M4160161496,0.0,0.0,0,0.02,0
587,CASH_OUT,2718.25,C1026224160,3690.26,972.01,C7085004726,70.21,70.21,1,0.023333333333333334,0
196,CASH_OUT,1571.51,C2267619081,2228.87,657.36,M9020002737,0.0,0.0,1,0.0,0
628,CASH_OUT,1.0,C2180484299,0.0,0.0,C1045302356,7.09,7.09,0,0.05333333333333334,0
66,CASH_OUT,17.14,C2293434554,81.87,64.73,C6704841644,24.28,24.28,0,0.0033333333333333335,0
303,CASH_OUT,1.0,C6557907251,0.0,0.0,C2308638549,6752.22,6752.22,0,0.01,0
83,PAYMENT,9808.61,C2343100352,102704.71,92896.1,M2695447268,0.0,0.0,0,0.0,0
489,CASH_IN,1.0,C9263135031,964.2,965.2,C1725783958,21595.42,21595.42,0,0.0,0
673,CASH_OUT,1.0,C9830946410,0.0,0.0,C2586568081,523.99,523.99,0,0.06,0
554,CASH_OUT,3727.6,C7462972995,3676.95,0.0,M8058679999,0.0,0.0,1,0.21333333333333335,0
239,PAYMENT,7108.84,C3614915281,49037.97,41929.13,M9021793855,0.0,0.0,0,0.0,0
529,PAYMENT,220.08,C4067213499,670.2,450.12,M1083302600,0.0,0.0,0,0.0,0
523,CASH_IN,25931.09,C4472312361,724.22,26655.31,C7608153267,0.0,0.0,0,0.0,0
246,CASH_OUT,885.99,C3878201524,770.04,0.0,M6053489772,0.0,0.0,1,0.11,0
432,TRANSFER,504.38,C9661615016,440.32,0.0,M5000316394,0.0,0.0,1,0.22333333333333333,0
133,CASH_OUT,122.09,C6289150149,207.82,85.73,C4647891535,463.0,463.0,0,0.006666666666666667,0
11,PAYMENT,200.44,C3623588379,241.93,41.49,M3355504998,0.0,0.0,0,0.0,0
625,PAYMENT,213.68,C6937704752,318.41,104.73,M4329446784,0.0,0.0,0,0.0,0
61,CASH_OUT,10894.05,C8208643631,12655.49,1761.44,C3343459102,0.0,0.0,0,0.0,0
615,CASH_OUT,781.01,C8086527181,2151.12,1370.11,C7568861677,43148.57,43148.57,0,0.006666666666666667,0
261,PAYMENT,315.11,C7767834064,439.72,124.61,M9444143872,0.0,0.0,0,0.0,0
345,PAYMENT,1.0,C6448001026,0.0,0.0,M3811254192,0.0,0.0,0,0.0,0
290,TRANSFER,4836.12,C7226553010,4799.21,0.0,C3392080953,47.9,47.9,1,0.55,1
117,PAYMENT,1.0,C2984460654,0.0,0.0,M6284297249,0.0,0.0,0,0.0,0
119,PAYMENT,1.0,C5647317872,0.0,0.0,M7750131975,0.0,0.0,0,0.0,0
596,TRANSFER,7.47,C5212581851,8.3,0.83,C8868054898,68.35,75.82,0,0.15666666666666668,0
496,TRANSFER,85705.05,C7846365089,91780.42,6075.37,C1696846464,1280.38,1280.38,1,0.06,0
243,PAYMENT,2711.8,C7937993287,3619.74,907.94,M3019265031,0.0,0.0,0,0.0,0
128,TRANSFER,58872.53,C2785736751,88995.55,30123.02,C8880184233,0.0,58872.53,0,0.0,0
578,TRANSFER,18.05,C5785481124,61.87,43.82,C8178361487,10.18,28.23,0,0.14333333333333334,0
628,TRANSFER,2266.61,C2524751277,1909.06,0.0,C4895020135,2411.99,4678.6,1,0.21666666666666667,0
259,CASH_OUT,7896.69,C6265016831,22132.27,14235.58,C6142469284,48.14,48.14,0,0.0,0
368,PAYMENT,176.16,C5569145346,297.94,121.78,M6659847491,0.0,0.0,0,0.0,0
533,CASH_OUT,494.18,C5976777081,485.82,0.0,C3334938378,0.0,0.0,1,0.13666666666666666,0
257,DEBIT,820.7,C5694190173,2260.1,1439.4,M8768773991,0.0,0.0,0,0.01,0
254,CASH_OUT,349.08,C2777816561,345.29,0.0,C1194576436,40352.05,40352.05,1,0.013333333333333334,0
187,CASH_OUT,15082.87,C3780439666,16859.04,1776.17,C4928783441,0.0,0.0,0,0.0033333333333333335,0
687,PAYMENT,43.88,C2068687175,128.32,84.44,M9590331226,0.0,0.0,0,0.0,0
112,CASH_OUT,1.0,C6673381261,0.0,0.0,C5759761714,2159.79,2159.79,0,0.0,0
690,PAYMENT,5764.74,C8991678061,46718.01,40953.27,M7702529931,0.0,0.0,0,0.0,0
575,TRANSFER,3183.26,C2295574037,3422.49,239.23,M7512767226,0.0,0.0,1,0.3233333333333333,0
47,CASH_IN,1076.84,C2377246195,15.41,1092.25,C4508521152,1245.28,1245.28,0,0.0,0
667,TRANSFER,2121.5,C7406579219,2285.31,163.81,M9043367776,0.0,0.0,1,0.32,0
562,TRANSFER,3513.9,C9441018790,3174.56,0.0,C3931997465,2.7,2.7,1,0.9333333333333333,1
3,TRANSFER,3792.83,C4633987776,4514.51,721.68,C4590711152,1059.48,1059.48,1,0.013333333333333334,0
330,TRANSFER,6667.11,C7579604766,5708.61,0.0,C5269728610,1694.44,1694.44,1,0.09666666666666666,0
454,DEBIT,1.0,C7061419749,0.0,0.0,M2655546199,0.0,0.0,0,0.04666666666666667,0
293,PAYMENT,2843.27,C9663561486,5754.86,2911.59,M1306420495,0.0,0.0,0,0.0,0
443,TRANSFER,4084.92,C5923940434,4510.47,425.55,M5564953924,0.0,0.0,1,0.2966666666666667,0
511,PAYMENT,5209.01,C2549748436,11340.27,6131.26,M9620935604,0.0,0.0,0,0.0,0
709,PAYMENT,867.15,C1110724913,65157.94,64290.79,M8366710477,0.0,0.0,0,0.0,0
317,TRANSFER,30446.84,C3550908958,92847.67,62400.83,C9894264595,870.93,31317.77,0,0.0,0
309,PAYMENT,8637.86,C1245522987,36833.04,28195.18,M7651029165,0.0,0.0,0,0.0,0
654,PAYMENT,37.0,C1644608746,108.39,71.39,M3297681898,0.0,0.0,0,0.0,0
400,PAYMENT,1.0,C1741134891,0.0,0.0,M3580582653,0.0,0.0,0,0.0,0
411,PAYMENT,1.0,C7049001493,1.94,0.94,M5380159400,0.0,0.0,0,0.0,0
268,TRANSFER,40.05,C6904897514,44.86,4.81,C5144289583,384.25,424.3,0,0.006666666666666667,0
685,PAYMENT,12213.95,C7487012742,191158.88,178944.93,M8063693463,0.0,0.0,0,0.0,0
661,CASH_IN,7919.12,C1005502537,208.87,8127.99,C4274958945,36.98,36.98,0,0.0,0
32,CASH_OUT,1.0,C9428056968,0.0,0.0,C1446362270,55.18,55.18,0,0.0,0
269,TRANSFER,1439.86,C3987248494,1927.25,487.39,M9410569618,0.0,0.0,1,0.17,0
333,TRANSFER,15.56,C8868054898,75.82,60.26,C6046864799,0.0,15.56,0,0.15,0
582,TRANSFER,2931.03,C6288227800,3692.54,761.51,M1083302600,0.0,0.0,1,0.30333333333333334,0
556,PAYMENT,1.0,C9943959352,1.2,0.2,M9523139706,0.0,0.0,0,0.0,0
589,PAYMENT,1.0,C4403845222,0.0,0.0,M4689605624,0.0,0.0,0,0.0,0
303,TRANSFER,14113.78,C4325878813,27233.0,13119.22,C3258354191,139.15,14252.93,0,0.0,0
699,PAYMENT,22.91,C5275521470,29.23,6.32,M9631695368,0.0,0.0,0,0.0,0
677,TRANSFER,1.0,C4683585586,0.0,0.0,C1955345537,42920.11,42921.11,0,0.006666666666666667,0
340,PAYMENT,1.0,C8795212264,0.0,0.0,M9576264323,0.0,0.0,0,0.0,0
456,CASH_IN,57141.57,C9697414638,153.25,57294.82,C6464693977,11358.6,11358.6,0,0.0,0
453,TRANSFER,217.36,C3836517266,944.73,727.37,C2071552532,16.54,233.9,0,0.06333333333333334,0
143,TRANSFER,5554.96,C1106456634,4640.85,0.0,M3322580659,0.0,0.0,1,0.77,1
350,CASH_OUT,33.54,C4037867512,121.69,88.15,C6504099682,52285.06,52285.06,0,0.0033333333333333335,0
172,CASH_OUT,1.0,C2893321208,0.0,0.0,C5329194647,480.54,480.54,0,0.01,0
538,PAYMENT,2.17,C1050899550,30.78,28.61,M3019265031,0.0,0.0,0,0.0,0
364,CASH_OUT,805.5,C2400094541,1108.0,302.5,M9977193987,0.0,0.0,1,0.01,0
374,DEBIT,3.25,C2802141793,4.91,1.66,M8389750357,0.0,0.0,0,0.03666666666666667,0
191,TRANSFER,114.39,C6937704752,104.73,0.0,C8285000265,4535.69,4535.69,1,0.006666666666666667,0
593,PAYMENT,1.0,C3185089287,0.0,0.0,M3355504998,0.0,0.0,0,0.0,0
66,CASH_OUT,669.09,C8477300991,764.19,95.1,M1083302600,0.0,0.0,1,0.0033333333333333335,0
495,TRANSFER,26.18,C8791183272,27.98,1.8,C1485574228,0.0,26.18,0,0.18333333333333332,0
59,TRANSFER,318.01,C1569113257,317.73,0.0,M4641902461,0.0,0.0,1,0.24,0
303,PAYMENT,1.0,C3555656321,0.0,0.0,M9752092528,0.0,0.0,0,0.0,0
138,TRANSFER,1.0,C1091729577,0.0,0.0,C9303285822,1.0,2.0,0,0.21333333333333335,0
290,DEBIT,1.0,C2802141793,1.66,0.66,M1811839103,0.0,0.0,0,0.04,0
552,PAYMENT,8469.27,C5403510324,10769.64,2300.37,M3313346852,0.0,0.0,0,0.0,0
576,CASH_OUT,1071.06,C8703867299,1196.22,125.16,C2918260963,0.0,0.0,1,0.03333333333333333,0
662,TRANSFER,523.49,C8285786023,579.37,55.88,C1625217504,18820.3,18820.3,1,0.0033333333333333335,0
73,TRANSFER,1.0,C1684598046,1.0,0.0,C2687477596,4.72,5.72,0,0.2,0
483,CASH_OUT,1748.78,C6623360831,1778.95,30.17,C9270323795,1168.37,1168.37,1,0.07666666666666666,0
311,CASH_IN,15931.28,C8532327465,0.0,15931.28,C9798613995,33.58,33.58,0,0.0,0
516,CASH_OUT,2797.43,C9337145038,2552.71,0.0,M5794335854,0.0,0.0,1,0.17666666666666667,0
244,DEBIT,933.51,C2308496151,2769.35,1835.84,M3566125120,0.0,0.0,0,0.01,0
356,TRANSFER,574.8,C5033992825,1062.35,487.55,C1600406558,94.19,668.99,0,0.0,0
38,TRANSFER,1.0,C3304560537,1.87,0.87,C9860949331,446.18,447.18,0,0.006666666666666667,0
172,PAYMENT,102.94,C5837082260,2653.01,2550.07,M3580582653,0.0,0.0,0,0.0,0
403,PAYMENT,39.75,C7691931213,166.4,126.65,M7437168216,0.0,0.0,0,0.0,0
420,TRANSFER,30494.34,C4180599722,29680.2,0.0,C7059726570,260.32,260.32,1,0.44333333333333336,0
237,CASH_OUT,1.0,C7736142481,0.0,0.0,C7772180882,253.51,253.51,0,0.01,0
567,PAYMENT,174.61,C1513003815,214.56,39.95,M7928143230,0.0,0.0,0,0.0,0
35,PAYMENT,1.0,C7333316743,0.0,0.0,M4125758723,0.0,0.0,0,0.0,0
521,TRANSFER,319.65,C8663837890,495.32,175.67,C7088451458,41509.08,41828.73,0,0.0,0
323,PAYMENT,1.0,C2984460654,0.0,0.0,M8102481401,0.0,0.0,0,0.0,0
612,PAYMENT,1.0,C8831899893,0.0,0.0,M2711123163,0.0,0.0,0,0.0,0
644,TRANSFER,40.39,C2139027119,51.39,11.0,C6877052039,178.72,219.11,0,0.08,0
269,PAYMENT,5074.83,C8115628227,6407.19,1332.36,M1783432867,0.0,0.0,0,0.0,0
97,TRANSFER,2150.65,C5175416378,2812.51,661.86,M9441870024,0.0,0.0,1,0.18666666666666668,0
195,PAYMENT,63.31,C1590838716,89.89,26.58,M9752092528,0.0,0.0,0,0.0,0
421,CASH_OUT,6332.32,C4747699292,5418.34,0.0,C6852312425,0.0,0.0,1,0.27666666666666667,0
271,PAYMENT,127.3,C2439622619,631.09,503.79,M8964269909,0.0,0.0,0,0.0,0
191,PAYMENT,94.22,C9470922075,256.47,162.25,M4896576569,0.0,0.0,0,0.0,0
178,PAYMENT,1.0,C3185089287,0.0,0.0,M8869140487,0.0,0.0,0,0.0,0
665,PAYMENT,95.41,C2304963614,195.19,99.78,M4329446784,0.0,0.0,0,0.0,0
638,CASH_OUT,1423.62,C1818520766,4095.05,2671.43,C9842186844,0.0,0.0,0,0.023333333333333334,0
617,PAYMENT,7059.11,C3250402001,33103.2,26044.09,M9752092528,0.0,0.0,0,0.0,0
566,TRANSFER,155.58,C5586143660,538.77,383.19,C3799620568,3.2,158.78,0,0.06333333333333334,0
15,PAYMENT,7043.91,C1099541460,8313.36,1269.45,M5449848690,0.0,0.0,0,0.0,0
294,PAYMENT,1.0,C9958044697,0.0,0.0,M5000316394,0.0,0.0,0,0.0,0
182,CASH_OUT,5264.59,C5975196341,4462.56,0.0,C7915226263,0.0,0.0,1,0.043333333333333335,0
191,CASH_OUT,1.0,C5870891270,0.0,0.0,C4518871744,3621.41,3621.41,0,0.0,0
218,TRANSFER,5019.22,C5150074940,4363.45,0.0,C5215140451,1.0,5020.22,1,0.02666666666666667,0
334,PAYMENT,366.42,C1600406558,668.99,302.57,M6275155878,0.0,0.0,0,0.0,0
679,PAYMENT,389.14,C8796293088,918.12,528.98,M7537130187,0.0,0.0,0,0.0,0
320,PAYMENT,1.0,C2777816561,0.0,0.0,M9916475897,0.0,0.0,0,0.0,0
714,CASH_OUT,90307.42,C1749459431,110358.37,20050.95,M2655546199,0.0,0.0,1,0.02,0
687,TRANSFER,16.58,C2914590233,3105.34,3088.76,C7935554354,10978.3,10994.88,0,0.006666666666666667,0
104,PAYMENT,2989.31,C7371573279,10975.93,7986.62,M9900829971,0.0,0.0,0,0.0,0
243,CASH_OUT,57.51,C2250949136,52.26,0.0,C2591414076,1397.67,1397.67,1,0.006666666666666667,0
495,PAYMENT,1.0,C2780136605,0.0,0.0,M7340036327,0.0,0.0,0,0.0,0
547,TRANSFER,622.93,C4070964768,1022.51,399.58,C7161887665,0.0,622.93,0,0.03,0
359,DEBIT,1.0,C6218484323,0.0,0.0,M4399143287,0.0,0.0,0,0.04,0
182,TRANSFER,14013.29,C5118430494,18621.73,4608.44,M1811839103,0.0,0.0,1,0.23666666666666666,0
157,CASH_OUT,1.0,C8235363119,0.3,0.0,C5728765136,0.0,0.0,0,0.013333333333333334,0
707,PAYMENT,22373.88,C9484167278,261789.08,239415.2,M2243802345,0.0,0.0,0,0.0,0
239,PAYMENT,1.0,C9033653743,0.0,0.0,M7512767226,0.0,0.0,0,0.0,0
125,TRANSFER,32.33,C4956843441,70.11,37.78,C8235717104,1046.11,1078.44,0,0.01,0
475,TRANSFER,492.0,C5329194647,480.54,0.0,C8160279830,475.99,967.99,1,0.09,0
347,CASH_OUT,205.13,C6329323383,282.49,77.36,M3495411322,0.0,0.0,1,0.013333333333333334,0
178,PAYMENT,69.06,C3328710672,113.12,44.06,M1676220116,0.0,0.0,0,0.0,0
49,PAYMENT,1043.64,C1430073711,4080.82,3037.18,M6894024976,0.0,0.0,0,0.0,0
715,TRANSFER,8431.95,C4039019230,7938.39,0.0,M6790024996,0.0,0.0,1,0.87,1
467,PAYMENT,764.63,C1510289448,1502.34,737.71,M4329446784,0.0,0.0,0,0.0,0
297,TRANSFER,1116.74,C7915226263,1225.73,108.99,M6583604299,0.0,0.0,1,0.18666666666666668,0
512,TRANSFER,3.45,C7666869046,3.91,0.46,C9954587710,364.83,368.28,0,0.09666666666666666,0
667,CASH_IN,15274.0,C7161404428,9.93,15283.93,C8001729836,14.37,14.37,0,0.0,0
648,DEBIT,181.68,C5567816720,63768.75,63587.07,M6361225622,0.0,0.0,0,0.016666666666666666,0
534,CASH_OUT,40.19,C4731897202,44.0,3.81,C1799718923,5.34,5.34,0,0.04,0
389,TRANSFER,92.51,C8942167666,204.79,112.28,C8669484644,9.91,102.42,0,0.08,0
288,CASH_OUT,278.34,C7556078550,1103.59,825.25,C9711080868,95.02,95.02,0,0.01,0
696,TRANSFER,12156.09,C6054421752,14596.2,2440.11,M7928143230,0.0,0.0,1,0.31666666666666665,0
580,TRANSFER,1676.89,C2591414076,1397.67,0.0,M6282009986,0.0,0.0,1,0.5,1
359,PAYMENT,1.0,C5751366455,0.0,0.0,M5325865521,0.0,0.0,0,0.0,0
295,TRANSFER,3409.71,C3651552513,4103.69,693.98,C1614685938,0.0,0.0,1,0.21666666666666667,0
426,DEBIT,228.63,C5407856339,288.31,59.68,M7651029165,0.0,0.0,0,0.023333333333333334,0
325,TRANSFER,1182.32,C7965608188,1683.62,501.3,M6932365592,0.0,0.0,1,0.13333333333333333,0
23,CASH_IN,119768.28,C4302632494,5460.59,125228.87,C9259157845,1133.81,1133.81,0,0.0,0
113,PAYMENT,10.59,C1225447588,28.62,18.03,M8626371177,0.0,0.0,0,0.0,0
139,CASH_OUT,332.63,C6081137534,312.73,0.0,M3508990774,0.0,0.0,1,0.01,0
336,TRANSFER,178.92,C8370987661,217.27,38.35,M1711271599,0.0,0.0,1,0.15,0
171,CASH_OUT,9.1,C3612617557,32.07,22.97,C8132531532,3743.26,3743.26,0,0.0,0
596,CASH_OUT,910.82,C5694806361,831.01,0.0,M7532669066,0.0,0.0,1,0.24,0
563,CASH_OUT,3641.3,C5872148707,4003.53,362.23,M5714658227,0.0,0.0,1,0.02666666666666667,0
281,TRANSFER,2006.84,C8373547961,2706.41,699.57,C9857430687,0.0,0.0,1,0.19,0
68,CASH_OUT,1.0,C9369574998,0.0,0.0,C2870403050,0.0,0.0,0,0.0033333333333333335,0
494,CASH_OUT,17295.43,C1725783958,21595.42,4299.99,M6932365592,0.0,0.0,1,0.016666666666666666,0
515,PAYMENT,1.0,C8506931282,0.0,0.0,M1692044390,0.0,0.0,0,0.0,0
102,TRANSFER,13.56,C4239406957,20.26,6.7,C2660286914,1235.66,1249.22,0,0.01,0
117,PAYMENT,46.81,C8086527181,1370.11,1323.3,M3605446007,0.0,0.0,0,0.0,0
411,PAYMENT,2821.82,C2515672889,72813.12,69991.3,M8861351706,0.0,0.0,0,0.0,0
335,TRANSFER,4975.99,C7829772942,4818.56,0.0,C1209063208,88.55,88.55,1,0.4066666666666667,0
20,PAYMENT,31.26,C9165632300,57.34,26.08,M5412437658,0.0,0.0,0,0.0,0
559,CASH_OUT,1296.92,C4026113008,5135.44,3838.52,C4131356954,2229.9,2229.9,0,0.01,0
624,PAYMENT,166.93,C8110054933,249.04,82.11,M1099218439,0.0,0.0,0,0.0,0
637,TRANSFER,1154.68,C1805492785,1194.24,39.56,M7948094928,0.0,0.0,1,0.24333333333333335,0
270,TRANSFER,366.38,C4783282817,309.77,0.0,M9581187661,0.0,0.0,1,0.24,0
332,PAYMENT,8025.83,C2020262123,27017.88,18992.05,M2228388623,0.0,0.0,0,0.0,0
61,PAYMENT,16.44,C8178361487,28.23,11.79,M7351460539,0.0,0.0,0,0.0,0
514,PAYMENT,589.94,C2232285036,848.6,258.66,M2155671697,0.0,0.0,0,0.0,0
164,TRANSFER,238.75,C9438411468,238.58,0.0,M4588312351,0.0,0.0,1,0.22666666666666666,0
414,TRANSFER,15492.98,C3653594796,23260.94,7767.96,C5666504394,218.75,15711.73,0,0.0,0
464,PAYMENT,1.0,C6642266247,0.0,0.0,M8218146534,0.0,0.0,0,0.0,0
145,CASH_IN,6.85,C7839819230,49005.1,49011.95,C7934137693,71964.62,71964.62,0,0.0,0
260,PAYMENT,64.27,C3003484425,67.75,3.48,M2910594463,0.0,0.0,0,0.0,0
236,TRANSFER,59.81,C5162260671,63.48,3.67,M6361225622,0.0,0.0,1,0.17666666666666667,0
342,PAYMENT,9.84,C6726515966,19.82,9.98,M6999146585,0.0,0.0,0,0.0,0
37,CASH_OUT,663.44,C9049270990,632.65,0.0,C4586139213,0.0,0.0,1,0.09333333333333334,0
217,PAYMENT,722.59,C4643576871,1496.91,774.32,M4242579642,0.0,0.0,0,0.0,0
315,PAYMENT,10846.6,C4353689019,98088.19,87241.59,M3438830691,0.0,0.0,0,0.0,0
282,PAYMENT,218.5,C1104906255,363.96,145.46,M1199447370,0.0,0.0,0,0.0,0
718,DEBIT,1.0,C5751366455,0.0,0.0,M6659847491,0.0,0.0,0,0.04666666666666667,0
445,PAYMENT,182.01,C8690920484,460.37,278.36,M1240140248,0.0,0.0,0,0.0,0
593,PAYMENT,84.26,C7316122432,106.88,22.62,M1811839103,0.0,0.0,0,0.0,0
86,PAYMENT,1.0,C4605117440,0.0,0.0,M2328736852,0.0,0.0,0,0.0,0
91,PAYMENT,117.12,C4550353803,268.92,151.8,M1343875431,0.0,0.0,0,0.0,0
292,TRANSFER,1701.74,C5754363475,1491.66,0.0,M3094407076,0.0,0.0,1,0.38666666666666666,0
683,TRANSFER,1.0,C3821211202,0.0,0.0,C8285786023,55.88,56.88,0,0.16666666666666666,0
104,TRANSFER,1.0,C5187948804,0.0,0.0,C4472312361,26655.31,26656.31,0,0.0033333333333333335,0
709,DEBIT,109.89,C4662861038,143.2,33.31,M4601406440,0.0,0.0,0,0.03,0
589,PAYMENT,1825.92,C8118065825,5018.5,3192.58,M6999146585,0.0,0.0,0,0.0,0
391,PAYMENT,3.87,C5610783750,5.66,1.79,M8869140487,0.0,0.0,0,0.0,0
466,TRANSFER,1.0,C4067961943,0.0,0.0,C5078551333,0.0,1.0,0,0.22,0
153,CASH_OUT,5255.7,C4277581356,15591.25,10335.55,C2612579345,24155.65,24155.65,0,0.0,0
428,CASH_OUT,4481.04,C4776436931,4770.39,289.35,M3469205576,0.0,0.0,1,0.04,0
444,PAYMENT,45.01,C2812140441,179.24,134.23,M9021793855,0.0,0.0,0,0.0,0
47,CASH_IN,48912.06,C9919491730,84.08,48996.14,C6638034087,929.82,929.82,0,0.0,0
502,TRANSFER,40.86,C5982744929,71.32,30.46,C9098129449,109750.6,109791.46,0,0.0033333333333333335,0
277,TRANSFER,1138.89,C5092199300,2165.03,1026.14,C2075321966,81.22,1220.11,0,0.0,0
315,PAYMENT,1.04,C4110258855,3.47,2.43,M3469205576,0.0,0.0,0,0.0,0
356,CASH_OUT,49851.0,C5710360983,52657.66,2806.66,M8144889126,0.0,0.0,1,0.0033333333333333335,0
367,CASH_OUT,282.37,C8033062794,400.1,117.73,C7784217828,13796.33,13796.33,1,0.006666666666666667,0
661,CASH_OUT,1388.42,C8303853049,1935.45,547.03,M8964269909,0.0,0.0,1,0.02666666666666667,0
634,TRANSFER,15828.47,C7417183769,133807.03,117978.56,C4231729466,4.09,15832.56,0,0.0,0
695,CASH_OUT,1.0,C1862812038,0.0,0.0,C7977267911,1117.66,1117.66,0,0.04,0
225,PAYMENT,4028.85,C5409514899,5927.62,1898.77,M6384311581,0.0,0.0,0,0.0,0
98,TRANSFER,4167.38,C7208619610,3929.46,0.0,M8903212516,0.0,0.0,1,0.8133333333333334,1
529,PAYMENT,2.45,C3995732958,14.81,12.36,M9896529524,0.0,0.0,0,0.0,0
4,PAYMENT,1.0,C1613549255,0.0,0.0,M6820149016,0.0,0.0,0,0.0,0
521,CASH_OUT,63788.81,C8854238082,64129.91,341.1,M7861571879,0.0,0.0,1,0.03666666666666667,0
321,PAYMENT,4825.77,C4853479481,13673.55,8847.78,M7340036327,0.0,0.0,0,0.0,0
59,TRANSFER,76.17,C8669484644,102.42,26.25,C1614685938,0.0,76.17,0,0.16333333333333333,0
282,PAYMENT,1.0,C7760554363,1.0,0.0,M8643636805,0.0,0.0,0,0.0,0
552,PAYMENT,8.76,C7560389844,24.05,15.29,M6525576685,0.0,0.0,0,0.0,0
244,PAYMENT,2.17,C1799718923,5.34,3.17,M6525576685,0.0,0.0,0,0.0,0
32,CASH_OUT,204.27,C4927019611,446.38,242.11,C4765583254,271.7,271.7,0,0.0033333333333333335,0
125,TRANSFER,4869.22,C1654477195,8315.78,3446.56,C2388450337,85.06,4954.28,0,0.0,0
555,DEBIT,921.43,C3259520140,1451.32,529.89,M2555936898,0.0,0.0,0,0.02666666666666667,0
62,CASH_OUT,8776.49,C8570333548,12670.07,3893.58,C3553440342,39276.44,39276.44,0,0.0,0
57,PAYMENT,5.24,C8199372599,9.43,4.19,M8869140487,0.0,0.0,0,0.0,0
528,PAYMENT,47.62,C5336127859,104.49,56.87,M4952177946,0.0,0.0,0,0.0,0
523,PAYMENT,1.0,C2670036982,0.0,0.0,M8821456242,0.0,0.0,0,0.0,0
686,TRANSFER,2616.05,C2554039848,2871.57,255.52,M4125758723,0.0,0.0,1,0.2966666666666667,0
155,PAYMENT,128.77,C7633342225,129034.29,128905.52,M7960713821,0.0,0.0,0,0.0,0
170,CASH_OUT,1.0,C3587283948,0.0,0.0,C2503068227,29.96,29.96,0,0.0033333333333333335,0
395,TRANSFER,1.0,C9306142066,0.0,0.0,C4178659381,7.06,8.06,0,0.18333333333333332,0
662,PAYMENT,18.31,C6110646714,22.96,4.65,M8235474949,0.0,0.0,0,0.0,0
266,CASH_OUT,96.34,C1361845490,84.43,0.0,M3192202822,0.0,0.0,1,0.03666666666666667,0
132,CASH_OUT,4193.38,C7185179917,5332.34,1138.96,C1561417687,235.18,235.18,1,0.0,0
399,TRANSFER,4637.82,C6922713963,4319.14,0.0,C6329323383,77.36,77.36,1,0.43,0
661,CASH_OUT,74962.93,C5884080139,126440.27,51477.34,C3910678913,433.82,433.82,0,0.0,0
547,TRANSFER,1557.72,C7670476743,2139.81,582.09,C4248149900,99238.73,100796.45,1,0.0033333333333333335,0
638,CASH_OUT,1.0,C2756070122,0.0,0.0,C4042413312,209.76,209.76,0,0.05,0
286,CASH_OUT,1.0,C7666869046,0.46,0.0,C5067245523,65.66,65.66,0,0.013333333333333334,0
190,PAYMENT,1.0,C4427620889,0.0,0.0,M1647181551,0.0,0.0,0,0.0,0
380,CASH_OUT,1.0,C5975196341,0.0,0.0,C6447717367,1597.31,1597.31,0,0.01,0
234,PAYMENT,1.0,C4750707607,0.0,0.0,M6786043791,0.0,0.0,0,0.0,0
218,TRANSFER,457.64,C5898890707,491.8,34.16,M4522855590,0.0,0.0,1,0.17333333333333334,0
289,PAYMENT,1.0,C1717346250,0.0,0.0,M8030400668,0.0,0.0,0,0.0,0
306,PAYMENT,9.93,C1230624431,12.38,2.45,M1802753761,0.0,0.0,0,0.0,0
228,CASH_OUT,4896.87,C1242425303,4895.69,0.0,M7948094928,0.0,0.0,1,0.05333333333333334,0
615,PAYMENT,22.07,C9327720702,27663.68,27641.61,M1240140248,0.0,0.0,0,0.0,0
182,PAYMENT,297.35,C1707196784,323.87,26.52,M5794335854,0.0,0.0,0,0.0,0
38,CASH_OUT,1.0,C8441393731,0.0,0.0,C4062777850,312.28,312.28,0,0.0033333333333333335,0
471,TRANSFER,1.0,C4997866845,0.0,0.0,C1596471620,8465.84,8466.84,0,0.016666666666666666,0
573,TRANSFER,2641.88,C4181102664,2984.7,342.82,C1586412136,0.0,0.0,1,0.29333333333333333,0
427,TRANSFER,2903.96,C1809283659,3163.77,259.81,C6092773357,0.0,0.0,1,0.29,0
696,CASH_OUT,1717.81,C4422700486,8272.08,6554.27,C4656572173,312.93,312.93,0,0.006666666666666667,0
591,PAYMENT,35.26,C9255898264,37.96,2.7,M6790024996,0.0,0.0,0,0.0,0
324,PAYMENT,71.79,C5952163720,294.47,222.68,M2916502228,0.0,0.0,0,0.0,0
506,CASH_OUT,1.0,C6558450990,0.0,0.0,C9837912162,3435.74,3435.74,0,0.03,0
472,TRANSFER,3183.53,C4683935600,13068.01,9884.48,C6307626407,466.8,3650.33,0,0.016666666666666666,0
710,CASH_OUT,58.32,C7664258343,96.59,38.27,C5474951950,48.65,48.65,0,0.02666666666666667,0
26,CASH_OUT,549.16,C9078786223,1466.94,917.78,C1654602021,0.78,0.78,0,0.01,0
566,TRANSFER,6.92,C6924716023,12.8,5.88,C1248786714,1.0,7.92,0,0.17333333333333334,0
447,TRANSFER,33.59,C6576395496,132.56,98.97,C5877639950,0.0,33.59,0,0.16,0
283,CASH_OUT,1.0,C8750840032,0.0,0.0,C4990452762,386.27,386.27,0,0.023333333333333334,0
580,TRANSFER,2910.36,C2370592316,3446.39,536.03,C7002076563,1.98,2912.34,0,0.05333333333333334,0
285,CASH_OUT,13011.39,C6122110529,13294.6,283.21,M5449848690,0.0,0.0,1,0.016666666666666666,0
665,TRANSFER,23113.06,C5058691146,24058.2,945.14,M8443061472,0.0,0.0,1,0.3333333333333333,0
318,CASH_OUT,134053.65,C8487449580,163545.3,29491.65,C9503597301,487.18,487.18,1,0.0,0
35,TRANSFER,1989.55,C2140169349,2028.74,39.19,M3457877922,0.0,0.0,1,0.33,0
577,PAYMENT,226.09,C1977515194,1038.61,812.52,M5067400473,0.0,0.0,0,0.0,0
661,CASH_OUT,12198.7,C1141312095,11703.02,0.0,M6651754819,0.0,0.0,1,0.19333333333333333,0
497,TRANSFER,193.54,C7567496105,207.09,13.55,C8997701619,3.62,197.16,0,0.08666666666666667,0
209,CASH_OUT,500.15,C8208643631,1761.44,1261.29,C5754363475,0.0,0.0,0,0.0033333333333333335,0
195,PAYMENT,1.0,C2274350418,0.0,0.0,M3636366799,0.0,0.0,0,0.0,0
584,PAYMENT,1.0,C4500557310,0.0,0.0,M5535650160,0.0,0.0,0,0.0,0
600,PAYMENT,17.43,C2952996248,26.58,9.15,M2156184315,0.0,0.0,0,0.0,0
713,CASH_OUT,48.9,C5201221330,53.76,4.86,C7829772942,0.0,0.0,0,0.04,0
270,CASH_OUT,56.2,C7243352390,78.47,22.27,C7467073633,1435.11,1435.11,0,0.006666666666666667,0
324,CASH_OUT,4841.7,C6645808194,48819.89,43978.19,C8118065825,3192.58,3192.58,0,0.0,0
584,CASH_OUT,19516.85,C1983297492,31822.79,12305.94,C5175416378,661.86,661.86,0,0.0033333333333333335,0
358,DEBIT,1074.14,C4508521152,1245.28,171.14,M2155671697,0.0,0.0,0,0.013333333333333334,0
110,CASH_OUT,2471.49,C8933377472,2121.27,0.0,M9918338001,0.0,0.0,1,0.05,0
115,TRANSFER,9440.03,C9660523876,11811.03,2371.0,M6384311581,0.0,0.0,1,0.22,0
485,CASH_OUT,8082.21,C7534583219,12749.99,4667.78,C8109891300,140.82,140.82,0,0.013333333333333334,0
181,TRANSFER,12439.76,C2369705770,16844.88,4405.12,M2121448210,0.0,0.0,1,0.23333333333333334,0
149,CASH_OUT,2938.44,C9438411468,3100.5,162.06,C2382129132,5.76,5.76,1,0.0,0
166,CASH_OUT,166.39,C3849232839,214.11,47.72,C2848792488,5285.12,5285.12,0,0.006666666666666667,0
426,PAYMENT,1.0,C4710967433,0.0,0.0,M3072183247,0.0,0.0,0,0.0,0
179,PAYMENT,37.09,C2616884203,59.48,22.39,M7928143230,0.0,0.0,0,0.0,0
663,PAYMENT,1.0,C2250949136,0.0,0.0,M2303835765,0.0,0.0,0,0.0,0
383,DEBIT,81.3,C6313758032,147.04,65.74,M9558906999,0.0,0.0,0,0.023333333333333334,0
617,PAYMENT,273.64,C3400244542,960.84,687.2,M8389750357,0.0,0.0,0,0.0,0
676,DEBIT,2440.77,C6921525436,9620.09,7179.32,M6053489772,0.0,0.0,0,0.03333333333333333,0
296,PAYMENT,6626.99,C5421592782,12519.89,5892.9,M1783432867,0.0,0.0,0,0.0,0
499,PAYMENT,121.65,C5560712830,191.43,69.78,M6865994703,0.0,0.0,0,0.0,0
190,PAYMENT,621.32,C4895020135,4678.6,4057.28,M3156792018,0.0,0.0,0,0.0,0
289,PAYMENT,1.23,C5861829469,2.37,1.14,M9021793855,0.0,0.0,0,0.0,0
113,TRANSFER,1058.39,C8758809005,1327.47,269.08,C9711080868,95.02,95.02,1,0.04666666666666667,0
386,TRANSFER,12119.59,C5724657556,10972.91,0.0,M6790024996,0.0,0.0,1,0.71,1
243,CASH_OUT,489.47,C4807122420,425.92,0.0,M8626371177,0.0,0.0,1,0.04666666666666667,0
522,TRANSFER,1.0,C4877520294,0.0,0.0,C1792214339,5999.41,6000.41,0,0.05333333333333334,0
98,TRANSFER,2052.86,C3821211202,2279.71,226.85,C3846570058,1.0,1.0,1,0.19333333333333333,0
670,TRANSFER,3744.98,C9196564761,3734.74,0.0,M8728631945,0.0,0.0,1,0.9133333333333333,1
425,PAYMENT,402.07,C8115628227,1332.36,930.29,M6651020291,0.0,0.0,0,0.0,0
14,TRANSFER,492.39,C2789144223,687.87,195.48,M6790024996,0.0,0.0,1,0.08333333333333333,0
350,PAYMENT,141.46,C9503597301,487.18,345.72,M4306983924,0.0,0.0,0,0.0,0
415,CASH_OUT,1071.51,C5058691146,945.14,0.0,M3119908041,0.0,0.0,1,0.42333333333333334,0
140,PAYMENT,217.91,C2295574037,239.23,21.32,M8235474949,0.0,0.0,0,0.0,0
512,PAYMENT,1.0,C1862812038,0.0,0.0,M3566125120,0.0,0.0,0,0.0,0
20,CASH_OUT,5016.47,C4524233168,4879.68,0.0,C3878201524,0.0,0.0,1,0.03,0
2,TRANSFER,507.83,C2439622619,503.79,0.0,M6313472215,0.0,0.0,1,0.29333333333333333,0
707,PAYMENT,135.17,C5418232833,190.62,55.45,M2586712032,0.0,0.0,0,0.0033333333333333335,0
632,CASH_OUT,570.24,C9245348297,475.44,0.0,C9771848610,0.0,0.0,1,0.08333333333333333,0
461,CASH_IN,111446.81,C9032096058,2065.8,113512.61,C9285415473,1660.17,1660.17,0,0.0033333333333333335,0
265,CASH_OUT,4710.42,C3772636814,4057.02,0.0,M3355504998,0.0,0.0,1,0.07666666666666666,0
490,PAYMENT,1.0,C9370133343,0.0,0.0,M2518433834,0.0,0.0,0,0.0,0
681,PAYMENT,16.79,C5141593270,30.61,13.82,M6845287382,0.0,0.0,0,0.0,0
147,TRANSFER,3744.77,C8285000265,4535.69,790.92,M8778927211,0.0,0.0,1,0.17333333333333334,0
13,PAYMENT,242.45,C2554039848,255.52,13.07,M5794335854,0.0,0.0,0,0.0,0
161,CASH_OUT,24.97,C5010075517,37.09,12.12,C5710360983,2806.66,2806.66,0,0.0,0
702,TRANSFER,735.26,C6638034087,929.82,194.56,C8760642358,65.65,800.91,0,0.04,0
289,TRANSFER,1459.24,C7846365089,6075.37,4616.13,C1691293717,10.68,1469.92,0,0.0,0
59,TRANSFER,29.19,C8832617672,55.93,26.74,C1526723719,226.74,255.93,0,0.006666666666666667,0
366,TRANSFER,18605.52,C3250402001,26044.09,7438.57,M5412437658,0.0,0.0,1,0.24,0
320,CASH_OUT,13593.3,C8598503901,13980.24,386.94,C4602080228,22711.24,22711.24,1,0.0,0
601,CASH_OUT,15953.92,C1158998032,43444.33,27490.41,C6887132821,241.41,241.41,0,0.0033333333333333335,0
128,CASH_OUT,3384.12,C2079501936,4472.57,1088.45,M9933702652,0.0,0.0,1,0.0,0
284,TRANSFER,1.0,C6715705115,0.0,0.0,C5141285960,0.0,1.0,0,0.22666666666666666,0
270,CASH_OUT,167.64,C5400463094,151.45,0.0,C1039887139,2.31,2.31,1,0.03333333333333333,0
383,CASH_OUT,1596.58,C5269728610,1694.44,97.86,C2591589823,24251.04,24251.04,1,0.0,0
84,CASH_OUT,2423.51,C8867077130,2567.89,144.38,C8907752604,45600.72,45600.72,1,0.0,0
97,TRANSFER,5875.82,C1660370908,5662.6,0.0,C4482141802,0.0,0.0,1,0.8166666666666667,1
565,PAYMENT,1.0,C8493451569,0.0,0.0,M1999913493,0.0,0.0,0,0.0,0
40,CASH_OUT,101.86,C8737025391,124.22,22.36,C5647317872,0.0,0.0,0,0.01,0
288,PAYMENT,1.0,C9661615016,0.0,0.0,M5937271321,0.0,0.0,0,0.0,0
652,PAYMENT,501.93,C3480920839,35030.24,34528.31,M3313346852,0.0,0.0,0,0.0,0
103,CASH_OUT,3485.17,C8075122626,4854.02,1368.85,C5666504394,15711.73,15711.73,1,0.0,0
16,TRANSFER,10071.77,C9858643842,23864.46,13792.69,C1674555072,38248.37,48320.14,0,0.0,0
403,TRANSFER,1104.82,C3952295757,997.45,0.0,C5600836559,1.57,1.57,1,0.30333333333333334,0
581,CASH_OUT,11.23,C7508522951,25.4,14.17,C4034047118,3604.32,3604.32,0,0.023333333333333334,0
600,PAYMENT,529.39,C1546696950,10454.8,9925.41,M8643636805,0.0,0.0,0,0.0,0
42,PAYMENT,6638.92,C6121801720,84345.29,77706.37,M2115406331,0.0,0.0,0,0.0,0
30,TRANSFER,93.07,C2260326267,351.15,258.08,C3421719519,11.48,104.55,0,0.04666666666666667,0
255,TRANSFER,116985.94,C4302632494,125228.87,8242.93,C4877520294,0.0,116985.94,0,0.0,0
633,PAYMENT,4707.23,C6168291913,7982.29,3275.06,M1888107487,0.0,0.0,0,0.0,0
159,CASH_OUT,1.0,C8388580360,0.0,0.0,C2579206999,471.32,471.32,0,0.0033333333333333335,0
562,DEBIT,228.49,C7209571615,387.87,159.38,M4892544235,0.0,0.0,0,0.023333333333333334,0
89,PAYMENT,1.0,C6852312425,0.0,0.0,M3192202822,0.0,0.0,0,0.0,0
213,TRANSFER,151.06,C8575707116,199.97,48.91,C4413838650,0.0,0.0,1,0.16,0
17,PAYMENT,836.39,C3380064537,237295.7,236459.31,M7928143230,0.0,0.0,0,0.0,0
23,TRANSFER,90.13,C5243939720,90.28,0.15,M5412437658,0.0,0.0,1,0.22666666666666666,0
517,CASH_OUT,1.0,C2349406919,0.0,0.0,C4147025728,34.61,34.61,0,0.05,0
232,CASH_OUT,1450.61,C7602474923,1684.17,233.56,M6011842297,0.0,0.0,1,0.0033333333333333335,0
353,TRANSFER,1.0,C6554972315,0.0,0.0,C5992908271,2.66,3.66,0,0.21666666666666667,0
492,CASH_IN,5319.22,C4949801453,334.08,5653.3,C1149460439,20.02,20.02,0,0.0,0
605,TRANSFER,297.02,C5220094152,396.55,99.53,C1106456634,0.0,297.02,0,0.08,0
96,TRANSFER,2004.24,C8131923452,2238.05,233.81,C5334769475,34.79,34.79,1,0.13666666666666666,0
568,TRANSFER,68.46,C3190227431,126.21,57.75,C7894019119,2505.65,2574.11,0,0.03666666666666667,0
66,CASH_OUT,4222.81,C1885113834,4199.35,0.0,M4820942294,0.0,0.0,1,0.043333333333333335,0
116,CASH_OUT,494.24,C2965164102,522.47,28.23,M9896529524,0.0,0.0,1,0.0033333333333333335,0
197,PAYMENT,379.02,C8293928340,550.13,171.11,M3705237613,0.0,0.0,0,0.0,0
343,CASH_OUT,5204.25,C1264739091,4943.3,0.0,C5694190173,1439.4,1439.4,1,0.05,0
512,CASH_IN,6715.31,C3197757742,1579.71,8295.02,C6218484323,0.0,0.0,0,0.0,0
665,CASH_OUT,1072.4,C2647489402,920.85,0.0,C1674755608,1840.29,1840.29,1,0.11333333333333333,0
313,TRANSFER,5422.61,C2549748436,6131.26,708.65,C2047905204,0.39,5423.0,0,0.0,0
583,CASH_OUT,207.84,C3980491761,205.05,0.0,M5380159400,0.0,0.0,1,0.07666666666666666,0
47,PAYMENT,4655.82,C9086117171,75225.58,70569.76,M5919148165,0.0,0.0,0,0.0,0
254,TRANSFER,11438.55,C6583444930,14527.98,3089.43,C1041531046,8.18,11446.73,0,0.0,0
69,PAYMENT,811.43,C6369130994,10358.79,9547.36,M4665677395,0.0,0.0,0,0.0,0
689,PAYMENT,8034.48,C1457632732,144116.8,136082.32,M3495411322,0.0,0.0,0,0.0,0
130,CASH_OUT,37998.51,C1340272119,49453.79,11455.28,C8933377472,0.0,0.0,1,0.0,0
194,PAYMENT,4.73,C7467073633,1435.11,1430.38,M9523139706,0.0,0.0,0,0.0,0
156,TRANSFER,2017.16,C5647317872,1969.88,0.0,C1439921366,11.93,2029.09,1,0.23,0
716,PAYMENT,5464.38,C1194576436,40352.05,34887.67,M1711271599,0.0,0.0,0,0.0,0
29,PAYMENT,1.0,C1515024824,0.0,0.0,M4122901114,0.0,0.0,0,0.0,0
499,PAYMENT,166.37,C8295757364,548.24,381.87,M4456193555,0.0,0.0,0,0.0,0
31,PAYMENT,10027.0,C1749459431,20050.95,10023.95,M3313346852,0.0,0.0,0,0.0,0
467,TRANSFER,2994.44,C2546720356,2589.4,0.0,C1756345332,90.24,90.24,1,0.62,1
466,TRANSFER,333.67,C2178158203,602.98,269.31,C6887132821,241.41,575.08,0,0.03333333333333333,0
211,PAYMENT,170.43,C5082603360,285.66,115.23,M3495411322,0.0,0.0,0,0.0,0
82,CASH_OUT,258.8,C3821211202,226.85,0.0,M3636366799,0.0,0.0,1,0.01,0
178,TRANSFER,11.02,C4919706735,29.54,18.52,C6875597607,0.0,11.02,0,0.15666666666666668,0
324,PAYMENT,48.68,C8868054898,60.26,11.58,M4522855590,0.0,0.0,0,0.0,0
170,CASH_OUT,274.29,C8690920484,278.36,4.07,M9918338001,0.0,0.0,1,0.01,0
488,PAYMENT,1.0,C7823288650,0.0,0.0,M5194066484,0.0,0.0,0,0.0,0
478,TRANSFER,1559.21,C7603978731,1756.45,197.24,C3645901955,137.15,137.15,1,0.10666666666666667,0
353,TRANSFER,2082.67,C4642197907,2840.05,757.38,M5325865521,0.0,0.0,1,0.18666666666666668,0
192,PAYMENT,82.97,C3421719519,104.55,21.58,M1647181551,0.0,0.0,0,0.0,0
545,CASH_OUT,1.0,C7882206934,0.0,0.0,C5975196341,0.0,0.0,0,0.06,0
511,PAYMENT,1.0,C4939447721,0.0,0.0,M8144352013,0.0,0.0,0,0.0,0
671,PAYMENT,1.0,C2653032484,0.0,0.0,M1999913493,0.0,0.0,0,0.0,0
682,CASH_OUT,1543.64,C4419410162,1867.17,323.53,M6041646576,0.0,0.0,1,0.02666666666666667,0
688,TRANSFER,3789.21,C8350384902,3755.79,0.0,C8826851692,33.64,33.64,1,0.7433333333333333,1
228,DEBIT,159.56,C8833399096,345.15,185.59,M1466305100,0.0,0.0,0,0.01,0
663,TRANSFER,50.85,C5789633176,144.82,93.97,C2732553940,0.0,50.85,0,0.16333333333333333,0
247,TRANSFER,649.2,C6214917780,876.12,226.92,M4242579642,0.0,0.0,1,0.10666666666666667,0
45,CASH_OUT,3152.42,C5736462531,2939.21,0.0,C3587283948,0.0,0.0,1,0.043333333333333335,0
123,PAYMENT,15.57,C6329323383,77.36,61.79,M5535650160,0.0,0.0,0,0.0,0
448,CASH_OUT,180.77,C2351531223,248.69,67.92,M8869140487,0.0,0.0,1,0.05,0
702,PAYMENT,1.0,C8940731272,0.0,0.0,M1732578761,0.0,0.0,0,0.0,0
210,PAYMENT,1.0,C2801177461,0.43,0.0,M8910440683,0.0,0.0,0,0.0,0
117,PAYMENT,31.17,C7839819230,49011.95,48980.78,M2625035499,0.0,0.0,0,0.0,0
291,PAYMENT,144.66,C9860949331,447.18,302.52,M6558769264,0.0,0.0,0,0.0,0
578,CASH_OUT,7724.23,C4719780110,28927.71,21203.48,C8115628227,930.29,930.29,0,0.0033333333333333335,0
328,TRANSFER,1.0,C5187948804,0.0,0.0,C4956362540,0.0,1.0,0,0.22,0
9,TRANSFER,294.18,C9751963589,363.57,69.39,C4873807154,51143.61,51143.61,1,0.0,0
619,PAYMENT,144.47,C9916336966,301.68,157.21,M1357561213,0.0,0.0,0,0.0,0
353,PAYMENT,1.0,C2076341629,0.0,0.0,M3831598303,0.0,0.0,0,0.0,0
675,PAYMENT,1720.69,C9868845806,9655.25,7934.56,M5959736235,0.0,0.0,0,0.0,0
549,DEBIT,1.0,C2918260963,0.0,0.0,M9776500600,0.0,0.0,0,0.043333333333333335,0
469,CASH_OUT,1.0,C8791183272,1.8,0.8,C9924456994,76.83,76.83,0,0.06,0
34,TRANSFER,39220.45,C8934097788,55011.58,15791.13,M1504729135,0.0,0.0,1,0.21333333333333335,0
621,CASH_OUT,2137.83,C5022964382,2214.35,76.52,C2761091683,15137.54,15137.54,1,0.02,0
82,TRANSFER,5654.37,C9467483275,4739.72,0.0,C5659161352,0.0,5654.37,1,0.03333333333333333,0
616,PAYMENT,409.23,C8339176912,986.67,577.44,M4390543744,0.0,0.0,0,0.0,0
229,TRANSFER,62.1,C4847761430,188.8,126.7,C6276339732,162.62,224.72,0,0.02,0
411,TRANSFER,3625.36,C3097302637,3476.65,0.0,M4122901114,0.0,0.0,1,0.82,1
93,PAYMENT,189.19,C4643576871,774.32,585.13,M3355504998,0.0,0.0,0,0.0,0
232,TRANSFER,2060.66,C2570991899,2911.25,850.59,C5613655595,0.0,0.0,1,0.19666666666666666,0
384,TRANSFER,1139.4,C2439622619,1444.18,304.78,M6361225622,0.0,0.0,1,0.11333333333333333,0
292,CASH_OUT,1.04,C6619138852,395.03,393.99,C2846465000,4.32,4.32,0,0.0,0
67,CASH_OUT,3432.62,C8757570742,6936.56,3503.94,C9780187424,122.21,122.21,0,0.0,0
142,CASH_OUT,3003.25,C7431813987,2656.36,0.0,C7664258343,38.27,38.27,1,0.05,0
101,TRANSFER,431.81,C1722124509,461.88,30.07,C8151583833,1820.42,2252.23,0,0.0033333333333333335,0
289,TRANSFER,1.0,C3978287288,0.0,0.0,C5686850445,235.75,236.75,0,0.04666666666666667,0
624,TRANSFER,4882.74,C6745958212,4413.21,0.0,M9523139706,0.0,0.0,1,0.9633333333333334,1
223,PAYMENT,1.0,C1613549255,0.0,0.0,M4125758723,0.0,0.0,0,0.0,0
600,CASH_OUT,611.26,C4506639908,972.17,360.91,C3815287619,128.52,128.52,0,0.03,0
119,CASH_OUT,1.0,C2982979741,0.0,0.0,C9943959352,0.2,0.2,0,0.0033333333333333335,0
488,TRANSFER,1.0,C4227004325,0.0,0.0,C5710360983,2806.66,2807.66,0,0.06,0
619,CASH_OUT,4137.37,C5996775663,3878.47,0.0,C9989642546,354.13,354.13,1,0.22,0
514,PAYMENT,2.49,C1045302356,7.09,4.6,M4665677395,0.0,0.0,0,0.0,0
609,CASH_OUT,3368.67,C1754603440,4047.6,678.93,C7243352390,22.27,22.27,1,0.02,0
607,PAYMENT,61.6,C7150970643,273.29,211.69,M2328736852,0.0,0.0,0,0.0,0
293,PAYMENT,1.0,C8934927891,0.0,0.0,M6999146585,0.0,0.0,0,0.0,0
353,CASH_OUT,2865.81,C2753617371,3169.64,303.83,M7514017540,0.0,0.0,1,0.013333333333333334,0
304,PAYMENT,3690.72,C7534583219,4667.78,977.06,M9523139706,0.0,0.0,0,0.0,0
651,PAYMENT,1.0,C2067970820,0.0,0.0,M4456193555,0.0,0.0,0,0.0,0
459,TRANSFER,245.37,C1173215225,235.26,0.0,C2825957977,3.11,3.11,1,0.21666666666666667,0
392,TRANSFER,1.0,C2250949136,0.0,0.0,C4264134512,0.0,1.0,0,0.22,0
85,PAYMENT,1880.24,C3464975279,2436.31,556.07,M9068916300,0.0,0.0,0,0.0,0
288,TRANSFER,1.0,C3532855799,0.0,0.0,C5135595227,71.86,72.86,0,0.11666666666666667,0
385,TRANSFER,1506.18,C8001729836,1557.2,51.02,C7598745558,36625.58,36625.58,1,0.0,0
461,TRANSFER,2386.73,C8480622107,2206.46,0.0,C2866092821,25.28,25.28,1,0.7266666666666667,1
98,TRANSFER,4277.4,C3667740351,20261.23,15983.83,C1004665657,152231.96,156509.36,0,0.0,0
73,CASH_IN,11499.35,C4440904834,4119.37,15618.72,C8015775567,582.52,582.52,0,0.0,0
608,PAYMENT,1.46,C7979466538,3.99,2.53,M2555936898,0.0,0.0,0,0.0,0
632,TRANSFER,3946.82,C4012917912,4765.83,819.01,C3363629219,2408.62,2408.62,1,0.03333333333333333,0
53,CASH_OUT,3826.65,C3465883999,4232.0,405.35,C5292015249,31.06,31.06,1,0.0,0
94,CASH_OUT,287.04,C4104309491,277.74,0.0,C3978287288,0.0,0.0,1,0.01,0
61,PAYMENT,13807.77,C8532327465,15931.28,2123.51,M5694439775,0.0,0.0,0,0.0,0
81,TRANSFER,353.16,C1205082311,602.68,249.52,C1847275937,6.58,359.74,0,0.016666666666666666,0
347,PAYMENT,4598.88,C6131005449,5302.07,703.19,M3145756342,0.0,0.0,0,0.0,0
167,PAYMENT,1.0,C5861829469,1.14,0.14,M2571632270,0.0,0.0,0,0.0,0
595,TRANSFER,1179.53,C7637761996,4160.66,2981.13,C1870644102,117.48,1297.01,0,0.05,0
649,DEBIT,49.67,C4880176825,61.21,11.54,M1413599241,0.0,0.0,0,0.03333333333333333,0
220,PAYMENT,13.59,C6392415228,58444.07,58430.48,M3119908041,0.0,0.0,0,0.0,0
351,CASH_OUT,78.42,C7951902330,102.64,24.22,C5064162365,52.09,52.09,0,0.006666666666666667,0
521,CASH_OUT,89.22,C2948728483,106.79,17.57,C9421518487,1469.74,1469.74,1,0.03,0
547,CASH_OUT,1.0,C9857430687,0.0,0.0,C3796581976,0.0,0.0,0,0.06,0
87,TRANSFER,49.15,C7022683808,60.72,11.57,C1050899550,28.61,28.61,1,0.12,0
126,CASH_OUT,297.45,C5160575046,326.45,29.0,C4332894265,398.77,398.77,0,0.0033333333333333335,0
643,DEBIT,1.0,C6991473746,0.0,0.0,M4601406440,0.0,0.0,0,0.05333333333333334,0
523,TRANSFER,2183.19,C5141285960,2726.68,543.49,M1802753761,0.0,0.0,1,0.2966666666666667,0
583,CASH_OUT,87576.19,C3303082117,78237.14,0.0,M2711123163,0.0,0.0,1,0.23666666666666666,0
206,TRANSFER,95416.62,C2960488639,87154.26,0.0,C3623588379,41.49,41.49,1,0.6566666666666666,1
229,CASH_OUT,211.93,C4747699292,270.18,58.25,M8778927211,0.0,0.0,1,0.0,0
611,PAYMENT,198.75,C6656646925,131759.8,131561.05,M3313346852,0.0,0.0,0,0.0,0
690,CASH_IN,125424.38,C6341783555,8243.77,133668.15,C8879525611,0.0,0.0,0,0.0,0
597,PAYMENT,3201.32,C6645808194,43978.19,40776.87,M7702529931,0.0,0.0,0,0.0,0
680,PAYMENT,5.54,C5461537013,13691.63,13686.09,M2571632270,0.0,0.0,0,0.0,0
512,CASH_OUT,172.08,C7374584386,21146.7,20974.62,C1045302356,4.6,4.6,0,0.013333333333333334,0
398,TRANSFER,71211.86,C7805633786,98745.77,27533.91,C7208619610,0.0,0.0,1,0.2633333333333333,0
132,TRANSFER,87.01,C2924568778,116004.24,115917.23,C1569113257,0.0,87.01,0,0.09333333333333334,0
654,PAYMENT,5686.22,C6340003593,14709.71,9023.49,M2115862756,0.0,0.0,0,0.0,0
561,TRANSFER,1055.12,C4590711152,1059.48,4.36,M9590331226,0.0,0.0,1,0.31666666666666665,0
141,PAYMENT,511.09,C4207337120,1137.1,626.01,M3355504998,0.0,0.0,0,0.0,0
380,TRANSFER,1.0,C8380507338,0.0,0.0,C1104906255,145.46,146.46,0,0.04666666666666667,0
352,PAYMENT,1.0,C7114223633,0.0,0.0,M8325043570,0.0,0.0,0,0.0,0
580,PAYMENT,1.0,C6642266247,0.0,0.0,M7928143230,0.0,0.0,0,0.0,0
507,DEBIT,1514.01,C1654477195,3446.56,1932.55,M6786043791,0.0,0.0,0,0.03,0
86,PAYMENT,92.18,C3918046336,99.47,7.29,M9576264323,0.0,0.0,0,0.0,0
621,TRANSFER,1087.76,C4750707607,1417.42,329.66,C4683935600,9884.48,10972.24,1,0.013333333333333334,0
241,TRANSFER,2204.04,C1065857791,2175.41,0.0,C3098948446,5033.56,5033.56,1,0.02,0
130,CASH_IN,141705.09,C1264739091,0.0,141705.09,C5539308214,16.05,16.05,0,0.0,0
330,PAYMENT,1.0,C3482206102,0.0,0.0,M3208200227,0.0,0.0,0,0.0,0
488,CASH_OUT,79.7,C1039262289,126.79,47.09,C5693307665,3875.34,3875.34,0,0.03333333333333333,0
689,CASH_OUT,62.47,C4930438209,76.96,14.49,C1547374338,85102.83,85102.83,1,0.006666666666666667,0
311,CASH_OUT,1.0,C9830946410,0.0,0.0,C4524233168,0.0,0.0,0,0.03333333333333333,0
165,PAYMENT,1331.84,C6582557981,1767.25,435.41,M2839566253,0.0,0.0,0,0.0,0
694,CASH_IN,125917.75,C3667740351,15983.83,141901.58,C3201397080,3869.23,3869.23,0,0.0,0
473,CASH_OUT,1.0,C8382963909,0.0,0.0,C8809871735,0.0,0.0,0,0.09,0
666,CASH_OUT,158.53,C1459442845,217.59,59.06,M2249831874,0.0,0.0,1,0.03,0
605,TRANSFER,24851.17,C3698343112,34017.37,9166.2,C7635473142,104.03,24955.2,0,0.0,0
334,PAYMENT,4961.12,C4873807154,51143.61,46182.49,M3536590481,0.0,0.0,0,0.0,0
664,PAYMENT,105.11,C1033015788,110.88,5.77,M6101516825,0.0,0.0,0,0.0,0
544,TRANSFER,12.42,C2525930586,26923.45,26911.03,C2802141793,0.66,13.08,0,0.23,0
471,TRANSFER,95.17,C5115980792,129.37,34.2,C1809283659,259.81,259.81,1,0.056666666666666664,0
506,TRANSFER,1.0,C7481631841,0.0,0.0,C2984460654,0.0,1.0,0,0.22333333333333333,0
51,PAYMENT,1.0,C9523104008,0.0,0.0,M4306983924,0.0,0.0,0,0.0,0
565,TRANSFER,943.96,C4098389895,1071.91,127.95,C5884080139,51477.34,52421.3,1,0.0033333333333333335,0
593,PAYMENT,7406.12,C9868845806,7934.56,528.44,M1083302600,0.0,0.0,0,0.0,0
452,TRANSFER,1177.26,C8757570742,3503.94,2326.68,C8293453178,3.51,1180.77,0,0.05,0
293,TRANSFER,16.99,C2616884203,22.39,5.4,C5625342041,577.38,594.37,0,0.006666666666666667,0
98,TRANSFER,1.0,C5976777081,0.0,0.0,C7625389037,2527.95,2528.95,0,0.0033333333333333335,0
618,PAYMENT,1.0,C6588252632,0.0,0.0,M2571632270,0.0,0.0,0,0.0,0
614,PAYMENT,176.05,C6929897032,863.05,687.0,M9933702652,0.0,0.0,0,0.0,0
696,CASH_OUT,1368.82,C6300607425,1199.64,0.0,C4706249669,75.9,75.9,1,0.15,0
638,CASH_OUT,38.5,C1367704871,43.26,4.76,C3725152347,578.92,578.92,0,0.04,0
77,PAYMENT,20.06,C5227828349,63.08,43.02,M3072183247,0.0,0.0,0,0.0,0
216,PAYMENT,1915.9,C1340272119,11455.28,9539.38,M9896529524,0.0,0.0,0,0.0,0
227,PAYMENT,91.07,C6320115677,155.42,64.35,M9441870024,0.0,0.0,0,0.0,0
387,TRANSFER,3743.9,C9503787171,9226.68,5482.78,C2125089309,75.42,3819.32,0,0.0,0
445,PAYMENT,24138.73,C2409274786,32825.96,8687.23,M8144352013,0.0,0.0,0,0.0,0
656,TRANSFER,30.35,C9508499533,50.48,20.13,C4748302739,200.8,231.15,0,0.07666666666666666,0
41,CASH_OUT,1.0,C8235363119,0.0,0.0,C7631970791,24717.1,24717.1,0,0.0,0
28,PAYMENT,15830.65,C6402580787,16154.07,323.42,M4456193555,0.0,0.0,0,0.0,0
81,TRANSFER,774.89,C7083067988,788.37,13.48,C8350384902,0.0,0.0,1,0.19666666666666666,0
605,TRANSFER,16042.13,C6613888489,42053.32,26011.19,C8506931282,0.0,16042.13,0,0.0033333333333333335,0
651,CASH_IN,69195.88,C5578929439,1037.88,70233.76,C5898890707,34.16,34.16,0,0.0,0
651,PAYMENT,4.21,C8317619798,4.6,0.39,M4329446784,0.0,0.0,0,0.0,0
80,PAYMENT,1.0,C4683585586,0.0,0.0,M3595066420,0.0,0.0,0,0.0,0
46,CASH_OUT,4397.75,C4956843441,4236.31,0.0,M4158643786,0.0,0.0,1,0.04,0
89,PAYMENT,280.44,C2111272861,116135.82,115855.38,M4689605624,0.0,0.0,0,0.0,0
550,TRANSFER,864.66,C2125089309,3819.32,2954.66,C2390587865,15.42,880.08,0,0.05,0
362,DEBIT,1.0,C8033702319,0.0,0.0,M6045729129,0.0,0.0,0,0.04,0
280,DEBIT,9.8,C9626333315,15.62,5.82,M5194066484,0.0,0.0,0,0.02,0
24,PAYMENT,1.69,C2479679716,3.69,2.0,M7341757401,0.0,0.0,0,0.0,0
24,TRANSFER,1494.78,C1553753599,1752.96,258.18,M1783432867,0.0,0.0,1,0.12,0
11,CASH_OUT,689.93,C8373547961,699.57,9.64,M4390543744,0.0,0.0,1,0.016666666666666666,0
492,CASH_OUT,1.0,C7049001493,0.94,0.0,C8689593739,1005.69,1005.69,0,0.04666666666666667,0
469,PAYMENT,1.0,C8666074487,0.0,0.0,M5714658227,0.0,0.0,0,0.0,0
481,PAYMENT,19025.51,C1306702926,153112.32,134086.81,M2604788242,0.0,0.0,0,0.0,0
345,PAYMENT,122.25,C8758809005,269.08,146.83,M5869990861,0.0,0.0,0,0.0,0
128,PAYMENT,38.63,C7852415525,100.4,61.77,M5087280062,0.0,0.0,0,0.0,0
244,CASH_OUT,108.81,C6027311960,121.91,13.1,M6275155878,0.0,0.0,1,0.01,0
390,TRANSFER,608.81,C2370592316,536.03,0.0,M5985331805,0.0,0.0,1,0.27666666666666667,0
616,PAYMENT,1.0,C8033702319,0.0,0.0,M5535650160,0.0,0.0,0,0.0,0
367,TRANSFER,2469.13,C1626733282,2128.06,0.0,M4329446784,0.0,0.0,1,0.61,1
397,TRANSFER,1704.22,C3796581976,2139.74,435.52,M1908459040,0.0,0.0,1,0.18,0
203,PAYMENT,49.61,C1446457642,92.88,43.27,M9752092528,0.0,0.0,0,0.0,0
439,TRANSFER,3211.86,C5400463094,4193.01,981.15,C6418365941,503.65,3715.51,1,0.03333333333333333,0
49,PAYMENT,3.04,C9922723063,8.31,5.27,M2156184315,0.0,0.0,0,0.0,0
67,PAYMENT,114.48,C9989642546,354.13,239.65,M3965860354,0.0,0.0,0,0.0,0
707,PAYMENT,1729.2,C8243746556,3842.94,2113.74,M2518433834,0.0,0.0,0,0.0,0
534,PAYMENT,83.47,C9780187424,122.21,38.74,M9441870024,0.0,0.0,0,0.0,0
628,CASH_OUT,1.0,C9592390865,0.89,0.0,C2268006448,20.68,20.68,0,0.05,0
167,PAYMENT,46.79,C7209571615,159.38,112.59,M4641902461,0.0,0.0,0,0.0,0
479,PAYMENT,1.0,C5689870435,0.0,0.0,M8083396378,0.0,0.0,0,0.0,0
708,PAYMENT,8.27,C4322510552,22.16,13.89,M5535650160,0.0,0.0,0,0.0033333333333333335,0
611,CASH_OUT,3349.53,C9857430687,4265.11,915.58,M2121448210,0.0,0.0,1,0.023333333333333334,0
565,PAYMENT,1625.94,C8243746556,2113.74,487.8,M3534186676,0.0,0.0,0,0.0,0
91,CASH_OUT,669.93,C9274189261,711.43,41.5,C5586143660,383.19,383.19,0,0.006666666666666667,0
592,PAYMENT,1.0,C5071218314,0.0,0.0,M7366396017,0.0,0.0,0,0.0,0
230,CASH_OUT,23.0,C6704841644,24.28,1.28,C9558091177,13.22,13.22,0,0.01,0
438,PAYMENT,66.05,C4345526911,120.45,54.4,M6845287382,0.0,0.0,0,0.0,0
677,TRANSFER,1.0,C6358023411,0.0,0.0,C2843567009,0.0,1.0,0,0.22333333333333333,0
445,CASH_OUT,91.03,C1484230338,95.19,4.16,M9444143872,0.0,0.0,1,0.07666666666666666,0
124,TRANSFER,1266.24,C2811967841,1116.4,0.0,C9547119184,460.14,1726.38,1,0.05333333333333334,0
366,TRANSFER,440.22,C7534583219,977.06,536.84,C7845366946,1.89,442.11,0,0.013333333333333334,0
4,CASH_OUT,32599.2,C7248258423,35135.17,2535.97,C1659663750,34.36,34.36,0,0.01,0
337,TRANSFER,4597.89,C3097302637,3942.91,0.0,M2571632270,0.0,0.0,1,0.75,1
566,CASH_OUT,24293.96,C6231117883,20809.45,0.0,C7088949191,231.76,231.76,1,0.09,0
342,CASH_IN,121992.06,C7389111087,448.08,122440.14,C9147736635,1.0,1.0,0,0.0,0
636,TRANSFER,148.81,C8997701619,197.16,48.35,M8389750357,0.0,0.0,1,0.17333333333333334,0
522,CASH_OUT,1.0,C3423086220,0.0,0.0,C9806189256,10.75,10.75,0,0.05333333333333334,0
571,PAYMENT,16.87,C2139078760,48.89,32.02,M8643636805,0.0,0.0,0,0.0,0
705,TRANSFER,4.67,C9481076448,6.83,2.16,C4062777850,312.28,316.95,0,0.07666666666666666,0
552,TRANSFER,250585.11,C3380064537,236459.31,0.0,M9288057824,0.0,0.0,1,0.9666666666666667,1
388,CASH_OUT,1147.79,C7464468567,3091.14,1943.35,C6334440295,9344.02,9344.02,0,0.0,0
322,TRANSFER,4189.24,C2274350418,3535.85,0.0,M4158643786,0.0,0.0,1,0.7733333333333333,1
361,TRANSFER,32213.53,C8991678061,40953.27,8739.74,M1099218439,0.0,0.0,1,0.23666666666666666,0
410,PAYMENT,17571.81,C4564751926,21289.71,3717.9,M8790289305,0.0,0.0,0,0.0,0
353,CASH_OUT,1.0,C4403845222,0.0,0.0,C6789292252,17977.53,17977.53,0,0.0,0
718,CASH_OUT,1.0,C7671625956,0.0,0.0,C9844874547,0.0,0.0,0,0.06666666666666667,0
7,PAYMENT,37.8,C6477862024,106.74,68.94,M5794335854,0.0,0.0,0,0.0,0
206,CASH_IN,54695.46,C3698343112,9166.2,63861.66,C2878930355,0.0,0.0,0,0.0,0
372,DEBIT,108.4,C6562434335,137.79,29.39,M2136107759,0.0,0.0,0,0.02,0
248,PAYMENT,1.0,C9147736635,1.0,0.0,M5315720088,0.0,0.0,0,0.0,0
389,CASH_OUT,2087.1,C7464468567,1943.35,0.0,C8750840032,0.0,0.0,1,0.12,0
523,PAYMENT,10.96,C6795522649,12.27,1.31,M6786043791,0.0,0.0,0,0.0,0
594,CASH_OUT,126.84,C7088949191,231.76,104.92,C4282810353,357.64,357.64,0,0.02666666666666667,0
431,PAYMENT,1.0,C2311597141,0.0,0.0,M4588312351,0.0,0.0,0,0.0,0
562,PAYMENT,4.68,C8366884200,18.61,13.93,M9590331226,0.0,0.0,0,0.0,0
617,CASH_OUT,3163.18,C4586139213,2751.34,0.0,C8831899893,0.0,0.0,1,0.18,0
296,CASH_OUT,3100.59,C3294092753,3214.35,113.76,M7282885927,0.0,0.0,1,0.01,0
686,PAYMENT,1.0,C8761469117,0.0,0.0,M9410569618,0.0,0.0,0,0.0,0
224,PAYMENT,46.4,C7597996327,77.63,31.23,M3636366799,0.0,0.0,0,0.0,0
152,CASH_OUT,302.41,C3291226621,302.58,0.17,M3192202822,0.0,0.0,1,0.02,0
213,PAYMENT,2.76,C1248786714,7.92,5.16,M2635881694,0.0,0.0,0,0.0,0
572,TRANSFER,248.11,C2174793230,275.87,27.76,C1667779376,11.28,259.39,0,0.08,0
502,CASH_OUT,1.0,C5736462531,0.0,0.0,C5293274004,0.0,0.0,0,0.06,0
633,PAYMENT,1.0,C1862812038,0.0,0.0,M2541015125,0.0,0.0,0,0.0,0
18,TRANSFER,52257.47,C1316756902,122437.56,70180.09,C8339176912,577.44,52834.91,0,0.0,0
646,DEBIT,35.42,C9691572571,121.63,86.21,M7948094928,0.0,0.0,0,0.03,0
364,TRANSFER,4747.14,C5870891270,4098.42,0.0,M9900829971,0.0,0.0,1,0.7433333333333333,1
358,CASH_OUT,73.87,C4864126433,66.94,0.0,C1242425303,0.0,0.0,1,0.043333333333333335,0
72,TRANSFER,7191.47,C3047869247,9155.23,1963.76,M2625035499,0.0,0.0,1,0.19666666666666666,0
289,TRANSFER,26.02,C7915226263,108.99,82.97,C9463197203,2.09,28.11,0,0.15333333333333332,0
235,CASH_OUT,100.82,C2304963614,99.78,0.0,C9851745648,1.0,1.0,1,0.02666666666666667,0
689,PAYMENT,2903.54,C3305069227,8773.51,5869.97,M9068916300,0.0,0.0,0,0.0,0
288,DEBIT,19905.06,C8046300793,29566.45,9661.39,M7351460539,0.0,0.0,0,0.02,0
606,CASH_OUT,357.91,C9333490239,305.18,0.0,M2121448210,0.0,0.0,1,0.07666666666666666,0
310,CASH_OUT,1.0,C4026379752,0.0,0.0,C5536224717,0.0,0.0,0,0.03333333333333333,0
118,CASH_OUT,1.0,C8317619798,0.39,0.0,C7552812957,54272.54,54272.54,0,0.0,0
548,TRANSFER,225.3,C2602884797,305.49,80.19,C6711463258,0.0,0.0,1,0.17,0
246,TRANSFER,1630.94,C2394868732,1408.26,0.0,M1732578761,0.0,0.0,1,0.38333333333333336,0
707,PAYMENT,1.0,C9771848610,0.0,0.0,M9752092528,0.0,0.0,0,0.0033333333333333335,0
526,PAYMENT,1.0,C1682781467,0.0,0.0,M2228388623,0.0,0.0,0,0.0,0
224,PAYMENT,1.0,C6155234610,0.0,0.0,M4160161496,0.0,0.0,0,0.0,0
273,PAYMENT,1.0,C8458717057,0.0,0.0,M8869140487,0.0,0.0,0,0.0,0
304,TRANSFER,18976.41,C7873709012,161674.91,142698.5,C5461537013,13686.09,32662.5,0,0.0,0
613,PAYMENT,266.47,C7838460497,1329.97,1063.5,M2518433834,0.0,0.0,0,0.0,0
530,CASH_OUT,38.91,C3328710672,44.06,5.15,C8841851495,0.0,0.0,0,0.03666666666666667,0
106,CASH_OUT,46868.99,C2780016559,42623.07,0.0,M8235474949,0.0,0.0,1,0.03,0
391,DEBIT,144.45,C7910439839,322.79,178.34,M4158643786,0.0,0.0,0,0.02,0
466,CASH_OUT,58.75,C3698305085,166.65,107.9,C1139082827,2075.35,2075.35,0,0.03,0
306,PAYMENT,421.2,C3777580509,2211.22,1790.02,M2249831874,0.0,0.0,0,0.0,0
192,CASH_OUT,502.74,C3725152347,578.92,76.18,C5474951950,48.65,48.65,1,0.0033333333333333335,0
309,CASH_OUT,29688.86,C1067198189,96874.96,67186.1,C8257484586,70.65,70.65,0,0.0,0
587,TRANSFER,1463.78,C7894019119,2574.11,1110.33,C9086117171,70569.76,72033.54,0,0.01,0
383,CASH_OUT,1270.57,C2953462417,1226.2,0.0,M7168105904,0.0,0.0,1,0.14666666666666667,0
401,CASH_OUT,131857.44,C9715314442,129863.0,0.0,C7648059419,139.29,139.29,1,0.04,0
158,TRANSFER,2564.97,C3520417815,3622.33,1057.36,M2187592160,0.0,0.0,1,0.12,0
416,TRANSFER,3648.5,C9702693937,3967.2,318.7,M2625035499,0.0,0.0,1,0.28,0
561,PAYMENT,2867.97,C9894264595,31317.77,28449.8,M8235474949,0.0,0.0,0,0.0,0
164,CASH_OUT,2694.87,C6761084958,3240.24,545.37,M8646369354,0.0,0.0,1,0.0,0
58,PAYMENT,6.41,C9730449971,18.1,11.69,M8389750357,0.0,0.0,0,0.0,0
529,PAYMENT,71.51,C2224336336,189.89,118.38,M7664045502,0.0,0.0,0,0.0,0
32,CASH_OUT,1114.11,C8394040015,2220.22,1106.11,C5951406973,3472.47,3472.47,0,0.0,0
200,PAYMENT,35.6,C7763765757,51.34,15.74,M5000316394,0.0,0.0,0,0.0,0
411,CASH_OUT,803.43,C6548442140,733.01,0.0,M5315720088,0.0,0.0,1,0.2,0
565,TRANSFER,68.89,C7648059419,139.29,70.4,C3880327491,83.45,152.34,0,0.08,0
433,PAYMENT,9554.22,C8429141456,15515.14,5960.92,M4160161496,0.0,0.0,0,0.0,0
221,TRANSFER,157.02,C7625464411,170.17,13.15,M2555936898,0.0,0.0,1,0.16333333333333333,0
430,TRANSFER,1.0,C9987064419,0.0,0.0,C7135394336,30226.09,30227.09,0,0.0,0
172,CASH_IN,45990.47,C1600406558,302.57,46293.04,C9327720702,27641.61,27641.61,0,0.0,0
569,PAYMENT,1.0,C9945002229,0.0,0.0,M9576264323,0.0,0.0,0,0.0,0
439,PAYMENT,1.0,C6562144159,0.0,0.0,M7951820749,0.0,0.0,0,0.0,0
5,PAYMENT,1.0,C2953462417,0.0,0.0,M6199197408,0.0,0.0,0,0.0,0
263,PAYMENT,894.03,C6161147047,1619.29,725.26,M3019265031,0.0,0.0,0,0.0,0
134,TRANSFER,68256.57,C4574027737,69341.49,1084.92,M1122712790,0.0,0.0,1,0.23,0
219,PAYMENT,539.06,C4745927824,11965.31,11426.25,M4242579642,0.0,0.0,0,0.0,0
614,CASH_OUT,12.07,C5877639950,33.59,21.52,C9166381136,0.0,0.0,0,0.03333333333333333,0
177,TRANSFER,1555.84,C8480622107,1787.61,231.77,M5937271321,0.0,0.0,1,0.11333333333333333,0
354,CASH_OUT,60.18,C7895255573,156.84,96.66,C1149460439,20.02,20.02,0,0.0,0
151,TRANSFER,1.0,C7710396573,2.06,1.06,C4623960580,3.44,4.44,0,0.16,0
398,PAYMENT,2.33,C9581991473,3.97,1.64,M4908108692,0.0,0.0,0,0.0,0
532,CASH_OUT,952.67,C7640078465,1337.47,384.8,M6651020291,0.0,0.0,1,0.02666666666666667,0
184,PAYMENT,1.0,C4807122420,0.0,0.0,M4689605624,0.0,0.0,0,0.0,0
252,PAYMENT,1.0,C1940684569,0.0,0.0,M4093474499,0.0,0.0,0,0.0,0
341,PAYMENT,955.21,C8261111839,24836.05,23880.84,M5270048042,0.0,0.0,0,0.0,0
720,PAYMENT,1.0,C7858937483,0.0,0.0,M8728631945,0.0,0.0,0,0.0,0
491,TRANSFER,308.44,C4643576871,585.13,276.69,C1484230338,4.16,312.6,0,0.056666666666666664,0
95,PAYMENT,1.0,C7292376027,0.0,0.0,M1096405016,0.0,0.0,0,0.0,0
174,CASH_OUT,32.02,C2317723211,41.89,9.87,C8612747444,0.0,0.0,0,0.0,0
396,PAYMENT,1057.51,C4026113008,3838.52,2781.01,M7437168216,0.0,0.0,0,0.0,0
367,CASH_OUT,2644.8,C3521166052,2419.95,0.0,C4518871744,3621.41,3621.41,1,0.02666666666666667,0
44,DEBIT,6090.46,C1248704157,48150.54,42060.08,M9921025990,0.0,0.0,0,0.013333333333333334,0
259,PAYMENT,12.95,C8997701619,48.35,35.4,M2910594463,0.0,0.0,0,0.0,0
20,TRANSFER,4.05,C5870268582,19.71,15.66,C5144289583,424.3,428.35,0,0.006666666666666667,0
690,PAYMENT,672.79,C7937993287,907.94,235.15,M5869990861,0.0,0.0,0,0.0,0
629,TRANSFER,1.0,C1470939445,0.0,0.0,C7452729913,176412.71,176413.71,0,0.0,0
548,PAYMENT,1.0,C3843139149,0.0,0.0,M3508990774,0.0,0.0,0,0.0,0
244,TRANSFER,16304.13,C3258354191,14252.93,0.0,C6698759353,127.41,127.41,1,0.4266666666666667,0
205,CASH_OUT,18.42,C7573691558,49.47,31.05,C3371357111,28.09,28.09,0,0.0,0
407,TRANSFER,341.64,C7316122432,317.73,0.0,M2418407139,0.0,0.0,1,0.23666666666666666,0
266,TRANSFER,511.63,C7637761996,2981.13,2469.5,C3201397080,3869.23,4380.86,0,0.0,0
24,CASH_OUT,20991.23,C9248574674,22821.21,1829.98,M5380159400,0.0,0.0,1,0.0033333333333333335,0
208,TRANSFER,19846.79,C6218955985,23349.98,3503.19,C7705605962,0.0,19846.79,1,0.0,0
215,TRANSFER,10.56,C9981364488,33.38,22.82,C6588316233,17.35,27.91,0,0.11666666666666667,0
709,PAYMENT,152.47,C4927019611,242.11,89.64,M7168105904,0.0,0.0,0,0.0,0
264,CASH_OUT,1210.18,C2780016559,1029.46,0.0,C1589582865,2009.9,2009.9,1,0.0,0
381,PAYMENT,1.0,C4767539382,0.0,0.0,M7343954769,0.0,0.0,0,0.0,0
5,TRANSFER,367.19,C8458717057,451.57,84.38,C3598862507,48.34,48.34,1,0.08333333333333333,0
533,CASH_OUT,2859.15,C2965718821,2667.12,0.0,C5883933127,29046.18,29046.18,1,0.17666666666666667,0
61,PAYMENT,1.0,C4530959836,0.0,0.0,M1343875431,0.0,0.0,0,0.0,0
91,DEBIT,3.25,C9909257076,11.58,8.33,M7512767226,0.0,0.0,0,0.02,0
61,TRANSFER,9749.19,C3965572185,13751.15,4001.96,C8953271391,606.68,10355.87,0,0.0,0
407,TRANSFER,557.53,C6904897514,560.1,2.57,M7664045502,0.0,0.0,1,0.20666666666666667,0
480,PAYMENT,1.0,C1311570307,0.0,0.0,M2773408660,0.0,0.0,0,0.0,0
460,TRANSFER,123.86,C7845366946,442.11,318.25,C2094024844,39.73,163.59,0,0.056666666666666664,0
490,PAYMENT,242.34,C2405746777,1504.26,1261.92,M4125758723,0.0,0.0,0,0.0,0
548,PAYMENT,1.0,C8235363119,0.0,0.0,M7366396017,0.0,0.0,0,0.0,0
40,PAYMENT,2411.28,C1197092148,71132.35,68721.07,M5067400473,0.0,0.0,0,0.0,0
718,CASH_IN,91137.24,C9392515666,121858.01,212995.25,C5433722159,12.85,12.85,0,0.0,0
254,TRANSFER,3678.0,C4422700486,6554.27,2876.27,C5275521470,6.32,3684.32,0,0.0,0
15,TRANSFER,176.2,C9916336966,157.21,0.0,M2328736852,0.0,0.0,1,0.21,0
612,PAYMENT,16.91,C1225447588,18.03,1.12,M5734228580,0.0,0.0,0,0.0,0
151,TRANSFER,122.8,C9786748825,5823.03,5700.23,C4745927824,11426.25,11549.05,0,0.0,0
468,CASH_OUT,1.0,C5689870435,0.0,0.0,C5485387618,0.0,0.0,0,0.09,0
389,CASH_OUT,1.0,C2237386857,0.0,0.0,C1139082827,2075.35,2075.35,0,0.01,0
107,PAYMENT,1.0,C7581349462,0.0,0.0,M4820942294,0.0,0.0,0,0.0033333333333333335,0
102,TRANSFER,4323.19,C2370592316,4878.66,555.47,M1466305100,0.0,0.0,1,0.20666666666666667,0
615,PAYMENT,1.0,C7292376027,0.0,0.0,M5891831621,0.0,0.0,0,0.0,0
513,CASH_OUT,13.73,C5982744929,30.46,16.73,C6892752604,314984.44,314984.44,0,0.0,0
200,CASH_OUT,75.51,C8257484586,70.65,0.0,C1067198189,67186.1,67186.1,1,0.013333333333333334,0
601,TRANSFER,73.16,C7852415525,61.77,0.0,M6744039057,0.0,0.0,1,0.24,0
457,DEBIT,5.17,C4658080160,24.38,19.21,M1466305100,0.0,0.0,0,0.02666666666666667,0
714,PAYMENT,491.39,C4574027737,1084.92,593.53,M5815678365,0.0,0.0,0,0.0,0
666,PAYMENT,1.0,C4079223686,0.0,0.0,M9043367776,0.0,0.0,0,0.0,0
306,PAYMENT,29.3,C7573691558,31.05,1.75,M3297681898,0.0,0.0,0,0.0,0
138,CASH_OUT,971.1,C3776011793,1377.67,406.57,C1083651970,584.42,584.42,1,0.0,0
401,PAYMENT,1.88,C7608141858,24692.7,24690.82,M6495967005,0.0,0.0,0,0.0,0
105,CASH_OUT,1349.43,C8236980551,1429.78,80.35,C5728897164,7.59,7.59,1,0.0033333333333333335,0
25,CASH_OUT,748.14,C2014766981,684.22,0.0,M3107992942,0.0,0.0,1,0.08333333333333333,0
224,CASH_OUT,5037.1,C7027529118,4647.51,0.0,C2825957977,3.11,3.11,1,0.05333333333333334,0
408,PAYMENT,1276.94,C4490722186,41581.97,40305.03,M4892544235,0.0,0.0,0,0.0,0
617,PAYMENT,12527.72,C7705605962,19846.79,7319.07,M4820942294,0.0,0.0,0,0.0,0
499,CASH_OUT,212.49,C8636525027,239.45,26.96,M3690714075,0.0,0.0,1,0.04,0
400,TRANSFER,2492.45,C2452066459,3631.13,1138.68,C4405620755,0.0,2492.45,0,0.0,0
702,CASH_OUT,45.93,C1487258103,128.07,82.14,C1546957087,1486.01,1486.01,0,0.02,0
290,PAYMENT,21.18,C8387664437,53.82,32.64,M5194066484,0.0,0.0,0,0.0,0
165,CASH_IN,91613.89,C6661014794,9906.78,101520.67,C6720396142,23.41,23.41,0,0.0,0
418,CASH_OUT,2897.05,C7597996327,2470.79,0.0,M6583604299,0.0,0.0,1,0.37333333333333335,0
299,PAYMENT,1.0,C8779941999,0.0,0.0,M9640701016,0.0,0.0,0,0.0,0
418,TRANSFER,17.84,C4274958945,36.98,19.14,C4972536230,36.95,54.79,0,0.11666666666666667,0
102,PAYMENT,11.87,C1600566083,19.42,7.55,M1368287033,0.0,0.0,0,0.0,0
456,TRANSFER,56.87,C5569145346,121.78,64.91,C3780439666,1776.17,1833.04,0,0.04666666666666667,0
41,CASH_IN,58822.58,C3316277000,1.0,58823.58,C3587283948,0.0,0.0,0,0.0,0
595,CASH_OUT,2959.15,C6405851839,3133.04,173.89,C7340498236,441.93,441.93,1,0.013333333333333334,0
11,TRANSFER,1.0,C7910817577,0.0,0.0,C2960488639,0.0,1.0,0,0.19666666666666666,0
272,TRANSFER,2043.12,C5759761714,2159.79,116.67,M5087280062,0.0,0.0,1,0.30666666666666664,0
85,TRANSFER,1.0,C3097302637,0.0,0.0,C4322510552,13.89,14.89,0,0.2,0
546,TRANSFER,244.37,C6789448659,276.77,32.4,C6461974809,0.0,0.0,1,0.17333333333333334,0
584,CASH_OUT,3132.39,C1717346250,2686.26,0.0,M3580582653,0.0,0.0,1,0.18,0
719,TRANSFER,615.71,C4566852761,617.06,1.35,C1569113257,87.01,87.01,1,0.14,0
176,TRANSFER,47764.59,C7074050517,52677.25,4912.66,M6515490818,0.0,0.0,1,0.23333333333333334,0
216,TRANSFER,142.11,C7079234115,163.42,21.31,C1955345537,42921.11,42921.11,1,0.0,0
356,PAYMENT,1047.72,C5492496998,2168.43,1120.71,M7764117705,0.0,0.0,0,0.0,0
54,CASH_OUT,1907.08,C5710360983,2807.66,900.58,C2065354117,28709.24,28709.24,0,0.0,0
212,TRANSFER,1470.65,C4734111722,1228.87,0.0,M4160161496,0.0,0.0,1,0.37,0
442,CASH_OUT,1.0,C5381866906,0.0,0.0,C7333316743,0.0,0.0,0,0.09666666666666666,0
339,TRANSFER,1.0,C1124331395,0.0,0.0,C7190276026,24387.8,24388.8,0,0.0,0
7,TRANSFER,1420.87,C1281199333,1263.44,0.0,C7988845536,38043.13,38043.13,1,0.0,0
504,PAYMENT,3.98,C2914590233,3088.76,3084.78,M4329446784,0.0,0.0,0,0.0,0
476,TRANSFER,706.31,C8925520026,660.95,0.0,M9404002665,0.0,0.0,1,0.26666666666666666,0
11,PAYMENT,1.0,C5931025271,0.0,0.0,M1732578761,0.0,0.0,0,0.0,0
90,PAYMENT,1.0,C2801177461,0.0,0.0,M9900829971,0.0,0.0,0,0.0,0
283,CASH_OUT,315.4,C4656572173,312.93,0.0,C7958672456,1.53,1.53,1,0.06,0
346,TRANSFER,436.08,C5144289583,428.35,0.0,C3995732958,12.36,12.36,1,0.19666666666666666,0
435,TRANSFER,29.74,C5634076661,57.15,27.41,C7560389844,15.29,45.03,0,0.13333333333333333,0
585,PAYMENT,1.0,C8239941612,0.0,0.0,M7664045502,0.0,0.0,0,0.0,0
186,TRANSFER,121.63,C6797436140,148.23,26.6,M9625656293,0.0,0.0,1,0.16,0
268,TRANSFER,2785.86,C2965254350,3137.85,351.99,M9581187661,0.0,0.0,1,0.18666666666666668,0
449,CASH_IN,61968.52,C9916336966,0.0,61968.52,C9410288290,3495.17,3495.17,0,0.0,0
282,TRANSFER,48.4,C5064162365,52.09,3.69,C4325878813,13119.22,13167.62,1,0.0,0
448,PAYMENT,717.89,C7376649850,47885.76,47167.87,M8869140487,0.0,0.0,0,0.0,0
609,TRANSFER,46231.87,C9697414638,57294.82,11062.95,M5570190774,0.0,0.0,1,0.27666666666666667,0
523,CASH_OUT,91487.03,C7417183769,117978.56,26491.53,C3362646960,150.54,150.54,1,0.013333333333333334,0
95,CASH_OUT,89.35,C9989642546,239.65,150.3,C6043349038,196.55,196.55,0,0.0033333333333333335,0
587,PAYMENT,8019.58,C7337225482,52746.92,44727.34,M3965860354,0.0,0.0,0,0.0,0
226,TRANSFER,2451.37,C6583444930,3089.43,638.06,C4524233168,0.0,2451.37,0,0.0,0
483,TRANSFER,1.0,C9842186844,0.0,0.0,C3574081104,22.07,23.07,0,0.19,0
416,TRANSFER,3302.2,C4526242854,3347.86,45.66,M5985331805,0.0,0.0,1,0.47333333333333333,0
27,CASH_OUT,2618.52,C8046300793,9661.39,7042.87,C6634526139,27.86,27.86,0,0.0,0
377,DEBIT,3672.33,C9995834531,46581.48,42909.15,M6732306182,0.0,0.0,0,0.013333333333333334,0
559,PAYMENT,60.22,C9272277508,71.03,10.81,M6361225622,0.0,0.0,0,0.0,0
527,PAYMENT,1.0,C3772636814,0.0,0.0,M2391874847,0.0,0.0,0,0.0,0
53,TRANSFER,4.32,C5891280823,8.23,3.91,C4277561834,177.97,182.29,0,0.02666666666666667,0
310,CASH_IN,78919.37,C5992908271,3.66,78923.03,C5633956194,144.11,144.11,0,0.0,0
240,PAYMENT,51.09,C2627677155,24786.34,24735.25,M6384311581,0.0,0.0,0,0.0,0
115,CASH_OUT,107.29,C2188332531,92.42,0.0,C2625792787,26721.37,26721.37,1,0.01,0
182,PAYMENT,1.0,C7369118672,0.0,0.0,M3705237613,0.0,0.0,0,0.0,0
232,TRANSFER,57.65,C4630196130,77.3,19.65,C1662259333,20.38,20.38,1,0.11666666666666667,0
126,PAYMENT,2.77,C9354542654,10.31,7.54,M2115862756,0.0,0.0,0,0.0,0
9,TRANSFER,2160.98,C4572433066,2046.71,0.0,M6101516825,0.0,0.0,1,0.5366666666666666,1
473,CASH_OUT,1213.71,C1173215225,1324.37,110.66,C7671625956,0.0,0.0,1,0.09,0
490,TRANSFER,288.09,C9702693937,318.7,30.61,C9433570024,4101.14,4389.23,0,0.03,0
89,CASH_OUT,1.61,C6000009225,2.72,1.11,C7376649850,47167.87,47167.87,0,0.0,0
309,TRANSFER,1.0,C5735817014,0.0,0.0,C8370987661,38.35,39.35,0,0.16,0
504,TRANSFER,1.0,C7004964045,1.16,0.16,C3360791536,10.12,11.12,0,0.19333333333333333,0
331,CASH_OUT,1.0,C6640801643,0.0,0.0,C4566852761,1.35,1.35,0,0.03666666666666667,0
695,TRANSFER,85971.39,C8995045543,89689.17,3717.78,M3517195150,0.0,0.0,1,0.32666666666666666,0
544,CASH_OUT,3944.6,C4888749350,7253.42,3308.82,C4794276323,218234.61,218234.61,0,0.0,0
272,PAYMENT,2620.93,C2914590233,3084.78,463.85,M3355504998,0.0,0.0,0,0.0,0
641,PAYMENT,6080.44,C5028688786,7638.69,1558.25,M2418407139,0.0,0.0,0,0.0,0
79,CASH_OUT,4881.17,C9318010743,4773.32,0.0,C8252045593,16.04,16.04,1,0.04,0
379,DEBIT,1.0,C3380064537,0.0,0.0,M7570511906,0.0,0.0,0,0.04,0
449,PAYMENT,4.57,C3884642366,6.77,2.2,M5869990861,0.0,0.0,0,0.0,0
250,PAYMENT,1.0,C1370292681,0.0,0.0,M3156792018,0.0,0.0,0,0.0,0
6,CASH_IN,13918.81,C7640122370,106.18,14024.99,C5329194647,0.0,0.0,0,0.006666666666666667,0
639,TRANSFER,2191.14,C5728765136,2141.41,0.0,M6284297249,0.0,0.0,1,0.8233333333333334,1
694,PAYMENT,107.45,C5872148707,362.23,254.78,M5194066484,0.0,0.0,0,0.0,0
529,TRANSFER,3688.49,C7581349462,4702.72,1014.23,C6231117883,0.0,0.0,1,0.31,0
465,TRANSFER,4885.73,C9248046539,4182.29,0.0,M9398575277,0.0,0.0,1,0.9066666666666666,1
194,PAYMENT,55.38,C9457665185,195.28,139.9,M9523139706,0.0,0.0,0,0.0,0
284,PAYMENT,1.0,C8137764127,0.0,0.0,M4641902461,0.0,0.0,0,0.0,0
335,TRANSFER,1.47,C2948728483,17.57,16.1,C5421051452,9069.25,9070.72,0,0.0,0
181,DEBIT,27.42,C5067245523,65.66,38.24,M6247463262,0.0,0.0,0,0.02,0
265,TRANSFER,1384.69,C5115980792,1270.19,0.0,M3145756342,0.0,0.0,1,0.37666666666666665,0
275,CASH_OUT,256.04,C8303853049,547.03,290.99,C9856756553,57.74,57.74,0,0.006666666666666667,0
47,PAYMENT,32.29,C8236980551,80.35,48.06,M6558769264,0.0,0.0,0,0.0,0
467,PAYMENT,24.42,C1659663750,34.36,9.94,M9404002665,0.0,0.0,0,0.0,0
313,PAYMENT,1.0,C6674372082,0.0,0.0,M8740820392,0.0,0.0,0,0.0,0
128,CASH_OUT,4744.53,C6875597607,4982.5,237.97,C3108307952,705.4,705.4,1,0.0,0
254,PAYMENT,946.97,C8926438617,1303.92,356.95,M6361225622,0.0,0.0,0,0.0,0
709,PAYMENT,406.16,C5400463094,981.15,574.99,M3960136787,0.0,0.0,0,0.0,0
57,TRANSFER,5.56,C3799264931,6.62,1.06,C5802739154,291.2,296.76,0,0.01,0
349,CASH_OUT,8731.37,C8453283834,7324.74,0.0,C6582557981,435.41,435.41,1,0.21,0
102,PAYMENT,3.0,C5375461598,12.77,9.77,M2541015125,0.0,0.0,0,0.0,0
63,PAYMENT,1658.7,C9432088993,3737.28,2078.58,M5714658227,0.0,0.0,0,0.0,0
513,TRANSFER,21.54,C6986770879,48.71,27.17,C2802141793,13.08,34.62,0,0.14,0
412,PAYMENT,35.29,C2224336336,118.38,83.09,M3297681898,0.0,0.0,0,0.0,0
359,PAYMENT,377.5,C3776011793,406.57,29.07,M5570190774,0.0,0.0,0,0.0,0
595,PAYMENT,91.34,C3206955437,123.2,31.86,M6558769264,0.0,0.0,0,0.0,0
509,TRANSFER,2713.29,C1364994639,89474.85,86761.56,C3655790301,309.75,3023.04,0,0.0033333333333333335,0
41,CASH_OUT,11.83,C9274189261,41.5,29.67,C2017675569,0.0,0.0,0,0.0,0
154,PAYMENT,1.0,C2394868732,0.0,0.0,M9576264323,0.0,0.0,0,0.0,0
28,TRANSFER,322.9,C1484230338,312.6,0.0,C8015124886,271.04,271.04,1,0.013333333333333334,0
163,CASH_IN,18974.77,C2017675569,0.0,18974.77,C5150074940,0.0,0.0,0,0.0,0
640,CASH_IN,5242.92,C7022683808,11.57,5254.49,C9618334441,26.32,26.32,0,0.0,0
386,CASH_IN,74723.81,C8796293088,528.98,75252.79,C7792729530,4.23,4.23,0,0.0,0
265,CASH_OUT,107824.58,C3511301900,148635.15,40810.57,C8689593739,1005.69,1005.69,0,0.0,0
277,PAYMENT,96.26,C3975418439,235.85,139.59,M8138332494,0.0,0.0,0,0.0,0
22,TRANSFER,3385.23,C6418365941,3715.51,330.28,C6995554056,59.73,3444.96,0,0.0033333333333333335,0
120,CASH_OUT,64247.24,C1364994639,86761.56,22514.32,C8235717104,1078.44,1078.44,0,0.0,0
182,PAYMENT,8853.04,C6952291828,34423.42,25570.38,M7343954769,0.0,0.0,0,0.0,0
371,PAYMENT,15.67,C6588316233,27.91,12.24,M2655546199,0.0,0.0,0,0.0,0
35,PAYMENT,24419.61,C5461537013,32662.5,8242.89,M1083302600,0.0,0.0,0,0.0,0
437,CASH_OUT,3993.07,C4956843441,4523.92,530.85,M7764117705,0.0,0.0,1,0.043333333333333335,0
190,TRANSFER,86.15,C7590302909,141.73,55.58,C9462806178,83.82,169.97,0,0.03,0
602,TRANSFER,3251.1,C2948728483,3021.68,0.0,M7192742877,0.0,0.0,1,0.9433333333333334,1
568,PAYMENT,3638.47,C8570850267,3824.08,185.61,M3690714075,0.0,0.0,0,0.0,0
476,PAYMENT,1.0,C5606736607,0.0,0.0,M5412437658,0.0,0.0,0,0.0,0
542,TRANSFER,1882.37,C2918260963,1763.07,0.0,M6894024976,0.0,0.0,1,0.6,1
345,TRANSFER,106.15,C7767834064,124.61,18.46,C1553753599,258.18,258.18,1,0.006666666666666667,0
103,TRANSFER,1.0,C1311570307,0.0,0.0,C8809871735,0.0,1.0,0,0.22666666666666666,0
39,TRANSFER,458.42,C6894808149,891.84,433.42,C7763765757,15.74,474.16,0,0.006666666666666667,0
560,CASH_OUT,14.79,C7845366946,318.25,303.46,C6102144947,601.13,601.13,0,0.02666666666666667,0
549,CASH_IN,12141.79,C2721355673,99251.95,111393.74,C2180484299,0.0,0.0,0,0.0,0
395,PAYMENT,156.34,C7525240100,175.93,19.59,M3580582653,0.0,0.0,0,0.0,0
385,CASH_OUT,1863.52,C3363629219,2408.62,545.1,M5325865521,0.0,0.0,1,0.01,0
162,CASH_OUT,3215.62,C1065857791,3853.62,638.0,M7664045502,0.0,0.0,1,0.0,0
604,TRANSFER,1.0,C3304560537,0.87,0.0,C3057629778,375.4,376.4,0,0.10666666666666667,0
14,TRANSFER,613.21,C6097953682,829.21,216.0,C1657675888,3577.89,4191.1,0,0.0,0
240,CASH_OUT,81.62,C1662976399,108.12,26.5,M5067400473,0.0,0.0,1,0.0033333333333333335,0
207,CASH_OUT,409.17,C6929897032,687.0,277.83,C2224363672,0.0,0.0,0,0.01,0
187,PAYMENT,23.36,C4660390742,49.41,26.05,M4665677395,0.0,0.0,0,0.0,0
351,PAYMENT,3.91,C3995732958,12.36,8.45,M7341757401,0.0,0.0,0,0.0,0
380,PAYMENT,327.58,C9954587710,368.28,40.7,M3660800029,0.0,0.0,0,0.0,0
653,PAYMENT,1773.81,C7016293621,2033.28,259.47,M7969674420,0.0,0.0,0,0.0,0
301,TRANSFER,15828.55,C6469318275,19541.63,3713.08,C3597724331,0.0,15828.55,0,0.0,0
137,DEBIT,2.05,C8282534126,3.25,1.2,M5919148165,0.0,0.0,0,0.023333333333333334,0
240,TRANSFER,5085.62,C5748253283,4906.62,0.0,M4456193555,0.0,0.0,1,0.82,1
7,CASH_OUT,1.0,C9103115140,0.0,0.0,C1754368373,1192.19,1192.19,0,0.006666666666666667,0
185,CASH_IN,89113.5,C5367513465,8859.54,97973.04,C6642266247,0.0,0.0,0,0.0,0
442,PAYMENT,8913.06,C9279291478,17270.66,8357.6,M5794335854,0.0,0.0,0,0.0,0
85,CASH_OUT,501.15,C4734111722,705.34,204.19,M3107992942,0.0,0.0,1,0.0033333333333333335,0
545,TRANSFER,2011.91,C6732648420,1874.17,0.0,C8703867299,125.16,2137.07,1,0.31666666666666665,0
85,CASH_OUT,2686.76,C1124331395,3208.74,521.98,C1276905285,145.04,145.04,1,0.0,0
288,CASH_OUT,1.0,C2250949136,0.0,0.0,C4486522557,4452.34,4452.34,0,0.01,0
532,CASH_OUT,2164.64,C4735334423,2512.63,347.99,M8458323087,0.0,0.0,1,0.02666666666666667,0
417,PAYMENT,72.85,C2071552532,233.9,161.05,M8643636805,0.0,0.0,0,0.0,0
67,TRANSFER,584.82,C6887132821,575.08,0.0,M1257854279,0.0,0.0,1,0.2966666666666667,0
481,PAYMENT,152.28,C4907446848,207.5,55.22,M3355504998,0.0,0.0,0,0.0,0
584,CASH_OUT,1.0,C2311597141,0.0,0.0,C4037867512,88.15,88.15,0,0.05333333333333334,0
478,CASH_OUT,1773.84,C9354542654,2312.6,538.76,C6952291828,25570.38,25570.38,1,0.02666666666666667,0
692,CASH_OUT,12663.98,C6928691380,13797.16,1133.18,M6247463262,0.0,0.0,1,0.016666666666666666,0
570,PAYMENT,1.0,C6557907251,0.0,0.0,M5714658227,0.0,0.0,0,0.0,0
206,PAYMENT,755.24,C1026224160,972.01,216.77,M6845287382,0.0,0.0,0,0.0,0
661,TRANSFER,1.0,C4882343658,0.0,0.0,C5135595227,72.86,73.86,0,0.16333333333333333,0
334,PAYMENT,1.0,C7196439534,0.0,0.0,M9021793855,0.0,0.0,0,0.0,0
309,CASH_IN,116084.93,C2617999521,12194.9,128279.83,C7085004726,70.21,70.21,0,0.0,0
622,PAYMENT,1.0,C6642266247,0.0,0.0,M4522855590,0.0,0.0,0,0.0,0
510,DEBIT,1.0,C9546021691,0.0,0.0,M1257854279,0.0,0.0,0,0.043333333333333335,0
310,TRANSFER,208620.39,C4794276323,218234.61,9614.22,M2541015125,0.0,0.0,1,0.2833333333333333,0
94,TRANSFER,25792.67,C1400330495,22889.66,0.0,M9021793855,0.0,0.0,1,0.8333333333333334,1
681,TRANSFER,2562.76,C4130305126,3493.53,930.77,C5268845844,0.0,0.0,1,0.27666666666666667,0
543,PAYMENT,9.43,C8252816758,15.95,6.52,M9065458220,0.0,0.0,0,0.0,0
374,CASH_OUT,25040.56,C5952894290,55573.16,30532.6,C4645120421,139227.1,139227.1,0,0.0,0
5,PAYMENT,1.0,C8417757797,0.2,0.0,M3297681898,0.0,0.0,0,0.0,0
179,PAYMENT,1.0,C3965572185,4001.96,4000.96,M8861351706,0.0,0.0,0,0.0,0
605,CASH_OUT,2372.0,C2188332531,2000.53,0.0,C2513206988,0.0,0.0,1,0.16,0
492,CASH_IN,15419.29,C2274350418,0.0,15419.29,C6745958212,0.0,0.0,0,0.0,0
85,PAYMENT,7931.24,C8487449580,29491.65,21560.41,M1442421654,0.0,0.0,0,0.0,0
279,TRANSFER,421.23,C5911625145,1152.76,731.53,C6732648420,0.0,421.23,0,0.0033333333333333335,0
521,PAYMENT,1618.82,C2017675569,18974.77,17355.95,M2228388623,0.0,0.0,0,0.0,0
196,TRANSFER,2603.66,C8316648259,3365.01,761.35,M4242579642,0.0,0.0,1,0.16,0
655,PAYMENT,661.77,C7499349987,1072.79,411.02,M7713758036,0.0,0.0,0,0.0,0
439,TRANSFER,3462.89,C3710566582,4244.56,781.67,C5686850445,236.75,236.75,1,0.1,0
372,PAYMENT,95.67,C4506639908,360.91,265.24,M3119908041,0.0,0.0,0,0.0,0
312,PAYMENT,54.03,C4473306055,94.99,40.96,M4211837506,0.0,0.0,0,0.0,0
195,TRANSFER,695.97,C2610237679,778.16,82.19,M4242579642,0.0,0.0,1,0.17333333333333334,0
162,CASH_OUT,1365.07,C2646331504,1166.29,0.0,C8372755146,1107.15,1107.15,1,0.016666666666666666,0
265,CASH_OUT,27173.92,C2785736751,30123.02,2949.1,C3880327491,152.34,152.34,1,0.0,0
302,CASH_OUT,13388.17,C2625792787,26721.37,13333.2,C1489726608,10403.19,10403.19,0,0.0,0
270,CASH_OUT,65825.84,C2458198451,91395.43,25569.59,C1614685938,76.17,76.17,1,0.0,0
505,TRANSFER,1.0,C6558450990,0.0,0.0,C6952291828,25570.38,25571.38,0,0.0,0
50,PAYMENT,29.22,C3358880404,37.24,8.02,M5194066484,0.0,0.0,0,0.0,0
25,CASH_OUT,1152.56,C5613655595,1292.23,139.67,M1096405016,0.0,0.0,1,0.006666666666666667,0
309,DEBIT,3.65,C1367704871,4.76,1.11,M4125758723,0.0,0.0,0,0.03666666666666667,0
540,TRANSFER,550.8,C5150074940,580.77,29.97,C4600630513,8.46,8.46,1,0.14666666666666667,0
526,PAYMENT,1.0,C9908115095,3.46,2.46,M2418407139,0.0,0.0,0,0.0,0
217,CASH_OUT,15.47,C8796286443,31.11,15.64,C6619138852,393.99,393.99,0,0.0,0
462,DEBIT,270.23,C2072355594,455.88,185.65,M9581187661,0.0,0.0,0,0.02,0
430,DEBIT,1.41,C2774884818,6.06,4.65,M8667946580,0.0,0.0,0,0.04,0
154,PAYMENT,1784.6,C4097887746,98784.51,96999.91,M6384311581,0.0,0.0,0,0.0,0
263,PAYMENT,1.0,C3280805846,0.0,0.0,M8790289305,0.0,0.0,0,0.0,0
328,DEBIT,11.82,C1230249217,24.88,13.06,M4390543744,0.0,0.0,0,0.023333333333333334,0
665,CASH_OUT,272.36,C9974165440,248.36,0.0,M6275155878,0.0,0.0,1,0.07,0
529,PAYMENT,1.0,C5993571693,0.0,0.0,M2518433834,0.0,0.0,0,0.0,0
238,CASH_OUT,55384.23,C3891796055,72172.32,16788.09,C3655790301,3023.04,3023.04,1,0.0,0
719,TRANSFER,1.0,C8666074487,0.0,0.0,C4039019230,0.0,1.0,0,0.21333333333333335,0
469,PAYMENT,223.56,C2962750929,300.4,76.84,M4689605624,0.0,0.0,0,0.0,0
630,PAYMENT,88.55,C4106464319,167.96,79.41,M4211837506,0.0,0.0,0,0.0,0
132,PAYMENT,750.01,C9354711271,1305.29,555.28,M3107992942,0.0,0.0,0,0.0,0
426,TRANSFER,55624.74,C3271361431,59216.4,3591.66,C8948573913,235.36,55860.1,0,0.0,0
677,TRANSFER,12502.98,C4472312361,26656.31,14153.33,C4102872611,19381.76,31884.74,0,0.0,0
405,PAYMENT,11.67,C1230249217,13.06,1.39,M8102481401,0.0,0.0,0,0.0,0
683,CASH_IN,413.52,C1233079614,153567.28,153980.8,C6937704752,0.0,0.0,0,0.0,0
228,CASH_OUT,248.79,C1261903104,267.83,19.04,C7311011808,4944.43,4944.43,0,0.01,0
324,CASH_OUT,2174.67,C3369305560,3034.81,860.14,M8102481401,0.0,0.0,1,0.006666666666666667,0
13,TRANSFER,4555.9,C3783290795,4600.99,45.09,M9916475897,0.0,0.0,1,0.37,0
293,CASH_OUT,1.0,C2994056084,0.0,0.0,C5638860656,10.57,10.57,0,0.02666666666666667,0
449,TRANSFER,261.11,C8131923452,233.81,0.0,C7529817193,0.0,0.0,1,0.22666666666666666,0
359,DEBIT,386.53,C3259520140,529.89,143.36,M4035639663,0.0,0.0,0,0.02,0
311,TRANSFER,254.22,C5376302686,310.38,56.16,C3127657643,0.0,0.0,1,0.15666666666666668,0
263,PAYMENT,993.24,C5307145891,8877.47,7884.23,M9558906999,0.0,0.0,0,0.0,0
599,TRANSFER,499.27,C2586568081,523.99,24.72,C4282810353,357.64,856.91,1,0.056666666666666664,0
686,DEBIT,1.0,C2893321208,0.0,0.0,M4820942294,0.0,0.0,0,0.05,0
625,CASH_OUT,470.0,C7858937483,554.85,84.85,C8547068234,8.48,8.48,1,0.03333333333333333,0
225,CASH_OUT,859.53,C2075321966,1220.11,360.58,C4508521152,171.14,171.14,0,0.0,0
560,TRANSFER,1449.31,C3780439666,1833.04,383.73,C3528924461,84.55,84.55,1,0.18,0
476,CASH_OUT,3166.06,C2369705770,4405.12,1239.06,M7928143230,0.0,0.0,1,0.03333333333333333,0
621,PAYMENT,1.0,C8709361138,0.0,0.0,M9576264323,0.0,0.0,0,0.0,0
599,PAYMENT,346.98,C2914590233,463.85,116.87,M8030400668,0.0,0.0,0,0.0,0
194,PAYMENT,4542.64,C8796293088,75252.79,70710.15,M5959736235,0.0,0.0,0,0.0,0
178,PAYMENT,36.59,C7915226263,82.97,46.38,M3317856944,0.0,0.0,0,0.0,0
439,TRANSFER,66171.04,C2111272861,115855.38,49684.34,C8823677798,1.0,66172.04,0,0.0033333333333333335,0
128,TRANSFER,1.0,C9544423456,0.0,0.0,C1674755608,1840.29,1841.29,0,0.006666666666666667,0
128,CASH_OUT,1054.57,C1421776124,1482.59,428.02,M9896529524,0.0,0.0,1,0.0,0
257,CASH_OUT,54598.12,C4914929023,50895.15,0.0,C6745958212,0.0,0.0,1,0.013333333333333334,0
62,CASH_OUT,458.04,C6884882440,676.38,218.34,C1276905285,145.04,145.04,0,0.006666666666666667,0
229,PAYMENT,1.0,C5272119095,0.0,0.0,M8728631945,0.0,0.0,0,0.0,0
412,CASH_OUT,2064.28,C2914126243,2409.66,345.38,C6517150278,1100.85,1100.85,1,0.03666666666666667,0
212,PAYMENT,613.43,C8106401208,1111.34,497.91,M6786043791,0.0,0.0,0,0.0,0
273,PAYMENT,905.61,C4131356954,2229.9,1324.29,M1306420495,0.0,0.0,0,0.0,0
224,TRANSFER,4876.59,C9697414638,11062.95,6186.36,C2181241943,0.0,4876.59,0,0.0,0
259,CASH_OUT,1.0,C7488943393,0.0,0.0,C3589530484,42.68,42.68,0,0.01,0
92,TRANSFER,247.46,C3476426797,539.3,291.84,C3420671425,2056.22,2303.68,0,0.0033333333333333335,0
228,PAYMENT,44.0,C2732553940,50.85,6.85,M9398575277,0.0,0.0,0,0.0,0
251,TRANSFER,1.0,C6822870815,0.0,0.0,C3304560537,0.0,1.0,0,0.23333333333333334,0
491,TRANSFER,13684.76,C6265016831,14235.58,550.82,M9444143872,0.0,0.0,1,0.3333333333333333,0
483,TRANSFER,2844.68,C7127904756,3376.93,532.25,C6168291913,3275.06,6119.74,0,0.023333333333333334,0
210,PAYMENT,2.14,C2020262123,18992.05,18989.91,M3156792018,0.0,0.0,0,0.0,0
114,TRANSFER,165.44,C8570850267,185.61,20.17,C2148679234,1.0,166.44,0,0.07,0
549,PAYMENT,1497.28,C5951406973,3472.47,1975.19,M8144889126,0.0,0.0,0,0.0,0
54,TRANSFER,2990.43,C3958590550,3733.13,742.7,M6401844042,0.0,0.0,1,0.19,0
538,PAYMENT,21980.98,C1602569046,38314.19,16333.21,M6790024996,0.0,0.0,0,0.0,0
717,TRANSFER,882.21,C7333316743,1151.97,269.76,M4242579642,0.0,0.0,1,0.15333333333333332,0
531,PAYMENT,4690.2,C5694628398,8322.89,3632.69,M1783432867,0.0,0.0,0,0.0,0
422,PAYMENT,2188.58,C8796293088,70710.15,68521.57,M8643636805,0.0,0.0,0,0.0,0
512,CASH_OUT,316.49,C4682870880,291.61,0.0,C9857430687,915.58,915.58,1,0.06,0
141,TRANSFER,526.44,C9067664957,666.9,140.46,C9403748506,0.0,0.0,1,0.14,0
656,DEBIT,1.0,C2237386857,0.0,0.0,M9590331226,0.0,0.0,0,0.05333333333333334,0
103,PAYMENT,1.0,C3127657643,0.0,0.0,M7340036327,0.0,0.0,0,0.0033333333333333335,0
602,PAYMENT,1.0,C1660370908,0.0,0.0,M1908459040,0.0,0.0,0,0.0,0
517,CASH_OUT,175.83,C2419931729,180.2,4.37,C1682781467,0.0,0.0,1,0.05333333333333334,0
584,CASH_OUT,1.0,C1717346250,0.0,0.0,C9911329062,38303.63,38303.63,0,0.023333333333333334,0
134,TRANSFER,1043.01,C5536224717,994.31,0.0,C3392080953,47.9,47.9,1,0.2,0
211,PAYMENT,3257.86,C4895020135,4057.28,799.42,M8727805468,0.0,0.0,0,0.0,0
523,CASH_OUT,47.62,C9725528903,83.04,35.42,C5891280823,3.91,3.91,0,0.03666666666666667,0
685,PAYMENT,1.0,C6852312425,0.0,0.0,M3508990774,0.0,0.0,0,0.0,0
468,TRANSFER,20959.49,C4719780110,21203.48,243.99,C3313993297,2519.13,2519.13,1,0.04,0
627,TRANSFER,152.78,C3768901084,285.72,132.94,C6585609060,5.03,157.81,0,0.07,0
416,PAYMENT,5.43,C4322510552,14.89,9.46,M8058679999,0.0,0.0,0,0.0,0
468,PAYMENT,1.0,C8048810275,0.0,0.0,M9921025990,0.0,0.0,0,0.0,0
494,CASH_OUT,1.0,C8527715219,0.0,0.0,C1600337712,0.0,0.0,0,0.06,0
313,CASH_OUT,2114.04,C2870403050,1903.8,0.0,C4040409964,0.0,0.0,1,0.10666666666666667,0
354,PAYMENT,1.0,C4256292393,0.0,0.0,M8548290298,0.0,0.0,0,0.0,0
179,DEBIT,203.14,C4956843441,530.85,327.71,M4460319291,0.0,0.0,0,0.013333333333333334,0
459,PAYMENT,14788.69,C5935852056,39720.85,24932.16,M8964269909,0.0,0.0,0,0.0,0
87,CASH_OUT,178.6,C5952163720,222.68,44.08,M3595066420,0.0,0.0,1,0.0,0
286,TRANSFER,1.0,C3734252963,0.0,0.0,C5569145346,64.91,65.91,0,0.11666666666666667,0
198,TRANSFER,1987.74,C4239406957,1660.25,0.0,M1888107487,0.0,0.0,1,0.44666666666666666,0
26,PAYMENT,1.0,C8086684009,0.17,0.0,M2156184315,0.0,0.0,0,0.0,0
419,PAYMENT,71.36,C2770980600,240.74,169.38,M1466305100,0.0,0.0,0,0.0,0
52,PAYMENT,32.68,C3057629778,376.4,343.72,M2555936898,0.0,0.0,0,0.0,0
57,CASH_OUT,637.08,C8417757797,583.26,0.0,C7872873371,4040.9,4040.9,1,0.043333333333333335,0
624,TRANSFER,23.63,C2041349374,26.0,2.37,C2625792787,13333.2,13356.83,0,0.0033333333333333335,0
591,PAYMENT,14.42,C6201313620,22.02,7.6,M5891831621,0.0,0.0,0,0.0,0
83,TRANSFER,2204.17,C9508499533,2206.24,2.07,M8235474949,0.0,0.0,1,0.48,0
464,CASH_OUT,103.31,C4037867512,88.15,0.0,M3297681898,0.0,0.0,1,0.10333333333333333,0
611,TRANSFER,10620.0,C7640122370,14024.99,3404.99,M4641902461,0.0,0.0,1,0.33,0
245,TRANSFER,4257.39,C1383539822,4036.03,0.0,M5087280062,0.0,0.0,1,0.8266666666666667,1
310,PAYMENT,1.0,C9861449701,0.0,0.0,M8874242713,0.0,0.0,0,0.0,0
569,PAYMENT,13.2,C6620138568,27.71,14.51,M3223687972,0.0,0.0,0,0.0,0
575,CASH_OUT,693.97,C2394868732,650.54,0.0,C7460728316,1176.82,1176.82,1,0.10333333333333333,0
410,PAYMENT,1.0,C7832220535,0.0,0.0,M4211837506,0.0,0.0,0,0.0,0
379,CASH_OUT,257.19,C4470591645,272.45,15.26,C1541964762,147486.83,147486.83,0,0.006666666666666667,0
144,TRANSFER,26.07,C5474951950,48.65,22.58,C5789617427,159.79,185.86,0,0.02,0
154,PAYMENT,11.41,C8366884200,13.93,2.52,M1811839103,0.0,0.0,0,0.0,0
631,DEBIT,4.53,C1197449658,4.82,0.29,M9620935604,0.0,0.0,0,0.05333333333333334,0
660,TRANSFER,230.24,C6894808149,433.42,203.18,C3783290795,45.09,275.33,0,0.056666666666666664,0
664,TRANSFER,986.48,C4696689457,1165.92,179.44,M4093474499,0.0,0.0,1,0.16,0
579,TRANSFER,356.89,C4735334423,347.99,0.0,M3660800029,0.0,0.0,1,0.23666666666666666,0
461,PAYMENT,1.0,C2591414076,0.0,0.0,M4665677395,0.0,0.0,0,0.0,0
633,TRANSFER,430.2,C6797174636,1223.23,793.03,C8093179263,1718.69,2148.89,0,0.02666666666666667,0
504,CASH_OUT,352.71,C8926438617,356.95,4.24,C1594312071,0.0,0.0,1,0.05333333333333334,0
220,TRANSFER,2468.2,C9103115140,2177.05,0.0,C3951331472,387.31,387.31,1,0.17666666666666667,0
612,TRANSFER,2413.87,C1717346250,3062.24,648.37,M1199447370,0.0,0.0,1,0.29,0
94,TRANSFER,115.78,C2050340486,214.78,99.0,C6797174636,793.03,908.81,0,0.01,0
538,TRANSFER,1.0,C1225953184,0.0,0.0,C4939447721,0.0,1.0,0,0.22333333333333333,0
620,PAYMENT,5282.2,C4302632494,8242.93,2960.73,M1122712790,0.0,0.0,0,0.0,0
143,CASH_OUT,11.06,C6618926823,932.09,921.03,C4403845222,0.0,0.0,0,0.006666666666666667,0
406,PAYMENT,13527.28,C2247484671,24595.33,11068.05,M6763471833,0.0,0.0,0,0.0,0
668,PAYMENT,1.0,C1572827654,0.0,0.0,M6845287382,0.0,0.0,0,0.0,0
613,TRANSFER,1.0,C1484230338,0.0,0.0,C2646331504,0.0,1.0,0,0.23333333333333334,0
643,TRANSFER,22561.86,C7190276026,24388.8,1826.94,M6999146585,0.0,0.0,1,0.34,0
447,PAYMENT,5558.33,C3791815554,96998.83,91440.5,M2518433834,0.0,0.0,0,0.0,0
423,TRANSFER,797.26,C8117478955,670.4,0.0,C4623960580,4.44,4.44,1,0.21333333333333335,0
182,TRANSFER,669.89,C8115628227,930.29,260.4,C7829772942,0.0,669.89,0,0.0,0
322,PAYMENT,296.08,C6732648420,421.23,125.15,M9918338001,0.0,0.0,0,0.0,0
487,PAYMENT,45.43,C5569145346,65.91,20.48,M6275155878,0.0,0.0,0,0.0,0
234,CASH_OUT,1.0,C9912233947,0.0,0.0,C8001729836,51.02,51.02,0,0.0,0
242,TRANSFER,1271.56,C2349406919,1289.18,17.62,C1392245997,14442.82,14442.82,1,0.0,0
63,TRANSFER,15.31,C1506211965,21.94,6.63,C4012917912,819.01,834.32,0,0.013333333333333334,0
665,TRANSFER,2688.25,C6469318275,3713.08,1024.83,C8291250562,0.0,2688.25,0,0.043333333333333335,0
593,CASH_OUT,1.0,C1553155490,0.0,0.0,C7576309274,164674.58,164674.58,0,0.0,0
505,PAYMENT,1.22,C7296658772,3.59,2.37,M3094407076,0.0,0.0,0,0.0,0
481,TRANSFER,14382.08,C5998623100,19725.31,5343.23,C2458198451,25569.59,39951.67,0,0.0,0
603,CASH_OUT,387.52,C6596578419,328.24,0.0,C2486744752,820.67,820.67,1,0.06666666666666667,0
57,TRANSFER,2938.52,C4178659381,3894.87,956.35,C2953462417,0.0,0.0,1,0.2,0
45,TRANSFER,446.03,C8055515912,586.24,140.21,M3369412470,0.0,0.0,1,0.14666666666666667,0
54,TRANSFER,618.85,C9857430687,915.58,296.73,C8106906538,135041.49,135660.34,0,0.0,0
322,CASH_OUT,252.39,C6110943464,364.84,112.45,C3707166618,378.76,378.76,0,0.01,0
78,CASH_OUT,3786.07,C1005502537,8127.99,4341.92,C1515024824,0.0,0.0,0,0.0,0
321,DEBIT,72.7,C7757700186,134.62,61.92,M3369412470,0.0,0.0,0,0.02,0
325,TRANSFER,302.68,C7420846622,429.63,126.95,C8527715219,0.0,302.68,0,0.016666666666666666,0
594,DEBIT,377.06,C2891100776,1157.5,780.44,M6894024976,0.0,0.0,0,0.03,0
522,TRANSFER,1.0,C8584566722,0.0,0.0,C9863781331,28.29,29.29,0,0.18333333333333332,0
302,TRANSFER,11.52,C6649827836,20.12,8.6,C4345526911,54.4,65.92,0,0.09,0
554,PAYMENT,1064.02,C1099541460,1269.45,205.43,M8144889126,0.0,0.0,0,0.0,0
494,CASH_OUT,1.0,C2918260963,0.0,0.0,C2877279755,564.71,564.71,0,0.06,0
72,TRANSFER,4742.03,C8178927766,4260.37,0.0,M5570190774,0.0,0.0,1,0.81,1
416,PAYMENT,1.0,C1281199333,0.0,0.0,M6282009986,0.0,0.0,0,0.0,0
489,PAYMENT,11.98,C5569145346,20.48,8.5,M2604788242,0.0,0.0,0,0.0,0
284,PAYMENT,75.26,C2071552532,161.05,85.79,M2571632270,0.0,0.0,0,0.0,0
310,PAYMENT,21.56,C7660157097,25.23,3.67,M1676220116,0.0,0.0,0,0.0,0
94,PAYMENT,601.13,C3791815554,91440.5,90839.37,M1711271599,0.0,0.0,0,0.0,0
412,CASH_OUT,16204.71,C7161404428,15283.93,0.0,C5354747485,2888.68,2888.68,1,0.24,0
290,TRANSFER,305.59,C9270323795,1168.37,862.78,C9411532909,200.27,505.86,0,0.0,0
550,TRANSFER,134142.75,C6341783555,133668.15,0.0,M9625656293,0.0,0.0,1,0.9733333333333334,1
25,TRANSFER,1.0,C3389594115,0.0,0.0,C2050340486,99.0,100.0,0,0.07,0
122,PAYMENT,1.0,C7061419749,0.0,0.0,M9558906999,0.0,0.0,0,0.0,0
497,TRANSFER,438.27,C5409514899,1898.77,1460.5,C6099808894,241.67,679.94,0,0.056666666666666664,0
294,PAYMENT,8373.21,C1625217504,18820.3,10447.09,M2303835765,0.0,0.0,0,0.0,0
365,TRANSFER,3046.57,C6358023411,3729.33,682.76,M5564953924,0.0,0.0,1,0.21333333333333335,0
376,PAYMENT,81.82,C6923893872,149.28,67.46,M8102481401,0.0,0.0,0,0.0,0
586,TRANSFER,2650.07,C7660157097,2488.83,0.0,C1569113257,87.01,2737.08,1,0.39,0
24,PAYMENT,19.21,C8663837890,175.67,156.46,M8858274691,0.0,0.0,0,0.0,0
29,PAYMENT,1.0,C2984460654,1.0,0.0,M6101516825,0.0,0.0,0,0.0,0
11,CASH_OUT,1.0,C6959501845,0.0,0.0,C7910439839,178.34,178.34,0,0.0033333333333333335,0
700,TRANSFER,1585.89,C8543865915,2258.04,672.15,M9098037639,0.0,0.0,1,0.2833333333333333,0
77,DEBIT,6.48,C9272277508,10.81,4.33,M2869931869,0.0,0.0,0,0.023333333333333334,0
518,CASH_OUT,30.12,C3799620568,158.78,128.66,C3259520140,143.36,143.36,0,0.02666666666666667,0
524,TRANSFER,3617.55,C7760554363,4998.03,1380.48,M9444143872,0.0,0.0,1,0.31333333333333335,0
657,TRANSFER,1306.72,C8737025391,1852.6,545.88,C4460967357,0.91,0.91,1,0.25666666666666665,0
135,TRANSFER,81.49,C6110943464,112.45,30.96,C5118430494,4608.44,4608.44,1,0.0033333333333333335,0
452,TRANSFER,69.08,C6611356986,162.3,93.22,C5078551333,1.0,70.08,0,0.16,0
580,TRANSFER,3539.25,C8417757797,4467.05,927.8,M5815678365,0.0,0.0,1,0.31666666666666665,0
656,PAYMENT,14.36,C7951902330,24.22,9.86,M6846530109,0.0,0.0,0,0.0,0
435,TRANSFER,4766.22,C8252045593,4677.41,0.0,M8458323087,0.0,0.0,1,0.9033333333333333,1
535,TRANSFER,2151.19,C9303765140,2213.4,62.21,M2228388623,0.0,0.0,1,0.47333333333333333,0
397,TRANSFER,1851.04,C3343292475,11734.95,9883.91,C7539399243,2485.97,4337.01,0,0.0,0
670,PAYMENT,453.02,C7551874474,121915.35,121462.33,M6692705133,0.0,0.0,0,0.0,0
58,CASH_OUT,354.52,C8394198376,447.62,93.1,C2407863065,18.38,18.38,1,0.0,0
289,PAYMENT,564.49,C3128675098,670.52,106.03,M4456193555,0.0,0.0,0,0.0,0
693,CASH_OUT,38.86,C7627266377,46.84,7.98,C3612617557,22.97,22.97,0,0.023333333333333334,0
219,DEBIT,210.22,C4067919621,26656.46,26446.24,M8821456242,0.0,0.0,0,0.006666666666666667,0
316,DEBIT,1.0,C1417436465,0.0,0.0,M4820942294,0.0,0.0,0,0.04,0
255,TRANSFER,1.0,C4039019230,1.0,0.0,C6157617867,0.0,1.0,0,0.23333333333333334,0
155,CASH_OUT,5954.34,C1624173500,24283.25,18328.91,C3532855799,0.0,0.0,0,0.0,0
209,TRANSFER,97.02,C2854772804,475.28,378.26,C6921525436,7179.32,7276.34,0,0.0,0
409,TRANSFER,125.3,C9470922075,162.25,36.95,C1431494396,99.17,99.17,1,0.06666666666666667,0
276,DEBIT,1.0,C2843567009,1.0,0.0,M7678293431,0.0,0.0,0,0.03666666666666667,0
517,CASH_OUT,32634.05,C7135394336,30227.09,0.0,M1732578761,0.0,0.0,1,0.11,0
674,CASH_OUT,1093.82,C9421518487,1469.74,375.92,M8646369354,0.0,0.0,1,0.02666666666666667,0
226,PAYMENT,83.34,C7638836058,120.06,36.72,M1857561275,0.0,0.0,0,0.0,0
36,DEBIT,1.0,C8039917766,0.0,0.0,M6515490818,0.0,0.0,0,0.02666666666666667,0
139,CASH_IN,27685.68,C8180620422,0.0,27685.68,C7685540186,950.45,950.45,0,0.0,0
261,PAYMENT,1.0,C5646880148,0.0,0.0,M6692705133,0.0,0.0,0,0.0,0
59,PAYMENT,44.45,C2389803385,150.16,105.71,M6284297249,0.0,0.0,0,0.0,0
537,TRANSFER,71003.67,C6725038117,84649.67,13646.0,M6606958660,0.0,0.0,1,0.29333333333333333,0
285,TRANSFER,3001.11,C4655730355,3474.34,473.23,M9068916300,0.0,0.0,1,0.22,0
582,TRANSFER,1.0,C4767539382,0.0,0.0,C2267619081,657.36,658.36,0,0.08666666666666667,0
344,PAYMENT,754.23,C3777580509,1790.02,1035.79,M4601406440,0.0,0.0,0,0.0,0
398,CASH_OUT,341.16,C5923940434,425.55,84.39,C6358023411,682.76,682.76,1,0.02,0
476,PAYMENT,1.0,C8816681105,0.0,0.0,M2910594463,0.0,0.0,0,0.0,0
20,PAYMENT,1.0,C8719734235,0.0,0.0,M7717262223,0.0,0.0,0,0.0,0
298,PAYMENT,1.0,C8272725281,0.0,0.0,M7537130187,0.0,0.0,0,0.0,0
577,PAYMENT,1173.04,C6613888489,26011.19,24838.15,M2773408660,0.0,0.0,0,0.0,0
704,PAYMENT,3184.3,C9086117171,72033.54,68849.24,M5869990861,0.0,0.0,0,0.0,0
590,CASH_OUT,718.05,C2283298067,660.89,0.0,M9098037639,0.0,0.0,1,0.13333333333333333,0
254,PAYMENT,156.27,C4956843441,327.71,171.44,M9933702652,0.0,0.0,0,0.0,0
416,CASH_IN,98706.8,C3792347639,0.0,98706.8,C9786748825,5700.23,5700.23,0,0.0,0
602,TRANSFER,52.04,C6242173772,96.36,44.32,C5354747485,2888.68,2940.72,0,0.03666666666666667,0
506,TRANSFER,143.06,C4696689457,179.44,36.38,C2047905204,5423.0,5566.06,0,0.03,0
510,CASH_OUT,10657.76,C4325878813,13167.62,2509.86,C2579206999,471.32,471.32,1,0.0033333333333333335,0
593,TRANSFER,4027.82,C9851745648,3985.71,0.0,C3328710672,5.15,5.15,1,0.8533333333333334,1
50,DEBIT,1.0,C8507497883,0.0,0.0,M9822499208,0.0,0.0,0,0.02666666666666667,0
445,PAYMENT,122.65,C4956843441,171.44,48.79,M7717262223,0.0,0.0,0,0.0,0
77,PAYMENT,1.0,C6923206003,0.0,0.0,M4554178984,0.0,0.0,0,0.0,0
164,TRANSFER,634.44,C8478529823,656.41,21.97,M9625656293,0.0,0.0,1,0.16666666666666666,0
225,CASH_OUT,18067.46,C2612579345,24155.65,6088.19,C8943866829,1463.05,1463.05,0,0.0,0
420,PAYMENT,10.67,C7079234115,21.31,10.64,M9921025990,0.0,0.0,0,0.0,0
148,TRANSFER,334.8,C2891100776,780.44,445.64,C5175416378,661.86,996.66,0,0.0033333333333333335,0
505,PAYMENT,71.64,C8293928340,171.11,99.47,M1122712790,0.0,0.0,0,0.0,0
448,PAYMENT,80.76,C5789617427,185.86,105.1,M6130446648,0.0,0.0,0,0.0,0
327,PAYMENT,348.62,C2064803502,15907.98,15559.36,M6771941776,0.0,0.0,0,0.0,0
522,PAYMENT,1003.44,C8394040015,1106.11,102.67,M8235474949,0.0,0.0,0,0.0,0
207,PAYMENT,586.8,C3511301900,40810.57,40223.77,M5891831621,0.0,0.0,0,0.0,0
509,PAYMENT,457.58,C9270323795,862.78,405.2,M9896529524,0.0,0.0,0,0.0,0
21,PAYMENT,1.0,C7004964045,0.16,0.0,M2916502228,0.0,0.0,0,0.0,0
342,CASH_OUT,1079.99,C9741628563,2387.43,1307.44,C7146318035,87040.01,87040.01,0,0.0,0
5,DEBIT,1.0,C8086684009,0.0,0.0,M6101516825,0.0,0.0,0,0.03333333333333333,0
627,TRANSFER,1.0,C2540492440,0.0,0.0,C8923555411,2203.52,2204.52,0,0.07,0
74,CASH_OUT,16.66,C8761956684,18.68,2.02,C3878201524,0.0,0.0,0,0.0033333333333333335,0
225,PAYMENT,139.55,C2753617371,303.83,164.28,M9020002737,0.0,0.0,0,0.0,0
438,CASH_OUT,128.82,C2094024844,163.59,34.77,M6732306182,0.0,0.0,1,0.05,0
608,TRANSFER,1.0,C2941508568,0.0,0.0,C3088517710,0.0,1.0,0,0.23333333333333334,0
152,TRANSFER,675.96,C4405620755,2492.45,1816.49,C5125568431,9.76,685.72,0,0.006666666666666667,0
122,CASH_OUT,1.0,C3780475472,0.0,0.0,C2009317340,319.22,319.22,0,0.0033333333333333335,0
154,TRANSFER,8393.23,C3597724331,15828.55,7435.32,C5870891270,0.0,8393.23,0,0.0,0
491,TRANSFER,631.13,C2183906581,1945.25,1314.12,C3738900744,226.62,857.75,0,0.05,0
116,CASH_OUT,208.28,C5129478722,189.99,0.0,C5957341287,3.55,3.55,1,0.006666666666666667,0
422,CASH_IN,25257.36,C9924456994,76.83,25334.19,C4956843441,48.79,48.79,0,0.0,0
111,PAYMENT,16.85,C1459442845,59.06,42.21,M6284297249,0.0,0.0,0,0.0,0
178,PAYMENT,1.0,C6691628146,0.0,0.0,M1802753761,0.0,0.0,0,0.0,0
411,TRANSFER,442.43,C8208584394,861.73,419.3,C7638836058,36.72,479.15,0,0.03,0
214,TRANSFER,1523.38,C8370987661,1355.12,0.0,M5564953924,0.0,0.0,1,0.37333333333333335,0
51,TRANSFER,1.0,C2941289685,0.0,0.0,C1563524533,34087.16,34088.16,0,0.0,0
644,TRANSFER,1.0,C5751366455,0.0,0.0,C6642266247,0.0,1.0,0,0.23,0
482,TRANSFER,17.96,C8497938394,21.31,3.35,C2227193073,0.0,17.96,0,0.18,0
176,DEBIT,3.49,C2616884203,5.4,1.91,M7351460539,0.0,0.0,0,0.023333333333333334,0
574,TRANSFER,1881.86,C1772303297,2878.64,996.78,C2064803502,15559.36,17441.22,0,0.013333333333333334,0
694,PAYMENT,1.0,C9912233947,0.0,0.0,M8861351706,0.0,0.0,0,0.0,0
94,CASH_OUT,3711.51,C5272119095,3962.29,250.78,C9908115095,2.46,2.46,1,0.0,0
720,CASH_OUT,610.13,C6910112521,515.62,0.0,M8083396378,0.0,0.0,1,0.14333333333333334,0
205,PAYMENT,21.37,C4014119648,60.97,39.6,M6130446648,0.0,0.0,0,0.0,0
540,CASH_OUT,214.11,C8598503901,386.94,172.83,C7685540186,950.45,950.45,0,0.02666666666666667,0
263,CASH_OUT,580.02,C6509985983,799.03,219.01,M9916475897,0.0,0.0,1,0.006666666666666667,0
387,PAYMENT,151.39,C5272119095,250.78,99.39,M1999913493,0.0,0.0,0,0.0,0
106,PAYMENT,2.02,C5162260671,3.67,1.65,M7282885927,0.0,0.0,0,0.0,0
596,PAYMENT,425.73,C7471636437,1275.34,849.61,M9773795424,0.0,0.0,0,0.0,0
339,CASH_OUT,1763.86,C8703867299,2137.07,373.21,C4635552887,1396.03,1396.03,0,0.0033333333333333335,0
571,TRANSFER,2725.95,C6128695961,3033.86,307.91,C5025070544,8.34,2734.29,1,0.06,0
136,TRANSFER,1.0,C7887950851,1.0,0.0,C9752058817,57486.57,57487.57,0,0.0,0
137,CASH_OUT,834.65,C3343459102,1074.99,240.34,M9558906999,0.0,0.0,1,0.0,0
532,CASH_OUT,2716.52,C1383539822,3209.8,493.28,C4482238042,0.0,0.0,1,0.02666666666666667,0
526,PAYMENT,14.16,C1958682846,34.38,20.22,M5380159400,0.0,0.0,0,0.0,0
169,PAYMENT,2.95,C1799718923,3.17,0.22,M5270048042,0.0,0.0,0,0.0,0
389,PAYMENT,13.44,C5292015249,31.06,17.62,M4390543744,0.0,0.0,0,0.0,0
162,TRANSFER,299.03,C7668801906,657.53,358.5,C3291226621,0.17,299.2,0,0.01,0
709,PAYMENT,461.19,C8160279830,967.99,506.8,M3811254192,0.0,0.0,0,0.0,0
241,TRANSFER,3292.02,C7823288650,2751.72,0.0,C8674224347,1.91,3293.93,1,0.15666666666666668,0
371,PAYMENT,88.49,C9963334018,99.89,11.4,M5067400473,0.0,0.0,0,0.0,0
594,PAYMENT,509.93,C3521300895,1750.1,1240.17,M1783432867,0.0,0.0,0,0.0,0
566,DEBIT,1.0,C8012696455,0.0,0.0,M5000316394,0.0,0.0,0,0.04666666666666667,0
482,PAYMENT,1.0,C6081137534,0.0,0.0,M7969674420,0.0,0.0,0,0.0,0
561,PAYMENT,34.62,C5418232833,55.45,20.83,M4211837506,0.0,0.0,0,0.0,0
41,PAYMENT,1.0,C7292076361,0.0,0.0,M4211837506,0.0,0.0,0,0.0,0
508,CASH_OUT,12689.07,C5570828113,12328.79,0.0,C6645808194,40776.87,40776.87,1,0.10333333333333333,0
410,PAYMENT,1.0,C1600337712,0.0,0.0,M6992094064,0.0,0.0,0,0.0,0
654,CASH_OUT,1.0,C7038841740,0.0,0.0,C9798613995,33.58,33.58,0,0.04666666666666667,0
720,CASH_OUT,3634.68,C2952996248,3956.83,322.15,M1240140248,0.0,0.0,1,0.03666666666666667,0
168,CASH_OUT,8153.73,C2431779064,7905.45,0.0,C9618334441,26.32,26.32,1,0.09333333333333334,0
135,TRANSFER,952.5,C7556078550,825.25,0.0,M7343954769,0.0,0.0,1,0.28,0
269,PAYMENT,7.23,C8695129534,71041.96,71034.73,M7437168216,0.0,0.0,0,0.0,0
533,CASH_OUT,646.78,C9035194895,873.03,226.25,C4022245086,0.0,0.0,0,0.03666666666666667,0
695,PAYMENT,29.84,C2178884276,33.85,4.01,M7678293431,0.0,0.0,0,0.0,0
532,PAYMENT,1598.14,C3047869247,1963.76,365.62,M6732306182,0.0,0.0,0,0.0,0
202,CASH_OUT,152299.47,C7633342225,128905.52,0.0,M5891831621,0.0,0.0,1,0.023333333333333334,0
561,PAYMENT,3368.79,C9392515666,212995.25,209626.46,M7928143230,0.0,0.0,0,0.0,0
430,CASH_OUT,211.56,C7070083150,232.91,21.35,M7861571879,0.0,0.0,1,0.05,0
161,TRANSFER,1.0,C7226553010,0.0,0.0,C6663846005,109526.24,109527.24,0,0.0,0
134,DEBIT,50.7,C1965067727,70.75,20.05,M6199197408,0.0,0.0,0,0.02,0
359,CASH_OUT,8.7,C2317723211,9.87,1.17,C5646751885,9157.22,9157.22,0,0.0,0
88,DEBIT,484.75,C1116402431,784.68,299.93,M5194066484,0.0,0.0,0,0.01,0
33,TRANSFER,8222.33,C2095286033,61906.23,53683.9,C4538382315,0.71,8223.04,0,0.0033333333333333335,0
607,CASH_OUT,23.67,C3424843951,110.05,86.38,C7059591606,350.53,350.53,0,0.03,0
161,TRANSFER,94.88,C9249923427,81.64,0.0,M2571632270,0.0,0.0,1,0.22666666666666666,0
707,CASH_OUT,10489.42,C2173242669,13393.36,2903.94,C1569113257,2737.08,2737.08,1,0.0033333333333333335,0
45,TRANSFER,1016.48,C6554972315,1302.7,286.22,C6098775210,461.48,461.48,1,0.0,0
717,TRANSFER,1.0,C6710338189,0.0,0.0,C1230249217,1.39,2.39,0,0.21333333333333335,0
562,TRANSFER,4391.29,C8953271391,10355.87,5964.58,C3846570058,1.0,4392.29,0,0.03,0
524,PAYMENT,1.0,C6711463258,0.0,0.0,M4908108692,0.0,0.0,0,0.0,0
282,PAYMENT,1.0,C6469458472,1.38,0.38,M9916475897,0.0,0.0,0,0.0,0
557,CASH_OUT,1604.8,C7451071432,2122.55,517.75,C8133593748,0.0,0.0,1,0.02666666666666667,0
315,PAYMENT,4689.79,C5998623100,5343.23,653.44,M1240140248,0.0,0.0,0,0.0,0
247,CASH_IN,137210.48,C7536876169,149865.18,287075.66,C7166868574,44496.7,44496.7,0,0.0,0
630,TRANSFER,1213.0,C7671041685,1512.97,299.97,M4820942294,0.0,0.0,1,0.17666666666666667,0
490,CASH_OUT,413.52,C7670476743,582.09,168.57,M4456193555,0.0,0.0,1,0.03666666666666667,0
267,PAYMENT,3939.7,C2388450337,4954.28,1014.58,M7969674420,0.0,0.0,0,0.0,0
505,CASH_OUT,20.91,C5160575046,29.0,8.09,C1415802902,751.05,751.05,0,0.03666666666666667,0
619,DEBIT,1.0,C2250949136,0.0,0.0,M2586712032,0.0,0.0,0,0.05333333333333334,0
696,PAYMENT,2286.67,C3305069227,5869.97,3583.3,M9444143872,0.0,0.0,0,0.0,0
496,PAYMENT,1.0,C6157617867,1.0,0.0,M6275155878,0.0,0.0,0,0.0,0
381,CASH_OUT,1.0,C8763140509,0.0,0.0,C8598503901,172.83,172.83,0,0.013333333333333334,0
268,CASH_OUT,1522.36,C3412273600,1281.42,0.0,M7453081889,0.0,0.0,1,0.08666666666666667,0
633,PAYMENT,116.21,C3047869247,365.62,249.41,M8778927211,0.0,0.0,0,0.0,0
66,CASH_OUT,1679.59,C8684026200,161389.96,159710.37,C8419590655,0.0,0.0,0,0.0,0
299,PAYMENT,74.41,C3438771483,244.73,170.32,M4601406440,0.0,0.0,0,0.0,0
625,PAYMENT,1.0,C8982597239,0.0,0.0,M1676220116,0.0,0.0,0,0.0,0
582,DEBIT,4194.74,C9433570024,4389.23,194.49,M2328736852,0.0,0.0,0,0.043333333333333335,0
651,TRANSFER,176.42,C3293560436,148.32,0.0,M3534186676,0.0,0.0,1,0.23666666666666666,0
550,PAYMENT,1.0,C7579604766,0.0,0.0,M4908108692,0.0,0.0,0,0.0,0
135,PAYMENT,30.66,C5952163720,44.08,13.42,M2155671697,0.0,0.0,0,0.0,0
320,TRANSFER,1071.81,C7271954644,1338.19,266.38,M3438830691,0.0,0.0,1,0.11,0
504,PAYMENT,5909.62,C4877520294,116985.94,111076.32,M6992094064,0.0,0.0,0,0.0,0
483,CASH_OUT,104425.31,C4627032705,87969.17,0.0,M9933702652,0.0,0.0,1,0.23,0
572,DEBIT,1.0,C6618965944,0.0,0.0,M1240140248,0.0,0.0,0,0.04666666666666667,0
95,PAYMENT,1.0,C6157617867,0.0,0.0,M7341757401,0.0,0.0,0,0.0,0
661,TRANSFER,6284.81,C8134112721,26200.33,19915.52,C7858937483,84.85,6369.66,0,0.006666666666666667,0
407,TRANSFER,1.0,C3258354191,0.0,0.0,C1596471620,8466.84,8467.84,0,0.0,0
635,CASH_OUT,1.0,C7196439534,0.0,0.0,C4472312361,14153.33,14153.33,0,0.013333333333333334,0
278,TRANSFER,1387.86,C5381866906,1842.96,455.1,M6498703287,0.0,0.0,1,0.16,0
507,DEBIT,1652.06,C1654477195,1932.55,280.49,M1811839103,0.0,0.0,0,0.03333333333333333,0
100,PAYMENT,1.0,C5604529187,0.0,0.0,M6865994703,0.0,0.0,0,0.0,0
197,PAYMENT,1.0,C1682781467,0.0,0.0,M8044997538,0.0,0.0,0,0.0,0
583,PAYMENT,29.9,C4473306055,40.96,11.06,M8366710477,0.0,0.0,0,0.0,0
636,CASH_OUT,98522.12,C8106906538,135660.34,37138.22,M1466305100,0.0,0.0,1,0.013333333333333334,0
619,PAYMENT,1.0,C2237386857,0.0,0.0,M1257854279,0.0,0.0,0,0.0,0
458,TRANSFER,218.65,C9504724761,208.83,0.0,C1654477195,280.49,499.14,1,0.09333333333333334,0
107,TRANSFER,4965.35,C5588254555,4634.25,0.0,C6496933442,257.45,257.45,1,0.22,0
23,TRANSFER,1.0,C3362657890,0.0,0.0,C6974875750,103888.45,103889.45,0,0.0,0
207,TRANSFER,70.86,C6859286614,112.28,41.42,C4765583254,271.7,342.56,0,0.006666666666666667,0
78,CASH_OUT,164.16,C6844582171,331.75,167.59,C7648059419,70.4,70.4,0,0.0033333333333333335,0
23,PAYMENT,26.18,C9463197203,28.11,1.93,M8325043570,0.0,0.0,0,0.0,0
634,PAYMENT,11091.59,C4231729466,15832.56,4740.97,M7340036327,0.0,0.0,0,0.0,0
221,PAYMENT,1.0,C6557907251,0.0,0.0,M7514017540,0.0,0.0,0,0.0,0
582,TRANSFER,40949.51,C3163970710,35879.85,0.0,M7341757401,0.0,0.0,1,0.9366666666666666,1
467,TRANSFER,1009.25,C1408988968,1094.68,85.43,M9625656293,0.0,0.0,1,0.22333333333333333,0
288,DEBIT,19.53,C3655790301,3023.04,3003.51,M5891831621,0.0,0.0,0,0.01,0
82,TRANSFER,1.0,C4262396395,0.0,0.0,C2625792787,13356.83,13357.83,0,0.0,0
18,DEBIT,1.01,C8477300991,95.1,94.09,M8790289305,0.0,0.0,0,0.016666666666666666,0
443,CASH_OUT,1.0,C9661615016,0.0,0.0,C9786748825,5700.23,5700.23,0,0.05333333333333334,0
112,TRANSFER,5.31,C7627266377,7.98,2.67,C8339176912,52834.91,52840.22,0,0.0,0
669,CASH_OUT,48.6,C2591589823,24251.04,24202.44,C6168291913,6119.74,6119.74,0,0.0033333333333333335,0
273,TRANSFER,641.31,C7045593274,764.29,122.98,C3815389788,12139.03,12139.03,1,0.0,0
585,PAYMENT,1.0,C8382488970,0.0,0.0,M4035639663,0.0,0.0,0,0.0,0
356,CASH_OUT,671.61,C8075122626,1368.85,697.24,C3316787198,0.0,0.0,0,0.013333333333333334,0
508,CASH_OUT,1672.04,C3392080953,2047.34,375.3,M4460319291,0.0,0.0,1,0.02666666666666667,0
290,PAYMENT,63.48,C6509985983,219.01,155.53,M3605446007,0.0,0.0,0,0.0,0
61,CASH_OUT,167.4,C3362646960,150.54,0.0,C7004964045,0.0,0.0,1,0.013333333333333334,0
221,TRANSFER,1.0,C4712367625,0.0,0.0,C2350701477,120.21,121.21,0,0.06,0
240,CASH_IN,6318.61,C2866092821,25.28,6343.89,C9894264595,28449.8,28449.8,0,0.0,0
523,PAYMENT,1.0,C2953462417,0.0,0.0,M3636366799,0.0,0.0,0,0.0,0
523,PAYMENT,1.0,C7249213370,0.0,0.0,M4306983924,0.0,0.0,0,0.0,0
465,CASH_OUT,17.37,C4274374218,51.62,34.25,C1141312095,0.0,0.0,0,0.043333333333333335,0
700,PAYMENT,1.0,C2620054076,0.0,0.0,M7678293431,0.0,0.0,0,0.0,0
703,CASH_OUT,6904.57,C9376277483,10596.33,3691.76,C2780136605,0.0,0.0,0,0.02,0
32,PAYMENT,75.74,C9919491730,48996.14,48920.4,M4122901114,0.0,0.0,0,0.0,0
448,CASH_OUT,1652.34,C8584566722,1978.04,325.7,C5144289583,0.0,0.0,1,0.06,0
347,DEBIT,122.79,C6837975356,193.27,70.48,M6894024976,0.0,0.0,0,0.02,0
521,CASH_OUT,530.84,C8086527181,1323.3,792.46,C9558091177,13.22,13.22,0,0.03,0
684,TRANSFER,2326.41,C6894699853,3191.6,865.19,C1067198189,67186.1,67186.1,1,0.006666666666666667,0
296,PAYMENT,12.11,C1965067727,20.05,7.94,M7050091525,0.0,0.0,0,0.0,0
592,PAYMENT,894.28,C7894019119,1110.33,216.05,M2228388623,0.0,0.0,0,0.0,0
449,PAYMENT,1538.27,C7625389037,2528.95,990.68,M3322580659,0.0,0.0,0,0.0,0
255,CASH_OUT,293.71,C6142469284,251.64,0.0,M3508990774,0.0,0.0,1,0.04,0
120,TRANSFER,4502.82,C5785481124,4383.1,0.0,M2695447268,0.0,0.0,1,0.7933333333333333,1
480,PAYMENT,41.29,C3436297208,51.64,10.35,M1442421654,0.0,0.0,0,0.0,0
139,TRANSFER,2694.86,C4473306055,2302.9,0.0,M7960713821,0.0,0.0,1,0.76,1
137,PAYMENT,1607.92,C5215140451,5020.22,3412.3,M5412437658,0.0,0.0,0,0.0,0
319,PAYMENT,20771.22,C5333183840,132609.39,111838.17,M6525576685,0.0,0.0,0,0.0,0
144,CASH_OUT,386.12,C3591527330,537.23,151.11,C3377702111,1775.55,1775.55,1,0.01,0
529,PAYMENT,2118.18,C5693307665,3875.34,1757.16,M6606958660,0.0,0.0,0,0.0,0
389,CASH_OUT,31.67,C6289150149,85.73,54.06,C5315211627,0.0,0.0,0,0.016666666666666666,0
98,CASH_OUT,557.41,C4586139213,568.26,10.85,M3636366799,0.0,0.0,1,0.023333333333333334,0
702,DEBIT,1187.96,C9837912162,3435.74,2247.78,M5325865521,0.0,0.0,0,0.02666666666666667,0
682,TRANSFER,775.69,C2079501936,1088.45,312.76,M6384311581,0.0,0.0,1,0.16,0
500,TRANSFER,250503.12,C9370133032,221322.0,0.0,M2129491690,0.0,0.0,1,0.95,1
614,TRANSFER,4.4,C6134840512,12.48,8.08,C2317723211,1.17,5.57,0,0.17333333333333334,0
551,CASH_OUT,219.31,C5281907480,675.03,455.72,C1818520766,2671.43,2671.43,0,0.02,0
425,TRANSFER,950.31,C4880176825,961.67,11.36,M5990749811,0.0,0.0,1,0.21666666666666667,0
331,TRANSFER,1.0,C7135394336,0.0,0.0,C7487012742,178944.93,178945.93,0,0.0,0
158,CASH_IN,20224.79,C7243352390,22.27,20247.06,C7533932947,122.63,122.63,0,0.0,0
518,CASH_OUT,108.06,C3259520140,143.36,35.3,C6837342064,27.27,27.27,0,0.03333333333333333,0
254,CASH_OUT,5380.29,C3115806625,6309.96,929.67,C9780187424,38.74,38.74,1,0.0033333333333333335,0
61,CASH_OUT,44.79,C4907446848,55.22,10.43,C9941564880,1.37,1.37,1,0.0,0
312,PAYMENT,2.71,C2178884276,4.01,1.3,M2418407139,0.0,0.0,0,0.0,0
504,TRANSFER,259.57,C7059591606,350.53,90.96,C7337225482,44727.34,44986.91,0,0.0,0
196,PAYMENT,1842.24,C6012067717,2036.23,193.99,M9977193987,0.0,0.0,0,0.0,0
606,TRANSFER,393.62,C1127978094,334.89,0.0,M3517195150,0.0,0.0,1,0.24,0
42,DEBIT,12641.08,C9597198563,96400.22,83759.14,M4390543744,0.0,0.0,0,0.006666666666666667,0
625,PAYMENT,1021.06,C3107125807,3745.68,2724.62,M1343875431,0.0,0.0,0,0.0,0
521,PAYMENT,1.0,C8763140509,0.0,0.0,M7969674420,0.0,0.0,0,0.0,0
140,CASH_IN,78987.34,C4712367625,0.0,78987.34,C9957643727,2820.14,2820.14,0,0.0,0
530,PAYMENT,2.4,C3358880404,8.02,5.62,M3580582653,0.0,0.0,0,0.0,0
194,CASH_OUT,1.0,C8239941612,0.0,0.0,C1026224160,216.77,216.77,0,0.0,0
581,CASH_IN,86817.25,C6218484323,0.0,86817.25,C2591589823,24202.44,24202.44,0,0.0,0
518,PAYMENT,8360.84,C4353689019,87241.59,78880.75,M7341757401,0.0,0.0,0,0.0,0
711,PAYMENT,418.0,C8168036130,527.56,109.56,M4865979921,0.0,0.0,0,0.0,0
458,CASH_OUT,811.17,C8285000265,790.92,0.0,M1185303518,0.0,0.0,1,0.45,0
154,CASH_OUT,835.24,C7242730249,854.79,19.55,C6464693977,11358.6,11358.6,1,0.0,0
467,PAYMENT,1.0,C2493660313,0.0,0.0,M8910440683,0.0,0.0,0,0.0,0
52,PAYMENT,394.2,C6517150278,1100.85,706.65,M3107992942,0.0,0.0,0,0.0,0
447,TRANSFER,722.5,C2960432117,1491.89,769.39,C4110258855,2.43,724.93,0,0.03666666666666667,0
423,PAYMENT,1.0,C6910112521,0.0,0.0,M8910440683,0.0,0.0,0,0.0,0
261,CASH_OUT,903.01,C9645619869,850.43,0.0,M6744039057,0.0,0.0,1,0.12,0
4,PAYMENT,445.97,C2877279755,564.71,118.74,M5919148165,0.0,0.0,0,0.0,0
135,CASH_IN,294.14,C3651552513,693.98,988.12,C8999963054,27129.16,27129.16,0,0.0,0
558,DEBIT,29.14,C1282103057,165.05,135.91,M1694904767,0.0,0.0,0,0.02666666666666667,0
589,TRANSFER,2008.18,C6720572969,2318.16,309.98,C2836553621,11.38,11.38,1,0.26666666666666666,0
30,TRANSFER,1691.58,C9155819200,1483.34,0.0,C1408988968,85.43,1777.01,1,0.056666666666666664,0
311,PAYMENT,6.76,C6720396142,23.41,16.65,M2625035499,0.0,0.0,0,0.0,0
172,PAYMENT,1.0,C2878930355,0.0,0.0,M8548290298,0.0,0.0,0,0.0,0
265,TRANSFER,197.3,C4062777850,316.95,119.65,C7928074841,9.86,207.16,0,0.043333333333333335,0
495,TRANSFER,31.17,C2268523764,102.87,71.7,C7561728644,150579.56,150610.73,0,0.0033333333333333335,0
148,TRANSFER,949.35,C2369705770,1239.06,289.71,C4655730355,473.23,1422.58,0,0.0,0
254,CASH_OUT,1420.24,C3746317213,1829.57,409.33,M5087280062,0.0,0.0,1,0.0033333333333333335,0
170,CASH_OUT,1933.81,C5870268582,1625.2,0.0,C2071552532,85.79,85.79,1,0.03666666666666667,0
653,PAYMENT,1.0,C5588254555,0.0,0.0,M3355504998,0.0,0.0,0,0.0,0
647,PAYMENT,67.13,C1553753599,258.18,191.05,M8740820392,0.0,0.0,0,0.0,0
671,PAYMENT,60.06,C1664885408,97.3,37.24,M3495411322,0.0,0.0,0,0.0,0
412,PAYMENT,52.81,C5512036684,58.42,5.61,M2586712032,0.0,0.0,0,0.0,0
408,TRANSFER,1914.25,C1293864877,2010.55,96.3,M1732578761,0.0,0.0,1,0.33,0
362,PAYMENT,644.58,C7635473142,24955.2,24310.62,M4390543744,0.0,0.0,0,0.0,0
131,CASH_OUT,1983.89,C5837082260,2550.07,566.18,C6458544482,675.59,675.59,0,0.0,0
101,PAYMENT,8.97,C9454207717,6992.83,6983.86,M5585110649,0.0,0.0,0,0.0,0
275,PAYMENT,24.43,C8669484644,26.25,1.82,M3536590481,0.0,0.0,0,0.0,0
306,PAYMENT,3680.5,C9786748825,5700.23,2019.73,M2518433834,0.0,0.0,0,0.0,0
564,TRANSFER,29.66,C2140169349,39.19,9.53,C3019214800,367.29,396.95,0,0.07,0
672,PAYMENT,336.67,C3400244542,687.2,350.53,M5891831621,0.0,0.0,0,0.0,0
670,CASH_OUT,2489.04,C3396953414,2709.14,220.1,M6282009986,0.0,0.0,1,0.023333333333333334,0
573,TRANSFER,3986.82,C6334440295,9344.02,5357.2,C7573691558,1.75,3988.57,0,0.03666666666666667,0
29,CASH_OUT,10053.23,C1340272119,9539.38,0.0,M2418407139,0.0,0.0,1,0.10333333333333333,0
38,PAYMENT,229.96,C6418365941,330.28,100.32,M7512767226,0.0,0.0,0,0.0,0
379,TRANSFER,125.98,C6097953682,216.0,90.02,C9941564880,1.37,127.35,0,0.09666666666666666,0
706,CASH_OUT,1957.91,C7803990970,2313.59,355.68,M8138332494,0.0,0.0,1,0.02666666666666667,0
397,PAYMENT,659.63,C4558302256,19408.71,18749.08,M5315720088,0.0,0.0,0,0.0,0
66,CASH_OUT,71.64,C3965676060,72.94,1.3,C3780439666,383.73,383.73,1,0.0033333333333333335,0
223,CASH_OUT,1930.56,C9086117171,68849.24,66918.68,C1707196784,26.52,26.52,0,0.0,0
408,PAYMENT,8473.7,C1378134712,127864.24,119390.54,M7453081889,0.0,0.0,0,0.0,0
258,TRANSFER,92.23,C9457665185,139.9,47.67,C5578929439,70233.76,70325.99,0,0.0,0
99,TRANSFER,303.23,C3400244542,350.53,47.3,M9068916300,0.0,0.0,1,0.16333333333333333,0
164,TRANSFER,260.16,C2267619081,658.36,398.2,C9196564761,0.0,260.16,0,0.01,0
308,TRANSFER,499.72,C6171239466,898.39,398.67,C8575707116,48.91,548.63,0,0.0,0
115,TRANSFER,1.0,C7645527239,0.0,0.0,C4277581356,10335.55,10336.55,0,0.0,0
430,TRANSFER,190848.37,C4636537575,166565.41,0.0,M6498703287,0.0,0.0,1,0.9733333333333334,1
265,TRANSFER,4171.62,C2349641712,4278.73,107.11,M4820942294,0.0,0.0,1,0.44333333333333336,0
442,TRANSFER,339.36,C3365835550,613.91,274.55,C3694860228,37075.26,37414.62,0,0.0,0
395,TRANSFER,7.11,C6875597607,237.97,230.86,C7199283151,117558.92,117566.03,0,0.0,0
407,TRANSFER,3436.62,C5510938155,3808.22,371.6,M9288057824,0.0,0.0,1,0.25333333333333335,0
101,CASH_IN,142676.13,C6477862024,68.94,142745.07,C1993998848,0.0,0.0,0,0.0,0
143,CASH_OUT,1.0,C7183058541,0.75,0.0,C6882074066,60.31,60.31,0,0.0,0
433,PAYMENT,13.6,C1446457642,43.27,29.67,M5194066484,0.0,0.0,0,0.0,0
268,CASH_OUT,3730.89,C8624454880,3432.34,0.0,C1459442845,42.21,42.21,1,0.07333333333333333,0
204,PAYMENT,623.86,C5031086659,11514.34,10890.48,M1857561275,0.0,0.0,0,0.0,0
696,CASH_IN,455.82,C6161147047,725.26,1181.08,C1754368373,1192.19,1192.19,0,0.01,0
349,PAYMENT,3.07,C2419931729,4.37,1.3,M6284297249,0.0,0.0,0,0.0,0
104,PAYMENT,1.0,C4022245086,0.0,0.0,M5959736235,0.0,0.0,0,0.0033333333333333335,0
514,CASH_OUT,2500.9,C6461974809,2501.4,0.5,C3377702111,1775.55,1775.55,1,0.12,0
716,CASH_OUT,4133.81,C8666074487,4961.51,827.7,M8044997538,0.0,0.0,1,0.03333333333333333,0
583,PAYMENT,8.57,C3260842187,409.58,401.01,M2129491690,0.0,0.0,0,0.0,0
332,CASH_OUT,953.18,C6719736115,1315.38,362.2,M7717262223,0.0,0.0,1,0.01,0
314,CASH_OUT,602.12,C7508522951,839.48,237.36,C6620138568,14.51,14.51,1,0.01,0
23,CASH_OUT,102.86,C8689593739,1005.69,902.83,C8390631634,28.0,28.0,0,0.006666666666666667,0
121,PAYMENT,5.34,C9202102595,16.41,11.07,M7514017540,0.0,0.0,0,0.0,0
523,PAYMENT,1.24,C9085085822,2.45,1.21,M8058679999,0.0,0.0,0,0.0,0
181,TRANSFER,1.0,C8380507338,0.0,0.0,C3313993297,2519.13,2520.13,0,0.0,0
318,TRANSFER,47758.76,C1248704157,42060.08,0.0,M8964269909,0.0,0.0,1,0.8133333333333334,1
177,CASH_OUT,338.26,C5879617459,474.93,136.67,C6711463258,0.0,0.0,1,0.0,0
396,CASH_OUT,1622.37,C9312085761,2185.09,562.72,C2260326267,258.08,258.08,1,0.01,0
389,PAYMENT,1378.82,C4472312361,14153.33,12774.51,M5315720088,0.0,0.0,0,0.0,0
513,TRANSFER,479.84,C6265016831,550.82,70.98,C3429019820,0.0,479.84,0,0.08,0
25,CASH_OUT,1431.39,C3923823693,1441.03,9.64,C4040409964,0.0,0.0,1,0.01,0
547,TRANSFER,24.81,C1446362270,55.18,30.37,C3887823121,0.0,24.81,0,0.17,0
460,CASH_IN,11033.56,C2075321966,360.58,11394.14,C3878201524,0.0,0.0,0,0.0,0
540,TRANSFER,1942.33,C1785418196,1986.11,43.78,C7846365089,4616.13,4616.13,1,0.06666666666666667,0
274,PAYMENT,1.51,C1045302356,4.6,3.09,M9288057824,0.0,0.0,0,0.0,0
703,TRANSFER,75.84,C3338877621,83.32,7.48,M2773408660,0.0,0.0,1,0.17666666666666667,0
181,CASH_IN,121628.77,C4921003983,3.63,121632.4,C8906163641,0.0,0.0,0,0.0,0
319,TRANSFER,1.0,C3142452709,1.0,0.0,C9715314442,0.0,1.0,0,0.22666666666666666,0
514,PAYMENT,20.18,C3849232839,47.72,27.54,M3223687972,0.0,0.0,0,0.0,0
170,TRANSFER,324.31,C3363629219,545.1,220.79,C9691572571,86.21,410.52,0,0.0033333333333333335,0
594,PAYMENT,5.29,C9909257076,8.33,3.04,M3369412470,0.0,0.0,0,0.0,0
591,DEBIT,410.15,C1817804383,483.67,73.52,M4122901114,0.0,0.0,0,0.03,0
254,CASH_IN,25889.39,C2014766981,0.0,25889.39,C8934927891,0.0,0.0,0,0.0,0
223,TRANSFER,1.0,C7420493866,0.0,0.0,C8178361487,11.79,12.79,0,0.19333333333333333,0
459,CASH_OUT,15.35,C5945359606,28.1,12.75,C7628981661,0.0,0.0,0,0.05,0
237,CASH_OUT,466.76,C1981049082,580.18,113.42,C6300607425,0.0,0.0,0,0.016666666666666666,0
44,PAYMENT,23.64,C8997701619,35.4,11.76,M2541015125,0.0,0.0,0,0.0,0
221,CASH_OUT,417.37,C5033992825,487.55,70.18,M6558769264,0.0,0.0,1,0.013333333333333334,0
398,TRANSFER,432.24,C4633987776,721.68,289.44,C8543865915,672.15,1104.39,0,0.01,0
640,TRANSFER,102756.73,C6496596008,130712.89,27956.16,M8325043570,0.0,0.0,1,0.30333333333333334,0
682,PAYMENT,398.54,C7340498236,441.93,43.39,M1711271599,0.0,0.0,0,0.0,0
662,TRANSFER,1.0,C1091729577,0.0,0.0,C2267619081,398.2,399.2,0,0.09666666666666666,0
694,PAYMENT,7704.5,C4645120421,139227.1,131522.6,M4865979921,0.0,0.0,0,0.0,0
366,TRANSFER,64869.72,C7934137693,71964.62,7094.9,M8861351706,0.0,0.0,1,0.25333333333333335,0
141,PAYMENT,169.17,C7763765757,474.16,304.99,M9288057824,0.0,0.0,0,0.0,0
309,PAYMENT,708.5,C3377702111,1775.55,1067.05,M1458227039,0.0,0.0,0,0.0,0
375,CASH_OUT,1.0,C1361845490,0.0,0.0,C6458544482,675.59,675.59,0,0.02666666666666667,0
71,PAYMENT,1.0,C6963052185,0.0,0.0,M3369412470,0.0,0.0,0,0.0,0
386,CASH_OUT,136256.74,C7561728644,150610.73,14353.99,M7928143230,0.0,0.0,1,0.0,0
344,TRANSFER,1.0,C4882343658,0.0,0.0,C8468071953,0.0,1.0,0,0.22,0
191,TRANSFER,1.0,C9546021691,0.0,0.0,C3057629778,343.72,344.72,0,0.01,0
42,TRANSFER,2054.64,C5763350700,1736.92,0.0,M3476758136,0.0,0.0,1,0.44333333333333336,0
68,CASH_OUT,1356.58,C1569113257,2737.08,1380.5,C9858643842,13792.69,13792.69,0,0.0,0
204,CASH_OUT,2857.6,C8137764127,3629.03,771.43,C6496933442,257.45,257.45,1,0.0033333333333333335,0
601,CASH_OUT,311.34,C7803990970,355.68,44.34,C1033015788,5.77,5.77,0,0.03333333333333333,0
622,CASH_OUT,1.58,C2616884203,1.91,0.33,C3271361431,3591.66,3591.66,0,0.03,0
390,PAYMENT,21.7,C4736031885,35.1,13.4,M5000316394,0.0,0.0,0,0.0,0
323,PAYMENT,3210.75,C7635473142,24310.62,21099.87,M4601406440,0.0,0.0,0,0.0,0
566,PAYMENT,250.86,C5612645121,308.26,57.4,M3705237613,0.0,0.0,0,0.0,0
396,TRANSFER,1.0,C1257324536,0.0,0.0,C6204862411,0.0,1.0,0,0.22,0
406,TRANSFER,6525.84,C6921525436,7276.34,750.5,C4662861038,33.31,6559.15,0,0.01,0
386,PAYMENT,939.14,C8995045543,3717.78,2778.64,M7366396017,0.0,0.0,0,0.0,0
221,PAYMENT,59.42,C2293434554,64.73,5.31,M5087280062,0.0,0.0,0,0.0,0
1,PAYMENT,1185.87,C2405746777,1261.92,76.05,M2418407139,0.0,0.0,0,0.0,0
615,TRANSFER,2060.78,C8734449371,1787.28,0.0,C8168394616,51481.42,51481.42,1,0.05,0
129,PAYMENT,5116.17,C2761091683,15137.54,10021.37,M6659847491,0.0,0.0,0,0.0,0
515,PAYMENT,2506.72,C1005502537,4341.92,1835.2,M7192742877,0.0,0.0,0,0.0,0
295,PAYMENT,1.0,C9945002229,0.0,0.0,M7282885927,0.0,0.0,0,0.0,0
609,CASH_OUT,1.0,C5293274004,0.0,0.0,C5329194647,0.0,0.0,0,0.06333333333333334,0
77,PAYMENT,1.0,C4673457063,0.0,0.0,M5937271321,0.0,0.0,0,0.0,0
50,PAYMENT,248.96,C8160279830,506.8,257.84,M1466305100,0.0,0.0,0,0.0,0
85,PAYMENT,1.0,C4594787485,0.0,0.0,M3469205576,0.0,0.0,0,0.0,0
504,TRANSFER,1.0,C8706093841,0.0,0.0,C7961674558,0.0,1.0,0,0.22333333333333333,0
347,CASH_OUT,268.65,C9248046539,232.77,0.0,C9463197203,1.93,1.93,1,0.056666666666666664,0
13,TRANSFER,507.72,C3479708607,501.2,0.0,M3636366799,0.0,0.0,1,0.25666666666666665,0
633,TRANSFER,16116.72,C1392245997,14442.82,0.0,M2555936898,0.0,0.0,1,0.9533333333333334,1
465,CASH_OUT,5112.8,C2283298067,4489.22,0.0,C2610237679,82.19,82.19,1,0.32666666666666666,0
685,CASH_OUT,1699.62,C8199372599,1695.91,0.0,C6338036681,0.0,0.0,1,0.16333333333333333,0
677,PAYMENT,4626.95,C7022683808,5254.49,627.54,M3566125120,0.0,0.0,0,0.0,0
52,TRANSFER,65439.47,C8948573913,55860.1,0.0,M7050091525,0.0,0.0,1,0.7666666666666667,1
328,PAYMENT,18.41,C6329323383,61.79,43.38,M1908459040,0.0,0.0,0,0.0,0
283,PAYMENT,131.18,C2009317340,319.22,188.04,M2129491690,0.0,0.0,0,0.0,0
228,TRANSFER,4950.62,C5077921573,4562.77,0.0,C8823677798,66172.04,66172.04,1,0.0033333333333333335,0
629,TRANSFER,107.81,C8394198376,93.1,0.0,M9581187661,0.0,0.0,1,0.24333333333333335,0
225,CASH_OUT,1.0,C6715705115,0.0,0.0,C9249923427,0.0,0.0,0,0.013333333333333334,0
519,TRANSFER,1.0,C1484230338,0.0,0.0,C6924716023,5.88,6.88,0,0.19333333333333333,0
475,CASH_OUT,4629.96,C8252045593,4678.5,48.54,C6358023411,682.76,682.76,1,0.09,0
452,PAYMENT,1.0,C9147687657,1.0,0.0,M1692044390,0.0,0.0,0,0.0,0
712,PAYMENT,1.0,C6804850108,0.0,0.0,M9581187661,0.0,0.0,0,0.0,0
487,TRANSFER,1321.09,C5150074940,1186.79,0.0,C3880327491,152.34,152.34,1,0.3233333333333333,0
567,DEBIT,1.0,C8624454880,0.0,0.0,M8667946580,0.0,0.0,0,0.04666666666666667,0
705,TRANSFER,12.02,C2586568081,24.72,12.7,C7092693247,0.0,12.02,0,0.17,0
53,PAYMENT,19.44,C5584288132,37.72,18.28,M3811254192,0.0,0.0,0,0.0,0
689,TRANSFER,2122.26,C2566942273,2418.43,296.17,M2655546199,0.0,0.0,1,0.30666666666666664,0
4,CASH_OUT,779.41,C3837784389,989.68,210.27,M3355504998,0.0,0.0,1,0.02,0
592,CASH_OUT,298.97,C4398953973,269.04,0.0,C2566942273,296.17,296.17,1,0.06333333333333334,0
60,TRANSFER,1550.47,C6307626407,3650.33,2099.86,C1626733282,0.0,1550.47,0,0.01,0
625,TRANSFER,37.53,C1614685938,76.17,38.64,C5694806361,0.0,37.53,0,0.17333333333333334,0
162,PAYMENT,1116.84,C3305069227,3583.3,2466.46,M9098037639,0.0,0.0,0,0.0,0
400,PAYMENT,33.9,C9553561889,49.19,15.29,M8063693463,0.0,0.0,0,0.0,0
329,PAYMENT,282.25,C4419410162,323.53,41.28,M5412437658,0.0,0.0,0,0.0,0
497,PAYMENT,1.0,C2428156550,0.0,0.0,M5937271321,0.0,0.0,0,0.0,0
251,PAYMENT,25.37,C3589530484,42.68,17.31,M5315720088,0.0,0.0,0,0.0,0
140,PAYMENT,24.77,C9856756553,57.74,32.97,M4093474499,0.0,0.0,0,0.0,0
292,CASH_OUT,86778.19,C3667740351,141901.58,55123.39,C7186766399,0.0,0.0,0,0.0,0
517,PAYMENT,1.0,C1422701550,0.0,0.0,M1257854279,0.0,0.0,0,0.0,0
62,CASH_OUT,707.54,C2180484299,792.98,85.44,M2625035499,0.0,0.0,1,0.0033333333333333335,0
655,PAYMENT,1.0,C1940684569,0.0,0.0,M4158643786,0.0,0.0,0,0.0,0
444,TRANSFER,2179.2,C1139082827,2075.35,0.0,M6515490818,0.0,0.0,1,0.7566666666666667,1
109,PAYMENT,1.0,C2311597141,0.0,0.0,M7512767226,0.0,0.0,0,0.0033333333333333335,0
120,PAYMENT,658.85,C2099184899,1308.05,649.2,M2418407139,0.0,0.0,0,0.0,0
455,CASH_IN,69280.08,C8243746556,487.8,69767.88,C4268713302,0.0,0.0,0,0.0,0
352,CASH_OUT,137.78,C7059726570,260.32,122.54,C8650676663,1.18,1.18,0,0.01,0
212,CASH_OUT,2280.57,C9786748825,2019.73,0.0,C1364994639,22514.32,22514.32,1,0.0,0
285,PAYMENT,3.12,C2510308881,3.36,0.24,M3094407076,0.0,0.0,0,0.0,0
716,CASH_OUT,1.0,C1799718923,0.22,0.0,C3758823240,8570.91,8570.91,0,0.03333333333333333,0
486,PAYMENT,77.63,C2050340486,100.0,22.37,M1099218439,0.0,0.0,0,0.0,0
450,PAYMENT,175.01,C7872873371,4040.9,3865.89,M2303835765,0.0,0.0,0,0.0,0
315,PAYMENT,1.0,C3258354191,0.0,0.0,M1099218439,0.0,0.0,0,0.0,0
199,CASH_OUT,12638.83,C5310195918,17753.26,5114.43,M2243802345,0.0,0.0,1,0.0,0
302,TRANSFER,1.0,C8133593748,0.0,0.0,C3713284816,0.0,1.0,0,0.22666666666666666,0
117,TRANSFER,1995.01,C6009268066,2325.45,330.44,C9697354961,0.0,1995.01,1,0.02,0
679,CASH_IN,37806.04,C5212581851,0.83,37806.87,C1083651970,584.42,584.42,0,0.0,0
379,TRANSFER,162.38,C2079501936,312.76,150.38,C5333183840,111838.17,112000.55,0,0.0,0
664,CASH_IN,16040.7,C1242425303,0.0,16040.7,C2379592595,2.36,2.36,0,0.0,0
337,CASH_OUT,13.25,C6562434335,29.39,16.14,C6557907251,0.0,0.0,0,0.01,0
667,PAYMENT,1.0,C6121801720,77706.37,77705.37,M1732578761,0.0,0.0,0,0.0,0
208,PAYMENT,75.4,C2602884797,80.19,4.79,M5156392601,0.0,0.0,0,0.0,0
254,TRANSFER,17777.9,C4602080228,22711.24,4933.34,M4306983924,0.0,0.0,1,0.2633333333333333,0
669,PAYMENT,2.14,C9922723063,5.27,3.13,M9020002737,0.0,0.0,0,0.0,0
546,PAYMENT,1.0,C7462972995,0.0,0.0,M9026301048,0.0,0.0,0,0.0,0
346,CASH_IN,25952.45,C6955593943,43.2,25995.65,C2635231601,3198.38,3198.38,0,0.0,0
212,CASH_OUT,2.58,C4630196130,19.65,17.07,C8612747444,0.0,0.0,0,0.0,0
465,PAYMENT,1.0,C4997866845,0.0,0.0,M4588312351,0.0,0.0,0,0.0,0
426,PAYMENT,70.95,C9138644862,138.7,67.75,M8044997538,0.0,0.0,0,0.0,0
114,PAYMENT,1.0,C9807209816,1.0,0.0,M5194066484,0.0,0.0,0,0.0,0
175,DEBIT,4.7,C2242377075,5.48,0.78,M9576264323,0.0,0.0,0,0.02666666666666667,0
359,PAYMENT,403.34,C4172006012,634.31,230.97,M6313472215,0.0,0.0,0,0.0,0
606,PAYMENT,1.0,C2079770569,0.0,0.0,M3223687972,0.0,0.0,0,0.0,0
304,TRANSFER,795.22,C6358023411,682.76,0.0,C7640122370,3404.99,3404.99,1,0.0,0
449,PAYMENT,1.0,C5077921573,0.0,0.0,M3369412470,0.0,0.0,0,0.0,0
602,CASH_OUT,5142.95,C4907446848,4685.73,0.0,C8684942020,20.15,20.15,1,0.19666666666666666,0
432,PAYMENT,1114.11,C1870644102,1297.01,182.9,M1783432867,0.0,0.0,0,0.0,0
331,TRANSFER,207.31,C5729866281,478.3,270.99,C7671041685,299.97,507.28,0,0.0033333333333333335,0
557,CASH_OUT,82.8,C5421051452,9070.72,8987.92,C3653594796,7767.96,7767.96,0,0.0,0
63,CASH_IN,7392.4,C6805759868,0.0,7392.4,C6115750294,3481.6,3481.6,0,0.0,0
491,PAYMENT,1.0,C8719734235,0.0,0.0,M6866146362,0.0,0.0,0,0.0,0
627,PAYMENT,78.35,C1026224160,216.77,138.42,M4865979921,0.0,0.0,0,0.0,0
433,PAYMENT,1.47,C6353758928,5.5,4.03,M3208200227,0.0,0.0,0,0.0,0
104,CASH_OUT,5213.08,C4509456565,4871.52,0.0,M1802753761,0.0,0.0,1,0.04,0
699,PAYMENT,1.0,C7832220535,0.0,0.0,M3019265031,0.0,0.0,0,0.0,0
543,TRANSFER,39698.5,C8675071314,109819.37,70120.87,C1209063208,88.55,39787.05,0,0.0,0
400,TRANSFER,40.71,C8168036130,109.56,68.85,C6288227800,761.51,802.22,0,0.013333333333333334,0
616,CASH_OUT,68369.24,C5704029171,65690.0,0.0,M7366396017,0.0,0.0,1,0.29333333333333333,0
286,CASH_OUT,1.0,C4882343658,0.0,0.0,C8532327465,2123.51,2123.51,0,0.01,0
165,TRANSFER,569.32,C3738900744,857.75,288.43,C6633778586,65490.36,66059.68,0,0.0,0
475,PAYMENT,4588.56,C5254923696,46672.51,42083.95,M3438830691,0.0,0.0,0,0.0,0
205,PAYMENT,5.78,C3815235019,8.19,2.41,M9620935604,0.0,0.0,0,0.0,0
197,CASH_OUT,4836.54,C2947476917,4785.3,0.0,M7168105904,0.0,0.0,1,0.04666666666666667,0
578,PAYMENT,691.12,C3511301900,40223.77,39532.65,M1096405016,0.0,0.0,0,0.0,0
423,PAYMENT,1.0,C2777816561,0.0,0.0,M2625035499,0.0,0.0,0,0.0,0
608,TRANSFER,2354.04,C3482206102,2725.13,371.09,M3965860354,0.0,0.0,1,0.30333333333333334,0
475,CASH_OUT,83.65,C1644608746,71.39,0.0,M6200141898,0.0,0.0,1,0.10333333333333333,0
175,TRANSFER,5332.58,C3206955437,4819.41,0.0,M9065458220,0.0,0.0,1,0.7733333333333333,1
561,TRANSFER,24232.58,C6661014794,101520.67,77288.09,C3734252963,0.0,24232.58,0,0.0033333333333333335,0
708,PAYMENT,54.79,C9343730920,116.87,62.08,M8083396378,0.0,0.0,0,0.0033333333333333335,0
299,CASH_OUT,2113.79,C7751356568,3727.77,1613.98,C7808938880,160.77,160.77,0,0.006666666666666667,0
63,TRANSFER,1.0,C1572827654,0.0,0.0,C9523104008,0.0,1.0,0,0.23333333333333334,0
560,PAYMENT,4.51,C3360791536,11.12,6.61,M9021793855,0.0,0.0,0,0.0,0
81,TRANSFER,3879.19,C2843567009,3704.26,0.0,M4125758723,0.0,0.0,1,0.82,1
247,DEBIT,1149.04,C4635552887,1396.03,246.99,M8144889126,0.0,0.0,0,0.01,0
409,PAYMENT,1.0,C2304963614,0.0,0.0,M1083302600,0.0,0.0,0,0.0,0
570,CASH_OUT,3233.51,C6334440295,5357.2,2123.69,C9730449971,11.69,11.69,0,0.016666666666666666,0
263,TRANSFER,37.88,C5336127859,56.87,18.99,C7299420031,0.0,37.88,0,0.15666666666666668,0
627,CASH_OUT,1.0,C3362657890,0.0,0.0,C7374810067,170.66,170.66,0,0.05,0
73,CASH_OUT,108.12,C2079501936,150.38,42.26,M6744039057,0.0,0.0,1,0.0033333333333333335,0
271,PAYMENT,258.75,C3019214800,396.95,138.2,M1357561213,0.0,0.0,0,0.0,0
128,PAYMENT,2410.01,C6995554056,3444.96,1034.95,M3831598303,0.0,0.0,0,0.0,0
244,CASH_OUT,231.7,C8115628227,260.4,28.7,C8934097788,15791.13,15791.13,1,0.01,0
654,TRANSFER,1.0,C9958044697,0.0,0.0,C4647891535,463.0,464.0,0,0.1,0
73,PAYMENT,1.0,C9369574998,0.0,0.0,M2243802345,0.0,0.0,0,0.0,0
330,CASH_OUT,100.55,C1952396600,210.62,110.07,C4526242854,45.66,45.66,0,0.0,0
217,TRANSFER,198.48,C9903351330,232.87,34.39,M6744039057,0.0,0.0,1,0.16,0
145,PAYMENT,1.0,C7910817577,0.0,0.0,M7861571879,0.0,0.0,0,0.0,0
556,CASH_OUT,112.09,C4471642620,108.2,0.0,C7374584386,20974.62,20974.62,1,0.02666666666666667,0
372,PAYMENT,173.54,C5510938155,371.6,198.06,M5794335854,0.0,0.0,0,0.0,0
82,CASH_IN,37756.52,C8160279830,257.84,38014.36,C2400094541,302.5,302.5,0,0.0,0
417,TRANSFER,2551.8,C5933179746,35717.08,33165.28,C3971203213,1.3,2553.1,0,0.006666666666666667,0
389,PAYMENT,380.69,C5175416378,996.66,615.97,M5000316394,0.0,0.0,0,0.0,0
659,PAYMENT,28.22,C4681264539,62.77,34.55,M6275155878,0.0,0.0,0,0.0,0
256,DEBIT,1.0,C6745958212,0.0,0.0,M1888107487,0.0,0.0,0,0.03666666666666667,0
25,TRANSFER,6.73,C2586568081,12.7,5.97,C3645901955,137.15,143.88,0,0.023333333333333334,0
384,PAYMENT,121.22,C1870644102,182.9,61.68,M1783432867,0.0,0.0,0,0.0,0
531,PAYMENT,19.15,C7784217828,13796.33,13777.18,M5869990861,0.0,0.0,0,0.0,0
116,CASH_IN,33.53,C5130589741,114985.8,115019.33,C8339176912,52840.22,52840.22,0,0.0,0
460,TRANSFER,1.0,C7420493866,0.0,0.0,C6178804925,3932.51,3933.51,0,0.05,0
317,PAYMENT,5.01,C2140169349,9.53,4.52,M2571632270,0.0,0.0,0,0.0,0
546,CASH_OUT,50.03,C5407856339,59.68,9.65,C6910112521,0.0,0.0,0,0.03666666666666667,0
87,TRANSFER,131.07,C3117951204,142.28,11.21,M2418407139,0.0,0.0,1,0.16666666666666666,0
425,CASH_OUT,1.0,C4864126433,0.0,0.0,C7598745558,36625.58,36625.58,0,0.04,0
162,PAYMENT,1.0,C8795212264,0.0,0.0,M1199447370,0.0,0.0,0,0.0,0
182,TRANSFER,1679.57,C5694190173,1439.4,0.0,C8287542751,1276.25,1276.25,1,0.04666666666666667,0
106,PAYMENT,1.0,C2653032484,0.0,0.0,M7537130187,0.0,0.0,0,0.0033333333333333335,0
360,CASH_OUT,1006.45,C7292076361,1083.59,77.14,C2612579345,6088.19,6088.19,1,0.0,0
599,PAYMENT,1.0,C5673482258,0.0,0.0,M7960713821,0.0,0.0,0,0.0,0
603,CASH_OUT,1096.52,C1644608746,1283.91,187.39,M2328736852,0.0,0.0,1,0.02666666666666667,0
113,CASH_OUT,9145.47,C8134112721,19915.52,10770.05,C3190227431,57.75,57.75,0,0.0,0
63,CASH_OUT,717.02,C2158638062,617.96,0.0,M5815678365,0.0,0.0,1,0.08666666666666667,0
557,PAYMENT,1.0,C4308701294,1.8,0.8,M5325865521,0.0,0.0,0,0.0,0
68,PAYMENT,15146.25,C7417183769,26491.53,11345.28,M3297681898,0.0,0.0,0,0.0,0
238,PAYMENT,1.0,C1862812038,0.0,0.0,M4908108692,0.0,0.0,0,0.0,0
619,CASH_OUT,521.61,C9411532909,505.86,0.0,M3517195150,0.0,0.0,1,0.13333333333333333,0
554,TRANSFER,2822.64,C4631048029,3345.36,522.72,C5693307665,1757.16,1757.16,1,0.043333333333333335,0
271,PAYMENT,61.85,C9019515562,447.53,385.68,M8858274691,0.0,0.0,0,0.0,0
502,CASH_OUT,1932.38,C6307626407,2099.86,167.48,C7760554363,1380.48,1380.48,0,0.016666666666666666,0
208,PAYMENT,11429.17,C2525930586,26911.03,15481.86,M6558769264,0.0,0.0,0,0.0,0
702,TRANSFER,3493.55,C7660813178,4331.62,838.07,M7750131975,0.0,0.0,1,0.30333333333333334,0
509,CASH_IN,3677.0,C5306459450,255.61,3932.61,C1104906255,146.46,146.46,0,0.0,0
176,PAYMENT,52.72,C9218363978,97.35,44.63,M9590331226,0.0,0.0,0,0.0,0
429,TRANSFER,80.05,C2331039957,172.94,92.89,C5879617459,136.67,216.72,0,0.05333333333333334,0
228,PAYMENT,53.4,C9989642546,150.3,96.9,M3517195150,0.0,0.0,0,0.0,0
336,TRANSFER,12328.87,C1625217504,10447.09,0.0,C4022360089,12737.08,12737.08,1,0.01,0
651,CASH_OUT,38.15,C6415031531,93.53,55.38,C8093179263,2148.89,2148.89,0,0.02,0
299,PAYMENT,1.0,C2963288053,0.0,0.0,M4865979921,0.0,0.0,0,0.0,0
391,CASH_OUT,30.22,C6923893872,67.46,37.24,C5184564874,100.28,100.28,0,0.01,0
220,TRANSFER,1451.95,C8208643631,1261.29,0.0,M2778069478,0.0,0.0,1,0.37333333333333335,0
10,CASH_IN,23719.41,C1870644102,61.68,23781.09,C9032096058,113512.61,113512.61,0,0.0,0
266,CASH_IN,107235.05,C3297096148,2228.34,109463.39,C2388450337,1014.58,1014.58,0,0.0,0
204,PAYMENT,1.0,C3196545325,0.0,0.0,M9523139706,0.0,0.0,0,0.0,0
305,TRANSFER,357.84,C6756711494,342.21,0.0,C4641561499,203.43,203.43,1,0.05,0
669,PAYMENT,5.77,C1965067727,7.94,2.17,M1711271599,0.0,0.0,0,0.0,0
656,PAYMENT,1.0,C9546021691,0.0,0.0,M3208200227,0.0,0.0,0,0.0,0
255,PAYMENT,7.35,C1471997674,12.51,5.16,M3322580659,0.0,0.0,0,0.0,0
177,PAYMENT,51.27,C2349641712,107.11,55.84,M1504729135,0.0,0.0,0,0.0,0
228,TRANSFER,5371.17,C4956362540,4604.28,0.0,M1694904767,0.0,0.0,1,0.81,1
435,PAYMENT,1.66,C3739951076,5.34,3.68,M8102481401,0.0,0.0,0,0.0,0
451,TRANSFER,238.6,C5714169271,296.38,57.78,C4274958945,19.14,257.74,0,0.06,0
466,CASH_OUT,1.0,C1127978094,0.0,0.0,C6554972315,286.22,286.22,0,0.08,0
54,PAYMENT,1.0,C9544423456,0.0,0.0,M8138332494,0.0,0.0,0,0.0,0
426,CASH_OUT,7.19,C3465740756,10.51,3.32,C9981364488,22.82,22.82,0,0.056666666666666664,0
24,CASH_OUT,89.55,C7575259637,70121.17,70031.62,C6952554500,0.0,0.0,0,0.0,0
394,TRANSFER,2709.19,C7710396573,2943.37,234.18,C6313758032,65.74,65.74,1,0.10333333333333333,0
180,PAYMENT,1.0,C1392245997,0.0,0.0,M8044997538,0.0,0.0,0,0.0,0
377,CASH_OUT,93.18,C9433570024,194.49,101.31,C6069848439,12571.01,12571.01,0,0.0033333333333333335,0
18,TRANSFER,805.07,C3869963931,783.97,0.0,C3098948446,5033.56,5838.63,1,0.0,0
57,PAYMENT,18.24,C6110943464,30.96,12.72,M5087280062,0.0,0.0,0,0.0,0
588,CASH_OUT,16.43,C2351531223,67.92,51.49,C9711080868,95.02,95.02,0,0.03333333333333333,0
302,TRANSFER,7370.51,C4668931881,9086.13,1715.62,C4566852761,1.35,7371.86,1,0.0,0
581,CASH_OUT,133.97,C2400094541,302.5,168.53,C8497938394,3.35,3.35,0,0.03,0
123,PAYMENT,1.0,C6691628146,0.0,0.0,M9916475897,0.0,0.0,0,0.0,0
92,CASH_OUT,81913.89,C6661014794,77288.09,0.0,C5729866281,270.99,270.99,1,0.043333333333333335,0
134,CASH_OUT,868.04,C6287793163,1107.72,239.68,M6651754819,0.0,0.0,1,0.0,0
321,CASH_OUT,3441.62,C2802141793,4482.89,1041.27,C9986353481,0.0,0.0,1,0.006666666666666667,0
106,CASH_OUT,12143.58,C5212581851,37806.87,25663.29,C7374810067,170.66,170.66,0,0.0,0
253,PAYMENT,529.57,C3744446292,51750.34,51220.77,M2418407139,0.0,0.0,0,0.0,0
77,CASH_OUT,473.13,C1659663750,399.8,0.0,M8740820392,0.0,0.0,1,0.03666666666666667,0
472,CASH_OUT,1.0,C1885113834,0.0,0.0,C6618926823,921.03,921.03,0,0.08666666666666667,0
225,PAYMENT,97.04,C1026224160,138.42,41.38,M6515490818,0.0,0.0,0,0.0,0
78,TRANSFER,1.0,C6691628146,0.0,0.0,C9677466102,1776.45,1777.45,0,0.01,0
145,PAYMENT,24.57,C7757700186,61.92,37.35,M6771941776,0.0,0.0,0,0.0,0
114,CASH_OUT,2890.45,C4311931853,3004.55,114.1,C7824150224,8.99,8.99,1,0.0033333333333333335,0
281,CASH_OUT,1.0,C8274219704,0.0,0.0,C6879428703,4225.66,4225.66,0,0.006666666666666667,0
679,CASH_OUT,579.23,C4282810353,856.91,277.68,C4586784711,22940.84,22940.84,0,0.006666666666666667,0
44,PAYMENT,155.84,C5667503195,433.36,277.52,M9576264323,0.0,0.0,0,0.0,0
337,TRANSFER,550.3,C3147818256,541.73,0.0,M1199447370,0.0,0.0,1,0.29,0
169,CASH_OUT,65819.36,C8880079328,78619.87,12800.51,M4035639663,0.0,0.0,1,0.0,0
91,PAYMENT,345.86,C9691572571,410.52,64.66,M9398575277,0.0,0.0,0,0.0,0
180,CASH_OUT,2092.77,C2079501936,2653.66,560.89,C9115282784,3744.73,3744.73,1,0.0,0
38,PAYMENT,695.96,C3149533961,6738.21,6042.25,M3566125120,0.0,0.0,0,0.0,0
367,PAYMENT,1.0,C8507497883,0.0,0.0,M9021793855,0.0,0.0,0,0.0,0
590,CASH_OUT,1211.6,C2268006448,1066.99,0.0,M2418407139,0.0,0.0,1,0.19333333333333333,0
341,TRANSFER,2022.57,C9279291478,8357.6,6335.03,C2173242669,2903.94,4926.51,0,0.0,0
558,DEBIT,175.71,C4631048029,522.72,347.01,M6992094064,0.0,0.0,0,0.023333333333333334,0
669,CASH_OUT,4541.02,C4037867512,3913.35,0.0,M4601406440,0.0,0.0,1,0.24333333333333335,0
254,DEBIT,1.0,C8039917766,0.0,0.0,M9896529524,0.0,0.0,0,0.03666666666666667,0
90,CASH_OUT,1.0,C2620054076,0.0,0.0,C5375461598,9.77,9.77,0,0.006666666666666667,0
666,PAYMENT,41.86,C3645901955,143.88,102.02,M6692705133,0.0,0.0,0,0.0,0
485,CASH_OUT,1847.81,C1036351450,2232.62,384.81,C5870268582,0.0,0.0,1,0.03,0
413,TRANSFER,53.16,C5269728610,97.86,44.7,C7670476743,168.57,221.73,0,0.05,0
57,CASH_OUT,6.23,C1121863227,7.12,0.89,C4012917912,834.32,834.32,0,0.01,0
396,CASH_OUT,2700.87,C9786748825,2282.94,0.0,C6719736115,362.2,362.2,1,0.11,0
696,PAYMENT,7.71,C4658080160,19.21,11.5,M3536590481,0.0,0.0,0,0.0,0
184,PAYMENT,1.0,C2493660313,0.0,0.0,M5937271321,0.0,0.0,0,0.0,0
653,PAYMENT,9.59,C4226113732,39.8,30.21,M2156184315,0.0,0.0,0,0.0,0
119,PAYMENT,1.0,C8906163641,0.0,0.0,M6045729129,0.0,0.0,0,0.0,0
182,TRANSFER,5272.59,C5536224717,4476.01,0.0,C4564751926,3717.9,8990.49,1,0.01,0
222,PAYMENT,1.0,C6065662867,0.0,0.0,M1096405016,0.0,0.0,0,0.0,0
614,PAYMENT,1.0,C9467483275,0.0,0.0,M2243802345,0.0,0.0,0,0.0,0
379,TRANSFER,3000.68,C7183058541,3626.52,625.84,M7664045502,0.0,0.0,1,0.21333333333333335,0
194,TRANSFER,333996.72,C6892752604,314984.44,0.0,M6865994703,0.0,0.0,1,0.9133333333333333,1
302,TRANSFER,34.73,C4163119785,52.26,17.53,C1594312071,0.0,34.73,0,0.15666666666666668,0
117,PAYMENT,5397.84,C5358791907,83926.9,78529.06,M7764117705,0.0,0.0,0,0.0,0
706,PAYMENT,26.18,C6515369278,29.97,3.79,M6101516825,0.0,0.0,0,0.0,0
585,CASH_OUT,19063.44,C1730074215,17118.97,0.0,C8275679594,7261.76,7261.76,1,0.18,0
75,CASH_OUT,386.65,C8987073217,507.7,121.05,M2773408660,0.0,0.0,1,0.0033333333333333335,0
676,CASH_OUT,1.0,C9081544414,0.0,0.0,C3975418439,139.59,139.59,0,0.04666666666666667,0
676,TRANSFER,1893.65,C5899025962,1773.63,0.0,M6583604299,0.0,0.0,1,0.5933333333333334,1
202,PAYMENT,59.02,C3880327491,152.34,93.32,M1711271599,0.0,0.0,0,0.0,0
469,TRANSFER,1168.78,C7567496105,1632.77,463.99,M1811839103,0.0,0.0,1,0.17666666666666667,0
634,TRANSFER,15583.77,C3553440342,39276.44,23692.67,C7038841740,0.0,15583.77,0,0.0033333333333333335,0
557,PAYMENT,2179.16,C5871743247,3909.71,1730.55,M3322580659,0.0,0.0,0,0.0,0
190,CASH_OUT,2918.45,C5354747485,2940.72,22.27,C6704841644,1.28,1.28,1,0.0,0
198,CASH_OUT,9.5,C5474951950,22.58,13.08,C3075362821,0.0,0.0,0,0.0,0
401,TRANSFER,105.47,C6418365941,100.32,0.0,M2155671697,0.0,0.0,1,0.23,0
338,PAYMENT,1.0,C6557907251,0.0,0.0,M2885370603,0.0,0.0,0,0.0,0
193,CASH_OUT,2282.33,C6369130994,9547.36,7265.03,C4550353803,151.8,151.8,0,0.0,0
218,TRANSFER,1138.65,C2825957977,1453.89,315.24,M2243802345,0.0,0.0,1,0.11,0
451,PAYMENT,221.22,C2914126243,345.38,124.16,M7948094928,0.0,0.0,0,0.0,0
85,TRANSFER,146.67,C3438771483,170.32,23.65,C9312085761,562.72,709.39,0,0.01,0
62,TRANSFER,1271.97,C5187948804,1174.83,0.0,C8995970241,0.0,1271.97,1,0.09,0
208,PAYMENT,21.42,C7596745715,32.89,11.47,M6045729129,0.0,0.0,0,0.0,0
436,CASH_IN,4376.52,C8763140509,0.0,4376.52,C4600630513,8.46,8.46,0,0.0,0
102,PAYMENT,237.33,C7154795660,1037.5,800.17,M9404002665,0.0,0.0,0,0.0,0
392,TRANSFER,4.14,C9202102595,11.07,6.93,C6587537178,0.63,4.77,0,0.15666666666666668,0
202,PAYMENT,124.39,C7603978731,197.24,72.85,M9576264323,0.0,0.0,0,0.0,0
35,CASH_IN,54578.8,C4847761430,126.7,54705.5,C5694848867,14362.5,14362.5,0,0.0,0
327,TRANSFER,74616.99,C7799567490,68549.19,0.0,M6786043791,0.0,0.0,1,0.81,1
8,PAYMENT,14.92,C3074232200,18.97,4.05,M8389750357,0.0,0.0,0,0.0,0
282,CASH_OUT,642.14,C1257324536,867.94,225.8,C9945002229,0.0,0.0,1,0.013333333333333334,0
254,PAYMENT,243.0,C6009268066,330.44,87.44,M5000316394,0.0,0.0,0,0.0,0
694,PAYMENT,1188.33,C4034047118,3604.32,2415.99,M8063693463,0.0,0.0,0,0.0,0
641,CASH_OUT,1294.04,C2304963614,1234.36,0.0,C5310195918,5114.43,5114.43,1,0.09,0
9,CASH_OUT,372.77,C4067213499,450.12,77.35,C6089026099,0.0,0.0,0,0.0033333333333333335,0
178,TRANSFER,27297.29,C2111272861,49684.34,22387.05,C7488943393,0.0,27297.29,0,0.0,0
647,CASH_OUT,1.0,C7529817193,0.0,0.0,C6844582171,167.59,167.59,0,0.04666666666666667,0
240,PAYMENT,2.55,C3338877621,7.48,4.93,M3636366799,0.0,0.0,0,0.0,0
253,PAYMENT,1329.39,C5025070544,2734.29,1404.9,M3580582653,0.0,0.0,0,0.0,0
620,CASH_OUT,353.74,C7965608188,501.3,147.56,C6613888489,24838.15,24838.15,1,0.006666666666666667,0
513,PAYMENT,159.33,C9860949331,302.52,143.19,M1442421654,0.0,0.0,0,0.0,0
493,PAYMENT,476.07,C9573276057,1300.46,824.39,M3580582653,0.0,0.0,0,0.0,0
155,TRANSFER,7615.04,C2761091683,10021.37,2406.33,M5585110649,0.0,0.0,1,0.17666666666666667,0
559,PAYMENT,1.0,C3806215682,0.0,0.0,M7702529931,0.0,0.0,0,0.0,0
346,TRANSFER,2168.77,C8375996697,2876.57,707.8,C9274189261,29.67,29.67,1,0.12333333333333334,0
465,PAYMENT,160.67,C5879617459,216.72,56.05,M5535650160,0.0,0.0,0,0.0,0
572,TRANSFER,13.88,C5227828349,43.02,29.14,C3528924461,84.55,98.43,0,0.12,0
438,CASH_IN,32452.85,C1798112150,15.22,32468.07,C8252045593,48.54,48.54,0,0.0,0
269,TRANSFER,1.0,C3639796200,0.0,0.0,C3664052763,0.0,1.0,0,0.23333333333333334,0
224,TRANSFER,24.78,C7803990970,44.34,19.56,C6715705115,0.0,24.78,0,0.15666666666666668,0
599,PAYMENT,4418.48,C1489726608,10403.19,5984.71,M6313472215,0.0,0.0,0,0.0,0
367,CASH_OUT,1.0,C8969097897,0.0,0.0,C3783009621,125.53,125.53,0,0.013333333333333334,0
608,PAYMENT,1.0,C9451577335,0.0,0.0,M5985331805,0.0,0.0,0,0.0,0
655,CASH_OUT,77.3,C7059591606,90.96,13.66,C5600836559,1.57,1.57,0,0.03,0
579,TRANSFER,28.51,C4098389895,127.95,99.44,C4067919621,26446.24,26474.75,0,0.0,0
149,PAYMENT,1.0,C4636537575,0.0,0.0,M6651020291,0.0,0.0,0,0.0,0
639,TRANSFER,192.84,C3660223333,241.82,48.98,M2635881694,0.0,0.0,1,0.17333333333333334,0
644,TRANSFER,4.64,C6924716023,6.88,2.24,C5951406973,1975.19,1979.83,0,0.05333333333333334,0
563,PAYMENT,163.35,C2439622619,304.78,141.43,M3019265031,0.0,0.0,0,0.0,0
396,PAYMENT,1388.54,C8923555411,2204.52,815.98,M1357561213,0.0,0.0,0,0.0,0
441,PAYMENT,28.44,C4526242854,45.66,17.22,M5067400473,0.0,0.0,0,0.0,0
86,PAYMENT,778.77,C7002076563,2912.34,2133.57,M6866146362,0.0,0.0,0,0.0,0
631,PAYMENT,1.0,C8779941999,0.0,0.0,M1783432867,0.0,0.0,0,0.0,0
657,CASH_OUT,4149.43,C9249923427,3716.99,0.0,C5819946657,3.3,3.3,1,0.23333333333333334,0
698,TRANSFER,13604.87,C7227593033,14791.2,1186.33,C9279291478,6335.03,19939.9,0,0.0,0
226,CASH_OUT,1903.35,C4577406847,1639.25,0.0,M7678293431,0.0,0.0,1,0.056666666666666664,0
208,CASH_OUT,44965.01,C9752058817,57487.57,12522.56,C9954587710,40.7,40.7,0,0.0,0
290,PAYMENT,1.0,C6892752604,0.0,0.0,M4399143287,0.0,0.0,0,0.0,0
316,TRANSFER,3114.02,C9752058817,12522.56,9408.54,C6910112521,0.0,3114.02,0,0.0,0
271,CASH_OUT,2.93,C8926438617,4.24,1.31,C1664885408,37.24,37.24,0,0.01,0
372,CASH_OUT,791.49,C4590711152,810.48,18.99,M3534186676,0.0,0.0,1,0.023333333333333334,0
433,TRANSFER,65.2,C7085004726,70.21,5.01,M4242579642,0.0,0.0,1,0.17,0
705,DEBIT,643.37,C3791815554,90839.37,90196.0,M2115406331,0.0,0.0,0,0.016666666666666666,0
715,PAYMENT,1.0,C8933377472,0.0,0.0,M1504729135,0.0,0.0,0,0.0,0
553,TRANSFER,10.93,C1026224160,41.38,30.45,C4930438209,14.49,25.42,0,0.14,0
406,CASH_OUT,33993.76,C4645120421,131522.6,97528.84,C8272725281,0.0,0.0,0,0.0,0
313,CASH_OUT,1.0,C3196545325,0.0,0.0,C2893321208,0.0,0.0,0,0.03333333333333333,0
143,CASH_OUT,1.0,C8933377472,0.0,0.0,C9929101065,209.13,209.13,0,0.0,0
708,PAYMENT,1.0,C6991473746,0.0,0.0,M9288057824,0.0,0.0,0,0.0033333333333333335,0
494,PAYMENT,113.55,C5729866281,270.99,157.44,M3297681898,0.0,0.0,0,0.0,0
350,TRANSFER,94.24,C8394040015,102.67,8.43,M3192202822,0.0,0.0,1,0.15666666666666668,0
404,PAYMENT,276.6,C2073755632,17673.67,17397.07,M3517195150,0.0,0.0,0,0.0,0
189,DEBIT,1131.95,C9837912162,2247.78,1115.83,M1343875431,0.0,0.0,0,0.01,0
227,PAYMENT,113.31,C6585609060,157.81,44.5,M8144889126,0.0,0.0,0,0.0,0
538,CASH_OUT,1780.21,C8791183272,2178.38,398.17,C7340498236,43.39,43.39,1,0.023333333333333334,0
478,TRANSFER,895.37,C7838460497,1063.5,168.13,C7637761996,2469.5,3364.87,0,0.03,0
30,CASH_OUT,346.31,C5911625145,731.53,385.22,C8281641403,4.01,4.01,0,0.0033333333333333335,0
236,TRANSFER,163.1,C6276339732,224.72,61.62,C1261903104,19.04,182.14,0,0.04,0
121,TRANSFER,5299.48,C1489726608,5984.71,685.23,C3591527330,151.11,151.11,1,0.02666666666666667,0
684,PAYMENT,6552.15,C3815389788,12139.03,5586.88,M1504729135,0.0,0.0,0,0.0,0
548,PAYMENT,3113.02,C5269015757,5318.81,2205.79,M2695447268,0.0,0.0,0,0.0,0
99,PAYMENT,5352.85,C3098948446,5838.63,485.78,M7717262223,0.0,0.0,0,0.0,0
705,CASH_OUT,1459.86,C4455798713,1715.86,256.0,M8626371177,0.0,0.0,1,0.02666666666666667,0
133,TRANSFER,500.76,C5837082260,566.18,65.42,C2476831585,553493.54,553493.54,1,0.0,0
469,DEBIT,1.0,C6474354351,1.31,0.31,M9576264323,0.0,0.0,0,0.04666666666666667,0
312,CASH_OUT,3111.96,C8106906538,37138.22,34026.26,C8369792370,2527.11,2527.11,0,0.0,0
60,CASH_IN,46722.23,C7805745017,0.0,46722.23,C4673457063,0.0,0.0,0,0.0,0
93,PAYMENT,555.74,C8137764127,771.43,215.69,M5794335854,0.0,0.0,0,0.0,0
629,TRANSFER,25.74,C9863781331,29.29,3.55,C9392515666,209626.46,209652.2,0,0.0,0
324,PAYMENT,224.8,C6754503097,235.29,10.49,M7717262223,0.0,0.0,0,0.0,0
256,PAYMENT,1.0,C7135394336,0.0,0.0,M9021793855,0.0,0.0,0,0.0,0
488,PAYMENT,14.54,C2445662585,26.51,11.97,M6894024976,0.0,0.0,0,0.0,0
215,CASH_OUT,64.5,C9691572571,64.66,0.16,C5754363475,0.0,0.0,1,0.02,0
239,DEBIT,1.0,C1248704157,0.0,0.0,M7437168216,0.0,0.0,0,0.03666666666666667,0
227,TRANSFER,2610.29,C9237880732,2750.79,140.5,C8390631634,28.0,2638.29,1,0.04,0
146,TRANSFER,300.79,C3707166618,378.76,77.97,C6715705115,24.78,325.57,0,0.016666666666666666,0
711,TRANSFER,14359.27,C3667740351,55123.39,40764.12,C9702693937,30.61,14389.88,0,0.0,0
384,TRANSFER,110.83,C3698305085,107.9,0.0,M5380159400,0.0,0.0,1,0.23,0
341,CASH_OUT,130.73,C5667503195,277.52,146.79,C7832220535,0.0,0.0,0,0.01,0
573,CASH_OUT,26747.47,C1197092148,68721.07,41973.6,C6944371787,0.62,0.62,0,0.01,0
66,PAYMENT,6.07,C2836553621,11.38,5.31,M8218146534,0.0,0.0,0,0.0,0
447,CASH_IN,53711.13,C7904559790,0.0,53711.13,C7915226263,46.38,46.38,0,0.0,0
378,CASH_OUT,202.45,C1116402431,299.93,97.48,C5278201677,1.0,1.0,0,0.01,0
562,CASH_OUT,53.17,C6276339732,61.62,8.45,C2320763135,0.0,0.0,1,0.04,0
212,CASH_OUT,134.72,C6405851839,173.89,39.17,M6384311581,0.0,0.0,1,0.0,0
316,CASH_OUT,6.21,C8394040015,8.43,2.22,C8703867299,373.21,373.21,0,0.016666666666666666,0
328,CASH_OUT,421.97,C6171239466,398.67,0.0,C1234359689,0.0,0.0,1,0.07666666666666666,0
423,CASH_OUT,2297.2,C6904897514,3224.43,927.23,M5087280062,0.0,0.0,1,0.043333333333333335,0
587,CASH_OUT,100.52,C2965254350,351.99,251.47,C1561417687,235.18,235.18,0,0.02,0
686,PAYMENT,75.07,C1818112342,91.87,16.8,M7702529931,0.0,0.0,0,0.0,0
147,TRANSFER,1.0,C3075362821,0.0,0.0,C8831899893,0.0,1.0,0,0.21666666666666667,0
209,CASH_OUT,11664.73,C2625792787,13357.83,1693.1,M7651029165,0.0,0.0,1,0.0,0
153,PAYMENT,17.08,C7767834064,18.46,1.38,M1096405016,0.0,0.0,0,0.0,0
151,TRANSFER,8.53,C5375461598,9.77,1.24,C2224363672,0.0,8.53,0,0.16333333333333333,0
228,CASH_OUT,11.67,C6237376063,16.07,4.4,C5489485517,94.09,94.09,0,0.0,0
174,PAYMENT,351.1,C9837912162,1115.83,764.73,M2655546199,0.0,0.0,0,0.0,0
202,TRANSFER,2902.83,C6837342064,2579.03,0.0,C4252504650,0.0,0.0,1,0.82,1
626,CASH_OUT,1.0,C7671625956,0.0,0.0,C9249923427,0.0,0.0,0,0.06,0
276,PAYMENT,371.65,C1421776124,428.02,56.37,M5891831621,0.0,0.0,0,0.0,0
381,CASH_OUT,3778.18,C5421051452,8987.92,5209.74,C7460728316,1176.82,1176.82,0,0.0033333333333333335,0
221,PAYMENT,1.0,C5284391408,1.96,0.96,M8626371177,0.0,0.0,0,0.0,0
64,PAYMENT,11.53,C5269728610,44.7,33.17,M5325865521,0.0,0.0,0,0.0,0
15,TRANSFER,3242.0,C4662861038,6559.15,3317.15,C8033062794,117.73,3359.73,0,0.0,0
565,CASH_OUT,266.81,C6554972315,286.22,19.41,M7343954769,0.0,0.0,1,0.04,0
269,PAYMENT,275.05,C2125089309,2954.66,2679.61,M8768773991,0.0,0.0,0,0.0,0
143,PAYMENT,5.9,C1600566083,7.55,1.65,M9410569618,0.0,0.0,0,0.0,0
183,CASH_IN,1241.75,C4034047118,2415.99,3657.74,C5539308214,16.05,16.05,0,0.0,0
574,PAYMENT,71.82,C4706249669,75.9,4.08,M1908459040,0.0,0.0,0,0.0,0
267,CASH_OUT,1.0,C8122042835,0.0,0.0,C5058691146,0.0,0.0,0,0.02666666666666667,0
226,PAYMENT,1.71,C5439176290,3.79,2.08,M9288057824,0.0,0.0,0,0.0,0
655,CASH_OUT,16.14,C6405851839,39.17,23.03,C1772303297,996.78,996.78,0,0.023333333333333334,0
444,DEBIT,7054.96,C9904586976,11734.56,4679.6,M4390543744,0.0,0.0,0,0.03,0
671,PAYMENT,3840.3,C2181241943,4876.59,1036.29,M8058679999,0.0,0.0,0,0.0,0
297,TRANSFER,54.14,C5612645121,57.4,3.26,C7487012742,178945.93,179000.07,0,0.0,0
677,TRANSFER,1.0,C3258354191,0.0,0.0,C4227004325,0.0,1.0,0,0.22333333333333333,0
119,CASH_OUT,22800.59,C9279291478,19939.9,0.0,M4896576569,0.0,0.0,1,0.03333333333333333,0
597,PAYMENT,1732.23,C5275521470,3684.32,1952.09,M8030400668,0.0,0.0,0,0.0,0
242,TRANSFER,1.0,C8316205130,0.0,0.0,C7473868020,941.89,942.89,0,0.013333333333333334,0
208,CASH_OUT,22.37,C7603978731,72.85,50.48,C7638836058,479.15,479.15,0,0.006666666666666667,0
288,PAYMENT,847.55,C2848792488,5285.12,4437.57,M3660800029,0.0,0.0,0,0.0,0
188,TRANSFER,37335.83,C8106906538,34026.26,0.0,M4329446784,0.0,0.0,1,0.8366666666666667,1
199,TRANSFER,1.0,C6157617867,0.0,0.0,C4586139213,10.85,11.85,0,0.19333333333333333,0
424,PAYMENT,792.78,C7977267911,1117.66,324.88,M2541015125,0.0,0.0,0,0.0,0
505,TRANSFER,29735.03,C2578662692,31178.09,1443.06,C2139027119,11.0,11.0,1,0.27,0
209,CASH_OUT,78.93,C5184564874,100.28,21.35,M1732578761,0.0,0.0,1,0.0033333333333333335,0
506,PAYMENT,2.63,C7229869819,5.52,2.89,M8083396378,0.0,0.0,0,0.0,0
593,CASH_OUT,3141.7,C7038841740,15583.77,12442.07,C7560389844,45.03,45.03,0,0.01,0
401,TRANSFER,3193.41,C6986770879,3785.34,591.93,C6097953682,90.02,3283.43,1,0.0,0
212,PAYMENT,112.16,C1553753599,191.05,78.89,M5087280062,0.0,0.0,0,0.0,0
700,TRANSFER,7825.81,C7934137693,7094.9,0.0,M7570511906,0.0,0.0,1,0.8966666666666666,1
590,DEBIT,1.08,C2774884818,4.65,3.57,M1413599241,0.0,0.0,0,0.04,0
362,TRANSFER,8950.04,C3653594796,7767.96,0.0,M2243802345,0.0,0.0,1,0.75,1
598,CASH_OUT,2852.94,C5570828113,3990.42,1137.48,C8949781901,3067.32,3067.32,1,0.01,0
58,DEBIT,377.69,C6469318275,1024.83,647.14,M5067400473,0.0,0.0,0,0.01,0
277,PAYMENT,1.0,C3639796200,0.0,0.0,M5937271321,0.0,0.0,0,0.0,0
192,TRANSFER,1893.44,C2625792787,1693.1,0.0,C2571688961,6706.22,6706.22,1,0.013333333333333334,0
285,CASH_OUT,1.0,C5150090143,0.0,0.0,C9392707144,2880.09,2880.09,0,0.01,0
216,PAYMENT,219.82,C6719736115,362.2,142.38,M7717262223,0.0,0.0,0,0.0,0
514,TRANSFER,4088.81,C8046300793,7042.87,2954.06,C2617999521,128279.83,132368.64,0,0.0033333333333333335,0
242,TRANSFER,15.86,C1264739091,141705.09,141689.23,C5161807235,0.0,15.86,0,0.10666666666666667,0
363,PAYMENT,1.0,C4500557310,0.0,0.0,M4125758723,0.0,0.0,0,0.0,0
236,CASH_OUT,373.14,C9379439373,418.57,45.43,C5837082260,65.42,65.42,0,0.0033333333333333335,0
354,TRANSFER,21483.78,C5625980561,28598.48,7114.7,M3072183247,0.0,0.0,1,0.23666666666666666,0
557,PAYMENT,15988.64,C6663846005,109527.24,93538.6,M4158643786,0.0,0.0,0,0.0,0
657,DEBIT,1.82,C6587537178,4.77,2.95,M9020002737,0.0,0.0,0,0.043333333333333335,0
358,DEBIT,1.9,C1182758417,2.25,0.35,M8389750357,0.0,0.0,0,0.04,0
177,CASH_IN,86002.14,C9904586976,4679.6,90681.74,C9250327663,16648.99,16648.99,0,0.0,0
285,CASH_OUT,5.66,C4736031885,13.4,7.74,C5461537013,8242.89,8242.89,0,0.0,0
516,TRANSFER,4921.09,C9986353481,4994.69,73.6,C6012067717,193.99,193.99,1,0.23,0
406,PAYMENT,2.88,C8578226896,7.1,4.22,M8030400668,0.0,0.0,0,0.0,0
256,PAYMENT,1.0,C7519578899,0.0,0.0,M4908108692,0.0,0.0,0,0.0,0
134,TRANSFER,4420.44,C1248704157,4257.06,0.0,C4928783441,0.0,0.0,1,0.7233333333333334,1
48,DEBIT,1.0,C1417436465,0.0,0.0,M9523139706,0.0,0.0,0,0.02666666666666667,0
239,PAYMENT,1.16,C2382129132,5.76,4.6,M1732578761,0.0,0.0,0,0.0,0
597,PAYMENT,1.0,C9370133032,0.0,0.0,M4689605624,0.0,0.0,0,0.0,0
479,CASH_OUT,48131.01,C3614915281,41929.13,0.0,C7872873371,3865.89,3865.89,1,0.08,0
711,CASH_OUT,133.93,C8377088167,175.42,41.49,M1199447370,0.0,0.0,1,0.03,0
599,TRANSFER,2297.52,C7767834064,2787.84,490.32,C3653594796,0.0,0.0,1,0.3,0
367,PAYMENT,4765.47,C1710924824,10707.89,5942.42,M4522855590,0.0,0.0,0,0.0,0
473,TRANSFER,105.29,C3528924461,98.43,0.0,C8351491401,6111.98,6217.27,1,0.05333333333333334,0
500,PAYMENT,1.0,C9306142066,0.0,0.0,M4665677395,0.0,0.0,0,0.0,0
494,CASH_OUT,458.26,C9463197203,593.69,135.43,C5754363475,0.0,0.0,1,0.03333333333333333,0
567,PAYMENT,1400.07,C7751356568,1613.98,213.91,M7532669066,0.0,0.0,0,0.0,0
375,PAYMENT,127.53,C6307626407,167.48,39.95,M3094407076,0.0,0.0,0,0.0,0
54,CASH_IN,11897.42,C2379592595,2.36,11899.78,C4037867512,0.0,0.0,0,0.0,0
183,PAYMENT,28.76,C9725528903,35.42,6.66,M3208200227,0.0,0.0,0,0.0,0
436,CASH_OUT,151.84,C5686850445,236.75,84.91,C6405851839,23.03,23.03,0,0.043333333333333335,0
82,PAYMENT,1.52,C8497938394,3.35,1.83,M9625656293,0.0,0.0,0,0.0,0
471,CASH_OUT,2918.16,C8531118333,102054.88,99136.72,C3975704877,0.0,0.0,0,0.01,0
144,TRANSFER,22818.31,C3553440342,23692.67,874.36,M3469205576,0.0,0.0,1,0.25333333333333335,0
172,PAYMENT,21.25,C6265016831,70.98,49.73,M8858274691,0.0,0.0,0,0.0,0
110,PAYMENT,8154.8,C5283911723,43836.44,35681.64,M2228388623,0.0,0.0,0,0.0,0
393,TRANSFER,10063.71,C3891796055,16788.09,6724.38,C9623534576,87.01,10150.72,0,0.0,0
630,CASH_OUT,1.0,C3376077463,0.0,0.0,C1710924824,5942.42,5942.42,0,0.023333333333333334,0
403,TRANSFER,3.68,C5584288132,18.28,14.6,C6585609060,44.5,48.18,0,0.09333333333333334,0
1,PAYMENT,27.26,C2877279755,118.74,91.48,M7532669066,0.0,0.0,0,0.0,0
47,CASH_OUT,42.61,C2914590233,116.87,74.26,C6509985983,155.53,155.53,0,0.0033333333333333335,0
120,PAYMENT,1.0,C3316787198,0.0,0.0,M2418407139,0.0,0.0,0,0.0,0
520,PAYMENT,4.14,C6276339732,8.45,4.31,M6583604299,0.0,0.0,0,0.0,0
333,CASH_OUT,2989.51,C7958672456,2971.33,0.0,M2910594463,0.0,0.0,1,0.12666666666666668,0
104,TRANSFER,1.0,C3484872186,0.0,0.0,C8487449580,21560.41,21561.41,0,0.0033333333333333335,0
109,TRANSFER,324.74,C7296658772,375.78,51.04,M6932365592,0.0,0.0,1,0.16,0
340,TRANSFER,31329.14,C9744120054,97815.92,66486.78,C8858766173,58.26,31387.4,0,0.0,0
7,TRANSFER,755.04,C8388580360,750.6,0.0,M6011842297,0.0,0.0,1,0.2633333333333333,0
708,PAYMENT,7.71,C6173344564,26.5,18.79,M5067400473,0.0,0.0,0,0.0033333333333333335,0
450,TRANSFER,50.06,C6009268066,87.44,37.38,C6620138568,14.51,64.57,0,0.13333333333333333,0
26,CASH_OUT,5790.23,C1805492785,5038.23,0.0,C2965254350,251.47,251.47,1,0.04,0
544,TRANSFER,163.71,C8666074487,827.7,663.99,C7625389037,990.68,1154.39,0,0.03,0
18,PAYMENT,26.33,C7193532615,52.72,26.39,M6583604299,0.0,0.0,0,0.0,0
345,PAYMENT,1.0,C2423995953,0.0,0.0,M9068916300,0.0,0.0,0,0.0,0
220,TRANSFER,1075.93,C6000009225,1316.44,240.51,C8293928340,99.47,99.47,1,0.043333333333333335,0
217,PAYMENT,7025.24,C8160279830,38014.36,30989.12,M7678293431,0.0,0.0,0,0.0,0
254,CASH_IN,11042.56,C2540492440,0.0,11042.56,C7473868020,942.89,942.89,0,0.0,0
571,TRANSFER,2035.67,C5512036684,1836.89,0.0,M9640701016,0.0,0.0,1,0.7666666666666667,1
34,CASH_OUT,818.73,C8760642358,800.91,0.0,M9410569618,0.0,0.0,1,0.07333333333333333,0
39,PAYMENT,6.3,C1590838716,26.58,20.28,M2303835765,0.0,0.0,0,0.0,0
57,PAYMENT,43.14,C7296658772,51.04,7.9,M1458227039,0.0,0.0,0,0.0,0
192,CASH_OUT,158.86,C1276905285,145.04,0.0,C2009317340,188.04,188.04,1,0.0033333333333333335,0
582,CASH_OUT,4971.38,C6789292252,17977.53,13006.15,C6121801720,77705.37,77705.37,0,0.0,0
80,PAYMENT,5.46,C2224363672,8.53,3.07,M7512767226,0.0,0.0,0,0.0,0
433,TRANSFER,100387.58,C7623575561,86241.92,0.0,M3536590481,0.0,0.0,1,0.9233333333333333,1
493,TRANSFER,112.91,C1639509845,244.28,131.37,C7895255573,96.66,209.57,0,0.06,0
619,CASH_OUT,173.09,C7374810067,170.66,0.0,C7601519165,0.0,0.0,1,0.07666666666666666,0
16,DEBIT,8035.31,C4277581356,10336.55,2301.24,M2604788242,0.0,0.0,0,0.016666666666666666,0
428,PAYMENT,2785.11,C5306459450,3932.61,1147.5,M2129491690,0.0,0.0,0,0.0,0
399,PAYMENT,1.0,C2941289685,0.0,0.0,M3313346852,0.0,0.0,0,0.0,0
4,CASH_OUT,64520.93,C9744120054,66486.78,1965.85,M8790289305,0.0,0.0,1,0.0033333333333333335,0
412,CASH_OUT,392.7,C6745958212,359.94,0.0,C4506639908,265.24,265.24,1,0.11,0
572,DEBIT,2165.78,C8132531532,3743.26,1577.48,M5585110649,0.0,0.0,0,0.03333333333333333,0
586,TRANSFER,10.7,C1958682846,20.22,9.52,C9333490239,0.0,10.7,0,0.17333333333333334,0
192,DEBIT,1.0,C6952554500,0.0,0.0,M5694439775,0.0,0.0,0,0.03,0
514,CASH_IN,3543.48,C6720396142,16.65,3560.13,C1659663750,0.0,0.0,0,0.0,0
526,TRANSFER,4758.79,C3849232839,4034.18,0.0,M3107992942,0.0,0.0,1,0.9366666666666666,1
16,TRANSFER,377.89,C5071218314,399.98,22.09,M6284297249,0.0,0.0,1,0.14666666666666667,0
55,TRANSFER,3375.15,C6474354351,3393.36,18.21,M1413599241,0.0,0.0,1,0.47,0
382,TRANSFER,5533.48,C5868640848,4793.51,0.0,C8075122626,697.24,697.24,1,0.13666666666666666,0
711,CASH_OUT,1.0,C6922713963,0.0,0.0,C4178659381,956.35,956.35,0,0.03666666666666667,0
379,PAYMENT,10.38,C2227193073,17.96,7.58,M7951820749,0.0,0.0,0,0.0,0
675,CASH_OUT,1.0,C1197449658,0.29,0.0,C7417183769,11345.28,11345.28,0,0.016666666666666666,0
720,CASH_OUT,88.24,C7059726570,122.54,34.3,C6287793163,239.68,239.68,0,0.03333333333333333,0
133,CASH_OUT,1579.1,C7818568548,1345.67,0.0,M5919148165,0.0,0.0,1,0.05,0
194,CASH_IN,34142.51,C8178927766,0.0,34142.51,C6714723660,0.0,0.0,0,0.0,0
708,CASH_OUT,1.0,C2188332531,0.0,0.0,C6102144947,601.13,601.13,0,0.06,0
121,PAYMENT,1589.39,C8429141456,5960.92,4371.53,M1666898313,0.0,0.0,0,0.0,0
25,DEBIT,28.3,C8377088167,41.49,13.19,M6041646576,0.0,0.0,0,0.02,0
517,PAYMENT,9.12,C6628158856,268.98,259.86,M1122712790,0.0,0.0,0,0.0,0
701,PAYMENT,1.23,C3965676060,1.3,0.07,M3605446007,0.0,0.0,0,0.0,0
346,TRANSFER,1443.56,C9957813353,1627.66,184.1,M6583604299,0.0,0.0,1,0.13333333333333333,0
52,TRANSFER,1229.31,C8083175325,1213.36,0.0,C6687206971,0.0,0.0,1,0.3466666666666667,0
682,DEBIT,1.0,C4939447721,1.0,0.0,M9631695368,0.0,0.0,0,0.05,0
178,DEBIT,5254.4,C7561728644,14353.99,9099.59,M8102481401,0.0,0.0,0,0.02,0
519,PAYMENT,873.86,C8180620422,27685.68,26811.82,M9021793855,0.0,0.0,0,0.0,0
357,CASH_OUT,282.63,C8575707116,548.63,266.0,C9771848610,0.0,0.0,0,0.016666666666666666,0
26,CASH_OUT,81.75,C2914126243,124.16,42.41,C1248786714,5.16,5.16,0,0.01,0
398,TRANSFER,212.21,C8106401208,497.91,285.7,C8275679594,7261.76,7473.97,0,0.0,0
539,CASH_OUT,227.62,C1257324536,225.8,0.0,M5412437658,0.0,0.0,1,0.07333333333333333,0
491,CASH_OUT,522.84,C8375996697,707.8,184.96,M5412437658,0.0,0.0,1,0.03,0
249,TRANSFER,24913.03,C8180620422,26811.82,1898.79,M4554178984,0.0,0.0,1,0.26666666666666666,0
72,TRANSFER,4227.63,C1657675888,4191.1,0.0,C8215470878,85942.91,85942.91,1,0.0033333333333333335,0
49,TRANSFER,4960.48,C4712367625,78987.34,74026.86,C7635473142,21099.87,26060.35,0,0.0,0
108,TRANSFER,3383.97,C5759234471,2862.04,0.0,C6392415228,58430.48,58430.48,1,0.013333333333333334,0
595,CASH_IN,763.18,C2072355594,185.65,948.83,C9908115095,2.46,2.46,0,0.0033333333333333335,0
128,PAYMENT,1.97,C2317723211,5.57,3.6,M9631695368,0.0,0.0,0,0.0,0
64,TRANSFER,4968.53,C5667181604,4616.25,0.0,M9558906999,0.0,0.0,1,0.8133333333333334,1
554,CASH_OUT,4976.64,C3891796055,6724.38,1747.74,M9581187661,0.0,0.0,1,0.023333333333333334,0
158,PAYMENT,3834.53,C2416760621,61309.25,57474.72,M9410569618,0.0,0.0,0,0.0,0
126,TRANSFER,1.0,C8734449371,0.0,0.0,C1205082311,249.52,250.52,0,0.013333333333333334,0
196,TRANSFER,1.0,C8083175325,0.0,0.0,C9019515562,385.68,386.68,0,0.01,0
681,PAYMENT,1.0,C4096932037,0.0,0.0,M6790024996,0.0,0.0,0,0.0,0
186,CASH_OUT,127.46,C8055515912,140.21,12.75,M2129491690,0.0,0.0,1,0.006666666666666667,0
208,CASH_OUT,49.85,C7099469983,61.71,11.86,M2555936898,0.0,0.0,1,0.0033333333333333335,0
278,CASH_OUT,3706.96,C5783809766,5016.31,1309.35,C1664847319,304090.78,304090.78,0,0.0,0
178,CASH_IN,6524.11,C9274189261,29.67,6553.78,C7266763552,32568.11,32568.11,0,0.0,0
113,TRANSFER,324.91,C1207916194,347.4,22.49,C2571688961,6706.22,7031.13,0,0.0,0
364,PAYMENT,746.23,C2388450337,1014.58,268.35,M7512767226,0.0,0.0,0,0.0,0
517,CASH_IN,99606.07,C4682870880,0.0,99606.07,C8675071314,70120.87,70120.87,0,0.0,0
305,PAYMENT,1.0,C3109688769,0.0,0.0,M1857561275,0.0,0.0,0,0.0,0
338,PAYMENT,1.0,C5268845844,0.0,0.0,M2418407139,0.0,0.0,0,0.0,0
550,PAYMENT,276.8,C9354711271,555.28,278.48,M2555936898,0.0,0.0,0,0.0,0
274,TRANSFER,1.0,C2237386857,0.0,0.0,C2566942273,296.17,297.17,0,0.013333333333333334,0
686,TRANSFER,68.95,C5082603360,115.23,46.28,C9237880732,140.5,209.45,0,0.07333333333333333,0
324,TRANSFER,125501.83,C2645272822,142253.73,16751.9,C3384006407,94501.17,220003.0,0,0.0,0
482,CASH_OUT,1.0,C4079223686,0.0,0.0,C8419590655,0.0,0.0,0,0.08666666666666667,0
302,TRANSFER,3.82,C5945359606,12.75,8.93,C1805492785,0.0,3.82,0,0.15666666666666668,0
466,CASH_OUT,8.51,C1594312071,34.73,26.22,C9421518487,375.92,375.92,0,0.03666666666666667,0
61,CASH_OUT,3648.82,C8547068234,3772.7,123.88,C5333183840,112000.55,112000.55,1,0.0033333333333333335,0
495,TRANSFER,10022.6,C8880079328,12800.51,2777.91,M2115406331,0.0,0.0,1,0.3233333333333333,0
509,TRANSFER,64529.36,C1290050198,120091.01,55561.65,C3918046336,7.29,64536.65,0,0.0,0
656,DEBIT,1270.35,C6789292252,13006.15,11735.8,M9441870024,0.0,0.0,0,0.023333333333333334,0
403,TRANSFER,3188.13,C6789448659,3993.39,805.26,M8063693463,0.0,0.0,1,0.21666666666666667,0
678,TRANSFER,327.62,C3389594115,326.44,0.0,M9977193987,0.0,0.0,1,0.23,0
408,PAYMENT,2.99,C4633257620,12.88,9.89,M5194066484,0.0,0.0,0,0.0,0
599,CASH_OUT,3.99,C4632522232,153829.45,153825.46,C7488943393,27297.29,27297.29,0,0.0,0
169,PAYMENT,9.42,C3906611156,10.4,0.98,M2555936898,0.0,0.0,0,0.0,0
330,TRANSFER,1.0,C3109688769,0.0,0.0,C4706249669,4.08,5.08,0,0.18333333333333332,0
180,PAYMENT,661.77,C8923555411,815.98,154.21,M1647181551,0.0,0.0,0,0.0,0
164,PAYMENT,18.05,C8387664437,32.64,14.59,M3156792018,0.0,0.0,0,0.0,0
155,PAYMENT,1.0,C2843567009,0.0,0.0,M7948094928,0.0,0.0,0,0.0,0
258,DEBIT,745.61,C1209063208,39787.05,39041.44,M8821456242,0.0,0.0,0,0.006666666666666667,0
516,CASH_OUT,14487.44,C1602569046,16333.21,1845.77,C7088451458,41828.73,41828.73,1,0.0,0
94,TRANSFER,76690.32,C3875303857,67150.13,0.0,M3119908041,0.0,0.0,1,0.8133333333333334,1
288,TRANSFER,3066.83,C8684942020,2570.61,0.0,M7532669066,0.0,0.0,1,0.78,1
213,PAYMENT,1.0,C7481631841,0.0,0.0,M3660800029,0.0,0.0,0,0.0,0
561,TRANSFER,1433.93,C1197449658,1947.22,513.29,M5570190774,0.0,0.0,1,0.26666666666666666,0
549,CASH_OUT,38.78,C3095318649,179.3,140.52,C2654584280,4.2,4.2,0,0.02666666666666667,0
444,TRANSFER,1.0,C9771848610,0.0,0.0,C2893321208,0.0,1.0,0,0.22,0
410,PAYMENT,1.0,C9661615016,0.0,0.0,M6041646576,0.0,0.0,0,0.0,0
417,TRANSFER,2347.63,C3003484425,2988.19,640.56,C7248258423,2535.97,4883.6,1,0.006666666666666667,0
135,CASH_OUT,1663.98,C1589582865,2009.9,345.92,M7969674420,0.0,0.0,1,0.0,0
449,PAYMENT,6.01,C7311011808,4944.43,4938.42,M5087280062,0.0,0.0,0,0.0,0
592,CASH_OUT,5078.4,C2893321208,4631.74,0.0,M5270048042,0.0,0.0,1,0.20666666666666667,0
391,PAYMENT,25.66,C1664885408,37.24,11.58,M9590331226,0.0,0.0,0,0.0,0
268,CASH_OUT,48.01,C8168204967,122.45,74.44,C8046300793,2954.06,2954.06,0,0.006666666666666667,0
218,CASH_OUT,133.7,C7499349987,411.02,277.32,C5135595227,73.86,73.86,0,0.0,0
137,TRANSFER,2.79,C3030106617,6.3,3.51,C4538382315,8223.04,8225.83,0,0.0,0
490,CASH_OUT,728.3,C9337145038,991.5,263.2,M4665677395,0.0,0.0,1,0.04666666666666667,0
534,PAYMENT,1.0,C2653032484,0.0,0.0,M1442421654,0.0,0.0,0,0.0,0
642,PAYMENT,682.92,C5254923696,42083.95,41401.03,M9900829971,0.0,0.0,0,0.0,0
238,CASH_OUT,2437.66,C6000952470,3319.17,881.51,M1732578761,0.0,0.0,1,0.0033333333333333335,0
172,DEBIT,1.0,C5728765136,0.0,0.0,M5000316394,0.0,0.0,0,0.03,0
223,CASH_OUT,20196.69,C8270110908,24133.9,3937.21,C7590302909,55.58,55.58,0,0.0,0
558,TRANSFER,129.38,C1589582865,345.92,216.54,C6947080764,0.0,129.38,0,0.09,0
644,CASH_OUT,78.86,C3361388464,88.47,9.61,C3088517710,1.0,1.0,0,0.03333333333333333,0
144,TRANSFER,13238.74,C2627677155,24735.25,11496.51,C6562457052,916.73,14155.47,0,0.0,0
601,CASH_OUT,17687.63,C2064803502,17441.22,0.0,C7573442717,0.0,0.0,1,0.2,0
449,TRANSFER,2403.31,C4026379752,2938.54,535.23,M9576264323,0.0,0.0,1,0.2733333333333333,0
114,PAYMENT,1.46,C3691864041,7085.73,7084.27,M6101516825,0.0,0.0,0,0.0,0
471,TRANSFER,42.89,C2351531223,51.49,8.6,M4689605624,0.0,0.0,1,0.16666666666666666,0
556,TRANSFER,457.61,C4070964768,399.58,0.0,C2149938334,264.46,264.46,1,0.10333333333333333,0
22,CASH_IN,82165.09,C7637761996,3364.87,85529.96,C1248704157,0.0,0.0,0,0.0,0
436,TRANSFER,4163.71,C8948573913,3725.2,0.0,M5000316394,0.0,0.0,1,0.8966666666666666,1
656,TRANSFER,4179.4,C1613549255,3748.0,0.0,C3465883999,405.35,405.35,1,0.49,0
604,TRANSFER,630.58,C2653032484,731.94,101.36,C4990452762,386.27,386.27,1,0.07333333333333333,0
75,CASH_OUT,291.38,C5183211669,12618.62,12327.24,C5512036684,0.0,0.0,0,0.0,0
701,PAYMENT,3625.42,C1945826486,4585.89,960.47,M7537130187,0.0,0.0,0,0.0,0
646,PAYMENT,258.58,C7451071432,517.75,259.17,M7230477043,0.0,0.0,0,0.0,0
456,PAYMENT,1.0,C5278201677,1.0,0.0,M4601406440,0.0,0.0,0,0.0,0
160,DEBIT,2329.02,C3815389788,5586.88,3257.86,M9068916300,0.0,0.0,0,0.016666666666666666,0
685,TRANSFER,238.73,C3363629219,220.79,0.0,C6576395496,98.97,98.97,1,0.12333333333333334,0
655,TRANSFER,142.38,C2082326234,122.99,0.0,M1122712790,0.0,0.0,1,0.23666666666666666,0
496,PAYMENT,4551.29,C5476654128,6088.83,1537.54,M9404002665,0.0,0.0,0,0.0,0
379,PAYMENT,3583.96,C9392515666,209652.2,206068.24,M1888107487,0.0,0.0,0,0.0,0
59,CASH_OUT,112.46,C8758809005,146.83,34.37,C9539945315,188.76,188.76,0,0.006666666666666667,0
93,CASH_OUT,1074.65,C6048096802,1383.39,308.74,C7100408092,59400.24,59400.24,0,0.0,0
440,TRANSFER,31259.02,C8796293088,68521.57,37262.55,C9155819200,0.0,31259.02,0,0.0033333333333333335,0
265,CASH_OUT,34545.35,C1110724913,64290.79,29745.44,C6661014794,0.0,0.0,0,0.0,0
582,TRANSFER,249.35,C7271954644,266.38,17.03,C2073108894,0.0,0.0,1,0.17666666666666667,0
299,TRANSFER,856.35,C9434946584,1051.27,194.92,C6471691689,0.0,856.35,1,0.0,0
194,TRANSFER,1.0,C5508149905,0.0,0.0,C2979958124,51.85,52.85,0,0.13333333333333333,0
309,TRANSFER,634.94,C1037811610,824.29,189.35,M3469205576,0.0,0.0,1,0.10333333333333333,0
705,CASH_OUT,164504.54,C1541964762,147486.83,0.0,C9033653743,0.0,0.0,1,0.17333333333333334,0
606,PAYMENT,48.47,C5489485517,94.09,45.62,M1732578761,0.0,0.0,0,0.0,0
156,PAYMENT,673.66,C7246858055,15267.85,14594.19,M6790024996,0.0,0.0,0,0.0,0
244,PAYMENT,169.52,C6628158856,259.86,90.34,M6651754819,0.0,0.0,0,0.0,0
587,PAYMENT,26.92,C8758809005,34.37,7.45,M8728631945,0.0,0.0,0,0.0,0
263,DEBIT,3246.21,C8429141456,4371.53,1125.32,M4892544235,0.0,0.0,0,0.02,0
315,TRANSFER,6236.9,C5694848867,14362.5,8125.6,C3362657890,0.0,6236.9,0,0.0,0
11,PAYMENT,21.76,C5714169271,57.78,36.02,M6515490818,0.0,0.0,0,0.0,0
283,PAYMENT,13.84,C5539308214,16.05,2.21,M9918338001,0.0,0.0,0,0.0,0
436,DEBIT,1.0,C9691572571,0.16,0.0,M6894024976,0.0,0.0,0,0.05,0
373,PAYMENT,1.0,C7627266377,2.67,1.67,M9523139706,0.0,0.0,0,0.0,0
223,CASH_OUT,1100.66,C6923206003,1330.19,229.53,C9523104008,1.0,1.0,1,0.0,0
469,TRANSFER,747.23,C2486744752,820.67,73.44,C1421776124,56.37,56.37,1,0.17,0
513,TRANSFER,355.41,C5150074940,408.52,53.11,C4145461251,0.0,355.41,1,0.07666666666666666,0
523,TRANSFER,1.43,C7949795085,1.51,0.08,C1792214339,6000.41,6001.84,0,0.05333333333333334,0
401,PAYMENT,31.92,C9954587710,40.7,8.78,M8102481401,0.0,0.0,0,0.0,0
700,CASH_OUT,2790.59,C3250402001,7438.57,4647.98,C4990452762,386.27,386.27,0,0.006666666666666667,0
354,CASH_OUT,400.45,C2079501936,560.89,160.44,M6130446648,0.0,0.0,1,0.02,0
71,CASH_OUT,224.5,C8625774078,644.63,420.13,C5071897791,297.65,297.65,0,0.01,0
382,PAYMENT,16529.71,C1678500147,119134.79,102605.08,M2518433834,0.0,0.0,0,0.0,0
118,TRANSFER,4328.84,C6661014794,4448.03,119.19,M3369412470,0.0,0.0,1,0.39666666666666667,0
670,PAYMENT,14337.51,C9805620900,85340.53,71003.02,M3846182436,0.0,0.0,0,0.0,0
498,TRANSFER,42823.24,C3774110439,37773.69,0.0,M2129491690,0.0,0.0,1,0.9266666666666666,1
310,TRANSFER,801.89,C3088517710,725.95,0.0,M8740820392,0.0,0.0,1,0.29333333333333333,0
695,CASH_OUT,95.15,C1639509845,131.37,36.22,M2695447268,0.0,0.0,1,0.02666666666666667,0
100,CASH_IN,86777.27,C3975418439,139.59,86916.86,C2394868732,0.0,0.0,0,0.0,0
578,PAYMENT,10.26,C9218363978,44.63,34.37,M6999146585,0.0,0.0,0,0.0,0
118,CASH_OUT,4542.13,C9752058817,9408.54,4866.41,C2250949136,0.0,0.0,0,0.0,0
294,PAYMENT,22154.68,C8858766173,31387.4,9232.72,M2778069478,0.0,0.0,0,0.0,0
575,CASH_OUT,3633.38,C1541964762,3635.82,2.44,C9573276057,824.39,824.39,1,0.11,0
257,PAYMENT,352.85,C5800633419,4015.34,3662.49,M8821456242,0.0,0.0,0,0.0,0
348,DEBIT,1.0,C9303285822,2.0,1.0,M6313472215,0.0,0.0,0,0.03666666666666667,0
668,CASH_OUT,24.59,C1707196784,26.52,1.93,C8241550421,19601.44,19601.44,0,0.006666666666666667,0
690,TRANSFER,3695.62,C6153541642,3329.57,0.0,M5535650160,0.0,0.0,1,0.8833333333333333,1
227,PAYMENT,470.16,C6131005449,703.19,233.03,M3960136787,0.0,0.0,0,0.0,0
215,PAYMENT,18573.39,C5283911723,35681.64,17108.25,M6199197408,0.0,0.0,0,0.0,0
85,CASH_OUT,1165.16,C5492496998,1120.71,0.0,M8235474949,0.0,0.0,1,0.06333333333333334,0
240,PAYMENT,1.0,C9306142066,0.0,0.0,M6384311581,0.0,0.0,0,0.0,0
127,TRANSFER,647.21,C9312085761,709.39,62.18,M6865994703,0.0,0.0,1,0.15666666666666668,0
525,PAYMENT,32.95,C7415801613,47.67,14.72,M7948094928,0.0,0.0,0,0.0,0
378,PAYMENT,911.57,C7460728316,1176.82,265.25,M2711123163,0.0,0.0,0,0.0,0
292,PAYMENT,1.0,C4037270171,0.0,0.0,M7282885927,0.0,0.0,0,0.0,0
394,CASH_IN,15710.99,C6392415228,58430.48,74141.47,C6517150278,706.65,706.65,0,0.0,0
150,CASH_OUT,3.93,C2139027119,11.0,7.07,C1439921366,2029.09,2029.09,0,0.0,0
208,TRANSFER,10.75,C8902275119,25.23,14.48,C5536224717,0.0,10.75,0,0.16,0
620,TRANSFER,1220.08,C1230624431,1613.08,393.0,M4892544235,0.0,0.0,1,0.18333333333333332,0
73,TRANSFER,1.0,C3653594796,0.0,0.0,C1590985753,259.34,260.34,0,0.02,0
222,TRANSFER,308.32,C5714169271,261.09,0.0,M7532669066,0.0,0.0,1,0.23666666666666666,0
282,CASH_OUT,2737.4,C8318855178,3406.97,669.57,M8458323087,0.0,0.0,1,0.01,0
304,TRANSFER,1.88,C1039887139,2.31,0.43,C2431779064,0.0,1.88,0,0.22666666666666666,0
208,CASH_OUT,534.28,C2941289685,505.11,0.0,C5419627962,0.0,0.0,1,0.13,0
364,CASH_OUT,4642.0,C2293434554,4007.93,0.0,C5092199300,1026.14,1026.14,1,0.10666666666666667,0
144,CASH_OUT,3148.14,C8115628227,3880.59,732.45,C1290050198,55561.65,55561.65,1,0.0,0
317,PAYMENT,11.83,C1643611097,27.82,15.99,M7651029165,0.0,0.0,0,0.0,0
307,CASH_OUT,506.49,C3098948446,485.78,0.0,M9441870024,0.0,0.0,1,0.27,0
439,CASH_OUT,2445.73,C4067961943,2428.33,0.0,M9640701016,0.0,0.0,1,0.38333333333333336,0
541,TRANSFER,485.81,C2370592316,555.47,69.66,C5199176431,27382.25,27868.06,0,0.0,0
198,CASH_OUT,20380.52,C3694860228,37414.62,17034.1,C2850820685,104.47,104.47,0,0.0,0
292,PAYMENT,2.77,C2227193073,7.58,4.81,M4122901114,0.0,0.0,0,0.0,0
376,PAYMENT,337.2,C6311894154,13745.94,13408.74,M4211837506,0.0,0.0,0,0.0,0
497,CASH_OUT,31514.32,C8531118333,99136.72,67622.4,C5268845844,0.0,0.0,0,0.01,0
300,TRANSFER,896.36,C7154795660,800.17,0.0,C8674224347,3293.93,3293.93,1,0.006666666666666667,0
323,TRANSFER,415.83,C1662976399,562.66,146.83,C7135394336,0.0,0.0,1,0.14,0
448,CASH_OUT,9666.34,C3106408413,10736.29,1069.95,M3355504998,0.0,0.0,1,0.02666666666666667,0
625,TRANSFER,3234.04,C2493660313,3058.93,0.0,C6046864799,15.56,15.56,1,0.8466666666666667,1
514,PAYMENT,14.58,C1421776124,56.37,41.79,M2328736852,0.0,0.0,0,0.0,0
318,DEBIT,526.81,C2379592595,11899.78,11372.97,M1802753761,0.0,0.0,0,0.01,0
190,TRANSFER,1604.98,C8796286443,1601.03,0.0,M5585110649,0.0,0.0,1,0.41333333333333333,0
76,CASH_OUT,358.93,C1230624431,393.0,34.07,M3457877922,0.0,0.0,1,0.0,0
246,TRANSFER,10929.52,C6069848439,12571.01,1641.49,M9776500600,0.0,0.0,1,0.27,0
331,PAYMENT,1.0,C6572436051,0.0,0.0,M3369412470,0.0,0.0,0,0.0,0
68,CASH_OUT,137.2,C6012067717,193.99,56.79,M6053489772,0.0,0.0,1,0.0033333333333333335,0
36,PAYMENT,1.0,C8117478955,0.0,0.0,M5156392601,0.0,0.0,0,0.0,0
383,TRANSFER,1776.27,C1361845490,1574.35,0.0,M8869140487,0.0,0.0,1,0.39,0
464,TRANSFER,1.0,C7464468567,0.0,0.0,C6092773357,0.0,1.0,0,0.22,0
200,CASH_OUT,417.3,C3207160929,388.61,0.0,M3705237613,0.0,0.0,1,0.04,0
116,PAYMENT,37.26,C6882074066,60.31,23.05,M9020002737,0.0,0.0,0,0.0,0
315,TRANSFER,326.6,C6929897032,277.83,0.0,M6894024976,0.0,0.0,1,0.23666666666666666,0
65,TRANSFER,10.06,C9894847574,15.9,5.84,C3660223333,48.98,59.04,0,0.09666666666666666,0
585,PAYMENT,1.0,C8039917766,0.0,0.0,M3508990774,0.0,0.0,0,0.0,0
226,CASH_OUT,21.01,C5072538783,25.61,4.6,C5227828349,29.14,29.14,0,0.0,0
388,CASH_OUT,4332.27,C5428082088,4941.83,609.56,C8458717057,84.38,84.38,1,0.006666666666666667,0
569,CASH_OUT,9.14,C4630196130,17.07,7.93,C4473306055,0.0,0.0,0,0.03666666666666667,0
589,PAYMENT,1.0,C2801177461,0.0,0.0,M9977193987,0.0,0.0,0,0.0,0
160,TRANSFER,3512.93,C7242730249,3649.86,136.93,M9043367776,0.0,0.0,1,0.3566666666666667,0
196,PAYMENT,825.87,C8417757797,927.8,101.93,M8044997538,0.0,0.0,0,0.0,0
301,CASH_OUT,25780.4,C5199176431,27868.06,2087.66,C7799567490,0.0,0.0,0,0.0,0
624,TRANSFER,2138.75,C5694806361,2983.02,844.27,C1717346250,648.37,648.37,1,0.07,0
438,PAYMENT,1.0,C1741134891,0.0,0.0,M6498703287,0.0,0.0,0,0.0,0
440,PAYMENT,1.0,C2266622851,0.0,0.0,M4399143287,0.0,0.0,0,0.0,0
275,PAYMENT,3838.15,C2525930586,15481.86,11643.71,M6045729129,0.0,0.0,0,0.0,0
193,TRANSFER,3148.8,C3470617247,3201.73,52.93,M8138332494,0.0,0.0,1,0.4666666666666667,0
713,TRANSFER,97351.85,C1457632732,136082.32,38730.47,C2979958124,52.85,97404.7,0,0.0,0
189,CASH_OUT,1.0,C3875303857,0.0,0.0,C6336171726,14155.11,14155.11,0,0.0,0
569,TRANSFER,5196.67,C4949801453,5653.3,456.63,C1378134712,119390.54,124587.21,1,0.01,0
608,CASH_IN,2269.79,C1717346250,648.37,2918.16,C3894673596,2429.49,2429.49,0,0.0,0
345,PAYMENT,6091.84,C2591589823,24202.44,18110.6,M7764117705,0.0,0.0,0,0.0,0
4,TRANSFER,724.24,C7829772942,669.89,0.0,M1857561275,0.0,0.0,1,0.29333333333333333,0
142,TRANSFER,84.22,C7088949191,104.92,20.7,C8235717104,1078.44,1162.66,0,0.01,0
130,TRANSFER,851.4,C5703357871,751.59,0.0,C3815389788,3257.86,3257.86,1,0.0,0
534,PAYMENT,25.46,C5634076661,27.41,1.95,M8778927211,0.0,0.0,0,0.0,0
678,TRANSFER,3854.81,C5421051452,5209.74,1354.93,M8458323087,0.0,0.0,1,0.31,0
678,CASH_IN,1472.62,C6562457052,14155.47,15628.09,C5586143660,383.19,383.19,0,0.0,0
376,TRANSFER,1247.74,C3465740756,1699.33,451.59,C2227193073,4.81,4.81,1,0.11333333333333333,0
715,CASH_OUT,159.94,C4631048029,347.01,187.07,C5358791907,78529.06,78529.06,0,0.006666666666666667,0
456,CASH_OUT,1.0,C8953726023,0.0,0.0,C1939777262,703.59,703.59,0,0.10333333333333333,0
356,TRANSFER,7.0,C6046864799,15.56,8.56,C5315211627,0.0,7.0,0,0.15,0
611,PAYMENT,731.04,C2802141793,1041.27,310.23,M3208200227,0.0,0.0,0,0.0,0
559,CASH_OUT,186.74,C3837784389,210.27,23.53,C9558091177,13.22,13.22,1,0.03666666666666667,0
559,CASH_IN,135943.71,C4602080228,4933.34,140877.05,C6289150149,54.06,54.06,0,0.0,0
399,CASH_OUT,1.0,C8084809436,0.0,0.0,C9798613995,33.58,33.58,0,0.02,0
202,CASH_OUT,1190.23,C2423995953,1208.33,18.1,C3047869247,249.41,249.41,1,0.0033333333333333335,0
316,PAYMENT,1.0,C6711463258,0.0,0.0,M6045729129,0.0,0.0,0,0.0,0
512,TRANSFER,9765.87,C6311894154,13408.74,3642.87,C7266763552,32568.11,42333.98,0,0.0033333333333333335,0
713,TRANSFER,1.0,C6358023411,0.0,0.0,C5703357871,0.0,1.0,0,0.21333333333333335,0
485,CASH_OUT,442.89,C9421518487,375.92,0.0,C5199176431,2087.66,2087.66,1,0.07666666666666666,0
397,PAYMENT,150.72,C2952996248,322.15,171.43,M1504729135,0.0,0.0,0,0.0,0
470,TRANSFER,1471.53,C5693307665,1757.16,285.63,M7764117705,0.0,0.0,1,0.21333333333333335,0
461,TRANSFER,2350.52,C7519578899,2481.97,131.45,M2328736852,0.0,0.0,1,0.38,0
354,CASH_IN,39609.93,C6124453431,279339.04,318948.97,C8375996697,184.96,184.96,0,0.0,0
218,TRANSFER,228.08,C1036351450,384.81,156.73,C1387652480,29106.53,29334.61,0,0.0,0
380,CASH_OUT,109.77,C5141285960,543.49,433.72,C1657675888,0.0,0.0,0,0.016666666666666666,0
98,CASH_OUT,5.86,C2351531223,8.6,2.74,C7229869819,2.89,2.89,0,0.0033333333333333335,0
548,CASH_OUT,711.91,C7321180787,718.82,6.91,M6763471833,0.0,0.0,1,0.05,0
555,CASH_OUT,97174.56,C9597198563,83759.14,0.0,C6178804925,3933.51,3933.51,1,0.22666666666666666,0
710,DEBIT,5479.59,C4472312361,12774.51,7294.92,M2571632270,0.0,0.0,0,0.03333333333333333,0
120,TRANSFER,1.0,C7882206934,0.0,0.0,C5951406973,1979.83,1980.83,0,0.01,0
41,TRANSFER,817.22,C8380507338,824.78,7.56,C5418232833,20.83,838.05,1,0.03,0
444,TRANSFER,1.0,C2879792991,0.0,0.0,C6214917780,226.92,227.92,0,0.10666666666666667,0
121,TRANSFER,5964.8,C5141593270,5002.61,0.0,C6246716604,2258.12,2258.12,1,0.07333333333333333,0
64,PAYMENT,58.26,C6661014794,119.19,60.93,M9288057824,0.0,0.0,0,0.0,0
660,TRANSFER,1.0,C8382963909,0.0,0.0,C8270110908,3937.21,3938.21,0,0.05333333333333334,0
683,PAYMENT,18.78,C8636525027,26.96,8.18,M8667946580,0.0,0.0,0,0.0,0
101,CASH_OUT,3.74,C3995732958,8.45,4.71,C4507822591,788.99,788.99,0,0.013333333333333334,0
329,TRANSFER,399.96,C5870268582,387.24,0.0,M7437168216,0.0,0.0,1,0.23333333333333334,0
677,TRANSFER,22.22,C4660390742,26.05,3.83,C7519578899,131.45,153.67,0,0.08666666666666667,0
20,PAYMENT,1183.55,C1717346250,2918.16,1734.61,M1343875431,0.0,0.0,0,0.0,0
321,PAYMENT,22406.36,C5578929439,70325.99,47919.63,M2155671697,0.0,0.0,0,0.0,0
193,CASH_OUT,24795.17,C2065354117,28709.24,3914.07,C4181102664,342.82,342.82,0,0.0,0
609,TRANSFER,1.0,C2293434554,0.0,0.0,C7517938612,9951.36,9952.36,0,0.013333333333333334,0
503,CASH_IN,1342.93,C1513003815,39.95,1382.88,C2424706705,0.0,0.0,0,0.0,0
249,TRANSFER,13.92,C4131575764,39.26,25.34,C1139082827,0.0,13.92,0,0.15666666666666668,0
488,PAYMENT,28.24,C5078551333,70.08,41.84,M8218146534,0.0,0.0,0,0.0,0
137,CASH_OUT,45416.75,C3316277000,58823.58,13406.83,M3313346852,0.0,0.0,1,0.0,0
578,TRANSFER,23277.09,C7759781156,31108.86,7831.77,C5160575046,8.09,8.09,1,0.23666666666666666,0
155,PAYMENT,131.43,C6488854841,508.09,376.66,M6199197408,0.0,0.0,0,0.0,0
308,TRANSFER,5031.99,C3389594115,4379.33,0.0,M8874242713,0.0,0.0,1,0.78,1
286,PAYMENT,856.29,C2181241943,1036.29,180.0,M9918338001,0.0,0.0,0,0.0,0
559,TRANSFER,1356.87,C1110533960,1172.41,0.0,M5156392601,0.0,0.0,1,0.45666666666666667,0
343,CASH_OUT,451.15,C3003484425,640.56,189.41,C8527715219,302.68,302.68,1,0.023333333333333334,0
513,PAYMENT,3233.58,C8243746556,69767.88,66534.3,M3495411322,0.0,0.0,0,0.0,0
72,CASH_OUT,29864.76,C5328166990,51590.3,21725.54,C1682781467,0.0,0.0,0,0.0,0
170,CASH_OUT,18.48,C2952996248,171.43,152.95,C5829062179,10.24,10.24,0,0.0,0
637,PAYMENT,357.33,C8137972345,490.35,133.02,M7168105904,0.0,0.0,0,0.0,0
204,PAYMENT,52.83,C8168204967,74.44,21.61,M1802753761,0.0,0.0,0,0.0,0
81,CASH_IN,13032.8,C1600406558,46293.04,59325.84,C8373547961,9.64,9.64,0,0.0,0
86,PAYMENT,22.44,C6634526139,27.86,5.42,M9255306810,0.0,0.0,0,0.0,0
120,CASH_OUT,1863.26,C3597724331,7435.32,5572.06,C1361845490,0.0,0.0,0,0.0,0
385,CASH_OUT,50277.75,C7266763552,42333.98,0.0,M8626371177,0.0,0.0,1,0.006666666666666667,0
401,PAYMENT,1.0,C3528924461,0.0,0.0,M9776500600,0.0,0.0,0,0.0,0
630,TRANSFER,1.0,C2984460654,0.0,0.0,C4783282817,0.0,1.0,0,0.23333333333333334,0
376,TRANSFER,12.51,C1614685938,38.64,26.13,C5187948804,0.0,12.51,0,0.15333333333333332,0
611,DEBIT,5.77,C7092693247,12.02,6.25,M4522855590,0.0,0.0,0,0.03,0
54,TRANSFER,780.12,C8719734235,721.49,0.0,M3580582653,0.0,0.0,1,0.29,0
422,CASH_OUT,18.08,C2914590233,74.26,56.18,C8012696455,0.0,0.0,0,0.043333333333333335,0
331,TRANSFER,178.13,C1037811610,189.35,11.22,C7299420031,37.88,37.88,1,0.09666666666666666,0
624,PAYMENT,1.0,C4096932037,0.0,0.0,M7764117705,0.0,0.0,0,0.0,0
401,TRANSFER,2831.46,C9116428507,3331.19,499.73,C6242173772,44.32,44.32,1,0.14333333333333334,0
267,TRANSFER,3546.68,C9715314442,4625.63,1078.95,C2017675569,17355.95,17355.95,1,0.0,0
81,TRANSFER,187.71,C2549748436,708.65,520.94,C4287687478,159726.32,159914.03,0,0.0033333333333333335,0
232,TRANSFER,39567.15,C1674555072,48320.14,8752.99,C9467483275,0.0,39567.15,0,0.0,0
194,PAYMENT,1.0,C2424706705,0.0,0.0,M9918338001,0.0,0.0,0,0.0,0
23,TRANSFER,7886.36,C1242425303,16040.7,8154.34,C7415801613,14.72,7901.08,0,0.0,0
138,CASH_OUT,2.84,C2224363672,3.07,0.23,C5911625145,385.22,385.22,0,0.0033333333333333335,0
360,PAYMENT,1.0,C5344083406,0.0,0.0,M9921025990,0.0,0.0,0,0.0,0
641,TRANSFER,2053.29,C4492602049,2021.58,0.0,M4896576569,0.0,0.0,1,0.79,1
271,CASH_OUT,2270.55,C7311011808,4938.42,2667.87,C6115750294,3481.6,3481.6,0,0.0,0
194,TRANSFER,3107.14,C4386667704,3812.39,705.25,M4601406440,0.0,0.0,1,0.19333333333333333,0
565,TRANSFER,9870.26,C7935554354,10994.88,1124.62,C5641959772,5.49,9875.75,0,0.016666666666666666,0
399,TRANSFER,1496.23,C9432088993,2078.58,582.35,C9376711497,0.0,1496.23,0,0.006666666666666667,0
691,TRANSFER,3630.2,C5588254555,4818.99,1188.79,M9043367776,0.0,0.0,1,0.31,0
46,PAYMENT,45.51,C7763765757,304.99,259.48,M5412437658,0.0,0.0,0,0.0,0
407,PAYMENT,1.0,C8505373158,0.0,0.0,M3297681898,0.0,0.0,0,0.0,0
573,PAYMENT,735.05,C5710360983,900.58,165.53,M3322580659,0.0,0.0,0,0.0,0
346,TRANSFER,205.2,C4574027737,593.53,388.33,C8833889083,3.54,208.74,0,0.016666666666666666,0
655,CASH_OUT,133.57,C5667503195,146.79,13.22,C4735334423,0.0,0.0,0,0.03333333333333333,0
270,TRANSFER,3374.73,C7417183769,11345.28,7970.55,C5329194647,0.0,3374.73,0,0.0,0
405,PAYMENT,26.23,C4972536230,54.79,28.56,M1185303518,0.0,0.0,0,0.0,0
254,TRANSFER,1.0,C4735334423,0.0,0.0,C1110724913,29745.44,29746.44,0,0.0,0
621,PAYMENT,1.0,C6461974809,0.5,0.0,M6200141898,0.0,0.0,0,0.0,0
509,TRANSFER,1769.39,C6447717367,1597.31,0.0,M5815678365,0.0,0.0,1,0.5366666666666666,1
109,CASH_OUT,35988.2,C1955345537,42921.11,6932.91,C1799718923,0.0,0.0,1,0.0,0
379,CASH_IN,2285.78,C7465834732,406.98,2692.76,C5272119095,99.39,99.39,0,0.0,0
276,CASH_OUT,161.58,C6048096802,308.74,147.16,C7551874474,121462.33,121462.33,0,0.0033333333333333335,0
530,CASH_OUT,420.69,C1510289448,737.71,317.02,C8833889083,208.74,208.74,0,0.02666666666666667,0
420,PAYMENT,53.17,C1131267917,2878.24,2825.07,M6866146362,0.0,0.0,0,0.0,0
274,CASH_OUT,5321.96,C4102821948,6450.07,1128.11,C7508080884,297.04,297.04,1,0.0033333333333333335,0
694,PAYMENT,47.68,C3880327491,93.32,45.64,M7341757401,0.0,0.0,0,0.0,0
720,CASH_OUT,39.47,C8663837890,156.46,116.99,C1613549255,0.0,0.0,0,0.03,0
583,CASH_IN,7331.0,C6038780151,1.0,7332.0,C2416760621,57474.72,57474.72,0,0.0,0
292,CASH_OUT,100.97,C1036351450,156.73,55.76,C1487258103,82.14,82.14,0,0.0,0
82,TRANSFER,4439.94,C9508499533,3753.61,0.0,M6053489772,0.0,0.0,1,0.82,1
295,TRANSFER,772.24,C2452066459,1138.68,366.44,C5140460939,0.0,772.24,0,0.0033333333333333335,0
11,DEBIT,1.0,C4492602049,0.0,0.0,M9640701016,0.0,0.0,0,0.023333333333333334,0
121,PAYMENT,83.69,C4172006012,230.97,147.28,M6525576685,0.0,0.0,0,0.0,0
700,DEBIT,9553.09,C2525930586,11643.71,2090.62,M7750131975,0.0,0.0,0,0.03333333333333333,0
405,PAYMENT,1.0,C6418365941,0.0,0.0,M2418407139,0.0,0.0,0,0.0,0
699,PAYMENT,1.0,C1659663750,0.0,0.0,M4554178984,0.0,0.0,0,0.0,0
508,PAYMENT,2366.95,C6884333221,4618.2,2251.25,M6992094064,0.0,0.0,0,0.0,0
540,CASH_OUT,72.22,C3424843951,86.38,14.16,C8366884200,2.52,2.52,0,0.03666666666666667,0
98,PAYMENT,24.87,C5884080139,52421.3,52396.43,M3317856944,0.0,0.0,0,0.0,0
494,PAYMENT,6648.4,C6340003593,9023.49,2375.09,M1783432867,0.0,0.0,0,0.0,0
661,TRANSFER,19699.73,C9333798503,30770.2,11070.47,C7988845536,38043.13,57742.86,0,0.0033333333333333335,0
308,TRANSFER,2445.98,C1230624431,3285.54,839.56,C8841851495,0.0,2445.98,1,0.0,0
426,PAYMENT,10.18,C9776185998,777.39,767.21,M4908108692,0.0,0.0,0,0.0,0
190,TRANSFER,1560.0,C9305502799,1890.62,330.62,C2941289685,0.0,0.0,1,0.15666666666666668,0
73,CASH_OUT,426.78,C7146318035,87040.01,86613.23,C2914126243,42.41,42.41,0,0.0,0
119,TRANSFER,972.21,C2616884203,874.18,0.0,M6247463262,0.0,0.0,1,0.31666666666666665,0
484,PAYMENT,3.43,C5729866281,157.44,154.01,M6275155878,0.0,0.0,0,0.0,0
88,CASH_OUT,326.29,C4574027737,388.33,62.04,C2879792991,0.0,0.0,1,0.0,0
519,PAYMENT,11.13,C5982744929,16.73,5.6,M8964269909,0.0,0.0,0,0.0,0
646,PAYMENT,4062.14,C7248258423,4883.6,821.46,M3831598303,0.0,0.0,0,0.0,0
615,PAYMENT,1.0,C8507497883,0.0,0.0,M4160161496,0.0,0.0,0,0.0,0
434,CASH_OUT,1998.52,C2965718821,2219.12,220.6,C1674555072,8752.99,8752.99,1,0.043333333333333335,0
385,TRANSFER,125.68,C7910439839,178.34,52.66,C5183211669,12327.24,12452.92,0,0.0,0
629,TRANSFER,101.29,C1644608746,187.39,86.1,C7337225482,44986.91,45088.2,0,0.0,0
438,TRANSFER,1819.35,C1717346250,1734.61,0.0,M1811839103,0.0,0.0,1,0.58,1
159,CASH_IN,539.11,C5212581851,25663.29,26202.4,C7430757004,19.35,19.35,0,0.0,0
331,PAYMENT,1.0,C9081544414,0.0,0.0,M1676220116,0.0,0.0,0,0.0,0
135,PAYMENT,3.42,C9894847574,5.84,2.42,M9918338001,0.0,0.0,0,0.0,0
174,PAYMENT,2.04,C9333798503,11070.47,11068.43,M8218146534,0.0,0.0,0,0.0,0
482,TRANSFER,121.65,C1939042955,175.1,53.45,C8390631634,2638.29,2759.94,0,0.03,0
102,TRANSFER,1.0,C8133593748,0.0,0.0,C6777263354,0.0,1.0,0,0.22666666666666666,0
475,CASH_OUT,154478.53,C4283432667,201364.73,46886.2,C5036200310,35.52,35.52,1,0.016666666666666666,0
446,DEBIT,14.73,C2126077199,258.36,243.63,M4399143287,0.0,0.0,0,0.02,0
58,TRANSFER,1955.54,C9279291478,2769.52,813.98,M7969674420,0.0,0.0,1,0.18333333333333332,0
538,CASH_OUT,283.51,C7845366946,303.46,19.95,C7061419749,0.0,0.0,0,0.04,0
623,PAYMENT,122.82,C5633956194,144.11,21.29,M9523139706,0.0,0.0,0,0.0,0
523,TRANSFER,1.0,C1361845490,0.0,0.0,C2174793230,27.76,28.76,0,0.18333333333333332,0
535,PAYMENT,123.29,C9463197203,135.43,12.14,M3317856944,0.0,0.0,0,0.0,0
709,TRANSFER,468.65,C9493209128,461.5,0.0,M1240140248,0.0,0.0,1,0.22666666666666666,0
94,TRANSFER,238.59,C7508080884,297.04,58.45,C1756345332,90.24,90.24,1,0.07666666666666666,0
338,CASH_OUT,1.0,C8370987661,0.0,0.0,C8316205130,0.0,0.0,0,0.03333333333333333,0
282,PAYMENT,19484.2,C9805620900,71003.02,51518.82,M8102481401,0.0,0.0,0,0.0,0
70,PAYMENT,169.96,C1561417687,235.18,65.22,M1666898313,0.0,0.0,0,0.0,0
291,CASH_OUT,2405.01,C7846365089,4616.13,2211.12,C9697354961,1995.01,1995.01,0,0.0,0
59,CASH_OUT,1.0,C5703357871,1.0,0.0,C6131005449,233.03,233.03,0,0.0,0
412,CASH_OUT,43940.45,C3020939193,152047.33,108106.88,C8316205130,0.0,0.0,0,0.013333333333333334,0
210,TRANSFER,2462.06,C5403510324,2300.37,0.0,C6655089949,0.0,0.0,1,0.7966666666666666,1
446,PAYMENT,29.0,C8675071314,70120.87,70091.87,M2541015125,0.0,0.0,0,0.0,0
136,CASH_OUT,2804.21,C9505085936,2910.88,106.67,C7525240100,19.59,19.59,1,0.0033333333333333335,0
100,PAYMENT,1561.45,C3971203213,2553.1,991.65,M6846530109,0.0,0.0,0,0.0,0
13,PAYMENT,9.4,C5334769475,34.79,25.39,M3438830691,0.0,0.0,0,0.0,0
196,PAYMENT,1.0,C4264134512,1.0,0.0,M8778927211,0.0,0.0,0,0.0,0
712,PAYMENT,2763.32,C8949781901,3067.32,304.0,M6384311581,0.0,0.0,0,0.0,0
125,PAYMENT,101.76,C2753617371,164.28,62.52,M3317856944,0.0,0.0,0,0.0,0
712,CASH_OUT,82.18,C7150970643,211.69,129.51,C5638860656,10.57,10.57,0,0.02,0
154,TRANSFER,15229.3,C2014766981,25889.39,10660.09,C2720484983,0.0,15229.3,0,0.0,0
638,PAYMENT,12369.61,C6880115912,93677.46,81307.85,M9398575277,0.0,0.0,0,0.0,0
542,PAYMENT,1.0,C5141593270,0.0,0.0,M8727805468,0.0,0.0,0,0.0,0
564,DEBIT,154.79,C4990452762,386.27,231.48,M4125758723,0.0,0.0,0,0.023333333333333334,0
117,PAYMENT,1.0,C3058982440,0.0,0.0,M7960713821,0.0,0.0,0,0.0,0
679,PAYMENT,3101.74,C2065354117,3914.07,812.33,M9631695368,0.0,0.0,0,0.0,0
134,TRANSFER,1.0,C1392245997,0.0,0.0,C8674224347,3293.93,3294.93,0,0.0,0
354,TRANSFER,2409.54,C3293560436,2520.66,111.12,M5985331805,0.0,0.0,1,0.37333333333333335,0
638,TRANSFER,2131.29,C4405620755,1816.49,0.0,C2625792787,0.0,0.0,1,0.6366666666666667,1
293,PAYMENT,1.0,C9508499533,0.0,0.0,M7678293431,0.0,0.0,0,0.0,0
341,TRANSFER,129960.2,C9032096058,113512.61,0.0,M7537130187,0.0,0.0,1,0.92,1
664,PAYMENT,2110.24,C4026113008,2781.01,670.77,M6498703287,0.0,0.0,0,0.0,0
660,TRANSFER,1908.61,C3887823121,2425.21,516.6,M4242579642,0.0,0.0,1,0.31,0
294,DEBIT,1.0,C9953941533,2.72,1.72,M3107992942,0.0,0.0,0,0.03666666666666667,0
157,PAYMENT,1.0,C7316122432,0.0,0.0,M6282009986,0.0,0.0,0,0.0,0
534,TRANSFER,152.1,C8471762590,197.81,45.71,C6340003593,2375.09,2375.09,1,0.03333333333333333,0
318,CASH_OUT,1.0,C2158638062,0.0,0.0,C7305101214,142858.92,142858.92,0,0.0,0
400,CASH_OUT,2728.95,C7623575561,2687.29,0.0,M6384311581,0.0,0.0,1,0.13,0
132,TRANSFER,25377.08,C5130589741,115019.33,89642.25,C6756332150,0.0,25377.08,0,0.0,0
531,TRANSFER,4757.08,C9516893896,4388.2,0.0,M5985331805,0.0,0.0,1,0.95,1
55,CASH_OUT,4432.83,C5819946657,4328.19,0.0,M6763471833,0.0,0.0,1,0.043333333333333335,0
355,TRANSFER,2208.96,C4277581356,2301.24,92.28,C9138644862,67.75,2276.71,1,0.023333333333333334,0
467,CASH_OUT,1251.72,C7801180691,1151.69,0.0,M5815678365,0.0,0.0,1,0.37666666666666665,0
546,TRANSFER,70.99,C2753617371,62.52,0.0,C8208584394,419.3,419.3,1,0.1,0
358,TRANSFER,38134.84,C9911329062,38303.63,168.79,M3019265031,0.0,0.0,1,0.2733333333333333,0
236,PAYMENT,122.58,C5296710795,895.59,773.01,M9020002737,0.0,0.0,0,0.0,0
92,DEBIT,68.9,C7209571615,112.59,43.69,M2571632270,0.0,0.0,0,0.02,0
605,TRANSFER,257.32,C7471636437,849.61,592.29,C4014119648,39.6,296.92,0,0.07,0
10,TRANSFER,2898.68,C5759234471,3051.01,152.33,C3003484425,189.41,189.41,1,0.03,0
378,CASH_OUT,1.0,C8285000265,0.0,0.0,C9621419224,73.5,73.5,0,0.013333333333333334,0
384,CASH_IN,53281.25,C5998623100,653.44,53934.69,C2317723211,3.6,3.6,0,0.0,0
69,CASH_OUT,105.44,C6576395496,98.97,0.0,M3508990774,0.0,0.0,1,0.013333333333333334,0
692,PAYMENT,12.96,C8598503901,172.83,159.87,M1096405016,0.0,0.0,0,0.0,0
654,CASH_OUT,5118.72,C3597724331,5572.06,453.34,C4531928910,134898.61,134898.61,1,0.0,0
367,DEBIT,6334.8,C8275679594,7473.97,1139.17,M5919148165,0.0,0.0,0,0.02,0
228,CASH_OUT,1.0,C3484872186,0.0,0.0,C7049001493,0.0,0.0,0,0.013333333333333334,0
439,TRANSFER,2486.66,C3639796200,3103.63,616.97,C9592390865,0.0,0.0,1,0.26,0
399,PAYMENT,5.99,C6173344564,18.79,12.8,M9822499208,0.0,0.0,0,0.0,0
698,TRANSFER,1.0,C4594787485,0.0,0.0,C8151583833,2252.23,2253.23,0,0.05,0
552,CASH_OUT,6364.35,C3691864041,7084.27,719.92,C4531928910,134898.61,134898.61,0,0.0033333333333333335,0
455,PAYMENT,21.12,C5879617459,56.05,34.93,M9523139706,0.0,0.0,0,0.0,0
84,CASH_OUT,495.78,C2183906581,1314.12,818.34,C2926780541,2274.6,2274.6,0,0.0033333333333333335,0
321,PAYMENT,1.0,C5612645121,3.26,2.26,M3846182436,0.0,0.0,0,0.0,0
233,DEBIT,1.0,C3799264931,1.06,0.06,M3508990774,0.0,0.0,0,0.03333333333333333,0
98,CASH_IN,111185.21,C3426709025,16564.18,127749.39,C9837912162,764.73,764.73,0,0.0,0
569,CASH_OUT,2945.32,C2317723211,3205.8,260.48,C7402059279,1253.53,1253.53,1,0.023333333333333334,0
240,TRANSFER,1618.1,C9248574674,1829.98,211.88,C6186758088,21546.4,21546.4,1,0.0,0
502,PAYMENT,117.59,C1590985753,260.34,142.75,M1908459040,0.0,0.0,0,0.0,0
467,CASH_OUT,1.0,C2941508568,0.0,0.0,C1099541460,205.43,205.43,0,0.08,0
22,CASH_OUT,348.11,C1084790270,296.59,0.0,C6110943464,12.72,12.72,1,0.0033333333333333335,0
623,CASH_OUT,4149.26,C7059726570,3652.5,0.0,M6820149016,0.0,0.0,1,0.23333333333333334,0
89,PAYMENT,1.0,C2620054076,0.0,0.0,M7341757401,0.0,0.0,0,0.0,0
657,CASH_OUT,20.15,C1446362270,30.37,10.22,C6982610835,54923.9,54923.9,0,0.013333333333333334,0
656,CASH_OUT,1.0,C7010379415,1.0,0.0,C3250402001,4647.98,4647.98,0,0.02,0
1,TRANSFER,22822.02,C7374584386,20974.62,0.0,M2155671697,0.0,0.0,1,0.6333333333333333,1
305,PAYMENT,1.0,C1558631501,0.0,0.0,M1458227039,0.0,0.0,0,0.0,0
518,TRANSFER,1114.12,C6884333221,2251.25,1137.13,C6218484323,86817.25,87931.37,0,0.0033333333333333335,0
15,CASH_OUT,3845.07,C6461974809,3612.13,0.0,M8030400668,0.0,0.0,1,0.03333333333333333,0
321,TRANSFER,25.5,C5227828349,29.14,3.64,C2308496151,1835.84,1861.34,0,0.0,0
124,TRANSFER,3917.13,C9451577335,3650.62,0.0,C5135595227,73.86,73.86,1,0.43333333333333335,0
462,PAYMENT,1.0,C6822870815,0.0,0.0,M9576264323,0.0,0.0,0,0.0,0
251,PAYMENT,251.31,C5428082088,609.56,358.25,M2555936898,0.0,0.0,0,0.0,0
430,CASH_OUT,199.76,C6792661894,424.29,224.53,C3045102506,2995.55,2995.55,0,0.02666666666666667,0
215,TRANSFER,70564.19,C8076527214,92686.14,22121.95,C8282534126,1.2,1.2,1,0.25333333333333335,0
289,CASH_OUT,1357.09,C7305101214,142858.92,141501.83,C1798112150,32468.07,32468.07,0,0.0,0
584,CASH_OUT,152.66,C7508522951,237.36,84.7,C1674755608,1841.29,1841.29,0,0.02666666666666667,0
614,TRANSFER,5341.6,C5659161352,5654.37,312.77,M7969674420,0.0,0.0,1,0.3466666666666667,0
64,TRANSFER,61586.17,C6392415228,74141.47,12555.3,C7668801906,358.5,358.5,1,0.02666666666666667,0
163,TRANSFER,20.48,C1676168421,24.23,3.75,C7229869819,2.89,23.37,0,0.16,0
175,TRANSFER,1201.49,C6804850108,1304.66,103.17,C2073755632,17397.07,17397.07,1,0.0,0
371,TRANSFER,4.26,C5952163720,13.42,9.16,C5829062179,10.24,14.5,0,0.12333333333333334,0
575,PAYMENT,86.48,C8375996697,184.96,98.48,M9441870024,0.0,0.0,0,0.0,0
445,TRANSFER,656.5,C5296710795,773.01,116.51,C1225953184,0.0,656.5,0,0.04,0
459,TRANSFER,5123.19,C3587283948,4947.2,0.0,C1225953184,656.5,656.5,1,0.3933333333333333,0
99,TRANSFER,849.72,C2963288053,737.83,0.0,C8755749566,14.73,14.73,1,0.26,0
491,PAYMENT,891.04,C2072355594,948.83,57.79,M7230477043,0.0,0.0,0,0.0,0
367,CASH_OUT,1.0,C6447717367,0.0,0.0,C3196545325,0.0,0.0,0,0.03333333333333333,0
491,TRANSFER,39.31,C2349641712,55.84,16.53,C3958590550,742.7,782.01,0,0.05333333333333334,0
409,TRANSFER,22.92,C5334769475,25.39,2.47,C7887950851,0.0,22.92,0,0.16333333333333333,0
334,CASH_OUT,554.61,C4786674545,646.6,91.99,C8934097788,15791.13,15791.13,0,0.0033333333333333335,0
142,PAYMENT,190.62,C5659161352,312.77,122.15,M3469205576,0.0,0.0,0,0.0,0
231,CASH_OUT,151.61,C3095318649,140.52,0.0,M7960713821,0.0,0.0,1,0.02666666666666667,0
600,PAYMENT,1.46,C1600566083,1.65,0.19,M3156792018,0.0,0.0,0,0.0,0
479,TRANSFER,2.14,C9255898264,2.7,0.56,C4145461251,355.41,357.55,0,0.10333333333333333,0
217,TRANSFER,17725.21,C2017675569,17355.95,0.0,M5891831621,0.0,0.0,1,0.9066666666666666,1
529,TRANSFER,12863.14,C2075321966,11394.14,0.0,M3457877922,0.0,0.0,1,0.89,1
376,DEBIT,2033.71,C4289233844,6624.25,4590.54,M4896576569,0.0,0.0,0,0.02,0
473,TRANSFER,7.77,C3589530484,17.31,9.54,C9098129449,109791.46,109799.23,0,0.0,0
479,TRANSFER,24770.51,C1158998032,27490.41,2719.9,M2778069478,0.0,0.0,1,0.33,0
35,TRANSFER,7562.0,C4538382315,8225.83,663.83,M5815678365,0.0,0.0,1,0.19333333333333333,0
480,TRANSFER,4410.0,C2625792787,4241.16,0.0,C3758823240,8570.91,8570.91,1,0.13,0
416,TRANSFER,1.37,C1855256552,6.25,4.88,C3780439666,383.73,385.1,0,0.05,0
557,PAYMENT,1.0,C9049270990,0.0,0.0,M2869931869,0.0,0.0,0,0.0,0
10,CASH_OUT,5922.05,C7004510516,6040.47,118.42,C1710924824,5942.42,5942.42,1,0.0,0
119,CASH_OUT,295.87,C8106401208,285.7,0.0,M5570190774,0.0,0.0,1,0.01,0
119,TRANSFER,3791.86,C9032096058,3395.7,0.0,C4990452762,231.48,231.48,1,0.27666666666666667,0
645,TRANSFER,321.24,C4643576871,276.69,0.0,C4586784711,22940.84,22940.84,1,0.0,0
627,PAYMENT,5.12,C5569145346,8.5,3.38,M5694439775,0.0,0.0,0,0.0,0
696,PAYMENT,9.02,C8997701619,11.76,2.74,M7343954769,0.0,0.0,0,0.0,0
541,PAYMENT,1.0,C8493451569,0.0,0.0,M5156392601,0.0,0.0,0,0.0,0
162,TRANSFER,1200.84,C2893321208,1158.38,0.0,M7537130187,0.0,0.0,1,0.3433333333333333,0
503,TRANSFER,1975.97,C2870403050,2337.77,361.8,M8030400668,0.0,0.0,1,0.3,0
533,PAYMENT,1.0,C2647489402,0.0,0.0,M3846182436,0.0,0.0,0,0.0,0
473,TRANSFER,4804.2,C3197757742,8295.02,3490.82,C8075122626,697.24,5501.44,0,0.023333333333333334,0
366,TRANSFER,1708.19,C6300607425,2269.33,561.14,M6846530109,0.0,0.0,1,0.19,0
664,PAYMENT,1.0,C2801177461,0.0,0.0,M2187592160,0.0,0.0,0,0.0,0
244,TRANSFER,1.0,C5819946657,0.0,0.0,C3521166052,0.0,1.0,0,0.23333333333333334,0
574,TRANSFER,1.0,C1484230338,0.0,0.0,C8471762590,45.71,46.71,0,0.17666666666666667,0
554,PAYMENT,118.53,C7150970643,129.51,10.98,M3636366799,0.0,0.0,0,0.0,0
255,PAYMENT,1.0,C7573442717,0.0,0.0,M5815678365,0.0,0.0,0,0.0,0
199,CASH_OUT,3962.28,C8282534126,4413.72,451.44,C6725038117,13646.0,13646.0,1,0.0,0
544,CASH_OUT,4268.92,C7961674558,4936.28,667.36,M6045729129,0.0,0.0,1,0.03,0
117,PAYMENT,895.23,C4422700486,2876.27,1981.04,M9098037639,0.0,0.0,0,0.0,0
186,PAYMENT,103.95,C1106456634,297.02,193.07,M7861571879,0.0,0.0,0,0.0,0
246,TRANSFER,1.0,C9318010743,0.0,0.0,C4735313433,2.76,3.76,0,0.23,0
548,PAYMENT,1.27,C1541964762,2.44,1.17,M9921025990,0.0,0.0,0,0.0,0
122,PAYMENT,8.84,C7664258343,38.27,29.43,M9933702652,0.0,0.0,0,0.0,0
182,TRANSFER,35713.69,C2458198451,39951.67,4237.98,C4656572173,0.0,0.0,1,0.23666666666666666,0
334,CASH_OUT,38.64,C6242173772,44.32,5.68,C9929101065,209.13,209.13,0,0.0033333333333333335,0
104,TRANSFER,109.2,C1981049082,113.42,4.22,M3192202822,0.0,0.0,1,0.17666666666666667,0
538,TRANSFER,235.61,C8015124886,271.04,35.43,C8858766173,9232.72,9468.33,0,0.01,0
359,CASH_OUT,26.25,C3400244542,47.3,21.05,C3710566582,781.67,781.67,0,0.006666666666666667,0
456,TRANSFER,252.03,C7602474923,233.56,0.0,M6763471833,0.0,0.0,1,0.22666666666666666,0
503,CASH_OUT,3133.65,C6548442140,2761.21,0.0,M3534186676,0.0,0.0,1,0.22333333333333333,0
656,PAYMENT,48.11,C9935429720,683.52,635.41,M5990749811,0.0,0.0,0,0.0,0
656,PAYMENT,381.05,C1626733282,1550.47,1169.42,M1888107487,0.0,0.0,0,0.0,0
179,PAYMENT,76.43,C4274958945,257.74,181.31,M5794335854,0.0,0.0,0,0.0,0
650,PAYMENT,318.54,C1112794026,912.03,593.49,M9065458220,0.0,0.0,0,0.0,0
117,PAYMENT,385.32,C1112794026,593.49,208.17,M8778927211,0.0,0.0,0,0.0,0
88,TRANSFER,1725.11,C3328710672,1878.58,153.47,M9625656293,0.0,0.0,1,0.16,0
533,PAYMENT,230.93,C3515167269,451.99,221.06,M5194066484,0.0,0.0,0,0.0,0
499,TRANSFER,48.57,C8285786023,56.88,8.31,M7861571879,0.0,0.0,1,0.17333333333333334,0
397,PAYMENT,1212.71,C7174772035,1750.36,537.65,M4908108692,0.0,0.0,0,0.0,0
306,TRANSFER,50864.11,C6717963562,77313.13,26449.02,C7470843264,39.09,50903.2,0,0.0,0
58,TRANSFER,13820.95,C4440904834,15618.72,1797.77,C6947080764,129.38,13950.33,0,0.0,0
217,CASH_IN,19060.24,C8382963909,0.0,19060.24,C4786674545,91.99,91.99,0,0.0,0
166,DEBIT,10.46,C1639509845,36.22,25.76,M1666898313,0.0,0.0,0,0.016666666666666666,0
677,PAYMENT,10675.09,C1004665657,156509.36,145834.27,M6401844042,0.0,0.0,0,0.0033333333333333335,0
391,TRANSFER,7151.74,C2866092821,6343.89,0.0,M2711123163,0.0,0.0,1,0.7333333333333333,1
34,TRANSFER,997.12,C8239941612,1245.08,247.96,C4287687478,159914.03,159914.03,1,0.0,0
362,CASH_OUT,5031.03,C2047905204,5566.06,535.03,C5626388820,941.05,941.05,1,0.0033333333333333335,0
651,DEBIT,27.77,C5898890707,34.16,6.39,M4125758723,0.0,0.0,0,0.03,0
360,CASH_OUT,383.27,C3951331472,387.31,4.04,M6101516825,0.0,0.0,1,0.04,0
139,PAYMENT,4.79,C2586568081,5.97,1.18,M9026301048,0.0,0.0,0,0.0,0
281,PAYMENT,98.75,C5693307665,285.63,186.88,M2187592160,0.0,0.0,0,0.0,0
218,DEBIT,307.94,C5586143660,383.19,75.25,M5714658227,0.0,0.0,0,0.016666666666666666,0
466,TRANSFER,4390.08,C3316787198,4178.23,0.0,M7230477043,0.0,0.0,1,0.91,1
268,TRANSFER,21113.2,C9182543558,32043.97,10930.77,C3376077463,0.0,21113.2,0,0.0,0
38,TRANSFER,2516.69,C5077921573,3299.48,782.79,C6894808149,203.18,2719.87,1,0.0,0
283,PAYMENT,1.0,C1613549255,0.0,0.0,M4306983924,0.0,0.0,0,0.0,0
428,CASH_IN,55816.92,C3806215682,0.0,55816.92,C7340428136,0.0,0.0,0,0.0,0
241,TRANSFER,1.0,C8317619798,0.0,0.0,C5269728610,33.17,34.17,0,0.16666666666666666,0
483,TRANSFER,4178.84,C1271730355,29028.65,24849.81,C7099469983,11.86,4190.7,0,0.01,0
137,TRANSFER,32.16,C9218363978,34.37,2.21,C2780136605,0.0,32.16,0,0.16666666666666666,0
107,PAYMENT,42.66,C9457665185,47.67,5.01,M1343875431,0.0,0.0,0,0.0,0
448,CASH_OUT,1.0,C5899025962,0.0,0.0,C2452066459,366.44,366.44,0,0.08,0
107,PAYMENT,520.09,C9292791081,792.28,272.19,M8740820392,0.0,0.0,0,0.0,0
335,PAYMENT,3876.51,C8418332121,4389.83,513.32,M3145756342,0.0,0.0,0,0.0,0
62,CASH_OUT,34486.93,C6656646925,131561.05,97074.12,C4431078106,11177.31,11177.31,0,0.0,0
624,DEBIT,2.86,C6276339732,4.31,1.45,M7651029165,0.0,0.0,0,0.04666666666666667,0
454,PAYMENT,1.0,C2178884276,1.3,0.3,M1083302600,0.0,0.0,0,0.0,0
136,CASH_OUT,182.79,C9237880732,209.45,26.66,M5734228580,0.0,0.0,1,0.0,0
288,TRANSFER,4115.31,C4472312361,7294.92,3179.61,C8833399096,185.59,4300.9,0,0.0,0
633,TRANSFER,1.2,C2774884818,3.57,2.37,C9484167278,239415.2,239416.4,0,0.0,0
351,PAYMENT,8.35,C1485574228,26.18,17.83,M3438830691,0.0,0.0,0,0.0,0
69,TRANSFER,104.94,C1288765093,94.25,0.0,C8417757797,101.93,101.93,1,0.07333333333333333,0
102,PAYMENT,1.0,C3434757387,0.0,0.0,M6313472215,0.0,0.0,0,0.0033333333333333335,0
314,TRANSFER,16756.28,C7568980185,23656.17,6899.89,M2115862756,0.0,0.0,1,0.25666666666666665,0
576,PAYMENT,19620.3,C5358791907,78529.06,58908.76,M2541015125,0.0,0.0,0,0.0,0
63,CASH_OUT,440.01,C6300607425,561.14,121.13,M6558769264,0.0,0.0,1,0.01,0
349,TRANSFER,230.3,C7710396573,234.18,3.88,M4892544235,0.0,0.0,1,0.16333333333333333,0
600,PAYMENT,4.11,C2382129132,4.6,0.49,M2604788242,0.0,0.0,0,0.0,0
77,CASH_OUT,2767.5,C3102209245,2342.68,0.0,M8144889126,0.0,0.0,1,0.056666666666666664,0
42,TRANSFER,3686.36,C3250402001,4647.98,961.62,C1569113257,1380.5,5066.86,0,0.0,0
550,CASH_OUT,330.34,C5428082088,358.25,27.91,C2869999754,28450.36,28450.36,1,0.016666666666666666,0
432,PAYMENT,3567.39,C6656646925,97074.12,93506.73,M8044997538,0.0,0.0,0,0.0,0
486,CASH_OUT,2495.22,C8478529823,2177.32,0.0,C6582557981,435.41,435.41,1,0.27,0
540,DEBIT,9.32,C4470591645,15.26,5.94,M6011842297,0.0,0.0,0,0.03,0
570,TRANSFER,528.61,C1600566083,478.51,0.0,M1257854279,0.0,0.0,1,0.24333333333333335,0
130,CASH_OUT,1.0,C8388580360,0.0,0.0,C4283432667,46886.2,46886.2,0,0.0,0
92,PAYMENT,45.24,C2770980600,169.38,124.14,M1357561213,0.0,0.0,0,0.0,0
327,PAYMENT,43.35,C4014119648,296.92,253.57,M7270955446,0.0,0.0,0,0.0,0
536,CASH_OUT,1742.84,C8285000265,2233.56,490.72,C5115980792,0.0,0.0,1,0.02666666666666667,0
17,TRANSFER,177.32,C8737025391,545.88,368.56,C2905584866,29.79,207.11,0,0.023333333333333334,0
490,PAYMENT,381.67,C7935554354,1124.62,742.95,M2778069478,0.0,0.0,0,0.0,0
111,PAYMENT,236.04,C9354711271,278.48,42.44,M7664045502,0.0,0.0,0,0.0,0
631,TRANSFER,2891.97,C2745958114,3848.89,956.92,C3918046336,64536.65,67428.62,0,0.006666666666666667,0
703,PAYMENT,986.22,C8235717104,1162.66,176.44,M2604788242,0.0,0.0,0,0.0,0
570,TRANSFER,304.37,C9305502799,330.62,26.25,C2825989011,0.0,304.37,0,0.08333333333333333,0
662,TRANSFER,3193.17,C4159699467,3117.78,0.0,M3534186676,0.0,0.0,1,0.9233333333333333,1
209,PAYMENT,8332.99,C9633533290,37987.15,29654.16,M6495967005,0.0,0.0,0,0.0,0
534,PAYMENT,1.04,C1230249217,2.39,1.35,M5714658227,0.0,0.0,0,0.0,0
696,CASH_OUT,13310.54,C6725038117,13646.0,335.46,C7824150224,8.99,8.99,1,0.016666666666666666,0
150,CASH_OUT,633.41,C3553440342,874.36,240.95,M3072183247,0.0,0.0,1,0.0033333333333333335,0
305,PAYMENT,1.0,C4713453204,0.0,0.0,M2518433834,0.0,0.0,0,0.0,0
537,TRANSFER,1.0,C5646880148,0.0,0.0,C5512036684,0.0,1.0,0,0.22333333333333333,0
668,CASH_OUT,51504.42,C8531118333,67622.4,16117.98,C6122110529,283.21,283.21,1,0.0,0
259,PAYMENT,524.7,C4097887746,96999.91,96475.21,M3605446007,0.0,0.0,0,0.0,0
92,PAYMENT,98.75,C5212581851,26202.4,26103.65,M6361225622,0.0,0.0,0,0.0,0
42,TRANSFER,168.79,C7894019119,216.05,47.26,C9626333315,5.82,174.61,0,0.06,0
549,CASH_OUT,215.71,C1045302356,235.62,19.91,M9410569618,0.0,0.0,1,0.04,0
624,CASH_OUT,3595.42,C6929897032,4956.41,1360.99,M1096405016,0.0,0.0,1,0.023333333333333334,0
681,PAYMENT,36.79,C3645901955,102.02,65.23,M6786043791,0.0,0.0,0,0.0,0
515,CASH_OUT,1.0,C8926438617,1.31,0.31,C6717963562,26449.02,26449.02,0,0.02,0
341,CASH_IN,66216.1,C4311931853,114.1,66330.2,C4227004325,1.0,1.0,0,0.0,0
306,PAYMENT,1.0,C1399546384,0.0,0.0,M2869931869,0.0,0.0,0,0.0,0
565,CASH_OUT,4622.62,C6358023411,3852.31,0.0,C5310195918,5114.43,5114.43,1,0.16666666666666666,0
376,TRANSFER,8594.53,C5307145891,7884.23,0.0,C9202102595,6.93,6.93,1,0.6433333333333333,1
679,CASH_OUT,1.78,C9481076448,2.16,0.38,C2916728422,106249.99,106249.99,0,0.0,0
138,CASH_IN,31529.03,C8282534126,451.44,31980.47,C4282810353,277.68,277.68,0,0.0,0
92,TRANSFER,239.22,C8517413631,331.85,92.63,M4641902461,0.0,0.0,1,0.16,0
653,PAYMENT,46.08,C7420846622,126.95,80.87,M3508990774,0.0,0.0,0,0.0,0
679,CASH_OUT,1298.56,C4586139213,1135.04,0.0,M4460319291,0.0,0.0,1,0.18,0
548,CASH_OUT,34.55,C2818381356,62.69,28.14,C6566372886,29.05,29.05,0,0.03333333333333333,0
528,PAYMENT,673.11,C2683446724,1390.59,717.48,M6583604299,0.0,0.0,0,0.0,0
289,TRANSFER,1158.34,C5751366455,1021.76,0.0,C1041531046,11446.73,12605.07,1,0.0,0
610,CASH_OUT,20407.07,C4712367625,74026.86,53619.79,C1614685938,26.13,26.13,0,0.01,0
645,TRANSFER,5687.86,C7556046460,4780.46,0.0,C2761091683,2406.33,8094.19,1,0.14333333333333334,0
219,CASH_OUT,904.16,C6362597344,1159.93,255.77,C4482238042,0.0,0.0,1,0.0,0
128,TRANSFER,5855.26,C9454207717,6983.86,1128.6,C8617360361,2337.58,8192.84,0,0.0,0
184,PAYMENT,1.0,C1741134891,0.0,0.0,M3107992942,0.0,0.0,0,0.0,0
136,CASH_OUT,5838.28,C3849232839,4924.42,0.0,M1908459040,0.0,0.0,1,0.043333333333333335,0
419,TRANSFER,5149.22,C8493451569,4503.24,0.0,M7453081889,0.0,0.0,1,0.8733333333333333,1
442,CASH_OUT,1983.0,C1011759631,2354.97,371.97,C9579064478,20.65,20.65,1,0.04666666666666667,0
4,CASH_OUT,502.21,C5607762160,657.63,155.42,C7561728644,9099.59,9099.59,0,0.016666666666666666,0
444,CASH_OUT,618.04,C3710566582,781.67,163.63,C6317152031,0.0,0.0,1,0.08,0
626,PAYMENT,1.0,C4104309491,0.0,0.0,M6894024976,0.0,0.0,0,0.0,0
128,PAYMENT,1.0,C5307145891,0.0,0.0,M4865979921,0.0,0.0,0,0.0,0
207,CASH_OUT,2894.42,C7573691558,3988.57,1094.15,C6317889312,56.69,56.69,0,0.0,0
236,CASH_OUT,4918.4,C5569145346,4704.59,0.0,C6642201119,0.0,0.0,1,0.07,0
220,CASH_IN,12449.6,C9279291478,813.98,13263.58,C8369792370,2527.11,2527.11,0,0.0,0
568,TRANSFER,3533.5,C8370987661,3396.26,0.0,M9822499208,0.0,0.0,1,0.9433333333333334,1
560,PAYMENT,356.6,C3910678913,433.82,77.22,M7282885927,0.0,0.0,0,0.0,0
384,CASH_OUT,1.0,C4482141802,0.0,0.0,C6102144947,601.13,601.13,0,0.03,0
531,CASH_OUT,1.0,C3667292043,0.0,0.0,C5358791907,58908.76,58908.76,0,0.03333333333333333,0
445,TRANSFER,3742.3,C1594312071,4284.75,542.45,M8218146534,0.0,0.0,1,0.2966666666666667,0
99,CASH_IN,6215.87,C8299146480,0.0,6215.87,C1139082827,13.92,13.92,0,0.0,0
93,TRANSFER,1001.71,C5694806361,844.27,0.0,C3434757387,0.0,1001.71,1,0.09333333333333334,0
383,TRANSFER,7905.49,C7243352390,20247.06,12341.57,C1230624431,839.56,8745.05,0,0.0,0
477,PAYMENT,1.0,C9303285822,1.0,0.0,M9021793855,0.0,0.0,0,0.0,0
5,PAYMENT,18.43,C1590838716,20.28,1.85,M2518433834,0.0,0.0,0,0.0,0
235,PAYMENT,1.0,C7186766399,0.0,0.0,M7678293431,0.0,0.0,0,0.0,0
93,CASH_OUT,1137.39,C7640122370,3404.99,2267.6,C9420979586,5263.97,5263.97,0,0.0,0
37,PAYMENT,1.0,C7556078550,0.0,0.0,M1466305100,0.0,0.0,0,0.0,0
593,CASH_OUT,269.45,C3362657890,6236.9,5967.45,C4466589567,0.0,0.0,0,0.023333333333333334,0
357,TRANSFER,17.59,C2914590233,56.18,38.59,C6128695961,307.91,325.5,0,0.0,0
375,CASH_OUT,5678.54,C9420979586,5263.97,0.0,C3142452709,0.0,0.0,1,0.14666666666666667,0
24,PAYMENT,4767.28,C2752536389,10052.12,5284.84,M6525576685,0.0,0.0,0,0.0,0
62,DEBIT,48.27,C8867077130,144.38,96.11,M3317856944,0.0,0.0,0,0.016666666666666666,0
520,PAYMENT,176.48,C3476426797,291.84,115.36,M8740820392,0.0,0.0,0,0.0,0
658,PAYMENT,288.61,C2962491159,340.48,51.87,M9026301048,0.0,0.0,0,0.0,0
610,CASH_OUT,5325.45,C6168291913,6119.74,794.29,M2778069478,0.0,0.0,1,0.02666666666666667,0
202,TRANSFER,57959.86,C5992908271,78923.03,20963.17,M3960136787,0.0,0.0,1,0.24,0
497,CASH_OUT,8345.31,C1983297492,12305.94,3960.63,C4630196130,7.93,7.93,0,0.013333333333333334,0
121,CASH_OUT,35696.86,C3615507143,40193.09,4496.23,C4683935600,10972.24,10972.24,0,0.0033333333333333335,0
104,PAYMENT,137.35,C3319936135,340.86,203.51,M5270048042,0.0,0.0,0,0.0,0
683,CASH_OUT,1852.45,C4472312361,3179.61,1327.16,C9533595495,3430.55,3430.55,0,0.013333333333333334,0
207,PAYMENT,109.55,C3169561289,96046.83,95937.28,M5564953924,0.0,0.0,0,0.0,0
531,PAYMENT,2642.47,C9503787171,5482.78,2840.31,M1240140248,0.0,0.0,0,0.0,0
13,PAYMENT,355.29,C1654477195,499.14,143.85,M7861571879,0.0,0.0,0,0.0,0
706,TRANSFER,3490.32,C7027529118,4261.04,770.72,C9989642546,96.9,96.9,1,0.16,0
409,CASH_OUT,277.79,C4014119648,253.57,0.0,M1442421654,0.0,0.0,1,0.08666666666666667,0
716,TRANSFER,1.0,C3291270703,0.0,0.0,C5151086814,220492.93,220493.93,0,0.0,0
198,PAYMENT,10019.75,C2721355673,111393.74,101373.99,M8144889126,0.0,0.0,0,0.0,0
496,DEBIT,1.0,C7316122432,0.0,0.0,M6732306182,0.0,0.0,0,0.043333333333333335,0
248,TRANSFER,145.18,C3815287619,128.52,0.0,C8372755146,1107.15,1107.15,1,0.013333333333333334,0
372,TRANSFER,240.48,C4015479599,260.96,20.48,M1732578761,0.0,0.0,1,0.15666666666666668,0
17,PAYMENT,3016.44,C9981691030,24289.94,21273.5,M3536590481,0.0,0.0,0,0.0,0
638,PAYMENT,172.33,C4282810353,277.68,105.35,M1083302600,0.0,0.0,0,0.0,0
366,PAYMENT,67.56,C6463640105,116.89,49.33,M2885370603,0.0,0.0,0,0.0,0
73,CASH_OUT,1834.37,C6461974809,2562.44,728.07,M1458227039,0.0,0.0,1,0.0,0
41,TRANSFER,4147.33,C8380507338,4655.58,508.25,C7099469983,4190.7,4190.7,1,0.0033333333333333335,0
337,CASH_OUT,3725.18,C7010379415,3620.06,0.0,C3815389788,3257.86,3257.86,1,0.02,0
545,PAYMENT,41.22,C4095476665,173.01,131.79,M1666898313,0.0,0.0,0,0.0,0
522,PAYMENT,409.3,C4386667704,705.25,295.95,M5194066484,0.0,0.0,0,0.0,0
597,TRANSFER,71.48,C6611356986,93.22,21.74,M3580582653,0.0,0.0,1,0.18,0
302,PAYMENT,122.95,C3738900744,288.43,165.48,M8235474949,0.0,0.0,0,0.0,0
403,TRANSFER,1.0,C8684942020,0.0,0.0,C4776436931,289.35,290.35,0,0.01,0
30,PAYMENT,4910.27,C8531118333,16117.98,11207.71,M3831598303,0.0,0.0,0,0.0,0
564,CASH_OUT,122.65,C8015775567,582.52,459.87,C8370987661,0.0,0.0,0,0.03,0
528,TRANSFER,1.0,C2774884818,2.37,1.37,C2570991899,850.59,851.59,0,0.056666666666666664,0
193,CASH_OUT,1.0,C5993571693,0.0,0.0,C9343730920,62.08,62.08,0,0.0,0
682,PAYMENT,1.0,C5899025962,0.0,0.0,M5585110649,0.0,0.0,0,0.0,0
122,TRANSFER,10193.51,C2409274786,8687.23,0.0,M8740820392,0.0,0.0,1,0.73,1
273,PAYMENT,6.47,C6588316233,12.24,5.77,M1096405016,0.0,0.0,0,0.0,0
420,TRANSFER,4537.47,C7829772942,4186.1,0.0,M5315720088,0.0,0.0,1,0.8766666666666667,1
208,CASH_OUT,58.95,C7648059419,70.4,11.45,C1067198189,67186.1,67186.1,0,0.006666666666666667,0
411,CASH_OUT,1.0,C2843567009,0.0,0.0,C5578056564,185.26,185.26,0,0.07,0
575,TRANSFER,322.08,C3746317213,409.33,87.25,C1519709079,0.0,0.0,1,0.17333333333333334,0
556,TRANSFER,66489.85,C1067198189,67186.1,696.25,C9957813353,184.1,66673.95,1,0.013333333333333334,0
275,TRANSFER,4032.85,C6463640105,3641.38,0.0,C1205082311,250.52,250.52,1,0.21666666666666667,0
540,TRANSFER,1.0,C3952295757,0.0,0.0,C3214080278,0.0,1.0,0,0.22333333333333333,0
233,CASH_OUT,3739.67,C5641959772,9875.75,6136.08,C7059591606,13.66,13.66,0,0.0,0
317,CASH_OUT,1.0,C5278201677,0.0,0.0,C2424706705,0.0,0.0,0,0.03666666666666667,0
495,TRANSFER,1.0,C1288765093,0.0,0.0,C9272277508,4.33,5.33,0,0.19333333333333333,0
335,PAYMENT,267.83,C9437783771,1591.66,1323.83,M6284297249,0.0,0.0,0,0.0,0
56,CASH_OUT,1.0,C2586568081,1.18,0.18,C6620138568,64.57,64.57,0,0.0,0
314,PAYMENT,1.0,C5141593270,0.0,0.0,M3965860354,0.0,0.0,0,0.0,0
191,TRANSFER,359.22,C4566852761,7371.86,7012.64,C5976777081,0.0,359.22,0,0.016666666666666666,0
593,CASH_OUT,13.45,C5431267548,60.36,46.91,C8969097897,0.0,0.0,0,0.03666666666666667,0
706,PAYMENT,49.16,C5837082260,65.42,16.26,M7351460539,0.0,0.0,0,0.0,0
715,PAYMENT,12.18,C1722124509,30.07,17.89,M5087280062,0.0,0.0,0,0.0,0
206,CASH_OUT,285.08,C7750819485,277.93,0.0,M1647181551,0.0,0.0,1,0.02,0
162,TRANSFER,7386.27,C2076151332,35216.98,27830.71,C9272277508,5.33,7391.6,0,0.0,0
682,CASH_OUT,914.72,C3369305560,860.14,0.0,C6715961218,1676.4,1676.4,1,0.13666666666666666,0
681,DEBIT,2.6,C8373547961,9.64,7.04,M8667946580,0.0,0.0,0,0.03,0
542,TRANSFER,1.0,C5714169271,0.0,0.0,C6075963527,3563.96,3564.96,0,0.06,0
130,TRANSFER,5622.65,C6922713963,4917.79,0.0,M6790024996,0.0,0.0,1,0.7233333333333334,1
117,PAYMENT,15.78,C5269728610,34.17,18.39,M3145756342,0.0,0.0,0,0.0,0
278,TRANSFER,286.95,C2423995953,320.32,33.37,M3313346852,0.0,0.0,1,0.16,0
532,CASH_OUT,2468.93,C2140169349,2677.71,208.78,C6305160342,112.27,112.27,1,0.023333333333333334,0
488,CASH_OUT,618.86,C9432088993,582.35,0.0,M4390543744,0.0,0.0,1,0.17333333333333334,0
454,PAYMENT,1.0,C2801177461,0.0,0.0,M9752092528,0.0,0.0,0,0.0,0
350,PAYMENT,125.9,C9462806178,169.97,44.07,M9068916300,0.0,0.0,0,0.0,0
357,CASH_OUT,3099.89,C1195066088,2598.38,0.0,M9620935604,0.0,0.0,1,0.14,0
27,PAYMENT,1.0,C7049001493,0.0,0.0,M6999146585,0.0,0.0,0,0.0,0
323,TRANSFER,2800.47,C7560389844,3237.34,436.87,C9147687657,0.0,2800.47,1,0.0033333333333333335,0
269,PAYMENT,3247.87,C8556573246,82389.73,79141.86,M3595066420,0.0,0.0,0,0.0,0
70,PAYMENT,8545.36,C6717963562,26449.02,17903.66,M8276498637,0.0,0.0,0,0.0,0
636,TRANSFER,563.52,C9514255777,700.21,136.69,M6275155878,0.0,0.0,1,0.15,0
443,CASH_OUT,4228.7,C7229869819,4380.4,151.7,M6011842297,0.0,0.0,1,0.06,0
624,PAYMENT,15876.41,C9467483275,39567.15,23690.74,M7366396017,0.0,0.0,0,0.0,0
404,PAYMENT,1.0,C6756711494,0.0,0.0,M1343875431,0.0,0.0,0,0.0,0
83,CASH_OUT,186.7,C9929101065,209.13,22.43,C7114223633,0.0,0.0,0,0.0,0
124,PAYMENT,179.5,C7665963761,637.76,458.26,M8646369354,0.0,0.0,0,0.0,0
718,TRANSFER,143.9,C4143852021,131.7,0.0,C2283298067,0.0,143.9,1,0.15333333333333332,0
498,CASH_OUT,1.0,C7818568548,0.0,0.0,C9922723063,3.13,3.13,0,0.056666666666666664,0
199,PAYMENT,1.0,C9032096058,0.0,0.0,M3107992942,0.0,0.0,0,0.0,0
371,PAYMENT,1.0,C1736086849,0.0,0.0,M4952177946,0.0,0.0,0,0.0,0
288,PAYMENT,1.0,C9032096058,0.0,0.0,M5325865521,0.0,0.0,0,0.0,0
132,TRANSFER,1480.64,C4524233168,2451.37,970.73,C8531118333,11207.71,12688.35,0,0.0033333333333333335,0
510,CASH_OUT,1.0,C9943959352,0.2,0.0,C6698759353,127.41,127.41,0,0.05,0
123,PAYMENT,1.0,C5144289583,0.0,0.0,M7512767226,0.0,0.0,0,0.0,0
169,CASH_OUT,1936.57,C1121863227,2554.75,618.18,C7092693247,6.25,6.25,1,0.0,0
48,TRANSFER,2078.22,C4079223686,2176.45,98.23,C4163119785,17.53,17.53,1,0.25333333333333335,0
550,PAYMENT,360.89,C3887823121,516.6,155.71,M1694904767,0.0,0.0,0,0.0,0
454,CASH_OUT,1.0,C7750819485,0.0,0.0,C5150090143,0.0,0.0,0,0.09,0
119,PAYMENT,23.05,C1614685938,26.13,3.08,M8874242713,0.0,0.0,0,0.0,0
451,CASH_OUT,2303.9,C4325878813,2509.86,205.96,M9921025990,0.0,0.0,1,0.06333333333333334,0
710,TRANSFER,564.68,C6299224734,2677.78,2113.1,C8761956684,2.02,566.7,0,0.07,0
401,PAYMENT,240.4,C5855415646,797.82,557.42,M4093474499,0.0,0.0,0,0.0,0
277,TRANSFER,1.0,C6691628146,0.0,0.0,C1470939445,0.0,1.0,0,0.23333333333333334,0
137,PAYMENT,2.76,C9457665185,5.01,2.25,M7537130187,0.0,0.0,0,0.0,0
199,CASH_OUT,71.45,C4067213499,77.35,5.9,M3831598303,0.0,0.0,1,0.01,0
698,CASH_OUT,158.14,C3328710672,153.47,0.0,C1519709079,0.0,0.0,1,0.07,0
603,PAYMENT,1.0,C7823288650,0.0,0.0,M7717262223,0.0,0.0,0,0.0,0
319,DEBIT,3930.02,C7568980185,6899.89,2969.87,M3072183247,0.0,0.0,0,0.02,0
389,DEBIT,69.11,C9123207735,85.91,16.8,M5000316394,0.0,0.0,0,0.03,0
85,TRANSFER,3613.79,C3271361431,3591.66,0.0,M8063693463,0.0,0.0,1,0.8233333333333334,1
528,DEBIT,12075.97,C9702693937,14389.88,2313.91,M9398575277,0.0,0.0,0,0.03333333333333333,0
213,CASH_IN,51809.38,C1594312071,542.45,52351.83,C7882206934,0.0,0.0,0,0.0,0
398,TRANSFER,898.36,C6178804925,3933.51,3035.15,C8517413631,92.63,990.99,0,0.006666666666666667,0
132,CASH_OUT,270.86,C2745958114,956.92,686.06,C8122042835,0.0,0.0,0,0.0033333333333333335,0
219,TRANSFER,219.95,C2140169349,208.78,0.0,M5694439775,0.0,0.0,1,0.23666666666666666,0
704,PAYMENT,13.97,C7904559790,53711.13,53697.16,M6130446648,0.0,0.0,0,0.0,0
287,PAYMENT,1563.99,C4993808565,7795.0,6231.01,M8903212516,0.0,0.0,0,0.0,0
696,TRANSFER,252.4,C2825957977,315.24,62.84,M8667946580,0.0,0.0,1,0.16666666666666666,0
248,CASH_OUT,1101.46,C1546957087,1486.01,384.55,C2914590233,38.59,38.59,1,0.0033333333333333335,0
391,PAYMENT,176.9,C2905584866,207.11,30.21,M8366710477,0.0,0.0,0,0.0,0
620,CASH_OUT,727.01,C8086527181,792.46,65.45,C8663837890,116.99,116.99,1,0.056666666666666664,0
427,TRANSFER,2974.02,C8316205130,3535.58,561.56,M1666898313,0.0,0.0,1,0.27666666666666667,0
175,TRANSFER,1.0,C2941508568,0.0,0.0,C4040409964,0.0,1.0,0,0.22333333333333333,0
27,TRANSFER,151.02,C5613655595,139.67,0.0,M9916475897,0.0,0.0,1,0.22666666666666666,0
363,PAYMENT,491.64,C8382963909,19060.24,18568.6,M4122901114,0.0,0.0,0,0.0,0
415,CASH_OUT,694.17,C4403845222,826.8,132.63,M7512767226,0.0,0.0,1,0.08666666666666667,0
451,TRANSFER,157625.13,C6477862024,142745.07,0.0,M4892544235,0.0,0.0,1,0.9533333333333334,1
173,TRANSFER,18799.37,C8852676046,141535.16,122735.79,C6745958212,0.0,18799.37,0,0.0,0
611,CASH_OUT,52.13,C1662976399,146.83,94.7,C7664258343,29.43,29.43,0,0.02666666666666667,0
367,PAYMENT,35.05,C5515628633,140.9,105.85,M6275155878,0.0,0.0,0,0.0,0
379,TRANSFER,2305.22,C5284391408,3189.0,883.78,M7230477043,0.0,0.0,1,0.18666666666666668,0
414,CASH_OUT,22.14,C3371357111,28.09,5.95,C8695129534,71034.73,71034.73,0,0.01,0
215,CASH_OUT,10910.13,C2540492440,11042.56,132.43,M9640701016,0.0,0.0,1,0.0033333333333333335,0
307,TRANSFER,63.35,C2283298067,143.9,80.55,C9454207717,1128.6,1191.95,0,0.0033333333333333335,0
519,PAYMENT,11.87,C2503068227,29.96,18.09,M6744039057,0.0,0.0,0,0.0,0
553,TRANSFER,114.42,C9337145038,263.2,148.78,C7374584386,0.0,114.42,0,0.1,0
625,CASH_OUT,1.0,C6557907251,0.0,0.0,C1485574228,17.83,17.83,0,0.05,0
302,PAYMENT,6773.34,C9279291478,13263.58,6490.24,M6651754819,0.0,0.0,0,0.0,0
41,PAYMENT,17.43,C6156843353,23.73,6.3,M6732306182,0.0,0.0,0,0.0,0
576,TRANSFER,618.93,C4642197907,757.38,138.45,M6606958660,0.0,0.0,1,0.15,0
518,PAYMENT,12.78,C2224336336,83.09,70.31,M9441870024,0.0,0.0,0,0.0,0
131,PAYMENT,1.0,C6937704752,0.0,0.0,M2586712032,0.0,0.0,0,0.0,0
415,TRANSFER,1463.51,C8719734235,1727.5,263.99,C8531118333,12688.35,14151.86,1,0.006666666666666667,0
452,CASH_IN,97641.19,C6704841644,1.28,97642.47,C3698343112,63861.66,63861.66,0,0.0,0
34,PAYMENT,1.0,C6358023411,0.0,0.0,M9576264323,0.0,0.0,0,0.0,0
9,TRANSFER,392.75,C4765583254,342.56,0.0,M1413599241,0.0,0.0,1,0.20333333333333334,0
567,TRANSFER,1.0,C1399546384,0.0,0.0,C2924568778,115917.23,115918.23,0,0.0,0
241,TRANSFER,15.88,C2174793230,28.76,12.88,C9953716239,0.0,15.88,0,0.16,0
467,TRANSFER,21918.01,C8160279830,30989.12,9071.11,C7337225482,45088.2,45088.2,1,0.0,0
486,TRANSFER,197.19,C1261903104,182.14,0.0,M8083396378,0.0,0.0,1,0.23666666666666666,0
660,TRANSFER,1168.26,C8906163641,1140.17,0.0,C3258354191,0.0,1168.26,1,0.26,0
167,CASH_IN,132228.3,C9842186844,0.0,132228.3,C5118430494,4608.44,4608.44,0,0.0,0
104,PAYMENT,1.0,C1484664056,0.7,0.0,M2571632270,0.0,0.0,0,0.0033333333333333335,0
366,TRANSFER,996.91,C8995970241,1271.97,275.06,M7570511906,0.0,0.0,1,0.11333333333333333,0
599,PAYMENT,2008.43,C2458198451,4237.98,2229.55,M4601406440,0.0,0.0,0,0.0,0
250,PAYMENT,7.36,C4600630513,8.46,1.1,M3660800029,0.0,0.0,0,0.0,0
510,TRANSFER,5628.22,C4558302256,18749.08,13120.86,C9798613995,33.58,5661.8,0,0.016666666666666666,0
297,TRANSFER,621.83,C7534583219,536.84,0.0,C3343459102,240.34,240.34,1,0.07,0
503,TRANSFER,1802.02,C7601519165,2480.85,678.83,C6884882440,218.34,218.34,1,0.12333333333333334,0
455,CASH_OUT,26542.99,C1364994639,22514.32,0.0,M8869140487,0.0,0.0,1,0.13333333333333333,0
321,TRANSFER,68.07,C1439921366,2029.09,1961.02,C3201397080,4380.86,4448.93,0,0.0,0
56,PAYMENT,71.71,C1011759631,371.97,300.26,M1888107487,0.0,0.0,0,0.0,0
298,PAYMENT,542.92,C6789448659,805.26,262.34,M9026301048,0.0,0.0,0,0.0,0
537,PAYMENT,1.0,C2670036982,0.0,0.0,M7343954769,0.0,0.0,0,0.0,0
694,CASH_OUT,1301.92,C4131356954,1324.29,22.37,M4329446784,0.0,0.0,1,0.03666666666666667,0
138,TRANSFER,3428.02,C7568980185,2969.87,0.0,C4264134512,0.0,0.0,1,0.7866666666666666,1
57,PAYMENT,1109.08,C5783809766,1309.35,200.27,M1694904767,0.0,0.0,0,0.0,0
716,CASH_OUT,395.31,C5281907480,455.72,60.41,C8588769565,0.0,0.0,0,0.03666666666666667,0
567,TRANSFER,2175.33,C3923823693,2579.21,403.88,M8030400668,0.0,0.0,1,0.30666666666666664,0
494,PAYMENT,39.21,C5515628633,105.85,66.64,M1122712790,0.0,0.0,0,0.0,0
510,PAYMENT,11642.03,C1131671246,22079.68,10437.65,M5714658227,0.0,0.0,0,0.0,0
269,PAYMENT,4567.12,C7706193636,6158.78,1591.66,M5734228580,0.0,0.0,0,0.0,0
227,CASH_OUT,765.69,C8709361138,913.83,148.14,C4538382315,663.83,663.83,1,0.0033333333333333335,0
35,DEBIT,154.08,C5972484792,420.19,266.11,M4522855590,0.0,0.0,0,0.01,0
532,CASH_OUT,9.63,C2350701477,121.21,111.58,C1271730355,24849.81,24849.81,0,0.01,0
651,CASH_IN,59237.14,C6081137534,0.0,59237.14,C9035194895,226.25,226.25,0,0.0,0
465,DEBIT,3822.95,C3846570058,4392.29,569.34,M4125758723,0.0,0.0,0,0.04,0
477,CASH_OUT,741.24,C6288227800,802.22,60.98,M3208200227,0.0,0.0,1,0.09666666666666666,0
689,PAYMENT,1.0,C8131923452,0.0,0.0,M6866146362,0.0,0.0,0,0.0,0
169,DEBIT,2.21,C2867302554,2.48,0.27,M1811839103,0.0,0.0,0,0.03,0
285,DEBIT,1160.76,C8291250562,2688.25,1527.49,M1199447370,0.0,0.0,0,0.01,0
441,CASH_OUT,5.61,C7092693247,6.25,0.64,C7208619610,0.0,0.0,0,0.07666666666666666,0
516,TRANSFER,2693.26,C5151887478,3334.94,641.68,C2079501936,160.44,160.44,1,0.12,0
151,TRANSFER,3.88,C2654584280,4.2,0.32,C4413838650,0.0,3.88,0,0.21666666666666667,0
240,CASH_OUT,752.55,C3250402001,961.62,209.07,M6313472215,0.0,0.0,1,0.006666666666666667,0
712,TRANSFER,4074.94,C5945359606,4963.19,888.25,M2136107759,0.0,0.0,1,0.29333333333333333,0
361,CASH_OUT,43641.04,C7337225482,45088.2,1447.16,M1676220116,0.0,0.0,1,0.0,0
379,CASH_OUT,1.0,C4256292393,0.0,0.0,C1586412136,0.0,0.0,0,0.03333333333333333,0
417,TRANSFER,5620.37,C9752058817,4866.41,0.0,M7537130187,0.0,0.0,1,0.8733333333333333,1
295,CASH_OUT,16.74,C5269728610,18.39,1.65,C5673482258,0.0,0.0,0,0.02666666666666667,0
214,TRANSFER,45.52,C3470617247,52.93,7.41,M4158643786,0.0,0.0,1,0.16333333333333333,0
177,PAYMENT,1.0,C7249213370,0.0,0.0,M1413599241,0.0,0.0,0,0.0,0
441,CASH_OUT,3142.45,C6075963527,3564.96,422.51,C3660223333,59.04,59.04,0,0.043333333333333335,0
225,PAYMENT,1.0,C3528924461,0.0,0.0,M4601406440,0.0,0.0,0,0.0,0
39,PAYMENT,2738.51,C9639245200,3321.08,582.57,M8044997538,0.0,0.0,0,0.0,0
650,CASH_IN,99514.81,C5431267548,46.91,99561.72,C4473306055,0.0,0.0,0,0.0,0
329,PAYMENT,1.0,C6892752604,0.0,0.0,M9558906999,0.0,0.0,0,0.0,0
14,DEBIT,22688.79,C7825844140,81632.8,58944.01,M7969674420,0.0,0.0,0,0.006666666666666667,0
419,PAYMENT,1.0,C6887132821,0.0,0.0,M8235474949,0.0,0.0,0,0.0,0
88,PAYMENT,13.15,C2704657157,34.6,21.45,M7948094928,0.0,0.0,0,0.0,0
402,PAYMENT,1.0,C7699500243,0.92,0.0,M1442421654,0.0,0.0,0,0.0,0
451,CASH_OUT,1.0,C7092693247,0.64,0.0,C6982610835,54923.9,54923.9,0,0.07,0
430,PAYMENT,2.32,C8252816758,6.52,4.2,M5087280062,0.0,0.0,0,0.0,0
481,PAYMENT,2.11,C1855256552,4.88,2.77,M4896576569,0.0,0.0,0,0.0,0
559,TRANSFER,115.7,C2825989011,304.37,188.67,C5082603360,46.28,161.98,0,0.06333333333333334,0
519,TRANSFER,505.93,C4207337120,626.01,120.08,M5714658227,0.0,0.0,1,0.15333333333333332,0
75,PAYMENT,119.48,C4659306670,190.16,70.68,M4892544235,0.0,0.0,0,0.0,0
274,PAYMENT,1.0,C4713453204,0.0,0.0,M5794335854,0.0,0.0,0,0.0,0
21,CASH_OUT,1.0,C5993571693,0.0,0.0,C1569113257,5066.86,5066.86,0,0.0,0
453,TRANSFER,4.59,C2503068227,18.09,13.5,C8612747444,0.0,4.59,0,0.16333333333333333,0
472,TRANSFER,58.68,C1494287462,108.04,49.36,C2510308881,0.24,58.92,0,0.16333333333333333,0
84,TRANSFER,3434.38,C6542943838,3529.62,95.24,M6275155878,0.0,0.0,1,0.44,0
375,TRANSFER,4686.05,C5067116918,4576.73,0.0,C9505085936,106.67,106.67,1,0.29,0
367,PAYMENT,343.43,C1230624431,8745.05,8401.62,M8063693463,0.0,0.0,0,0.0,0
190,PAYMENT,8.11,C2503068227,13.5,5.39,M8667946580,0.0,0.0,0,0.0,0
591,CASH_OUT,1.0,C7623575561,0.0,0.0,C3484872186,0.0,0.0,0,0.06333333333333334,0
274,DEBIT,10.01,C7418301077,45.94,35.93,M9620935604,0.0,0.0,0,0.016666666666666666,0
11,CASH_OUT,1.0,C2137651678,0.0,0.0,C7499349987,277.32,277.32,0,0.0033333333333333335,0
632,PAYMENT,1.0,C8588769565,0.0,0.0,M6583604299,0.0,0.0,0,0.0,0
322,PAYMENT,155.32,C2400094541,168.53,13.21,M3605446007,0.0,0.0,0,0.0,0
82,CASH_OUT,7786.82,C5035765954,7941.43,154.61,C9049270990,0.0,0.0,1,0.0,0
316,CASH_OUT,139.58,C7965608188,147.56,7.98,M6606958660,0.0,0.0,1,0.023333333333333334,0
390,PAYMENT,1.0,C1541964762,1.17,0.17,M4211837506,0.0,0.0,0,0.0,0
39,PAYMENT,2.36,C5957341287,3.55,1.19,M3457877922,0.0,0.0,0,0.0,0
518,TRANSFER,5113.43,C2774884818,4654.38,0.0,C9438411468,162.06,5275.49,1,0.28,0
419,TRANSFER,8.28,C5829062179,14.5,6.22,C5883933127,29046.18,29054.46,0,0.0,0
432,TRANSFER,17.16,C6611356986,21.74,4.58,C2095286033,53683.9,53701.06,0,0.0033333333333333335,0
483,PAYMENT,345.09,C1795212538,2964.8,2619.71,M3369412470,0.0,0.0,0,0.0,0
353,TRANSFER,2483.47,C8796286443,2918.03,434.56,M3457877922,0.0,0.0,1,0.17333333333333334,0
53,PAYMENT,76.52,C6894699853,865.19,788.67,M4908108692,0.0,0.0,0,0.0,0
483,CASH_OUT,4717.96,C1862812038,4920.09,202.13,C4633987776,289.44,289.44,1,0.04,0
552,PAYMENT,1.0,C2067970820,0.0,0.0,M2773408660,0.0,0.0,0,0.0,0
626,TRANSFER,597.86,C3377702111,1067.05,469.19,C9410288290,3495.17,4093.03,0,0.02,0
89,TRANSFER,2625.82,C8578226896,3733.23,1107.41,M2228388623,0.0,0.0,1,0.16333333333333333,0
511,PAYMENT,5.11,C7540301973,25.35,20.24,M3094407076,0.0,0.0,0,0.0,0
474,TRANSFER,106.55,C1862812038,202.13,95.58,C1993998848,0.0,106.55,0,0.11333333333333333,0
403,TRANSFER,1.0,C8779941999,0.0,0.0,C4577406847,0.0,1.0,0,0.22,0
259,CASH_OUT,126440.96,C9842186844,132228.3,5787.34,M9020002737,0.0,0.0,1,0.0,0
263,PAYMENT,1.0,C8478529823,0.0,0.0,M8144889126,0.0,0.0,0,0.0,0
326,TRANSFER,1.0,C4405620755,0.0,0.0,C1551395583,4872.5,4873.5,0,0.0,0
153,TRANSFER,23350.16,C9467483275,23690.74,340.58,M8910440683,0.0,0.0,1,0.26,0
206,PAYMENT,14.88,C2780136605,32.16,17.28,M8858274691,0.0,0.0,0,0.0,0
525,CASH_IN,58776.84,C6745958212,18799.37,77576.21,C5269015757,2205.79,2205.79,0,0.0,0
582,PAYMENT,1.17,C4660390742,3.83,2.66,M5380159400,0.0,0.0,0,0.0,0
194,PAYMENT,909.29,C6715961218,1676.4,767.11,M6845287382,0.0,0.0,0,0.0,0
713,CASH_OUT,121087.28,C3384006407,220003.0,98915.72,C6649827836,8.6,8.6,0,0.013333333333333334,0
417,PAYMENT,1.0,C4405620755,0.0,0.0,M8548290298,0.0,0.0,0,0.0,0
47,CASH_OUT,3424.2,C2140169349,2981.03,0.0,C2515672889,69991.3,69991.3,1,0.006666666666666667,0
432,CASH_OUT,14.95,C3400244542,21.05,6.1,C4500557310,0.0,0.0,0,0.05,0
418,PAYMENT,1.0,C9370133343,0.0,0.0,M7717262223,0.0,0.0,0,0.0,0
12,TRANSFER,1109.79,C1084790270,1001.94,0.0,C1546696950,9925.41,9925.41,1,0.0033333333333333335,0
460,PAYMENT,26.34,C9462806178,44.07,17.73,M1676220116,0.0,0.0,0,0.0,0
655,PAYMENT,253.4,C9573276057,824.39,570.99,M4641902461,0.0,0.0,0,0.0,0
630,PAYMENT,1964.36,C6115750294,3481.6,1517.24,M1099218439,0.0,0.0,0,0.0,0
39,TRANSFER,3436.01,C3815235019,3842.1,406.09,M7861571879,0.0,0.0,1,0.18666666666666668,0
94,PAYMENT,345.05,C1626733282,1169.42,824.37,M6651754819,0.0,0.0,0,0.0,0
599,PAYMENT,1.0,C4656572173,0.0,0.0,M3072183247,0.0,0.0,0,0.0,0
631,CASH_OUT,1.0,C6169243284,0.0,0.0,C5625342041,594.37,594.37,0,0.06,0
24,CASH_OUT,8456.44,C6272000062,40011.23,31554.79,C6038780151,7332.0,7332.0,0,0.0,0
359,PAYMENT,1051.0,C8578226896,1107.41,56.41,M6384311581,0.0,0.0,0,0.0,0
277,PAYMENT,4543.47,C7873709012,142698.5,138155.03,M1458227039,0.0,0.0,0,0.0,0
328,TRANSFER,196.03,C9539945315,188.76,0.0,C7949795085,0.08,196.11,1,0.14,0
592,TRANSFER,572.49,C3303082117,814.13,241.64,M2328736852,0.0,0.0,1,0.15666666666666668,0
389,PAYMENT,222.7,C4507822591,788.99,566.29,M1676220116,0.0,0.0,0,0.0,0
39,PAYMENT,2461.87,C7536876169,287075.66,284613.79,M5585110649,0.0,0.0,0,0.0,0
118,TRANSFER,247.92,C6884882440,218.34,0.0,C3738900744,165.48,165.48,1,0.05,0
87,TRANSFER,199.68,C8625905455,206.76,7.08,C7292376027,0.0,0.0,1,0.16666666666666666,0
172,CASH_OUT,186.69,C6131005449,233.03,46.34,M7951820749,0.0,0.0,1,0.0,0
91,CASH_OUT,7030.88,C3758823240,8570.91,1540.03,M9020002737,0.0,0.0,1,0.0,0
275,CASH_OUT,1533.09,C4965395580,3778.63,2245.54,C9546021691,0.0,0.0,0,0.0033333333333333335,0
19,CASH_OUT,8290.58,C2020395327,9066.12,775.54,C3612617557,22.97,22.97,1,0.0,0
466,PAYMENT,178.46,C1106456634,193.07,14.61,M8964269909,0.0,0.0,0,0.0,0
184,CASH_OUT,1.0,C7934137693,0.0,0.0,C2311597141,0.0,0.0,0,0.013333333333333334,0
218,CASH_OUT,74.27,C1726990714,75.84,1.57,M6200141898,0.0,0.0,1,0.013333333333333334,0
352,TRANSFER,1.0,C2546720356,0.0,0.0,C4930438209,25.42,26.42,0,0.16,0
672,CASH_OUT,1891.7,C5439176290,2652.01,760.31,C4026113008,670.77,670.77,1,0.013333333333333334,0
54,TRANSFER,1.0,C9909257076,3.04,2.04,C8133593748,0.0,1.0,0,0.17333333333333334,0
574,PAYMENT,116.67,C5710360983,165.53,48.86,M6820149016,0.0,0.0,0,0.0,0
292,CASH_OUT,20108.42,C7805633786,27533.91,7425.49,C7645527239,0.0,0.0,0,0.0,0
351,PAYMENT,162.95,C8854238082,341.1,178.15,M4952177946,0.0,0.0,0,0.0,0
390,TRANSFER,15065.73,C7575259637,70031.62,54965.89,C6218484323,87931.37,102997.1,0,0.0,0
450,CASH_IN,10846.41,C2979958124,97404.7,108251.11,C5759761714,116.67,116.67,0,0.0,0
543,PAYMENT,34.03,C8953271391,5964.58,5930.55,M4456193555,0.0,0.0,0,0.0,0
618,TRANSFER,595.19,C7534583219,790.91,195.72,M1999913493,0.0,0.0,1,0.15666666666666668,0
715,CASH_OUT,117151.47,C8047877267,131527.85,14376.38,M5067400473,0.0,0.0,1,0.016666666666666666,0
573,PAYMENT,9.95,C9981364488,22.82,12.87,M4896576569,0.0,0.0,0,0.0,0
310,TRANSFER,6976.38,C2052811909,67960.14,60983.76,C8796286443,434.56,7410.94,0,0.0,0
718,PAYMENT,30.75,C3190227431,57.75,27.0,M2885370603,0.0,0.0,0,0.0,0
207,CASH_IN,91191.3,C1287814151,0.0,91191.3,C1364994639,0.0,0.0,0,0.0,0
518,PAYMENT,84.51,C7691931213,126.65,42.14,M7764117705,0.0,0.0,0,0.0,0
477,CASH_OUT,1185.27,C6995554056,1034.95,0.0,C6317889312,56.69,56.69,1,0.33,0
375,PAYMENT,23.68,C7420846622,80.87,57.19,M4522855590,0.0,0.0,0,0.0,0
312,PAYMENT,309.38,C5439176290,760.31,450.93,M1442421654,0.0,0.0,0,0.0,0
427,PAYMENT,196.86,C2267619081,399.2,202.34,M6692705133,0.0,0.0,0,0.0,0
699,TRANSFER,2924.59,C8252045593,2644.35,0.0,M8058679999,0.0,0.0,1,0.8733333333333333,1
102,PAYMENT,1.0,C1367704871,1.11,0.11,M3476758136,0.0,0.0,0,0.0033333333333333335,0
711,PAYMENT,5322.37,C7103588071,5919.05,596.68,M2839566253,0.0,0.0,0,0.0,0
468,TRANSFER,64.16,C3910678913,77.22,13.06,C9116428507,499.73,563.89,0,0.05333333333333334,0
423,TRANSFER,352.11,C3836517266,727.37,375.26,C9115282784,3744.73,4096.84,0,0.016666666666666666,0
665,PAYMENT,1.0,C6169243284,0.0,0.0,M1368287033,0.0,0.0,0,0.0,0
599,PAYMENT,1.0,C6852312425,0.0,0.0,M6045729129,0.0,0.0,0,0.0,0
487,PAYMENT,1.0,C1484664056,0.0,0.0,M5815678365,0.0,0.0,0,0.0,0
145,PAYMENT,11632.75,C4558302256,13120.86,1488.11,M4554178984,0.0,0.0,0,0.0,0
629,PAYMENT,1278.19,C5871743247,1730.55,452.36,M8740820392,0.0,0.0,0,0.0,0
665,DEBIT,3675.63,C2014766981,10660.09,6984.46,M1783432867,0.0,0.0,0,0.03666666666666667,0
548,CASH_OUT,11107.31,C2111272861,22387.05,11279.74,C3799264931,0.06,0.06,0,0.013333333333333334,0
208,TRANSFER,1594.84,C8132531532,1577.48,0.0,M8727805468,0.0,0.0,1,0.4166666666666667,0
548,PAYMENT,21.32,C3190227431,27.0,5.68,M2136107759,0.0,0.0,0,0.0,0
12,TRANSFER,59626.86,C8880184233,58872.53,0.0,M1694904767,0.0,0.0,1,0.5166666666666667,1
398,DEBIT,1.0,C4605117440,0.0,0.0,M4158643786,0.0,0.0,0,0.043333333333333335,0
228,CASH_OUT,4161.38,C2178884276,3941.47,0.0,M4035639663,0.0,0.0,1,0.06,0
149,TRANSFER,30.24,C6313758032,65.74,35.5,C6868336102,2361.47,2391.71,0,0.0033333333333333335,0
549,CASH_OUT,3921.32,C6726515966,4575.06,653.74,C9941564880,127.35,127.35,1,0.023333333333333334,0
237,CASH_OUT,251.72,C5071897791,297.65,45.93,C4413838650,3.88,3.88,1,0.0033333333333333335,0
329,TRANSFER,9.94,C5856127658,32.99,23.05,C6110646714,4.65,14.59,0,0.11333333333333333,0
266,CASH_OUT,2954.36,C3107125807,2724.62,0.0,C1248704157,0.0,0.0,1,0.08666666666666667,0
349,PAYMENT,1.0,C7010379415,0.0,0.0,M5412437658,0.0,0.0,0,0.0,0
359,CASH_OUT,3807.29,C3117951204,4917.87,1110.58,M4522855590,0.0,0.0,1,0.013333333333333334,0
139,PAYMENT,1.0,C3614915281,0.0,0.0,M1357561213,0.0,0.0,0,0.0,0
347,TRANSFER,66.94,C3716924538,218.32,151.38,C2914126243,42.41,109.35,0,0.03,0
429,CASH_OUT,4839.53,C8243746556,66534.3,61694.77,C7266763552,0.0,0.0,0,0.01,0
46,TRANSFER,14822.08,C6562457052,15628.09,806.01,C6317152031,0.0,14822.08,0,0.0,0
311,TRANSFER,87.0,C9989642546,96.9,9.9,M8083396378,0.0,0.0,1,0.16333333333333333,0
94,CASH_OUT,1.0,C8588769565,0.0,0.0,C4919706735,18.52,18.52,0,0.0,0
377,CASH_OUT,138.02,C6875597607,230.86,92.84,C6466597005,210.07,210.07,0,0.0033333333333333335,0
176,PAYMENT,1.0,C1225447588,1.12,0.12,M7678293431,0.0,0.0,0,0.0,0
649,TRANSFER,431.76,C3484872186,441.1,9.34,C5485387618,0.0,0.0,1,0.17666666666666667,0
545,TRANSFER,1218.54,C8372755146,1107.15,0.0,M8276498637,0.0,0.0,1,0.45,0
358,TRANSFER,1496.99,C9744120054,1965.85,468.86,M9776500600,0.0,0.0,1,0.16333333333333333,0
244,DEBIT,2516.39,C6178804925,3035.15,518.76,M3369412470,0.0,0.0,0,0.013333333333333334,0
665,PAYMENT,11324.24,C9484167278,239416.4,228092.16,M1096405016,0.0,0.0,0,0.0,0
216,CASH_OUT,1.0,C4239406957,0.0,0.0,C6155234610,0.0,0.0,0,0.013333333333333334,0
259,TRANSFER,165.91,C8709361138,148.14,0.0,M5000316394,0.0,0.0,1,0.24,0
579,CASH_IN,22918.11,C5945359606,888.25,23806.36,C2351531223,2.74,2.74,0,0.0,0
197,TRANSFER,4014.64,C3245108207,3615.42,0.0,M8144889126,0.0,0.0,1,0.8166666666666667,1
191,CASH_OUT,499.55,C1375899416,2745.27,2245.72,C5115980792,0.0,0.0,0,0.0,0
308,PAYMENT,1.0,C9493209128,0.0,0.0,M8144352013,0.0,0.0,0,0.0,0
206,CASH_OUT,13393.82,C4022360089,12737.08,0.0,M7453081889,0.0,0.0,1,0.08666666666666667,0
415,CASH_IN,76933.11,C9516893896,0.0,76933.11,C5613655595,0.0,0.0,0,0.0,0
122,CASH_OUT,11438.86,C3567900251,11093.68,0.0,M5585110649,0.0,0.0,1,0.043333333333333335,0
590,PAYMENT,1.0,C8199372599,0.0,0.0,M3145756342,0.0,0.0,0,0.0,0
680,TRANSFER,1689.34,C1691293717,1469.92,0.0,C3367665472,31.56,31.56,1,0.43,0
228,CASH_OUT,4330.4,C8015124886,3649.66,0.0,C6385791669,31965.21,31965.21,1,0.0033333333333333335,0
292,CASH_OUT,3011.17,C5293274004,2700.06,0.0,M7764117705,0.0,0.0,1,0.11666666666666667,0
581,PAYMENT,1.0,C6892752604,0.0,0.0,M8728631945,0.0,0.0,0,0.0,0
269,PAYMENT,2.59,C6110943464,12.72,10.13,M8667946580,0.0,0.0,0,0.0,0
610,CASH_OUT,2214.6,C4683585586,1983.97,0.0,C7625389037,1154.39,1154.39,1,0.14,0
466,PAYMENT,123.01,C6638034087,194.56,71.55,M4456193555,0.0,0.0,0,0.0,0
425,CASH_OUT,91.71,C3260842187,401.01,309.3,C6054421752,2440.11,2440.11,0,0.023333333333333334,0
439,TRANSFER,1.0,C8106401208,0.0,0.0,C5071218314,22.09,23.09,0,0.18,0
562,PAYMENT,493.43,C6458544482,675.59,182.16,M2839566253,0.0,0.0,0,0.0,0
547,CASH_OUT,34880.1,C2721355673,101373.99,66493.89,C2646331504,1.0,1.0,0,0.01,0
297,TRANSFER,54187.34,C3698343112,63861.66,9674.32,M6771941776,0.0,0.0,1,0.23333333333333334,0
523,TRANSFER,1.0,C2214741296,0.0,0.0,C1083651970,584.42,585.42,0,0.08,0
482,TRANSFER,4026.66,C8953271391,5930.55,1903.89,C5035765954,154.61,4181.27,0,0.04,0
77,PAYMENT,866.36,C7625389037,1154.39,288.03,M2555936898,0.0,0.0,0,0.0,0
160,PAYMENT,5.57,C4163119785,17.53,11.96,M1257854279,0.0,0.0,0,0.0,0
310,PAYMENT,38.59,C1116402431,97.48,58.89,M2391874847,0.0,0.0,0,0.0,0
46,TRANSFER,2617.6,C5694628398,3632.69,1015.09,C8299146480,6215.87,6215.87,1,0.0,0
221,CASH_OUT,1.0,C6092773357,1.0,0.0,C2071552532,85.79,85.79,0,0.0,0
641,CASH_OUT,308.86,C1011759631,300.26,0.0,C2846465000,4.32,4.32,1,0.07,0
689,TRANSFER,27.22,C8826851692,33.64,6.42,C6892752604,0.0,27.22,0,0.16666666666666666,0
498,CASH_OUT,2063.38,C6340003593,2375.09,311.71,C7958672456,0.0,0.0,0,0.03,0
344,CASH_OUT,1296.9,C9428056968,1210.51,0.0,M9065458220,0.0,0.0,1,0.13,0
518,TRANSFER,145.66,C6043349038,196.55,50.89,C1282103057,135.91,281.57,0,0.06666666666666667,0
152,PAYMENT,2.28,C1033015788,5.77,3.49,M7532669066,0.0,0.0,0,0.0,0
649,CASH_OUT,3093.75,C2139027119,3216.7,122.95,M1122712790,0.0,0.0,1,0.03333333333333333,0
623,CASH_OUT,1374.73,C8372755146,1395.22,20.49,C6961554653,0.0,0.0,1,0.04,0
527,PAYMENT,5.53,C8570850267,20.17,14.64,M7351460539,0.0,0.0,0,0.0,0
584,TRANSFER,1.0,C2268006448,0.0,0.0,C4180599722,0.0,1.0,0,0.23,0
73,TRANSFER,697.26,C5418232833,838.05,140.79,M6384311581,0.0,0.0,1,0.16333333333333333,0
196,CASH_OUT,1185.47,C2941289685,1517.48,332.01,M4456193555,0.0,0.0,1,0.0,0
376,PAYMENT,1.0,C6991473746,0.0,0.0,M9921025990,0.0,0.0,0,0.0,0
577,PAYMENT,6683.66,C9086117171,66918.68,60235.02,M8325043570,0.0,0.0,0,0.0,0
576,TRANSFER,995.0,C5421051452,1354.93,359.93,C7196439534,0.0,995.0,1,0.03,0
420,CASH_OUT,3935.61,C1288765093,3649.04,0.0,M9896529524,0.0,0.0,1,0.37666666666666665,0
494,PAYMENT,26.37,C2914590233,38.59,12.22,M9896529524,0.0,0.0,0,0.0,0
686,CASH_OUT,218.98,C8303853049,290.99,72.01,M3208200227,0.0,0.0,1,0.03,0
311,TRANSFER,2016.16,C9526836552,1816.7,0.0,M3495411322,0.0,0.0,1,0.47,0
440,TRANSFER,3422.46,C8131923452,3840.07,417.61,C1370292681,0.0,0.0,1,0.29,0
24,PAYMENT,1.0,C5728765136,0.0,0.0,M8910440683,0.0,0.0,0,0.0,0
193,TRANSFER,3484.04,C3815389788,3257.86,0.0,M4242579642,0.0,0.0,1,0.82,1
639,TRANSFER,40010.32,C7988845536,57742.86,17732.54,C8575707116,266.0,40276.32,0,0.0,0
467,PAYMENT,1.0,C4765583254,0.0,0.0,M1711271599,0.0,0.0,0,0.0,0
440,CASH_OUT,14583.75,C4490722186,40305.03,25721.28,C3361388464,9.61,9.61,0,0.016666666666666666,0
320,CASH_OUT,1609.82,C6674372082,1952.4,342.58,C8719734235,263.99,263.99,1,0.013333333333333334,0
257,TRANSFER,1062.47,C5634076661,1004.42,0.0,M3107992942,0.0,0.0,1,0.33666666666666667,0
172,CASH_IN,86527.22,C5789617427,105.1,86632.32,C7648059419,11.45,11.45,0,0.0,0
17,PAYMENT,1.0,C3127657643,0.0,0.0,M7664045502,0.0,0.0,0,0.0,0
15,TRANSFER,1.0,C6884882440,0.0,0.0,C9410288290,4093.03,4094.03,0,0.0,0
384,PAYMENT,122.51,C6789448659,262.34,139.83,M9558906999,0.0,0.0,0,0.0,0
539,DEBIT,6.03,C2732553940,6.85,0.82,M8768773991,0.0,0.0,0,0.04,0
215,DEBIT,82.65,C2830154607,154.83,72.18,M1666898313,0.0,0.0,0,0.016666666666666666,0
525,PAYMENT,1.0,C9451577335,0.0,0.0,M3322580659,0.0,0.0,0,0.0,0
628,CASH_OUT,2439.76,C1304205279,2175.61,0.0,M6284297249,0.0,0.0,1,0.16333333333333333,0
274,TRANSFER,4086.32,C1392245997,4354.75,268.43,M2695447268,0.0,0.0,1,0.23333333333333334,0
552,PAYMENT,59.6,C3738900744,165.48,105.88,M4865979921,0.0,0.0,0,0.0,0
313,PAYMENT,3.93,C5474951950,13.08,9.15,M1096405016,0.0,0.0,0,0.0,0
10,CASH_OUT,697.59,C1754603440,678.93,0.0,C1684598046,0.0,0.0,1,0.08,0
41,PAYMENT,184.86,C2570991899,851.59,666.73,M1442421654,0.0,0.0,0,0.0,0
348,TRANSFER,1.0,C2994056084,0.0,0.0,C8703867299,373.21,374.21,0,0.01,0
5,CASH_OUT,1965.43,C8953726023,2049.95,84.52,C7602474923,0.0,0.0,1,0.02,0
569,PAYMENT,70.38,C6048096802,147.16,76.78,M3660800029,0.0,0.0,0,0.0,0
365,CASH_OUT,443.09,C8380507338,508.25,65.16,C5071218314,23.09,23.09,0,0.023333333333333334,0
717,CASH_IN,36306.67,C3951331472,4.04,36310.71,C6634526139,5.42,5.42,0,0.0,0
505,CASH_OUT,97.88,C6466597005,210.07,112.19,C8178361487,12.79,12.79,0,0.02666666666666667,0
247,CASH_IN,137384.24,C4602080228,140877.05,278261.29,C3369305560,0.0,0.0,0,0.0,0
52,CASH_OUT,12741.07,C8261111839,23880.84,11139.77,C4734111722,204.19,204.19,0,0.0,0
521,TRANSFER,220.51,C4627032705,210.41,0.0,C3910678913,13.06,233.57,1,0.15,0
5,DEBIT,1.0,C9597198563,0.0,0.0,M4122901114,0.0,0.0,0,0.03333333333333333,0
616,CASH_OUT,600.8,C6921525436,750.5,149.7,C4638577630,69.96,69.96,1,0.023333333333333334,0
555,TRANSFER,1.0,C4143852021,0.0,0.0,C8556573246,79141.86,79142.86,0,0.0,0
445,PAYMENT,2103.57,C9392707144,2880.09,776.52,M7282885927,0.0,0.0,0,0.0,0
484,TRANSFER,204.56,C2789144223,195.48,0.0,M8728631945,0.0,0.0,1,0.23666666666666666,0
510,CASH_OUT,3853.54,C3271361431,4038.42,184.88,M8790289305,0.0,0.0,1,0.03333333333333333,0
161,TRANSFER,16525.04,C7475684019,15439.35,0.0,M7512767226,0.0,0.0,1,0.8966666666666666,1
374,PAYMENT,520.22,C6894699853,788.67,268.45,M4160161496,0.0,0.0,0,0.0,0
84,PAYMENT,12.66,C7271954644,17.03,4.37,M4211837506,0.0,0.0,0,0.0,0
245,PAYMENT,1.0,C9592390865,0.0,0.0,M7341757401,0.0,0.0,0,0.0,0
93,CASH_OUT,1.0,C5750815980,0.0,0.0,C6242173772,5.68,5.68,0,0.0033333333333333335,0
224,TRANSFER,14170.44,C6385791669,31965.21,17794.77,C3587283948,0.0,14170.44,0,0.0,0
522,CASH_OUT,1.0,C6576395496,0.0,0.0,C2916728422,106249.99,106249.99,0,0.0,0
615,PAYMENT,1.0,C4473306055,0.0,0.0,M3156792018,0.0,0.0,0,0.0,0
62,PAYMENT,10.53,C5667503195,13.22,2.69,M8910440683,0.0,0.0,0,0.0,0
69,PAYMENT,210.88,C7668801906,358.5,147.62,M3690714075,0.0,0.0,0,0.0,0
223,TRANSFER,1340.79,C4096932037,1375.21,34.42,M3156792018,0.0,0.0,1,0.20333333333333334,0
240,TRANSFER,60442.85,C2095286033,53701.06,0.0,M4952177946,0.0,0.0,1,0.7166666666666667,1
164,PAYMENT,8696.84,C9623534576,10150.72,1453.88,M4908108692,0.0,0.0,0,0.0,0
457,TRANSFER,262.88,C6725038117,335.46,72.58,C8243746556,61694.77,61957.65,0,0.0,0
378,CASH_OUT,2259.3,C1094115188,2425.42,166.12,C5903457537,0.0,0.0,1,0.01,0
291,TRANSFER,194.25,C6877052039,219.11,24.86,M2121448210,0.0,0.0,1,0.15666666666666668,0
503,PAYMENT,9856.11,C1664847319,304090.78,294234.67,M2518433834,0.0,0.0,0,0.0,0
249,TRANSFER,438.98,C1489726608,685.23,246.25,C6623360831,30.17,469.15,0,0.0033333333333333335,0
596,TRANSFER,1.0,C5819946657,0.0,0.0,C9780187424,38.74,39.74,0,0.19,0
244,TRANSFER,683.41,C9462806178,870.64,187.23,M2778069478,0.0,0.0,1,0.10666666666666667,0
185,PAYMENT,1.0,C8948573913,0.0,0.0,M4306983924,0.0,0.0,0,0.0,0
283,PAYMENT,4910.37,C3698343112,9674.32,4763.95,M4125758723,0.0,0.0,0,0.0,0
55,TRANSFER,21.63,C1050899550,28.61,6.98,C8109891300,140.82,162.45,0,0.02666666666666667,0
564,TRANSFER,873.29,C6904897514,927.23,53.94,C8057994126,69.32,942.61,0,0.06666666666666667,0
517,PAYMENT,3.44,C1251837136,6.41,2.97,M6384311581,0.0,0.0,0,0.0,0
93,TRANSFER,8023.72,C7415801613,7901.08,0.0,M9043367776,0.0,0.0,1,0.8066666666666666,1
231,TRANSFER,3111.45,C7529817193,3364.87,253.42,C3667740351,40764.12,40764.12,1,0.0,0
192,PAYMENT,185.98,C4566852761,7012.64,6826.66,M2885370603,0.0,0.0,0,0.0,0
294,TRANSFER,1.0,C9953941533,1.72,0.72,C9457665185,2.25,3.25,0,0.21333333333333335,0
101,CASH_OUT,7463.84,C9279291478,6490.24,0.0,M9822499208,0.0,0.0,1,0.05,0
228,PAYMENT,95.92,C8833889083,208.74,112.82,M5380159400,0.0,0.0,0,0.0,0
585,CASH_OUT,914.78,C5724657556,905.32,0.0,M9916475897,0.0,0.0,1,0.22666666666666666,0
697,DEBIT,1.0,C1741134891,0.0,0.0,M2129491690,0.0,0.0,0,0.05,0
288,PAYMENT,798.08,C7640122370,2267.6,1469.52,M8058679999,0.0,0.0,0,0.0,0
325,PAYMENT,93.35,C4282810353,105.35,12.0,M2625035499,0.0,0.0,0,0.0,0
16,CASH_OUT,263.41,C4181102664,342.82,79.41,C7249213370,0.0,0.0,0,0.0033333333333333335,0
341,TRANSFER,391.28,C2960432117,769.39,378.11,C1141312095,0.0,391.28,0,0.006666666666666667,0
454,PAYMENT,1.61,C5610783750,1.79,0.18,M7453081889,0.0,0.0,0,0.0,0
563,TRANSFER,1.0,C2947476917,0.0,0.0,C4807122420,0.0,1.0,0,0.22333333333333333,0
76,TRANSFER,1230.3,C2400094541,1029.46,0.0,C6952554500,0.0,0.0,1,0.34,0
561,PAYMENT,1097.36,C3149484176,1451.44,354.08,M5869990861,0.0,0.0,0,0.0,0
220,CASH_OUT,711.06,C9189503254,644.23,0.0,C9837912162,764.73,764.73,1,0.07,0
152,TRANSFER,1.0,C9388140708,0.0,0.0,C4248149900,100796.45,100797.45,0,0.0,0
278,CASH_OUT,127.46,C8833889083,112.82,0.0,M9068916300,0.0,0.0,1,0.03,0
339,CASH_OUT,39.59,C4181102664,79.41,39.82,C2825989011,188.67,188.67,0,0.006666666666666667,0
161,PAYMENT,1.0,C5182110973,0.0,0.0,M2869931869,0.0,0.0,0,0.0,0
245,TRANSFER,3268.27,C1160913827,2907.31,0.0,M1122712790,0.0,0.0,1,0.85,1
497,TRANSFER,1.0,C8139209752,0.0,0.0,C4110258855,724.93,725.93,0,0.08,0
236,TRANSFER,2623.73,C5010075517,3024.72,400.99,M1711271599,0.0,0.0,1,0.17666666666666667,0
596,PAYMENT,1.0,C6425814872,0.0,0.0,M8964269909,0.0,0.0,0,0.0,0
332,PAYMENT,102.25,C7374584386,114.42,12.17,M2916502228,0.0,0.0,0,0.0,0
377,PAYMENT,852.41,C7536876169,284613.79,283761.38,M6786043791,0.0,0.0,0,0.0,0
635,CASH_OUT,29015.15,C1306702926,134086.81,105071.66,C9771848610,0.0,0.0,0,0.01,0
295,CASH_OUT,1000.1,C3115806625,929.67,0.0,M6744039057,0.0,0.0,1,0.16666666666666666,0
435,TRANSFER,1.0,C5695387521,0.0,0.0,C2377246195,1092.25,1093.25,0,0.08,0
576,CASH_OUT,1.0,C1682781467,0.0,0.0,C5028688786,1558.25,1558.25,0,0.04,0
483,PAYMENT,1.15,C1707196784,1.93,0.78,M3605446007,0.0,0.0,0,0.0,0
373,PAYMENT,1.0,C1940684569,0.0,0.0,M8643636805,0.0,0.0,0,0.0,0
272,TRANSFER,41.06,C9343730920,62.08,21.02,C3836517266,375.26,416.32,0,0.006666666666666667,0
440,TRANSFER,11096.48,C1041531046,12605.07,1508.59,M3965860354,0.0,0.0,1,0.31333333333333335,0
714,CASH_OUT,120.46,C3294092753,113.76,0.0,C2047905204,535.03,535.03,1,0.07,0
85,TRANSFER,27744.6,C7631970791,24717.1,0.0,C1785418196,43.78,27788.38,1,0.0033333333333333335,0
644,DEBIT,1858.79,C2785736751,2949.1,1090.31,M6361225622,0.0,0.0,0,0.03333333333333333,0
64,CASH_OUT,1.97,C6046864799,8.56,6.59,C5220094152,99.53,99.53,0,0.0,0
196,TRANSFER,137.78,C7668801906,147.62,9.84,C6789448659,139.83,277.61,0,0.006666666666666667,0
73,TRANSFER,100.06,C7533932947,122.63,22.57,M1458227039,0.0,0.0,1,0.16666666666666666,0
124,TRANSFER,4534.72,C2801177461,4227.25,0.0,C1958682846,9.52,9.52,1,0.67,1
341,TRANSFER,1.0,C5763350700,0.0,0.0,C7573442717,0.0,1.0,0,0.22,0
454,TRANSFER,44.67,C8867077130,96.11,51.44,C1885113834,0.0,44.67,0,0.16333333333333333,0
623,TRANSFER,1.0,C7628981661,0.0,0.0,C2072355594,57.79,58.79,0,0.17333333333333334,0
286,PAYMENT,148.61,C3429019820,479.84,331.23,M2869931869,0.0,0.0,0,0.0033333333333333335,0
531,TRANSFER,294.8,C6128695961,325.5,30.7,C8503368512,126.73,421.53,0,0.07,0
428,PAYMENT,1.0,C1340272119,0.0,0.0,M2586712032,0.0,0.0,0,0.0,0
176,PAYMENT,1.0,C2095286033,0.0,0.0,M2249831874,0.0,0.0,0,0.0,0
398,PAYMENT,1624.45,C8160279830,9071.11,7446.66,M1413599241,0.0,0.0,0,0.0,0
289,PAYMENT,6.56,C9463197203,12.14,5.58,M6992094064,0.0,0.0,0,0.0,0
376,PAYMENT,35.58,C5482431018,121.57,85.99,M3595066420,0.0,0.0,0,0.0,0
62,CASH_OUT,3483.63,C8934927891,3248.1,0.0,C5868640848,0.0,0.0,1,0.04666666666666667,0
462,CASH_OUT,2027.92,C7215110267,16876.29,14848.37,C8868054898,11.58,11.58,0,0.023333333333333334,0
454,PAYMENT,202.29,C5802739154,296.76,94.47,M6651020291,0.0,0.0,0,0.0,0
296,PAYMENT,1.0,C1248704157,0.0,0.0,M8626371177,0.0,0.0,0,0.0,0
245,TRANSFER,1.0,C6756711494,0.0,0.0,C5578056564,185.26,186.26,0,0.05,0
117,TRANSFER,38225.55,C6504099682,52285.06,14059.51,M6384311581,0.0,0.0,1,0.23333333333333334,0
340,CASH_OUT,1931.48,C8973989997,53812.07,51880.59,C1091729577,0.0,0.0,0,0.0033333333333333335,0
144,PAYMENT,1.0,C2647489402,0.0,0.0,M7713758036,0.0,0.0,0,0.0,0
19,PAYMENT,33.48,C8417757797,101.93,68.45,M8740820392,0.0,0.0,0,0.0,0
30,PAYMENT,1.07,C7174772035,537.65,536.58,M8858274691,0.0,0.0,0,0.0,0
487,PAYMENT,1305.75,C6910112521,3114.02,1808.27,M2391874847,0.0,0.0,0,0.0,0
222,DEBIT,1.0,C7061419749,0.0,0.0,M8144889126,0.0,0.0,0,0.03,0
625,TRANSFER,16721.85,C1245522987,28195.18,11473.33,C9953941533,0.72,16722.57,0,0.006666666666666667,0
444,CASH_OUT,3468.93,C5508149905,3092.53,0.0,M7453081889,0.0,0.0,1,0.4033333333333333,0
70,CASH_OUT,39688.89,C8973989997,51880.59,12191.7,M1199447370,0.0,0.0,1,0.0,0
145,CASH_OUT,37.05,C3645901955,65.23,28.18,C2654584280,0.32,0.32,0,0.0033333333333333335,0
417,PAYMENT,164.38,C3910678913,233.57,69.19,M7050091525,0.0,0.0,0,0.0,0
11,PAYMENT,1.0,C5861829469,0.14,0.0,M7340036327,0.0,0.0,0,0.0,0
237,TRANSFER,1.0,C3098948446,0.0,0.0,C1225447588,0.12,1.12,0,0.23,0
370,CASH_OUT,3813.97,C4203205881,3514.58,0.0,M1466305100,0.0,0.0,1,0.14,0
644,TRANSFER,1.0,C4466589567,0.0,0.0,C3190227431,5.68,6.68,0,0.2,0
76,PAYMENT,3633.3,C2289624427,126507.93,122874.63,M5000316394,0.0,0.0,0,0.0,0
719,PAYMENT,1.05,C5334769475,2.47,1.42,M4456193555,0.0,0.0,0,0.0,0
568,PAYMENT,219.2,C7174772035,536.58,317.38,M7969674420,0.0,0.0,0,0.0,0
493,PAYMENT,20.74,C3651552513,988.12,967.38,M3660800029,0.0,0.0,0,0.0,0
162,PAYMENT,1.0,C2137651678,0.0,0.0,M9640701016,0.0,0.0,0,0.0,0
604,CASH_OUT,44.39,C9303765140,62.21,17.82,C5275521470,1952.09,1952.09,0,0.02666666666666667,0
56,TRANSFER,2215.51,C4530959836,2564.26,348.75,M5194066484,0.0,0.0,1,0.19333333333333333,0
116,CASH_OUT,38.91,C6725038117,72.58,33.67,C5992908271,20963.17,20963.17,0,0.0033333333333333335,0
502,PAYMENT,149.9,C8287542751,1276.25,1126.35,M4306983924,0.0,0.0,0,0.0,0
334,DEBIT,1.0,C8588769565,0.0,0.0,M9631695368,0.0,0.0,0,0.04,0
162,CASH_OUT,361.19,C1847275937,359.74,0.0,C5774080233,0.0,0.0,1,0.02,0
70,PAYMENT,8106.67,C8575707116,40276.32,32169.65,M5869990861,0.0,0.0,0,0.0,0
320,TRANSFER,2310.32,C1521521078,2446.83,136.51,C1730074215,0.0,2310.32,1,0.05333333333333334,0
370,PAYMENT,5.19,C3400244542,6.1,0.91,M2391874847,0.0,0.0,0,0.0,0
502,TRANSFER,1004.11,C2390587865,880.08,0.0,C8291250562,1527.49,1527.49,1,0.19,0
32,PAYMENT,1.58,C6587537178,2.95,1.37,M9918338001,0.0,0.0,0,0.0,0
362,PAYMENT,1.0,C3815389788,0.0,0.0,M3223687972,0.0,0.0,0,0.0,0
248,DEBIT,1.0,C4239406957,0.0,0.0,M7651029165,0.0,0.0,0,0.03666666666666667,0
466,CASH_OUT,1240.02,C7887950851,1345.66,105.64,M1692044390,0.0,0.0,1,0.09,0
5,PAYMENT,1.0,C7333678472,0.0,0.0,M5985331805,0.0,0.0,0,0.0,0
431,PAYMENT,2457.8,C4026816435,51719.13,49261.33,M3457877922,0.0,0.0,0,0.0,0
638,TRANSFER,1.0,C7161404428,0.0,0.0,C5306459450,1147.5,1148.5,0,0.08333333333333333,0
341,PAYMENT,7410.93,C1387652480,29334.61,21923.68,M9822499208,0.0,0.0,0,0.0,0
510,CASH_OUT,67.6,C2830154607,72.18,4.58,M3156792018,0.0,0.0,1,0.05,0
322,PAYMENT,42.39,C8547068234,123.88,81.49,M3495411322,0.0,0.0,0,0.0,0
91,CASH_OUT,6785.96,C2308638549,6752.22,0.0,C8991977937,0.0,0.0,1,0.06,0
404,DEBIT,1.0,C3821211202,0.0,0.0,M8235474949,0.0,0.0,0,0.043333333333333335,0
63,TRANSFER,1.0,C3479708607,0.0,0.0,C9704383251,144450.66,144451.66,0,0.0,0
310,TRANSFER,1.0,C6153541642,0.0,0.0,C6231117883,0.0,1.0,0,0.22666666666666666,0
14,TRANSFER,8.09,C2780136605,17.28,9.19,C5586143660,75.25,83.34,0,0.08333333333333333,0
580,PAYMENT,365.89,C8689593739,902.83,536.94,M7702529931,0.0,0.0,0,0.0,0
274,CASH_OUT,6429.13,C5421592782,5892.9,0.0,M7960713821,0.0,0.0,1,0.08,0
49,PAYMENT,1.0,C1276905285,0.0,0.0,M6659847491,0.0,0.0,0,0.0,0
80,PAYMENT,4130.67,C1306702926,105071.66,100940.99,M1694904767,0.0,0.0,0,0.0,0
213,PAYMENT,376.79,C3521300895,1240.17,863.38,M7230477043,0.0,0.0,0,0.0,0
437,CASH_OUT,2334.33,C3420671425,2303.68,0.0,M3438830691,0.0,0.0,1,0.38666666666666666,0
133,CASH_OUT,1.0,C8350384902,0.0,0.0,C2476831585,553493.54,553493.54,0,0.0,0
685,PAYMENT,453.0,C3108307952,705.4,252.4,M2418407139,0.0,0.0,0,0.0,0
509,PAYMENT,451.21,C4130305126,930.77,479.56,M8861351706,0.0,0.0,0,0.0,0
351,CASH_IN,22072.78,C3958590550,782.01,22854.79,C1795212538,2619.71,2619.71,0,0.0,0
375,PAYMENT,2535.14,C3550908958,62400.83,59865.69,M6732306182,0.0,0.0,0,0.0,0
627,PAYMENT,1.98,C9457665185,3.25,1.27,M5694439775,0.0,0.0,0,0.0,0
97,CASH_IN,95940.91,C5483308751,0.0,95940.91,C2224336336,70.31,70.31,0,0.0,0
241,CASH_OUT,148.52,C3250402001,209.07,60.55,C8471762590,46.71,46.71,1,0.0033333333333333335,0
625,PAYMENT,1476.67,C2014766981,6984.46,5507.79,M3145756342,0.0,0.0,0,0.0,0
227,TRANSFER,2247.21,C6944371787,2589.94,342.73,C7420493866,0.0,0.0,1,0.19666666666666666,0
474,PAYMENT,1.8,C3806215682,55816.92,55815.12,M6200141898,0.0,0.0,0,0.0,0
419,TRANSFER,895.78,C5626388820,941.05,45.27,M8235474949,0.0,0.0,1,0.21,0
15,CASH_OUT,3037.45,C9305502799,3061.35,23.9,C5855415646,557.42,557.42,1,0.0033333333333333335,0
146,PAYMENT,134.48,C6583444930,638.06,503.58,M3495411322,0.0,0.0,0,0.0,0
163,CASH_OUT,885.39,C9776185998,767.21,0.0,M6786043791,0.0,0.0,1,0.07666666666666666,0
477,CASH_OUT,74.64,C4098389895,99.44,24.8,C6089026099,0.0,0.0,1,0.05333333333333334,0
458,CASH_OUT,119.66,C8480622107,231.77,112.11,C8180620422,1898.79,1898.79,0,0.03666666666666667,0
52,PAYMENT,1248.84,C8182649048,2208.14,959.3,M5380159400,0.0,0.0,0,0.0,0
82,CASH_OUT,534.73,C6548442140,488.73,0.0,C7920516981,0.0,0.0,1,0.13333333333333333,0
553,CASH_IN,20338.92,C5227828349,3.64,20342.56,C9909257076,2.04,2.04,0,0.0,0
113,PAYMENT,4955.48,C7825844140,58944.01,53988.53,M1240140248,0.0,0.0,0,0.0,0
558,PAYMENT,560.63,C2970753705,655.11,94.48,M3317856944,0.0,0.0,0,0.0,0
240,TRANSFER,183.7,C4719780110,243.99,60.29,M3690714075,0.0,0.0,1,0.16,0
44,PAYMENT,1.0,C3291270703,0.0,0.0,M8790289305,0.0,0.0,0,0.0,0
539,TRANSFER,99.45,C9941564880,127.35,27.9,C9420979586,0.0,99.45,1,0.17,0
181,PAYMENT,43.84,C3598862507,48.34,4.5,M5087280062,0.0,0.0,0,0.0,0
476,CASH_OUT,168.87,C3923699745,210.89,42.02,C4748302739,231.15,231.15,1,0.043333333333333335,0
40,TRANSFER,2242.16,C9957643727,2820.14,577.98,C7417183769,7970.55,10212.71,0,0.0033333333333333335,0
278,CASH_OUT,207.1,C7483366056,187.59,0.0,M7960713821,0.0,0.0,1,0.03666666666666667,0
394,PAYMENT,1.0,C7666129822,0.0,0.0,M2778069478,0.0,0.0,0,0.0,0
554,DEBIT,40067.69,C4026816435,49261.33,9193.64,M9255306810,0.0,0.0,0,0.02666666666666667,0
364,DEBIT,1.0,C2830154607,4.58,3.58,M7764117705,0.0,0.0,0,0.03333333333333333,0
98,PAYMENT,1.0,C3815287619,0.0,0.0,M8626371177,0.0,0.0,0,0.0,0
612,DEBIT,1.0,C4268713302,0.0,0.0,M6525576685,0.0,0.0,0,0.05333333333333334,0
494,TRANSFER,1.0,C4022245086,0.0,0.0,C1660370908,0.0,1.0,0,0.22333333333333333,0
464,PAYMENT,50.8,C3866755218,104.37,53.57,M1694904767,0.0,0.0,0,0.0,0
447,PAYMENT,9.67,C6405851839,23.03,13.36,M7340036327,0.0,0.0,0,0.0,0
693,PAYMENT,14034.96,C1594312071,52351.83,38316.87,M6041646576,0.0,0.0,0,0.0,0
619,PAYMENT,88.86,C1862812038,95.58,6.72,M6845287382,0.0,0.0,0,0.0,0
16,TRANSFER,1.0,C6687206971,0.0,0.0,C3774110439,0.0,1.0,0,0.21,0
183,TRANSFER,1.0,C4577406847,1.0,0.0,C8477300991,94.09,95.09,0,0.06333333333333334,0
184,TRANSFER,103.3,C3303082117,241.64,138.34,C9786748825,0.0,103.3,0,0.08666666666666667,0
458,TRANSFER,63486.24,C5358791907,58908.76,0.0,M5315720088,0.0,0.0,1,0.8933333333333333,1
362,PAYMENT,53.04,C9514255777,136.69,83.65,M3119908041,0.0,0.0,0,0.0,0
302,CASH_OUT,65829.22,C3918046336,67428.62,1599.4,M1442421654,0.0,0.0,1,0.0033333333333333335,0
104,CASH_OUT,35974.96,C8796293088,37262.55,1287.59,C5861829469,0.0,0.0,1,0.0,0
447,PAYMENT,1178.48,C5641959772,6136.08,4957.6,M1442421654,0.0,0.0,0,0.0,0
626,PAYMENT,1516.42,C6496596008,27956.16,26439.74,M6101516825,0.0,0.0,0,0.0,0
288,CASH_OUT,104.39,C3796581976,435.52,331.13,C1594312071,38316.87,38316.87,0,0.0033333333333333335,0
491,PAYMENT,1.0,C4482141802,0.0,0.0,M2773408660,0.0,0.0,0,0.0,0
197,PAYMENT,296.57,C8322868827,26685.99,26389.42,M8903212516,0.0,0.0,0,0.0,0
264,CASH_OUT,1.0,C6155234610,0.0,0.0,C1083651970,585.42,585.42,0,0.016666666666666666,0
226,CASH_OUT,1.0,C9432088993,0.0,0.0,C3836517266,416.32,416.32,0,0.0033333333333333335,0
331,PAYMENT,1149.12,C5789617427,86632.32,85483.2,M8389750357,0.0,0.0,0,0.0,0
33,CASH_OUT,1658.12,C7190276026,1826.94,168.82,M6786043791,0.0,0.0,1,0.0,0
134,PAYMENT,1.0,C7464468567,0.0,0.0,M7764117705,0.0,0.0,0,0.0,0
604,CASH_OUT,12.13,C9759180824,24.95,12.82,C6720572969,309.98,309.98,0,0.02666666666666667,0
345,TRANSFER,102.32,C2970753705,94.48,0.0,M8366710477,0.0,0.0,1,0.23,0
693,CASH_OUT,325.12,C6340003593,311.71,0.0,M4952177946,0.0,0.0,1,0.07,0
71,PAYMENT,10.86,C2465576748,13.5,2.64,M9590331226,0.0,0.0,0,0.0,0
77,CASH_OUT,3925.0,C5539308214,3695.99,0.0,M6384311581,0.0,0.0,1,0.05,0
128,PAYMENT,1.0,C2867302554,0.27,0.0,M4211837506,0.0,0.0,0,0.0,0
376,PAYMENT,23.32,C2818381356,28.14,4.82,M3534186676,0.0,0.0,0,0.0,0
526,TRANSFER,2073.69,C2308496151,1861.34,0.0,C8982597239,0.0,2073.69,1,0.4,0
124,CASH_OUT,298.96,C6402580787,323.42,24.46,C1594312071,38316.87,38316.87,1,0.0033333333333333335,0
395,TRANSFER,1906.37,C3923699745,1969.3,62.93,M5315720088,0.0,0.0,1,0.31,0
522,PAYMENT,1717.13,C3313993297,2520.13,803.0,M8626371177,0.0,0.0,0,0.0,0
452,TRANSFER,5615.39,C7805633786,7425.49,1810.1,M5000316394,0.0,0.0,1,0.30333333333333334,0
90,PAYMENT,1.0,C1754603440,0.0,0.0,M5734228580,0.0,0.0,0,0.0,0
88,PAYMENT,650.05,C4231729466,4740.97,4090.92,M7717262223,0.0,0.0,0,0.0,0
368,CASH_OUT,3055.82,C4660390742,3380.97,325.15,M7437168216,0.0,0.0,1,0.01,0
19,PAYMENT,8205.11,C8934097788,15791.13,7586.02,M1466305100,0.0,0.0,0,0.0,0
608,PAYMENT,1.0,C1257324536,0.0,0.0,M8276498637,0.0,0.0,0,0.0,0
96,TRANSFER,596.34,C1626733282,824.37,228.03,M1083302600,0.0,0.0,1,0.1,0
704,CASH_OUT,1.26,C1471997674,5.16,3.9,C8497938394,1.83,1.83,0,0.04,0
443,CASH_OUT,85.27,C8303853049,72.01,0.0,C2732553940,0.82,0.82,1,0.10666666666666667,0
666,CASH_OUT,133.67,C9248574674,211.88,78.21,C7556046460,0.0,0.0,0,0.03,0
327,TRANSFER,128207.49,C2289624427,122874.63,0.0,C3201397080,4448.93,4448.93,1,0.17,0
622,TRANSFER,1.0,C3815389788,0.0,0.0,C3843139149,0.0,1.0,0,0.23333333333333334,0
511,PAYMENT,2065.18,C5212581851,26103.65,24038.47,M9933702652,0.0,0.0,0,0.0,0
553,CASH_OUT,1.0,C7799567490,0.0,0.0,C2075321966,0.0,0.0,0,0.06,0
137,CASH_OUT,1.0,C5696548897,0.0,0.0,C4508521152,171.14,171.14,0,0.0,0
604,TRANSFER,379.44,C3057629778,344.72,0.0,C4110258855,725.93,725.93,1,0.09,0
552,DEBIT,5.15,C4282810353,12.0,6.85,M2916502228,0.0,0.0,0,0.03,0
42,CASH_IN,1613.72,C3725152347,76.18,1689.9,C4600630513,1.1,1.1,0,0.0,0
400,PAYMENT,1.0,C4104309491,0.0,0.0,M1783432867,0.0,0.0,0,0.0,0
656,TRANSFER,2803.87,C7965608188,3525.71,721.84,M8063693463,0.0,0.0,1,0.29,0
656,CASH_OUT,2679.21,C1026224160,2387.42,0.0,M9576264323,0.0,0.0,1,0.17333333333333334,0
549,TRANSFER,125.06,C1590985753,142.75,17.69,C2232285036,258.66,383.72,0,0.07,0
276,PAYMENT,43.94,C1644608746,86.1,42.16,M7969674420,0.0,0.0,0,0.0,0
544,TRANSFER,924.19,C3511301900,39532.65,38608.46,C1639509845,25.76,949.95,0,0.03,0
389,PAYMENT,4.78,C7296658772,7.9,3.12,M1122712790,0.0,0.0,0,0.0,0
290,TRANSFER,79.28,C2350701477,111.58,32.3,M6651020291,0.0,0.0,1,0.16,0
282,PAYMENT,4.16,C1958682846,9.52,5.36,M3536590481,0.0,0.0,0,0.0,0
714,CASH_OUT,1353.7,C7209571615,1340.44,0.0,M8768773991,0.0,0.0,1,0.19666666666666666,0
43,TRANSFER,1.0,C9493209128,0.0,0.0,C2394868732,0.0,1.0,0,0.22333333333333333,0
14,PAYMENT,4.81,C3841827734,22.47,17.66,M3355504998,0.0,0.0,0,0.0,0
453,PAYMENT,145.46,C3464975279,556.07,410.61,M8366710477,0.0,0.0,0,0.0,0
232,CASH_OUT,467.92,C5400463094,574.99,107.07,C7896596272,53435.45,53435.45,0,0.0033333333333333335,0
140,CASH_OUT,3394.19,C2670036982,3973.39,579.2,M6651754819,0.0,0.0,1,0.0,0
217,CASH_OUT,3150.93,C2613385303,4088.31,937.38,M6384311581,0.0,0.0,1,0.0,0
223,CASH_OUT,2531.33,C2926780541,2274.6,0.0,M4460319291,0.0,0.0,1,0.06333333333333334,0
455,PAYMENT,2.09,C6237376063,4.4,2.31,M1888107487,0.0,0.0,0,0.0,0
345,DEBIT,137.37,C8235717104,176.44,39.07,M4390543744,0.0,0.0,0,0.02,0
105,PAYMENT,1.25,C4949801453,456.63,455.38,M9020002737,0.0,0.0,0,0.0,0
393,TRANSFER,419.69,C5125568431,685.72,266.03,C6000009225,240.51,660.2,0,0.01,0
229,PAYMENT,14.72,C7088949191,20.7,5.98,M4689605624,0.0,0.0,0,0.0,0
529,DEBIT,51.72,C4062777850,119.65,67.93,M9900829971,0.0,0.0,0,0.03,0
95,PAYMENT,1.0,C4242550727,0.0,0.0,M6041646576,0.0,0.0,0,0.0,0
311,PAYMENT,1.0,C2250949136,0.0,0.0,M1458227039,0.0,0.0,0,0.0,0
657,CASH_OUT,1.0,C6618965944,0.0,0.0,C7627266377,1.67,1.67,0,0.056666666666666664,0
548,CASH_OUT,1175.3,C9409682410,1082.23,0.0,C9467483275,340.58,340.58,1,0.17333333333333334,0
248,TRANSFER,1.0,C1470939445,1.0,0.0,C3980491761,0.0,1.0,0,0.23333333333333334,0
61,CASH_OUT,4290.65,C4039019230,3905.48,0.0,M9625656293,0.0,0.0,1,0.04,0
527,TRANSFER,8699.26,C2379592595,11372.97,2673.71,C8497938394,1.83,8701.09,0,0.016666666666666666,0
29,TRANSFER,39.08,C5150074940,53.11,14.03,C2756070122,0.0,39.08,0,0.16,0
188,TRANSFER,1.0,C8925520026,0.0,0.0,C8763140509,4376.52,4377.52,0,0.0,0
374,TRANSFER,31154.08,C9392515666,206068.24,174914.16,C5578056564,186.26,31340.34,0,0.0,0
101,CASH_OUT,3282.97,C2963288053,4280.15,997.18,M5714658227,0.0,0.0,1,0.0,0
164,CASH_OUT,5018.3,C6585609060,4863.15,0.0,M9021793855,0.0,0.0,1,0.043333333333333335,0
60,TRANSFER,204.52,C7127904756,532.25,327.73,C8575707116,32169.65,32374.17,0,0.0,0
170,PAYMENT,1346.54,C8033062794,3359.73,2013.19,M8083396378,0.0,0.0,0,0.0,0
547,PAYMENT,227.25,C5872148707,254.78,27.53,M8728631945,0.0,0.0,0,0.0,0
557,DEBIT,1.0,C6155234610,0.0,0.0,M3811254192,0.0,0.0,0,0.043333333333333335,0
176,TRANSFER,1.0,C3412273600,0.0,0.0,C3369305560,0.0,1.0,0,0.22333333333333333,0
57,CASH_OUT,9759.54,C1749459431,10023.95,264.41,C6317152031,14822.08,14822.08,0,0.0,0
674,TRANSFER,1230.28,C1158998032,2719.9,1489.62,C7193532615,26.39,1256.67,0,0.06666666666666667,0
18,TRANSFER,1.0,C2982979741,0.0,0.0,C1251837136,2.97,3.97,0,0.21,0
512,PAYMENT,1.0,C3781569954,0.0,0.0,M5156392601,0.0,0.0,0,0.0,0
702,PAYMENT,5720.62,C6663846005,93538.6,87817.98,M2155671697,0.0,0.0,0,0.0,0
70,DEBIT,6833.62,C7705605962,7319.07,485.45,M7717262223,0.0,0.0,0,0.02,0
631,CASH_OUT,120.14,C7380780055,528.94,408.8,C1276905285,0.0,0.0,0,0.02666666666666667,0
6,TRANSFER,1002.96,C4102821948,1128.11,125.15,M7861571879,0.0,0.0,1,0.16,0
284,TRANSFER,86.44,C5364727160,136.42,49.98,C7376649850,47167.87,47254.31,0,0.0,0
117,CASH_OUT,51.88,C9312085761,62.18,10.3,C8948573913,0.0,0.0,1,0.0033333333333333335,0
468,PAYMENT,1.0,C8208643631,0.0,0.0,M7750131975,0.0,0.0,0,0.0,0
431,CASH_IN,2.76,C6852312425,0.0,2.76,C6392415228,12555.3,12555.3,0,0.0033333333333333335,0
234,TRANSFER,2094.73,C6418365941,1929.92,0.0,M8102481401,0.0,0.0,1,0.6,1
706,CASH_OUT,2715.52,C9503787171,2840.31,124.79,C1541964762,0.17,0.17,1,0.04,0
537,PAYMENT,1.36,C9922723063,3.13,1.77,M9773795424,0.0,0.0,0,0.0,0
699,DEBIT,1.0,C8624454880,0.0,0.0,M8063693463,0.0,0.0,0,0.05,0
266,TRANSFER,3817.16,C7074050517,4912.66,1095.5,C5774080233,0.0,0.0,1,0.22,0
488,TRANSFER,109.85,C4660390742,325.15,215.3,C2125089309,2679.61,2789.46,0,0.02,0
221,CASH_OUT,1.0,C2076341629,0.0,0.0,C8418332121,513.32,513.32,0,0.01,0
343,CASH_OUT,390.29,C1197449658,513.29,123.0,M4306983924,0.0,0.0,1,0.023333333333333334,0
218,CASH_OUT,340.1,C3520417815,1057.36,717.26,C9630522755,73.36,73.36,0,0.0033333333333333335,0
609,PAYMENT,14531.86,C9086117171,60235.02,45703.16,M3208200227,0.0,0.0,0,0.0,0
183,PAYMENT,4765.4,C8858766173,9468.33,4702.93,M5535650160,0.0,0.0,0,0.0,0
497,CASH_OUT,3573.46,C1485574228,3250.48,0.0,C9019515562,386.68,386.68,1,0.24666666666666667,0
42,CASH_OUT,830.18,C8532327465,2123.51,1293.33,C5951406973,1980.83,1980.83,0,0.0,0
568,PAYMENT,94.76,C4990452762,231.48,136.72,M9776500600,0.0,0.0,0,0.0,0
185,TRANSFER,2656.42,C6884882440,3547.53,891.11,C4440904834,1797.77,1797.77,1,0.0,0
449,PAYMENT,6071.08,C5087357728,15831.17,9760.09,M9977193987,0.0,0.0,0,0.0,0
590,PAYMENT,1.0,C2789144223,0.0,0.0,M1694904767,0.0,0.0,0,0.0,0
181,CASH_IN,136711.62,C6464693977,11358.6,148070.22,C3377702111,469.19,469.19,0,0.0,0
391,TRANSFER,595.73,C3033747850,532.85,0.0,M9558906999,0.0,0.0,1,0.27666666666666667,0
124,CASH_OUT,487.44,C5381866906,455.1,0.0,M6744039057,0.0,0.0,1,0.02666666666666667,0
699,CASH_IN,120995.85,C9807209816,0.0,120995.85,C4268713302,0.0,0.0,0,0.0,0
409,PAYMENT,1.0,C4693510920,1.0,0.0,M9631695368,0.0,0.0,0,0.0,0
674,CASH_OUT,58.15,C2139027119,122.95,64.8,C2065354117,812.33,812.33,0,0.02666666666666667,0
353,CASH_OUT,4085.19,C3051831252,4283.01,197.82,M2586712032,0.0,0.0,1,0.013333333333333334,0
20,CASH_OUT,84.35,C9630522755,73.36,0.0,C5625980561,7114.7,7114.7,1,0.01,0
503,PAYMENT,9532.04,C9924456994,25334.19,15802.15,M9576264323,0.0,0.0,0,0.0,0
234,PAYMENT,1.0,C8507497883,0.0,0.0,M5919148165,0.0,0.0,0,0.0,0
457,CASH_OUT,3731.19,C6576426590,11253.81,7522.62,C6880115912,81307.85,81307.85,0,0.01,0
549,DEBIT,1.0,C4600630513,1.1,0.1,M8740820392,0.0,0.0,0,0.043333333333333335,0
128,TRANSFER,113.4,C5400463094,107.07,0.0,M2129491690,0.0,0.0,1,0.20666666666666667,0
80,PAYMENT,28.91,C1494287462,49.36,20.45,M3223687972,0.0,0.0,0,0.0,0
537,TRANSFER,1.0,C2465576748,2.64,1.64,C3480920839,34528.31,34529.31,0,0.0,0
196,PAYMENT,4654.49,C3188382776,20425.66,15771.17,M4865979921,0.0,0.0,0,0.0,0
2,PAYMENT,15.2,C5872148707,27.53,12.33,M6866146362,0.0,0.0,0,0.0,0
480,CASH_OUT,794.54,C8287542751,1126.35,331.81,M6992094064,0.0,0.0,1,0.04666666666666667,0
368,PAYMENT,3.2,C1981049082,4.22,1.02,M2695447268,0.0,0.0,0,0.0,0
290,CASH_OUT,155.56,C7670476743,221.73,66.17,C8182649048,959.3,959.3,1,0.02,0
429,TRANSFER,1259.0,C7579604766,1198.3,0.0,M1413599241,0.0,0.0,1,0.44,0
396,PAYMENT,1584.81,C8299146480,6215.87,4631.06,M5990749811,0.0,0.0,0,0.0,0
162,PAYMENT,2425.97,C2327372855,2560.0,134.03,M6932365592,0.0,0.0,0,0.0,0
487,CASH_OUT,1.95,C5728897164,7.59,5.64,C1195066088,0.0,0.0,0,0.04666666666666667,0
601,CASH_OUT,345.7,C9019515562,386.68,40.98,C2732553940,0.82,0.82,0,0.03666666666666667,0
160,CASH_OUT,4642.56,C8934927891,4536.25,0.0,M2711123163,0.0,0.0,1,0.05,0
334,TRANSFER,4085.81,C3149533961,6042.25,1956.44,C7808938880,160.77,4246.58,0,0.0,0
665,TRANSFER,20773.65,C8382963909,18568.6,0.0,M3208200227,0.0,0.0,1,0.91,1
68,PAYMENT,1.0,C4180599722,1.0,0.0,M5694439775,0.0,0.0,0,0.0,0
362,TRANSFER,12.29,C5150074940,14.03,1.74,C2073755632,17397.07,17409.36,0,0.0,0
282,TRANSFER,153.73,C6719736115,142.38,0.0,C9558091177,13.22,166.95,1,0.14,0
23,TRANSFER,1.0,C5735817014,0.0,0.0,C4714465905,40.77,41.77,0,0.16666666666666666,0
151,PAYMENT,31.51,C9621419224,73.5,41.99,M2655546199,0.0,0.0,0,0.0,0
424,TRANSFER,14519.58,C7166868574,44496.7,29977.12,C3923823693,403.88,14923.46,0,0.0,0
31,TRANSFER,1.0,C5381866906,0.0,0.0,C7839819230,48980.78,48981.78,0,0.0,0
1,CASH_IN,77921.8,C3376077463,21113.2,99035.0,C9557663181,1063.25,1063.25,0,0.0,0
114,CASH_OUT,1.0,C2801177461,0.0,0.0,C7872090713,167.71,167.71,0,0.0,0
42,PAYMENT,88.86,C6804850108,103.17,14.31,M1676220116,0.0,0.0,0,0.0,0
519,PAYMENT,9349.96,C8846861559,90344.32,80994.36,M1257854279,0.0,0.0,0,0.0,0
164,PAYMENT,1157.24,C9437783771,1323.83,166.59,M2115862756,0.0,0.0,0,0.0,0
623,PAYMENT,2.99,C3371357111,5.95,2.96,M7168105904,0.0,0.0,0,0.0,0
576,PAYMENT,1.0,C2079770569,0.0,0.0,M1240140248,0.0,0.0,0,0.0,0
115,TRANSFER,15135.66,C3874432021,22311.8,7176.14,C9639245200,582.57,15718.23,0,0.0,0
408,TRANSFER,24.72,C9856756553,32.97,8.25,C9579064478,20.65,45.37,0,0.13333333333333333,0
68,TRANSFER,2608.64,C5474951950,3426.52,817.88,M7948094928,0.0,0.0,1,0.16333333333333333,0
451,DEBIT,1.0,C7481631841,0.0,0.0,M3705237613,0.0,0.0,0,0.04666666666666667,0
454,PAYMENT,5101.9,C6645808194,40776.87,35674.97,M5194066484,0.0,0.0,0,0.0,0
660,TRANSFER,3894.26,C6405851839,4196.99,302.73,C3297096148,109463.39,109463.39,1,0.006666666666666667,0
498,CASH_IN,30558.19,C2311597141,0.0,30558.19,C6961554653,0.0,0.0,0,0.0,0
265,TRANSFER,5849.7,C9704383251,144451.66,138601.96,C7979466538,2.53,5852.23,0,0.0,0
221,PAYMENT,33.1,C7691931213,42.14,9.04,M6275155878,0.0,0.0,0,0.0,0
113,PAYMENT,22887.53,C6955593943,25995.65,3108.12,M4865979921,0.0,0.0,0,0.0,0
437,CASH_OUT,4.8,C4706249669,5.08,0.28,C3030106617,3.51,3.51,0,0.09,0
585,TRANSFER,3856.26,C5100282913,3509.28,0.0,C2785736751,1090.31,1090.31,1,0.37666666666666665,0
145,PAYMENT,3656.95,C9392515666,174914.16,171257.21,M6786043791,0.0,0.0,0,0.0,0
200,CASH_OUT,1547.26,C6558450990,1548.96,1.7,C9370133343,0.0,0.0,1,0.03333333333333333,0
482,CASH_OUT,1821.76,C8664882079,1542.22,0.0,M9558906999,0.0,0.0,1,0.32666666666666666,0
382,PAYMENT,2207.77,C5297902885,103881.07,101673.3,M2555936898,0.0,0.0,0,0.0,0
452,PAYMENT,3709.83,C9098129449,109799.23,106089.4,M3517195150,0.0,0.0,0,0.0,0
40,TRANSFER,2130.37,C4302632494,2960.73,830.36,M8910440683,0.0,0.0,1,0.17,0
181,CASH_IN,136764.28,C3605585995,625.48,137389.76,C6822870815,0.0,0.0,0,0.0,0
614,PAYMENT,1.0,C4767539382,0.0,0.0,M2136107759,0.0,0.0,0,0.0,0
11,CASH_IN,101269.55,C1067198189,696.25,101965.8,C4509456565,0.0,0.0,0,0.0,0
713,CASH_OUT,173.67,C5913767020,266.6,92.93,C3328710672,0.0,0.0,0,0.02666666666666667,0
511,PAYMENT,49.29,C3707166618,77.97,28.68,M8389750357,0.0,0.0,0,0.0,0
273,TRANSFER,171.7,C4277561834,182.29,10.59,C2390587865,0.0,171.7,0,0.056666666666666664,0
268,DEBIT,19.39,C2704657157,21.45,2.06,M5412437658,0.0,0.0,0,0.03,0
362,TRANSFER,3595.85,C1230249217,4054.15,458.3,C4419410162,41.28,41.28,1,0.14,0
99,TRANSFER,363.53,C7092693247,313.54,0.0,M3192202822,0.0,0.0,1,0.23666666666666666,0
608,TRANSFER,1545.13,C1041531046,1508.59,0.0,C4203205881,0.0,0.0,1,0.51,1
162,CASH_OUT,1.76,C1506211965,6.63,4.87,C1248704157,0.0,0.0,0,0.006666666666666667,0
237,TRANSFER,16082.06,C4248149900,100797.45,84715.39,C6173344564,12.8,16094.86,0,0.0,0
253,CASH_OUT,360.3,C6619138852,393.99,33.69,M6692705133,0.0,0.0,1,0.006666666666666667,0
79,CASH_OUT,1.0,C8933377472,0.0,0.0,C1197092148,41973.6,41973.6,0,0.0,0
420,TRANSFER,3303.32,C5931025271,2815.95,0.0,C4226113732,30.21,30.21,1,0.7266666666666667,1
650,CASH_IN,149807.02,C6588252632,0.0,149807.02,C6596578419,0.0,0.0,0,0.0,0
557,CASH_OUT,11229.6,C9182543558,10930.77,0.0,M9444143872,0.0,0.0,1,0.18333333333333332,0
495,PAYMENT,1127.29,C5778781449,1472.06,344.77,M8790289305,0.0,0.0,0,0.0,0
136,CASH_OUT,3682.81,C8833399096,4300.9,618.09,C9544423456,0.0,0.0,0,0.0,0
637,CASH_OUT,4.36,C9856756553,8.25,3.89,C8039917766,0.0,0.0,0,0.043333333333333335,0
309,TRANSFER,24701.15,C4067919621,26474.75,1773.6,C7759781156,7831.77,7831.77,1,0.0033333333333333335,0
120,PAYMENT,60.46,C4655935832,188.75,128.29,M4908108692,0.0,0.0,0,0.0,0
300,CASH_IN,10495.45,C4633987776,289.44,10784.89,C3574081104,23.07,23.07,0,0.0,0
227,CASH_OUT,1.0,C5278201677,0.0,0.0,C3846570058,569.34,569.34,0,0.006666666666666667,0
337,PAYMENT,1.0,C6142469284,0.0,0.0,M5585110649,0.0,0.0,0,0.0,0
598,PAYMENT,423.12,C4647891535,464.0,40.88,M7453081889,0.0,0.0,0,0.0,0
337,CASH_OUT,2216.88,C6894808149,2719.87,502.99,C6043349038,50.89,50.89,0,0.006666666666666667,0
146,PAYMENT,1687.33,C1408988968,1777.01,89.68,M2571632270,0.0,0.0,0,0.0,0
154,TRANSFER,2337.12,C5748253283,3082.27,745.15,M8276498637,0.0,0.0,1,0.13666666666666666,0
710,CASH_OUT,17919.9,C4877520294,111076.32,93156.42,C9433570024,101.31,101.31,0,0.01,0
598,TRANSFER,245.7,C7772180882,253.51,7.81,C9123207735,16.8,262.5,1,0.08,0
283,PAYMENT,365.7,C2549748436,520.94,155.24,M1122712790,0.0,0.0,0,0.0,0
345,CASH_OUT,98224.78,C9904586976,90681.74,0.0,M9752092528,0.0,0.0,1,0.043333333333333335,0
526,DEBIT,8.55,C1421776124,41.79,33.24,M9916475897,0.0,0.0,0,0.03,0
720,CASH_OUT,38.15,C6288227800,60.98,22.83,C5972484792,266.11,266.11,0,0.03,0
483,PAYMENT,1.0,C7431813987,0.0,0.0,M3297681898,0.0,0.0,0,0.0,0
690,PAYMENT,1.99,C2351531223,2.74,0.75,M6041646576,0.0,0.0,0,0.0,0
40,PAYMENT,1.0,C6317189421,0.0,0.0,M2586712032,0.0,0.0,0,0.0,0
431,PAYMENT,1.0,C6491309593,1.17,0.17,M3495411322,0.0,0.0,0,0.0,0
294,TRANSFER,3411.77,C2586568081,3246.3,0.0,C6515369278,3.79,3.79,1,0.72,1
227,TRANSFER,250.03,C9354542654,538.76,288.73,C1322401182,0.0,250.03,0,0.01,0
605,PAYMENT,126.34,C7949795085,196.11,69.77,M3369412470,0.0,0.0,0,0.0,0
297,PAYMENT,1.0,C4509456565,0.0,0.0,M9068916300,0.0,0.0,0,0.0,0
399,TRANSFER,13.25,C4226113732,30.21,16.96,C8133593748,1.0,14.25,0,0.15666666666666668,0
431,TRANSFER,1646.56,C4752171298,4571.31,2924.75,C5935852056,24932.16,26578.72,0,0.0033333333333333335,0
328,CASH_OUT,2521.33,C6868336102,2391.71,0.0,M2249831874,0.0,0.0,1,0.12333333333333334,0
427,CASH_OUT,1.42,C2465576748,1.64,0.22,C7896596272,53435.45,53435.45,0,0.05333333333333334,0
11,PAYMENT,69.49,C4873807154,46182.49,46113.0,M6846530109,0.0,0.0,0,0.0,0
14,DEBIT,1.0,C5419627962,0.0,0.0,M9398575277,0.0,0.0,0,0.023333333333333334,0
315,DEBIT,566.08,C2099184899,649.2,83.12,M9558906999,0.0,0.0,0,0.016666666666666666,0
329,PAYMENT,28.21,C5879617459,34.93,6.72,M3369412470,0.0,0.0,0,0.0,0
136,CASH_IN,136330.46,C6944371787,342.73,136673.19,C7451071432,259.17,259.17,0,0.0,0
470,TRANSFER,1.0,C7920516981,0.0,0.0,C7481631841,0.0,1.0,0,0.22,0
275,CASH_OUT,1654.72,C2525930586,2090.62,435.9,M4952177946,0.0,0.0,1,0.0033333333333333335,0
611,CASH_OUT,8.02,C3424843951,14.16,6.14,C3667740351,40764.12,40764.12,0,0.013333333333333334,0
565,PAYMENT,6268.62,C6633778586,66059.68,59791.06,M1185303518,0.0,0.0,0,0.0,0
567,TRANSFER,3.01,C4470591645,5.94,2.93,C7951902330,9.86,12.87,0,0.15,0
589,TRANSFER,1.0,C3304560537,1.0,0.0,C3384006407,98915.72,98916.72,0,0.0,0
216,CASH_OUT,5193.9,C7645527239,4884.39,0.0,C7079234115,10.64,10.64,1,0.043333333333333335,0
525,TRANSFER,1.0,C5150074940,1.74,0.74,C9858643842,13792.69,13793.69,0,0.0033333333333333335,0
284,CASH_OUT,1.0,C4398953973,0.0,0.0,C5162260671,1.65,1.65,0,0.03666666666666667,0
206,DEBIT,1.0,C9303285822,0.0,0.0,M5412437658,0.0,0.0,0,0.03,0
668,DEBIT,9888.75,C8134112721,10770.05,881.3,M6992094064,0.0,0.0,0,0.03666666666666667,0
82,PAYMENT,1.0,C9645619869,0.0,0.0,M5937271321,0.0,0.0,0,0.0,0
475,TRANSFER,1.0,C9421518487,0.0,0.0,C6952554500,0.0,1.0,0,0.23,0
262,CASH_OUT,1.0,C6868336102,0.0,0.0,C1316756902,70180.09,70180.09,0,0.0,0
715,PAYMENT,24.41,C6329323383,43.38,18.97,M5412437658,0.0,0.0,0,0.0,0
470,PAYMENT,366.41,C3521300895,863.38,496.97,M6282009986,0.0,0.0,0,0.0,0
129,PAYMENT,1.0,C6065662867,0.0,0.0,M2773408660,0.0,0.0,0,0.0,0
380,CASH_OUT,1.0,C4104309491,0.0,0.0,C2073755632,17409.36,17409.36,0,0.0,0
608,CASH_OUT,170.98,C2965254350,251.47,80.49,C9504724761,0.0,0.0,0,0.03666666666666667,0
507,CASH_OUT,3833.13,C9579064478,3223.79,0.0,M7951820749,0.0,0.0,1,0.22666666666666666,0
442,PAYMENT,46.52,C7488943393,27297.29,27250.77,M5449848690,0.0,0.0,0,0.0,0
677,CASH_OUT,3728.42,C1399546384,3761.37,32.95,C9379439373,45.43,45.43,1,0.05333333333333334,0
500,PAYMENT,5.15,C5982744929,5.6,0.45,M7664045502,0.0,0.0,0,0.0,0
507,CASH_OUT,58.6,C6638034087,71.55,12.95,M3508990774,0.0,0.0,1,0.03666666666666667,0
250,PAYMENT,401.92,C2578662692,1443.06,1041.14,M1458227039,0.0,0.0,0,0.0,0
487,CASH_OUT,1720.48,C7846365089,2211.12,490.64,M5919148165,0.0,0.0,1,0.03,0
459,TRANSFER,1.0,C2960488639,1.0,0.0,C2627677155,11496.51,11497.51,0,0.01,0
200,TRANSFER,4129.08,C1657675888,4533.73,404.65,C6338036681,0.0,0.0,1,0.21,0
192,PAYMENT,1.0,C2654584280,0.32,0.0,M4122901114,0.0,0.0,0,0.0,0
246,TRANSFER,1028.07,C6443749394,1288.73,260.66,M4399143287,0.0,0.0,1,0.11333333333333333,0
635,PAYMENT,288.17,C2452066459,366.44,78.27,M7437168216,0.0,0.0,0,0.0,0
125,TRANSFER,51.8,C7242730249,136.93,85.13,C5870891270,8393.23,8445.03,0,0.0,0
377,CASH_IN,2816.11,C8055556030,0.0,2816.11,C5578056564,31340.34,31340.34,0,0.0,0
570,CASH_IN,50070.89,C1248704157,0.0,50070.89,C9621419224,41.99,41.99,0,0.0,0
686,CASH_IN,2144.99,C2067970820,0.0,2144.99,C1785418196,27788.38,27788.38,0,0.0,0
645,TRANSFER,18.31,C7540301973,20.24,1.93,C9677466102,1777.45,1795.76,0,0.05333333333333334,0
199,PAYMENT,1.0,C2789144223,0.0,0.0,M8443061472,0.0,0.0,0,0.0,0
166,TRANSFER,26.76,C4776436931,290.35,263.59,C2349641712,16.53,43.29,0,0.05333333333333334,0
381,PAYMENT,83.31,C1809283659,259.81,176.5,M5380159400,0.0,0.0,0,0.0,0
701,CASH_OUT,6374.45,C2571688961,7031.13,656.68,C3293560436,111.12,111.12,0,0.023333333333333334,0
139,CASH_OUT,1316.16,C5819946657,1325.38,9.22,M5067400473,0.0,0.0,1,0.013333333333333334,0
704,CASH_OUT,1.0,C5375461598,1.24,0.24,C2409274786,0.0,0.0,0,0.056666666666666664,0
216,DEBIT,16370.06,C1529290976,108849.52,92479.46,M7437168216,0.0,0.0,0,0.006666666666666667,0
281,CASH_OUT,266.3,C1667779376,259.39,0.0,C4750707607,329.66,329.66,1,0.03666666666666667,0
509,DEBIT,1.0,C5931025271,0.0,0.0,M6361225622,0.0,0.0,0,0.043333333333333335,0
68,PAYMENT,1.0,C1707196784,0.78,0.0,M3072183247,0.0,0.0,0,0.0,0
73,CASH_IN,15754.08,C1234359689,0.0,15754.08,C6362597344,255.77,255.77,0,0.0,0
242,CASH_OUT,81.26,C8417757797,68.45,0.0,C2327372855,134.03,134.03,1,0.016666666666666666,0
685,CASH_OUT,1007.73,C4037270171,936.0,0.0,M6284297249,0.0,0.0,1,0.20333333333333334,0
487,TRANSFER,1.0,C2878930355,0.0,0.0,C1722124509,17.89,18.89,0,0.2,0
306,PAYMENT,1.0,C2789144223,0.0,0.0,M7453081889,0.0,0.0,0,0.0,0
418,PAYMENT,23281.31,C5578056564,31340.34,8059.03,M1711271599,0.0,0.0,0,0.0,0
360,PAYMENT,427.46,C7581349462,1014.23,586.77,M6732306182,0.0,0.0,0,0.0,0
522,PAYMENT,141.57,C5976777081,359.22,217.65,M2115862756,0.0,0.0,0,0.0,0
567,DEBIT,136.11,C4641561499,203.43,67.32,M3094407076,0.0,0.0,0,0.02666666666666667,0
302,TRANSFER,852.83,C6928691380,1133.18,280.35,C9123612497,0.0,852.83,0,0.0,0
39,PAYMENT,43.07,C5646751885,9157.22,9114.15,M8727805468,0.0,0.0,0,0.0,0
656,TRANSFER,3125.24,C2173242669,4926.51,1801.27,C1084790270,0.0,3125.24,0,0.06,0
556,DEBIT,299.0,C1754368373,1192.19,893.19,M5194066484,0.0,0.0,0,0.03,0
93,CASH_OUT,110.2,C3303082117,138.34,28.14,C2566942273,297.17,297.17,1,0.01,0
124,CASH_OUT,3044.99,C4104309491,3630.68,585.69,C1662976399,94.7,94.7,1,0.0,0
76,PAYMENT,1.0,C3109688769,0.0,0.0,M5325865521,0.0,0.0,0,0.0,0
443,PAYMENT,1.0,C2970753705,0.0,0.0,M7960713821,0.0,0.0,0,0.0,0
12,PAYMENT,1.0,C4482141802,0.0,0.0,M7717262223,0.0,0.0,0,0.0,0
501,TRANSFER,11955.09,C8261111839,11139.77,0.0,C3574081104,23.07,23.07,1,0.7566666666666667,1
593,TRANSFER,358.61,C7671041685,507.28,148.67,C3975704877,0.0,0.0,1,0.15333333333333332,0
566,CASH_IN,1464.47,C5975196341,0.0,1464.47,C9741628563,1307.44,1307.44,0,0.0,0
253,PAYMENT,393.17,C3258354191,1168.26,775.09,M4242579642,0.0,0.0,0,0.0,0
539,PAYMENT,850.14,C8184602688,3483.76,2633.62,M1442421654,0.0,0.0,0,0.0,0
620,CASH_OUT,1.0,C2424706705,0.0,0.0,C5283911723,17108.25,17108.25,0,0.016666666666666666,0
509,TRANSFER,505.55,C4073772623,486.66,0.0,M1357561213,0.0,0.0,1,0.2633333333333333,0
231,PAYMENT,59.08,C3738900744,105.88,46.8,M9441870024,0.0,0.0,0,0.0,0
497,TRANSFER,359.07,C3429019820,331.23,0.0,M6247463262,0.0,0.0,1,0.23,0
459,PAYMENT,1.0,C7481631841,1.0,0.0,M6692705133,0.0,0.0,0,0.0,0
172,PAYMENT,1.0,C6562144159,0.0,0.0,M8646369354,0.0,0.0,0,0.0,0
46,TRANSFER,83.66,C4990452762,136.72,53.06,C1197449658,123.0,206.66,0,0.02,0
274,PAYMENT,92.88,C6305160342,112.27,19.39,M3566125120,0.0,0.0,0,0.0,0
561,CASH_OUT,5277.6,C3965676060,4628.54,0.0,C8833399096,618.09,618.09,1,0.20333333333333334,0
36,TRANSFER,3560.89,C4131575764,4649.7,1088.81,M7948094928,0.0,0.0,1,0.18,0
501,PAYMENT,1.0,C1741134891,0.0,0.0,M1306420495,0.0,0.0,0,0.0,0
226,PAYMENT,2071.82,C8757570742,2326.68,254.86,M3595066420,0.0,0.0,0,0.0,0
45,TRANSFER,4598.17,C5035765954,4181.27,0.0,M4093474499,0.0,0.0,1,0.79,1
351,PAYMENT,24836.69,C6952291828,25571.38,734.69,M3690714075,0.0,0.0,0,0.0,0
713,PAYMENT,1.0,C4594787485,0.0,0.0,M1368287033,0.0,0.0,0,0.0,0
285,DEBIT,127.64,C2537965898,168.63,40.99,M3690714075,0.0,0.0,0,0.02,0
614,CASH_OUT,696.95,C8178361487,921.15,224.2,M5714658227,0.0,0.0,1,0.03666666666666667,0
684,CASH_OUT,1.0,C5539308214,0.0,0.0,C9539945315,0.0,0.0,0,0.056666666666666664,0
314,CASH_OUT,73231.52,C1287814151,91191.3,17959.78,C2973888646,22.14,22.14,0,0.0,0
235,PAYMENT,49.04,C6544063167,62.48,13.44,M7270955446,0.0,0.0,0,0.0,0
152,PAYMENT,2871.22,C6218955985,3503.19,631.97,M9068916300,0.0,0.0,0,0.0,0
509,PAYMENT,1.0,C5612645121,2.26,1.26,M6361225622,0.0,0.0,0,0.0,0
90,PAYMENT,1.0,C4067961943,0.0,0.0,M9900829971,0.0,0.0,0,0.0,0
326,TRANSFER,4469.75,C8075122626,5501.44,1031.69,C7397963801,32223.65,36693.4,0,0.0,0
223,PAYMENT,26.99,C8168036130,68.85,41.86,M8218146534,0.0,0.0,0,0.0,0
97,PAYMENT,77.75,C2181241943,180.0,102.25,M1257854279,0.0,0.0,0,0.0,0
555,TRANSFER,2234.66,C8180620422,1898.79,0.0,M6744039057,0.0,0.0,1,0.7666666666666667,1
460,CASH_OUT,1.0,C9592390865,0.0,0.0,C2962750929,76.84,76.84,0,0.08333333333333333,0
646,PAYMENT,1.0,C1340272119,0.0,0.0,M8740820392,0.0,0.0,0,0.0,0
98,PAYMENT,2810.95,C4662861038,3317.15,506.2,M2586712032,0.0,0.0,0,0.0,0
616,PAYMENT,10.89,C5184564874,21.35,10.46,M3107992942,0.0,0.0,0,0.0,0
448,CASH_IN,116499.93,C9807209816,120995.85,237495.78,C7666869046,0.0,0.0,0,0.0,0
243,CASH_OUT,800.05,C3651552513,967.38,167.33,C5751366455,0.0,0.0,1,0.0033333333333333335,0
569,TRANSFER,1986.73,C8570850267,2095.19,108.46,M4908108692,0.0,0.0,1,0.4166666666666667,0
38,PAYMENT,1.0,C2351531223,0.75,0.0,M4820942294,0.0,0.0,0,0.0,0
96,TRANSFER,1.0,C8721631198,0.0,0.0,C9953716239,15.88,16.88,0,0.19666666666666666,0
235,DEBIT,147.35,C3639796200,616.97,469.62,M5000316394,0.0,0.0,0,0.013333333333333334,0
62,PAYMENT,150.32,C8015775567,459.87,309.55,M8727805468,0.0,0.0,0,0.0,0
510,PAYMENT,1.0,C5150090143,0.0,0.0,M5449848690,0.0,0.0,0,0.0,0
505,CASH_OUT,667.75,C2020395327,775.54,107.79,M8548290298,0.0,0.0,1,0.03333333333333333,0
27,PAYMENT,118.23,C3108307952,252.4,134.17,M2518433834,0.0,0.0,0,0.0,0
508,PAYMENT,360.08,C3946766309,130589.08,130229.0,M6558769264,0.0,0.0,0,0.0,0
312,PAYMENT,2.94,C4586784711,22940.84,22937.9,M1096405016,0.0,0.0,0,0.0,0
324,PAYMENT,41.17,C3660223333,59.04,17.87,M6313472215,0.0,0.0,0,0.0,0
147,DEBIT,1.0,C1586412136,0.0,0.0,M4211837506,0.0,0.0,0,0.02666666666666667,0
397,CASH_OUT,303030.72,C7536876169,283761.38,0.0,M9558906999,0.0,0.0,1,0.05,0
508,PAYMENT,1.0,C7135394336,0.0,0.0,M8643636805,0.0,0.0,0,0.0,0
50,TRANSFER,844.63,C3875303857,1072.19,227.56,M6525576685,0.0,0.0,1,0.1,0
552,CASH_OUT,1.0,C8106401208,0.0,0.0,C8229344434,0.0,0.0,0,0.06,0
499,CASH_OUT,1998.83,C9138644862,2276.71,277.88,M8869140487,0.0,0.0,1,0.03,0
202,PAYMENT,1.82,C7183058541,625.84,624.02,M6846530109,0.0,0.0,0,0.0,0
472,CASH_OUT,1.0,C5735817014,0.0,0.0,C1039262289,47.09,47.09,0,0.08,0
144,TRANSFER,527.71,C1230249217,458.3,0.0,M6845287382,0.0,0.0,1,0.23,0
489,TRANSFER,30164.34,C8575707116,32374.17,2209.83,C6633778586,59791.06,59791.06,1,0.0,0
654,CASH_OUT,1.0,C5268845844,0.0,0.0,C9067664957,140.46,140.46,0,0.04666666666666667,0
315,CASH_IN,37559.82,C7760554363,1380.48,38940.3,C1664847319,294234.67,294234.67,0,0.0,0
540,PAYMENT,232.13,C7977267911,324.88,92.75,M9021793855,0.0,0.0,0,0.0,0
454,TRANSFER,34.01,C4106464319,79.41,45.4,C4713453204,0.0,34.01,0,0.16333333333333333,0
247,DEBIT,1.0,C5689870435,0.0,0.0,M9921025990,0.0,0.0,0,0.03666666666666667,0
328,DEBIT,24.12,C1885113834,44.67,20.55,M2249831874,0.0,0.0,0,0.02,0
316,PAYMENT,12.79,C2537965898,40.99,28.2,M6101516825,0.0,0.0,0,0.0,0
709,TRANSFER,131926.55,C7487012742,179000.07,47073.52,C3426665919,473.23,132399.78,0,0.0033333333333333335,0
178,TRANSFER,1538.6,C9702693937,2313.91,775.31,C6554972315,19.41,1558.01,0,0.006666666666666667,0
434,PAYMENT,1.0,C8933377472,0.0,0.0,M5959736235,0.0,0.0,0,0.0,0
452,TRANSFER,774.8,C2571688961,656.68,0.0,M9021793855,0.0,0.0,1,0.25333333333333335,0
480,PAYMENT,2039.5,C4431078106,11177.31,9137.81,M3355504998,0.0,0.0,0,0.0,0
73,TRANSFER,29563.34,C6745958212,77576.21,48012.87,C9103115140,0.0,29563.34,0,0.0,0
620,DEBIT,1.0,C8229344434,0.0,0.0,M8058679999,0.0,0.0,0,0.05333333333333334,0
700,PAYMENT,31.43,C1039262289,47.09,15.66,M5449848690,0.0,0.0,0,0.0,0
655,TRANSFER,2692.9,C9147736635,2910.57,217.67,C3291226621,299.2,299.2,1,0.13333333333333333,0
209,CASH_OUT,167.39,C7229869819,151.7,0.0,C9703905715,8827.7,8827.7,1,0.016666666666666666,0
594,TRANSFER,1485.36,C5407856339,1928.15,442.79,C7534583219,195.72,195.72,1,0.12666666666666668,0
146,TRANSFER,50.55,C1322401182,250.03,199.48,C3149533961,1956.44,2006.99,0,0.0,0
98,PAYMENT,1.0,C2948728483,0.0,0.0,M2418407139,0.0,0.0,0,0.0,0
410,TRANSFER,1.0,C7431813987,0.0,0.0,C4181102664,39.82,40.82,0,0.15,0
213,TRANSFER,2794.29,C8417757797,3106.07,311.78,M6744039057,0.0,0.0,1,0.18,0
492,CASH_OUT,199.73,C9136780852,339.37,139.64,C8925520026,0.0,0.0,0,0.03,0
503,CASH_OUT,9282.7,C7487012742,47073.52,37790.82,C4895020135,799.42,799.42,0,0.0033333333333333335,0
7,PAYMENT,4591.17,C7858937483,6369.66,1778.49,M8778927211,0.0,0.0,0,0.0,0
119,TRANSFER,133.51,C6405851839,302.73,169.22,C4630196130,7.93,141.44,0,0.02666666666666667,0
685,TRANSFER,1613.04,C4470591645,1623.61,10.57,C6822870815,0.0,1613.04,1,0.1,0
535,TRANSFER,57.78,C8547068234,81.49,23.71,C2079770569,0.0,57.78,0,0.17333333333333334,0
339,CASH_OUT,2318.28,C4014119648,2693.99,375.71,M6999146585,0.0,0.0,1,0.013333333333333334,0
504,CASH_OUT,6.49,C8625905455,7.08,0.59,C2960432117,378.11,378.11,0,0.04,0
327,CASH_OUT,1.0,C1340272119,0.0,0.0,C6046864799,6.59,6.59,0,0.02666666666666667,0
27,TRANSFER,662.16,C5175416378,615.97,0.0,M7570511906,0.0,0.0,1,0.2833333333333333,0
273,PAYMENT,37.09,C4106464319,45.4,8.31,M8276498637,0.0,0.0,0,0.0,0
699,TRANSFER,1.0,C3532855799,0.0,0.0,C8055515912,12.75,13.75,0,0.19,0
335,TRANSFER,2460.32,C3259520140,3359.77,899.45,C8940731272,0.0,0.0,1,0.18,0
715,TRANSFER,4703.16,C3201397080,4448.93,0.0,C4143852021,0.0,4703.16,1,0.33,0
644,TRANSFER,2903.31,C7114223633,3380.64,477.33,M6525576685,0.0,0.0,1,0.31333333333333335,0
227,PAYMENT,170.48,C1626733282,228.03,57.55,M2655546199,0.0,0.0,0,0.0,0
391,CASH_OUT,68188.34,C2416760621,57474.72,0.0,C2041349374,2.37,2.37,1,0.05,0
594,PAYMENT,9.06,C1446362270,10.22,1.16,M1306420495,0.0,0.0,0,0.0,0
242,TRANSFER,2853.58,C6711463258,3470.28,616.7,C4907446848,0.0,0.0,1,0.21666666666666667,0
289,TRANSFER,1.0,C9771848610,0.0,0.0,C6338036681,0.0,1.0,0,0.22666666666666666,0
175,PAYMENT,9736.26,C9639245200,15718.23,5981.97,M7514017540,0.0,0.0,0,0.0,0
627,PAYMENT,1.02,C1614685938,3.08,2.06,M4035639663,0.0,0.0,0,0.0,0
550,PAYMENT,1.0,C8317619798,0.0,0.0,M6845287382,0.0,0.0,0,0.0,0
189,PAYMENT,1.0,C2704657157,2.06,1.06,M4125758723,0.0,0.0,0,0.0,0
382,TRANSFER,9973.51,C6385791669,17794.77,7821.26,C9592390865,0.0,9973.51,0,0.0,0
41,TRANSFER,9639.92,C3587283948,14170.44,4530.52,C6142469284,0.0,9639.92,0,0.0,0
351,CASH_OUT,1684.69,C1553155490,2282.88,598.19,M8058679999,0.0,0.0,1,0.013333333333333334,0
398,PAYMENT,2.97,C6046864799,6.59,3.62,M7514017540,0.0,0.0,0,0.0,0
701,TRANSFER,8228.3,C7561728644,9099.59,871.29,C7894019119,47.26,8275.56,1,0.016666666666666666,0
715,PAYMENT,1.0,C7671625956,0.0,0.0,M2555936898,0.0,0.0,0,0.0,0
618,TRANSFER,1.0,C7462972995,0.0,0.0,C8373547961,7.04,8.04,0,0.20333333333333334,0
130,PAYMENT,21417.2,C5578929439,47919.63,26502.43,M2711123163,0.0,0.0,0,0.0,0
342,CASH_OUT,1106.81,C6276339732,1213.45,106.64,C7937993287,235.15,235.15,1,0.01,0
495,CASH_OUT,1.0,C9388140708,0.0,0.0,C1225447588,1.12,1.12,0,0.06,0
40,PAYMENT,270.38,C6645808194,35674.97,35404.59,M4601406440,0.0,0.0,0,0.0,0
312,PAYMENT,1441.87,C8982597239,2073.69,631.82,M7050091525,0.0,0.0,0,0.0,0
197,PAYMENT,2.01,C1855256552,2.77,0.76,M2115862756,0.0,0.0,0,0.0,0
435,PAYMENT,136.98,C6458544482,182.16,45.18,M2243802345,0.0,0.0,0,0.0,0
25,PAYMENT,1.0,C8831899893,1.0,0.0,M9933702652,0.0,0.0,0,0.0,0
320,PAYMENT,1.21,C9581991473,1.64,0.43,M8030400668,0.0,0.0,0,0.0,0
699,PAYMENT,1.0,C2616884203,0.0,0.0,M7928143230,0.0,0.0,0,0.0,0
697,CASH_OUT,175.7,C1589582865,216.54,40.84,M5937271321,0.0,0.0,1,0.03,0
216,TRANSFER,224.99,C5125568431,266.03,41.04,M7453081889,0.0,0.0,1,0.16,0
537,PAYMENT,1.0,C8015124886,0.0,0.0,M6932365592,0.0,0.0,0,0.0,0
12,PAYMENT,93.18,C4506639908,265.24,172.06,M6692705133,0.0,0.0,0,0.0,0
105,PAYMENT,100.37,C9147736635,217.67,117.3,M9398575277,0.0,0.0,0,0.0,0
494,CASH_OUT,32.77,C5071897791,45.93,13.16,C9085085822,1.21,1.21,0,0.03333333333333333,0
586,TRANSFER,1.0,C3693916084,0.0,0.0,C8761469117,0.0,1.0,0,0.23,0
660,CASH_OUT,2645.43,C7418301077,3261.64,616.21,C2289624427,0.0,0.0,1,0.02666666666666667,0
578,PAYMENT,217.16,C2260326267,258.08,40.92,M9933702652,0.0,0.0,0,0.0,0
337,PAYMENT,1.0,C8507497883,0.0,0.0,M2418407139,0.0,0.0,0,0.0,0
280,TRANSFER,26325.45,C7487012742,37790.82,11465.37,C5783809766,200.27,26525.72,0,0.0,0
523,PAYMENT,1399.56,C7019900273,1624.33,224.77,M2328736852,0.0,0.0,0,0.0,0
179,CASH_OUT,45548.09,C5998623100,53934.69,8386.6,C1624173500,18328.91,18328.91,0,0.0033333333333333335,0
622,PAYMENT,1.0,C9279291478,0.0,0.0,M9640701016,0.0,0.0,0,0.0,0
622,TRANSFER,105417.3,C5297902885,101673.3,0.0,C3107125807,0.0,0.0,1,0.9166666666666666,1
258,PAYMENT,1.0,C5694190173,0.0,0.0,M1857561275,0.0,0.0,0,0.0,0
226,TRANSFER,818.79,C1051354601,1024.78,205.99,C9702693937,775.31,775.31,1,0.0,0
716,PAYMENT,33.11,C6859286614,41.42,8.31,M2711123163,0.0,0.0,0,0.0,0
429,TRANSFER,65.64,C2079770569,57.78,0.0,C4098389895,24.8,24.8,1,0.16666666666666666,0
289,PAYMENT,1.0,C9189503254,0.0,0.0,M3317856944,0.0,0.0,0,0.0,0
624,PAYMENT,90.03,C3483827971,211.73,121.7,M2249831874,0.0,0.0,0,0.0,0
644,PAYMENT,1.0,C8252045593,0.0,0.0,M6846530109,0.0,0.0,0,0.0,0
657,TRANSFER,147436.64,C6534540349,146689.28,0.0,M3636366799,0.0,0.0,1,0.9833333333333333,1
298,CASH_OUT,716.03,C5884391502,770.25,54.22,C2761091683,8094.19,8094.19,1,0.006666666666666667,0
83,CASH_OUT,5.93,C7150970643,10.98,5.05,C1091729577,0.0,0.0,0,0.0033333333333333335,0
698,TRANSFER,12.31,C3841827734,17.66,5.35,C7243352390,12341.57,12353.88,0,0.0,0
209,CASH_OUT,191.53,C2388450337,268.35,76.82,C8664882079,0.0,0.0,0,0.0,0
612,CASH_OUT,141.36,C8137972345,133.02,0.0,M1811839103,0.0,0.0,1,0.07666666666666666,0
421,PAYMENT,8.81,C7340498236,43.39,34.58,M6045729129,0.0,0.0,0,0.0,0
291,PAYMENT,1124.87,C5028688786,1558.25,433.38,M2303835765,0.0,0.0,0,0.0,0
110,TRANSFER,2575.7,C3362657890,5967.45,3391.75,C8199372599,0.0,2575.7,0,0.01,0
294,CASH_OUT,1.0,C7154795660,0.0,0.0,C6466597005,112.19,112.19,0,0.013333333333333334,0
377,TRANSFER,96926.2,C3893976444,132842.97,35916.77,M6583604299,0.0,0.0,1,0.26,0
339,PAYMENT,1.0,C5297902885,0.0,0.0,M6045729129,0.0,0.0,0,0.0,0
380,CASH_OUT,847.68,C8293453178,1180.77,333.09,C5883933127,29054.46,29054.46,1,0.0,0
402,CASH_OUT,205.99,C8178361487,224.2,18.21,C9981364488,12.87,12.87,0,0.016666666666666666,0
533,DEBIT,45704.4,C8339176912,52840.22,7135.82,M4522855590,0.0,0.0,0,0.02666666666666667,0
46,PAYMENT,1.0,C7186766399,0.0,0.0,M9752092528,0.0,0.0,0,0.0,0
676,CASH_OUT,7299.41,C8351491401,6217.27,0.0,M8235474949,0.0,0.0,1,0.22333333333333333,0
83,TRANSFER,535.72,C7961674558,667.36,131.64,C1772303297,996.78,1532.5,1,0.006666666666666667,0
615,DEBIT,25912.81,C4248149900,84715.39,58802.58,M2778069478,0.0,0.0,0,0.02,0
68,PAYMENT,805.09,C5025070544,1404.9,599.81,M8778927211,0.0,0.0,0,0.0,0
559,TRANSFER,643.24,C6711463258,616.7,0.0,C6542943838,95.24,95.24,1,0.15666666666666668,0
306,CASH_OUT,1.0,C8691288568,1.0,0.0,C6822870815,1613.04,1613.04,0,0.01,0
114,CASH_OUT,354.59,C4026379752,535.23,180.64,C3343292475,9883.91,9883.91,0,0.01,0
400,DEBIT,78.99,C9086117171,45703.16,45624.17,M7366396017,0.0,0.0,0,0.01,0
245,PAYMENT,242.23,C7114223633,477.33,235.1,M2711123163,0.0,0.0,0,0.0,0
315,TRANSFER,845.17,C7196439534,995.0,149.83,C2416760621,0.0,845.17,0,0.0,0
641,PAYMENT,445.74,C7573691558,1094.15,648.41,M8869140487,0.0,0.0,0,0.0,0
504,PAYMENT,172.68,C3258354191,775.09,602.41,M9776500600,0.0,0.0,0,0.0,0
656,CASH_OUT,18149.01,C7305101214,141501.83,123352.82,C5485387618,0.0,0.0,0,0.01,0
680,PAYMENT,166.64,C6218955985,631.97,465.33,M1802753761,0.0,0.0,0,0.0,0
12,TRANSFER,68.32,C1561417687,65.22,0.0,C8507497883,0.0,0.0,1,0.20333333333333334,0
47,PAYMENT,1.0,C5785481124,0.0,0.0,M9444143872,0.0,0.0,0,0.0,0
109,TRANSFER,1811.34,C5307145891,2055.48,244.14,C2646331504,1.0,1.0,1,0.15666666666666668,0
354,PAYMENT,1.0,C2041349374,2.37,1.37,M1099218439,0.0,0.0,0,0.0,0
179,TRANSFER,39.14,C3623588379,41.49,2.35,C3343459102,240.34,279.48,0,0.006666666666666667,0
236,PAYMENT,1.0,C1400330495,0.0,0.0,M5315720088,0.0,0.0,0,0.0,0
333,CASH_OUT,2.89,C6353758928,4.03,1.14,C6027311960,13.1,13.1,0,0.016666666666666666,0
258,PAYMENT,158.89,C9462806178,187.23,28.34,M2555936898,0.0,0.0,0,0.0,0
284,PAYMENT,145.42,C4965395580,2245.54,2100.12,M2655546199,0.0,0.0,0,0.0,0
706,CASH_OUT,1.0,C2017675569,0.0,0.0,C6628158856,90.34,90.34,0,0.04666666666666667,0
209,PAYMENT,141.75,C7114223633,235.1,93.35,M5315720088,0.0,0.0,0,0.0,0
231,PAYMENT,2711.24,C1792214339,6001.84,3290.6,M6932365592,0.0,0.0,0,0.0,0
644,PAYMENT,1.0,C7475684019,0.0,0.0,M4211837506,0.0,0.0,0,0.0,0
494,CASH_IN,393.22,C2064803502,0.0,393.22,C5935852056,26578.72,26578.72,0,0.0,0
491,CASH_OUT,5026.84,C1551395583,4873.5,0.0,M7713758036,0.0,0.0,1,0.24666666666666667,0
271,DEBIT,1.0,C9504724761,0.0,0.0,M6846530109,0.0,0.0,0,0.03666666666666667,0
720,PAYMENT,3.31,C3674551397,2034.6,2031.29,M7960713821,0.0,0.0,0,0.0,0
526,TRANSFER,12754.3,C9916336966,61968.52,49214.22,C7633342225,0.0,12754.3,0,0.0,0
495,TRANSFER,1.0,C7061419749,0.0,0.0,C4455798713,256.0,257.0,0,0.1,0
495,PAYMENT,50.21,C3128675098,106.03,55.82,M1783432867,0.0,0.0,0,0.0,0
134,TRANSFER,253.36,C6287793163,239.68,0.0,M2711123163,0.0,0.0,1,0.19666666666666666,0
218,CASH_OUT,1.0,C2293434554,0.0,0.0,C9147736635,117.3,117.3,0,0.0,0
646,TRANSFER,193.72,C3319936135,203.51,9.79,C5884391502,54.22,54.22,1,0.13,0
88,PAYMENT,15735.12,C8215470878,85942.91,70207.79,M6495967005,0.0,0.0,0,0.0,0
123,PAYMENT,17.0,C1913706213,64.63,47.63,M8325043570,0.0,0.0,0,0.0,0
70,CASH_IN,123367.76,C2479679716,2.0,123369.76,C6048096802,76.78,76.78,0,0.0,0
403,PAYMENT,1.0,C4073772623,0.0,0.0,M1199447370,0.0,0.0,0,0.0,0
327,PAYMENT,523.69,C2963288053,997.18,473.49,M2555936898,0.0,0.0,0,0.0,0
633,TRANSFER,12406.84,C9953941533,16722.57,4315.73,M3223687972,0.0,0.0,1,0.33,0
615,PAYMENT,36.98,C3866755218,53.57,16.59,M4554178984,0.0,0.0,0,0.0,0
629,PAYMENT,6629.75,C6504099682,14059.51,7429.76,M2839566253,0.0,0.0,0,0.0,0
304,CASH_OUT,4382.04,C1717346250,3920.13,0.0,M1185303518,0.0,0.0,1,0.10666666666666667,0
583,PAYMENT,17.73,C6307626407,39.95,22.22,M5535650160,0.0,0.0,0,0.0,0
117,TRANSFER,1623.77,C9798548049,6537.3,4913.53,C7988845536,17732.54,19356.31,0,0.0,0
550,TRANSFER,1.0,C8257484586,0.0,0.0,C9909257076,2.04,3.04,0,0.22,0
74,CASH_OUT,106.96,C7977267911,92.75,0.0,C3783009621,125.53,125.53,1,0.013333333333333334,0
230,CASH_OUT,63.39,C7763765757,259.48,196.09,C6687206971,0.0,0.0,0,0.0,0
201,CASH_OUT,72525.19,C4097887746,96475.21,23950.02,C5982744929,0.45,0.45,1,0.0,0
353,CASH_OUT,551.17,C4302632494,830.36,279.19,C4490722186,25721.28,25721.28,0,0.0,0
249,TRANSFER,116.56,C3476426797,115.36,0.0,M2839566253,0.0,0.0,1,0.24333333333333335,0
560,PAYMENT,12309.94,C2924568778,115918.23,103608.29,M3660800029,0.0,0.0,0,0.0,0
498,PAYMENT,1.0,C1439427140,0.0,0.0,M8325043570,0.0,0.0,0,0.0,0
473,TRANSFER,139.99,C1809283659,176.5,36.51,C5899025962,0.0,139.99,0,0.08333333333333333,0
124,TRANSFER,4180.35,C4946081594,4689.02,508.67,M7341757401,0.0,0.0,1,0.18,0
468,TRANSFER,765.82,C1225953184,656.5,0.0,M4865979921,0.0,0.0,1,0.25333333333333335,0
639,PAYMENT,3179.71,C9094089209,7302.34,4122.63,M8821456242,0.0,0.0,0,0.0,0
674,TRANSFER,418.5,C8418332121,513.32,94.82,M7764117705,0.0,0.0,1,0.17333333333333334,0
555,DEBIT,1.0,C2076341629,0.0,0.0,M8869140487,0.0,0.0,0,0.043333333333333335,0
85,TRANSFER,1.0,C6204862411,1.0,0.0,C5735817014,0.0,1.0,0,0.23333333333333334,0
181,CASH_OUT,16.47,C2965164102,28.23,11.76,C5689870435,0.0,0.0,0,0.0,0
509,TRANSFER,1424.17,C7462972995,1506.87,82.7,M8869140487,0.0,0.0,1,0.25333333333333335,0
84,CASH_OUT,89181.83,C3169561289,95937.28,6755.45,M8626371177,0.0,0.0,1,0.0,0
463,PAYMENT,1.0,C4586139213,0.0,0.0,M5156392601,0.0,0.0,0,0.0,0
162,CASH_OUT,19962.12,C4877520294,93156.42,73194.3,C9807209816,237495.78,237495.78,0,0.0,0
199,TRANSFER,3977.05,C1288335378,4199.25,222.2,M9255306810,0.0,0.0,1,0.22,0
6,CASH_OUT,97814.8,C9484167278,228092.16,130277.36,C6161147047,1181.08,1181.08,0,0.0,0
424,TRANSFER,20.11,C1939042955,53.45,33.34,C9860949331,143.19,163.3,0,0.056666666666666664,0
331,CASH_OUT,1.0,C1367704871,0.11,0.0,C5774080233,0.0,0.0,0,0.03666666666666667,0
665,CASH_OUT,4119.76,C1600566083,4343.19,223.43,C6952554500,1.0,1.0,1,0.03333333333333333,0
658,TRANSFER,2820.27,C6534540349,2366.43,0.0,C2941508568,0.0,2820.27,1,0.49333333333333335,0
384,CASH_OUT,49188.64,C8168394616,51481.42,2292.78,C6982610835,54923.9,54923.9,1,0.0,0
395,CASH_OUT,14.88,C4930438209,26.42,11.54,C2704657157,1.06,1.06,0,0.013333333333333334,0
316,PAYMENT,1.0,C4482141802,0.0,0.0,M2711123163,0.0,0.0,0,0.0,0
121,TRANSFER,1.0,C1304205279,0.0,0.0,C8086527181,65.45,66.45,0,0.11333333333333333,0
354,PAYMENT,1.0,C4203205881,0.0,0.0,M6053489772,0.0,0.0,0,0.0,0
143,TRANSFER,6305.41,C2627677155,11497.51,5192.1,C1037811610,11.22,6316.63,0,0.0,0
240,TRANSFER,25.64,C1589582865,40.84,15.2,C8282534126,31980.47,32006.11,0,0.0,0
223,TRANSFER,1.0,C8478529823,0.0,0.0,C1515024824,0.0,1.0,0,0.23,0
83,PAYMENT,104.42,C3828935922,7214.34,7109.92,M9441870024,0.0,0.0,0,0.0,0
283,PAYMENT,12.55,C3384006407,98916.72,98904.17,M9068916300,0.0,0.0,0,0.0,0
466,PAYMENT,1298.08,C2067970820,2144.99,846.91,M9900829971,0.0,0.0,0,0.0,0
175,PAYMENT,1.0,C6557907251,0.0,0.0,M8869140487,0.0,0.0,0,0.0,0
137,TRANSFER,67.66,C5254923696,41401.03,41333.37,C1288335378,222.2,289.86,0,0.006666666666666667,0
528,CASH_OUT,2724.05,C5982744929,2573.69,0.0,M8768773991,0.0,0.0,1,0.17333333333333334,0
503,PAYMENT,1961.16,C8236361108,2099.85,138.69,M2156184315,0.0,0.0,0,0.0,0
53,CASH_OUT,1409.0,C5975196341,1464.47,55.47,M6790024996,0.0,0.0,1,0.0033333333333333335,0
434,TRANSFER,105.23,C4277581356,92.28,0.0,C1039262289,15.66,120.89,1,0.17333333333333334,0
439,CASH_OUT,300.49,C7665963761,458.26,157.77,C6777263354,1.0,1.0,0,0.043333333333333335,0
356,TRANSFER,167.83,C4302632494,279.19,111.36,C1521521078,136.51,304.34,0,0.0,0
93,PAYMENT,97.55,C8015775567,309.55,212.0,M6515490818,0.0,0.0,0,0.0,0
184,CASH_OUT,3320.99,C1033015788,4396.31,1075.32,C7316122432,0.0,0.0,1,0.0,0
366,CASH_OUT,77914.71,C1547374338,85102.83,7188.12,M9916475897,0.0,0.0,1,0.0033333333333333335,0
673,PAYMENT,1.0,C1011759631,0.0,0.0,M1732578761,0.0,0.0,0,0.0,0
27,TRANSFER,6.01,C7668801906,9.84,3.83,C7316122432,0.0,6.01,0,0.16666666666666666,0
210,TRANSFER,55190.1,C2515672889,69991.3,14801.2,C7631970791,0.0,0.0,1,0.22333333333333333,0
146,PAYMENT,1.0,C6491309593,0.17,0.0,M6692705133,0.0,0.0,0,0.0,0
638,PAYMENT,441.71,C7858937483,1778.49,1336.78,M7050091525,0.0,0.0,0,0.0,0
354,CASH_OUT,4680.92,C1725783958,4299.99,0.0,M6275155878,0.0,0.0,1,0.14333333333333334,0
365,CASH_OUT,1.0,C4500557310,0.0,0.0,C5220094152,99.53,99.53,0,0.013333333333333334,0
411,PAYMENT,533.82,C1754368373,893.19,359.37,M8058679999,0.0,0.0,0,0.0,0
32,TRANSFER,1139.23,C8182649048,959.3,0.0,C8380312396,398.04,398.04,1,0.06666666666666667,0
537,TRANSFER,1.0,C1340272119,0.0,0.0,C5175416378,0.0,1.0,0,0.22333333333333333,0
349,TRANSFER,1.0,C5243939720,0.15,0.0,C8339176912,7135.82,7136.82,0,0.0,0
466,DEBIT,597.16,C2311597141,30558.19,29961.03,M7453081889,0.0,0.0,0,0.016666666666666666,0
143,PAYMENT,726.71,C7227593033,1186.33,459.62,M8626371177,0.0,0.0,0,0.0,0
677,PAYMENT,17633.13,C7305101214,123352.82,105719.69,M7192742877,0.0,0.0,0,0.0033333333333333335,0
555,CASH_OUT,19.42,C4096932037,34.42,15.0,C9302705838,36631.45,36631.45,0,0.013333333333333334,0
457,CASH_OUT,981.83,C7074050517,1095.5,113.67,C8293928340,99.47,99.47,1,0.09666666666666666,0
437,PAYMENT,637.94,C8532327465,1293.33,655.39,M8083396378,0.0,0.0,0,0.0,0
358,CASH_OUT,39.62,C2962491159,51.87,12.25,C5606736607,0.0,0.0,1,0.01,0
335,PAYMENT,17.77,C6877052039,24.86,7.09,M5734228580,0.0,0.0,0,0.0,0
240,CASH_OUT,144.2,C9860949331,163.3,19.1,C5482431018,85.99,85.99,1,0.01,0
66,TRANSFER,293.68,C8791183272,398.17,104.49,M9020002737,0.0,0.0,1,0.15666666666666668,0
350,TRANSFER,1.0,C8180620422,0.0,0.0,C7910439839,52.66,53.66,0,0.13,0
61,CASH_OUT,10270.23,C2111272861,11279.74,1009.51,M6200141898,0.0,0.0,1,0.0,0
366,CASH_OUT,28727.83,C1194576436,34887.67,6159.84,C8831899893,0.0,0.0,1,0.0,0
235,CASH_OUT,107.24,C9136780852,139.64,32.4,C9085085822,1.21,1.21,0,0.0033333333333333335,0
526,PAYMENT,2.65,C9863781331,3.55,0.9,M3580582653,0.0,0.0,0,0.0,0
151,CASH_OUT,368.1,C6623360831,469.15,101.05,M6525576685,0.0,0.0,1,0.0,0
508,TRANSFER,1321.01,C7666129822,1509.32,188.31,M6384311581,0.0,0.0,1,0.17,0
470,CASH_OUT,2330.72,C8382488970,2088.97,0.0,M1811839103,0.0,0.0,1,0.3466666666666667,0
377,CASH_IN,8080.38,C2020395327,107.79,8188.17,C6102144947,601.13,601.13,0,0.0,0
14,TRANSFER,1.0,C4252504650,0.0,0.0,C8617360361,8192.84,8193.84,0,0.0,0
102,TRANSFER,1.0,C9403748506,0.0,0.0,C8001729836,51.02,52.02,0,0.14,0
656,TRANSFER,1.0,C1754603440,0.0,0.0,C1484230338,0.0,1.0,0,0.23,0
52,PAYMENT,142.03,C7196439534,149.83,7.8,M4952177946,0.0,0.0,0,0.0,0
103,PAYMENT,3830.62,C9381721143,128836.38,125005.76,M6692705133,0.0,0.0,0,0.0,0
658,PAYMENT,1.0,C8252045593,0.0,0.0,M6866146362,0.0,0.0,0,0.0,0
59,TRANSFER,4488.53,C7266763552,3789.17,0.0,C5951406973,1980.83,1980.83,1,0.11333333333333333,0
213,PAYMENT,8.63,C8846861559,80994.36,80985.73,M5714658227,0.0,0.0,0,0.0,0
163,TRANSFER,109077.38,C3426665919,132399.78,23322.4,M5937271321,0.0,0.0,1,0.25666666666666665,0
71,TRANSFER,2998.15,C5400463094,3381.5,383.35,C9776185998,0.0,2998.15,1,0.013333333333333334,0
579,TRANSFER,3669.66,C1834624758,3141.37,0.0,C2994056084,0.0,0.0,1,0.9466666666666667,1
29,CASH_OUT,1.0,C5278201677,0.0,0.0,C7061419749,0.0,0.0,0,0.006666666666666667,0
700,TRANSFER,3543.55,C2524751277,3866.78,323.23,M8548290298,0.0,0.0,1,0.32,0
556,CASH_OUT,208.98,C4734111722,204.19,0.0,C7185179917,1138.96,1138.96,1,0.056666666666666664,0
194,PAYMENT,1.0,C6469458472,0.38,0.0,M4554178984,0.0,0.0,0,0.0,0
13,CASH_IN,9815.69,C9958044697,0.0,9815.69,C2878930355,0.0,0.0,0,0.0,0
158,DEBIT,93.59,C9786748825,103.3,9.71,M6384311581,0.0,0.0,0,0.023333333333333334,0
53,DEBIT,1.0,C7882206934,0.0,0.0,M2121448210,0.0,0.0,0,0.02666666666666667,0
619,DEBIT,102.82,C1039262289,120.89,18.07,M9441870024,0.0,0.0,0,0.03333333333333333,0
103,TRANSFER,1195.07,C8796293088,1287.59,92.52,M8821456242,0.0,0.0,1,0.19333333333333333,0
291,TRANSFER,1118.04,C1674755608,1841.29,723.25,C6720572969,309.98,1428.02,0,0.0,0
42,TRANSFER,26430.37,C9995834531,42909.15,16478.78,C3532855799,0.0,26430.37,0,0.0,0
413,TRANSFER,524.17,C3639796200,469.62,0.0,C4500557310,0.0,0.0,1,0.22333333333333333,0
340,TRANSFER,49.53,C5294535887,57.43,7.9,C1553753599,78.89,128.42,0,0.056666666666666664,0
157,TRANSFER,1.0,C4700855390,0.0,0.0,C2242377075,0.78,1.78,0,0.21666666666666667,0
554,PAYMENT,590.7,C9715314442,1078.95,488.25,M8643636805,0.0,0.0,0,0.0,0
713,PAYMENT,57.26,C7004510516,118.42,61.16,M1096405016,0.0,0.0,0,0.0,0
111,PAYMENT,25.53,C2370592316,69.66,44.13,M2711123163,0.0,0.0,0,0.0,0
142,TRANSFER,25.69,C6923893872,37.24,11.55,C3910678913,69.19,94.88,0,0.08,0
148,DEBIT,2.4,C8675071314,70091.87,70089.47,M6130446648,0.0,0.0,0,0.0033333333333333335,0
250,CASH_OUT,337.11,C7248258423,821.46,484.35,C3836517266,416.32,416.32,0,0.013333333333333334,0
397,CASH_OUT,51790.05,C9916336966,49214.22,0.0,C7882206934,0.0,0.0,1,0.03333333333333333,0
681,CASH_OUT,50.3,C1173215225,110.66,60.36,C1506211965,4.87,4.87,0,0.03,0
512,TRANSFER,1.0,C1110533960,0.0,0.0,C8991678061,8739.74,8740.74,0,0.016666666666666666,0
346,TRANSFER,3132.67,C6311894154,3642.87,510.2,M3536590481,0.0,0.0,1,0.21,0
454,PAYMENT,41.0,C5296710795,116.51,75.51,M1504729135,0.0,0.0,0,0.0,0
83,TRANSFER,1.0,C1281199333,0.0,0.0,C2869999754,28450.36,28451.36,0,0.0,0
97,PAYMENT,2888.94,C1983297492,3960.63,1071.69,M2541015125,0.0,0.0,0,0.0,0
34,PAYMENT,1.0,C4485356009,0.0,0.0,M2778069478,0.0,0.0,0,0.0,0
658,TRANSFER,1855.88,C7951902330,2495.08,639.2,C3780475472,0.0,0.0,1,0.30666666666666664,0
630,PAYMENT,4.77,C2973888646,22.14,17.37,M4820942294,0.0,0.0,0,0.0,0
711,TRANSFER,2789.17,C6491309593,3582.24,793.07,C2145921803,133.82,2922.99,1,0.023333333333333334,0
44,PAYMENT,4534.22,C9924456994,15802.15,11267.93,M2115406331,0.0,0.0,0,0.0,0
30,CASH_OUT,280.73,C7451071432,259.17,0.0,M4390543744,0.0,0.0,1,0.0033333333333333335,0
564,PAYMENT,1.0,C6995554056,0.0,0.0,M3660800029,0.0,0.0,0,0.0,0
49,TRANSFER,1.0,C5419627962,0.0,0.0,C2224363672,0.23,1.23,0,0.22333333333333333,0
436,PAYMENT,97.14,C5439176290,450.93,353.79,M1099218439,0.0,0.0,0,0.0,0
49,PAYMENT,925.52,C6054421752,2440.11,1514.59,M8728631945,0.0,0.0,0,0.0,0
682,TRANSFER,93.99,C3553440342,240.95,146.96,C9279291478,0.0,93.99,0,0.14333333333333334,0
341,PAYMENT,90.96,C2079501936,160.44,69.48,M1306420495,0.0,0.0,0,0.0,0
174,PAYMENT,1.0,C6710338189,0.0,0.0,M9410569618,0.0,0.0,0,0.0,0
444,CASH_OUT,479.33,C8285000265,490.72,11.39,M9918338001,0.0,0.0,1,0.07333333333333333,0
690,CASH_OUT,157.47,C5407856339,442.79,285.32,C4322510552,9.46,9.46,0,0.023333333333333334,0
235,PAYMENT,1.0,C3115806625,0.0,0.0,M8366710477,0.0,0.0,0,0.0,0
186,CASH_OUT,3143.4,C3142452709,3651.16,507.76,M2187592160,0.0,0.0,1,0.0,0
211,CASH_OUT,5558.72,C2293434554,4656.06,0.0,C8531118333,14151.86,14151.86,1,0.0,0
95,TRANSFER,331.53,C5400463094,383.35,51.82,M7664045502,0.0,0.0,1,0.16333333333333333,0
238,PAYMENT,1.0,C8122042835,0.0,0.0,M6786043791,0.0,0.0,0,0.0,0
552,PAYMENT,200.23,C7161887665,622.93,422.7,M9933702652,0.0,0.0,0,0.0,0
328,PAYMENT,52.31,C8239941612,247.96,195.65,M7351460539,0.0,0.0,0,0.0,0
402,CASH_OUT,1341.6,C5269728610,1387.13,45.53,C3841827734,5.35,5.35,1,0.01,0
575,TRANSFER,1014.93,C8382963909,1007.98,0.0,M6845287382,0.0,0.0,1,0.41,0
167,CASH_OUT,1.0,C3102209245,0.0,0.0,C4668931881,1715.62,1715.62,0,0.0,0
262,PAYMENT,31.8,C4419410162,41.28,9.48,M9021793855,0.0,0.0,0,0.0,0
602,CASH_OUT,1.0,C9691572571,0.0,0.0,C8934097788,7586.02,7586.02,0,0.023333333333333334,0
286,PAYMENT,215.94,C5625342041,594.37,378.43,M6786043791,0.0,0.0,0,0.0,0
320,PAYMENT,1.0,C2158638062,0.0,0.0,M2328736852,0.0,0.0,0,0.0,0
350,TRANSFER,249.89,C1749459431,264.41,14.52,C3098948446,0.0,0.0,1,0.15333333333333332,0
615,TRANSFER,4659.96,C5606736607,4123.89,0.0,M9933702652,0.0,0.0,1,0.95,1
350,TRANSFER,1.0,C9218363978,2.21,1.21,C8106906538,0.0,1.0,0,0.16666666666666666,0
225,TRANSFER,36788.02,C3744446292,51220.77,14432.75,C8588769565,0.0,36788.02,0,0.0,0
430,TRANSFER,711.06,C6418365941,793.03,81.97,M6786043791,0.0,0.0,1,0.20666666666666667,0
551,TRANSFER,1250.95,C6054421752,1514.59,263.64,C7846365089,490.64,1741.59,0,0.03666666666666667,0
634,PAYMENT,85.3,C8137764127,215.69,130.39,M1692044390,0.0,0.0,0,0.0,0
638,PAYMENT,95.99,C9433570024,101.31,5.32,M5156392601,0.0,0.0,0,0.0,0
412,CASH_OUT,1.0,C9544423456,0.0,0.0,C7567496105,463.99,463.99,0,0.10333333333333333,0
163,PAYMENT,1.0,C3975704877,0.0,0.0,M5315720088,0.0,0.0,0,0.0,0
548,PAYMENT,3032.34,C2761091683,8094.19,5061.85,M4035639663,0.0,0.0,0,0.0,0
495,PAYMENT,2356.43,C9272277508,7391.6,5035.17,M5990749811,0.0,0.0,0,0.0,0
108,PAYMENT,65.6,C9505085936,106.67,41.07,M1083302600,0.0,0.0,0,0.0,0
604,TRANSFER,1727.36,C3109688769,1879.83,152.47,C2293434554,0.0,0.0,1,0.29,0
474,TRANSFER,166.65,C2952996248,152.95,0.0,M1857561275,0.0,0.0,1,0.22666666666666666,0
92,CASH_OUT,101.46,C4655935832,128.29,26.83,C5646880148,0.0,0.0,1,0.006666666666666667,0
354,PAYMENT,94.63,C6509985983,155.53,60.9,M7678293431,0.0,0.0,0,0.0,0
576,CASH_OUT,418.73,C4507822591,566.29,147.56,C3707166618,28.68,28.68,1,0.02666666666666667,0
641,PAYMENT,5.76,C2962491159,12.25,6.49,M3094407076,0.0,0.0,0,0.0,0
381,CASH_OUT,1.0,C8309221034,0.0,0.0,C8086684009,0.0,0.0,0,0.03333333333333333,0
287,TRANSFER,29.99,C9903351330,34.39,4.4,C4248149900,58802.58,58832.57,0,0.0,0
682,TRANSFER,3519.91,C9481076448,3283.44,0.0,C6674372082,342.58,342.58,1,0.44666666666666666,0
699,TRANSFER,1.0,C8478529823,0.0,0.0,C5077921573,782.79,783.79,0,0.07333333333333333,0
620,CASH_OUT,645.29,C2308496151,874.52,229.23,C1792214339,3290.6,3290.6,1,0.016666666666666666,0
568,CASH_OUT,111.12,C8477300991,95.09,0.0,M2156184315,0.0,0.0,1,0.07333333333333333,0
4,PAYMENT,1.0,C3815287619,0.0,0.0,M9043367776,0.0,0.0,0,0.0,0
656,CASH_OUT,3131.61,C4735334423,3026.52,0.0,M1343875431,0.0,0.0,1,0.18666666666666668,0
703,TRANSFER,4570.57,C8625905455,4494.98,0.0,M9640701016,0.0,0.0,1,0.9166666666666666,1
685,TRANSFER,1.0,C1281199333,0.0,0.0,C8257484586,0.0,1.0,0,0.22,0
485,TRANSFER,36.32,C7590302909,55.58,19.26,C6745958212,48012.87,48049.19,0,0.0033333333333333335,0
182,PAYMENT,1772.47,C8953271391,1903.89,131.42,M2586712032,0.0,0.0,0,0.0,0
24,TRANSFER,4242.25,C8309221034,4164.76,0.0,M1647181551,0.0,0.0,1,0.7466666666666667,1
144,PAYMENT,1.0,C2268006448,0.0,0.0,M3517195150,0.0,0.0,0,0.0,0
81,DEBIT,1.0,C2843567009,0.0,0.0,M8646369354,0.0,0.0,0,0.03,0
150,TRANSFER,1934.48,C1664847319,294234.67,292300.19,C7420846622,57.19,1991.67,0,0.0033333333333333335,0
317,TRANSFER,5215.4,C3343292475,9883.91,4668.51,C3875303857,227.56,5442.96,0,0.0,0
350,CASH_OUT,110.11,C6276339732,106.64,0.0,C2546720356,0.0,0.0,1,0.043333333333333335,0
488,PAYMENT,15102.74,C9103115140,29563.34,14460.6,M8030400668,0.0,0.0,0,0.0,0
58,DEBIT,54.61,C3716924538,151.38,96.77,M7366396017,0.0,0.0,0,0.016666666666666666,0
157,TRANSFER,4833.03,C6092773357,4547.6,0.0,C9592390865,9973.51,9973.51,1,0.01,0
686,TRANSFER,111484.04,C2479679716,123369.76,11885.72,M7532669066,0.0,0.0,1,0.3233333333333333,0
76,PAYMENT,1.0,C5868640848,0.0,0.0,M3297681898,0.0,0.0,0,0.0,0
497,PAYMENT,1.0,C8117478955,0.0,0.0,M7764117705,0.0,0.0,0,0.0,0
66,TRANSFER,2346.93,C1940684569,2969.68,622.75,M1199447370,0.0,0.0,1,0.18,0
403,PAYMENT,1.0,C5358791907,0.0,0.0,M6659847491,0.0,0.0,0,0.0,0
103,CASH_OUT,97052.08,C4632522232,153825.46,56773.38,C2267619081,202.34,202.34,0,0.0,0
178,PAYMENT,30.1,C5626388820,45.27,15.17,M3156792018,0.0,0.0,0,0.0,0
519,TRANSFER,4480.28,C9481076448,4997.42,517.14,C7019900273,224.77,4705.05,1,0.03666666666666667,0
135,CASH_OUT,1602.4,C1417436465,1568.67,0.0,M7340036327,0.0,0.0,1,0.05,0
271,TRANSFER,3.47,C9725528903,6.66,3.19,C7736142481,0.0,3.47,0,0.17,0
209,CASH_OUT,1100.2,C1375899416,2245.72,1145.52,C2802141793,310.23,310.23,0,0.0033333333333333335,0
154,PAYMENT,1455.12,C9677466102,1795.76,340.64,M5570190774,0.0,0.0,0,0.0,0
80,PAYMENT,1.0,C9403748506,0.0,0.0,M8058679999,0.0,0.0,0,0.0,0
380,PAYMENT,1.0,C1311570307,0.0,0.0,M5585110649,0.0,0.0,0,0.0,0
132,TRANSFER,525.55,C2683446724,717.48,191.93,C3995732958,4.71,530.26,0,0.0,0
630,CASH_OUT,633.96,C6986770879,591.93,0.0,M2695447268,0.0,0.0,1,0.13333333333333333,0
237,PAYMENT,158.07,C8973989997,12191.7,12033.63,M1199447370,0.0,0.0,0,0.0,0
471,TRANSFER,103883.47,C3946766309,130229.0,26345.53,C9379439373,45.43,103928.9,1,0.0,0
555,TRANSFER,4606.79,C6027311960,4027.51,0.0,M3072183247,0.0,0.0,1,0.95,1
368,PAYMENT,1.0,C9303285822,0.0,0.0,M8058679999,0.0,0.0,0,0.0,0
27,CASH_IN,113.42,C7529817193,253.42,366.84,C5294535887,7.9,7.9,0,0.0,0
336,CASH_OUT,12.23,C2950049698,21.94,9.71,C3149484176,354.08,354.08,0,0.006666666666666667,0
262,CASH_OUT,4475.98,C9981691030,21273.5,16797.52,C7517938612,9952.36,9952.36,0,0.0,0
340,TRANSFER,262.82,C5419627962,240.22,0.0,M9977193987,0.0,0.0,1,0.23,0
34,CASH_OUT,424.53,C8902275119,515.66,91.13,M9065458220,0.0,0.0,1,0.006666666666666667,0
306,TRANSFER,1.0,C3206955437,0.0,0.0,C4956843441,48.79,49.79,0,0.13333333333333333,0
41,TRANSFER,3497.22,C4070964768,4486.75,989.53,M9625656293,0.0,0.0,1,0.18666666666666668,0
713,PAYMENT,1.0,C2237386857,0.0,0.0,M7340036327,0.0,0.0,0,0.0,0
488,PAYMENT,342.68,C5010075517,400.99,58.31,M9404002665,0.0,0.0,0,0.0,0
183,TRANSFER,180.4,C2148679234,166.44,0.0,M8144889126,0.0,0.0,1,0.23,0
387,PAYMENT,117.94,C4145461251,357.55,239.61,M1647181551,0.0,0.0,0,0.0,0
53,PAYMENT,4229.69,C9302705838,36631.45,32401.76,M5570190774,0.0,0.0,0,0.0,0
477,TRANSFER,1.0,C4227004325,1.0,0.0,C4500557310,0.0,1.0,0,0.23,0
133,TRANSFER,7.79,C4322510552,9.46,1.67,C9136780852,32.4,40.19,0,0.11,0
6,TRANSFER,1.0,C2571688961,0.0,0.0,C7508522951,84.7,85.7,0,0.11,0
87,CASH_OUT,3110.03,C8826851692,3296.67,186.64,M3495411322,0.0,0.0,1,0.0,0
75,CASH_IN,55020.68,C7685540186,950.45,55971.13,C2962491159,6.49,6.49,0,0.0,0
219,PAYMENT,4.43,C7824150224,8.99,4.56,M6041646576,0.0,0.0,0,0.0,0
579,CASH_OUT,30225.0,C8846861559,80985.73,50760.73,C1005502537,1835.2,1835.2,0,0.0,0
407,TRANSFER,103.87,C4820055862,241.6,137.73,C3058982440,0.0,103.87,0,0.09333333333333334,0
607,PAYMENT,112.92,C1657675888,404.65,291.73,M6992094064,0.0,0.0,0,0.0,0
276,PAYMENT,6771.36,C9333798503,11068.43,4297.07,M6583604299,0.0,0.0,0,0.0,0
474,CASH_OUT,8.76,C9759180824,12.82,4.06,C6358023411,0.0,0.0,0,0.07,0
673,CASH_OUT,7928.82,C7166868574,29977.12,22048.3,C7573691558,648.41,648.41,0,0.0033333333333333335,0
648,PAYMENT,11274.6,C8531118333,14151.86,2877.26,M9255306810,0.0,0.0,0,0.0,0
81,TRANSFER,49.93,C9420979586,99.45,49.52,C5829062179,6.22,56.15,0,0.13333333333333333,0
307,TRANSFER,1412.06,C7596745715,1471.11,59.05,M9590331226,0.0,0.0,1,0.20666666666666667,0
63,PAYMENT,3.3,C9202102595,6.93,3.63,M7341757401,0.0,0.0,0,0.0,0
349,DEBIT,3900.47,C2633177480,49125.12,45224.65,M6275155878,0.0,0.0,0,0.013333333333333334,0
172,CASH_OUT,1.0,C1039887139,0.43,0.0,C4972536230,28.56,28.56,0,0.0033333333333333335,0
628,TRANSFER,3437.66,C8370987661,2873.3,0.0,C9717175839,105.9,3543.56,1,0.34,0
124,TRANSFER,660.36,C5861829469,623.42,0.0,C3698343112,4763.95,4763.95,1,0.0033333333333333335,0
529,TRANSFER,3356.54,C2879792991,3577.34,220.8,C6306523372,16298.89,16298.89,1,0.0033333333333333335,0
124,TRANSFER,55.45,C2071552532,85.79,30.34,C5071218314,23.09,78.54,0,0.10666666666666667,0
350,PAYMENT,1.0,C6991473746,0.0,0.0,M2625035499,0.0,0.0,0,0.0,0
170,CASH_IN,16369.85,C1741134891,0.0,16369.85,C9248046539,0.0,0.0,0,0.0,0
481,PAYMENT,94.65,C7671041685,148.67,54.02,M3438830691,0.0,0.0,0,0.0,0
713,PAYMENT,1.0,C2320763135,0.0,0.0,M8821456242,0.0,0.0,0,0.0,0
699,TRANSFER,215.97,C2524751277,323.23,107.26,C3338877621,4.93,220.9,0,0.08,0
261,DEBIT,1.0,C5508149905,0.0,0.0,M2571632270,0.0,0.0,0,0.03666666666666667,0
345,PAYMENT,484.29,C9573276057,570.99,86.7,M8646369354,0.0,0.0,0,0.0,0
645,CASH_OUT,3754.06,C2965164102,4744.57,990.51,C7671625956,0.0,0.0,1,0.02666666666666667,0
180,TRANSFER,4907.25,C4566852761,6826.66,1919.41,C7465834732,2692.76,2692.76,1,0.0,0
630,CASH_OUT,16.53,C4131356954,22.37,5.84,C1110533960,0.0,0.0,0,0.03333333333333333,0
49,CASH_OUT,151.83,C7190276026,168.82,16.99,C7573442717,1.0,1.0,0,0.006666666666666667,0
14,PAYMENT,1.0,C1422701550,0.0,0.0,M6763471833,0.0,0.0,0,0.0,0
40,CASH_OUT,208.09,C7751356568,213.91,5.82,C9343730920,21.02,21.02,1,0.0,0
552,PAYMENT,1.0,C7832220535,0.0,0.0,M8030400668,0.0,0.0,0,0.0,0
548,CASH_OUT,57750.21,C5567816720,63587.07,5836.86,M9620935604,0.0,0.0,1,0.016666666666666666,0
205,CASH_OUT,2705.8,C3521166052,2904.91,199.11,M8144352013,0.0,0.0,1,0.0,0
57,TRANSFER,1.0,C8257484586,1.0,0.0,C7757700186,37.35,38.35,0,0.17666666666666667,0
500,DEBIT,1.0,C8906163641,0.0,0.0,M1306420495,0.0,0.0,0,0.043333333333333335,0
266,CASH_OUT,1118.55,C8517413631,990.99,0.0,C2670036982,579.2,579.2,1,0.08,0
480,CASH_OUT,6.41,C1494287462,20.45,14.04,C8325222092,399.82,399.82,0,0.04,0
290,PAYMENT,7.0,C6649827836,8.6,1.6,M1466305100,0.0,0.0,0,0.0,0
649,PAYMENT,22.3,C5125568431,41.04,18.74,M9918338001,0.0,0.0,0,0.0,0
543,TRANSFER,2145.15,C3035761595,2426.91,281.76,M7341757401,0.0,0.0,1,0.31333333333333335,0
219,CASH_OUT,1804.98,C6585609060,2490.81,685.83,C9249923427,0.0,0.0,1,0.0,0
578,TRANSFER,1963.85,C9776185998,2998.15,1034.3,C5296710795,75.51,2039.36,0,0.056666666666666664,0
249,PAYMENT,260.02,C7660813178,838.07,578.05,M7861571879,0.0,0.0,0,0.0,0
686,PAYMENT,7.01,C7196439534,7.8,0.79,M3156792018,0.0,0.0,0,0.0,0
121,CASH_IN,131778.45,C2613385303,937.38,132715.83,C8325222092,399.82,399.82,0,0.0,0
206,PAYMENT,1.06,C9457665185,1.27,0.21,M6651754819,0.0,0.0,0,0.0,0
143,PAYMENT,2.99,C7321180787,6.91,3.92,M6384311581,0.0,0.0,0,0.0,0
634,PAYMENT,1.0,C4202607993,0.0,0.0,M3811254192,0.0,0.0,0,0.0,0
586,CASH_OUT,4807.53,C9441018790,4601.12,0.0,M8768773991,0.0,0.0,1,0.21,0
347,PAYMENT,118.8,C8854238082,178.15,59.35,M4456193555,0.0,0.0,0,0.0033333333333333335,0
669,PAYMENT,1169.81,C5151086814,220493.93,219324.12,M9255306810,0.0,0.0,0,0.0,0
28,PAYMENT,25.17,C2071552532,30.34,5.17,M1413599241,0.0,0.0,0,0.0,0
302,TRANSFER,2669.85,C9660523876,2371.0,0.0,C8879525611,0.0,0.0,1,0.75,1
461,PAYMENT,84.99,C2390587865,171.7,86.71,M7948094928,0.0,0.0,0,0.0,0
623,PAYMENT,1.0,C3294092753,0.0,0.0,M1802753761,0.0,0.0,0,0.0,0
87,TRANSFER,3218.21,C4706249669,2737.16,0.0,M2604788242,0.0,0.0,1,0.8066666666666666,1
103,PAYMENT,87.52,C6542943838,95.24,7.72,M8138332494,0.0,0.0,0,0.0,0
279,CASH_OUT,1.0,C6089026099,0.0,0.0,C9467483275,340.58,340.58,0,0.013333333333333334,0
485,PAYMENT,1.0,C8208643631,0.0,0.0,M4329446784,0.0,0.0,0,0.0,0
352,TRANSFER,827.21,C4131575764,1088.81,261.6,C6186758088,21546.4,22373.61,0,0.0,0
244,CASH_OUT,4.26,C2503068227,5.39,1.13,C2627677155,5192.1,5192.1,0,0.0033333333333333335,0
652,CASH_OUT,332.99,C3464975279,410.61,77.62,C9697414638,6186.36,6186.36,0,0.016666666666666666,0
476,TRANSFER,1.0,C8940731272,0.0,0.0,C9711080868,95.02,96.02,0,0.13666666666666666,0
7,PAYMENT,593.1,C1639509845,949.95,356.85,M3636366799,0.0,0.0,0,0.0,0
681,TRANSFER,2222.57,C8638763775,2809.54,586.97,C6313758032,35.5,35.5,1,0.23,0
702,TRANSFER,2575.3,C7799567490,2720.08,144.78,C3693985578,0.0,2575.3,1,0.08666666666666667,0
429,PAYMENT,4.34,C4419410162,9.48,5.14,M1368287033,0.0,0.0,0,0.0,0
366,TRANSFER,10235.0,C9103115140,14460.6,4225.6,M1442421654,0.0,0.0,1,0.24666666666666667,0
276,TRANSFER,72.01,C6048096802,76.78,4.77,C7872090713,167.71,167.71,1,0.03,0
352,TRANSFER,1464.97,C9943959352,1336.3,0.0,C9370133032,0.0,0.0,1,0.3566666666666667,0
407,PAYMENT,1.84,C1471997674,3.9,2.06,M8778927211,0.0,0.0,0,0.0,0
238,TRANSFER,53004.02,C7100408092,59400.24,6396.22,C9995834531,16478.78,69482.8,0,0.0,0
288,TRANSFER,202.6,C1205082311,250.52,47.92,C1756345332,90.24,90.24,1,0.07,0
508,TRANSFER,1.0,C8083175325,0.0,0.0,C4482141802,0.0,1.0,0,0.22333333333333333,0
399,CASH_OUT,3733.45,C9333798503,4297.07,563.62,C6777263354,1.0,1.0,1,0.006666666666666667,0
131,TRANSFER,717.18,C9078786223,917.78,200.6,M9068916300,0.0,0.0,1,0.08,0
708,PAYMENT,431.14,C1624173500,18328.91,17897.77,M6053489772,0.0,0.0,0,0.0,0
306,CASH_IN,69091.44,C8390631634,2759.94,71851.38,C8025152555,56.5,56.5,0,0.0,0
244,TRANSFER,47.65,C8867077130,51.44,3.79,C2343100352,92896.1,92943.75,0,0.0,0
77,TRANSFER,4835.15,C9115282784,4096.84,0.0,C5064162365,3.69,3.69,1,0.7333333333333333,1
16,CASH_OUT,31913.91,C1785418196,27788.38,0.0,M9620935604,0.0,0.0,1,0.006666666666666667,0
120,CASH_OUT,1575.71,C9451577335,1818.15,242.44,C7635473142,26060.35,26060.35,1,0.0,0
337,TRANSFER,5477.21,C8160279830,7446.66,1969.45,C4747699292,58.25,5535.46,0,0.0,0
73,TRANSFER,2579.26,C2214741296,2425.3,0.0,M4892544235,0.0,0.0,1,0.79,1
501,PAYMENT,1.0,C4767539382,0.0,0.0,M7270955446,0.0,0.0,0,0.0,0
165,PAYMENT,1.0,C4239406957,0.0,0.0,M5794335854,0.0,0.0,0,0.0,0
145,TRANSFER,373.67,C2941289685,332.01,0.0,M8083396378,0.0,0.0,1,0.22333333333333333,0
250,TRANSFER,3.73,C1106456634,14.61,10.88,C7417183769,10212.71,10216.44,0,0.0,0
277,CASH_OUT,918.14,C3587283948,4530.52,3612.38,C7597996327,0.0,0.0,0,0.0,0
426,TRANSFER,271.07,C3975704877,381.94,110.87,M6732306182,0.0,0.0,1,0.15333333333333332,0
156,CASH_OUT,41.66,C6620138568,64.57,22.91,C3369305560,1.0,1.0,0,0.0033333333333333335,0
640,CASH_OUT,3092.61,C5328166990,21725.54,18632.93,C9479654136,346.15,346.15,0,0.0,0
436,TRANSFER,18607.16,C3420721027,61468.17,42861.01,C5695387521,0.0,18607.16,0,0.0,0
49,TRANSFER,1922.19,C1590985753,1744.37,0.0,M7948094928,0.0,0.0,1,0.44333333333333336,0
605,CASH_OUT,411.12,C9479654136,346.15,0.0,M7437168216,0.0,0.0,1,0.08,0
665,CASH_OUT,157.66,C8325222092,399.82,242.16,C2047905204,535.03,535.03,0,0.02666666666666667,0
88,CASH_OUT,1.0,C1847275937,0.0,0.0,C6645808194,35404.59,35404.59,0,0.0,0
44,PAYMENT,5857.27,C1594312071,38316.87,32459.6,M6525576685,0.0,0.0,0,0.0,0
659,CASH_IN,133812.04,C8706093841,0.0,133812.04,C5283911723,17108.25,17108.25,0,0.0,0
460,CASH_OUT,1.0,C8252045593,0.0,0.0,C9725528903,3.19,3.19,0,0.09,0
325,TRANSFER,231.95,C8377088167,251.31,19.36,M2228388623,0.0,0.0,1,0.15,0
244,PAYMENT,572.7,C6562457052,806.01,233.31,M6790024996,0.0,0.0,0,0.0,0
257,TRANSFER,399.27,C3305069227,2466.46,2067.19,C9420979586,49.52,448.79,0,0.006666666666666667,0
717,TRANSFER,16009.66,C9633533290,29654.16,13644.5,C6299224734,2113.1,18122.76,0,0.0,0
138,CASH_OUT,134.96,C8663837890,116.99,0.0,M4820942294,0.0,0.0,1,0.006666666666666667,0
681,TRANSFER,8487.48,C5578056564,8059.03,0.0,M6045729129,0.0,0.0,1,0.9,1
647,PAYMENT,1240.45,C1439921366,1961.02,720.57,M6744039057,0.0,0.0,0,0.0,0
5,PAYMENT,3954.15,C6576426590,7522.62,3568.47,M4554178984,0.0,0.0,0,0.0,0
530,TRANSFER,1750.91,C6566372886,2030.58,279.67,C1304205279,0.0,0.0,1,0.28,0
5,TRANSFER,8619.8,C2247484671,11068.05,2448.25,C3869963931,0.0,0.0,1,0.21,0
489,TRANSFER,18072.53,C8076527214,22121.95,4049.42,M2910594463,0.0,0.0,1,0.31666666666666665,0
396,PAYMENT,2.11,C8252816758,4.2,2.09,M9020002737,0.0,0.0,0,0.0,0
549,PAYMENT,10148.26,C3480920839,34529.31,24381.05,M3223687972,0.0,0.0,0,0.0,0
264,TRANSFER,1.0,C4572433066,0.0,0.0,C4172006012,147.28,148.28,0,0.05,0
407,DEBIT,10949.41,C3694860228,17034.1,6084.69,M6284297249,0.0,0.0,0,0.02666666666666667,0
645,CASH_OUT,3814.83,C9553561889,3288.9,0.0,M2571632270,0.0,0.0,1,0.20333333333333334,0
434,PAYMENT,49.07,C6732648420,125.15,76.08,M6999146585,0.0,0.0,0,0.0,0
506,PAYMENT,43.3,C7670476743,66.17,22.87,M2773408660,0.0,0.0,0,0.0,0
224,TRANSFER,279.62,C1392245997,268.43,0.0,C6362597344,255.77,255.77,1,0.013333333333333334,0
209,TRANSFER,1.0,C4308701294,0.8,0.0,C7805633786,1810.1,1811.1,0,0.006666666666666667,0
464,CASH_OUT,1.0,C7226553010,0.0,0.0,C6923206003,229.53,229.53,0,0.08,0
279,TRANSFER,3277.64,C9523104008,4070.97,793.33,M5959736235,0.0,0.0,1,0.21666666666666667,0
325,PAYMENT,21053.18,C6496596008,26439.74,5386.56,M6101516825,0.0,0.0,0,0.0,0
30,CASH_IN,50765.97,C5058691146,0.0,50765.97,C6923206003,229.53,229.53,0,0.0,0
115,TRANSFER,3257.53,C1207916194,3730.64,473.11,C3396953414,220.1,3477.63,1,0.006666666666666667,0
512,CASH_OUT,11798.81,C9250327663,16648.99,4850.18,M7340036327,0.0,0.0,1,0.016666666666666666,0
317,PAYMENT,698.34,C7002076563,2133.57,1435.23,M8325043570,0.0,0.0,0,0.0,0
299,TRANSFER,1.0,C3639796200,0.0,0.0,C7965608188,721.84,722.84,0,0.013333333333333334,0
652,CASH_OUT,1.0,C9370133032,0.0,0.0,C6929897032,1360.99,1360.99,0,0.03666666666666667,0
508,CASH_OUT,109.02,C2770980600,124.14,15.12,M1504729135,0.0,0.0,1,0.04,0
64,PAYMENT,8370.92,C7417183769,10216.44,1845.52,M8144889126,0.0,0.0,0,0.0,0
181,TRANSFER,891.09,C8184602688,2633.62,1742.53,C8734449371,0.0,891.09,0,0.006666666666666667,0
379,TRANSFER,1.0,C5754363475,0.0,0.0,C1678500147,102605.08,102606.08,0,0.0,0
337,TRANSFER,273.06,C5028688786,433.38,160.32,C8351491401,0.0,273.06,0,0.006666666666666667,0
577,TRANSFER,48.5,C6043349038,50.89,2.39,C6640801643,0.0,48.5,1,0.18,0
463,TRANSFER,193.01,C7872090713,167.71,0.0,M2115862756,0.0,0.0,1,0.22666666666666666,0
234,PAYMENT,1.0,C2409274786,0.0,0.0,M2869931869,0.0,0.0,0,0.0,0
526,TRANSFER,398.25,C2960432117,378.11,0.0,C1457632732,38730.47,38730.47,1,0.0033333333333333335,0
434,PAYMENT,667.95,C3520417815,717.26,49.31,M4601406440,0.0,0.0,0,0.0,0
50,CASH_OUT,452.8,C8689593739,536.94,84.14,M8727805468,0.0,0.0,1,0.01,0
500,PAYMENT,3835.94,C4921003983,121632.4,117796.46,M9441870024,0.0,0.0,0,0.0,0
260,TRANSFER,11.89,C2423995953,33.37,21.48,C6756711494,0.0,11.89,0,0.15666666666666668,0
332,CASH_OUT,2716.34,C9202102595,3257.42,541.08,C4040409964,1.0,1.0,1,0.01,0
233,PAYMENT,8583.56,C1594312071,32459.6,23876.04,M9043367776,0.0,0.0,0,0.0,0
320,CASH_OUT,47.87,C5829062179,56.15,8.28,C1364994639,0.0,0.0,1,0.013333333333333334,0
420,PAYMENT,1.0,C1439427140,0.0,0.0,M4329446784,0.0,0.0,0,0.0,0
78,TRANSFER,3874.34,C9844874547,4276.5,402.16,M6744039057,0.0,0.0,1,0.20666666666666667,0
367,PAYMENT,11.26,C3438771483,23.65,12.39,M7664045502,0.0,0.0,0,0.0,0
110,TRANSFER,1466.94,C2224363672,1580.93,113.99,M3636366799,0.0,0.0,1,0.22,0
647,PAYMENT,1.0,C1367704871,0.0,0.0,M9822499208,0.0,0.0,0,0.0,0
437,TRANSFER,3337.92,C3362646960,4250.04,912.12,M4908108692,0.0,0.0,1,0.2866666666666667,0
390,DEBIT,4444.82,C2761091683,5061.85,617.03,M7270955446,0.0,0.0,0,0.02,0
385,CASH_OUT,2165.87,C6313758032,3071.87,906.0,M1240140248,0.0,0.0,1,0.01,0
400,TRANSFER,28.68,C2260326267,40.92,12.24,C4062777850,67.93,96.61,0,0.09,0
267,CASH_OUT,4235.49,C2752536389,5284.84,1049.35,C4745927824,11549.05,11549.05,0,0.0,0
157,TRANSFER,26.14,C3746317213,87.25,61.11,C3698343112,4763.95,4790.09,0,0.0033333333333333335,0
293,CASH_OUT,76.19,C6844582171,167.59,91.4,C7161887665,422.7,422.7,0,0.006666666666666667,0
284,PAYMENT,71.23,C9711080868,96.02,24.79,M3072183247,0.0,0.0,0,0.0,0
698,PAYMENT,1.0,C2647489402,0.0,0.0,M3580582653,0.0,0.0,0,0.0,0
328,CASH_OUT,3317.72,C5508149905,3733.8,416.08,M2156184315,0.0,0.0,1,0.01,0
130,CASH_OUT,2726.54,C8669484644,2924.62,198.08,C6448324230,91063.08,91063.08,1,0.0,0
158,CASH_OUT,498.75,C1225052083,690.17,191.42,M5535650160,0.0,0.0,1,0.006666666666666667,0
581,DEBIT,19.93,C9941564880,27.9,7.97,M2778069478,0.0,0.0,0,0.03,0
692,PAYMENT,6.95,C5952163720,9.16,2.21,M8874242713,0.0,0.0,0,0.0,0
417,PAYMENT,1.0,C4509456565,0.0,0.0,M3517195150,0.0,0.0,0,0.0,0
398,PAYMENT,110.83,C4508521152,171.14,60.31,M8964269909,0.0,0.0,0,0.0,0
587,PAYMENT,1.0,C7420493866,0.0,0.0,M2243802345,0.0,0.0,0,0.0,0
358,CASH_OUT,157.78,C8826851692,186.64,28.86,M5564953924,0.0,0.0,1,0.016666666666666666,0
556,TRANSFER,2.38,C5315211627,7.0,4.62,C7088949191,5.98,8.36,0,0.14666666666666667,0
540,PAYMENT,47.5,C1487258103,82.14,34.64,M8646369354,0.0,0.0,0,0.0,0
640,CASH_IN,85079.22,C2268523764,71.7,85150.92,C3185089287,0.0,0.0,0,0.0,0
373,DEBIT,279.38,C5862655247,388.28,108.9,M7270955446,0.0,0.0,0,0.02,0
109,CASH_OUT,31793.4,C1457632732,38730.47,6937.07,C5220094152,99.53,99.53,0,0.0,0
218,CASH_OUT,62822.7,C4632522232,56773.38,0.0,M1676220116,0.0,0.0,1,0.03666666666666667,0
250,PAYMENT,1591.44,C3188382776,15771.17,14179.73,M4158643786,0.0,0.0,0,0.0,0
610,CASH_OUT,1.0,C9945002229,0.0,0.0,C1561417687,0.0,0.0,0,0.06333333333333334,0
501,TRANSFER,1674.22,C8168204967,2102.25,428.03,M7750131975,0.0,0.0,1,0.27,0
354,TRANSFER,2170.36,C4413838650,2196.24,25.88,M4665677395,0.0,0.0,1,0.37333333333333335,0
689,PAYMENT,30.69,C4079223686,98.23,67.54,M9098037639,0.0,0.0,0,0.0,0
183,TRANSFER,23.41,C5569295400,32.01,8.6,C5870891270,8445.03,8468.44,0,0.0,0
523,CASH_OUT,930.62,C7340428136,1133.48,202.86,C5243939720,0.0,0.0,1,0.03,0
549,CASH_OUT,768.75,C7706193636,1591.66,822.91,C6554972315,1558.01,1558.01,0,0.02666666666666667,0
594,CASH_OUT,420.1,C4104309491,585.69,165.59,M6284297249,0.0,0.0,1,0.03333333333333333,0
344,CASH_IN,68560.84,C2493660313,0.0,68560.84,C1749459431,14.52,14.52,0,0.0,0
533,PAYMENT,1.0,C6425814872,0.0,0.0,M3019265031,0.0,0.0,0,0.0,0
616,PAYMENT,1.0,C4037270171,0.0,0.0,M9026301048,0.0,0.0,0,0.0,0
407,CASH_OUT,3583.41,C3965572185,4000.96,417.55,C3933213766,4.12,4.12,0,0.02,0
352,DEBIT,548.74,C6554972315,1558.01,1009.27,M3536590481,0.0,0.0,0,0.013333333333333334,0
349,TRANSFER,1.0,C5381866906,0.0,0.0,C5333183840,112000.55,112001.55,0,0.0,0
405,TRANSFER,3858.93,C1862812038,3644.62,0.0,C7920516981,0.0,0.0,1,0.7533333333333333,1
209,DEBIT,1.0,C1026224160,0.0,0.0,M2115406331,0.0,0.0,0,0.03,0
394,PAYMENT,1.0,C2268006448,0.0,0.0,M6894024976,0.0,0.0,0,0.0,0
162,PAYMENT,1.35,C6649827836,1.6,0.25,M2916502228,0.0,0.0,0,0.0,0
284,PAYMENT,1.0,C7852415525,0.0,0.0,M8235474949,0.0,0.0,0,0.0,0
558,DEBIT,9.77,C9505085936,41.07,31.3,M2156184315,0.0,0.0,0,0.03,0
431,TRANSFER,27382.44,C5212581851,24038.47,0.0,C3772636814,0.0,0.0,1,0.91,1
125,PAYMENT,1.0,C7451071432,0.0,0.0,M8218146534,0.0,0.0,0,0.0,0
664,TRANSFER,123.82,C1141312095,391.28,267.46,C4256292393,0.0,123.82,0,0.08666666666666667,0
9,CASH_OUT,95.13,C7333316743,269.76,174.63,C4752171298,2924.75,2924.75,0,0.01,0
20,PAYMENT,1645.84,C9798613995,5661.8,4015.96,M3313346852,0.0,0.0,0,0.0,0
19,TRANSFER,66.69,C4062777850,96.61,29.92,C2571688961,0.0,66.69,0,0.15,0
452,PAYMENT,1994.2,C4201225242,48763.17,46768.97,M4125758723,0.0,0.0,0,0.0,0
200,CASH_OUT,275.6,C6054421752,263.64,0.0,M8138332494,0.0,0.0,1,0.02,0
459,CASH_OUT,121.36,C8293453178,333.09,211.73,C1792214339,3290.6,3290.6,0,0.03,0
427,CASH_IN,8.65,C1182758417,0.35,9.0,C2503068227,1.13,1.13,0,0.01,0
702,CASH_IN,24579.38,C4668931881,1715.62,26295.0,C4143852021,4703.16,4703.16,0,0.0,0
20,TRANSFER,896.73,C7706193636,822.91,0.0,M1343875431,0.0,0.0,1,0.30333333333333334,0
208,TRANSFER,1275.63,C5187948804,1097.93,0.0,M3566125120,0.0,0.0,1,0.35,0
464,CASH_OUT,43.5,C6289150149,54.06,10.56,C1519709079,0.0,0.0,1,0.05,0
257,PAYMENT,45.6,C2369705770,289.71,244.11,M8727805468,0.0,0.0,0,0.0,0
178,PAYMENT,66.08,C5686850445,84.91,18.83,M2187592160,0.0,0.0,0,0.0,0
115,CASH_IN,12366.29,C3291226621,299.2,12665.49,C4079223686,67.54,67.54,0,0.0,0
680,PAYMENT,645.51,C7825844140,53988.53,53343.02,M4588312351,0.0,0.0,0,0.0,0
531,PAYMENT,1.0,C8257484586,0.0,0.0,M2869931869,0.0,0.0,0,0.0,0
673,CASH_OUT,109439.85,C4645120421,97528.84,0.0,M6999146585,0.0,0.0,1,0.17,0
243,PAYMENT,7.35,C6892752604,27.22,19.87,M3457877922,0.0,0.0,0,0.0,0
247,TRANSFER,25.3,C1809283659,36.51,11.21,C3910678913,94.88,120.18,0,0.03666666666666667,0
393,TRANSFER,2565.03,C9661615016,2181.18,0.0,M9065458220,0.0,0.0,1,0.63,1
530,PAYMENT,12.26,C9957643727,577.98,565.72,M4035639663,0.0,0.0,0,0.0,0
369,CASH_OUT,1.0,C6463640105,0.0,0.0,C2926780541,0.0,0.0,0,0.03333333333333333,0
341,TRANSFER,42457.73,C9807209816,237495.78,195038.05,C9259157845,1133.81,43591.54,0,0.0,0
487,DEBIT,1.0,C6353758928,1.14,0.14,M6744039057,0.0,0.0,0,0.04666666666666667,0
650,PAYMENT,1.0,C1659663750,0.0,0.0,M4093474499,0.0,0.0,0,0.0,0
13,TRANSFER,380.78,C3392080953,375.3,0.0,M4554178984,0.0,0.0,1,0.2,0
215,PAYMENT,1.0,C3878201524,0.0,0.0,M4158643786,0.0,0.0,0,0.0,0
163,TRANSFER,1.0,C4767539382,0.0,0.0,C2183906581,818.34,819.34,0,0.013333333333333334,0
611,CASH_IN,5245.9,C9711080868,24.79,5270.69,C6554972315,1009.27,1009.27,0,0.0,0
476,DEBIT,1.0,C9166381136,0.0,0.0,M3438830691,0.0,0.0,0,0.05,0
340,PAYMENT,22955.71,C7608141858,24690.82,1735.11,M9410569618,0.0,0.0,0,0.0,0
39,PAYMENT,681.25,C2965164102,990.51,309.26,M9043367776,0.0,0.0,0,0.0,0
693,CASH_IN,33576.55,C5087357728,9760.09,43336.64,C7631970791,0.0,0.0,0,0.0,0
387,TRANSFER,52.58,C5515628633,66.64,14.06,M3605446007,0.0,0.0,1,0.16333333333333333,0
216,TRANSFER,1776.25,C5667181604,1613.6,0.0,C4413838650,25.88,25.88,1,0.34,0
369,CASH_IN,11085.51,C5439176290,353.79,11439.3,C5151086814,219324.12,219324.12,0,0.0,0
414,TRANSFER,3196.72,C4361393222,3396.2,199.48,C9428056968,0.0,3196.72,1,0.03666666666666667,0
227,CASH_OUT,834.13,C1939777262,703.59,0.0,M1811839103,0.0,0.0,1,0.09,0
516,PAYMENT,362.62,C3258354191,602.41,239.79,M5000316394,0.0,0.0,0,0.0,0
297,PAYMENT,3.71,C6201313620,7.6,3.89,M3072183247,0.0,0.0,0,0.0,0
306,PAYMENT,100.83,C3365835550,274.55,173.72,M5067400473,0.0,0.0,0,0.0,0
485,TRANSFER,23.31,C8235717104,39.07,15.76,C6880115912,81307.85,81331.16,0,0.0,0
391,TRANSFER,1.0,C9182543558,0.0,0.0,C2041349374,1.37,2.37,0,0.22,0
177,TRANSFER,7.78,C3837784389,23.53,15.75,C7420846622,1991.67,1999.45,0,0.0033333333333333335,0
392,PAYMENT,2.75,C4915196257,2.92,0.17,M3595066420,0.0,0.0,0,0.0,0
127,CASH_OUT,4641.9,C7750819485,4621.27,0.0,C4877520294,73194.3,73194.3,1,0.02666666666666667,0
520,PAYMENT,6117.56,C8556573246,79142.86,73025.3,M9098037639,0.0,0.0,0,0.0,0
171,TRANSFER,1245.25,C6822870815,1613.04,367.79,M6845287382,0.0,0.0,1,0.10333333333333333,0
21,CASH_OUT,1.0,C8721631198,0.0,0.0,C9255898264,0.56,0.56,0,0.0033333333333333335,0
383,PAYMENT,69.05,C3796581976,331.13,262.08,M8790289305,0.0,0.0,0,0.0,0
480,PAYMENT,9.56,C2905584866,30.21,20.65,M5270048042,0.0,0.0,0,0.0,0
81,CASH_OUT,507.25,C2445662585,698.01,190.76,M1413599241,0.0,0.0,1,0.0033333333333333335,0
213,TRANSFER,201.48,C2445662585,190.76,0.0,M8366710477,0.0,0.0,1,0.23666666666666666,0
133,PAYMENT,1.0,C4427620889,0.0,0.0,M7951820749,0.0,0.0,0,0.0,0
450,PAYMENT,383.52,C7640122370,1469.52,1086.0,M6845287382,0.0,0.0,0,0.0,0
464,PAYMENT,1.0,C2017675569,0.0,0.0,M8790289305,0.0,0.0,0,0.0,0
339,PAYMENT,30.64,C5078551333,41.84,11.2,M6558769264,0.0,0.0,0,0.0,0
610,TRANSFER,1.0,C3075362821,0.0,0.0,C6619138852,33.69,34.69,0,0.19333333333333333,0
502,PAYMENT,1593.97,C5625411308,1857.14,263.17,M1357561213,0.0,0.0,0,0.0,0
644,PAYMENT,1.0,C7666869046,0.0,0.0,M2156184315,0.0,0.0,0,0.0,0
573,CASH_OUT,244.79,C9503597301,345.72,100.93,C9305502799,23.9,23.9,0,0.03,0
506,PAYMENT,174.93,C7227593033,459.62,284.69,M1811839103,0.0,0.0,0,0.0,0
483,PAYMENT,1.1,C2180484299,85.44,84.34,M3438830691,0.0,0.0,0,0.0,0
648,PAYMENT,2806.14,C8796286443,7410.94,4604.8,M6771941776,0.0,0.0,0,0.0,0
270,PAYMENT,7.64,C3589530484,9.54,1.9,M3595066420,0.0,0.0,0,0.0,0
157,CASH_OUT,1.0,C1625217504,0.0,0.0,C1225052083,191.42,191.42,0,0.0,0
267,CASH_OUT,1.0,C8137972345,0.0,0.0,C7666869046,0.0,0.0,0,0.02666666666666667,0
288,TRANSFER,1.0,C8441393731,0.0,0.0,C6923893872,11.55,12.55,0,0.19,0
503,PAYMENT,61.22,C1600566083,223.43,162.21,M2916502228,0.0,0.0,0,0.0,0
149,CASH_IN,20101.6,C8199372599,2575.7,22677.3,C6588252632,149807.02,149807.02,0,0.0,0
650,PAYMENT,1.0,C2158638062,0.0,0.0,M1357561213,0.0,0.0,0,0.0,0
298,PAYMENT,7.83,C2914590233,12.22,4.39,M6247463262,0.0,0.0,0,0.0,0
405,PAYMENT,5.36,C7845366946,19.95,14.59,M2303835765,0.0,0.0,0,0.0,0
51,PAYMENT,263.83,C9868845806,528.44,264.61,M7651029165,0.0,0.0,0,0.0,0
263,PAYMENT,118.06,C9455610447,166.8,48.74,M5570190774,0.0,0.0,0,0.0,0
216,TRANSFER,377.7,C6894808149,502.99,125.29,C4647891535,40.88,40.88,1,0.09666666666666666,0
89,PAYMENT,176.28,C5625411308,263.17,86.89,M9098037639,0.0,0.0,0,0.0,0
194,PAYMENT,1.0,C8203447752,0.0,0.0,M6130446648,0.0,0.0,0,0.0,0
554,PAYMENT,1.0,C7602474923,0.0,0.0,M7343954769,0.0,0.0,0,0.0,0
215,TRANSFER,1.02,C5083595988,2.8,1.78,C9467483275,340.58,341.6,0,0.006666666666666667,0
589,TRANSFER,72444.36,C9516893896,76933.11,4488.75,C1494287462,14.04,14.04,1,0.25,0
690,TRANSFER,28222.49,C1271730355,24849.81,0.0,M3660800029,0.0,0.0,1,0.89,1
389,CASH_OUT,7.78,C5819946657,9.22,1.44,C6157617867,0.0,0.0,0,0.03,0
526,CASH_IN,7460.7,C6691628146,0.0,7460.7,C5161807235,15.86,15.86,0,0.0,0
224,TRANSFER,23817.17,C5883933127,29054.46,5237.29,C6231117883,1.0,1.0,1,0.25333333333333335,0
629,CASH_OUT,44.77,C2877279755,91.48,46.71,C8468071953,1.0,1.0,0,0.03333333333333333,0
63,PAYMENT,31.19,C8418332121,94.82,63.63,M3690714075,0.0,0.0,0,0.0,0
452,PAYMENT,1.0,C2789144223,0.0,0.0,M1185303518,0.0,0.0,0,0.0,0
694,DEBIT,6626.06,C9703905715,8827.7,2201.64,M1999913493,0.0,0.0,0,0.03666666666666667,0
76,PAYMENT,4.0,C7150970643,5.05,1.05,M7341757401,0.0,0.0,0,0.0,0
698,CASH_OUT,1.0,C5750815980,0.0,0.0,C4022360089,0.0,0.0,0,0.056666666666666664,0
76,PAYMENT,1.0,C9370133032,0.0,0.0,M5985331805,0.0,0.0,0,0.0,0
355,PAYMENT,249.59,C8584566722,325.7,76.11,M6692705133,0.0,0.0,0,0.0,0
296,TRANSFER,1327.47,C4322510552,1217.3,0.0,M9288057824,0.0,0.0,1,0.3566666666666667,0
57,PAYMENT,5097.08,C5183211669,12452.92,7355.84,M3457877922,0.0,0.0,0,0.0,0
478,PAYMENT,1.0,C5278201677,0.0,0.0,M8667946580,0.0,0.0,0,0.0,0
455,PAYMENT,29.44,C7603978731,50.48,21.04,M2115406331,0.0,0.0,0,0.0,0
678,PAYMENT,1.0,C5212581851,0.0,0.0,M8443061472,0.0,0.0,0,0.0,0
74,PAYMENT,23079.87,C8322868827,26389.42,3309.55,M5919148165,0.0,0.0,0,0.0,0
76,PAYMENT,1905.97,C2720484983,15229.3,13323.33,M6200141898,0.0,0.0,0,0.0,0
611,CASH_OUT,1.0,C3206955437,0.0,0.0,C4696689457,36.38,36.38,0,0.05333333333333334,0
372,CASH_OUT,1692.17,C1084790270,3125.24,1433.07,C5283911723,17108.25,17108.25,0,0.0,0
298,CASH_OUT,1.0,C7872090713,0.0,0.0,C9032096058,0.0,0.0,0,0.03333333333333333,0
89,PAYMENT,2213.68,C8322868827,3309.55,1095.87,M6498703287,0.0,0.0,0,0.0,0
45,PAYMENT,3.95,C8285786023,8.31,4.36,M3536590481,0.0,0.0,0,0.0,0
20,CASH_IN,264.62,C1050899550,6.98,271.6,C9912233947,0.0,0.0,0,0.0,0
362,CASH_OUT,974.67,C6929897032,1360.99,386.32,C3271361431,184.88,184.88,0,0.006666666666666667,0
77,PAYMENT,7666.37,C7839819230,48981.78,41315.41,M8325043570,0.0,0.0,0,0.0,0
618,PAYMENT,323.31,C8625774078,420.13,96.82,M1888107487,0.0,0.0,0,0.0,0
131,TRANSFER,2062.7,C2952996248,2927.57,864.87,M9625656293,0.0,0.0,1,0.15666666666666668,0
381,CASH_IN,94.51,C8390631634,71851.38,71945.89,C1261903104,0.0,0.0,0,0.0,0
247,TRANSFER,57.43,C8689593739,84.14,26.71,C2050340486,22.37,79.8,0,0.11,0
326,CASH_OUT,4226.2,C7706193636,4313.02,86.82,C6276339732,0.0,0.0,1,0.013333333333333334,0
613,CASH_OUT,94.31,C1600566083,162.21,67.9,C1547374338,7188.12,7188.12,0,0.016666666666666666,0
16,PAYMENT,1.0,C7623575561,0.0,0.0,M9404002665,0.0,0.0,0,0.0,0
427,PAYMENT,2309.82,C5215140451,3412.3,1102.48,M6744039057,0.0,0.0,0,0.0,0
56,PAYMENT,1.0,C9851745648,0.0,0.0,M7678293431,0.0,0.0,0,0.0,0
162,PAYMENT,157.02,C1526723719,255.93,98.91,M6763471833,0.0,0.0,0,0.0,0
542,PAYMENT,1751.77,C8575707116,2209.83,458.06,M3846182436,0.0,0.0,0,0.0,0
292,CASH_OUT,2615.18,C9533595495,3430.55,815.37,C7560389844,436.87,436.87,0,0.013333333333333334,0
659,TRANSFER,105.74,C3591527330,151.11,45.37,C2982979741,0.0,105.74,0,0.12666666666666668,0
663,CASH_OUT,3275.79,C5364727160,3450.57,174.78,M9026301048,0.0,0.0,1,0.02666666666666667,0
683,CASH_OUT,1054.11,C7846365089,1741.59,687.48,C3128675098,55.82,55.82,0,0.023333333333333334,0
305,CASH_OUT,5026.18,C9516893896,4488.75,0.0,M5000316394,0.0,0.0,1,0.10666666666666667,0
155,CASH_OUT,1.0,C5952163720,2.21,1.21,C1230624431,8401.62,8401.62,0,0.0,0
367,CASH_OUT,3314.72,C5187948804,3928.05,613.33,C1110533960,0.0,0.0,1,0.01,0
398,CASH_OUT,215.72,C8168036130,279.62,63.9,C1913706213,47.63,47.63,1,0.01,0
718,CASH_OUT,1.0,C9987064419,0.0,0.0,C8208584394,419.3,419.3,0,0.06666666666666667,0
616,TRANSFER,1.0,C6534540349,0.0,0.0,C9941564880,7.97,8.97,0,0.20333333333333334,0
508,PAYMENT,11.33,C5161807235,15.86,4.53,M9921025990,0.0,0.0,0,0.0,0
346,CASH_OUT,123405.02,C5455441991,119651.39,0.0,M3145756342,0.0,0.0,1,0.04,0
543,TRANSFER,2299.07,C1613549255,2408.56,109.49,M2910594463,0.0,0.0,1,0.4866666666666667,0
294,TRANSFER,134.39,C5729866281,154.01,19.62,C6081137534,59237.14,59237.14,1,0.0,0
712,PAYMENT,200.29,C2064803502,393.22,192.93,M3223687972,0.0,0.0,0,0.0,0
492,PAYMENT,882.38,C6955593943,3108.12,2225.74,M1694904767,0.0,0.0,0,0.0,0
421,PAYMENT,14.04,C7525240100,19.59,5.55,M9020002737,0.0,0.0,0,0.0,0
331,PAYMENT,2.83,C7321180787,3.92,1.09,M4820942294,0.0,0.0,0,0.0,0
301,CASH_OUT,1.0,C8203447752,0.0,0.0,C3303082117,28.14,28.14,0,0.016666666666666666,0
203,PAYMENT,23652.21,C3376077463,99035.0,75382.79,M9026301048,0.0,0.0,0,0.0,0
383,TRANSFER,111.01,C4820055862,137.73,26.72,C6110646714,14.59,125.6,0,0.08333333333333333,0
412,PAYMENT,1.0,C8139209752,0.0,0.0,M9098037639,0.0,0.0,0,0.0,0
430,PAYMENT,1989.08,C3197757742,3490.82,1501.74,M3072183247,0.0,0.0,0,0.0,0
175,CASH_OUT,343.6,C8638763775,586.97,243.37,C4322510552,0.0,0.0,0,0.006666666666666667,0
382,PAYMENT,14181.03,C3951331472,36310.71,22129.68,M9977193987,0.0,0.0,0,0.0,0
196,PAYMENT,4617.85,C5031086659,10890.48,6272.63,M8083396378,0.0,0.0,0,0.0,0
410,TRANSFER,9620.88,C9302705838,32401.76,22780.88,C8953726023,84.52,9705.4,0,0.0,0
413,CASH_OUT,5.76,C9953716239,16.88,11.12,C9409682410,0.0,0.0,0,0.05333333333333334,0
520,DEBIT,41.87,C6923301988,74.22,32.35,M2604788242,0.0,0.0,0,0.03333333333333333,0
676,TRANSFER,8.78,C7803990970,19.56,10.78,C2625792787,0.0,8.78,0,0.17,0
709,PAYMENT,1.0,C5612645121,1.26,0.26,M1811839103,0.0,0.0,0,0.0,0
504,PAYMENT,2571.75,C8086172302,3744.01,1172.26,M1368287033,0.0,0.0,0,0.0,0
121,CASH_OUT,1256.53,C1033015788,1075.32,0.0,C5461537013,8242.89,8242.89,1,0.0033333333333333335,0
704,CASH_OUT,4448.14,C1644608746,4668.16,220.02,M3019265031,0.0,0.0,1,0.03333333333333333,0
359,CASH_OUT,3003.5,C3201397080,2551.8,0.0,M7678293431,0.0,0.0,1,0.14,0
457,TRANSFER,207.41,C3258354191,239.79,32.38,M8790289305,0.0,0.0,1,0.16666666666666666,0
437,PAYMENT,14.61,C6305160342,19.39,4.78,M9752092528,0.0,0.0,0,0.0,0
68,CASH_OUT,2740.24,C9904586976,2870.23,129.99,C2745958114,686.06,686.06,1,0.0,0
411,CASH_OUT,1.0,C5403510324,0.0,0.0,C2349406919,17.62,17.62,0,0.07,0
273,TRANSFER,910.74,C9943959352,1266.1,355.36,M6247463262,0.0,0.0,1,0.11333333333333333,0
214,CASH_OUT,647.38,C4037270171,588.34,0.0,C5879617459,6.72,6.72,1,0.11333333333333333,0
642,TRANSFER,43151.13,C1067198189,101965.8,58814.67,C7660813178,578.05,43729.18,0,0.0,0
105,PAYMENT,1.0,C7150970643,1.05,0.05,M1458227039,0.0,0.0,0,0.0033333333333333335,0
3,PAYMENT,100.86,C4631048029,187.07,86.21,M6498703287,0.0,0.0,0,0.0,0
483,TRANSFER,2052.13,C6474354351,2788.14,736.01,M6932365592,0.0,0.0,1,0.29333333333333333,0
683,CASH_OUT,19146.88,C2020262123,18989.91,0.0,M4601406440,0.0,0.0,1,0.22333333333333333,0
123,PAYMENT,1.0,C7958672456,0.0,0.0,M7664045502,0.0,0.0,0,0.0,0
694,CASH_OUT,3504.8,C7019900273,4705.05,1200.25,M1692044390,0.0,0.0,1,0.02,0
299,PAYMENT,188.22,C3338877621,220.9,32.68,M8874242713,0.0,0.0,0,0.0,0
531,TRANSFER,1.0,C9245348297,0.0,0.0,C2126077199,243.63,244.63,0,0.1,0
633,PAYMENT,1.0,C6687206971,0.0,0.0,M8218146534,0.0,0.0,0,0.0,0
550,PAYMENT,68.37,C1094115188,166.12,97.75,M5869990861,0.0,0.0,0,0.0,0
501,CASH_OUT,4.91,C1818112342,16.8,11.89,C4302709858,0.0,0.0,0,0.03333333333333333,0
95,PAYMENT,1.0,C6649827836,0.25,0.0,M2711123163,0.0,0.0,0,0.0,0
356,DEBIT,1.0,C8663837890,0.0,0.0,M2391874847,0.0,0.0,0,0.04,0
514,CASH_OUT,2128.21,C3305069227,2067.19,0.0,M1908459040,0.0,0.0,1,0.19,0
264,CASH_OUT,2471.19,C1160913827,2521.11,49.92,C8382963909,0.0,0.0,1,0.0033333333333333335,0
448,PAYMENT,27.74,C4147025728,34.61,6.87,M8964269909,0.0,0.0,0,0.0,0
608,TRANSFER,312.48,C4750707607,329.66,17.18,C3962452613,1034.34,1346.82,0,0.05,0
366,PAYMENT,17525.53,C9381721143,125005.76,107480.23,M7664045502,0.0,0.0,0,0.0,0
660,TRANSFER,2826.73,C7229869819,2629.32,0.0,C2620054076,0.0,0.0,1,0.9333333333333333,1
535,TRANSFER,682.76,C5703357871,581.21,0.0,C8584566722,76.11,76.11,1,0.19,0
407,CASH_OUT,650.65,C8833399096,618.09,0.0,M3223687972,0.0,0.0,1,0.19666666666666666,0
10,CASH_OUT,229.33,C8134112721,881.3,651.97,C7666869046,0.0,0.0,0,0.0033333333333333335,0
387,TRANSFER,1.0,C1862812038,0.0,0.0,C1011759631,0.0,1.0,0,0.22,0
436,CASH_OUT,1.0,C1600337712,0.0,0.0,C9035194895,226.25,226.25,0,0.08,0
441,TRANSFER,903.94,C3371357111,1198.12,294.18,M8044997538,0.0,0.0,1,0.15666666666666668,0
213,CASH_OUT,1127.84,C1772303297,1532.5,404.66,C1207916194,473.11,473.11,1,0.0033333333333333335,0
131,TRANSFER,186.92,C9467483275,341.6,154.68,C3894673596,2429.49,2616.41,0,0.0,0
36,PAYMENT,36.18,C6844582171,91.4,55.22,M3495411322,0.0,0.0,0,0.0,0
3,CASH_OUT,4886.94,C2962491159,4442.23,0.0,C8991977937,0.0,0.0,1,0.08333333333333333,0
247,PAYMENT,388.86,C8730507757,658.38,269.52,M9631695368,0.0,0.0,0,0.0,0
543,CASH_OUT,290.14,C1489726608,246.25,0.0,C1541964762,0.17,0.17,1,0.07333333333333333,0
364,TRANSFER,78418.83,C1316756902,70180.09,0.0,M5156392601,0.0,0.0,1,0.7666666666666667,1
626,TRANSFER,1.0,C5931025271,0.0,0.0,C9259157845,43591.54,43592.54,0,0.01,0
277,PAYMENT,7.85,C2625792787,8.78,0.93,M5325865521,0.0,0.0,0,0.0,0
299,TRANSFER,456.84,C5871743247,452.36,0.0,C8110054933,82.11,82.11,1,0.12333333333333334,0
655,TRANSFER,1.0,C9303285822,0.0,0.0,C1251837136,3.97,4.97,0,0.2,0
68,CASH_OUT,1656.6,C4067919621,1773.6,117.0,C1667483244,4167.68,4167.68,1,0.0,0
650,CASH_OUT,725.52,C6161147047,1181.08,455.56,C9279291478,93.99,93.99,0,0.03333333333333333,0
502,CASH_OUT,563.42,C8281641403,511.37,0.0,M4665677395,0.0,0.0,1,0.13333333333333333,0
499,TRANSFER,3.2,C7845366946,14.59,11.39,C8948573913,0.0,3.2,0,0.17,0
711,TRANSFER,313.77,C9461708554,284.99,0.0,C1470939445,0.0,0.0,1,0.22,0
291,CASH_OUT,1645.17,C2145921803,2922.99,1277.82,C3815235019,406.09,406.09,0,0.013333333333333334,0
468,PAYMENT,1.0,C7464468567,0.0,0.0,M7969674420,0.0,0.0,0,0.0,0
627,PAYMENT,11829.72,C2476831585,553493.54,541663.82,M1357561213,0.0,0.0,0,0.0,0
367,CASH_OUT,225.39,C9354542654,288.73,63.34,M9773795424,0.0,0.0,1,0.013333333333333334,0
470,PAYMENT,4.36,C1626733282,57.55,53.19,M9752092528,0.0,0.0,0,0.0,0
162,TRANSFER,131.76,C4256292393,123.82,0.0,M8874242713,0.0,0.0,1,0.22666666666666666,0
303,CASH_OUT,166.51,C5418232833,140.79,0.0,M9977193987,0.0,0.0,1,0.05333333333333334,0
326,CASH_OUT,170.58,C8316648259,761.35,590.77,C8487449580,21561.41,21561.41,0,0.006666666666666667,0
669,PAYMENT,148.49,C1977515194,812.52,664.03,M7050091525,0.0,0.0,0,0.0,0
647,PAYMENT,1.0,C5610783750,0.18,0.0,M6558769264,0.0,0.0,0,0.0,0
37,TRANSFER,1.0,C7852415525,0.0,0.0,C6698759353,127.41,128.41,0,0.06,0
196,CASH_OUT,1.0,C2351531223,0.0,0.0,C9626333315,174.61,174.61,0,0.0,0
352,TRANSFER,647.52,C1065857791,638.0,0.0,M7951820749,0.0,0.0,1,0.2866666666666667,0
425,CASH_OUT,34148.4,C4201225242,46768.97,12620.57,C3828935922,7109.92,7109.92,0,0.0,0
282,CASH_OUT,102.25,C2464137110,309.94,207.69,C5903457537,0.0,0.0,0,0.006666666666666667,0
220,CASH_OUT,1240.69,C7196439534,1168.91,0.0,M1711271599,0.0,0.0,1,0.05,0
639,PAYMENT,20.51,C9354711271,42.44,21.93,M6732306182,0.0,0.0,0,0.0,0
582,CASH_IN,98077.8,C8001729836,52.02,98129.82,C6837342064,0.0,0.0,0,0.0,0
361,TRANSFER,5306.44,C6947080764,13950.33,8643.89,C6566372886,279.67,5586.11,0,0.0,0
464,CASH_IN,14340.35,C7805633786,1811.1,16151.45,C4262396395,0.0,0.0,0,0.0,0
224,DEBIT,36.97,C3464975279,77.62,40.65,M8740820392,0.0,0.0,0,0.02,0
29,PAYMENT,6281.21,C7784217828,13777.18,7495.97,M5985331805,0.0,0.0,0,0.0,0
494,CASH_OUT,2167.61,C2602884797,2297.24,129.63,C1541964762,0.17,0.17,1,0.05,0
259,CASH_OUT,1779.03,C2780016559,1814.86,35.83,M7651029165,0.0,0.0,1,0.0033333333333333335,0
352,CASH_IN,73851.96,C8809871735,1.0,73852.96,C2390587865,86.71,86.71,0,0.0,0
56,DEBIT,6.69,C7670476743,22.87,16.18,M1240140248,0.0,0.0,0,0.02,0
428,PAYMENT,1.0,C2075321966,0.0,0.0,M1257854279,0.0,0.0,0,0.0,0
40,CASH_OUT,6.26,C4880176825,11.36,5.1,C1546957087,384.55,384.55,0,0.0,0
422,TRANSFER,63.16,C5972484792,266.11,202.95,C2094024844,34.77,97.93,0,0.08666666666666667,0
266,TRANSFER,501.64,C8503368512,421.53,0.0,C4734111722,0.0,0.0,1,0.24333333333333335,0
533,DEBIT,1.0,C2866092821,0.0,0.0,M9916475897,0.0,0.0,0,0.043333333333333335,0
714,TRANSFER,207.27,C9857430687,296.73,89.46,C8737025391,368.56,575.83,0,0.05,0
444,CASH_OUT,1673.09,C1005502537,1835.2,162.11,C7088451458,41828.73,41828.73,0,0.06333333333333334,0
379,PAYMENT,226.28,C6726515966,653.74,427.46,M6313472215,0.0,0.0,0,0.0,0
246,TRANSFER,2956.94,C6557907251,2715.85,0.0,C5421051452,359.93,359.93,1,0.21666666666666667,0
53,TRANSFER,1700.72,C4302709858,1636.78,0.0,C8477300991,0.0,1700.72,1,0.12,0
717,TRANSFER,1.0,C2178884276,0.0,0.0,C2317723211,260.48,261.48,0,0.08666666666666667,0
660,TRANSFER,313.03,C5855415646,557.42,244.39,C3108307952,134.17,447.2,0,0.05333333333333334,0
133,TRANSFER,565.1,C8316648259,590.77,25.67,M4865979921,0.0,0.0,1,0.15333333333333332,0
520,CASH_OUT,625.74,C9409682410,640.6,14.86,M1442421654,0.0,0.0,1,0.03666666666666667,0
122,PAYMENT,1.0,C5604529187,0.0,0.0,M7537130187,0.0,0.0,0,0.0,0
526,PAYMENT,331.61,C5778781449,344.77,13.16,M6247463262,0.0,0.0,0,0.0,0
668,PAYMENT,42.9,C7949795085,69.77,26.87,M2773408660,0.0,0.0,0,0.0,0
617,PAYMENT,82.0,C4102821948,125.15,43.15,M8964269909,0.0,0.0,0,0.0,0
520,TRANSFER,3429.09,C1230249217,3581.14,152.05,C1045302356,19.91,19.91,1,0.26,0
333,PAYMENT,1066.0,C7002076563,1435.23,369.23,M8044997538,0.0,0.0,0,0.0,0
187,DEBIT,11.08,C6797436140,26.6,15.52,M9441870024,0.0,0.0,0,0.02,0
543,TRANSFER,583.02,C9957643727,565.72,0.0,C1945826486,960.47,960.47,1,0.09666666666666666,0
533,PAYMENT,350.47,C7767834064,490.32,139.85,M3517195150,0.0,0.0,0,0.0,0
604,CASH_OUT,16687.15,C2274350418,15419.29,0.0,C9094089209,4122.63,4122.63,1,0.15333333333333332,0
684,TRANSFER,12618.78,C9924456994,11267.93,0.0,C5778781449,13.16,13.16,1,0.72,1
662,CASH_OUT,49.21,C7671041685,54.02,4.81,M3595066420,0.0,0.0,1,0.04,0
200,CASH_IN,22317.16,C3693916084,0.0,22317.16,C2140169349,0.0,0.0,0,0.0,0
387,PAYMENT,1.0,C4939447721,0.0,0.0,M8044997538,0.0,0.0,0,0.0,0
433,PAYMENT,1.0,C5512036684,1.0,0.0,M2885370603,0.0,0.0,0,0.0,0
706,CASH_OUT,1194.63,C7337225482,1447.16,252.53,C5183211669,7355.84,7355.84,0,0.006666666666666667,0
227,CASH_OUT,4346.68,C6496596008,5386.56,1039.88,C7183058541,624.02,624.02,1,0.0,0
481,PAYMENT,141.79,C2549748436,155.24,13.45,M9625656293,0.0,0.0,0,0.0,0
253,CASH_OUT,902.54,C4895020135,799.42,0.0,M8768773991,0.0,0.0,1,0.12,0
134,PAYMENT,9717.88,C3806215682,55815.12,46097.24,M1999913493,0.0,0.0,0,0.0,0
417,TRANSFER,1.0,C8261111839,0.0,0.0,C8229344434,0.0,1.0,0,0.20333333333333334,0
408,PAYMENT,1.0,C5403510324,0.0,0.0,M6659847491,0.0,0.0,0,0.0,0
578,PAYMENT,78.16,C2331039957,92.89,14.73,M3534186676,0.0,0.0,0,0.0,0
17,PAYMENT,3.23,C2914590233,4.39,1.16,M9776500600,0.0,0.0,0,0.0,0
99,TRANSFER,111.75,C3716924538,96.77,0.0,C7823288650,0.0,0.0,1,0.24,0
657,PAYMENT,4254.19,C6038780151,7332.0,3077.81,M5564953924,0.0,0.0,0,0.0,0
406,CASH_OUT,1895.83,C1519709079,2357.01,461.18,M4390543744,0.0,0.0,1,0.013333333333333334,0
287,CASH_OUT,2943.68,C2139078760,2789.31,0.0,M8030400668,0.0,0.0,1,0.12333333333333334,0
191,CASH_OUT,58.23,C3768901084,132.94,74.71,C2266622851,0.0,0.0,0,0.0,0
373,TRANSFER,2462.95,C9861449701,2114.63,0.0,C1439921366,720.57,720.57,1,0.12333333333333334,0
349,PAYMENT,20.71,C2537965898,28.2,7.49,M2839566253,0.0,0.0,0,0.0,0
151,TRANSFER,4021.79,C5334769475,4298.53,276.74,C7374584386,12.17,12.17,1,0.14666666666666667,0
211,TRANSFER,545.73,C5187948804,613.33,67.6,C9830946410,0.0,545.73,0,0.016666666666666666,0
714,TRANSFER,2131.13,C1033015788,2926.88,795.75,M1240140248,0.0,0.0,1,0.2733333333333333,0
338,CASH_OUT,4.5,C7316122432,6.01,1.51,C9136780852,40.19,40.19,0,0.01,0
367,TRANSFER,1582.99,C6719736115,1650.72,67.73,C2073755632,17409.36,17409.36,1,0.0,0
597,TRANSFER,125.01,C3710566582,163.63,38.62,M2604788242,0.0,0.0,1,0.17333333333333334,0
68,CASH_OUT,74.17,C4302632494,111.36,37.19,C4026113008,670.77,670.77,0,0.006666666666666667,0
338,TRANSFER,238.6,C4042413312,209.76,0.0,M5380159400,0.0,0.0,1,0.23,0
125,CASH_OUT,907.52,C1288765093,1047.63,140.11,M9620935604,0.0,0.0,1,0.0,0
217,TRANSFER,46780.33,C7376649850,47254.31,473.98,M7050091525,0.0,0.0,1,0.26666666666666666,0
83,PAYMENT,1.0,C8934927891,0.0,0.0,M6659847491,0.0,0.0,0,0.0,0
699,CASH_OUT,1428.9,C4256292393,1656.42,227.52,C7763765757,196.09,196.09,1,0.023333333333333334,0
151,PAYMENT,1.0,C7671625956,0.0,0.0,M8869140487,0.0,0.0,0,0.0,0
515,DEBIT,9.52,C4820055862,26.72,17.2,M3965860354,0.0,0.0,0,0.03,0
215,TRANSFER,1.0,C4928783441,0.0,0.0,C5284391408,883.78,884.78,0,0.013333333333333334,0
525,TRANSFER,1.0,C5750815980,0.0,0.0,C4131575764,261.6,262.6,0,0.1,0
360,PAYMENT,3491.97,C8243746556,61957.65,58465.68,M2655546199,0.0,0.0,0,0.0,0
710,CASH_OUT,3528.42,C3555656321,4151.74,623.32,C6714723660,0.0,0.0,1,0.023333333333333334,0
485,TRANSFER,5411.63,C5416031878,4755.26,0.0,C8274219704,0.0,0.0,1,0.9466666666666667,1
717,TRANSFER,2620.44,C6009268066,2709.96,89.52,C1489726608,0.0,0.0,1,0.44333333333333336,0
668,TRANSFER,1.0,C5067116918,0.0,0.0,C3429019820,0.0,1.0,0,0.22,0
720,PAYMENT,21437.27,C6081137534,59237.14,37799.87,M4554178984,0.0,0.0,0,0.0033333333333333335,0
593,PAYMENT,1.0,C2620054076,0.0,0.0,M5067400473,0.0,0.0,0,0.0,0
6,TRANSFER,4.7,C7525240100,5.55,0.85,C8791183272,104.49,109.19,0,0.043333333333333335,0
145,CASH_OUT,2573.71,C6711463258,2550.75,0.0,M6786043791,0.0,0.0,1,0.06,0
445,CASH_OUT,26944.28,C3376077463,75382.79,48438.51,C1529290976,92479.46,92479.46,0,0.0,0
247,PAYMENT,2.69,C3436297208,10.35,7.66,M9581187661,0.0,0.0,0,0.0,0
711,PAYMENT,183.76,C7567496105,463.99,280.23,M1692044390,0.0,0.0,0,0.0,0
479,PAYMENT,1.0,C3363629219,0.0,0.0,M1442421654,0.0,0.0,0,0.0,0
94,CASH_OUT,1095.38,C3294092753,964.18,0.0,M3705237613,0.0,0.0,1,0.06333333333333334,0
264,TRANSFER,1.0,C1558631501,0.0,0.0,C6952554500,1.0,2.0,0,0.23333333333333334,0
203,TRANSFER,4987.11,C8497938394,8701.09,3713.98,C2825957977,62.84,5049.95,0,0.0,0
345,PAYMENT,489.28,C9738752801,896.25,406.97,M9918338001,0.0,0.0,0,0.0,0
674,TRANSFER,1.0,C2140169349,0.0,0.0,C4605117440,0.0,1.0,0,0.22,0
225,CASH_OUT,1697.89,C4997866845,2051.12,353.23,M1357561213,0.0,0.0,1,0.0,0
227,PAYMENT,33.4,C7508080884,58.45,25.05,M3119908041,0.0,0.0,0,0.0,0
389,CASH_OUT,2374.63,C9245348297,3061.89,687.26,M9933702652,0.0,0.0,1,0.01,0
125,PAYMENT,334.98,C7183058541,624.02,289.04,M8740820392,0.0,0.0,0,0.0,0
365,CASH_OUT,541.54,C9776185998,1034.3,492.76,C2537965898,7.49,7.49,0,0.013333333333333334,0
598,TRANSFER,735.77,C8075122626,1031.69,295.92,C6305160342,4.78,740.55,0,0.04,0
380,TRANSFER,1914.36,C3725152347,1689.9,0.0,M3636366799,0.0,0.0,1,0.41333333333333333,0
59,TRANSFER,222.34,C6715705115,325.57,103.23,C2965254350,80.49,302.83,0,0.016666666666666666,0
206,CASH_OUT,1.0,C4864126433,0.0,0.0,C1225447588,1.12,1.12,0,0.013333333333333334,0
421,CASH_OUT,1.0,C9945002229,0.0,0.0,C4097887746,23950.02,23950.02,0,0.03666666666666667,0
519,PAYMENT,5.34,C5626388820,15.17,9.83,M1368287033,0.0,0.0,0,0.0,0
166,CASH_OUT,1.0,C9945002229,0.0,0.0,C7199283151,117566.03,117566.03,0,0.0,0
681,PAYMENT,1426.83,C7243352390,12353.88,10927.05,M9065458220,0.0,0.0,0,0.0,0
157,TRANSFER,154.99,C2825989011,188.67,33.68,M7437168216,0.0,0.0,1,0.14666666666666667,0
12,CASH_OUT,4167.33,C2140169349,4776.15,608.82,C6231117883,1.0,1.0,1,0.0,0
216,CASH_OUT,1.0,C4252504650,0.0,0.0,C3716924538,0.0,0.0,0,0.013333333333333334,0
704,TRANSFER,50.56,C5789633176,93.97,43.41,C5819946657,1.44,52.0,0,0.17,0
217,CASH_OUT,71001.02,C7527316141,63988.76,0.0,C5010075517,58.31,58.31,1,0.04,0
118,PAYMENT,318.3,C5578929439,26502.43,26184.13,M2228388623,0.0,0.0,0,0.0,0
54,PAYMENT,1.0,C6963052185,0.0,0.0,M6845287382,0.0,0.0,0,0.0,0
402,CASH_OUT,505.9,C9392515666,171257.21,170751.31,C9303285822,0.0,0.0,0,0.0,0
255,CASH_OUT,29.08,C2072355594,58.79,29.71,C5879617459,6.72,6.72,0,0.0,0
149,PAYMENT,8.29,C5638860656,10.57,2.28,M5990749811,0.0,0.0,0,0.0,0
643,PAYMENT,4317.06,C6691628146,7460.7,3143.64,M1666898313,0.0,0.0,0,0.0,0
111,CASH_OUT,17.78,C2610237679,82.19,64.41,C7016293621,259.47,259.47,0,0.0033333333333333335,0
169,PAYMENT,1.0,C8831899893,0.0,0.0,M9065458220,0.0,0.0,0,0.0,0
527,TRANSFER,313.32,C3815235019,406.09,92.77,M6583604299,0.0,0.0,1,0.17,0
521,TRANSFER,1.0,C7420493866,0.0,0.0,C1506211965,4.87,5.87,0,0.19333333333333333,0
247,CASH_OUT,13.61,C8235717104,15.76,2.15,C3185089287,0.0,0.0,0,0.02,0
384,TRANSFER,345.32,C4386667704,295.95,0.0,M5714658227,0.0,0.0,1,0.23,0
295,PAYMENT,4200.73,C4201225242,12620.57,8419.84,M7948094928,0.0,0.0,0,0.0,0
680,TRANSFER,178.83,C5607762160,155.42,0.0,M6200141898,0.0,0.0,1,0.23,0
231,TRANSFER,4716.88,C3698343112,4790.09,73.21,C7321180787,1.09,1.09,1,0.45,0
691,PAYMENT,1.0,C4482141802,1.0,0.0,M6786043791,0.0,0.0,0,0.0,0
198,CASH_IN,109834.43,C3088517710,0.0,109834.43,C7397963801,36693.4,36693.4,0,0.0,0
86,PAYMENT,548.11,C4012917912,834.32,286.21,M5891831621,0.0,0.0,0,0.0,0
284,TRANSFER,72.93,C2610237679,64.41,0.0,C5913767020,92.93,92.93,1,0.07,0
34,PAYMENT,307.94,C6272000062,31554.79,31246.85,M8389750357,0.0,0.0,0,0.0,0
69,DEBIT,309.63,C1983297492,1071.69,762.06,M2869931869,0.0,0.0,0,0.01,0
578,CASH_OUT,4353.57,C1041531046,3884.62,0.0,M7969674420,0.0,0.0,1,0.25,0
100,PAYMENT,41.26,C7666129822,188.31,147.05,M2121448210,0.0,0.0,0,0.0,0
706,CASH_OUT,2465.74,C7671625956,3030.12,564.38,C4673457063,0.0,0.0,1,0.023333333333333334,0
50,DEBIT,1.0,C8507497883,0.0,0.0,M8910440683,0.0,0.0,0,0.02666666666666667,0
188,TRANSFER,1.0,C5870268582,0.0,0.0,C8046300793,2954.06,2955.06,0,0.0,0
440,PAYMENT,128.97,C4660390742,215.3,86.33,M3495411322,0.0,0.0,0,0.0,0
553,PAYMENT,241.33,C6583444930,503.58,262.25,M2187592160,0.0,0.0,0,0.0,0
205,CASH_OUT,4926.12,C2014766981,5507.79,581.67,C9663561486,2911.59,2911.59,0,0.0,0
55,CASH_IN,34525.8,C6458544482,45.18,34570.98,C2227193073,4.81,4.81,0,0.0,0
648,PAYMENT,9651.61,C5666504394,15711.73,6060.12,M8083396378,0.0,0.0,0,0.0,0
467,TRANSFER,3182.61,C6065662867,2968.52,0.0,C6493800024,0.0,0.0,1,0.9066666666666666,1
186,PAYMENT,57.68,C6491309593,793.07,735.39,M7861571879,0.0,0.0,0,0.0,0
720,TRANSFER,269.57,C4145461251,239.61,0.0,C9370133032,0.0,0.0,1,0.22,0
289,PAYMENT,173.34,C1322401182,199.48,26.14,M3660800029,0.0,0.0,0,0.0,0
587,PAYMENT,1.0,C1392245997,0.0,0.0,M8235474949,0.0,0.0,0,0.0,0
203,PAYMENT,19.3,C4713453204,34.01,14.71,M5564953924,0.0,0.0,0,0.0,0
158,PAYMENT,7.19,C3185386258,9.79,2.6,M6498703287,0.0,0.0,0,0.0,0
288,PAYMENT,434.43,C6168291913,794.29,359.86,M6199197408,0.0,0.0,0,0.0,0
371,CASH_OUT,18.24,C7949795085,26.87,8.63,C2439622619,141.43,141.43,0,0.0033333333333333335,0
450,TRANSFER,1324.82,C9842186844,5787.34,4462.52,C5284391408,884.78,2209.6,0,0.03666666666666667,0
75,CASH_OUT,2218.28,C4482141802,3069.22,850.94,M2155671697,0.0,0.0,1,0.0,0
15,TRANSFER,2330.8,C8388580360,2959.9,629.1,M6199197408,0.0,0.0,1,0.15,0
454,TRANSFER,1.0,C9516893896,0.0,0.0,C2780136605,9.19,10.19,0,0.19,0
117,TRANSFER,38330.07,C8282534126,32006.11,0.0,M3438830691,0.0,0.0,1,0.7333333333333333,1
532,PAYMENT,1.0,C5744003377,0.0,0.0,M7713758036,0.0,0.0,0,0.0,0
180,PAYMENT,37.98,C6098775210,461.48,423.5,M3595066420,0.0,0.0,0,0.0,0
151,CASH_OUT,2.43,C7751356568,5.82,3.39,C6448324230,91063.08,91063.08,0,0.0,0
646,PAYMENT,23.19,C6402580787,24.46,1.27,M1257854279,0.0,0.0,0,0.0,0
658,TRANSFER,1.0,C1659663750,0.0,0.0,C1654602021,0.78,1.78,0,0.23,0
394,TRANSFER,118.07,C6110646714,125.6,7.53,C9493209128,0.0,118.07,0,0.10666666666666667,0
292,DEBIT,468.52,C5151887478,641.68,173.16,M7514017540,0.0,0.0,0,0.013333333333333334,0
323,PAYMENT,1118.81,C1696846464,1280.38,161.57,M7948094928,0.0,0.0,0,0.0,0
195,PAYMENT,1.0,C5646880148,0.0,0.0,M8728631945,0.0,0.0,0,0.0,0
84,CASH_OUT,69.27,C7242730249,85.13,15.86,M2155671697,0.0,0.0,1,0.0033333333333333335,0
518,CASH_OUT,833.68,C6299224734,18122.76,17289.08,C3792347639,98706.8,98706.8,0,0.0,0
134,PAYMENT,33.95,C4641561499,67.32,33.37,M2910594463,0.0,0.0,0,0.0,0
589,TRANSFER,26497.84,C8178927766,34142.51,7644.67,C6515369278,3.79,26501.63,1,0.0033333333333333335,0
72,TRANSFER,1.0,C6317189421,0.0,0.0,C9305502799,23.9,24.9,0,0.17666666666666667,0
336,PAYMENT,8.61,C6544063167,13.44,4.83,M9916475897,0.0,0.0,0,0.0,0
107,CASH_IN,49306.49,C2050340486,79.8,49386.29,C5201221330,4.86,4.86,0,0.0,0
43,CASH_OUT,1.0,C7464468567,0.0,0.0,C3109688769,152.47,152.47,0,0.0,0
170,PAYMENT,1.05,C4873807154,46113.0,46111.95,M9020002737,0.0,0.0,0,0.0,0
584,PAYMENT,2680.19,C2645272822,16751.9,14071.71,M2695447268,0.0,0.0,0,0.0,0
541,TRANSFER,514.24,C7296658772,524.38,10.14,C3362657890,3391.75,3391.75,1,0.04,0
249,TRANSFER,1955.42,C2994056084,2078.51,123.09,M7960713821,0.0,0.0,1,0.3,0
421,CASH_OUT,2473.79,C8674224347,3294.93,821.14,C8387664437,14.59,14.59,1,0.043333333333333335,0
63,TRANSFER,12985.7,C7487012742,11465.37,0.0,M9933702652,0.0,0.0,1,0.78,1
550,CASH_OUT,1943.02,C7664258343,2336.73,393.71,M3566125120,0.0,0.0,1,0.02666666666666667,0
386,TRANSFER,30.0,C8168036130,63.9,33.9,C7166868574,22048.3,22078.3,0,0.0033333333333333335,0
536,PAYMENT,1.0,C3245108207,0.0,0.0,M6384311581,0.0,0.0,0,0.0,0
437,PAYMENT,1.0,C5344083406,0.0,0.0,M6786043791,0.0,0.0,0,0.0,0
355,PAYMENT,2588.54,C8118065825,3192.58,604.04,M3438830691,0.0,0.0,0,0.0,0
469,CASH_OUT,265.89,C6562457052,233.31,0.0,M1783432867,0.0,0.0,1,0.10333333333333333,0
571,PAYMENT,5.0,C4131356954,5.84,0.84,M3690714075,0.0,0.0,0,0.0,0
220,TRANSFER,30138.05,C4602080228,278261.29,248123.24,C4398953973,0.0,30138.05,0,0.0,0
368,PAYMENT,67.36,C2914126243,109.35,41.99,M8083396378,0.0,0.0,0,0.0,0
691,TRANSFER,2178.85,C1182758417,2323.51,144.66,M9581187661,0.0,0.0,1,0.39,0
16,PAYMENT,1257.79,C3480920839,24381.05,23123.26,M6515490818,0.0,0.0,0,0.0,0
549,TRANSFER,629.35,C5409514899,1460.5,831.15,C5161807235,4.53,633.88,0,0.03,0
582,CASH_OUT,360371.84,C6124453431,318948.97,0.0,M7969674420,0.0,0.0,1,0.22333333333333333,0
89,PAYMENT,141.71,C8287542751,331.81,190.1,M7651029165,0.0,0.0,0,0.0,0
27,TRANSFER,1.0,C3185089287,0.0,0.0,C4776436931,263.59,264.59,0,0.016666666666666666,0
540,PAYMENT,802.12,C6884882440,891.11,88.99,M4160161496,0.0,0.0,0,0.0,0
5,CASH_OUT,4363.78,C5212581851,4501.93,138.15,M8643636805,0.0,0.0,1,0.02,0
352,TRANSFER,40183.32,C1197092148,41973.6,1790.28,M7570511906,0.0,0.0,1,0.24333333333333335,0
165,PAYMENT,9575.18,C9958044697,9815.69,240.51,M8102481401,0.0,0.0,0,0.0,0
81,TRANSFER,67.52,C4095476665,131.79,64.27,C9860949331,19.1,86.62,0,0.11666666666666667,0
604,TRANSFER,1.0,C5735817014,1.0,0.0,C5523703900,184.54,185.54,0,0.12666666666666668,0
262,CASH_OUT,4395.66,C6124453431,4551.53,155.87,M1343875431,0.0,0.0,1,0.0033333333333333335,0
18,TRANSFER,11.26,C7508080884,25.05,13.79,C8417757797,311.78,323.04,0,0.006666666666666667,0
166,TRANSFER,60.63,C2510308881,58.92,0.0,M4456193555,0.0,0.0,1,0.22333333333333333,0
478,PAYMENT,1071.18,C5588254555,1188.79,117.61,M3846182436,0.0,0.0,0,0.0,0
224,PAYMENT,1.0,C4735334423,0.0,0.0,M4689605624,0.0,0.0,0,0.0,0
644,TRANSFER,4994.42,C4431078106,9137.81,4143.39,C9958044697,240.51,5234.93,0,0.04,0
221,TRANSFER,15544.99,C8506931282,16042.13,497.14,C8907752604,45600.72,45600.72,1,0.0,0
21,CASH_OUT,2604.5,C5115980792,2880.97,276.47,M7951820749,0.0,0.0,1,0.0,0
650,TRANSFER,479.53,C1772303297,404.66,0.0,M2604788242,0.0,0.0,1,0.24,0
143,CASH_OUT,4.28,C9981364488,12.87,8.59,C9639245200,5981.97,5981.97,0,0.0,0
369,DEBIT,173.81,C8293453178,211.73,37.92,M9026301048,0.0,0.0,0,0.02,0
664,CASH_OUT,309.62,C7418301077,616.21,306.59,C8057994126,942.61,942.61,0,0.02666666666666667,0
47,TRANSFER,7596.98,C7100408092,6396.22,0.0,C2349406919,17.62,7614.6,1,0.013333333333333334,0
498,DEBIT,8.89,C5078551333,11.2,2.31,M8044997538,0.0,0.0,0,0.04,0
547,TRANSFER,100.74,C8796293088,92.52,0.0,C4145461251,0.0,0.0,1,0.23333333333333334,0
690,TRANSFER,1972.48,C5292015249,2564.16,591.68,M4588312351,0.0,0.0,1,0.2866666666666667,0
547,TRANSFER,3412.45,C6923893872,3962.81,550.36,M1783432867,0.0,0.0,1,0.3,0
469,TRANSFER,848.92,C5877639950,1057.84,208.92,M3831598303,0.0,0.0,1,0.15666666666666668,0
583,CASH_OUT,156.71,C8239941612,195.65,38.94,M3960136787,0.0,0.0,1,0.03666666666666667,0
62,DEBIT,1.0,C6991473746,0.0,0.0,M3019265031,0.0,0.0,0,0.02666666666666667,0
184,PAYMENT,12.85,C5913767020,92.93,80.08,M1240140248,0.0,0.0,0,0.0,0
482,PAYMENT,1297.45,C8291250562,1527.49,230.04,M7437168216,0.0,0.0,0,0.0,0
181,TRANSFER,79.92,C2389803385,105.71,25.79,C3163970710,0.0,79.92,0,0.15666666666666668,0
29,TRANSFER,1.0,C6596578419,0.0,0.0,C9370133032,0.0,1.0,0,0.22333333333333333,0
329,CASH_OUT,46.1,C2940955281,54.73,8.63,M8144889126,0.0,0.0,1,0.013333333333333334,0
248,TRANSFER,1922.33,C6959501845,1771.88,0.0,C3567900251,0.0,0.0,1,0.47,0
487,PAYMENT,1.0,C6463640105,0.0,0.0,M9977193987,0.0,0.0,0,0.0,0
621,TRANSFER,75.84,C2571688961,66.69,0.0,M2541015125,0.0,0.0,1,0.24333333333333335,0
496,CASH_OUT,858.81,C7858937483,1336.78,477.97,C6317189421,0.0,0.0,0,0.02666666666666667,0
337,CASH_OUT,4413.34,C8858766173,4702.93,289.59,M9441870024,0.0,0.0,1,0.01,0
467,CASH_OUT,34.33,C9279291478,93.99,59.66,C7470843264,50903.2,50903.2,0,0.03,0
464,TRANSFER,28.43,C9136780852,40.19,11.76,C5296710795,2039.36,2067.79,0,0.04,0
190,TRANSFER,4537.06,C4713453204,4819.47,282.41,M7570511906,0.0,0.0,1,0.21,0
533,CASH_OUT,193.26,C7337225482,252.53,59.27,M1083302600,0.0,0.0,1,0.03666666666666667,0
204,PAYMENT,1.0,C1065857791,0.0,0.0,M3536590481,0.0,0.0,0,0.0,0
590,PAYMENT,1.0,C6642266247,1.0,0.0,M6384311581,0.0,0.0,0,0.0,0
73,TRANSFER,4.87,C3421719519,21.58,16.71,C2869999754,28451.36,28456.23,0,0.0,0
335,CASH_OUT,1.0,C7666869046,0.0,0.0,C4751509023,882.01,882.01,0,0.02,0
159,CASH_OUT,34.68,C5212581851,138.15,103.47,C4714465905,41.77,41.77,0,0.0033333333333333335,0
478,TRANSFER,1.0,C2293434554,0.0,0.0,C1730074215,2310.32,2311.32,0,0.06,0
240,CASH_OUT,202.48,C2928130926,197.63,0.0,C9957643727,0.0,0.0,1,0.03333333333333333,0
527,PAYMENT,1.0,C4734111722,0.0,0.0,M1099218439,0.0,0.0,0,0.0,0
452,PAYMENT,4078.36,C5483308751,95940.91,91862.55,M5869990861,0.0,0.0,0,0.0,0
123,TRANSFER,3.35,C7668801906,3.83,0.48,C4242550727,0.0,3.35,0,0.20333333333333334,0
83,PAYMENT,1288.89,C8299146480,4631.06,3342.17,M7453081889,0.0,0.0,0,0.0,0
174,PAYMENT,1.0,C9411532909,0.0,0.0,M3107992942,0.0,0.0,0,0.0,0
489,CASH_OUT,4154.27,C5433722159,4721.68,567.41,M9933702652,0.0,0.0,1,0.03333333333333333,0
307,PAYMENT,2.29,C3598862507,4.5,2.21,M5919148165,0.0,0.0,0,0.0,0
457,TRANSFER,10.1,C7533932947,22.57,12.47,C2400094541,0.0,10.1,0,0.16333333333333333,0
164,CASH_OUT,4592.38,C8317619798,4275.62,0.0,C2173242669,1801.27,1801.27,1,0.023333333333333334,0
428,CASH_OUT,1.0,C5724657556,0.0,0.0,C6923301988,32.35,32.35,0,0.07666666666666666,0
158,PAYMENT,1.52,C7540301973,1.93,0.41,M2555936898,0.0,0.0,0,0.0,0
709,CASH_OUT,2.07,C2254516608,6.02,3.95,C6317152031,14822.08,14822.08,0,0.006666666666666667,0
20,CASH_IN,96488.1,C4079223686,67.54,96555.64,C6859286614,8.31,8.31,0,0.0,0
660,CASH_OUT,1.0,C1551395583,0.0,0.0,C6242173772,5.68,5.68,0,0.05,0
350,DEBIT,335.38,C8115628227,732.45,397.07,M3660800029,0.0,0.0,0,0.016666666666666666,0
352,PAYMENT,1.0,C2137651678,0.0,0.0,M6763471833,0.0,0.0,0,0.0,0
484,CASH_IN,580.54,C4403845222,132.63,713.17,C1116402431,58.89,58.89,0,0.0033333333333333335,0
653,CASH_OUT,5723.14,C4356175095,13313.32,7590.18,C9369574998,0.0,0.0,0,0.016666666666666666,0
510,TRANSFER,119049.64,C5431267548,99561.72,0.0,C5993571693,0.0,0.0,1,0.8633333333333333,1
197,CASH_OUT,5206.91,C1470939445,4922.31,0.0,C5162260671,1.65,1.65,1,0.04666666666666667,0
528,CASH_OUT,274.98,C6488854841,376.66,101.68,M8667946580,0.0,0.0,1,0.03333333333333333,0
31,TRANSFER,6.22,C2295574037,21.32,15.1,C3313993297,803.0,809.22,0,0.01,0
196,PAYMENT,1.0,C1981049082,1.02,0.02,M1122712790,0.0,0.0,0,0.0,0
590,CASH_OUT,3740.44,C9032096058,3772.42,31.98,C1287814151,17959.78,17959.78,1,0.02,0
9,CASH_OUT,1468.06,C4577406847,1962.92,494.86,M8910440683,0.0,0.0,1,0.0,0
598,TRANSFER,901.61,C4178659381,956.35,54.74,C8418332121,63.63,965.24,0,0.07,0
36,TRANSFER,4503.66,C4767539382,4729.94,226.28,M7282885927,0.0,0.0,1,0.19,0
629,CASH_OUT,1.0,C2893321208,0.0,0.0,C5996775663,0.0,0.0,0,0.06,0
321,TRANSFER,22970.03,C7635473142,26060.35,3090.32,M6199197408,0.0,0.0,1,0.24666666666666667,0
546,CASH_OUT,1.0,C5100282913,0.0,0.0,C4956362540,0.0,0.0,0,0.06,0
434,CASH_OUT,1.0,C3075362821,0.0,0.0,C4776436931,264.59,264.59,0,0.08,0
195,TRANSFER,128791.35,C8852676046,122735.79,0.0,C4022245086,0.0,0.0,1,0.98,1
220,CASH_OUT,27.64,C2825989011,33.68,6.04,C2777816561,0.0,0.0,0,0.006666666666666667,0
535,TRANSFER,1.0,C6576395496,0.0,0.0,C9922723063,1.77,2.77,0,0.22333333333333333,0
542,CASH_OUT,376.39,C2067970820,846.91,470.52,C1684598046,0.0,0.0,0,0.03666666666666667,0
420,PAYMENT,11.33,C2549748436,13.45,2.12,M6011842297,0.0,0.0,0,0.0,0
616,CASH_OUT,2173.46,C2331039957,2535.32,361.86,C8046300793,2955.06,2955.06,1,0.013333333333333334,0
507,CASH_OUT,3.63,C6201313620,3.89,0.26,C2683446724,191.93,191.93,0,0.05,0
46,PAYMENT,1.0,C3245108207,0.0,0.0,M4896576569,0.0,0.0,0,0.0,0
331,CASH_OUT,1.0,C4579265601,0.0,0.0,C7527316141,0.0,0.0,0,0.03666666666666667,0
702,DEBIT,1444.64,C5998623100,8386.6,6941.96,M8138332494,0.0,0.0,0,0.03,0
544,TRANSFER,1.0,C4203205881,0.0,0.0,C8902275119,91.13,92.13,0,0.13,0
182,TRANSFER,2765.74,C8235717104,2356.18,0.0,C2926780541,0.0,0.0,1,0.7466666666666667,1
690,CASH_OUT,58.58,C8380507338,65.16,6.58,C7451071432,0.0,0.0,1,0.03333333333333333,0
52,PAYMENT,1.0,C6153541642,0.0,0.0,M8667946580,0.0,0.0,0,0.0,0
232,TRANSFER,2.01,C8380507338,6.58,4.57,C2389803385,25.79,27.8,0,0.11666666666666667,0
52,PAYMENT,1.0,C2948728483,0.0,0.0,M2625035499,0.0,0.0,0,0.0,0
40,CASH_OUT,1265.16,C3470617247,1062.78,0.0,M5985331805,0.0,0.0,1,0.04,0
325,CASH_OUT,4933.17,C4706249669,4830.01,0.0,C4783282817,1.0,1.0,1,0.10666666666666667,0
449,CASH_OUT,2988.73,C5610783750,3325.41,336.68,M3534186676,0.0,0.0,1,0.05,0
110,PAYMENT,1075.35,C6720396142,3560.13,2484.78,M8727805468,0.0,0.0,0,0.0,0
404,CASH_OUT,204.69,C3360791536,260.24,55.55,M2121448210,0.0,0.0,1,0.016666666666666666,0
584,TRANSFER,4657.98,C8709361138,4894.51,236.53,M5449848690,0.0,0.0,1,0.3466666666666667,0
93,PAYMENT,11.37,C1913706213,47.63,36.26,M7664045502,0.0,0.0,0,0.0,0
262,PAYMENT,1.0,C6777263354,1.0,0.0,M1504729135,0.0,0.0,0,0.0,0
702,DEBIT,31.93,C9455610447,48.74,16.81,M1306420495,0.0,0.0,0,0.03,0
390,PAYMENT,2473.97,C3376077463,48438.51,45964.54,M9773795424,0.0,0.0,0,0.0,0
619,CASH_OUT,1.0,C9597198563,0.0,0.0,C3362657890,3391.75,3391.75,0,0.03,0
601,PAYMENT,117.12,C3260842187,309.3,192.18,M9752092528,0.0,0.0,0,0.0,0
275,TRANSFER,382.15,C6218955985,465.33,83.18,C6732648420,76.08,458.23,0,0.0033333333333333335,0
21,CASH_OUT,7461.33,C1037811610,6316.63,0.0,M2916502228,0.0,0.0,1,0.03,0
49,CASH_OUT,1073.08,C7579604766,1364.44,291.36,C2878930355,0.0,0.0,1,0.0,0
677,PAYMENT,151.92,C5510938155,198.06,46.14,M8626371177,0.0,0.0,0,0.0,0
557,PAYMENT,750.69,C3674551397,2031.29,1280.6,M1458227039,0.0,0.0,0,0.0,0
485,PAYMENT,3570.63,C7568861677,43148.57,39577.94,M9933702652,0.0,0.0,0,0.0,0
700,PAYMENT,1.0,C8933377472,0.0,0.0,M3156792018,0.0,0.0,0,0.0,0
199,TRANSFER,41.31,C7665963761,157.77,116.46,C6161147047,455.56,496.87,0,0.006666666666666667,0
98,PAYMENT,33.31,C2388450337,76.82,43.51,M2129491690,0.0,0.0,0,0.0,0
264,DEBIT,77.61,C4631048029,86.21,8.6,M8821456242,0.0,0.0,0,0.023333333333333334,0
533,CASH_IN,26335.86,C1590985753,0.0,26335.86,C5647317872,0.0,0.0,0,0.0,0
384,CASH_OUT,2814.64,C2941289685,2509.1,0.0,M1694904767,0.0,0.0,1,0.14666666666666667,0
297,CASH_OUT,1.0,C7631970791,0.0,0.0,C3553440342,146.96,146.96,0,0.013333333333333334,0
609,PAYMENT,1.0,C7540301973,0.41,0.0,M4160161496,0.0,0.0,0,0.0,0
74,TRANSFER,37.97,C5022964382,76.52,38.55,C6947080764,8643.89,8681.86,0,0.0033333333333333335,0
284,PAYMENT,4939.96,C6385791669,7821.26,2881.3,M6744039057,0.0,0.0,0,0.0,0
515,CASH_IN,120151.52,C2493660313,68560.84,188712.36,C1756345332,90.24,90.24,0,0.0,0
597,TRANSFER,1206.72,C9454207717,1191.95,0.0,C2947476917,0.0,0.0,1,0.4633333333333333,0
323,CASH_OUT,1260.91,C1818112342,1156.57,0.0,C6720572969,1428.02,1428.02,1,0.02666666666666667,0
655,TRANSFER,1.0,C6089026099,0.0,0.0,C8109891300,162.45,163.45,0,0.12333333333333334,0
68,PAYMENT,1.0,C1862812038,0.0,0.0,M6011842297,0.0,0.0,0,0.0,0
408,CASH_OUT,52.85,C6837975356,70.48,17.63,C9155819200,31259.02,31259.02,1,0.006666666666666667,0
574,TRANSFER,2917.88,C8394040015,3455.36,537.48,M1694904767,0.0,0.0,1,0.30666666666666664,0
490,PAYMENT,1.0,C6089026099,0.0,0.0,M9822499208,0.0,0.0,0,0.0,0
207,PAYMENT,170.03,C6311894154,510.2,340.17,M6659847491,0.0,0.0,0,0.0,0
396,TRANSFER,379.3,C2232285036,383.72,4.42,M1185303518,0.0,0.0,1,0.17,0
320,PAYMENT,2167.4,C1569113257,5066.86,2899.46,M4390543744,0.0,0.0,0,0.0,0
72,TRANSFER,677.08,C2377246195,1093.25,416.17,C2867302554,0.0,677.08,0,0.0033333333333333335,0
576,PAYMENT,3.09,C9086117171,45624.17,45621.08,M1466305100,0.0,0.0,0,0.0,0
224,CASH_IN,99223.36,C6470052645,0.0,99223.36,C2571688961,0.0,0.0,0,0.0,0
450,TRANSFER,3249.24,C1614685938,4046.05,796.81,C7467073633,1430.38,1430.38,1,0.04,0
281,PAYMENT,1.0,C3952295757,0.0,0.0,M4390543744,0.0,0.0,0,0.0,0
84,PAYMENT,2.52,C2825989011,6.04,3.52,M4399143287,0.0,0.0,0,0.0,0
389,CASH_OUT,130.76,C4748302739,231.15,100.39,C8940731272,0.0,0.0,0,0.013333333333333334,0
341,CASH_OUT,518.23,C6715961218,767.11,248.88,C2613385303,132715.83,132715.83,0,0.0,0
519,TRANSFER,13.45,C5975196341,55.47,42.02,C7645527239,0.0,13.45,0,0.16666666666666666,0
505,TRANSFER,517.45,C6102144947,601.13,83.68,C8973989997,12033.63,12551.08,0,0.0033333333333333335,0
242,CASH_OUT,139.45,C8666074487,663.99,524.54,C8380507338,4.57,4.57,0,0.01,0
529,TRANSFER,2009.44,C8168394616,2292.78,283.34,M6866146362,0.0,0.0,1,0.31333333333333335,0
708,TRANSFER,72479.19,C5483308751,91862.55,19383.36,M4908108692,0.0,0.0,1,0.30333333333333334,0
72,TRANSFER,1.0,C6714723660,0.0,0.0,C5381866906,0.0,1.0,0,0.23333333333333334,0
338,TRANSFER,4249.44,C1541964762,3834.55,0.0,M9773795424,0.0,0.0,1,0.75,1
393,TRANSFER,172.95,C9434946584,194.92,21.97,C9189503254,0.0,0.0,1,0.15666666666666668,0
456,PAYMENT,1.0,C1770278136,0.0,0.0,M2518433834,0.0,0.0,0,0.0,0
177,PAYMENT,1.0,C3127657643,0.0,0.0,M4211837506,0.0,0.0,0,0.0,0
519,TRANSFER,1.0,C4492602049,0.0,0.0,C5067116918,0.0,1.0,0,0.22333333333333333,0
433,TRANSFER,1.0,C2928130926,0.0,0.0,C3214080278,1.0,2.0,0,0.22,0
266,PAYMENT,129.16,C8719734235,263.99,134.83,M7050091525,0.0,0.0,0,0.0,0
286,TRANSFER,2124.35,C6986770879,2009.66,0.0,M7537130187,0.0,0.0,1,0.59,1
465,TRANSFER,43.1,C3109688769,152.47,109.37,C6687206971,0.0,43.1,0,0.16,0
55,TRANSFER,1763.08,C8831899893,2424.72,661.64,M4641902461,0.0,0.0,1,0.18,0
526,TRANSFER,1.0,C6673381261,0.0,0.0,C9274189261,6553.78,6554.78,0,0.05333333333333334,0
532,PAYMENT,1.0,C5293274004,0.0,0.0,M6865994703,0.0,0.0,0,0.0,0
496,CASH_OUT,1.0,C9597198563,0.0,0.0,C2578662692,1041.14,1041.14,0,0.04666666666666667,0
433,CASH_OUT,1.0,C3291270703,0.0,0.0,C1569113257,2899.46,2899.46,0,0.06,0
555,TRANSFER,1.26,C5600836559,1.57,0.31,C1940684569,622.75,624.01,0,0.08,0
213,CASH_OUT,6579.24,C8243746556,58465.68,51886.44,C6448324230,91063.08,91063.08,0,0.0,0
254,PAYMENT,155.97,C6726515966,427.46,271.49,M2711123163,0.0,0.0,0,0.0,0
100,TRANSFER,1.0,C7266763552,0.0,0.0,C5333183840,112001.55,112002.55,0,0.0,0
244,TRANSFER,7532.09,C3828935922,7109.92,0.0,C4283432667,46886.2,46886.2,1,0.006666666666666667,0
556,TRANSFER,152904.69,C6464693977,148070.22,0.0,C9392515666,170751.31,323656.0,1,0.0,0
662,DEBIT,1.0,C7623575561,0.0,0.0,M1647181551,0.0,0.0,0,0.05333333333333334,0
53,PAYMENT,11685.02,C1664847319,292300.19,280615.17,M9410569618,0.0,0.0,0,0.0,0
603,DEBIT,1.0,C3906611156,0.98,0.0,M9773795424,0.0,0.0,0,0.05333333333333334,0
262,PAYMENT,2.96,C6110646714,7.53,4.57,M9441870024,0.0,0.0,0,0.0,0
498,PAYMENT,1.0,C2178884276,0.0,0.0,M1783432867,0.0,0.0,0,0.0,0
78,CASH_OUT,112.91,C1094115188,97.75,0.0,M3960136787,0.0,0.0,1,0.016666666666666666,0
699,DEBIT,1.0,C3598862507,2.21,1.21,M6200141898,0.0,0.0,0,0.043333333333333335,0
193,CASH_OUT,206.0,C7287517250,192.0,0.0,M6651754819,0.0,0.0,1,0.016666666666666666,0
534,PAYMENT,7.14,C6542943838,7.72,0.58,M1199447370,0.0,0.0,0,0.0,0
244,CASH_OUT,3768.72,C2647489402,3269.15,0.0,C5036200310,35.52,35.52,1,0.06666666666666667,0
635,CASH_OUT,1.0,C5150074940,0.74,0.0,C5972484792,202.95,202.95,0,0.05,0
532,PAYMENT,1.0,C7100408092,0.0,0.0,M3831598303,0.0,0.0,0,0.0,0
411,TRANSFER,17.42,C9354711271,21.93,4.51,C2075321966,0.0,17.42,0,0.16666666666666666,0
364,CASH_OUT,100.77,C7393195616,112.17,11.4,M3636366799,0.0,0.0,1,0.013333333333333334,0
229,PAYMENT,1.0,C9255898264,0.56,0.0,M8903212516,0.0,0.0,0,0.0,0
188,PAYMENT,1.35,C3933213766,4.12,2.77,M2391874847,0.0,0.0,0,0.0,0
425,TRANSFER,616.5,C6991473746,607.5,0.0,C6588316233,5.77,622.27,1,0.12,0
340,TRANSFER,403.54,C1754368373,359.37,0.0,C4997866845,353.23,353.23,1,0.01,0
648,TRANSFER,123.55,C3051831252,197.82,74.27,C5455441991,0.0,123.55,0,0.12666666666666668,0
663,DEBIT,1.0,C5751366455,0.0,0.0,M6845287382,0.0,0.0,0,0.05333333333333334,0
19,DEBIT,7924.63,C4683935600,10972.24,3047.61,M6606958660,0.0,0.0,0,0.016666666666666666,0
182,DEBIT,15.94,C6894699853,268.45,252.51,M8728631945,0.0,0.0,0,0.01,0
142,CASH_OUT,288.59,C6789448659,277.61,0.0,C2052811909,60983.76,60983.76,1,0.0033333333333333335,0
556,CASH_OUT,75.83,C3343459102,279.48,203.65,C1316756902,0.0,0.0,0,0.02666666666666667,0
283,PAYMENT,4.73,C7772180882,7.81,3.08,M6692705133,0.0,0.0,0,0.0,0
136,CASH_OUT,2592.85,C9924456994,3160.36,567.51,M3072183247,0.0,0.0,1,0.0,0
160,CASH_OUT,5254.47,C6789448659,4656.34,0.0,M8144889126,0.0,0.0,1,0.043333333333333335,0
270,TRANSFER,4553.67,C5071897791,4110.9,0.0,C7185179917,1138.96,5692.63,1,0.01,0
269,PAYMENT,434.98,C2952996248,864.87,429.89,M5734228580,0.0,0.0,0,0.0,0
279,DEBIT,211.26,C5474951950,817.88,606.62,M5087280062,0.0,0.0,0,0.013333333333333334,0
516,CASH_OUT,252.8,C2570991899,666.73,413.93,C7551874474,121462.33,121462.33,0,0.0,0
277,TRANSFER,24.9,C1487258103,34.64,9.74,C5735817014,0.0,24.9,0,0.16,0
290,CASH_IN,100792.21,C4067919621,117.0,100909.21,C2168041588,4.16,4.16,0,0.0,0
410,PAYMENT,1.0,C3380064537,0.0,0.0,M9043367776,0.0,0.0,0,0.0,0
669,CASH_OUT,2.15,C5072538783,4.6,2.45,C1678500147,102606.08,102606.08,0,0.0,0
536,CASH_OUT,5890.48,C6392415228,12555.3,6664.82,C7934137693,0.0,0.0,0,0.016666666666666666,0
206,PAYMENT,5996.84,C4248149900,58832.57,52835.73,M3566125120,0.0,0.0,0,0.0,0
165,CASH_OUT,1.0,C3389594115,0.0,0.0,C4110258855,725.93,725.93,0,0.006666666666666667,0
198,PAYMENT,1.0,C5646880148,0.0,0.0,M1240140248,0.0,0.0,0,0.0,0
546,CASH_OUT,4807.04,C9438411468,5275.49,468.45,M4588312351,0.0,0.0,1,0.02666666666666667,0
355,PAYMENT,1.0,C6642266247,0.0,0.0,M9900829971,0.0,0.0,0,0.0,0
271,TRANSFER,36.93,C2653032484,101.36,64.43,C1602569046,1845.77,1882.7,0,0.006666666666666667,0
126,TRANSFER,425.97,C9639245200,5981.97,5556.0,C6837975356,17.63,443.6,0,0.01,0
549,TRANSFER,1.0,C6642201119,0.0,0.0,C2914126243,41.99,42.99,0,0.17,0
612,CASH_OUT,129.4,C1553155490,598.19,468.79,C9370133343,0.0,0.0,0,0.03,0
360,CASH_OUT,3750.98,C2635231601,3198.38,0.0,C9248046539,0.0,0.0,1,0.14,0
385,TRANSFER,567.39,C3674551397,1280.6,713.21,C7750819485,0.0,567.39,0,0.006666666666666667,0
598,TRANSFER,102.22,C6698759353,128.41,26.19,C6534540349,0.0,102.22,0,0.13,0
454,PAYMENT,1.0,C4067961943,0.0,0.0,M2773408660,0.0,0.0,0,0.0,0
105,TRANSFER,1.0,C6991473746,0.0,0.0,C9597198563,0.0,1.0,0,0.22666666666666666,0
701,CASH_OUT,2711.16,C9255898264,3786.3,1075.14,M2655546199,0.0,0.0,1,0.02666666666666667,0
185,CASH_OUT,51353.95,C6037168610,71065.96,19712.01,M8058679999,0.0,0.0,1,0.0,0
176,TRANSFER,156.96,C8287542751,190.1,33.14,C4242550727,3.35,3.35,1,0.15,0
651,DEBIT,5323.42,C7979466538,5852.23,528.81,M5990749811,0.0,0.0,0,0.03666666666666667,0
676,TRANSFER,102.8,C2879792991,220.8,118.0,C7418301077,306.59,409.39,0,0.05333333333333334,0
47,CASH_OUT,6.1,C7551874474,121462.33,121456.23,C3744446292,14432.75,14432.75,0,0.0,0
688,PAYMENT,68.33,C7763765757,196.09,127.76,M1240140248,0.0,0.0,0,0.0,0
425,TRANSFER,2333.47,C9306142066,2520.22,186.75,M6525576685,0.0,0.0,1,0.2733333333333333,0
56,PAYMENT,10860.59,C5328166990,18632.93,7772.34,M4122901114,0.0,0.0,0,0.0,0
8,PAYMENT,1.0,C3869963931,0.0,0.0,M8144889126,0.0,0.0,0,0.0,0
474,TRANSFER,171.53,C9558091177,166.95,0.0,M4896576569,0.0,0.0,1,0.22666666666666666,0
203,TRANSFER,3285.12,C6558450990,3598.9,313.78,C9957813353,66673.95,66673.95,1,0.0,0
174,TRANSFER,1583.88,C6069848439,1641.49,57.61,M4399143287,0.0,0.0,1,0.21666666666666667,0
304,CASH_OUT,55.62,C3698343112,73.21,17.59,C7508522951,85.7,85.7,0,0.0033333333333333335,0
612,CASH_OUT,8.59,C8211516617,32.18,23.59,C7666869046,0.0,0.0,0,0.03333333333333333,0
349,CASH_OUT,2855.21,C8299146480,3342.17,486.96,M8643636805,0.0,0.0,1,0.016666666666666666,0
273,PAYMENT,1.0,C5268845844,0.0,0.0,M9288057824,0.0,0.0,0,0.0,0
411,PAYMENT,56.3,C2267619081,202.34,146.04,M8858274691,0.0,0.0,0,0.0,0
251,CASH_IN,25842.06,C2227193073,4.81,25846.87,C1818112342,0.0,0.0,0,0.0,0
82,PAYMENT,1.0,C3185386258,2.6,1.6,M7270955446,0.0,0.0,0,0.0,0
174,CASH_OUT,208.43,C8168394616,283.34,74.91,C6517150278,706.65,706.65,1,0.01,0
530,TRANSFER,3.52,C9786748825,9.71,6.19,C3515167269,221.06,224.58,0,0.07333333333333333,0
237,TRANSFER,1.0,C1271730355,0.0,0.0,C2308638549,0.0,1.0,0,0.23,0
380,PAYMENT,1137.56,C4431078106,4143.39,3005.83,M9590331226,0.0,0.0,0,0.0,0
244,CASH_OUT,109.03,C4325878813,205.96,96.93,C9354542654,63.34,63.34,0,0.0,0
447,CASH_IN,28.26,C8377088167,19.36,47.62,C3725152347,0.0,0.0,0,0.01,0
600,PAYMENT,99.13,C7838460497,168.13,69.0,M7678293431,0.0,0.0,0,0.0,0
455,DEBIT,1.0,C9461708554,0.0,0.0,M9065458220,0.0,0.0,0,0.04666666666666667,0
251,TRANSFER,2226.0,C9388140708,1877.92,0.0,C7321180787,1.09,1.09,1,0.61,1
28,CASH_OUT,1604.23,C4500557310,2115.75,511.52,M8458323087,0.0,0.0,1,0.0033333333333333335,0
283,TRANSFER,458.74,C4289233844,4590.54,4131.8,C7633342225,12754.3,13213.04,0,0.0,0
429,TRANSFER,81995.38,C8675071314,70089.47,0.0,M4399143287,0.0,0.0,1,0.82,1
81,PAYMENT,1.95,C2836553621,5.31,3.36,M1694904767,0.0,0.0,0,0.0,0
261,CASH_OUT,3942.03,C7059726570,4350.22,408.19,M1442421654,0.0,0.0,1,0.0033333333333333335,0
427,CASH_OUT,1.0,C6043349038,2.39,1.39,C8987073217,121.05,121.05,0,0.056666666666666664,0
136,CASH_OUT,166621.5,C4287687478,159914.03,0.0,C4518871744,3621.41,3621.41,1,0.01,0
12,PAYMENT,1.0,C2079770569,0.0,0.0,M2916502228,0.0,0.0,0,0.0,0
381,CASH_OUT,88.64,C3051831252,74.27,0.0,M2541015125,0.0,0.0,1,0.043333333333333335,0
581,TRANSFER,1642.44,C1939042955,1558.07,0.0,C5993571693,0.0,0.0,1,0.5266666666666666,1
350,PAYMENT,2.41,C7792729530,4.23,1.82,M8626371177,0.0,0.0,0,0.0,0
476,PAYMENT,13.24,C3707166618,28.68,15.44,M2243802345,0.0,0.0,0,0.0,0
504,CASH_OUT,23991.0,C5992908271,20963.17,0.0,M7570511906,0.0,0.0,1,0.11333333333333333,0
337,TRANSFER,29575.2,C5935852056,26578.72,0.0,M7192742877,0.0,0.0,1,0.7766666666666666,1
248,PAYMENT,775.31,C8429141456,1125.32,350.01,M7969674420,0.0,0.0,0,0.0,0
608,CASH_OUT,153074.82,C6944371787,136673.19,0.0,M8548290298,0.0,0.0,1,0.19,0
606,CASH_OUT,4683.25,C4696689457,3923.07,0.0,M1099218439,0.0,0.0,1,0.23,0
60,PAYMENT,1.0,C5694806361,0.0,0.0,M6384311581,0.0,0.0,0,0.0,0
401,TRANSFER,4192.21,C4242550727,3746.14,0.0,M8778927211,0.0,0.0,1,0.7233333333333334,1
639,TRANSFER,3136.54,C9094089209,4122.63,986.09,M2695447268,0.0,0.0,1,0.30666666666666664,0
678,CASH_OUT,17628.12,C4353689019,78880.75,61252.63,C7808938880,4246.58,4246.58,0,0.0033333333333333335,0
177,PAYMENT,104.38,C6921525436,149.7,45.32,M3145756342,0.0,0.0,0,0.0,0
42,CASH_IN,97764.0,C1818112342,0.0,97764.0,C9508499533,0.0,0.0,0,0.0,0
59,CASH_OUT,1607.65,C9798613995,4015.96,2408.31,C9650701349,27103.35,27103.35,0,0.0,0
182,TRANSFER,566.02,C6588316233,622.27,56.25,C2458198451,2229.55,2795.57,0,0.0,0
346,PAYMENT,1753.92,C7185179917,5692.63,3938.71,M6846530109,0.0,0.0,0,0.0,0
393,TRANSFER,9470.59,C3734252963,24232.58,14761.99,C5774080233,0.0,9470.59,0,0.0,0
662,TRANSFER,1.0,C6171239466,0.0,0.0,C5523703900,185.54,186.54,0,0.11666666666666667,0
514,CASH_IN,87760.44,C2635231601,0.0,87760.44,C1596471620,8467.84,8467.84,0,0.0,0
368,PAYMENT,11622.86,C7470843264,50903.2,39280.34,M2187592160,0.0,0.0,0,0.0,0
26,CASH_OUT,113.75,C3371357111,294.18,180.43,C7083067988,13.48,13.48,0,0.006666666666666667,0
327,PAYMENT,1.0,C3479708607,0.0,0.0,M6846530109,0.0,0.0,0,0.0,0
350,TRANSFER,2211.51,C9454207717,2391.11,179.6,C1572827654,0.0,0.0,1,0.20333333333333334,0
315,PAYMENT,258.16,C1614685938,796.81,538.65,M6041646576,0.0,0.0,0,0.0,0
127,CASH_OUT,366.71,C9343730920,383.16,16.45,M6011842297,0.0,0.0,1,0.01,0
256,TRANSFER,4975.73,C8796286443,4604.8,0.0,M5794335854,0.0,0.0,1,0.8166666666666667,1
621,TRANSFER,3464.55,C9019515562,3184.38,0.0,M7717262223,0.0,0.0,1,0.9433333333333334,1
652,TRANSFER,425.17,C1110533960,511.61,86.44,M4522855590,0.0,0.0,1,0.18,0
97,PAYMENT,3128.8,C7808938880,4246.58,1117.78,M1357561213,0.0,0.0,0,0.0,0
427,PAYMENT,1.0,C1257324536,0.0,0.0,M8778927211,0.0,0.0,0,0.0,0
138,PAYMENT,1.0,C4302709858,0.0,0.0,M8102481401,0.0,0.0,0,0.0,0
52,PAYMENT,395.93,C9741628563,1307.44,911.51,M6651754819,0.0,0.0,0,0.0,0
361,CASH_OUT,179.45,C7460728316,265.25,85.8,C5763350700,0.0,0.0,0,0.013333333333333334,0
288,TRANSFER,1.0,C5539308214,0.0,0.0,C5419627962,0.0,1.0,0,0.22666666666666666,0
251,PAYMENT,308.28,C2570991899,413.93,105.65,M3438830691,0.0,0.0,0,0.0,0
335,TRANSFER,258.49,C9776185998,492.76,234.27,C8796286443,0.0,258.49,0,0.01,0
428,CASH_OUT,102032.27,C3297096148,109463.39,7431.12,M4689605624,0.0,0.0,1,0.016666666666666666,0
187,TRANSFER,101.37,C8638763775,243.37,142.0,C8419590655,0.0,101.37,0,0.08666666666666667,0
40,TRANSFER,1.0,C5694190173,0.0,0.0,C1529290976,92479.46,92480.46,0,0.0,0
641,TRANSFER,26867.3,C3480920839,23123.26,0.0,C3400244542,0.91,26868.21,1,0.08,0
356,TRANSFER,3688.7,C5083595988,3091.24,0.0,C8086527181,66.45,3755.15,1,0.04666666666666667,0
681,TRANSFER,16501.7,C6317152031,14822.08,0.0,M8144889126,0.0,0.0,1,0.8766666666666667,1
132,CASH_IN,218.8,C2370592316,44.13,262.93,C1288335378,289.86,289.86,0,0.0,0
155,DEBIT,1.0,C5144289583,0.0,0.0,M3811254192,0.0,0.0,0,0.03,0
387,CASH_OUT,3893.86,C5789633176,4081.29,187.43,C8991678061,8740.74,8740.74,1,0.0033333333333333335,0
74,PAYMENT,20338.21,C6588252632,149807.02,129468.81,M1694904767,0.0,0.0,0,0.0,0
375,TRANSFER,1272.7,C3528924461,1188.99,0.0,M8903212516,0.0,0.0,1,0.3433333333333333,0
111,PAYMENT,1.0,C7266763552,0.0,0.0,M8874242713,0.0,0.0,0,0.0033333333333333335,0
175,TRANSFER,1919.72,C7190276026,1773.78,0.0,M7168105904,0.0,0.0,1,0.43666666666666665,0
712,PAYMENT,1.0,C5512036684,0.0,0.0,M7270955446,0.0,0.0,0,0.0,0
322,CASH_OUT,1.0,C5381866906,1.0,0.0,C3020939193,108106.88,108106.88,0,0.0,0
135,CASH_IN,545.79,C5403510324,0.0,545.79,C9523104008,793.33,793.33,0,0.0,0
573,PAYMENT,22.3,C8791183272,109.19,86.89,M8646369354,0.0,0.0,0,0.0,0
132,PAYMENT,420.32,C1519709079,461.18,40.86,M1999913493,0.0,0.0,0,0.0,0
396,TRANSFER,2782.99,C7857580528,3968.22,1185.23,C4631048029,8.6,8.6,1,0.13,0
28,PAYMENT,1.0,C1276905285,0.0,0.0,M8964269909,0.0,0.0,0,0.0,0
351,TRANSFER,2787.77,C4042413312,3123.69,335.92,C9621419224,41.99,41.99,1,0.10666666666666667,0
708,TRANSFER,182.4,C1112794026,208.17,25.77,M2695447268,0.0,0.0,1,0.17666666666666667,0
436,TRANSFER,1237.15,C5476654128,1537.54,300.39,C1264739091,141689.23,141689.23,1,0.0033333333333333335,0
521,PAYMENT,376.11,C7561728644,871.29,495.18,M3580582653,0.0,0.0,0,0.0,0
583,TRANSFER,3039.62,C7759781156,7831.77,4792.15,C1471997674,2.06,3041.68,0,0.043333333333333335,0
134,PAYMENT,1.0,C2242377075,1.78,0.78,M5412437658,0.0,0.0,0,0.0,0
132,CASH_IN,52947.54,C6329589780,132321.22,185268.76,C6491309593,735.39,735.39,0,0.0,0
575,CASH_OUT,145.49,C3783290795,275.33,129.84,C7519578899,153.67,153.67,0,0.03,0
144,PAYMENT,255.67,C7979466538,528.81,273.14,M4665677395,0.0,0.0,0,0.0,0
166,PAYMENT,212.38,C5855415646,244.39,32.01,M6651754819,0.0,0.0,0,0.0,0
125,CASH_OUT,1.0,C3774110439,1.0,0.0,C5184564874,10.46,10.46,0,0.0033333333333333335,0
288,PAYMENT,123.85,C7567496105,280.23,156.38,M7717262223,0.0,0.0,0,0.0,0
174,PAYMENT,526.04,C2480915452,1010.35,484.31,M8144889126,0.0,0.0,0,0.0,0
437,DEBIT,376.24,C6923893872,550.36,174.12,M1811839103,0.0,0.0,0,0.023333333333333334,0
186,TRANSFER,1507.63,C4227004325,1699.66,192.03,M2155671697,0.0,0.0,1,0.12333333333333334,0
432,PAYMENT,1.0,C3095318649,0.0,0.0,M4125758723,0.0,0.0,0,0.0,0
101,TRANSFER,314.99,C7402059279,1253.53,938.54,C5626388820,9.83,324.82,0,0.02,0
707,CASH_OUT,4326.9,C7505693643,4600.9,274.0,M8790289305,0.0,0.0,1,0.03333333333333333,0
607,PAYMENT,9.94,C1589582865,15.2,5.26,M4952177946,0.0,0.0,0,0.0,0
115,PAYMENT,1.0,C6317152031,0.0,0.0,M3355504998,0.0,0.0,0,0.0,0
25,DEBIT,1.0,C4073772623,0.0,0.0,M7702529931,0.0,0.0,0,0.02666666666666667,0
458,CASH_OUT,215.72,C7183058541,289.04,73.32,C8999963054,27129.16,27129.16,0,0.02666666666666667,0
508,CASH_OUT,334.93,C8506931282,497.14,162.21,C2515672889,14801.2,14801.2,0,0.006666666666666667,0
624,CASH_OUT,1.0,C2777816561,0.0,0.0,C1993998848,106.55,106.55,0,0.05,0
285,CASH_OUT,89.74,C8110054933,82.11,0.0,M3605446007,0.0,0.0,1,0.04666666666666667,0
588,TRANSFER,85.26,C9138644862,277.88,192.62,C7487012742,0.0,85.26,0,0.12,0
177,PAYMENT,4889.26,C4794276323,9614.22,4724.96,M7678293431,0.0,0.0,0,0.0,0
28,CASH_OUT,1.04,C9376277483,3691.76,3690.72,C8243746556,51886.44,51886.44,0,0.0033333333333333335,0
427,PAYMENT,35.9,C6844582171,55.22,19.32,M6200141898,0.0,0.0,0,0.0,0
203,CASH_OUT,1121.14,C5951406973,1980.83,859.69,C9272277508,5035.17,5035.17,0,0.0,0
501,PAYMENT,1.0,C1417436465,0.0,0.0,M9921025990,0.0,0.0,0,0.0,0
714,CASH_IN,26067.34,C6991473746,0.0,26067.34,C5694848867,8125.6,8125.6,0,0.0,0
258,CASH_OUT,129.61,C5455441991,123.55,0.0,C8086527181,3755.15,3755.15,1,0.02,0
670,PAYMENT,22429.27,C4310415016,28370.0,5940.73,M8740820392,0.0,0.0,0,0.0,0
359,TRANSFER,2350.95,C7910817577,2079.73,0.0,C1521521078,304.34,2655.29,1,0.06666666666666667,0
570,PAYMENT,1.0,C8303853049,0.0,0.0,M8858274691,0.0,0.0,0,0.0,0
706,PAYMENT,1.0,C8933377472,0.0,0.0,M9576264323,0.0,0.0,0,0.0,0
645,PAYMENT,10.35,C9136780852,11.76,1.41,M2328736852,0.0,0.0,0,0.0,0
129,PAYMENT,1.0,C7226553010,0.0,0.0,M4522855590,0.0,0.0,0,0.0,0
491,PAYMENT,1.18,C7077131430,69913.13,69911.95,M5087280062,0.0,0.0,0,0.0,0
279,PAYMENT,34.64,C4325878813,96.93,62.29,M3580582653,0.0,0.0,0,0.0,0
108,CASH_OUT,106.07,C8923555411,154.21,48.14,C6474354351,736.01,736.01,0,0.01,0
459,PAYMENT,1.0,C5297902885,0.0,0.0,M3469205576,0.0,0.0,0,0.0,0
251,CASH_OUT,4348.98,C8570333548,3893.58,0.0,C1707196784,0.0,0.0,1,0.08,0
460,PAYMENT,1.0,C1754368373,0.0,0.0,M6384311581,0.0,0.0,0,0.0,0
26,PAYMENT,2559.53,C9717175839,3543.56,984.03,M6275155878,0.0,0.0,0,0.0,0
142,CASH_OUT,286.07,C2370592316,262.93,0.0,M1458227039,0.0,0.0,1,0.01,0
670,PAYMENT,1.0,C5931025271,0.0,0.0,M5000316394,0.0,0.0,0,0.0,0
378,CASH_OUT,4816.79,C6698759353,4131.93,0.0,M9020002737,0.0,0.0,1,0.14,0
327,TRANSFER,249.4,C7227593033,284.69,35.29,M3580582653,0.0,0.0,1,0.15,0
158,TRANSFER,42175.54,C2343100352,92943.75,50768.21,C4131575764,262.6,42438.14,0,0.0,0
162,TRANSFER,1185.28,C5570828113,1137.48,0.0,M7512767226,0.0,0.0,1,0.3433333333333333,0
343,CASH_OUT,103.68,C4507822591,147.56,43.88,M3965860354,0.0,0.0,1,0.01,0
114,PAYMENT,329.11,C4026113008,670.77,341.66,M7230477043,0.0,0.0,0,0.0,0
216,CASH_IN,133403.93,C2394868732,1.0,133404.93,C6859286614,8.31,8.31,0,0.0,0
479,PAYMENT,185.59,C5911625145,385.22,199.63,M6820149016,0.0,0.0,0,0.0,0
625,TRANSFER,4734.33,C5118430494,4608.44,0.0,M8058679999,0.0,0.0,1,0.9666666666666667,1
576,PAYMENT,1.0,C3567900251,0.0,0.0,M3369412470,0.0,0.0,0,0.0,0
246,TRANSFER,276.88,C3185386258,292.16,15.28,C1459442845,42.21,42.21,1,0.09666666666666666,0
321,CASH_OUT,381.61,C8131923452,417.61,36.0,C7430757004,19.35,19.35,0,0.006666666666666667,0
481,PAYMENT,117.59,C4227004325,192.03,74.44,M2635881694,0.0,0.0,0,0.0,0
437,TRANSFER,30.27,C3360791536,55.55,25.28,C9798548049,4913.53,4943.8,0,0.023333333333333334,0
587,TRANSFER,531.33,C2072355594,576.7,45.37,C7887950851,105.64,105.64,1,0.09,0
427,PAYMENT,1582.66,C3605585995,137389.76,135807.1,M1711271599,0.0,0.0,0,0.0,0
486,CASH_OUT,1139.15,C6720572969,1428.02,288.87,C9953716239,11.12,11.12,1,0.03333333333333333,0
123,PAYMENT,14.46,C8168036130,33.9,19.44,M3192202822,0.0,0.0,0,0.0,0
130,PAYMENT,1.0,C9863781331,0.9,0.0,M7341757401,0.0,0.0,0,0.0,0
256,CASH_OUT,1058.06,C8477300991,1700.72,642.66,C1121863227,618.18,618.18,0,0.0,0
17,CASH_OUT,1.0,C8761469117,1.0,0.0,C7536876169,0.0,0.0,0,0.0033333333333333335,0
585,CASH_OUT,1.0,C3980491761,1.0,0.0,C7590302909,19.26,19.26,0,0.05333333333333334,0
50,TRANSFER,725.05,C8943866829,1463.05,738.0,C8287542751,33.14,758.19,0,0.0,0
494,TRANSFER,748.75,C8948573913,760.99,12.24,C3799264931,0.06,0.06,1,0.17666666666666667,0
714,DEBIT,1.0,C6837342064,0.0,0.0,M5794335854,0.0,0.0,0,0.04666666666666667,0
430,CASH_OUT,2600.26,C2458198451,2795.57,195.31,M4522855590,0.0,0.0,1,0.056666666666666664,0
485,TRANSFER,562.9,C1940684569,624.01,61.11,C6673381261,0.0,562.9,0,0.05333333333333334,0
282,PAYMENT,634.92,C1667483244,4167.68,3532.76,M7764117705,0.0,0.0,0,0.0,0
374,TRANSFER,238.12,C4455798713,257.0,18.88,C4310415016,5940.73,6178.85,0,0.0,0
670,TRANSFER,168.78,C1182758417,144.66,0.0,C5694190173,0.0,168.78,1,0.16,0
203,TRANSFER,1.0,C7431813987,0.0,0.0,C3698305085,0.0,1.0,0,0.23,0
381,TRANSFER,1812.14,C7092693247,1948.1,135.96,C8624454880,0.0,0.0,1,0.2733333333333333,0
534,CASH_OUT,1.0,C5150074940,0.0,0.0,C4131575764,42438.14,42438.14,0,0.02666666666666667,0
406,CASH_IN,11195.43,C4102821948,43.15,11238.58,C3520417815,49.31,49.31,0,0.0,0
120,CASH_OUT,1.0,C3815287619,0.0,0.0,C1809283659,11.21,11.21,0,0.0033333333333333335,0
423,TRANSFER,4141.03,C2370592316,4775.41,634.38,C3250402001,60.55,60.55,1,0.21,0
251,TRANSFER,1.0,C5418232833,0.0,0.0,C2825957977,5049.95,5050.95,0,0.0,0
126,TRANSFER,1007.19,C1667483244,3532.76,2525.57,C8236980551,48.06,1055.25,0,0.0033333333333333335,0
216,CASH_OUT,1.0,C8039917766,0.0,0.0,C5868640848,0.0,0.0,0,0.013333333333333334,0
157,TRANSFER,91153.78,C7199283151,117566.03,26412.25,C9611537583,2582.16,93735.94,0,0.0,0
211,CASH_OUT,186.48,C1383539822,493.28,306.8,C4536306171,21.95,21.95,0,0.0033333333333333335,0
575,DEBIT,170.69,C4026113008,341.66,170.97,M3508990774,0.0,0.0,0,0.023333333333333334,0
666,PAYMENT,1.0,C1340272119,0.0,0.0,M4456193555,0.0,0.0,0,0.0,0
237,PAYMENT,2.95,C4623960580,4.44,1.49,M3508990774,0.0,0.0,0,0.0,0
40,TRANSFER,433.2,C9471306442,416.49,0.0,M1857561275,0.0,0.0,1,0.23333333333333334,0
544,CASH_OUT,969.14,C3866755218,850.85,0.0,C8257484586,0.0,0.0,1,0.23,0
11,PAYMENT,19174.26,C9086117171,45621.08,26446.82,M6200141898,0.0,0.0,0,0.0,0
434,TRANSFER,402.41,C2854772804,378.26,0.0,M4306983924,0.0,0.0,1,0.22666666666666666,0
710,PAYMENT,1.0,C6710338189,0.0,0.0,M2586712032,0.0,0.0,0,0.0,0
668,PAYMENT,73.17,C9147736635,117.3,44.13,M2156184315,0.0,0.0,0,0.0,0
497,CASH_OUT,3.37,C1809283659,11.21,7.84,C3214080278,2.0,2.0,0,0.03666666666666667,0
352,TRANSFER,58.18,C2224363672,113.99,55.81,C8109891300,163.45,221.63,0,0.02,0
126,PAYMENT,1.0,C2137651678,0.0,0.0,M8869140487,0.0,0.0,0,0.0,0
294,PAYMENT,2481.66,C5567816720,5836.86,3355.2,M4242579642,0.0,0.0,0,0.0,0
401,TRANSFER,1.0,C2137651678,0.0,0.0,C9333798503,563.62,564.62,0,0.013333333333333334,0
333,PAYMENT,1.0,C3033747850,0.0,0.0,M3322580659,0.0,0.0,0,0.0,0
635,CASH_OUT,4467.62,C4131356954,4158.76,0.0,M2418407139,0.0,0.0,1,0.26,0
32,PAYMENT,1.0,C4471642620,0.0,0.0,M1692044390,0.0,0.0,0,0.0,0
337,PAYMENT,869.46,C3958590550,22854.79,21985.33,M3566125120,0.0,0.0,0,0.0,0
214,TRANSFER,1909.53,C7208619610,2142.12,232.59,C9116428507,563.89,563.89,1,0.0033333333333333335,0
401,PAYMENT,144.69,C8015775567,212.0,67.31,M8821456242,0.0,0.0,0,0.0,0
453,TRANSFER,158.02,C2683446724,191.93,33.91,M7951820749,0.0,0.0,1,0.16333333333333333,0
437,TRANSFER,19865.1,C2227193073,25846.87,5981.77,C7190276026,0.0,19865.1,0,0.0033333333333333335,0
203,DEBIT,4.2,C2950049698,9.71,5.51,M8102481401,0.0,0.0,0,0.02,0
300,PAYMENT,1.0,C1785418196,0.0,0.0,M2129491690,0.0,0.0,0,0.0,0
708,CASH_OUT,3594.63,C9842186844,4462.52,867.89,C2327372855,134.03,134.03,1,0.023333333333333334,0
537,CASH_OUT,37286.27,C8243746556,51886.44,14600.17,C1091729577,0.0,0.0,0,0.013333333333333334,0
210,CASH_OUT,59575.15,C7077131430,69911.95,10336.8,M4242579642,0.0,0.0,1,0.0,0
488,CASH_OUT,281.85,C4110258855,725.93,444.08,C1913706213,36.26,36.26,0,0.023333333333333334,0
71,PAYMENT,6.58,C8755749566,14.73,8.15,M7230477043,0.0,0.0,0,0.0,0
411,TRANSFER,1584.16,C9974165440,2240.03,655.87,M8044997538,0.0,0.0,1,0.24666666666666667,0
140,CASH_OUT,3712.99,C8373547961,3348.85,0.0,M1096405016,0.0,0.0,1,0.056666666666666664,0
197,TRANSFER,59695.17,C7552812957,54272.54,0.0,C9741628563,911.51,911.51,1,0.14333333333333334,0
656,TRANSFER,33.23,C8377088167,47.62,14.39,C9085085822,1.21,34.44,0,0.17333333333333334,0
171,CASH_OUT,1.0,C6402580787,1.27,0.27,C2979958124,108251.11,108251.11,0,0.0,0
281,TRANSFER,1145.17,C8387664437,1377.44,232.27,M3223687972,0.0,0.0,1,0.11333333333333333,0
615,DEBIT,1.0,C6887132821,0.0,0.0,M1240140248,0.0,0.0,0,0.05333333333333334,0
582,CASH_OUT,1.0,C2647489402,0.0,0.0,C9461708554,0.0,0.0,0,0.06333333333333334,0
307,CASH_OUT,1.0,C6054421752,0.0,0.0,C6517150278,706.65,706.65,0,0.03,0
325,PAYMENT,53.27,C2486744752,73.44,20.17,M1099218439,0.0,0.0,0,0.0,0
569,TRANSFER,71.43,C8109891300,221.63,150.2,C6340003593,0.0,71.43,0,0.12,0
365,PAYMENT,125.85,C5789633176,187.43,61.58,M3566125120,0.0,0.0,0,0.0,0
187,TRANSFER,1.0,C9752058817,0.0,0.0,C8506931282,162.21,163.21,0,0.04666666666666667,0
457,PAYMENT,2.38,C9963334018,11.4,9.02,M7512767226,0.0,0.0,0,0.0,0
524,PAYMENT,15530.51,C9807209816,195038.05,179507.54,M9043367776,0.0,0.0,0,0.0,0
116,PAYMENT,1.14,C6043349038,1.39,0.25,M1343875431,0.0,0.0,0,0.0,0
447,CASH_OUT,2663.52,C8880079328,2777.91,114.39,C3796581976,262.08,262.08,1,0.1,0
9,TRANSFER,1213.25,C5036200310,1187.64,0.0,C7937993287,235.15,235.15,1,0.13333333333333333,0
124,DEBIT,210.92,C9196564761,260.16,49.24,M9773795424,0.0,0.0,0,0.016666666666666666,0
329,TRANSFER,3248.45,C3875303857,5442.96,2194.51,C8666074487,524.54,3772.99,0,0.0,0
458,CASH_OUT,10549.38,C7472806994,12300.85,1751.47,M2121448210,0.0,0.0,1,0.02,0
652,CASH_IN,93682.15,C1446457642,29.67,93711.82,C5855415646,32.01,32.01,0,0.0,0
511,CASH_IN,2874.94,C8388580360,629.1,3504.04,C1182758417,0.0,0.0,0,0.0,0
382,PAYMENT,137.72,C7534583219,195.72,58.0,M8768773991,0.0,0.0,0,0.0,0
699,TRANSFER,1526.59,C9661615016,1632.62,106.03,M2625035499,0.0,0.0,1,0.28,0
122,TRANSFER,15229.16,C7190276026,19865.1,4635.94,C7015992643,0.0,15229.16,0,0.0,0
234,CASH_OUT,1973.52,C6576426590,3568.47,1594.95,C8178927766,7644.67,7644.67,0,0.0,0
717,TRANSFER,4287.62,C4627032705,3580.44,0.0,M4952177946,0.0,0.0,1,0.8533333333333334,1
342,TRANSFER,1.0,C8106906538,1.0,0.0,C7525240100,0.85,1.85,0,0.22,0
3,TRANSFER,1834.79,C7420846622,1999.45,164.66,M4892544235,0.0,0.0,1,0.17,0
38,CASH_OUT,382.84,C9830946410,545.73,162.89,M1647181551,0.0,0.0,1,0.0033333333333333335,0
705,DEBIT,722.64,C1471997674,3041.68,2319.04,M3846182436,0.0,0.0,0,0.03,0
657,TRANSFER,37091.99,C3893976444,35916.77,0.0,C8115628227,397.07,397.07,1,0.4866666666666667,0
384,TRANSFER,1.0,C5162260671,1.65,0.65,C5646751885,9114.15,9115.15,0,0.0,0
22,TRANSFER,4234.18,C4645120421,3992.65,0.0,C8901585274,4945.58,4945.58,1,0.023333333333333334,0
649,TRANSFER,523.86,C6673381261,562.9,39.04,C6947080764,8681.86,9205.72,0,0.006666666666666667,0
417,PAYMENT,1.0,C3196545325,0.0,0.0,M9640701016,0.0,0.0,0,0.0,0
674,TRANSFER,1.0,C4864126433,0.0,0.0,C2289624427,0.0,1.0,0,0.22,0
70,CASH_OUT,113382.93,C3020939193,108106.88,0.0,C1506211965,5.87,5.87,1,0.043333333333333335,0
675,PAYMENT,1.0,C5035765954,0.0,0.0,M5067400473,0.0,0.0,0,0.0,0
529,PAYMENT,112.05,C2879792991,118.0,5.95,M2916502228,0.0,0.0,0,0.0,0
348,PAYMENT,1.0,C8453283834,0.0,0.0,M8083396378,0.0,0.0,0,0.0,0
229,TRANSFER,312.01,C2687477596,322.06,10.05,M2839566253,0.0,0.0,1,0.16333333333333333,0
567,PAYMENT,1238.6,C7608141858,1735.11,496.51,M3580582653,0.0,0.0,0,0.0,0
301,CASH_OUT,738.05,C3567900251,838.32,100.27,M2910594463,0.0,0.0,1,0.013333333333333334,0
67,CASH_OUT,887.28,C2111272861,1009.51,122.23,M1783432867,0.0,0.0,1,0.0,0
470,CASH_OUT,1.0,C7597996327,0.0,0.0,C5431267548,0.0,0.0,0,0.09,0
341,PAYMENT,268.85,C6075963527,422.51,153.66,M7651029165,0.0,0.0,0,0.0,0
105,CASH_OUT,1.0,C6642201119,0.0,0.0,C7601519165,678.83,678.83,0,0.006666666666666667,0
346,CASH_OUT,1006.88,C5215140451,1102.48,95.6,M6651020291,0.0,0.0,1,0.013333333333333334,0
238,PAYMENT,2900.82,C3396953414,3477.63,576.81,M5087280062,0.0,0.0,0,0.0,0
31,TRANSFER,26.89,C3776011793,29.07,2.18,C4345526911,65.92,92.81,0,0.09666666666666666,0
534,PAYMENT,1.0,C4882343658,0.0,0.0,M2586712032,0.0,0.0,0,0.0,0
31,DEBIT,1.0,C9479654136,0.0,0.0,M1083302600,0.0,0.0,0,0.02666666666666667,0
425,CASH_OUT,1052.4,C3438771483,1044.1,0.0,C4482141802,850.94,850.94,1,0.43333333333333335,0
3,PAYMENT,4.87,C5625411308,86.89,82.02,M7717262223,0.0,0.0,0,0.0,0
309,TRANSFER,3301.16,C3045102506,2995.55,0.0,M4035639663,0.0,0.0,1,0.8033333333333333,1
102,PAYMENT,1.0,C5358791907,0.0,0.0,M4865979921,0.0,0.0,0,0.0033333333333333335,0
94,PAYMENT,2.5,C8285000265,11.39,8.89,M6045729129,0.0,0.0,0,0.0,0
360,TRANSFER,65.38,C3293560436,111.12,45.74,C6201313620,0.26,65.64,0,0.15666666666666668,0
71,CASH_OUT,4808.17,C8763140509,4377.52,0.0,C9484167278,130277.36,130277.36,1,0.03333333333333333,0
332,PAYMENT,1.0,C7977267911,0.0,0.0,M5869990861,0.0,0.0,0,0.0,0
397,CASH_OUT,2291.66,C7465834732,2692.76,401.1,C1722124509,18.89,18.89,0,0.006666666666666667,0
83,PAYMENT,65.96,C3783290795,129.84,63.88,M9098037639,0.0,0.0,0,0.0,0
644,CASH_OUT,727.85,C8997701619,665.82,0.0,C8243746556,14600.17,14600.17,1,0.043333333333333335,0
200,CASH_OUT,17.47,C5022964382,38.55,21.08,C3434757387,1001.71,1001.71,0,0.0033333333333333335,0
616,CASH_OUT,61153.64,C8809871735,73852.96,12699.32,C8394040015,537.48,537.48,0,0.0033333333333333335,0
202,PAYMENT,4.25,C4930438209,11.54,7.29,M7282885927,0.0,0.0,0,0.0,0
192,PAYMENT,6.49,C4930438209,7.29,0.8,M6045729129,0.0,0.0,0,0.0,0
18,CASH_OUT,808.97,C6797174636,908.81,99.84,C3297096148,7431.12,7431.12,1,0.0,0
514,PAYMENT,1.0,C5297902885,0.0,0.0,M3508990774,0.0,0.0,0,0.0,0
680,CASH_OUT,5263.29,C5294535887,4870.27,0.0,M5535650160,0.0,0.0,1,0.21,0
175,TRANSFER,1.0,C9248046539,0.0,0.0,C4130305126,479.56,480.56,0,0.013333333333333334,0
560,TRANSFER,1105.72,C3147818256,1022.79,0.0,C2962491159,0.0,0.0,1,0.4033333333333333,0
126,CASH_OUT,331.01,C2891100776,445.64,114.63,C1741134891,16369.85,16369.85,0,0.0033333333333333335,0
411,TRANSFER,588.31,C8997701619,733.4,145.09,C7623575561,0.0,0.0,1,0.14333333333333334,0
539,TRANSFER,549.36,C7027529118,770.72,221.36,C8730507757,269.52,269.52,1,0.05333333333333334,0
559,PAYMENT,1.0,C5162260671,0.65,0.0,M7702529931,0.0,0.0,0,0.0,0
705,PAYMENT,1443.54,C8841851495,2445.98,1002.44,M2115862756,0.0,0.0,0,0.0,0
467,TRANSFER,5.13,C5898890707,6.39,1.26,C3045102506,0.0,5.13,0,0.17666666666666667,0
610,PAYMENT,1.0,C8441393731,0.0,0.0,M7340036327,0.0,0.0,0,0.0,0
23,PAYMENT,5015.6,C5031086659,6272.63,1257.03,M4896576569,0.0,0.0,0,0.0,0
656,TRANSFER,2376.27,C7934137693,3176.32,800.05,C6628158856,90.34,90.34,1,0.19333333333333333,0
628,CASH_OUT,1.0,C7832220535,0.0,0.0,C2137651678,0.0,0.0,0,0.06,0
533,PAYMENT,1.02,C4735313433,3.76,2.74,M8728631945,0.0,0.0,0,0.0,0
507,TRANSFER,1924.83,C7539399243,4337.01,2412.18,C3206955437,0.0,1924.83,0,0.056666666666666664,0
175,CASH_OUT,22706.89,C1004665657,145834.27,123127.38,C5140460939,772.24,772.24,0,0.0,0
594,CASH_IN,12244.92,C8991977937,0.0,12244.92,C3574081104,23.07,23.07,0,0.0,0
466,PAYMENT,1.0,C5431267548,0.0,0.0,M4601406440,0.0,0.0,0,0.0,0
85,TRANSFER,3207.01,C9516893896,2672.66,0.0,M7861571879,0.0,0.0,1,0.8066666666666666,1
124,PAYMENT,76.14,C6720572969,288.87,212.73,M7717262223,0.0,0.0,0,0.0,0
69,CASH_OUT,1.0,C7229869819,0.0,0.0,C9503787171,124.79,124.79,0,0.0,0
29,TRANSFER,156.3,C2480915452,484.31,328.01,C2099184899,83.12,239.42,0,0.01,0
558,PAYMENT,437.18,C7103588071,596.68,159.5,M6558769264,0.0,0.0,0,0.0,0
565,PAYMENT,122.06,C3343459102,203.65,81.59,M4329446784,0.0,0.0,0,0.0,0
21,TRANSFER,1219.66,C7597996327,1097.55,0.0,C7660813178,43729.18,43729.18,1,0.0033333333333333335,0
406,PAYMENT,8.65,C6576426590,1594.95,1586.3,M2418407139,0.0,0.0,0,0.0,0
714,PAYMENT,1.0,C1660370908,1.0,0.0,M1694904767,0.0,0.0,0,0.0,0
201,PAYMENT,1.0,C5083595988,0.0,0.0,M5570190774,0.0,0.0,0,0.0,0
313,DEBIT,5022.96,C8999963054,27129.16,22106.2,M5585110649,0.0,0.0,0,0.016666666666666666,0
157,PAYMENT,1.0,C8468071953,1.0,0.0,M2655546199,0.0,0.0,0,0.0,0
41,PAYMENT,45.96,C2139027119,64.8,18.84,M7230477043,0.0,0.0,0,0.0,0
183,CASH_OUT,147.47,C6923893872,174.12,26.65,C2224363672,55.81,55.81,0,0.0033333333333333335,0
455,PAYMENT,65.44,C8458717057,84.38,18.94,M9523139706,0.0,0.0,0,0.0,0
173,DEBIT,1.0,C8257484586,0.0,0.0,M1666898313,0.0,0.0,0,0.03,0
667,CASH_OUT,3193.16,C4564751926,8990.49,5797.33,C2247484671,2448.25,2448.25,0,0.0033333333333333335,0
124,TRANSFER,768.94,C5898890707,733.88,0.0,C5144289583,0.0,0.0,1,0.27,0
360,PAYMENT,1.0,C8507497883,0.0,0.0,M2778069478,0.0,0.0,0,0.0,0
371,CASH_OUT,1.0,C5358791907,0.0,0.0,C7311011808,2667.87,2667.87,0,0.01,0
362,PAYMENT,1026.7,C9623534576,1453.88,427.18,M8366710477,0.0,0.0,0,0.0,0
419,TRANSFER,985.5,C1939042955,939.47,0.0,C1952396600,110.07,110.07,1,0.27666666666666667,0
150,PAYMENT,210.71,C2126077199,244.63,33.92,M6845287382,0.0,0.0,0,0.0,0
178,CASH_OUT,208.46,C7928074841,207.16,0.0,M9523139706,0.0,0.0,1,0.016666666666666666,0
589,TRANSFER,1.0,C1772303297,0.0,0.0,C8309221034,0.0,1.0,0,0.23,0
552,PAYMENT,1.0,C5785481124,0.0,0.0,M2711123163,0.0,0.0,0,0.0,0
554,PAYMENT,1.0,C6469458472,0.0,0.0,M4588312351,0.0,0.0,0,0.0,0
55,PAYMENT,7.47,C9305502799,24.9,17.43,M6053489772,0.0,0.0,0,0.0,0
319,PAYMENT,73.59,C1197449658,206.66,133.07,M5891831621,0.0,0.0,0,0.0,0
631,DEBIT,1.0,C6317152031,0.0,0.0,M2115406331,0.0,0.0,0,0.05333333333333334,0
480,PAYMENT,1.0,C3098948446,0.0,0.0,M1442421654,0.0,0.0,0,0.0,0
506,CASH_OUT,3781.75,C7015992643,15229.16,11447.41,C4683935600,3047.61,3047.61,0,0.0033333333333333335,0
12,CASH_OUT,1.0,C7451071432,0.0,0.0,C9248046539,0.0,0.0,0,0.006666666666666667,0
629,PAYMENT,6284.91,C3169561289,6755.45,470.54,M7969674420,0.0,0.0,0,0.0,0
566,TRANSFER,560.58,C8118065825,604.04,43.46,C7248258423,484.35,1044.93,0,0.05,0
215,PAYMENT,1.0,C7010379415,0.0,0.0,M4952177946,0.0,0.0,0,0.0,0
91,TRANSFER,3.04,C1139082827,13.92,10.88,C9623534576,427.18,430.22,0,0.01,0
368,PAYMENT,42.33,C8997701619,145.09,102.76,M3208200227,0.0,0.0,0,0.0,0
367,TRANSFER,77.65,C4638577630,69.96,0.0,M6744039057,0.0,0.0,1,0.23,0
524,CASH_OUT,3910.82,C4289233844,4131.8,220.98,C3614915281,0.0,0.0,0,0.03333333333333333,0
486,CASH_OUT,1469.44,C2941508568,2820.27,1350.83,C8612747444,4.59,4.59,0,0.02666666666666667,0
179,CASH_OUT,1.0,C7981077394,0.0,0.0,C4921003983,117796.46,117796.46,0,0.0,0
663,TRANSFER,75.02,C9467483275,154.68,79.66,C8730507757,269.52,344.54,0,0.06333333333333334,0
479,DEBIT,1.0,C7818568548,0.0,0.0,M3595066420,0.0,0.0,0,0.05,0
699,TRANSFER,3494.98,C5800633419,3662.49,167.51,C9098129449,106089.4,106089.4,1,0.0033333333333333335,0
550,CASH_OUT,3.31,C6242173772,5.68,2.37,C6875597607,92.84,92.84,0,0.03666666666666667,0
26,CASH_OUT,2112.92,C3853978147,2948.43,835.51,M2695447268,0.0,0.0,1,0.006666666666666667,0
276,PAYMENT,210.59,C8532327465,655.39,444.8,M8643636805,0.0,0.0,0,0.0,0
105,CASH_OUT,2748.17,C6877052039,3212.28,464.11,M7969674420,0.0,0.0,1,0.0,0
631,CASH_OUT,2856.13,C1691293717,3721.02,864.89,C5877639950,208.92,208.92,1,0.023333333333333334,0
288,PAYMENT,586.63,C2867302554,677.08,90.45,M1647181551,0.0,0.0,0,0.0,0
547,PAYMENT,1.0,C6169243284,0.0,0.0,M7343954769,0.0,0.0,0,0.0,0
7,CASH_IN,2466.61,C5336127859,18.99,2485.6,C9455610447,16.81,16.81,0,0.0,0
384,PAYMENT,1.0,C4706249669,0.0,0.0,M8144889126,0.0,0.0,0,0.0,0
439,TRANSFER,9483.24,C3806215682,46097.24,36614.0,C4026379752,180.64,9663.88,0,0.0,0
193,PAYMENT,51.24,C8854238082,59.35,8.11,M2243802345,0.0,0.0,0,0.0,0
50,PAYMENT,1.0,C6317152031,0.0,0.0,M6651754819,0.0,0.0,0,0.0,0
623,CASH_OUT,327.82,C7750819485,567.39,239.57,C8761469117,0.0,0.0,0,0.02666666666666667,0
588,CASH_OUT,1.0,C5744003377,0.0,0.0,C5567816720,3355.2,3355.2,0,0.03,0
643,CASH_OUT,254.44,C1282103057,281.57,27.13,M6583604299,0.0,0.0,1,0.03666666666666667,0
599,PAYMENT,1.0,C2409274786,0.0,0.0,M6865994703,0.0,0.0,0,0.0,0
441,TRANSFER,2327.18,C6620138568,3000.53,673.35,C7059726570,408.19,408.19,1,0.09333333333333334,0
216,PAYMENT,6234.7,C1457632732,6937.07,702.37,M3534186676,0.0,0.0,0,0.0,0
181,PAYMENT,585.09,C9995834531,69482.8,68897.71,M8218146534,0.0,0.0,0,0.0,0
115,PAYMENT,268.87,C2416760621,845.17,576.3,M2115862756,0.0,0.0,0,0.0,0
221,PAYMENT,113.56,C7895255573,209.57,96.01,M3811254192,0.0,0.0,0,0.0,0
98,PAYMENT,3394.41,C6504099682,7429.76,4035.35,M3297681898,0.0,0.0,0,0.0,0
500,CASH_OUT,344.57,C8532327465,444.8,100.23,M2518433834,0.0,0.0,1,0.03333333333333333,0
689,TRANSFER,7.72,C4658080160,11.5,3.78,C1234359689,15754.08,15761.8,0,0.0,0
471,CASH_IN,9489.21,C6921525436,45.32,9534.53,C4930438209,0.8,0.8,0,0.0,0
108,PAYMENT,1.0,C2237386857,0.0,0.0,M6525576685,0.0,0.0,0,0.0033333333333333335,0
213,TRANSFER,60896.97,C5367513465,97973.04,37076.07,C3190227431,6.68,60903.65,0,0.0,0
161,CASH_OUT,14711.02,C3188382776,14179.73,0.0,M2391874847,0.0,0.0,1,0.12333333333333334,0
355,TRANSFER,1.0,C6464693977,0.0,0.0,C4538382315,663.83,664.83,0,0.013333333333333334,0
298,TRANSFER,46.86,C3746317213,61.11,14.25,M4554178984,0.0,0.0,1,0.16333333333333333,0
247,TRANSFER,98229.49,C1004665657,123127.38,24897.89,C7002076563,369.23,98598.72,1,0.0,0
265,PAYMENT,1.0,C8106906538,0.0,0.0,M8144352013,0.0,0.0,0,0.0,0
275,PAYMENT,1.0,C5992908271,0.0,0.0,M1908459040,0.0,0.0,0,0.0,0
121,DEBIT,6.31,C8868054898,11.58,5.27,M3517195150,0.0,0.0,0,0.016666666666666666,0
274,CASH_OUT,2768.24,C8763140509,3524.98,756.74,C6638034087,12.95,12.95,1,0.0033333333333333335,0
108,PAYMENT,1.27,C6952554500,2.0,0.73,M9916475897,0.0,0.0,0,0.0,0
318,PAYMENT,1000.5,C2979958124,108251.11,107250.61,M7192742877,0.0,0.0,0,0.0,0
582,DEBIT,1.6,C9467483275,79.66,78.06,M3208200227,0.0,0.0,0,0.03,0
188,CASH_OUT,179.96,C1050899550,271.6,91.64,C6115750294,1517.24,1517.24,0,0.006666666666666667,0
447,TRANSFER,1069.15,C2660286914,1249.22,180.07,C4231729466,4090.92,5160.07,0,0.02666666666666667,0
557,PAYMENT,1.0,C9645619869,0.0,0.0,M8874242713,0.0,0.0,0,0.0,0
203,CASH_IN,184.97,C7464468567,0.0,184.97,C7337225482,59.27,59.27,0,0.0,0
249,PAYMENT,1.0,C6618965944,0.0,0.0,M5734228580,0.0,0.0,0,0.0,0
559,CASH_IN,5641.03,C5510938155,46.14,5687.17,C9202102595,541.08,541.08,0,0.0,0
617,PAYMENT,367.51,C6837975356,443.6,76.09,M2910594463,0.0,0.0,0,0.0,0
413,PAYMENT,509.76,C7472806994,1751.47,1241.71,M1458227039,0.0,0.0,0,0.0,0
654,TRANSFER,245.08,C8730507757,344.54,99.46,M6992094064,0.0,0.0,1,0.17333333333333334,0
286,CASH_OUT,19625.06,C1248704157,50070.89,30445.83,C6300607425,121.13,121.13,0,0.0,0
1,TRANSFER,6442.04,C4993808565,6231.01,0.0,C6099808894,679.94,7121.98,1,0.02,0
290,CASH_IN,121735.21,C4820055862,17.2,121752.41,C2304963614,0.0,0.0,0,0.0,0
126,PAYMENT,1.0,C8761469117,0.0,0.0,M1908459040,0.0,0.0,0,0.0,0
360,TRANSFER,907.35,C2818381356,1142.67,235.32,M2328736852,0.0,0.0,1,0.11,0
678,PAYMENT,1.0,C9916336966,0.0,0.0,M4820942294,0.0,0.0,0,0.0,0
401,TRANSFER,526.62,C5474951950,606.62,80.0,M4665677395,0.0,0.0,1,0.17,0
360,CASH_OUT,1687.43,C8033702319,1721.14,33.71,M6606958660,0.0,0.0,1,0.016666666666666666,0
621,TRANSFER,80.34,C7706193636,86.82,6.48,C3476426797,0.0,80.34,0,0.17666666666666667,0
530,TRANSFER,3895.43,C4579265601,4271.33,375.9,M4665677395,0.0,0.0,1,0.30666666666666664,0
652,CASH_OUT,914.95,C3117951204,1110.58,195.63,M3223687972,0.0,0.0,1,0.02666666666666667,0
470,CASH_OUT,1498.38,C4473306055,1762.44,264.06,M2586712032,0.0,0.0,1,0.05333333333333334,0
563,TRANSFER,124.51,C7340428136,202.86,78.35,C6877052039,464.11,588.62,0,0.05,0
507,PAYMENT,1.0,C1682781467,0.0,0.0,M9398575277,0.0,0.0,0,0.0,0
223,PAYMENT,80.73,C3483827971,121.7,40.97,M7861571879,0.0,0.0,0,0.0,0
564,PAYMENT,1.0,C8441393731,0.0,0.0,M3208200227,0.0,0.0,0,0.0,0
495,PAYMENT,4.37,C6544063167,4.83,0.46,M2885370603,0.0,0.0,0,0.0,0
596,CASH_OUT,2110.52,C5606736607,1813.6,0.0,M5585110649,0.0,0.0,1,0.17333333333333334,0
340,TRANSFER,3572.87,C8377088167,3009.17,0.0,M6282009986,0.0,0.0,1,0.7533333333333333,1
29,PAYMENT,1.0,C6649827836,0.0,0.0,M9576264323,0.0,0.0,0,0.0,0
58,PAYMENT,895.18,C8322868827,1095.87,200.69,M4554178984,0.0,0.0,0,0.0,0
284,CASH_OUT,3383.86,C8178361487,3599.85,215.99,C8816681105,0.0,0.0,1,0.01,0
251,TRANSFER,463.8,C9420979586,448.79,0.0,M7750131975,0.0,0.0,1,0.24666666666666667,0
453,TRANSFER,1.0,C4067961943,0.0,0.0,C5819946657,52.0,53.0,0,0.16666666666666666,0
450,CASH_OUT,25.71,C4095476665,64.27,38.56,C1293864877,96.3,96.3,0,0.04666666666666667,0
55,PAYMENT,4.65,C8858766173,289.59,284.94,M9021793855,0.0,0.0,0,0.0,0
470,CASH_OUT,923.79,C1945826486,960.47,36.68,C7573442717,1.0,1.0,1,0.08,0
202,TRANSFER,83.77,C1408988968,89.68,5.91,M5585110649,0.0,0.0,1,0.16666666666666666,0
683,PAYMENT,576.78,C6585609060,685.83,109.05,M5087280062,0.0,0.0,0,0.0,0
33,TRANSFER,314.5,C8417757797,323.04,8.54,C6469458472,0.0,0.0,1,0.16333333333333333,0
350,DEBIT,2541.86,C7598745558,36625.58,34083.72,M7651029165,0.0,0.0,0,0.013333333333333334,0
311,CASH_OUT,1.0,C3821211202,0.0,0.0,C4590711152,18.99,18.99,0,0.023333333333333334,0
123,TRANSFER,3164.28,C2914590233,3441.4,277.12,M7050091525,0.0,0.0,1,0.18666666666666668,0
661,PAYMENT,126.01,C7666129822,147.05,21.04,M7960713821,0.0,0.0,0,0.0,0
287,CASH_OUT,9.57,C5067245523,38.24,28.67,C8208643631,0.0,0.0,0,0.006666666666666667,0
696,TRANSFER,3.43,C5201221330,4.86,1.43,C2419931729,1.3,4.73,0,0.18333333333333332,0
607,CASH_IN,6345.19,C5271453859,415.02,6760.21,C1139082827,10.88,10.88,0,0.0,0
279,PAYMENT,1.47,C4282810353,6.85,5.38,M1442421654,0.0,0.0,0,0.0,0
450,PAYMENT,232.89,C8796286443,258.49,25.6,M4242579642,0.0,0.0,0,0.0,0
19,TRANSFER,1.0,C7004964045,0.0,0.0,C6638034087,12.95,13.95,0,0.18,0
465,TRANSFER,779.55,C7846365089,687.48,0.0,M9640701016,0.0,0.0,1,0.25666666666666665,0
276,TRANSFER,1825.52,C1725783958,1877.06,51.54,C7467073633,1430.38,1430.38,1,0.02,0
677,TRANSFER,592.29,C3971203213,991.65,399.36,C7958672456,0.0,592.29,0,0.03666666666666667,0
521,TRANSFER,1.0,C3933213766,2.77,1.77,C4131356954,0.0,1.0,0,0.18333333333333332,0
150,PAYMENT,256.63,C2014766981,581.67,325.04,M5734228580,0.0,0.0,0,0.0,0
256,CASH_OUT,3.41,C1248786714,5.16,1.75,C6804850108,14.31,14.31,0,0.02,0
551,TRANSFER,14848.59,C3316277000,13406.83,0.0,M4456193555,0.0,0.0,1,0.9333333333333333,1
599,CASH_OUT,30149.05,C6633778586,59791.06,29642.01,C7305101214,105719.69,105719.69,0,0.0,0
230,PAYMENT,1.0,C5898890707,0.0,0.0,M6275155878,0.0,0.0,0,0.0,0
312,TRANSFER,1477.14,C4202607993,1690.24,213.1,M7702529931,0.0,0.0,1,0.14,0
254,TRANSFER,3688.4,C9428056968,3196.72,0.0,C8907752604,45600.72,45600.72,1,0.006666666666666667,0
284,DEBIT,1.0,C3614915281,0.0,0.0,M4522855590,0.0,0.0,0,0.04,0
278,TRANSFER,1.0,C1754603440,0.0,0.0,C2493660313,188712.36,188713.36,0,0.0,0
35,TRANSFER,3260.66,C3615507143,4496.23,1235.57,C1644608746,220.02,3480.68,0,0.0,0
133,CASH_OUT,1207.68,C7393195616,1472.96,265.28,M9620935604,0.0,0.0,1,0.0,0
403,PAYMENT,2300.58,C2227193073,5981.77,3681.19,M3192202822,0.0,0.0,0,0.0,0
217,CASH_OUT,1.0,C4864126433,0.0,0.0,C9807209816,179507.54,179507.54,0,0.0,0
199,CASH_OUT,1.0,C4930438209,0.8,0.0,C1613549255,109.49,109.49,0,0.0,0
700,PAYMENT,1.0,C1736086849,0.0,0.0,M2129491690,0.0,0.0,0,0.0,0
419,CASH_IN,142890.78,C1590985753,26335.86,169226.64,C9953716239,11.12,11.12,0,0.0,0
169,PAYMENT,116.27,C4256292393,227.52,111.25,M6558769264,0.0,0.0,0,0.0,0
131,TRANSFER,1.0,C4656572173,0.0,0.0,C4752171298,2924.75,2925.75,0,0.0,0
246,CASH_OUT,2456.3,C8388580360,3504.04,1047.74,C1141312095,267.46,267.46,1,0.006666666666666667,0
82,CASH_OUT,3.72,C5879617459,6.72,3.0,C1572827654,0.0,0.0,0,0.0033333333333333335,0
695,PAYMENT,55.49,C6715961218,248.88,193.39,M7764117705,0.0,0.0,0,0.0,0
387,PAYMENT,1.0,C4492602049,0.0,0.0,M7366396017,0.0,0.0,0,0.0,0
478,TRANSFER,110489.08,C4531928910,134898.61,24409.53,M2916502228,0.0,0.0,1,0.30666666666666664,0
359,PAYMENT,15186.49,C1870644102,23781.09,8594.6,M1676220116,0.0,0.0,0,0.0,0
556,TRANSFER,1.0,C1754603440,0.0,0.0,C5294535887,0.0,1.0,0,0.22333333333333333,0
164,DEBIT,81.6,C1983297492,762.06,680.46,M3846182436,0.0,0.0,0,0.013333333333333334,0
471,TRANSFER,4389.12,C3464975279,4558.44,169.32,M6763471833,0.0,0.0,1,0.33,0
167,PAYMENT,1.0,C6995554056,0.0,0.0,M6384311581,0.0,0.0,0,0.0,0
216,CASH_OUT,72.92,C7487012742,85.26,12.34,C6102144947,83.68,83.68,0,0.0033333333333333335,0
219,CASH_OUT,3345.03,C3655790301,3003.51,0.0,C6732648420,458.23,458.23,1,0.056666666666666664,0
531,TRANSFER,91.34,C6534540349,102.22,10.88,M5815678365,0.0,0.0,1,0.17666666666666667,0
515,PAYMENT,1.01,C2327372855,134.03,133.02,M6763471833,0.0,0.0,0,0.0,0
362,PAYMENT,1.0,C2082326234,0.0,0.0,M1257854279,0.0,0.0,0,0.0,0
399,PAYMENT,1868.67,C7759781156,4792.15,2923.48,M9631695368,0.0,0.0,0,0.0,0
686,TRANSFER,2560.29,C1594312071,23876.04,21315.75,C1383539822,306.8,2867.09,0,0.0033333333333333335,0
624,CASH_OUT,103505.48,C2916728422,106249.99,2744.51,C5641959772,4957.6,4957.6,1,0.01,0
698,TRANSFER,320.11,C8949781901,304.0,0.0,C4302632494,37.19,37.19,1,0.18,0
707,PAYMENT,298.42,C8115628227,397.07,98.65,M2187592160,0.0,0.0,0,0.0033333333333333335,0
272,PAYMENT,3.38,C9343730920,16.45,13.07,M2155671697,0.0,0.0,0,0.0,0
565,CASH_OUT,1.0,C1707196784,0.0,0.0,C2965718821,220.6,220.6,0,0.05,0
335,TRANSFER,1562.66,C7321180787,1466.45,0.0,M6313472215,0.0,0.0,1,0.37,0
254,PAYMENT,138.94,C1051354601,205.99,67.05,M1199447370,0.0,0.0,0,0.0,0
312,TRANSFER,15.78,C3367665472,31.56,15.78,C8270110908,3938.21,3953.99,0,0.0,0
64,CASH_OUT,1.0,C5736462531,0.0,0.0,C7430757004,19.35,19.35,0,0.0,0
171,PAYMENT,1.32,C9103115140,4225.6,4224.28,M6313472215,0.0,0.0,0,0.0,0
685,TRANSFER,1664.83,C7699500243,1486.92,0.0,C5783809766,26525.72,26525.72,1,0.03666666666666667,0
352,CASH_IN,138333.92,C6922713963,0.0,138333.92,C6923893872,26.65,26.65,0,0.0,0
252,CASH_OUT,101343.3,C3426709025,127749.39,26406.09,M3831598303,0.0,0.0,1,0.0,0
186,CASH_OUT,3823.72,C2905584866,3552.13,0.0,M4456193555,0.0,0.0,1,0.05333333333333334,0
66,TRANSFER,3765.26,C7648059419,4734.95,969.69,C3893976444,0.0,0.0,1,0.20333333333333334,0
601,TRANSFER,3350.43,C7227593033,4047.27,696.84,M4689605624,0.0,0.0,1,0.30333333333333334,0
246,TRANSFER,225.38,C6792661894,224.53,0.0,C8846861559,50760.73,50760.73,1,0.0,0
192,CASH_OUT,67.54,C8730507757,99.46,31.92,C3149533961,2006.99,2006.99,0,0.0033333333333333335,0
371,PAYMENT,90.21,C4946081594,508.67,418.46,M3094407076,0.0,0.0,0,0.0,0
260,TRANSFER,869.74,C8943866829,738.0,0.0,M3517195150,0.0,0.0,1,0.30333333333333334,0
635,PAYMENT,4236.48,C6392415228,6664.82,2428.34,M9068916300,0.0,0.0,0,0.0,0
278,TRANSFER,39.94,C5187948804,67.6,27.66,C8281641403,0.0,39.94,0,0.16,0
618,TRANSFER,1.0,C5297902885,0.0,0.0,C2916728422,2744.51,2745.51,0,0.06,0
685,TRANSFER,712.22,C1983297492,680.46,0.0,M4896576569,0.0,0.0,1,0.25666666666666665,0
406,PAYMENT,57.42,C8791183272,86.89,29.47,M2541015125,0.0,0.0,0,0.0,0
324,PAYMENT,2.52,C1209063208,39041.44,39038.92,M4390543744,0.0,0.0,0,0.0,0
543,TRANSFER,41160.4,C4248149900,52835.73,11675.33,C6947080764,9205.72,50366.12,1,0.0,0
52,PAYMENT,1.0,C1011759631,1.0,0.0,M3355504998,0.0,0.0,0,0.0,0
612,CASH_OUT,38.08,C5694190173,168.78,130.7,C4202607993,213.1,213.1,0,0.02666666666666667,0
571,CASH_OUT,126.42,C5625342041,378.43,252.01,C3128675098,55.82,55.82,0,0.02666666666666667,0
213,TRANSFER,235.18,C8841851495,1002.44,767.26,C9285415473,1660.17,1895.35,0,0.0,0
403,CASH_OUT,1.0,C8309221034,1.0,0.0,C8313706299,520.3,520.3,0,0.03666666666666667,0
183,CASH_OUT,1.0,C2918260963,0.0,0.0,C6115750294,1517.24,1517.24,0,0.0,0
369,CASH_OUT,3302.8,C7623575561,3557.06,254.26,C3047869247,249.41,249.41,1,0.01,0
364,CASH_OUT,3828.08,C9272277508,5035.17,1207.09,M3580582653,0.0,0.0,1,0.01,0
447,TRANSFER,2110.23,C5336127859,2485.6,375.37,M6692705133,0.0,0.0,1,0.2866666666666667,0
276,TRANSFER,16.59,C6673381261,39.04,22.45,C9903351330,4.4,20.99,0,0.12333333333333334,0
458,CASH_OUT,1.0,C3201397080,0.0,0.0,C3598862507,1.21,1.21,0,0.09333333333333334,0
418,PAYMENT,1.0,C3316277000,0.0,0.0,M2243802345,0.0,0.0,0,0.0,0
22,PAYMENT,184.1,C8178361487,215.99,31.89,M5891831621,0.0,0.0,0,0.0,0
108,TRANSFER,60.11,C5033992825,70.18,10.07,C8366884200,2.52,62.63,0,0.16,0
672,PAYMENT,1.0,C8624454880,0.0,0.0,M5564953924,0.0,0.0,0,0.0,0
261,CASH_OUT,21078.38,C1798112150,32468.07,11389.69,C8833889083,0.0,0.0,0,0.0,0
90,PAYMENT,1.0,C4322510552,0.0,0.0,M6384311581,0.0,0.0,0,0.0,0
691,PAYMENT,1.0,C8274219704,0.0,0.0,M3223687972,0.0,0.0,0,0.0,0
159,PAYMENT,1.0,C2465576748,0.22,0.0,M9558906999,0.0,0.0,0,0.0,0
649,CASH_OUT,39.54,C8471762590,46.71,7.17,C9974165440,655.87,655.87,0,0.02666666666666667,0
453,CASH_OUT,73145.99,C8706093841,133812.04,60666.05,C6879428703,4225.66,4225.66,0,0.0033333333333333335,0
297,PAYMENT,5629.18,C7243352390,10927.05,5297.87,M2916502228,0.0,0.0,0,0.0,0
56,PAYMENT,96.55,C9904586976,129.99,33.44,M4211837506,0.0,0.0,0,0.0,0
437,PAYMENT,3.74,C8380507338,4.57,0.83,M4306983924,0.0,0.0,0,0.0,0
60,TRANSFER,1325.3,C5489485517,1180.03,0.0,M2243802345,0.0,0.0,1,0.3566666666666667,0
593,PAYMENT,157.2,C8429141456,350.01,192.81,M3094407076,0.0,0.0,0,0.0,0
106,TRANSFER,3309.37,C6691628146,3143.64,0.0,M1666898313,0.0,0.0,1,0.82,1
578,CASH_OUT,2.23,C2041349374,2.37,0.14,C4550353803,151.8,151.8,0,0.05333333333333334,0
286,CASH_OUT,9.13,C7625464411,13.15,4.02,C8369792370,2527.11,2527.11,0,0.01,0
77,CASH_OUT,85.99,C2064803502,192.93,106.94,C5523703900,186.54,186.54,0,0.0033333333333333335,0
56,TRANSFER,8459.67,C3190227431,60903.65,52443.98,C6613888489,24838.15,33297.82,0,0.0,0
354,CASH_OUT,953.85,C1248786714,1310.7,356.85,M3690714075,0.0,0.0,1,0.01,0
636,PAYMENT,13.59,C1322401182,26.14,12.55,M9020002737,0.0,0.0,0,0.0,0
318,CASH_OUT,1.0,C5982744929,0.0,0.0,C3392080953,0.0,0.0,0,0.03666666666666667,0
589,PAYMENT,158.62,C5476654128,300.39,141.77,M3355504998,0.0,0.0,0,0.0,0
628,CASH_OUT,180.96,C8709361138,236.53,55.57,M6200141898,0.0,0.0,1,0.03333333333333333,0
586,TRANSFER,1139.51,C7640122370,1086.0,0.0,M3536590481,0.0,0.0,1,0.44333333333333336,0
176,CASH_OUT,1.01,C7620473079,1.92,0.91,C4745927824,11549.05,11549.05,0,0.0,0
546,CASH_OUT,2524.38,C7154795660,2393.71,0.0,C7472806994,1241.71,1241.71,1,0.13333333333333333,0
104,TRANSFER,1635.46,C7846365089,1837.0,201.54,C3777580509,1035.79,1035.79,1,0.006666666666666667,0
470,DEBIT,1.0,C4203205881,0.0,0.0,M9404002665,0.0,0.0,0,0.04666666666666667,0
414,CASH_IN,9527.94,C2848792488,4437.57,13965.51,C2843567009,0.0,0.0,0,0.0,0
471,PAYMENT,3.27,C9786748825,6.19,2.92,M2625035499,0.0,0.0,0,0.0,0
108,PAYMENT,3.26,C2846465000,4.32,1.06,M8030400668,0.0,0.0,0,0.0,0
164,PAYMENT,95.6,C7016293621,259.47,163.87,M2187592160,0.0,0.0,0,0.0,0
45,PAYMENT,18935.08,C1264739091,141689.23,122754.15,M4035639663,0.0,0.0,0,0.0,0
105,PAYMENT,1.0,C5728765136,0.0,0.0,M2115406331,0.0,0.0,0,0.0033333333333333335,0
13,PAYMENT,1.0,C3933213766,1.77,0.77,M9065458220,0.0,0.0,0,0.0,0
339,TRANSFER,1.0,C9388140708,0.0,0.0,C6894699853,252.51,253.51,0,0.013333333333333334,0
25,TRANSFER,1.0,C8684942020,0.0,0.0,C5923940434,84.39,85.39,0,0.11,0
263,PAYMENT,1.0,C2620054076,0.0,0.0,M1711271599,0.0,0.0,0,0.0,0
156,PAYMENT,9.5,C4277422858,40.1,30.6,M3156792018,0.0,0.0,0,0.0,0
92,PAYMENT,2409.12,C7305101214,105719.69,103310.57,M5714658227,0.0,0.0,0,0.0,0
655,CASH_OUT,59.38,C5913767020,80.08,20.7,C9924456994,567.51,567.51,1,0.02666666666666667,0
481,PAYMENT,65.7,C9860949331,86.62,20.92,M8821456242,0.0,0.0,0,0.0,0
441,TRANSFER,4020.33,C4022360089,4364.64,344.31,M8778927211,0.0,0.0,1,0.30333333333333334,0
450,PAYMENT,1.0,C9441018790,0.0,0.0,M6053489772,0.0,0.0,0,0.0,0
83,PAYMENT,1.0,C8852676046,0.0,0.0,M8626371177,0.0,0.0,0,0.0,0
297,PAYMENT,197.29,C3515167269,224.58,27.29,M3636366799,0.0,0.0,0,0.0,0
576,TRANSFER,125914.6,C9704383251,138601.96,12687.36,M1666898313,0.0,0.0,1,0.32666666666666666,0
117,CASH_OUT,15278.42,C7633342225,13213.04,0.0,M7764117705,0.0,0.0,1,0.04,0
434,PAYMENT,13.76,C1282103057,27.13,13.37,M7230477043,0.0,0.0,0,0.0,0
442,CASH_OUT,7373.59,C2645272822,14071.71,6698.12,C3047869247,249.41,249.41,0,0.006666666666666667,0
601,PAYMENT,1466.3,C1158998032,1489.62,23.32,M6763471833,0.0,0.0,0,0.0,0
24,TRANSFER,214.88,C9776185998,234.27,19.39,M6361225622,0.0,0.0,1,0.15333333333333332,0
543,PAYMENT,13.8,C1749459431,14.52,0.72,M6992094064,0.0,0.0,0,0.0,0
86,DEBIT,7.25,C8417757797,8.54,1.29,M2303835765,0.0,0.0,0,0.023333333333333334,0
553,PAYMENT,1.0,C9558091177,0.0,0.0,M6865994703,0.0,0.0,0,0.0,0
417,TRANSFER,1714.08,C6805759868,7392.4,5678.32,C2266622851,0.0,1714.08,0,0.03333333333333333,0
430,PAYMENT,120.49,C3553440342,146.96,26.47,M6894024976,0.0,0.0,0,0.0,0
71,CASH_OUT,7736.98,C8953726023,9705.4,1968.42,C3910678913,120.18,120.18,0,0.0,0
310,CASH_OUT,1927.82,C8151583833,2253.23,325.41,C3698343112,17.59,17.59,0,0.006666666666666667,0
509,CASH_OUT,3263.76,C3045102506,4440.29,1176.53,M7437168216,0.0,0.0,1,0.02,0
111,TRANSFER,937.61,C6910112521,1808.27,870.66,C5789617427,85483.2,86420.81,0,0.0,0
523,CASH_OUT,86.6,C1662976399,94.7,8.1,M8626371177,0.0,0.0,1,0.04,0
177,TRANSFER,7112.24,C1955345537,6932.91,0.0,C1756345332,90.24,90.24,1,0.41333333333333333,0
678,PAYMENT,13602.95,C5945359606,23806.36,10203.41,M7514017540,0.0,0.0,0,0.0,0
32,PAYMENT,1.0,C9945002229,0.0,0.0,M5325865521,0.0,0.0,0,0.0,0
238,PAYMENT,276.86,C6822870815,367.79,90.93,M1783432867,0.0,0.0,0,0.0,0
299,PAYMENT,5.03,C7533932947,12.47,7.44,M4522855590,0.0,0.0,0,0.0,0
547,TRANSFER,589.14,C7581349462,586.77,0.0,C2125089309,2789.46,2789.46,1,0.06666666666666667,0
559,PAYMENT,6.5,C4486522557,4452.34,4445.84,M4329446784,0.0,0.0,0,0.0,0
389,PAYMENT,1.74,C7824150224,4.56,2.82,M9590331226,0.0,0.0,0,0.0,0
644,TRANSFER,4033.85,C3725152347,3888.24,0.0,C1736086849,0.0,4033.85,1,0.38333333333333336,0
658,PAYMENT,11232.61,C5789617427,86420.81,75188.2,M4329446784,0.0,0.0,0,0.0,0
621,TRANSFER,35649.03,C7896596272,53435.45,17786.42,C8953726023,1968.42,37617.45,0,0.0,0
415,CASH_OUT,20.54,C8923555411,48.14,27.6,C5400463094,51.82,51.82,0,0.043333333333333335,0
425,TRANSFER,8944.84,C9592390865,9973.51,1028.67,M8910440683,0.0,0.0,1,0.2833333333333333,0
661,PAYMENT,752.8,C9094089209,986.09,233.29,M9068916300,0.0,0.0,0,0.0,0
349,TRANSFER,170.73,C8351491401,273.06,102.33,C6628158856,90.34,261.07,0,0.0,0
350,PAYMENT,578.63,C2785736751,1090.31,511.68,M3457877922,0.0,0.0,0,0.0,0
171,CASH_OUT,14255.41,C2591589823,18110.6,3855.19,C8517413631,0.0,0.0,1,0.0033333333333333335,0
317,CASH_OUT,215.76,C5693307665,186.88,0.0,M9625656293,0.0,0.0,1,0.056666666666666664,0
461,PAYMENT,6.19,C4277561834,10.59,4.4,M2156184315,0.0,0.0,0,0.0,0
348,PAYMENT,1.0,C8274273035,0.0,0.0,M9916475897,0.0,0.0,0,0.0,0
440,DEBIT,713.79,C7934137693,800.05,86.26,M6651754819,0.0,0.0,0,0.04,0
133,PAYMENT,131.49,C5625342041,252.01,120.52,M9822499208,0.0,0.0,0,0.0,0
45,TRANSFER,1193.4,C9557663181,1063.25,0.0,M8874242713,0.0,0.0,1,0.3333333333333333,0
684,PAYMENT,1.0,C8684942020,0.0,0.0,M1999913493,0.0,0.0,0,0.0,0
198,PAYMENT,1.0,C9318010743,0.0,0.0,M7951820749,0.0,0.0,0,0.0,0
96,CASH_OUT,786.47,C7882206934,1033.37,246.9,M5194066484,0.0,0.0,1,0.0,0
470,PAYMENT,962.82,C9592390865,1028.67,65.85,M1357561213,0.0,0.0,0,0.0,0
627,TRANSFER,108.58,C2660286914,180.07,71.49,C5883933127,5237.29,5345.87,0,0.03,0
333,PAYMENT,1.0,C4710967433,0.0,0.0,M4390543744,0.0,0.0,0,0.0,0
400,PAYMENT,141.69,C3651552513,167.33,25.64,M2885370603,0.0,0.0,0,0.0,0
708,PAYMENT,1.0,C7660157097,0.0,0.0,M5194066484,0.0,0.0,0,0.0033333333333333335,0
466,TRANSFER,1.0,C5750815980,0.0,0.0,C2571688961,0.0,1.0,0,0.22,0
409,PAYMENT,1.0,C5728765136,0.0,0.0,M1811839103,0.0,0.0,0,0.0,0
91,PAYMENT,1.0,C5935852056,0.0,0.0,M7230477043,0.0,0.0,0,0.0,0
43,CASH_IN,78689.32,C2181241943,102.25,78791.57,C3380064537,0.0,0.0,0,0.0,0
209,CASH_OUT,292.86,C6674372082,342.58,49.72,C6613888489,33297.82,33297.82,1,0.0033333333333333335,0
615,CASH_OUT,3789.2,C5703357871,3183.15,0.0,C7767834064,139.85,139.85,1,0.17,0
238,CASH_IN,1542.07,C5789617427,75188.2,76730.27,C8531118333,2877.26,2877.26,0,0.0,0
709,PAYMENT,1.0,C9411532909,0.0,0.0,M8964269909,0.0,0.0,0,0.0,0
352,TRANSFER,1.35,C4735313433,2.74,1.39,C9663561486,2911.59,2912.94,0,0.0,0
5,TRANSFER,1896.63,C1676168421,1798.25,0.0,C8755749566,8.15,1904.78,1,0.13666666666666666,0
233,DEBIT,184.37,C6443749394,260.66,76.29,M8728631945,0.0,0.0,0,0.016666666666666666,0
206,TRANSFER,44386.27,C6982610835,54923.9,10537.63,C3587283948,3612.38,47998.65,0,0.0,0
6,PAYMENT,1.0,C1276905285,0.0,0.0,M5815678365,0.0,0.0,0,0.0,0
154,TRANSFER,2883.14,C5996775663,4029.25,1146.11,C2785736751,511.68,3394.82,1,0.0,0
111,TRANSFER,227.65,C5407856339,285.32,57.67,C5783809766,26525.72,26525.72,1,0.0,0
465,CASH_OUT,1.0,C5689870435,0.0,0.0,C3207160929,0.0,0.0,0,0.09,0
46,PAYMENT,24.72,C7910439839,53.66,28.94,M1908459040,0.0,0.0,0,0.0,0
483,TRANSFER,63.6,C2224336336,70.31,6.71,C8666074487,3772.99,3836.59,0,0.03333333333333333,0
350,TRANSFER,246.29,C7393195616,265.28,18.99,C5774080233,9470.59,9716.88,0,0.0,0
659,TRANSFER,1431.43,C3866755218,1703.36,271.93,C2232285036,4.42,1435.85,1,0.056666666666666664,0
426,PAYMENT,3.52,C9333490239,10.7,7.18,M3495411322,0.0,0.0,0,0.0,0
417,PAYMENT,24.35,C8987073217,121.05,96.7,M6820149016,0.0,0.0,0,0.0,0
27,TRANSFER,4.78,C9434946584,21.97,17.19,C4159699467,0.0,4.78,0,0.15666666666666668,0
357,TRANSFER,2274.46,C6072939882,2251.18,0.0,C7635473142,3090.32,3090.32,1,0.07666666666666666,0
475,TRANSFER,3594.47,C5243939720,3429.17,0.0,C6942989052,0.0,0.0,1,0.9366666666666666,1
265,PAYMENT,1.0,C2854772804,0.0,0.0,M5714658227,0.0,0.0,0,0.0,0
235,PAYMENT,1.0,C3725152347,0.0,0.0,M7664045502,0.0,0.0,0,0.0,0
367,PAYMENT,3.46,C6156843353,6.3,2.84,M6651020291,0.0,0.0,0,0.0,0
300,CASH_OUT,4926.15,C2095286033,4163.53,0.0,M3495411322,0.0,0.0,1,0.10666666666666667,0
202,PAYMENT,214.28,C6923206003,229.53,15.25,M5891831621,0.0,0.0,0,0.0,0
555,TRANSFER,370.06,C5141285960,433.72,63.66,C2137651678,0.0,370.06,1,0.07333333333333333,0
483,DEBIT,251.84,C7951902330,639.2,387.36,M8903212516,0.0,0.0,0,0.023333333333333334,0
572,TRANSFER,1894.24,C1361845490,2655.82,761.58,M4125758723,0.0,0.0,1,0.3,0
579,CASH_OUT,5795.98,C3734252963,14761.99,8966.01,C5606736607,0.0,0.0,0,0.016666666666666666,0
629,CASH_OUT,1.0,C9544423456,0.0,0.0,C6797174636,99.84,99.84,0,0.05,0
315,DEBIT,339.01,C6877052039,588.62,249.61,M4242579642,0.0,0.0,0,0.013333333333333334,0
311,PAYMENT,709.17,C5077921573,783.79,74.62,M1122712790,0.0,0.0,0,0.0,0
570,CASH_OUT,70543.46,C6922713963,138333.92,67790.46,C6852312425,2.76,2.76,0,0.013333333333333334,0
308,PAYMENT,85.49,C7092693247,135.96,50.47,M1999913493,0.0,0.0,0,0.0,0
387,CASH_OUT,24.18,C5710360983,48.86,24.68,C3206955437,1924.83,1924.83,0,0.006666666666666667,0
577,PAYMENT,1.0,C3171050399,0.0,0.0,M4522855590,0.0,0.0,0,0.0,0
448,PAYMENT,605.0,C7098134112,783.72,178.72,M6282009986,0.0,0.0,0,0.0,0
270,TRANSFER,2929.47,C6557907251,2490.22,0.0,C1421776124,33.24,33.24,1,0.63,1
599,DEBIT,28.47,C9470922075,36.95,8.48,M6053489772,0.0,0.0,0,0.03,0
586,PAYMENT,1.0,C6710338189,0.0,0.0,M2541015125,0.0,0.0,0,0.0,0
73,TRANSFER,48.25,C8709361138,55.57,7.32,M6384311581,0.0,0.0,1,0.16666666666666666,0
640,DEBIT,1.0,C7699500243,0.0,0.0,M2391874847,0.0,0.0,0,0.05333333333333334,0
101,PAYMENT,167.23,C8287542751,758.19,590.96,M3322580659,0.0,0.0,0,0.0,0
468,PAYMENT,18.25,C1160913827,49.92,31.67,M5315720088,0.0,0.0,0,0.0,0
342,CASH_OUT,1.0,C6792661894,0.0,0.0,C9752058817,0.0,0.0,0,0.03333333333333333,0
100,CASH_OUT,64.87,C9248574674,78.21,13.34,C9911329062,168.79,168.79,0,0.0033333333333333335,0
151,CASH_OUT,4194.81,C3147818256,3691.24,0.0,M7960713821,0.0,0.0,1,0.05333333333333334,0
1,TRANSFER,1706.92,C4752171298,2925.75,1218.83,C5993571693,0.0,1706.92,0,0.016666666666666666,0
514,DEBIT,1.0,C2928130926,0.0,0.0,M8083396378,0.0,0.0,0,0.043333333333333335,0
631,PAYMENT,256.98,C2941508568,1350.83,1093.85,M9398575277,0.0,0.0,0,0.0,0
387,PAYMENT,1.0,C6065662867,0.0,0.0,M1857561275,0.0,0.0,0,0.0,0
273,TRANSFER,801.23,C6868336102,745.62,0.0,C7088451458,41828.73,41828.73,1,0.0,0
680,TRANSFER,500.11,C4503614567,420.85,0.0,C4655730355,1422.58,1422.58,1,0.06666666666666667,0
200,PAYMENT,1.0,C6548442140,0.0,0.0,M1802753761,0.0,0.0,0,0.0,0
502,PAYMENT,5.89,C4750707607,17.18,11.29,M2418407139,0.0,0.0,0,0.0,0
596,PAYMENT,1.0,C3033747850,0.0,0.0,M6515490818,0.0,0.0,0,0.0,0
425,DEBIT,46295.69,C3384006407,98904.17,52608.48,M4820942294,0.0,0.0,0,0.016666666666666666,0
512,CASH_OUT,5066.74,C1667779376,4770.45,0.0,M5937271321,0.0,0.0,1,0.2,0
154,CASH_OUT,48782.3,C7088451458,41828.73,0.0,M7050091525,0.0,0.0,1,0.006666666666666667,0
34,CASH_OUT,2206.15,C8867077130,2825.53,619.38,M9065458220,0.0,0.0,1,0.0,0
567,CASH_OUT,324.66,C8084809436,349.2,24.54,M6659847491,0.0,0.0,1,0.04,0
68,CASH_OUT,111.9,C6623360831,101.05,0.0,M3517195150,0.0,0.0,1,0.013333333333333334,0
271,TRANSFER,1223.34,C3828935922,1533.42,310.08,C1083651970,585.42,585.42,1,0.0,0
390,CASH_OUT,3762.27,C9963334018,3919.27,157.0,M6361225622,0.0,0.0,1,0.01,0
408,TRANSFER,701.54,C8318855178,669.57,0.0,C7685540186,55971.13,55971.13,1,0.0033333333333333335,0
109,PAYMENT,444.4,C5292015249,591.68,147.28,M7928143230,0.0,0.0,0,0.0,0
393,CASH_OUT,10034.39,C1674555072,8752.99,0.0,C8075122626,295.92,295.92,1,0.15333333333333332,0
464,PAYMENT,1231.22,C9547119184,1726.38,495.16,M1357561213,0.0,0.0,0,0.0,0
332,TRANSFER,4425.24,C5569145346,3850.53,0.0,C5943324387,291.88,291.88,1,0.18,0
567,CASH_OUT,149.19,C5058691146,50765.97,50616.78,C8057994126,942.61,942.61,0,0.006666666666666667,0
211,PAYMENT,1283.03,C1131267917,2825.07,1542.04,M4399143287,0.0,0.0,0,0.0,0
402,PAYMENT,1.0,C9249923427,0.0,0.0,M8030400668,0.0,0.0,0,0.0,0
12,PAYMENT,140.93,C8703867299,374.21,233.28,M2869931869,0.0,0.0,0,0.0,0
393,PAYMENT,21826.96,C4586784711,22937.9,1110.94,M7512767226,0.0,0.0,0,0.0,0
482,TRANSFER,1.0,C2087974350,0.0,0.0,C4274958945,181.31,182.31,0,0.12333333333333334,0
477,PAYMENT,1.0,C7981077394,0.0,0.0,M2773408660,0.0,0.0,0,0.0,0
314,CASH_IN,1097.38,C3343292475,4668.51,5765.89,C2756070122,39.08,39.08,0,0.0,0
65,PAYMENT,2.25,C4888749350,3308.82,3306.57,M5714658227,0.0,0.0,0,0.0,0
308,PAYMENT,1.0,C3815287619,0.0,0.0,M3322580659,0.0,0.0,0,0.0,0
654,PAYMENT,1.0,C1862812038,0.0,0.0,M2604788242,0.0,0.0,0,0.0,0
331,TRANSFER,1.0,C2250949136,0.0,0.0,C8293453178,37.92,38.92,0,0.15333333333333332,0
551,CASH_OUT,4745.14,C6562434335,4142.47,0.0,M4865979921,0.0,0.0,1,0.23333333333333334,0
121,TRANSFER,9633.92,C1546696950,9925.41,291.49,C7920516981,0.0,0.0,1,0.19666666666666666,0
366,CASH_OUT,4674.18,C9479654136,4373.26,0.0,M5794335854,0.0,0.0,1,0.15,0
604,PAYMENT,475.01,C1233079614,153980.8,153505.79,M1122712790,0.0,0.0,0,0.0,0
263,CASH_OUT,2.47,C9309500117,5.11,2.64,C8575707116,458.06,458.06,0,0.01,0
415,CASH_OUT,5.05,C4095476665,38.56,33.51,C4172006012,148.28,148.28,0,0.043333333333333335,0
258,PAYMENT,1.0,C7321180787,0.0,0.0,M5380159400,0.0,0.0,0,0.0,0
357,CASH_OUT,65483.5,C2617999521,132368.64,66885.14,C4287687478,0.0,0.0,0,0.0,0
370,CASH_OUT,45800.89,C7760554363,38940.3,0.0,M5270048042,0.0,0.0,1,0.023333333333333334,0
668,PAYMENT,2.46,C4159699467,4.78,2.32,M9896529524,0.0,0.0,0,0.0,0
213,TRANSFER,544.88,C6178804925,518.76,0.0,M8869140487,0.0,0.0,1,0.2966666666666667,0
196,PAYMENT,1.0,C7287517250,0.0,0.0,M1908459040,0.0,0.0,0,0.0,0
410,TRANSFER,1.0,C3030106617,3.51,2.51,C2914126243,42.99,43.99,0,0.12,0
675,PAYMENT,17409.34,C1600406558,59325.84,41916.5,M9620935604,0.0,0.0,0,0.0,0
534,PAYMENT,3964.0,C7099469983,4190.7,226.7,M4390543744,0.0,0.0,0,0.0,0
595,CASH_OUT,774.85,C9098129449,106089.4,105314.55,C6623360831,0.0,0.0,0,0.01,0
161,DEBIT,27.9,C7004510516,61.16,33.26,M7969674420,0.0,0.0,0,0.02,0
165,PAYMENT,159.12,C2416760621,576.3,417.18,M4460319291,0.0,0.0,0,0.0,0
354,DEBIT,1.0,C3906611156,0.0,0.0,M7437168216,0.0,0.0,0,0.04,0
416,PAYMENT,9.28,C2389803385,27.8,18.52,M8083396378,0.0,0.0,0,0.0,0
67,PAYMENT,99.18,C3975704877,110.87,11.69,M4456193555,0.0,0.0,0,0.0,0
172,CASH_OUT,434.64,C6353758928,406.82,0.0,M7664045502,0.0,0.0,1,0.04666666666666667,0
577,PAYMENT,91.43,C8755749566,1904.78,1813.35,M7341757401,0.0,0.0,0,0.0,0
163,CASH_OUT,1.0,C5693307665,0.0,0.0,C4632522232,0.0,0.0,0,0.013333333333333334,0
667,PAYMENT,2.58,C1139082827,10.88,8.3,M8646369354,0.0,0.0,0,0.0,0
179,TRANSFER,3322.46,C1400330495,4283.37,960.91,C3716924538,0.0,0.0,1,0.17666666666666667,0
671,TRANSFER,3101.37,C5293274004,2900.49,0.0,M5990749811,0.0,0.0,1,0.9066666666666666,1
74,CASH_OUT,70726.64,C9995834531,68897.71,0.0,M1888107487,0.0,0.0,1,0.06666666666666667,0
525,TRANSFER,4658.62,C2627677155,5192.1,533.48,C6822870815,90.93,90.93,1,0.20666666666666667,0
505,CASH_OUT,625.03,C4538382315,664.83,39.8,C7470843264,39280.34,39280.34,0,0.016666666666666666,0
499,TRANSFER,96.49,C6822870815,90.93,0.0,C6618926823,921.03,921.03,1,0.08333333333333333,0
295,CASH_OUT,181.83,C9451577335,242.44,60.61,C5704029171,0.0,0.0,0,0.006666666666666667,0
403,DEBIT,1.0,C9995834531,0.0,0.0,M9773795424,0.0,0.0,0,0.043333333333333335,0
717,CASH_OUT,1.0,C8048810275,0.0,0.0,C2065354117,812.33,812.33,0,0.06333333333333334,0
241,PAYMENT,55.04,C5625342041,120.52,65.48,M4211837506,0.0,0.0,0,0.0,0
580,PAYMENT,1.0,C7100408092,0.0,0.0,M6101516825,0.0,0.0,0,0.0,0
448,PAYMENT,840.75,C7473868020,942.89,102.14,M9098037639,0.0,0.0,0,0.0,0
577,PAYMENT,239.19,C3995732958,530.26,291.07,M3469205576,0.0,0.0,0,0.0,0
62,TRANSFER,3423.3,C4538382315,3578.31,155.01,M3469205576,0.0,0.0,1,0.22333333333333333,0
287,CASH_OUT,2382.71,C3878201524,2696.03,313.32,C6122110529,283.21,283.21,1,0.013333333333333334,0
345,CASH_OUT,18400.98,C7199283151,26412.25,8011.27,C7316122432,1.51,1.51,0,0.0033333333333333335,0
69,TRANSFER,1.0,C6171239466,0.0,0.0,C3362657890,3391.75,3392.75,0,0.0033333333333333335,0
491,PAYMENT,1.0,C9553561889,0.0,0.0,M3457877922,0.0,0.0,0,0.0,0
273,PAYMENT,1.0,C1041531046,0.0,0.0,M9933702652,0.0,0.0,0,0.0,0
534,PAYMENT,1.0,C4895020135,0.0,0.0,M6866146362,0.0,0.0,0,0.0,0
453,CASH_OUT,26713.39,C6645808194,35404.59,8691.2,C7209571615,0.0,0.0,1,0.013333333333333334,0
593,PAYMENT,78.03,C3799620568,128.66,50.63,M6992094064,0.0,0.0,0,0.0,0
421,TRANSFER,3001.6,C2770980600,2966.88,0.0,M3566125120,0.0,0.0,1,0.8833333333333333,1
279,CASH_OUT,1520.19,C4632522232,1589.12,68.93,M9918338001,0.0,0.0,1,0.0033333333333333335,0
672,TRANSFER,181.04,C8703867299,233.28,52.24,C4026113008,170.97,170.97,1,0.07,0
588,PAYMENT,3853.29,C6566372886,5586.11,1732.82,M7437168216,0.0,0.0,0,0.0,0
528,PAYMENT,41.3,C5141285960,63.66,22.36,M3508990774,0.0,0.0,0,0.0,0
609,CASH_IN,81937.95,C8236361108,138.69,82076.64,C8265834251,6546.88,6546.88,0,0.0,0
283,DEBIT,136.68,C4022360089,344.31,207.63,M4892544235,0.0,0.0,0,0.013333333333333334,0
704,PAYMENT,25.24,C6415031531,55.38,30.14,M7570511906,0.0,0.0,0,0.0,0
212,CASH_OUT,42.06,C8366884200,62.63,20.57,C6633778586,29642.01,29642.01,0,0.0033333333333333335,0
607,CASH_OUT,831.95,C4145461251,1075.69,243.74,M6583604299,0.0,0.0,1,0.02666666666666667,0
622,PAYMENT,544.24,C5306459450,1148.5,604.26,M2604788242,0.0,0.0,0,0.0,0
10,TRANSFER,4273.29,C4750707607,4634.92,361.63,M7340036327,0.0,0.0,1,0.17333333333333334,0
536,CASH_IN,722.61,C6037168610,19712.01,20434.62,C2965164102,309.26,309.26,0,0.0,0
62,PAYMENT,3.71,C6634526139,5.42,1.71,M8910440683,0.0,0.0,0,0.0,0
390,PAYMENT,2705.83,C7185179917,3938.71,1232.88,M9098037639,0.0,0.0,0,0.0,0
46,PAYMENT,112.02,C3853978147,835.51,723.49,M1122712790,0.0,0.0,0,0.0,0
623,PAYMENT,19.94,C5789633176,61.58,41.64,M6865994703,0.0,0.0,0,0.0,0
199,CASH_OUT,2951.57,C2423995953,2485.94,0.0,M6041646576,0.0,0.0,1,0.056666666666666664,0
452,TRANSFER,4128.62,C5584288132,4852.12,723.5,M6763471833,0.0,0.0,1,0.29333333333333333,0
84,CASH_OUT,9300.02,C1242425303,8154.34,0.0,M8646369354,0.0,0.0,1,0.07666666666666666,0
512,TRANSFER,340.54,C8674224347,821.14,480.6,C5736462531,0.0,340.54,0,0.07666666666666666,0
112,PAYMENT,2.07,C5078551333,2.31,0.24,M5694439775,0.0,0.0,0,0.0033333333333333335,0
260,CASH_OUT,6.83,C2139027119,18.84,12.01,C9461708554,0.0,0.0,0,0.0,0
150,TRANSFER,1162.63,C1131267917,1542.04,379.41,C6572436051,0.0,1162.63,0,0.0,0
699,TRANSFER,626.37,C5403510324,545.79,0.0,M4892544235,0.0,0.0,1,0.25666666666666665,0
346,CASH_OUT,1604.21,C3875303857,2194.51,590.3,C5933179746,33165.28,33165.28,0,0.0,0
462,TRANSFER,1.0,C2188332531,0.0,0.0,C7640078465,384.8,385.8,0,0.09,0
631,PAYMENT,395.97,C2183906581,819.34,423.37,M3508990774,0.0,0.0,0,0.0,0
670,PAYMENT,1.0,C7801180691,0.0,0.0,M6763471833,0.0,0.0,0,0.0,0
46,CASH_OUT,172.16,C9270323795,405.2,233.04,C3147818256,0.0,0.0,0,0.0033333333333333335,0
306,CASH_OUT,1779.66,C1430073711,3037.18,1257.52,C5703357871,0.0,0.0,0,0.006666666666666667,0
676,CASH_OUT,10.58,C9860949331,20.92,10.34,C6046864799,3.62,3.62,0,0.02666666666666667,0
129,TRANSFER,1.0,C5118430494,0.0,0.0,C6642201119,0.0,1.0,0,0.19,0
382,PAYMENT,1.0,C9581991473,0.43,0.0,M1096405016,0.0,0.0,0,0.0,0
626,PAYMENT,1434.05,C1197092148,1790.28,356.23,M8858274691,0.0,0.0,0,0.0,0
574,DEBIT,25.28,C1050899550,91.64,66.36,M6313472215,0.0,0.0,0,0.03,0
576,TRANSFER,481.26,C2732553940,474.66,0.0,C9433570024,5.32,5.32,1,0.21333333333333335,0
157,CASH_OUT,276.26,C7979466538,273.14,0.0,M4641902461,0.0,0.0,1,0.02,0
459,TRANSFER,823.15,C6493800024,855.16,32.01,C7418301077,409.39,409.39,1,0.09666666666666666,0
489,TRANSFER,258.09,C7471636437,592.29,334.2,C6142469284,9639.92,9898.01,0,0.006666666666666667,0
113,CASH_OUT,1.0,C3479708607,0.0,0.0,C7376649850,473.98,473.98,0,0.0033333333333333335,0
307,TRANSFER,339.2,C3674551397,713.21,374.01,C7625464411,4.02,343.22,0,0.006666666666666667,0
487,PAYMENT,1235.2,C3758823240,1540.03,304.83,M6525576685,0.0,0.0,0,0.0,0
581,CASH_OUT,805.17,C1306702926,100940.99,100135.82,C4921003983,117796.46,117796.46,0,0.0,0
59,TRANSFER,7612.37,C7199283151,8011.27,398.9,M6275155878,0.0,0.0,1,0.20333333333333334,0
130,TRANSFER,4604.96,C3694860228,6084.69,1479.73,C8366884200,20.57,4625.53,1,0.0033333333333333335,0
716,TRANSFER,3148.98,C5957341287,3263.85,114.87,M6275155878,0.0,0.0,1,0.4533333333333333,0
399,TRANSFER,1085.25,C7193532615,1256.67,171.42,M1199447370,0.0,0.0,1,0.11333333333333333,0
215,PAYMENT,38.51,C8093179263,2148.89,2110.38,M1185303518,0.0,0.0,0,0.0,0
238,TRANSFER,2183.92,C7751356568,1995.75,0.0,M3705237613,0.0,0.0,1,0.62,1
457,CASH_IN,106558.17,C1234359689,15761.8,122319.97,C2350701477,32.3,32.3,0,0.0,0
548,PAYMENT,1.94,C4311931853,66330.2,66328.26,M2778069478,0.0,0.0,0,0.0,0
718,CASH_IN,37565.69,C8547068234,23.71,37589.4,C1965067727,2.17,2.17,0,0.0,0
696,TRANSFER,1696.95,C1471997674,2319.04,622.09,M6894024976,0.0,0.0,1,0.2833333333333333,0
314,CASH_OUT,3627.0,C4034047118,3657.74,30.74,M2249831874,0.0,0.0,1,0.01,0
192,TRANSFER,1.0,C6065662867,0.0,0.0,C6566372886,1732.82,1733.82,0,0.006666666666666667,0
311,CASH_OUT,88.71,C6894808149,125.29,36.58,C7085004726,5.01,5.01,1,0.0033333333333333335,0
669,TRANSFER,3705.45,C2756070122,3515.22,0.0,C9376711497,1496.23,1496.23,1,0.3333333333333333,0
281,PAYMENT,59.69,C6715961218,193.39,133.7,M3517195150,0.0,0.0,0,0.0,0
173,TRANSFER,52.02,C3923699745,62.93,10.91,C2612579345,6088.19,6140.21,0,0.0033333333333333335,0
305,TRANSFER,740.65,C3313993297,809.22,68.57,C3758823240,304.83,1045.48,0,0.0033333333333333335,0
126,TRANSFER,3014.26,C2423995953,3790.93,776.67,M8790289305,0.0,0.0,1,0.17333333333333334,0
707,PAYMENT,1.0,C8229344434,1.0,0.0,M8869140487,0.0,0.0,0,0.0033333333333333335,0
203,CASH_OUT,232.88,C5409514899,831.15,598.27,C9963334018,157.0,157.0,0,0.0033333333333333335,0
387,PAYMENT,34.82,C6715705115,103.23,68.41,M2778069478,0.0,0.0,0,0.0,0
415,PAYMENT,1.0,C4586139213,0.0,0.0,M5919148165,0.0,0.0,0,0.0,0
289,PAYMENT,1.0,C2918260963,0.0,0.0,M3566125120,0.0,0.0,0,0.0,0
16,CASH_OUT,988.79,C4472312361,1327.16,338.37,C3003484425,189.41,189.41,0,0.0,0
515,CASH_OUT,1436.25,C9285415473,1895.35,459.1,C7608153267,0.0,0.0,0,0.02666666666666667,0
325,PAYMENT,11468.97,C7397963801,36693.4,25224.43,M7969674420,0.0,0.0,0,0.0,0
557,PAYMENT,382.04,C2047905204,535.03,152.99,M5087280062,0.0,0.0,0,0.0,0
125,TRANSFER,304.03,C7271954644,361.52,57.49,M4093474499,0.0,0.0,1,0.14333333333333334,0
434,TRANSFER,9919.1,C4201225242,8419.84,0.0,M3690714075,0.0,0.0,1,0.8833333333333333,1
32,PAYMENT,1213.03,C8531118333,2877.26,1664.23,M6820149016,0.0,0.0,0,0.0,0
365,DEBIT,254.67,C8527715219,302.68,48.01,M6606958660,0.0,0.0,0,0.02,0
261,CASH_OUT,852.63,C2176904638,1072.53,219.9,C5714169271,0.0,0.0,1,0.0033333333333333335,0
640,PAYMENT,7159.01,C3511301900,38608.46,31449.45,M2187592160,0.0,0.0,0,0.0,0
506,TRANSFER,2.48,C9856756553,3.89,1.41,C2331039957,361.86,364.34,0,0.07666666666666666,0
72,CASH_OUT,17.83,C2068687175,84.44,66.61,C5754363475,0.0,0.0,0,0.0033333333333333335,0
372,TRANSFER,1.46,C2431779064,1.88,0.42,C8055515912,13.75,15.21,0,0.18333333333333332,0
475,CASH_OUT,1832.06,C1602569046,1882.7,50.64,M2115406331,0.0,0.0,1,0.09666666666666666,0
591,CASH_OUT,133388.41,C2493660313,188713.36,55324.95,C6596578419,0.0,0.0,0,0.013333333333333334,0
268,TRANSFER,3.09,C4736031885,7.74,4.65,C3880327491,45.64,48.73,0,0.1,0
99,TRANSFER,455.38,C6491309593,735.39,280.01,C2780136605,10.19,465.57,0,0.01,0
434,TRANSFER,8.27,C3483827971,40.97,32.7,C6089026099,0.0,8.27,0,0.16333333333333333,0
612,CASH_OUT,725.31,C5754363475,898.27,172.96,C2870403050,361.8,361.8,1,0.02666666666666667,0
702,TRANSFER,213.72,C4914929023,209.56,0.0,C2848792488,13965.51,13965.51,1,0.0,0
216,DEBIT,1.0,C2445662585,0.0,0.0,M7537130187,0.0,0.0,0,0.03,0
99,PAYMENT,1.0,C1127978094,0.0,0.0,M8218146534,0.0,0.0,0,0.0,0
3,TRANSFER,3709.42,C4302632494,3360.3,0.0,M8778927211,0.0,0.0,1,0.77,1
328,DEBIT,60.45,C2390587865,86.71,26.26,M5564953924,0.0,0.0,0,0.023333333333333334,0
568,TRANSFER,2653.51,C9343730920,3774.75,1121.24,M1908459040,0.0,0.0,1,0.2833333333333333,0
524,TRANSFER,3753.02,C8795212264,3235.69,0.0,M3831598303,0.0,0.0,1,0.94,1
487,DEBIT,1.0,C2699887270,0.0,0.0,M2121448210,0.0,0.0,0,0.04666666666666667,0
172,CASH_OUT,6.33,C5141285960,22.36,16.03,C7556046460,0.0,0.0,0,0.0,0
18,TRANSFER,167.77,C4630196130,141.44,0.0,C7340428136,78.35,78.35,1,0.12333333333333334,0
178,CASH_OUT,948.65,C8543865915,1104.39,155.74,C6237376063,2.31,2.31,0,0.0,0
475,CASH_OUT,1.0,C9539945315,0.0,0.0,C8086527181,3755.15,3755.15,0,0.056666666666666664,0
404,PAYMENT,20.38,C1399546384,32.95,12.57,M5380159400,0.0,0.0,0,0.0,0
189,CASH_OUT,1.0,C8833399096,0.0,0.0,C6009268066,89.52,89.52,0,0.0,0
294,CASH_OUT,79.47,C3567900251,100.27,20.8,M9576264323,0.0,0.0,1,0.006666666666666667,0
270,PAYMENT,10189.46,C8953726023,37617.45,27427.99,M8903212516,0.0,0.0,0,0.0,0
534,TRANSFER,910.71,C8160279830,1969.45,1058.74,C4632522232,68.93,979.64,0,0.05333333333333334,0
387,PAYMENT,550.38,C7402059279,938.54,388.16,M9065458220,0.0,0.0,0,0.0,0
291,TRANSFER,1.0,C3057629778,0.0,0.0,C1664847319,280615.17,280616.17,0,0.0,0
562,TRANSFER,56.09,C6340003593,71.43,15.34,M1083302600,0.0,0.0,1,0.17666666666666667,0
562,CASH_OUT,56044.36,C2493660313,55324.95,0.0,C6583444930,262.25,262.25,1,0.06666666666666667,0
309,PAYMENT,1.0,C6542943838,0.58,0.0,M5714658227,0.0,0.0,0,0.0,0
574,TRANSFER,1.0,C2017675569,0.0,0.0,C5315211627,4.62,5.62,0,0.2,0
641,TRANSFER,5026.63,C5613655595,4615.74,0.0,M3660800029,0.0,0.0,1,0.9633333333333334,1
322,TRANSFER,171.05,C7567496105,156.38,0.0,C3051831252,0.0,171.05,1,0.14,0
713,PAYMENT,1.0,C2610237679,0.0,0.0,M2129491690,0.0,0.0,0,0.0,0
443,TRANSFER,227.18,C4526242854,219.03,0.0,C4655730355,1422.58,1422.58,1,0.08,0
555,CASH_OUT,3755.95,C5883933127,5345.87,1589.92,M8218146534,0.0,0.0,1,0.023333333333333334,0
181,PAYMENT,3651.69,C8086527181,3755.15,103.46,M6498703287,0.0,0.0,0,0.0,0
393,TRANSFER,1.0,C4503614567,0.0,0.0,C9343730920,1121.24,1122.24,0,0.01,0
290,TRANSFER,530.06,C3846570058,569.34,39.28,C9354711271,4.51,534.57,0,0.016666666666666666,0
499,CASH_OUT,247.99,C6362597344,255.77,7.78,C7190276026,4635.94,4635.94,1,0.02666666666666667,0
219,PAYMENT,1.0,C8761469117,0.0,0.0,M2249831874,0.0,0.0,0,0.0,0
704,PAYMENT,1.0,C3639796200,0.0,0.0,M9410569618,0.0,0.0,0,0.0,0
673,TRANSFER,1633.29,C4631048029,1796.31,163.02,C7910439839,28.94,28.94,1,0.2,0
302,PAYMENT,16323.15,C1594312071,21315.75,4992.6,M3846182436,0.0,0.0,0,0.0,0
301,DEBIT,5066.97,C7894019119,8275.56,3208.59,M8144352013,0.0,0.0,0,0.02,0
633,TRANSFER,3934.3,C6961554653,3536.32,0.0,M7717262223,0.0,0.0,1,0.95,1
202,TRANSFER,1066.69,C5275521470,1952.09,885.4,C6649827836,0.0,1066.69,0,0.0,0
677,TRANSFER,1388.77,C2586568081,1286.73,0.0,C4180599722,0.0,0.0,1,0.45,0
277,PAYMENT,1.0,C5035765954,0.0,0.0,M8366710477,0.0,0.0,0,0.0,0
539,TRANSFER,3647.67,C2836553621,3091.62,0.0,M7514017540,0.0,0.0,1,0.94,1
661,CASH_OUT,2559.57,C6618965944,3562.2,1002.63,M9590331226,0.0,0.0,1,0.02666666666666667,0
697,TRANSFER,1.0,C2654584280,0.0,0.0,C7576309274,164674.58,164675.58,0,0.0,0
249,TRANSFER,8895.68,C1245522987,11473.33,2577.65,C8689593739,26.71,8922.39,0,0.0,0
334,CASH_OUT,4734.73,C3205292512,5845.43,1110.7,C7161404428,0.0,0.0,0,0.01,0
623,CASH_OUT,1.0,C5638860656,2.28,1.28,C7161887665,422.7,422.7,0,0.04,0
113,TRANSFER,1189.08,C8236980551,1055.25,0.0,M6992094064,0.0,0.0,1,0.33666666666666667,0
422,PAYMENT,752.24,C9229469952,1262.95,510.71,M1783432867,0.0,0.0,0,0.0,0
502,PAYMENT,1.0,C2893321208,0.0,0.0,M3317856944,0.0,0.0,0,0.0,0
483,TRANSFER,63499.03,C7825844140,53343.02,0.0,C6548442140,0.0,63499.03,1,0.043333333333333335,0
84,CASH_OUT,4224.32,C5778781449,4765.4,541.08,C4641561499,33.37,33.37,1,0.0,0
102,TRANSFER,5365.44,C8906163641,4937.18,0.0,M4390543744,0.0,0.0,1,0.8033333333333333,1
529,TRANSFER,3668.01,C3075362821,4086.82,418.81,M9404002665,0.0,0.0,1,0.30333333333333334,0
513,PAYMENT,69.42,C9986353481,73.6,4.18,M3094407076,0.0,0.0,0,0.0,0
17,TRANSFER,423.32,C6161147047,496.87,73.55,M9590331226,0.0,0.0,1,0.15666666666666668,0
286,PAYMENT,2720.3,C8497938394,3713.98,993.68,M8667946580,0.0,0.0,0,0.0,0
59,PAYMENT,4.83,C9941564880,8.97,4.14,M4641902461,0.0,0.0,0,0.0,0
582,TRANSFER,74.0,C3783290795,63.88,0.0,M3960136787,0.0,0.0,1,0.23666666666666666,0
302,TRANSFER,1.0,C6338036681,1.0,0.0,C8047877267,14376.38,14377.38,0,0.0,0
608,TRANSFER,92.31,C5588254555,117.61,25.3,C4311931853,66328.26,66328.26,1,0.0033333333333333335,0
154,PAYMENT,3151.72,C7784217828,7495.97,4344.25,M4865979921,0.0,0.0,0,0.0,0
513,CASH_OUT,1.02,C8417757797,1.29,0.27,C1590985753,169226.64,169226.64,0,0.0,0
521,TRANSFER,1.0,C3821211202,0.0,0.0,C8664882079,0.0,1.0,0,0.22333333333333333,0
386,TRANSFER,138.69,C1005502537,162.11,23.42,C9547119184,495.16,633.85,0,0.01,0
566,PAYMENT,277.81,C4662861038,506.2,228.39,M2839566253,0.0,0.0,0,0.0,0
242,TRANSFER,2968.61,C7004510516,3508.01,539.4,C5035765954,0.0,2968.61,1,0.0033333333333333335,0
706,CASH_OUT,1.0,C1422701550,0.0,0.0,C8093179263,2110.38,2110.38,0,0.03,0
163,TRANSFER,1041.76,C3980491761,976.53,0.0,C6288227800,22.83,22.83,1,0.25,0
718,CASH_OUT,228.31,C8429141456,192.81,0.0,C8086172302,1172.26,1172.26,1,0.06666666666666667,0
707,PAYMENT,1.0,C7668801906,0.48,0.0,M1666898313,0.0,0.0,0,0.0033333333333333335,0
658,PAYMENT,1.0,C6402580787,0.27,0.0,M8874242713,0.0,0.0,0,0.0,0
182,PAYMENT,67.24,C9392707144,776.52,709.28,M9288057824,0.0,0.0,0,0.0,0
152,CASH_OUT,49.62,C8703867299,52.24,2.62,C9270323795,233.04,233.04,1,0.0,0
651,DEBIT,1069.68,C3693985578,2575.3,1505.62,M1694904767,0.0,0.0,0,0.02666666666666667,0
597,CASH_OUT,535.61,C7376649850,473.98,0.0,M7702529931,0.0,0.0,1,0.08666666666666667,0
128,TRANSFER,58.36,C5028688786,160.32,101.96,C1041531046,0.0,58.36,0,0.13,0
693,TRANSFER,48.99,C4574027737,62.04,13.05,M6515490818,0.0,0.0,1,0.17333333333333334,0
701,TRANSFER,1.0,C7527316141,0.0,0.0,C2020262123,0.0,1.0,0,0.22,0
243,CASH_OUT,169.25,C9306142066,186.75,17.5,C3400244542,26868.21,26868.21,0,0.01,0
221,TRANSFER,25299.85,C9327720702,27641.61,2341.76,M3317856944,0.0,0.0,1,0.2633333333333333,0
253,CASH_OUT,311.99,C8763140509,756.74,444.75,C6128695961,30.7,30.7,0,0.006666666666666667,0
597,TRANSFER,142.09,C5899025962,139.99,0.0,M4522855590,0.0,0.0,1,0.23666666666666666,0
419,CASH_OUT,3380.55,C3291270703,4645.47,1264.92,M8910440683,0.0,0.0,1,0.02666666666666667,0
107,TRANSFER,1012.33,C6649827836,1066.69,54.36,C3781569954,0.0,0.0,1,0.18666666666666668,0
576,CASH_OUT,1.0,C1485574228,0.0,0.0,C6674372082,49.72,49.72,0,0.05333333333333334,0
623,DEBIT,453.31,C7705605962,485.45,32.14,M8646369354,0.0,0.0,0,0.03666666666666667,0
553,TRANSFER,2.67,C5829062179,8.28,5.61,C6046864799,3.62,6.29,0,0.14,0
695,PAYMENT,46.28,C2464137110,207.69,161.41,M9523139706,0.0,0.0,0,0.0,0
376,CASH_OUT,95646.37,C4820055862,121752.41,26106.04,C4311931853,66328.26,66328.26,0,0.0,0
88,PAYMENT,1740.74,C8366884200,4625.53,2884.79,M6866146362,0.0,0.0,0,0.0,0
150,PAYMENT,1033.81,C7759781156,2923.48,1889.67,M4892544235,0.0,0.0,0,0.0,0
338,TRANSFER,42495.27,C8556573246,73025.3,30530.03,C6178804925,0.0,42495.27,0,0.0,0
642,TRANSFER,54644.93,C4311931853,66328.26,11683.33,M9558906999,0.0,0.0,1,0.3,0
223,PAYMENT,781.78,C3923823693,14923.46,14141.68,M5714658227,0.0,0.0,0,0.0,0
135,CASH_IN,74257.39,C7640122370,0.0,74257.39,C1805492785,3.82,3.82,0,0.0,0
460,DEBIT,3.23,C4106464319,8.31,5.08,M9933702652,0.0,0.0,0,0.02666666666666667,0
449,PAYMENT,1.0,C9248046539,0.0,0.0,M9916475897,0.0,0.0,0,0.0,0
16,TRANSFER,149.86,C8598503901,159.87,10.01,C6448001026,0.0,149.86,0,0.06333333333333334,0
42,TRANSFER,2821.74,C8239941612,2446.76,0.0,M4601406440,0.0,0.0,1,0.7933333333333333,1
642,PAYMENT,1.0,C4956362540,0.0,0.0,M3508990774,0.0,0.0,0,0.0,0
177,TRANSFER,32165.52,C9155819200,31259.02,0.0,C8057994126,942.61,942.61,1,0.13,0
656,PAYMENT,6.16,C2075413763,12.06,5.9,M7969674420,0.0,0.0,0,0.0,0
428,PAYMENT,1.0,C8317619798,0.0,0.0,M5919148165,0.0,0.0,0,0.0,0
334,CASH_OUT,9995.69,C4311931853,11683.33,1687.64,C6287793163,0.0,0.0,1,0.01,0
99,DEBIT,7779.55,C7215110267,14848.37,7068.82,M9640701016,0.0,0.0,0,0.02,0
40,CASH_OUT,1.0,C8236980551,0.0,0.0,C9136780852,1.41,1.41,0,0.0033333333333333335,0
199,PAYMENT,1.0,C1754603440,0.0,0.0,M3369412470,0.0,0.0,0,0.0,0
535,PAYMENT,1.0,C8468071953,0.0,0.0,M5959736235,0.0,0.0,0,0.0,0
594,CASH_OUT,363.4,C2137651678,370.06,6.66,C9546021691,0.0,0.0,1,0.043333333333333335,0
165,PAYMENT,976.39,C1795212538,2619.71,1643.32,M8138332494,0.0,0.0,0,0.0,0
221,CASH_OUT,379.35,C6554972315,1009.27,629.92,C7792729530,1.82,1.82,0,0.006666666666666667,0
199,CASH_OUT,891.29,C4159699467,753.25,0.0,C7208619610,232.59,232.59,1,0.05,0
254,PAYMENT,1.0,C8933377472,0.0,0.0,M9916475897,0.0,0.0,0,0.0,0
278,TRANSFER,1.0,C6204041308,0.0,0.0,C8285000265,8.89,9.89,0,0.19666666666666666,0
305,TRANSFER,1.0,C8833889083,0.0,0.0,C4308701294,0.0,1.0,0,0.22666666666666666,0
53,TRANSFER,474.85,C3758823240,1045.48,570.63,C4713453204,282.41,757.26,0,0.0,0
88,TRANSFER,48.79,C8880079328,114.39,65.6,C6153541642,0.0,48.79,0,0.16,0
232,CASH_OUT,8312.48,C9302705838,22780.88,14468.4,C8612747444,4.59,4.59,0,0.0,0
67,PAYMENT,11578.71,C1387652480,21923.68,10344.97,M9631695368,0.0,0.0,0,0.0,0
320,CASH_IN,88490.61,C4993808565,0.0,88490.61,C6099808894,7121.98,7121.98,0,0.0,0
364,CASH_OUT,654.22,C5584288132,723.5,69.28,C8274219704,0.0,0.0,0,0.02,0
442,PAYMENT,1.92,C3074232200,4.05,2.13,M2711123163,0.0,0.0,0,0.0,0
413,CASH_OUT,68413.33,C4079223686,96555.64,28142.31,M2418407139,0.0,0.0,1,0.023333333333333334,0
679,PAYMENT,445.7,C2145921803,1277.82,832.12,M3476758136,0.0,0.0,0,0.0,0
431,CASH_OUT,48.95,C9751963589,69.39,20.44,M1802753761,0.0,0.0,1,0.04666666666666667,0
322,CASH_OUT,28003.68,C8547068234,37589.4,9585.72,M7282885927,0.0,0.0,1,0.0,0
407,TRANSFER,118.74,C5972484792,202.95,84.21,C8505373158,0.0,118.74,0,0.11333333333333333,0
279,DEBIT,1332.14,C8666074487,3836.59,2504.45,M8861351706,0.0,0.0,0,0.01,0
216,PAYMENT,1.0,C1127978094,0.0,0.0,M9776500600,0.0,0.0,0,0.0,0
616,DEBIT,1.0,C2017675569,0.0,0.0,M2571632270,0.0,0.0,0,0.05333333333333334,0
579,DEBIT,24.23,C1945826486,36.68,12.45,M2635881694,0.0,0.0,0,0.03,0
390,TRANSFER,1.0,C3980491761,0.0,0.0,C4095476665,33.51,34.51,0,0.16,0
222,TRANSFER,366.74,C9438411468,468.45,101.71,C3710566582,38.62,38.62,1,0.1,0
234,CASH_OUT,2063.52,C2610237679,1957.04,0.0,C8709361138,7.32,7.32,1,0.06666666666666667,0
139,PAYMENT,35.41,C3910678913,120.18,84.77,M9021793855,0.0,0.0,0,0.0,0
718,CASH_OUT,546.7,C4500557310,511.52,0.0,C7666129822,21.04,21.04,1,0.13333333333333333,0
384,TRANSFER,1430.94,C6231117883,1498.57,67.63,C5036200310,0.0,1430.94,1,0.023333333333333334,0
229,PAYMENT,192.84,C8057994126,942.61,749.77,M8903212516,0.0,0.0,0,0.0,0
563,TRANSFER,11.04,C4015479599,20.48,9.44,C9697354961,1995.01,2006.05,0,0.04666666666666667,0
101,PAYMENT,75.81,C1431494396,99.17,23.36,M2839566253,0.0,0.0,0,0.0,0
75,TRANSFER,399.04,C2431779064,395.69,0.0,M6041646576,0.0,0.0,1,0.24333333333333335,0
166,TRANSFER,595.75,C6461974809,728.07,132.32,C7299420031,37.88,37.88,1,0.1,0
85,PAYMENT,333.95,C2627677155,533.48,199.53,M3605446007,0.0,0.0,0,0.0,0
556,PAYMENT,126.74,C7389111087,122440.14,122313.4,M8858274691,0.0,0.0,0,0.0,0
638,PAYMENT,4396.18,C9958044697,5234.93,838.75,M6651754819,0.0,0.0,0,0.0,0
116,TRANSFER,524.85,C9202102595,541.08,16.23,M9026301048,0.0,0.0,1,0.18333333333333332,0
559,CASH_OUT,175.64,C3051831252,171.05,0.0,M1732578761,0.0,0.0,1,0.07333333333333333,0
544,CASH_OUT,461.79,C6566372886,1733.82,1272.03,C7767834064,139.85,139.85,0,0.02666666666666667,0
189,PAYMENT,1.0,C8969097897,0.0,0.0,M9576264323,0.0,0.0,0,0.0,0
243,CASH_OUT,4475.28,C8281641403,3883.82,0.0,M6045729129,0.0,0.0,1,0.07666666666666666,0
292,PAYMENT,23.6,C1160913827,31.67,8.07,M5585110649,0.0,0.0,0,0.0,0
292,TRANSFER,3752.21,C6288227800,4991.47,1239.26,C6027311960,0.0,0.0,1,0.22,0
297,TRANSFER,1.0,C7100408092,0.0,0.0,C9376711497,1496.23,1497.23,0,0.006666666666666667,0
354,CASH_OUT,56.04,C1041531046,58.36,2.32,C9392707144,709.28,709.28,1,0.02,0
123,TRANSFER,341.11,C7601519165,678.83,337.72,C7576309274,164675.58,165016.69,0,0.0,0
652,PAYMENT,506.98,C7671625956,564.38,57.4,M3297681898,0.0,0.0,0,0.0,0
445,PAYMENT,1274.25,C4152835101,1350.95,76.7,M7453081889,0.0,0.0,0,0.0,0
453,DEBIT,7.81,C4163119785,11.96,4.15,M6282009986,0.0,0.0,0,0.04,0
619,TRANSFER,548.89,C6687206971,524.97,0.0,M3476758136,0.0,0.0,1,0.27,0
639,PAYMENT,13.52,C6317889312,56.69,43.17,M8727805468,0.0,0.0,0,0.0,0
706,CASH_OUT,102410.8,C7146318035,86613.23,0.0,M8443061472,0.0,0.0,1,0.18666666666666668,0
718,CASH_OUT,57.55,C5474951950,80.0,22.45,C5150090143,0.0,0.0,0,0.03666666666666667,0
409,TRANSFER,31780.8,C3667740351,40764.12,8983.32,C4747699292,5535.46,37316.26,0,0.0,0
396,TRANSFER,231.62,C6583444930,262.25,30.63,M9404002665,0.0,0.0,1,0.15666666666666668,0
621,CASH_OUT,6928.28,C4310415016,6178.85,0.0,M2155671697,0.0,0.0,1,0.21,0
490,CASH_OUT,904.38,C5243939720,1101.53,197.15,M8458323087,0.0,0.0,1,0.04,0
527,PAYMENT,1.0,C8925520026,0.0,0.0,M7960713821,0.0,0.0,0,0.0,0
683,TRANSFER,1.0,C9957643727,0.0,0.0,C8760642358,0.0,1.0,0,0.22,0
170,PAYMENT,16705.54,C6663846005,87817.98,71112.44,M3965860354,0.0,0.0,0,0.0,0
408,CASH_OUT,3954.17,C5641959772,4957.6,1003.43,C2476831585,541663.82,541663.82,1,0.0033333333333333335,0
520,PAYMENT,1.0,C5578056564,0.0,0.0,M9558906999,0.0,0.0,0,0.0,0
183,CASH_OUT,4542.5,C1408988968,4025.74,0.0,M6786043791,0.0,0.0,1,0.04666666666666667,0
76,PAYMENT,123.52,C4014119648,375.71,252.19,M2586712032,0.0,0.0,0,0.0,0
497,TRANSFER,179.78,C9078786223,200.6,20.82,C9844874547,402.16,581.94,0,0.05333333333333334,0
487,PAYMENT,5.72,C2761091683,617.03,611.31,M6011842297,0.0,0.0,0,0.0,0
714,CASH_OUT,5217.95,C5789633176,4423.3,0.0,C5952163720,1.21,1.21,1,0.23666666666666666,0
674,CASH_OUT,4535.65,C4658080160,4653.36,117.71,M5990749811,0.0,0.0,1,0.04,0
643,PAYMENT,3.15,C9806189256,10.75,7.6,M2555936898,0.0,0.0,0,0.0,0
114,CASH_OUT,1.0,C6576395496,0.0,0.0,C4736031885,4.65,4.65,0,0.0033333333333333335,0
434,PAYMENT,174.61,C7951902330,387.36,212.75,M6865994703,0.0,0.0,0,0.0,0
338,CASH_OUT,2994.27,C3655790301,3132.19,137.92,M4865979921,0.0,0.0,1,0.016666666666666666,0
106,CASH_OUT,11821.71,C6591038760,12094.93,273.22,M3566125120,0.0,0.0,1,0.0,0
318,TRANSFER,771.67,C8275679594,1139.17,367.5,C4642197907,138.45,910.12,0,0.0033333333333333335,0
542,TRANSFER,101.32,C8997701619,102.76,1.44,M7192742877,0.0,0.0,1,0.19,0
379,PAYMENT,137.65,C9454207717,179.6,41.95,M9404002665,0.0,0.0,0,0.0,0
696,PAYMENT,1.59,C8709361138,7.32,5.73,M1257854279,0.0,0.0,0,0.0,0
334,TRANSFER,964.76,C7597996327,1044.4,79.64,M3536590481,0.0,0.0,1,0.17666666666666667,0
318,TRANSFER,17313.46,C3951331472,22129.68,4816.22,M3566125120,0.0,0.0,1,0.26,0
672,DEBIT,14612.44,C5130589741,89642.25,75029.81,M7750131975,0.0,0.0,0,0.02,0
107,PAYMENT,1.0,C7668801906,0.0,0.0,M7951820749,0.0,0.0,0,0.0033333333333333335,0
136,PAYMENT,117.71,C9503787171,124.79,7.08,M5694439775,0.0,0.0,0,0.0,0
490,CASH_OUT,23.83,C4714465905,41.77,17.94,C2960488639,0.0,0.0,0,0.04,0
503,CASH_IN,4332.67,C6155234610,0.0,4332.67,C4956843441,49.79,49.79,0,0.0,0
283,TRANSFER,95.61,C2439622619,141.43,45.82,C5150090143,0.0,95.61,0,0.15333333333333332,0
367,CASH_OUT,201.29,C7464468567,184.97,0.0,C3975418439,86916.86,86916.86,1,0.013333333333333334,0
428,PAYMENT,23.46,C8033702319,33.71,10.25,M5535650160,0.0,0.0,0,0.0,0
660,TRANSFER,2603.22,C7627266377,2208.88,0.0,C9963334018,157.0,157.0,1,0.5366666666666666,1
589,PAYMENT,271.54,C2579206999,471.32,199.78,M7764117705,0.0,0.0,0,0.0,0
689,CASH_IN,4726.47,C6000952470,881.51,5607.98,C6443749394,76.29,76.29,0,0.0,0
98,PAYMENT,21.8,C4641561499,33.37,11.57,M5937271321,0.0,0.0,0,0.0,0
166,PAYMENT,1.0,C8380507338,0.83,0.0,M6199197408,0.0,0.0,0,0.0,0
714,PAYMENT,1.0,C2214741296,0.0,0.0,M4601406440,0.0,0.0,0,0.0,0
149,TRANSFER,1.0,C1717346250,0.0,0.0,C5748253283,745.15,746.15,0,0.013333333333333334,0
708,PAYMENT,17090.81,C5952894290,30532.6,13441.79,M6583604299,0.0,0.0,0,0.0,0
573,TRANSFER,1.0,C4040409964,1.0,0.0,C1225052083,191.42,192.42,0,0.12333333333333334,0
302,CASH_OUT,1312.53,C5693307665,1434.88,122.35,M5535650160,0.0,0.0,1,0.01,0
585,PAYMENT,5113.88,C5510938155,5687.17,573.29,M8646369354,0.0,0.0,0,0.0,0
671,TRANSFER,808.08,C1271730355,724.27,0.0,C7215110267,7068.82,7068.82,1,0.043333333333333335,0
295,TRANSFER,379.08,C8674224347,480.6,101.52,M3322580659,0.0,0.0,1,0.15333333333333332,0
522,DEBIT,5.22,C9455610447,16.81,11.59,M3495411322,0.0,0.0,0,0.03,0
429,TRANSFER,5.88,C2137651678,6.66,0.78,C4712367625,53619.79,53625.67,0,0.006666666666666667,0
171,PAYMENT,1.0,C4572433066,0.0,0.0,M2885370603,0.0,0.0,0,0.0,0
217,PAYMENT,1.47,C1654602021,1.78,0.31,M2555936898,0.0,0.0,0,0.0,0
334,DEBIT,1.0,C2753617371,0.0,0.0,M8235474949,0.0,0.0,0,0.04,0
164,TRANSFER,414.89,C2377246195,416.17,1.28,M9068916300,0.0,0.0,1,0.17333333333333334,0
190,TRANSFER,243.62,C5431267548,232.16,0.0,C7488943393,27250.77,27250.77,1,0.0,0
636,DEBIT,5.03,C3319936135,9.79,4.76,M7764117705,0.0,0.0,0,0.043333333333333335,0
370,PAYMENT,1.0,C3980491761,0.0,0.0,M6786043791,0.0,0.0,0,0.0,0
21,PAYMENT,303.54,C2952996248,429.89,126.35,M8044997538,0.0,0.0,0,0.0,0
235,CASH_OUT,4138.11,C7431813987,3532.07,0.0,M9933702652,0.0,0.0,1,0.07666666666666666,0
348,PAYMENT,1.07,C5201221330,1.43,0.36,M9068916300,0.0,0.0,0,0.0,0
460,TRANSFER,124.11,C7045593274,122.98,0.0,M4093474499,0.0,0.0,1,0.22666666666666666,0
409,DEBIT,2.16,C1041531046,2.32,0.16,M6992094064,0.0,0.0,0,0.04,0
260,TRANSFER,6336.07,C8178927766,7644.67,1308.6,M2115406331,0.0,0.0,1,0.22333333333333333,0
597,CASH_OUT,94209.73,C9381721143,107480.23,13270.5,M6282009986,0.0,0.0,1,0.016666666666666666,0
473,TRANSFER,89309.77,C1234359689,122319.97,33010.2,M5156392601,0.0,0.0,1,0.2866666666666667,0
358,CASH_OUT,360.75,C1614685938,538.65,177.9,C6362597344,7.78,7.78,0,0.013333333333333334,0
608,TRANSFER,13066.74,C7896596272,17786.42,4719.68,M9020002737,0.0,0.0,1,0.32,0
512,TRANSFER,2878.72,C3589530484,2428.78,0.0,C9484167278,130277.36,130277.36,1,0.016666666666666666,0
574,PAYMENT,17.83,C7070083150,21.35,3.52,M3322580659,0.0,0.0,0,0.0,0
176,PAYMENT,18.0,C2601198885,60.44,42.44,M8646369354,0.0,0.0,0,0.0,0
417,PAYMENT,86.63,C8380312396,398.04,311.41,M3355504998,0.0,0.0,0,0.0,0
320,TRANSFER,4011.22,C7627266377,3392.2,0.0,C3589530484,0.0,4011.22,1,0.05333333333333334,0
168,CASH_OUT,47960.5,C9957813353,66673.95,18713.45,C3780475472,0.0,0.0,1,0.0,0
115,CASH_OUT,3953.72,C5992908271,3995.47,41.75,M4896576569,0.0,0.0,1,0.0033333333333333335,0
541,TRANSFER,31581.5,C9650701349,27103.35,0.0,M9640701016,0.0,0.0,1,0.9366666666666666,1
479,TRANSFER,617.62,C3555656321,623.32,5.7,M4122901114,0.0,0.0,1,0.19,0
710,CASH_OUT,1.0,C8180620422,0.0,0.0,C3171050399,0.0,0.0,0,0.05333333333333334,0
191,PAYMENT,4.59,C3841827734,5.35,0.76,M2910594463,0.0,0.0,0,0.0,0
442,TRANSFER,78.11,C7623575561,254.26,176.15,C3392080953,0.0,78.11,0,0.11333333333333333,0
52,TRANSFER,3267.75,C7590302909,4189.29,921.54,C3149484176,354.08,354.08,1,0.013333333333333334,0
55,TRANSFER,2542.77,C4939447721,3112.59,569.82,M8058679999,0.0,0.0,1,0.16666666666666666,0
42,CASH_OUT,1.2,C5778781449,541.08,539.88,C4635552887,246.99,246.99,0,0.013333333333333334,0
349,PAYMENT,589.35,C7808938880,1117.78,528.43,M4158643786,0.0,0.0,0,0.0,0
445,TRANSFER,343.84,C5883933127,1589.92,1246.08,C2480915452,328.01,671.85,0,0.04,0
17,PAYMENT,443.57,C4524233168,970.73,527.16,M3566125120,0.0,0.0,0,0.0,0
433,TRANSFER,1.0,C9771848610,0.0,0.0,C3853978147,723.49,724.49,0,0.08333333333333333,0
372,PAYMENT,1.0,C2178884276,0.0,0.0,M4306983924,0.0,0.0,0,0.0,0
710,PAYMENT,30.05,C5272119095,99.39,69.34,M8443061472,0.0,0.0,0,0.0,0
13,PAYMENT,1.0,C9049270990,0.0,0.0,M5449848690,0.0,0.0,0,0.0,0
23,CASH_OUT,3634.18,C7556078550,3358.34,0.0,C3051831252,0.0,0.0,1,0.03333333333333333,0
174,CASH_OUT,18.6,C7910439839,28.94,10.34,C8394040015,537.48,537.48,0,0.0033333333333333335,0
293,CASH_OUT,1239.02,C1364994639,1598.33,359.31,M2711123163,0.0,0.0,1,0.006666666666666667,0
165,PAYMENT,2.49,C7070083150,3.52,1.03,M1857561275,0.0,0.0,0,0.0,0
311,PAYMENT,763.05,C2145921803,832.12,69.07,M3313346852,0.0,0.0,0,0.0,0
516,PAYMENT,8.25,C8331319481,29.86,21.61,M6498703287,0.0,0.0,0,0.0,0
79,PAYMENT,643.55,C2745958114,686.06,42.51,M8083396378,0.0,0.0,0,0.0,0
295,TRANSFER,93.07,C5482431018,85.99,0.0,C4098389895,24.8,24.8,1,0.17333333333333334,0
275,PAYMENT,105.43,C7763765757,127.76,22.33,M3438830691,0.0,0.0,0,0.0,0
445,PAYMENT,1.0,C4594787485,0.0,0.0,M2655546199,0.0,0.0,0,0.0,0
410,TRANSFER,1943.77,C6576395496,1685.98,0.0,M3355504998,0.0,0.0,1,0.4766666666666667,0
537,TRANSFER,1160.0,C1045302356,1142.33,0.0,C5610783750,336.68,336.68,1,0.2866666666666667,0
376,TRANSFER,10.65,C3303082117,28.14,17.49,C7623575561,176.15,186.8,0,0.02666666666666667,0
187,PAYMENT,417.42,C7858937483,477.97,60.55,M8903212516,0.0,0.0,0,0.0,0
330,TRANSFER,1.0,C7292376027,0.0,0.0,C2928130926,0.0,1.0,0,0.22,0
507,CASH_OUT,8.8,C9903351330,20.99,12.19,C2941508568,1093.85,1093.85,0,0.03,0
302,TRANSFER,196.71,C4356175095,7590.18,7393.47,C6313758032,906.0,1102.71,0,0.0,0
41,PAYMENT,22.11,C4277422858,30.6,8.49,M9918338001,0.0,0.0,0,0.0,0
697,PAYMENT,1.0,C3171050399,0.0,0.0,M9098037639,0.0,0.0,0,0.0,0
233,CASH_OUT,286.77,C8982597239,631.82,345.05,C7393195616,18.99,18.99,0,0.006666666666666667,0
621,PAYMENT,33.14,C9279291478,59.66,26.52,M6732306182,0.0,0.0,0,0.0,0
611,CASH_OUT,7.96,C4470591645,10.57,2.61,C9147687657,2800.47,2800.47,0,0.023333333333333334,0
698,PAYMENT,186.84,C3482206102,371.09,184.25,M2121448210,0.0,0.0,0,0.0,0
197,PAYMENT,1132.2,C5328166990,7772.34,6640.14,M5000316394,0.0,0.0,0,0.0,0
291,CASH_OUT,403.55,C9229469952,510.71,107.16,M6401844042,0.0,0.0,1,0.02,0
18,CASH_IN,103223.41,C9032096058,31.98,103255.39,C2704657157,1.06,1.06,0,0.0,0
168,TRANSFER,1891.4,C7311011808,2667.87,776.47,M1442421654,0.0,0.0,1,0.15,0
380,TRANSFER,66.63,C7505693643,274.0,207.37,C1662259333,20.38,87.01,0,0.06333333333333334,0
86,PAYMENT,42.9,C6218955985,83.18,40.28,M8740820392,0.0,0.0,0,0.0,0
39,TRANSFER,220.99,C2654584280,256.98,35.99,M7570511906,0.0,0.0,1,0.16,0
243,CASH_IN,65546.31,C8556573246,30530.03,96076.34,C3532855799,26430.37,26430.37,0,0.0,0
217,TRANSFER,1.0,C7977267911,0.0,0.0,C5659161352,122.15,123.15,0,0.06,0
177,TRANSFER,1.0,C1484230338,1.0,0.0,C5913767020,20.7,21.7,0,0.16666666666666666,0
103,PAYMENT,552.55,C5883933127,1246.08,693.53,M2121448210,0.0,0.0,0,0.0,0
4,PAYMENT,1.0,C8370987661,0.0,0.0,M7340036327,0.0,0.0,0,0.0,0
627,TRANSFER,26.02,C1459442845,42.21,16.19,C6329589780,185268.76,185294.78,0,0.0,0
420,PAYMENT,25.0,C6128695961,30.7,5.7,M6732306182,0.0,0.0,0,0.0,0
412,TRANSFER,31.4,C6725038117,33.67,2.27,C2254516608,3.95,35.35,0,0.13666666666666666,0
518,PAYMENT,1.0,C2646331504,1.0,0.0,M5959736235,0.0,0.0,0,0.0,0
701,PAYMENT,55.42,C2867302554,90.45,35.03,M3438830691,0.0,0.0,0,0.0,0
207,CASH_OUT,1046.6,C5735817014,1375.73,329.13,C5748253283,746.15,746.15,1,0.006666666666666667,0
547,CASH_OUT,2.36,C7803990970,10.78,8.42,C5957341287,114.87,114.87,0,0.03,0
58,CASH_OUT,436.43,C5578056564,371.26,0.0,M4093474499,0.0,0.0,1,0.03,0
314,TRANSFER,1.0,C9411532909,0.0,0.0,C9309500117,2.64,3.64,0,0.22333333333333333,0
710,DEBIT,463.78,C9715314442,488.25,24.47,M3107992942,0.0,0.0,0,0.03666666666666667,0
501,CASH_OUT,851.95,C9080621072,1142.8,290.85,M7951820749,0.0,0.0,1,0.03,0
94,TRANSFER,1506.24,C4274374218,1700.35,194.11,M8858274691,0.0,0.0,1,0.12666666666666668,0
497,CASH_OUT,1.0,C2188332531,0.0,0.0,C3106408413,1069.95,1069.95,0,0.04666666666666667,0
154,CASH_OUT,1.0,C7660157097,0.0,0.0,C3338877621,32.68,32.68,0,0.0033333333333333335,0
465,TRANSFER,170.03,C4104309491,165.59,0.0,C2752536389,1049.35,1219.38,1,0.07666666666666666,0
349,CASH_OUT,5088.67,C9894847574,4587.61,0.0,M1413599241,0.0,0.0,1,0.15,0
602,CASH_OUT,524.37,C5778781449,539.88,15.51,C5862655247,108.9,108.9,1,0.03333333333333333,0
502,PAYMENT,62.29,C9673185158,70.32,8.03,M4689605624,0.0,0.0,0,0.0,0
326,CASH_OUT,1.0,C4776677517,0.0,0.0,C3206955437,1924.83,1924.83,0,0.013333333333333334,0
6,PAYMENT,52.17,C9451577335,60.61,8.44,M6200141898,0.0,0.0,0,0.0,0
152,TRANSFER,1178.88,C2878930355,1546.23,367.35,C4776436931,264.59,1443.47,1,0.0,0
90,TRANSFER,20271.74,C2073755632,17409.36,0.0,C4682870880,99606.07,99606.07,1,0.006666666666666667,0
132,PAYMENT,14851.45,C4712367625,53625.67,38774.22,M9776500600,0.0,0.0,0,0.0,0
469,PAYMENT,589.15,C9523104008,793.33,204.18,M1666898313,0.0,0.0,0,0.0,0
523,TRANSFER,67.34,C7292076361,77.14,9.8,M2773408660,0.0,0.0,1,0.17666666666666667,0
461,PAYMENT,791.74,C4751509023,882.01,90.27,M3156792018,0.0,0.0,0,0.0,0
328,PAYMENT,1.0,C8317619798,0.0,0.0,M6820149016,0.0,0.0,0,0.0,0
60,PAYMENT,22193.77,C9392515666,323656.0,301462.23,M7343954769,0.0,0.0,0,0.0,0
256,TRANSFER,104.78,C6875597607,92.84,0.0,M5570190774,0.0,0.0,1,0.24333333333333335,0
673,PAYMENT,3.79,C7083067988,13.48,9.69,M8138332494,0.0,0.0,0,0.0,0
552,CASH_OUT,548.24,C1207916194,473.11,0.0,C7292076361,9.8,9.8,1,0.06666666666666667,0
551,CASH_OUT,184.38,C9626333315,174.61,0.0,C4919706735,18.52,18.52,1,0.06333333333333334,0
638,PAYMENT,619.71,C8418332121,965.24,345.53,M6101516825,0.0,0.0,0,0.0,0
448,CASH_OUT,61.86,C9438411468,101.71,39.85,C6618926823,921.03,921.03,0,0.05,0
102,CASH_IN,41175.21,C6471691689,856.35,42031.56,C4507822591,43.88,43.88,0,0.0,0
80,CASH_OUT,269.96,C8287542751,590.96,321.0,C6081137534,37799.87,37799.87,0,0.0033333333333333335,0
637,CASH_OUT,4591.07,C1446362270,4113.46,0.0,M4554178984,0.0,0.0,1,0.25,0
107,CASH_OUT,112.26,C1197449658,133.07,20.81,M3019265031,0.0,0.0,1,0.006666666666666667,0
539,PAYMENT,373.83,C2191714875,16436.39,16062.56,M9916475897,0.0,0.0,0,0.0,0
254,CASH_OUT,6300.6,C7015992643,11447.41,5146.81,C9916336966,0.0,0.0,0,0.0,0
655,TRANSFER,394.6,C1127978094,485.51,90.91,M2711123163,0.0,0.0,1,0.18,0
689,CASH_OUT,216.07,C2579206999,199.78,0.0,M1802753761,0.0,0.0,1,0.07,0
215,CASH_OUT,5472.11,C4201225242,4643.9,0.0,M3566125120,0.0,0.0,1,0.04666666666666667,0
380,DEBIT,1.0,C4605117440,1.0,0.0,M5564953924,0.0,0.0,0,0.04,0
95,TRANSFER,9.9,C2260326267,12.24,2.34,C5135595227,73.86,83.76,0,0.1,0
690,PAYMENT,1.0,C4930438209,0.0,0.0,M1442421654,0.0,0.0,0,0.0,0
210,TRANSFER,6.04,C7691931213,9.04,3.0,C1809283659,7.84,13.88,0,0.13666666666666666,0
537,CASH_OUT,82.35,C4256292393,111.25,28.9,M6692705133,0.0,0.0,1,0.03666666666666667,0
314,PAYMENT,1.0,C4492602049,0.0,0.0,M1692044390,0.0,0.0,0,0.0,0
569,DEBIT,429.41,C5025070544,599.81,170.4,M3580582653,0.0,0.0,0,0.02666666666666667,0
163,TRANSFER,37.57,C9503597301,100.93,63.36,C5161807235,633.88,671.45,0,0.01,0
678,TRANSFER,3222.76,C4794276323,4724.96,1502.2,C8833889083,0.0,3222.76,0,0.04666666666666667,0
214,CASH_IN,74176.87,C8663837890,0.0,74176.87,C9438411468,39.85,39.85,0,0.0,0
619,DEBIT,1.0,C1225953184,0.0,0.0,M4865979921,0.0,0.0,0,0.05333333333333334,0
389,CASH_OUT,54541.52,C7640122370,74257.39,19715.87,C6122110529,283.21,283.21,1,0.0,0
41,TRANSFER,9079.09,C8973989997,12551.08,3471.99,C1251837136,4.97,9084.06,0,0.0,0
438,PAYMENT,65.64,C9292791081,272.19,206.55,M5270048042,0.0,0.0,0,0.0,0
229,PAYMENT,8527.67,C3511301900,31449.45,22921.78,M8646369354,0.0,0.0,0,0.0,0
22,PAYMENT,90.35,C7418301077,409.39,319.04,M5449848690,0.0,0.0,0,0.0,0
507,PAYMENT,679.35,C8841851495,767.26,87.91,M6786043791,0.0,0.0,0,0.0,0
228,CASH_OUT,849.32,C7004964045,1164.99,315.67,M3145756342,0.0,0.0,1,0.0,0
71,CASH_OUT,3658.65,C7784217828,4344.25,685.6,C2953462417,0.0,0.0,1,0.0,0
621,CASH_OUT,599.9,C2423995953,776.67,176.77,C4172006012,148.28,148.28,0,0.02666666666666667,0
539,PAYMENT,1.0,C5982744929,0.0,0.0,M8861351706,0.0,0.0,0,0.0,0
520,PAYMENT,181.87,C7418301077,319.04,137.17,M4892544235,0.0,0.0,0,0.0,0
571,PAYMENT,1.0,C5696548897,0.0,0.0,M8235474949,0.0,0.0,0,0.0,0
8,TRANSFER,827.43,C3303082117,714.69,0.0,M6583604299,0.0,0.0,1,0.25666666666666665,0
392,TRANSFER,1608.5,C5993571693,1706.92,98.42,C1182758417,0.0,1608.5,0,0.02666666666666667,0
354,CASH_OUT,5854.7,C5439176290,11439.3,5584.6,C3482206102,184.25,184.25,0,0.0,0
267,PAYMENT,1.0,C4308701294,1.0,0.0,M7270955446,0.0,0.0,0,0.0,0
580,PAYMENT,1.26,C9434946584,17.19,15.93,M3457877922,0.0,0.0,0,0.0,0
637,TRANSFER,3847.15,C9274189261,6554.78,2707.63,C8160279830,1058.74,4905.89,0,0.02,0
347,PAYMENT,2.85,C6369130994,7265.03,7262.18,M5990749811,0.0,0.0,0,0.0,0
628,TRANSFER,1574.73,C4098389895,1905.95,331.22,C2379592595,2673.71,2673.71,1,0.043333333333333335,0
245,TRANSFER,8.96,C1664885408,11.58,2.62,C3744446292,14432.75,14441.71,0,0.0,0
526,PAYMENT,2.33,C8690920484,4.07,1.74,M7928143230,0.0,0.0,0,0.0,0
567,CASH_OUT,995.2,C4507822591,1068.74,73.54,M9918338001,0.0,0.0,1,0.04666666666666667,0
631,CASH_OUT,53778.12,C1290050198,55561.65,1783.53,C8691288568,0.0,0.0,0,0.01,0
352,PAYMENT,1.0,C8350384902,0.0,0.0,M3019265031,0.0,0.0,0,0.0,0
145,DEBIT,26.81,C2126077199,33.92,7.11,M1466305100,0.0,0.0,0,0.02,0
57,TRANSFER,343.91,C6558450990,313.78,0.0,C4915196257,0.17,344.08,1,0.07333333333333333,0
611,PAYMENT,11720.75,C3532855799,26430.37,14709.62,M2155671697,0.0,0.0,0,0.0,0
59,PAYMENT,10.16,C4647891535,40.88,30.72,M1666898313,0.0,0.0,0,0.0,0
700,TRANSFER,3.35,C1106456634,10.88,7.53,C9455610447,11.59,14.94,0,0.13666666666666666,0
632,CASH_OUT,596.53,C8377088167,816.93,220.4,C7074050517,113.67,113.67,1,0.03,0
291,TRANSFER,629.23,C2173242669,1801.27,1172.04,C5569145346,0.0,629.23,0,0.0,0
458,TRANSFER,3556.83,C4239406957,3333.59,0.0,M5794335854,0.0,0.0,1,0.9,1
81,CASH_OUT,2280.15,C7536876169,2062.71,0.0,C1506211965,5.87,5.87,1,0.05333333333333334,0
123,PAYMENT,1.0,C9420979586,0.0,0.0,M8548290298,0.0,0.0,0,0.0,0
380,PAYMENT,151.2,C3464975279,169.32,18.12,M6495967005,0.0,0.0,0,0.0,0
41,PAYMENT,16.16,C1885113834,20.55,4.39,M3811254192,0.0,0.0,0,0.0,0
680,CASH_OUT,91.45,C7505693643,207.37,115.92,C1691293717,864.89,864.89,0,0.02,0
8,PAYMENT,1.0,C8624454880,0.0,0.0,M3072183247,0.0,0.0,0,0.0,0
410,PAYMENT,1.0,C4277581356,0.0,0.0,M4160161496,0.0,0.0,0,0.0,0
279,TRANSFER,148.36,C1614685938,177.9,29.54,C3020939193,0.0,148.36,0,0.05333333333333334,0
101,PAYMENT,58.89,C8015775567,67.31,8.42,M3469205576,0.0,0.0,0,0.0,0
544,CASH_OUT,268.89,C6618965944,1002.63,733.74,C7061419749,0.0,0.0,0,0.03666666666666667,0
62,TRANSFER,1.0,C8453283834,0.0,0.0,C9995834531,0.0,1.0,0,0.23333333333333334,0
586,TRANSFER,10.95,C7374584386,12.17,1.22,C6072939882,0.0,10.95,0,0.18666666666666668,0
684,PAYMENT,1233.98,C1792214339,3290.6,2056.62,M8058679999,0.0,0.0,0,0.0,0
604,TRANSFER,156.87,C2812140441,134.23,0.0,C4921003983,117796.46,117796.46,1,0.0,0
437,CASH_OUT,1.0,C6558450990,0.0,0.0,C9806189256,7.6,7.6,0,0.08666666666666667,0
421,PAYMENT,1.0,C2960432117,0.0,0.0,M8218146534,0.0,0.0,0,0.0,0
91,TRANSFER,113.71,C7895255573,96.01,0.0,C8796286443,25.6,25.6,1,0.18333333333333332,0
596,TRANSFER,1.0,C6157617867,0.0,0.0,C3995732958,291.07,292.07,0,0.10333333333333333,0
254,PAYMENT,3.38,C3367665472,15.78,12.4,M9288057824,0.0,0.0,0,0.0,0
237,CASH_IN,8447.47,C4693510920,0.0,8447.47,C5884080139,52396.43,52396.43,0,0.0,0
688,PAYMENT,22.73,C7460728316,85.8,63.07,M9921025990,0.0,0.0,0,0.0,0
686,PAYMENT,1.0,C9894847574,0.0,0.0,M8366710477,0.0,0.0,0,0.0,0
562,PAYMENT,1.0,C3470617247,0.0,0.0,M4689605624,0.0,0.0,0,0.0,0
353,CASH_OUT,455.55,C7475684019,495.08,39.53,C2647489402,0.0,0.0,1,0.03333333333333333,0
422,TRANSFER,1.0,C3412273600,0.0,0.0,C7471636437,334.2,335.2,0,0.07666666666666666,0
621,PAYMENT,332.25,C1364994639,359.31,27.06,M8030400668,0.0,0.0,0,0.0,0
706,PAYMENT,2.76,C1589582865,5.26,2.5,M3580582653,0.0,0.0,0,0.0,0
139,CASH_OUT,38.57,C5586143660,83.34,44.77,C4630196130,0.0,0.0,0,0.0033333333333333335,0
409,TRANSFER,148.76,C3396953414,576.81,428.05,C2465576748,0.0,148.76,0,0.03666666666666667,0
403,CASH_OUT,1.0,C8684942020,0.0,0.0,C7533932947,7.44,7.44,0,0.02666666666666667,0
599,TRANSFER,398.67,C3965572185,417.55,18.88,M1458227039,0.0,0.0,1,0.17666666666666667,0
216,CASH_OUT,1.0,C7628981661,0.0,0.0,C4731897202,3.81,3.81,0,0.013333333333333334,0
244,TRANSFER,1461.33,C1430073711,1257.52,0.0,C4040409964,0.0,1461.33,1,0.1,0
462,PAYMENT,110.32,C3482206102,184.25,73.93,M3457877922,0.0,0.0,0,0.0,0
320,PAYMENT,33.18,C8833889083,3222.76,3189.58,M6865994703,0.0,0.0,0,0.0,0
496,CASH_OUT,198.17,C1546957087,384.55,186.38,C6204862411,0.0,0.0,0,0.03,0
356,PAYMENT,106.13,C5243939720,197.15,91.02,M3019265031,0.0,0.0,0,0.0,0
387,PAYMENT,1.0,C3095318649,0.0,0.0,M2187592160,0.0,0.0,0,0.0,0
694,CASH_OUT,33402.53,C8588769565,36788.02,3385.49,C5160575046,8.09,8.09,0,0.013333333333333334,0
26,TRANSFER,5170.61,C5998623100,6941.96,1771.35,M2136107759,0.0,0.0,1,0.18333333333333332,0
294,TRANSFER,2622.54,C7757700186,2387.09,0.0,C8236361108,82076.64,82076.64,1,0.013333333333333334,0
326,PAYMENT,1.0,C3102209245,0.0,0.0,M6763471833,0.0,0.0,0,0.0,0
645,CASH_OUT,33.04,C6218955985,40.28,7.24,C9147687657,2800.47,2800.47,0,0.02,0
20,TRANSFER,49.09,C4719780110,60.29,11.2,C9929101065,22.43,22.43,1,0.11,0
657,TRANSFER,1800.87,C7085004726,1771.73,0.0,M9776500600,0.0,0.0,1,0.6033333333333334,1
214,PAYMENT,1.0,C3716924538,0.0,0.0,M6732306182,0.0,0.0,0,0.0,0
382,PAYMENT,131.43,C5025070544,170.4,38.97,M4306983924,0.0,0.0,0,0.0,0
684,CASH_OUT,4272.3,C9711080868,5270.69,998.39,C8982597239,345.05,345.05,1,0.02,0
100,TRANSFER,38.08,C1725783958,51.54,13.46,C6353758928,0.0,38.08,0,0.16,0
464,PAYMENT,3325.67,C5254923696,41333.37,38007.7,M6894024976,0.0,0.0,0,0.0,0
289,PAYMENT,853.92,C8369792370,2527.11,1673.19,M6932365592,0.0,0.0,0,0.0,0
68,PAYMENT,1.0,C6725038117,2.27,1.27,M9410569618,0.0,0.0,0,0.0,0
656,PAYMENT,106.07,C7402059279,388.16,282.09,M9020002737,0.0,0.0,0,0.0,0
525,TRANSFER,53.41,C9354542654,63.34,9.93,C4014119648,252.19,305.6,0,0.07333333333333333,0
83,CASH_IN,701.59,C4503614567,0.0,701.59,C9623534576,430.22,430.22,0,0.0,0
473,PAYMENT,2734.34,C1596471620,8467.84,5733.5,M9977193987,0.0,0.0,0,0.0,0
565,CASH_OUT,1.0,C8281641403,0.0,0.0,C6894699853,253.51,253.51,0,0.05,0
712,TRANSFER,70.32,C5028688786,101.96,31.64,C4283432667,46886.2,46956.52,0,0.006666666666666667,0
709,CASH_IN,11972.89,C1041531046,0.16,11973.05,C1248786714,356.85,356.85,0,0.0,0
617,PAYMENT,1.0,C4302632494,0.0,0.0,M3534186676,0.0,0.0,0,0.0,0
438,PAYMENT,1.02,C8184602688,1742.53,1741.51,M6498703287,0.0,0.0,0,0.0,0
315,PAYMENT,1.95,C3555656321,5.7,3.75,M5990749811,0.0,0.0,0,0.0,0
642,TRANSFER,83243.87,C6656646925,93506.73,10262.86,M6786043791,0.0,0.0,1,0.31,0
378,CASH_OUT,5.39,C1725783958,13.46,8.07,C6012067717,56.79,56.79,0,0.0033333333333333335,0
421,TRANSFER,1041.59,C9309500117,985.12,0.0,M6284297249,0.0,0.0,1,0.39666666666666667,0
314,TRANSFER,344.02,C2802141793,310.23,0.0,M4035639663,0.0,0.0,1,0.23666666666666666,0
257,PAYMENT,350.53,C8575707116,458.06,107.53,M3705237613,0.0,0.0,0,0.0,0
667,DEBIT,1.0,C7910817577,0.0,0.0,M3223687972,0.0,0.0,0,0.05,0
517,PAYMENT,1.0,C9318010743,0.0,0.0,M7282885927,0.0,0.0,0,0.0,0
120,PAYMENT,1.0,C8086684009,0.0,0.0,M9026301048,0.0,0.0,0,0.0,0
547,TRANSFER,76.89,C1600406558,41916.5,41839.61,C7045593274,0.0,76.89,0,0.23,0
227,CASH_OUT,405.3,C5694628398,1015.09,609.79,C6477862024,0.0,0.0,0,0.01,0
182,CASH_OUT,2.27,C5569295400,8.6,6.33,C5067245523,28.67,28.67,0,0.0,0
58,TRANSFER,2.91,C5536224717,10.75,7.84,C3707166618,15.44,18.35,0,0.13333333333333333,0
82,TRANSFER,156.79,C7846365089,201.54,44.75,C4289233844,220.98,377.77,0,0.006666666666666667,0
389,TRANSFER,535.12,C8737025391,575.83,40.71,M5891831621,0.0,0.0,1,0.17,0
698,PAYMENT,23469.12,C4283432667,46956.52,23487.4,M9523139706,0.0,0.0,0,0.0,0
128,DEBIT,1.0,C6691628146,0.0,0.0,M2518433834,0.0,0.0,0,0.023333333333333334,0
124,TRANSFER,3113.37,C7015992643,5146.81,2033.44,C4405620755,0.0,3113.37,0,0.006666666666666667,0
94,TRANSFER,1.0,C3363629219,0.0,0.0,C2633177480,45224.65,45225.65,0,0.0,0
252,PAYMENT,1.0,C3328710672,0.0,0.0,M5000316394,0.0,0.0,0,0.0,0
393,DEBIT,1.0,C6156843353,2.84,1.84,M3580582653,0.0,0.0,0,0.04,0
567,PAYMENT,1.0,C7602474923,0.0,0.0,M9620935604,0.0,0.0,0,0.0,0
373,PAYMENT,413.55,C2480915452,671.85,258.3,M7050091525,0.0,0.0,0,0.0,0
434,PAYMENT,3410.36,C6805759868,5678.32,2267.96,M2115862756,0.0,0.0,0,0.0,0
514,PAYMENT,95.07,C7623575561,186.8,91.73,M8058679999,0.0,0.0,0,0.0,0
328,CASH_OUT,5322.05,C6471691689,42031.56,36709.51,C2405746777,76.05,76.05,0,0.0,0
9,CASH_OUT,75385.83,C1306702926,100135.82,24749.99,C2405746777,76.05,76.05,0,0.0,0
110,CASH_OUT,1790.01,C4181102664,2145.38,355.37,M3811254192,0.0,0.0,1,0.0,0
152,CASH_OUT,269.31,C4662861038,228.39,0.0,C9837912162,764.73,764.73,1,0.02,0
157,PAYMENT,1421.91,C3587283948,47998.65,46576.74,M8058679999,0.0,0.0,0,0.0,0
499,DEBIT,584.43,C8477300991,642.66,58.23,M7948094928,0.0,0.0,0,0.02666666666666667,0
559,PAYMENT,1251.4,C8684026200,159710.37,158458.97,M9773795424,0.0,0.0,0,0.0,0
396,CASH_OUT,3884.88,C5329194647,3374.73,0.0,M5869990861,0.0,0.0,1,0.13333333333333333,0
8,TRANSFER,690.51,C4419410162,954.81,264.3,M8144352013,0.0,0.0,1,0.09,0
467,PAYMENT,1.0,C6338036681,0.0,0.0,M8740820392,0.0,0.0,0,0.0,0
636,PAYMENT,5.95,C8758809005,7.45,1.5,M2121448210,0.0,0.0,0,0.0,0
78,DEBIT,101.89,C9138644862,192.62,90.73,M8083396378,0.0,0.0,0,0.016666666666666666,0
172,PAYMENT,83.23,C7665963761,116.46,33.23,M9026301048,0.0,0.0,0,0.0,0
477,PAYMENT,51.88,C4751509023,90.27,38.39,M8138332494,0.0,0.0,0,0.0,0
386,TRANSFER,4462.39,C2586568081,4079.1,0.0,C5333183840,112002.55,112002.55,1,0.0033333333333333335,0
315,CASH_IN,52772.08,C8480622107,112.11,52884.19,C7420846622,164.66,164.66,0,0.0,0
646,CASH_OUT,30.74,C8025152555,56.5,25.76,C8388580360,1047.74,1047.74,0,0.023333333333333334,0
298,PAYMENT,271.21,C7004964045,315.67,44.46,M3297681898,0.0,0.0,0,0.0,0
11,PAYMENT,1.37,C3214080278,2.0,0.63,M2604788242,0.0,0.0,0,0.0,0
210,PAYMENT,6122.7,C6974875750,103889.45,97766.75,M1122712790,0.0,0.0,0,0.0,0
708,PAYMENT,36.6,C3722583581,57.31,20.71,M6932365592,0.0,0.0,0,0.0033333333333333335,0
659,CASH_OUT,33132.7,C1209063208,39038.92,5906.22,M4456193555,0.0,0.0,1,0.013333333333333334,0
407,PAYMENT,1.0,C5982744929,0.0,0.0,M6866146362,0.0,0.0,0,0.0,0
125,TRANSFER,260.35,C8377088167,220.4,0.0,C3020939193,148.36,148.36,1,0.043333333333333335,0
475,PAYMENT,1.0,C6065662867,0.0,0.0,M3019265031,0.0,0.0,0,0.0,0
255,CASH_IN,118427.1,C6756332150,25377.08,143804.18,C9250327663,4850.18,4850.18,0,0.0,0
214,PAYMENT,1.0,C3420671425,0.0,0.0,M9900829971,0.0,0.0,0,0.0,0
286,DEBIT,1.0,C6795522649,1.31,0.31,M7168105904,0.0,0.0,0,0.04,0
63,CASH_OUT,7.28,C8211516617,23.59,16.31,C5294535887,1.0,1.0,0,0.0,0
169,DEBIT,30.47,C1519709079,40.86,10.39,M7969674420,0.0,0.0,0,0.02,0
687,TRANSFER,1.0,C9479654136,0.0,0.0,C3878719791,0.0,1.0,0,0.22,0
556,CASH_OUT,2017.94,C7573442717,2266.08,248.14,C7705605962,32.14,32.14,1,0.02666666666666667,0
149,PAYMENT,33.91,C6904897514,53.94,20.03,M1343875431,0.0,0.0,0,0.0,0
577,TRANSFER,82.34,C5336127859,375.37,293.03,C1304205279,0.0,82.34,0,0.12,0
603,PAYMENT,16724.18,C5884080139,52396.43,35672.25,M2243802345,0.0,0.0,0,0.0,0
708,TRANSFER,1.0,C4509456565,0.0,0.0,C8703867299,2.62,3.62,0,0.22333333333333333,0
219,PAYMENT,19.6,C2653032484,64.43,44.83,M1442421654,0.0,0.0,0,0.0,0
128,PAYMENT,4185.03,C3426709025,26406.09,22221.06,M5714658227,0.0,0.0,0,0.0,0
71,CASH_IN,18675.81,C1234359689,33010.2,51686.01,C2125089309,2789.46,2789.46,0,0.0,0
55,CASH_OUT,114.12,C1993998848,106.55,0.0,C6488854841,101.68,101.68,1,0.01,0
493,CASH_OUT,8.94,C8737025391,40.71,31.77,C8236980551,0.0,0.0,0,0.03333333333333333,0
489,TRANSFER,1285.43,C3421719519,1174.6,0.0,C9798548049,4943.8,6229.23,1,0.15333333333333332,0
371,PAYMENT,19.66,C4655935832,26.83,7.17,M1711271599,0.0,0.0,0,0.0,0
470,CASH_OUT,4625.07,C8048810275,4987.28,362.21,C7085004726,0.0,0.0,1,0.03,0
200,TRANSFER,1064.39,C4277561834,1267.11,202.72,C7767834064,139.85,1204.24,1,0.0,0
368,TRANSFER,137.88,C7799567490,144.78,6.9,M2418407139,0.0,0.0,1,0.16,0
720,PAYMENT,18551.79,C7452729913,176413.71,157861.92,M1368287033,0.0,0.0,0,0.0,0
551,PAYMENT,7224.39,C4026816435,9193.64,1969.25,M9043367776,0.0,0.0,0,0.0,0
191,PAYMENT,510.67,C4097887746,23950.02,23439.35,M1504729135,0.0,0.0,0,0.0,0
511,CASH_OUT,1423.5,C6169243284,2018.58,595.08,C6714723660,0.0,0.0,1,0.02666666666666667,0
521,TRANSFER,1298.38,C8625905455,1779.62,481.24,C8503368512,0.0,0.0,1,0.19666666666666666,0
218,PAYMENT,89.21,C5364727160,174.78,85.57,M1647181551,0.0,0.0,0,0.0,0
333,DEBIT,198.96,C7208619610,232.59,33.63,M1368287033,0.0,0.0,0,0.02,0
50,TRANSFER,471.34,C8313706299,520.3,48.96,C6633778586,29642.01,30113.35,0,0.0,0
251,PAYMENT,2.51,C9673185158,8.03,5.52,M7168105904,0.0,0.0,0,0.0,0
488,CASH_OUT,2583.52,C6065662867,2255.8,0.0,C2014766981,325.04,325.04,1,0.24,0
407,TRANSFER,3721.35,C2274350418,4025.57,304.22,C8758809005,1.5,1.5,1,0.25666666666666665,0
275,TRANSFER,7613.72,C2349406919,7614.6,0.88,C7292076361,9.8,9.8,1,0.5,1
578,CASH_OUT,1.0,C1955345537,0.0,0.0,C1316756902,0.0,0.0,0,0.06333333333333334,0
208,TRANSFER,860.71,C1736086849,4033.85,3173.14,C7402059279,282.09,1142.8,0,0.0,0
682,CASH_OUT,24.18,C9780187424,39.74,15.56,C1311570307,0.0,0.0,0,0.02666666666666667,0
201,PAYMENT,9.68,C9078786223,20.82,11.14,M6515490818,0.0,0.0,0,0.0,0
10,TRANSFER,3.88,C7706193636,6.48,2.6,C4538382315,155.01,158.89,0,0.02666666666666667,0
341,PAYMENT,1.0,C3598862507,1.21,0.21,M8727805468,0.0,0.0,0,0.0,0
493,CASH_OUT,153.01,C3365835550,173.72,20.71,M9900829971,0.0,0.0,1,0.04,0
50,PAYMENT,1.0,C5067116918,1.0,0.0,M5694439775,0.0,0.0,0,0.0,0
333,TRANSFER,4334.26,C7603978731,4399.46,65.2,M8646369354,0.0,0.0,1,0.42,0
284,PAYMENT,33.46,C3476426797,80.34,46.88,M6786043791,0.0,0.0,0,0.0,0
452,CASH_OUT,231.7,C2480915452,258.3,26.6,C8208643631,0.0,0.0,1,0.05333333333333334,0
58,DEBIT,1218.98,C9147687657,2800.47,1581.49,M3960136787,0.0,0.0,0,0.01,0
355,TRANSFER,1.0,C3528924461,0.0,0.0,C9471306442,0.0,1.0,0,0.22,0
360,CASH_OUT,1.0,C8624454880,0.0,0.0,C6572436051,1162.63,1162.63,0,0.02,0
514,PAYMENT,1.0,C7602474923,0.0,0.0,M2885370603,0.0,0.0,0,0.0,0
259,PAYMENT,21035.84,C6588252632,129468.81,108432.97,M2228388623,0.0,0.0,0,0.0,0
196,PAYMENT,28.77,C5923940434,85.39,56.62,M9410569618,0.0,0.0,0,0.0,0
599,CASH_OUT,1458.58,C3362657890,3392.75,1934.17,C6089026099,8.27,8.27,0,0.02,0
340,CASH_OUT,9653.9,C7839819230,41315.41,31661.51,C7475684019,39.53,39.53,0,0.0,0
574,TRANSFER,1.0,C6157617867,0.0,0.0,C6214917780,227.92,228.92,0,0.12,0
143,DEBIT,1.0,C1600337712,0.0,0.0,M6771941776,0.0,0.0,0,0.02666666666666667,0
127,PAYMENT,59.06,C4631048029,163.02,103.96,M6247463262,0.0,0.0,0,0.0,0
653,TRANSFER,868.42,C5903457537,1099.19,230.77,M7928143230,0.0,0.0,1,0.16666666666666666,0
377,CASH_IN,490.71,C7772180882,3.08,493.79,C3923699745,10.91,10.91,0,0.0,0
16,PAYMENT,254.95,C8995970241,275.06,20.11,M2916502228,0.0,0.0,0,0.0,0
332,TRANSFER,748.4,C8734449371,891.09,142.69,M7948094928,0.0,0.0,1,0.15333333333333332,0
576,PAYMENT,25.32,C8880079328,65.6,40.28,M7230477043,0.0,0.0,0,0.0,0
661,CASH_OUT,673.92,C7472806994,1241.71,567.79,C9953716239,11.12,11.12,0,0.03,0
311,TRANSFER,37169.77,C8846861559,50760.73,13590.96,M3457877922,0.0,0.0,1,0.23333333333333334,0
456,CASH_OUT,344.07,C2065354117,812.33,468.26,C6464693977,0.0,0.0,0,0.06,0
160,TRANSFER,344.82,C1131267917,379.41,34.59,M9410569618,0.0,0.0,1,0.15,0
666,TRANSFER,86.37,C9857430687,89.46,3.09,C4226113732,16.96,16.96,1,0.15,0
636,CASH_OUT,1.0,C4526242854,0.0,0.0,C3653594796,0.0,0.0,0,0.06,0
492,TRANSFER,3217.25,C3589530484,4011.22,793.97,M1811839103,0.0,0.0,1,0.2966666666666667,0
499,CASH_OUT,120.56,C3058982440,103.87,0.0,C3532855799,14709.62,14709.62,1,0.02666666666666667,0
247,PAYMENT,1.0,C1489726608,0.0,0.0,M9026301048,0.0,0.0,0,0.0,0
410,PAYMENT,1.0,C1855256552,0.76,0.0,M8443061472,0.0,0.0,0,0.0,0
492,PAYMENT,1.0,C8478529823,0.0,0.0,M8874242713,0.0,0.0,0,0.0,0
378,CASH_OUT,514.05,C1121863227,618.18,104.13,M2328736852,0.0,0.0,1,0.02,0
22,CASH_OUT,610.03,C9533595495,815.37,205.34,C6311894154,340.17,340.17,1,0.006666666666666667,0
470,CASH_OUT,63.25,C4659306670,70.68,7.43,C4277422858,8.49,8.49,0,0.05,0
20,DEBIT,1.0,C2139078760,0.0,0.0,M9288057824,0.0,0.0,0,0.023333333333333334,0
523,CASH_OUT,3291.21,C9248574674,4672.59,1381.38,M2604788242,0.0,0.0,1,0.02,0
539,CASH_OUT,1071.13,C9272277508,1207.09,135.96,M6495967005,0.0,0.0,1,0.03,0
540,PAYMENT,1.0,C2789144223,0.0,0.0,M6771941776,0.0,0.0,0,0.0,0
669,PAYMENT,266.66,C2721355673,66493.89,66227.23,M6763471833,0.0,0.0,0,0.0,0
597,PAYMENT,6893.08,C8991678061,8740.74,1847.66,M8276498637,0.0,0.0,0,0.0,0
322,TRANSFER,3864.05,C6534540349,3409.24,0.0,M2885370603,0.0,0.0,1,0.7733333333333333,1
325,PAYMENT,2872.77,C7243352390,5297.87,2425.1,M9026301048,0.0,0.0,0,0.0,0
640,TRANSFER,837.38,C7316122432,875.06,37.68,C3259520140,899.45,1736.83,1,0.06333333333333334,0
37,TRANSFER,294.38,C7664258343,393.71,99.33,M8325043570,0.0,0.0,1,0.15333333333333332,0
276,TRANSFER,8594.26,C1547374338,7188.12,0.0,M1357561213,0.0,0.0,1,0.8166666666666667,1
712,TRANSFER,402.5,C7472806994,567.79,165.29,C9272277508,135.96,538.46,1,0.03333333333333333,0
61,PAYMENT,52.78,C6715705115,68.41,15.63,M2328736852,0.0,0.0,0,0.0,0
61,CASH_OUT,4679.03,C8934097788,7586.02,2906.99,C9904586976,33.44,33.44,0,0.0,0
591,CASH_OUT,1.0,C9912233947,0.0,0.0,C6307626407,22.22,22.22,0,0.05333333333333334,0
17,TRANSFER,13.53,C2075321966,17.42,3.89,C4130305126,480.56,494.09,0,0.01,0
129,TRANSFER,1637.55,C1225447588,1712.89,75.34,C6493800024,32.01,1669.56,1,0.02,0
140,PAYMENT,283.36,C7935554354,742.95,459.59,M8910440683,0.0,0.0,0,0.0,0
179,PAYMENT,1.0,C5512036684,0.0,0.0,M4160161496,0.0,0.0,0,0.0,0
219,TRANSFER,25.93,C9085085822,34.44,8.51,C6463640105,0.0,25.93,0,0.16,0
116,PAYMENT,4.08,C2071552532,5.17,1.09,M2635881694,0.0,0.0,0,0.0,0
530,CASH_OUT,2056.17,C5072538783,1836.07,0.0,C2616884203,0.0,0.0,1,0.18666666666666668,0
540,CASH_OUT,1490.54,C3362657890,1934.17,443.63,C9484167278,130277.36,130277.36,1,0.0033333333333333335,0
447,PAYMENT,180.48,C4503614567,701.59,521.11,M7532669066,0.0,0.0,0,0.0,0
329,TRANSFER,285.54,C6122110529,283.21,0.0,C7150970643,0.05,0.05,1,0.22666666666666666,0
90,CASH_OUT,442.94,C8625905455,481.24,38.3,C8257484586,0.0,0.0,1,0.016666666666666666,0
461,TRANSFER,72.6,C4325878813,62.29,0.0,M6199197408,0.0,0.0,1,0.22666666666666666,0
161,CASH_IN,138290.9,C3185089287,0.0,138290.9,C1293864877,96.3,96.3,0,0.0,0
110,PAYMENT,177.5,C7598745558,34083.72,33906.22,M3495411322,0.0,0.0,0,0.0,0
462,PAYMENT,35.51,C8275679594,367.5,331.99,M8325043570,0.0,0.0,0,0.0,0
501,CASH_OUT,2098.86,C7004964045,2460.55,361.69,M7230477043,0.0,0.0,1,0.02666666666666667,0
260,CASH_OUT,5072.37,C5141285960,4560.44,0.0,C8480622107,52884.19,52884.19,1,0.0,0
690,PAYMENT,76.06,C1127978094,90.91,14.85,M9398575277,0.0,0.0,0,0.0,0
139,PAYMENT,1.0,C2304963614,0.0,0.0,M9625656293,0.0,0.0,0,0.0,0
244,PAYMENT,1.0,C5696548897,0.0,0.0,M8858274691,0.0,0.0,0,0.0,0
603,TRANSFER,21.27,C6353758928,38.08,16.81,C3799620568,50.63,71.9,0,0.13,0
606,CASH_OUT,2475.4,C8429141456,2632.2,156.8,C8570850267,108.46,108.46,1,0.02,0
675,TRANSFER,908.62,C1361845490,761.58,0.0,C3035761595,281.76,281.76,1,0.12666666666666668,0
436,TRANSFER,184.52,C8669484644,198.08,13.56,C9189503254,0.0,184.52,0,0.08666666666666667,0
571,CASH_OUT,1703.91,C4776677517,1888.04,184.13,C4731897202,3.81,3.81,1,0.03,0
217,TRANSFER,1.0,C1847275937,0.0,0.0,C8366884200,2884.79,2885.79,0,0.0,0
237,TRANSFER,11864.28,C6588252632,108432.97,96568.69,C7928074841,0.0,11864.28,0,0.0,0
482,CASH_OUT,888.24,C5998623100,1771.35,883.11,C4888749350,3306.57,3306.57,0,0.02,0
259,DEBIT,1.0,C8012696455,0.0,0.0,M6786043791,0.0,0.0,0,0.03666666666666667,0
105,PAYMENT,5.39,C8084809436,24.54,19.15,M4588312351,0.0,0.0,0,0.0,0
30,CASH_OUT,863.17,C2801177461,952.51,89.34,M4820942294,0.0,0.0,1,0.0,0
96,PAYMENT,1.0,C2960488639,0.0,0.0,M6282009986,0.0,0.0,0,0.0,0
700,CASH_IN,139463.73,C5689870435,0.0,139463.73,C4914929023,0.0,0.0,0,0.0,0
374,TRANSFER,5519.81,C7215110267,7068.82,1549.01,M6275155878,0.0,0.0,1,0.21666666666666667,0
200,PAYMENT,25.26,C7846365089,44.75,19.49,M2839566253,0.0,0.0,0,0.0,0
690,DEBIT,13.45,C6904897514,20.03,6.58,M2156184315,0.0,0.0,0,0.03,0
382,CASH_OUT,1.0,C1749459431,0.72,0.0,C9786748825,2.92,2.92,0,0.03,0
327,PAYMENT,8.3,C9237880732,26.66,18.36,M3313346852,0.0,0.0,0,0.0,0
674,PAYMENT,20.12,C9438411468,39.85,19.73,M5585110649,0.0,0.0,0,0.0,0
248,TRANSFER,60.75,C5077921573,74.62,13.87,C8942167666,112.28,173.03,0,0.02666666666666667,0
703,TRANSFER,2476.31,C5033992825,2925.29,448.98,M9631695368,0.0,0.0,1,0.27666666666666667,0
300,TRANSFER,403.81,C6582557981,435.41,31.6,M7351460539,0.0,0.0,1,0.15666666666666668,0
379,TRANSFER,20362.15,C6717963562,17903.66,0.0,C7088949191,8.36,8.36,1,0.68,1
415,PAYMENT,21372.39,C6588252632,96568.69,75196.3,M6515490818,0.0,0.0,0,0.0,0
508,TRANSFER,38.79,C5992908271,41.75,2.96,C9115282784,0.0,38.79,0,0.17666666666666667,0
41,PAYMENT,15.02,C5428082088,27.91,12.89,M7532669066,0.0,0.0,0,0.0,0
317,PAYMENT,1.0,C4656572173,0.0,0.0,M2555936898,0.0,0.0,0,0.0,0
658,PAYMENT,2859.32,C9633533290,13644.5,10785.18,M3566125120,0.0,0.0,0,0.0,0
593,PAYMENT,1.14,C9725528903,3.19,2.05,M3476758136,0.0,0.0,0,0.0,0
194,TRANSFER,1.0,C5129478722,0.0,0.0,C7462972995,82.7,83.7,0,0.11666666666666667,0
640,TRANSFER,1.0,C1039887139,0.0,0.0,C3479708607,0.0,1.0,0,0.23333333333333334,0
44,PAYMENT,26.24,C1614685938,29.54,3.3,M5000316394,0.0,0.0,0,0.0,0
426,PAYMENT,52.17,C9963334018,157.0,104.83,M2187592160,0.0,0.0,0,0.0,0
232,TRANSFER,3194.24,C5785481124,4239.63,1045.39,M8646369354,0.0,0.0,1,0.21666666666666667,0
708,PAYMENT,993.03,C3693985578,1505.62,512.59,M1692044390,0.0,0.0,0,0.0,0
421,TRANSFER,1.0,C5751366455,0.0,0.0,C9237880732,18.36,19.36,0,0.17666666666666667,0
157,PAYMENT,15.42,C5125568431,18.74,3.32,M7341757401,0.0,0.0,0,0.0,0
47,PAYMENT,1.0,C5673482258,0.0,0.0,M2156184315,0.0,0.0,0,0.0,0
506,TRANSFER,4519.7,C8636525027,4484.1,0.0,C1288765093,140.11,140.11,1,0.5466666666666666,1
207,PAYMENT,11174.18,C8236361108,82076.64,70902.46,M5535650160,0.0,0.0,0,0.0,0
207,TRANSFER,1046.8,C6317889312,994.62,0.0,C1276905285,0.0,0.0,1,0.33666666666666667,0
506,CASH_OUT,102215.82,C6704841644,97642.47,0.0,C8274273035,0.0,0.0,1,0.21666666666666667,0
311,PAYMENT,2090.21,C2379592595,2673.71,583.5,M1888107487,0.0,0.0,0,0.0,0
181,PAYMENT,272.47,C8075122626,295.92,23.45,M1096405016,0.0,0.0,0,0.0,0
486,CASH_IN,146793.4,C8480622107,52884.19,199677.59,C9987064419,0.0,0.0,0,0.0,0
191,CASH_OUT,1.0,C5634076661,0.0,0.0,C4022360089,207.63,207.63,0,0.0,0
223,DEBIT,1845.23,C7896596272,4719.68,2874.45,M4896576569,0.0,0.0,0,0.016666666666666666,0
483,TRANSFER,1906.8,C6611356986,2372.77,465.97,M1099218439,0.0,0.0,1,0.2966666666666667,0
82,CASH_OUT,5239.09,C5673482258,4482.1,0.0,M3580582653,0.0,0.0,1,0.043333333333333335,0
398,TRANSFER,379.6,C7608141858,496.51,116.91,C3975704877,11.69,391.29,0,0.023333333333333334,0
673,PAYMENT,1.0,C2073755632,0.0,0.0,M8030400668,0.0,0.0,0,0.0,0
457,DEBIT,1.0,C9856756553,1.41,0.41,M8910440683,0.0,0.0,0,0.04666666666666667,0
349,TRANSFER,4444.86,C5129478722,4776.38,331.52,M3313346852,0.0,0.0,1,0.22333333333333333,0
579,TRANSFER,5025.05,C4633987776,10784.89,5759.84,C5077921573,13.87,5038.92,0,0.03333333333333333,0
79,DEBIT,416.77,C1251837136,9084.06,8667.29,M8138332494,0.0,0.0,0,0.01,0
473,PAYMENT,350.61,C9248574674,1381.38,1030.77,M6866146362,0.0,0.0,0,0.0,0
453,PAYMENT,1.0,C7070083150,1.03,0.03,M7270955446,0.0,0.0,0,0.0,0
697,TRANSFER,705.28,C1691293717,864.89,159.61,C3464975279,18.12,723.4,0,0.043333333333333335,0
194,TRANSFER,5.34,C4530959836,348.75,343.41,C5539308214,0.0,5.34,0,0.08,0
704,PAYMENT,825.18,C8184602688,1741.51,916.33,M9098037639,0.0,0.0,0,0.0,0
715,CASH_IN,31824.69,C4915196257,344.08,32168.77,C4550353803,151.8,151.8,0,0.0,0
137,PAYMENT,1.0,C4277581356,0.0,0.0,M5959736235,0.0,0.0,0,0.0,0
327,TRANSFER,3986.92,C8588769565,3385.49,0.0,C4636537575,0.0,0.0,1,0.7666666666666667,1
145,PAYMENT,1.0,C3725152347,0.0,0.0,M3965860354,0.0,0.0,0,0.0,0
69,CASH_OUT,15.35,C8458717057,18.94,3.59,C1205082311,47.92,47.92,0,0.0,0
413,PAYMENT,132.67,C4361393222,199.48,66.81,M1857561275,0.0,0.0,0,0.0,0
214,CASH_OUT,173061.8,C8480622107,199677.59,26615.79,M9065458220,0.0,0.0,1,0.0,0
20,TRANSFER,1276.39,C7767834064,1204.24,0.0,M2695447268,0.0,0.0,1,0.32666666666666666,0
611,PAYMENT,1.0,C2616884203,0.0,0.0,M1458227039,0.0,0.0,0,0.0,0
124,CASH_OUT,341.53,C2416760621,417.18,75.65,C9786748825,2.92,2.92,1,0.0,0
360,PAYMENT,4.99,C1158998032,23.32,18.33,M3660800029,0.0,0.0,0,0.0,0
202,TRANSFER,41.29,C5911625145,199.63,158.34,C5275521470,885.4,926.69,0,0.0033333333333333335,0
665,TRANSFER,1532.32,C4282810353,1285.24,0.0,M3019265031,0.0,0.0,1,0.46,0
465,DEBIT,1.0,C7981077394,0.0,0.0,M2555936898,0.0,0.0,0,0.04666666666666667,0
271,CASH_OUT,78.79,C2962750929,76.84,0.0,C7085004726,0.0,0.0,1,0.03666666666666667,0
492,PAYMENT,51.04,C6649827836,54.36,3.32,M2187592160,0.0,0.0,0,0.0,0
109,CASH_OUT,1638.49,C9703905715,2201.64,563.15,M1676220116,0.0,0.0,1,0.0,0
51,CASH_OUT,53.47,C1050899550,66.36,12.89,M4211837506,0.0,0.0,1,0.0033333333333333335,0
543,TRANSFER,1764.32,C9379439373,103928.9,102164.58,C2970753705,0.0,1764.32,0,0.013333333333333334,0
17,PAYMENT,1.0,C5789633176,0.0,0.0,M1783432867,0.0,0.0,0,0.0,0
516,TRANSFER,2939.7,C3884642366,4002.91,1063.21,M3072183247,0.0,0.0,1,0.2966666666666667,0
327,PAYMENT,1.0,C2320763135,0.0,0.0,M6865994703,0.0,0.0,0,0.0,0
650,TRANSFER,1693.88,C7608153267,1746.27,52.39,C7415801613,0.0,0.0,1,0.32666666666666666,0
125,TRANSFER,366.48,C8867077130,619.38,252.9,C4470591645,2.61,369.09,0,0.006666666666666667,0
275,PAYMENT,1.0,C3303082117,0.0,0.0,M9896529524,0.0,0.0,0,0.0,0
329,TRANSFER,131.98,C4026113008,170.97,38.99,M7192742877,0.0,0.0,1,0.15,0
569,TRANSFER,387.95,C5433722159,567.41,179.46,C2777816561,0.0,387.95,0,0.06,0
585,PAYMENT,15.71,C4536306171,21.95,6.24,M4665677395,0.0,0.0,0,0.0,0
605,TRANSFER,1.0,C7287517250,0.0,0.0,C6961554653,0.0,1.0,0,0.23333333333333334,0
589,CASH_IN,1028.73,C6698759353,0.0,1028.73,C2183906581,423.37,423.37,0,0.0,0
164,PAYMENT,8288.13,C5774080233,9716.88,1428.75,M9921025990,0.0,0.0,0,0.0,0
540,PAYMENT,1.0,C1195066088,0.0,0.0,M5919148165,0.0,0.0,0,0.0,0
184,TRANSFER,1.0,C9318010743,0.0,0.0,C9806189256,7.6,8.6,0,0.19666666666666666,0
487,PAYMENT,17058.81,C3946766309,26345.53,9286.72,M3457877922,0.0,0.0,0,0.0,0
715,CASH_OUT,4084.07,C6649827836,4129.65,45.58,M3438830691,0.0,0.0,1,0.06666666666666667,0
113,PAYMENT,210.07,C7882206934,246.9,36.83,M9068916300,0.0,0.0,0,0.0,0
617,TRANSFER,15.65,C9776185998,19.39,3.74,C9730449971,11.69,27.34,0,0.15333333333333332,0
83,PAYMENT,1.0,C6237376063,2.31,1.31,M6495967005,0.0,0.0,0,0.0,0
157,CASH_OUT,816.3,C8588769565,1119.19,302.89,C9780187424,15.56,15.56,1,0.0,0
197,DEBIT,68.19,C2308496151,229.23,161.04,M6011842297,0.0,0.0,0,0.01,0
156,DEBIT,6.48,C9333490239,7.18,0.7,M7960713821,0.0,0.0,0,0.03,0
252,TRANSFER,77.15,C7508522951,85.7,8.55,C5586143660,44.77,121.92,0,0.07,0
92,PAYMENT,3846.05,C7872873371,3865.89,19.84,M6992094064,0.0,0.0,0,0.0,0
112,CASH_OUT,1.0,C1965067727,2.17,1.17,C7705605962,32.14,32.14,0,0.0,0
616,TRANSFER,1.0,C8132531532,0.0,0.0,C7470843264,39280.34,39281.34,0,0.0033333333333333335,0
492,TRANSFER,1.0,C8208643631,0.0,0.0,C1674755608,723.25,724.25,0,0.08,0
543,PAYMENT,1.0,C2960432117,0.0,0.0,M4896576569,0.0,0.0,0,0.0,0
141,TRANSFER,505.31,C1785418196,663.3,157.99,C9462806178,28.34,28.34,1,0.05333333333333334,0
678,TRANSFER,2999.63,C8122042835,4238.86,1239.23,M2916502228,0.0,0.0,1,0.3,0
554,TRANSFER,1745.96,C7049001493,1588.7,0.0,M8790289305,0.0,0.0,1,0.54,1
125,CASH_OUT,355.79,C8388580360,1047.74,691.95,C7872090713,0.0,0.0,0,0.0033333333333333335,0
166,TRANSFER,955.17,C8973989997,3471.99,2516.82,C4508521152,60.31,1015.48,0,0.0033333333333333335,0
100,CASH_OUT,78.2,C5862655247,108.9,30.7,C3799620568,71.9,71.9,0,0.0033333333333333335,0
217,PAYMENT,1.0,C2017675569,0.0,0.0,M5985331805,0.0,0.0,0,0.0,0
504,PAYMENT,1.0,C4864126433,0.0,0.0,M4390543744,0.0,0.0,0,0.0,0
232,PAYMENT,324.8,C5625980561,7114.7,6789.9,M8443061472,0.0,0.0,0,0.0,0
277,CASH_OUT,135.61,C7638836058,479.15,343.54,C4470591645,369.09,369.09,0,0.01,0
569,CASH_IN,851.97,C4104309491,0.0,851.97,C8578226896,56.41,56.41,0,0.0,0
30,PAYMENT,43.36,C1691293717,159.61,116.25,M6744039057,0.0,0.0,0,0.0,0
182,CASH_OUT,86.44,C6300607425,121.13,34.69,C8948573913,12.24,12.24,1,0.006666666666666667,0
116,PAYMENT,1.0,C1065857791,0.0,0.0,M3508990774,0.0,0.0,0,0.0,0
139,PAYMENT,2.52,C7508522951,8.55,6.03,M9441870024,0.0,0.0,0,0.0,0
32,CASH_OUT,46.78,C7685540186,55971.13,55924.35,C4710967433,0.0,0.0,0,0.0,0
360,TRANSFER,7317.91,C8617360361,8193.84,875.93,C8274219704,0.0,0.0,1,0.22,0
313,CASH_OUT,823.34,C1913706213,1032.49,209.15,M6199197408,0.0,0.0,1,0.006666666666666667,0
517,TRANSFER,2166.57,C8721631198,2008.86,0.0,M9773795424,0.0,0.0,1,0.7733333333333333,1
465,PAYMENT,1.0,C2620054076,0.0,0.0,M7343954769,0.0,0.0,0,0.0,0
560,TRANSFER,179.32,C8394040015,537.48,358.16,C4455798713,18.88,198.2,0,0.06,0
383,PAYMENT,16.85,C4062777850,29.92,13.07,M2418407139,0.0,0.0,0,0.0,0
122,PAYMENT,196.85,C8287542751,321.0,124.15,M6999146585,0.0,0.0,0,0.0,0
471,CASH_OUT,256.88,C9943959352,355.36,98.48,C2181241943,78791.57,78791.57,0,0.01,0
557,TRANSFER,2193.37,C8377088167,2883.13,689.76,C8369792370,1673.19,3866.56,1,0.03666666666666667,0
661,DEBIT,18.09,C9196564761,49.24,31.15,M9021793855,0.0,0.0,0,0.03,0
681,TRANSFER,192.82,C2009317340,188.04,0.0,M9752092528,0.0,0.0,1,0.23,0
81,TRANSFER,1.0,C7209571615,0.0,0.0,C6488854841,101.68,102.68,0,0.06666666666666667,0
117,PAYMENT,727.27,C9376711497,1497.23,769.96,M9020002737,0.0,0.0,0,0.0,0
574,TRANSFER,3132.45,C9546021691,3017.02,0.0,M1811839103,0.0,0.0,1,0.9433333333333334,1
690,TRANSFER,882.39,C9218363978,963.8,81.41,M6820149016,0.0,0.0,1,0.22,0
197,CASH_IN,4965.15,C3931997465,2.7,4967.85,C6922713963,67790.46,67790.46,0,0.0,0
429,CASH_OUT,1.0,C4895020135,0.0,0.0,C3553440342,26.47,26.47,0,0.07666666666666666,0
719,CASH_OUT,423.56,C3465883999,405.35,0.0,M2249831874,0.0,0.0,1,0.09,0
264,TRANSFER,968.31,C3245108207,906.69,0.0,C8160279830,4905.89,4905.89,1,0.0033333333333333335,0
412,PAYMENT,4.13,C8285000265,9.89,5.76,M9590331226,0.0,0.0,0,0.0,0
59,CASH_OUT,48.51,C7519578899,153.67,105.16,C8235363119,0.0,0.0,0,0.0033333333333333335,0
61,CASH_OUT,75.06,C2979958124,107250.61,107175.55,C6804850108,14.31,14.31,0,0.0,0
430,TRANSFER,1.0,C7801180691,0.0,0.0,C5694806361,0.0,1.0,0,0.20666666666666667,0
364,PAYMENT,939.02,C3777580509,1035.79,96.77,M7651029165,0.0,0.0,0,0.0,0
710,DEBIT,13.29,C5474951950,22.45,9.16,M9896529524,0.0,0.0,0,0.03,0
149,TRANSFER,1322.38,C8122042835,1239.23,0.0,C2416760621,75.65,1398.03,1,0.06333333333333334,0
525,PAYMENT,17.61,C5022964382,21.08,3.47,M9773795424,0.0,0.0,0,0.0,0
435,PAYMENT,539.94,C7573691558,648.41,108.47,M4122901114,0.0,0.0,0,0.0,0
203,PAYMENT,4631.67,C5087357728,43336.64,38704.97,M1857561275,0.0,0.0,0,0.0,0
644,CASH_OUT,64.44,C8351491401,102.33,37.89,C7949795085,8.63,8.63,0,0.03,0
180,CASH_OUT,2298.07,C3328710672,2037.11,0.0,C7784217828,685.6,685.6,1,0.056666666666666664,0
133,PAYMENT,166.14,C1913706213,209.15,43.01,M2778069478,0.0,0.0,0,0.0,0
687,TRANSFER,1.0,C4735334423,0.0,0.0,C9354711271,534.57,535.57,0,0.07666666666666666,0
719,CASH_OUT,609.26,C5774080233,1428.75,819.49,C1182758417,1608.5,1608.5,0,0.03333333333333333,0
697,CASH_OUT,1.0,C4287687478,0.0,0.0,C9924456994,567.51,567.51,0,0.056666666666666664,0
374,TRANSFER,584.68,C9663561486,2912.94,2328.26,C4928783441,0.0,584.68,0,0.006666666666666667,0
277,TRANSFER,2101.49,C6822870815,2879.47,777.98,C4713453204,757.26,2858.75,1,0.0033333333333333335,0
107,CASH_OUT,268.16,C5736462531,340.54,72.38,C1515024824,1.0,1.0,0,0.0,0
74,PAYMENT,301.88,C9935429720,635.41,333.53,M4908108692,0.0,0.0,0,0.0,0
116,DEBIT,417.45,C9702693937,775.31,357.86,M5270048042,0.0,0.0,0,0.01,0
537,TRANSFER,653.7,C4939447721,569.82,0.0,M5794335854,0.0,0.0,1,0.26,0
91,PAYMENT,1.0,C8137972345,0.0,0.0,M6525576685,0.0,0.0,0,0.0,0
210,TRANSFER,754.12,C9547119184,633.85,0.0,M8768773991,0.0,0.0,1,0.2966666666666667,0
578,PAYMENT,67.94,C3047869247,249.41,181.47,M6041646576,0.0,0.0,0,0.0,0
238,TRANSFER,6044.69,C3400244542,26868.21,20823.52,C3128675098,55.82,6100.51,0,0.0,0
53,CASH_OUT,185.76,C6611356986,465.97,280.21,C5409514899,598.27,598.27,0,0.01,0
368,PAYMENT,20.8,C8527715219,48.01,27.21,M8102481401,0.0,0.0,0,0.0,0
86,CASH_OUT,2649.31,C2247484671,2448.25,0.0,C8547068234,9585.72,9585.72,1,0.013333333333333334,0
189,CASH_OUT,1.0,C5578056564,0.0,0.0,C4946081594,418.46,418.46,0,0.0033333333333333335,0
62,TRANSFER,3733.88,C5694806361,4370.68,636.8,M1811839103,0.0,0.0,1,0.20333333333333334,0
385,PAYMENT,1.0,C5358791907,0.0,0.0,M5412437658,0.0,0.0,0,0.0,0
476,CASH_IN,4941.92,C8370987661,0.0,4941.92,C6178804925,42495.27,42495.27,0,0.0,0
189,PAYMENT,65.04,C8429141456,156.8,91.76,M3072183247,0.0,0.0,0,0.0,0
154,CASH_OUT,328.82,C1546696950,291.49,0.0,M2555936898,0.0,0.0,1,0.02,0
21,DEBIT,377.2,C4946081594,418.46,41.26,M1783432867,0.0,0.0,0,0.013333333333333334,0
224,PAYMENT,1.0,C7287517250,0.0,0.0,M1083302600,0.0,0.0,0,0.0,0
291,TRANSFER,289.64,C1197092148,356.23,66.59,C1547374338,0.0,0.0,1,0.15666666666666668,0
696,PAYMENT,1.62,C8458717057,3.59,1.97,M6200141898,0.0,0.0,0,0.0,0
593,TRANSFER,570.43,C4700855390,663.91,93.48,M8235474949,0.0,0.0,1,0.17666666666666667,0
583,DEBIT,3762.11,C5695387521,18607.16,14845.05,M9288057824,0.0,0.0,0,0.03333333333333333,0
421,TRANSFER,54.13,C1952396600,110.07,55.94,C2647489402,0.0,54.13,0,0.16,0
395,CASH_OUT,3.35,C8612747444,4.59,1.24,C7316122432,37.68,37.68,0,0.013333333333333334,0
173,TRANSFER,114.24,C2327372855,133.02,18.78,C4026113008,38.99,153.23,1,0.043333333333333335,0
112,PAYMENT,264.89,C6098775210,423.5,158.61,M7651029165,0.0,0.0,0,0.0,0
592,TRANSFER,640.4,C6474354351,736.01,95.61,C5358791907,0.0,640.4,0,0.056666666666666664,0
536,CASH_OUT,224.99,C4268713302,273.64,48.65,M7678293431,0.0,0.0,1,0.03666666666666667,0
137,PAYMENT,1.0,C8303853049,0.0,0.0,M5585110649,0.0,0.0,0,0.0,0
412,PAYMENT,82.05,C3655790301,137.92,55.87,M9625656293,0.0,0.0,0,0.0,0
597,PAYMENT,373.74,C8300300577,1119.99,746.25,M9631695368,0.0,0.0,0,0.0,0
597,CASH_OUT,365.79,C9441018790,448.04,82.25,C6642266247,0.0,0.0,1,0.03666666666666667,0
203,CASH_OUT,128.71,C5129478722,331.52,202.81,C6732648420,458.23,458.23,0,0.0033333333333333335,0
511,DEBIT,5858.03,C8189916797,9704.17,3846.14,M4460319291,0.0,0.0,0,0.03666666666666667,0
112,CASH_IN,35889.82,C2095286033,0.0,35889.82,C8110054933,0.0,0.0,0,0.0,0
531,TRANSFER,1.0,C4914929023,0.0,0.0,C1197092148,66.59,67.59,0,0.16333333333333333,0
720,CASH_OUT,181.72,C4550353803,151.8,0.0,M1343875431,0.0,0.0,1,0.08,0
66,CASH_OUT,52.92,C5376302686,56.16,3.24,C2052811909,60983.76,60983.76,0,0.0,0
125,CASH_OUT,98.26,C6418365941,81.97,0.0,C6447717367,0.0,0.0,1,0.013333333333333334,0
102,TRANSFER,9720.1,C1870644102,8594.6,0.0,C7666129822,21.04,9741.14,1,0.023333333333333334,0
431,CASH_OUT,970.55,C6618926823,921.03,0.0,C2950049698,5.51,5.51,1,0.41,0
523,PAYMENT,1.0,C1065857791,0.0,0.0,M7702529931,0.0,0.0,0,0.0,0
124,CASH_OUT,780.82,C6837342064,823.48,42.66,M8727805468,0.0,0.0,1,0.0033333333333333335,0
515,CASH_OUT,3433.56,C8236980551,4064.94,631.38,M6041646576,0.0,0.0,1,0.023333333333333334,0
350,TRANSFER,242.97,C6469458472,321.78,78.81,M3595066420,0.0,0.0,1,0.15,0
656,TRANSFER,83655.45,C6448324230,91063.08,7407.63,C8380312396,311.41,83966.86,0,0.0,0
557,PAYMENT,122.62,C5336127859,293.03,170.41,M3355504998,0.0,0.0,0,0.0,0
253,CASH_IN,4792.65,C8272725281,0.0,4792.65,C1529290976,92480.46,92480.46,0,0.0,0
249,PAYMENT,1.0,C8624454880,0.0,0.0,M1458227039,0.0,0.0,0,0.0,0
146,CASH_OUT,2142.37,C5184564874,2956.53,814.16,C6661014794,60.93,60.93,1,0.0,0
430,PAYMENT,1.0,C7481631841,0.0,0.0,M8144889126,0.0,0.0,0,0.0,0
151,TRANSFER,977.91,C4070964768,989.53,11.62,M5869990861,0.0,0.0,1,0.18,0
112,CASH_OUT,1.0,C9420979586,0.0,0.0,C7499349987,277.32,277.32,0,0.0033333333333333335,0
514,TRANSFER,12.74,C6715705115,15.63,2.89,C9327720702,2341.76,2354.5,0,0.04,0
537,CASH_OUT,4589.69,C6276339732,4697.23,107.54,C9558091177,0.0,0.0,1,0.056666666666666664,0
656,CASH_OUT,1127.56,C7186766399,1084.89,0.0,C3710566582,38.62,38.62,1,0.17,0
491,CASH_IN,60239.6,C2274350418,304.22,60543.82,C9924456994,567.51,567.51,0,0.0,0
395,TRANSFER,936.19,C8075122626,804.49,0.0,C5588254555,25.3,961.49,1,0.07666666666666666,0
580,PAYMENT,75.08,C6797174636,99.84,24.76,M2885370603,0.0,0.0,0,0.0,0
572,TRANSFER,83.75,C6837975356,76.09,0.0,C6218484323,102997.1,102997.1,1,0.006666666666666667,0
404,TRANSFER,21.71,C4361393222,66.81,45.1,C4630196130,0.0,21.71,0,0.15666666666666668,0
561,PAYMENT,8.59,C7393195616,18.99,10.4,M7948094928,0.0,0.0,0,0.0,0
106,TRANSFER,100.31,C6276339732,107.54,7.23,M1711271599,0.0,0.0,1,0.16666666666666666,0
650,TRANSFER,3006.76,C9196564761,2923.42,0.0,M6200141898,0.0,0.0,1,0.9433333333333334,1
419,PAYMENT,2460.73,C2227193073,3681.19,1220.46,M3457877922,0.0,0.0,0,0.0,0
234,PAYMENT,1.0,C6725038117,1.27,0.27,M6866146362,0.0,0.0,0,0.0,0
37,TRANSFER,2016.52,C4026816435,1969.25,0.0,C4473306055,264.06,264.06,1,0.16,0
342,CASH_OUT,3558.7,C7296658772,3129.2,0.0,M7537130187,0.0,0.0,1,0.13,0
431,TRANSFER,2384.92,C9908115095,2609.83,224.91,C1654602021,0.31,0.31,1,0.27666666666666667,0
24,CASH_OUT,1.0,C6157617867,0.0,0.0,C5610783750,336.68,336.68,0,0.0033333333333333335,0
456,CASH_OUT,731.57,C8831899893,661.64,0.0,C6098775210,158.61,158.61,1,0.18333333333333332,0
260,CASH_OUT,1.0,C2811967841,0.0,0.0,C4096932037,15.0,15.0,0,0.023333333333333334,0
559,CASH_OUT,644.91,C5306459450,604.26,0.0,C2777816561,387.95,387.95,1,0.12333333333333334,0
532,TRANSFER,1.0,C4765583254,0.0,0.0,C6719736115,67.73,68.73,0,0.16333333333333333,0
85,CASH_OUT,981.71,C4482141802,850.94,0.0,M6130446648,0.0,0.0,1,0.08333333333333333,0
461,TRANSFER,184.27,C7935554354,459.59,275.32,C8055515912,15.21,199.48,0,0.056666666666666664,0
399,TRANSFER,22051.11,C3190227431,52443.98,30392.87,C3567900251,20.8,22071.91,0,0.0,0
540,PAYMENT,51.31,C4398953973,30138.05,30086.74,M3846182436,0.0,0.0,0,0.0,0
204,PAYMENT,1076.41,C3962452613,1346.82,270.41,M1999913493,0.0,0.0,0,0.0,0
375,PAYMENT,4345.69,C2924568778,103608.29,99262.6,M8910440683,0.0,0.0,0,0.0,0
101,PAYMENT,116.64,C5694190173,130.7,14.06,M2586712032,0.0,0.0,0,0.0,0
366,CASH_OUT,237.51,C5610783750,336.68,99.17,C9049270990,0.0,0.0,1,0.01,0
139,PAYMENT,3.2,C6110943464,10.13,6.93,M9581187661,0.0,0.0,0,0.0,0
574,PAYMENT,387.07,C6576426590,1586.3,1199.23,M6275155878,0.0,0.0,0,0.0,0
66,CASH_OUT,1506.4,C6244338653,2007.84,501.44,C2388450337,43.51,43.51,1,0.0,0
356,PAYMENT,43.84,C1626733282,53.19,9.35,M2625035499,0.0,0.0,0,0.0,0
395,TRANSFER,179.78,C5129478722,202.81,23.03,C9279291478,26.52,206.3,0,0.043333333333333335,0
699,DEBIT,153.56,C8057994126,749.77,596.21,M7343954769,0.0,0.0,0,0.023333333333333334,0
261,TRANSFER,1.0,C4710967433,0.0,0.0,C6300607425,34.69,35.69,0,0.17,0
356,TRANSFER,3521.12,C4526242854,3188.17,0.0,M8869140487,0.0,0.0,1,0.7533333333333333,1
455,PAYMENT,244.42,C4014119648,305.6,61.18,M8138332494,0.0,0.0,0,0.0,0
512,CASH_IN,71491.13,C3893976444,0.0,71491.13,C5607762160,0.0,0.0,0,0.0,0
592,TRANSFER,396.18,C2224336336,414.43,18.25,M8058679999,0.0,0.0,1,0.17666666666666667,0
361,CASH_IN,4775.79,C1487258103,9.74,4785.53,C6852312425,2.76,2.76,0,0.0,0
707,TRANSFER,3424.36,C1484664056,3304.03,0.0,M3705237613,0.0,0.0,1,0.8833333333333333,1
647,DEBIT,1.0,C9863781331,0.0,0.0,M1732578761,0.0,0.0,0,0.05333333333333334,0
471,PAYMENT,143.74,C2965164102,309.26,165.52,M6845287382,0.0,0.0,0,0.0,0
526,PAYMENT,1.0,C4180599722,0.0,0.0,M2586712032,0.0,0.0,0,0.0,0
199,CASH_OUT,74.32,C6320115677,64.35,0.0,C8638763775,142.0,142.0,1,0.006666666666666667,0
560,CASH_OUT,1311.01,C9433570024,1353.08,42.07,M5714658227,0.0,0.0,1,0.04666666666666667,0
551,TRANSFER,1447.32,C6288227800,1239.26,0.0,M3595066420,0.0,0.0,1,0.47,0
465,TRANSFER,1.0,C9558091177,0.0,0.0,C4572433066,0.0,1.0,0,0.22,0
269,PAYMENT,1.0,C5293274004,0.0,0.0,M1458227039,0.0,0.0,0,0.0,0
168,CASH_OUT,11.99,C2389803385,18.52,6.53,C5993571693,98.42,98.42,0,0.0,0
78,PAYMENT,1.0,C2984460654,0.0,0.0,M3119908041,0.0,0.0,0,0.0,0
55,TRANSFER,904.25,C6884333221,1137.13,232.88,C6704841644,0.0,904.25,0,0.0033333333333333335,0
253,TRANSFER,1637.67,C5071897791,1762.04,124.37,M1357561213,0.0,0.0,1,0.23666666666666666,0
297,CASH_OUT,3411.81,C9715314442,3916.9,505.09,M6992094064,0.0,0.0,1,0.006666666666666667,0
469,CASH_OUT,49.16,C5884391502,54.22,5.06,M9640701016,0.0,0.0,1,0.05,0
1,CASH_OUT,1.0,C8261111839,0.0,0.0,C9333490239,0.7,0.7,0,0.02666666666666667,0
384,TRANSFER,4282.01,C8750840032,4472.0,189.99,M2115862756,0.0,0.0,1,0.22666666666666666,0
678,CASH_IN,137922.58,C5294535887,1.0,137923.58,C5870268582,0.0,0.0,0,0.0,0
100,PAYMENT,21.67,C3483827971,32.7,11.03,M7960713821,0.0,0.0,0,0.0,0
651,CASH_OUT,2.72,C8854238082,8.11,5.39,C2082326234,0.0,0.0,0,0.03,0
394,PAYMENT,5.47,C4586784711,1110.94,1105.47,M8778927211,0.0,0.0,0,0.0,0
392,TRANSFER,949.98,C3725152347,836.04,0.0,C5144289583,0.0,0.0,1,0.30333333333333334,0
411,TRANSFER,26497.51,C7488943393,27250.77,753.26,C5606736607,0.0,0.0,1,0.30333333333333334,0
470,CASH_IN,76.89,C6169243284,595.08,671.97,C2139027119,12.01,12.01,0,0.006666666666666667,0
36,CASH_OUT,977.99,C9860949331,889.64,0.0,M4908108692,0.0,0.0,1,0.07,0
565,PAYMENT,11205.34,C7038841740,12442.07,1236.73,M2121448210,0.0,0.0,0,0.0,0
466,TRANSFER,2950.68,C9354542654,2590.19,0.0,C3258354191,32.38,32.38,1,0.7533333333333333,1
178,PAYMENT,83.36,C9493209128,118.07,34.71,M2778069478,0.0,0.0,0,0.0,0
533,PAYMENT,145.92,C6756332150,143804.18,143658.26,M6692705133,0.0,0.0,0,0.0,0
86,PAYMENT,84.56,C2369705770,244.11,159.55,M1857561275,0.0,0.0,0,0.0,0
582,PAYMENT,326.51,C4181102664,355.37,28.86,M1504729135,0.0,0.0,0,0.0,0
635,TRANSFER,1.0,C8083175325,0.0,0.0,C1033015788,795.75,796.75,0,0.08333333333333333,0
507,CASH_OUT,384.7,C7004510516,539.4,154.7,M8083396378,0.0,0.0,1,0.03,0
56,TRANSFER,3622.18,C4067961943,3932.47,310.29,M6515490818,0.0,0.0,1,0.21333333333333335,0
302,DEBIT,1836.44,C9376277483,3690.72,1854.28,M3960136787,0.0,0.0,0,0.016666666666666666,0
179,CASH_OUT,159.03,C8588769565,302.89,143.86,C4696689457,0.0,0.0,0,0.0,0
532,PAYMENT,8557.09,C3975418439,86916.86,78359.77,M2156184315,0.0,0.0,0,0.0,0
594,CASH_IN,139317.3,C4538382315,158.89,139476.19,C8493451569,0.0,0.0,0,0.0,0
88,CASH_OUT,6.4,C1399546384,12.57,6.17,C5704029171,0.0,0.0,0,0.0033333333333333335,0
386,PAYMENT,1.0,C3304560537,0.0,0.0,M8138332494,0.0,0.0,0,0.0,0
684,TRANSFER,1.0,C8795212264,0.0,0.0,C1039262289,18.07,19.07,0,0.19,0
146,TRANSFER,2997.83,C4492602049,4152.12,1154.29,M4399143287,0.0,0.0,1,0.17,0
367,CASH_OUT,2514.61,C6447717367,2443.17,0.0,C7287517250,0.0,0.0,1,0.14,0
20,TRANSFER,33.75,C4014119648,61.18,27.43,C3660223333,17.87,51.62,0,0.11666666666666667,0
665,PAYMENT,1.0,C3667292043,0.0,0.0,M3595066420,0.0,0.0,0,0.0,0
334,CASH_OUT,1315.72,C3197757742,1501.74,186.02,C6110943464,6.93,6.93,0,0.006666666666666667,0
665,TRANSFER,15935.83,C8241550421,19601.44,3665.61,C5161807235,671.45,671.45,1,0.07666666666666666,0
250,PAYMENT,3.3,C7710396573,3.88,0.58,M3094407076,0.0,0.0,0,0.0,0
613,PAYMENT,172.75,C9924456994,567.51,394.76,M1504729135,0.0,0.0,0,0.0,0
157,PAYMENT,99.79,C6098775210,158.61,58.82,M7702529931,0.0,0.0,0,0.0,0
608,CASH_OUT,155.11,C8991977937,12244.92,12089.81,C9327720702,2354.5,2354.5,0,0.0033333333333333335,0
684,TRANSFER,488.64,C6027311960,576.01,87.37,M7532669066,0.0,0.0,1,0.17333333333333334,0
585,CASH_OUT,195.83,C4145461251,243.74,47.91,C8763140509,444.75,444.75,0,0.03,0
541,PAYMENT,26.18,C5028688786,31.64,5.46,M2156184315,0.0,0.0,0,0.0,0
295,CASH_IN,6645.4,C5633956194,21.29,6666.69,C2242377075,0.78,0.78,0,0.0,0
17,TRANSFER,1.0,C8208643631,0.0,0.0,C1110533960,86.44,87.44,0,0.11,0
666,PAYMENT,339.25,C2963288053,473.49,134.24,M3660800029,0.0,0.0,0,0.0,0
286,PAYMENT,1.0,C6447717367,0.0,0.0,M7050091525,0.0,0.0,0,0.0,0
380,TRANSFER,87342.02,C1529290976,92480.46,5138.44,C7873709012,138155.03,138155.03,1,0.0,0
552,DEBIT,1.0,C4026816435,0.0,0.0,M2885370603,0.0,0.0,0,0.043333333333333335,0
229,PAYMENT,1.0,C2646331504,0.0,0.0,M7951820749,0.0,0.0,0,0.0,0
516,TRANSFER,1.0,C9957643727,0.0,0.0,C5884080139,35672.25,35673.25,0,0.0033333333333333335,0
217,CASH_OUT,1.0,C6618926823,0.0,0.0,C2994056084,123.09,123.09,0,0.0,0
679,TRANSFER,5.64,C6362597344,7.78,2.14,C5275521470,926.69,932.33,0,0.06,0
391,PAYMENT,1.0,C6959501845,0.0,0.0,M8443061472,0.0,0.0,0,0.0,0
549,CASH_OUT,2354.29,C4630196130,2333.21,0.0,M8646369354,0.0,0.0,1,0.18,0
539,CASH_OUT,1617.18,C8380507338,1556.43,0.0,M3508990774,0.0,0.0,1,0.18333333333333332,0
70,TRANSFER,323.6,C7380780055,408.8,85.2,C5877639950,208.92,532.52,0,0.01,0
422,CASH_IN,106442.7,C5567816720,3355.2,109797.9,C5150090143,95.61,95.61,0,0.0,0
254,CASH_OUT,439.09,C3836517266,416.32,0.0,C5625342041,65.48,65.48,1,0.04666666666666667,0
418,CASH_OUT,77.85,C8674224347,101.52,23.67,C5923940434,56.62,56.62,0,0.05333333333333334,0
297,TRANSFER,1.0,C8015124886,0.0,0.0,C6661014794,60.93,61.93,0,0.11666666666666667,0
500,TRANSFER,2220.82,C8055556030,2816.11,595.29,M3476758136,0.0,0.0,1,0.29333333333333333,0
50,TRANSFER,1544.23,C4659306670,2115.38,571.15,M5694439775,0.0,0.0,1,0.15,0
165,PAYMENT,1.0,C3421719519,0.0,0.0,M9620935604,0.0,0.0,0,0.0,0
404,TRANSFER,16549.64,C3426709025,22221.06,5671.42,C4645120421,0.0,0.0,1,0.24666666666666667,0
237,PAYMENT,10839.31,C4067919621,100909.21,90069.9,M8910440683,0.0,0.0,0,0.0,0
110,CASH_OUT,50.83,C4345526911,92.81,41.98,C9953716239,11.12,11.12,0,0.0033333333333333335,0
150,PAYMENT,1063.75,C5296710795,2067.79,1004.04,M2916502228,0.0,0.0,0,0.0,0
691,CASH_OUT,100.88,C2524751277,107.26,6.38,C7333316743,174.63,174.63,0,0.02666666666666667,0
695,PAYMENT,20.06,C9462806178,28.34,8.28,M7951820749,0.0,0.0,0,0.0,0
416,PAYMENT,143.02,C9868845806,264.61,121.59,M5869990861,0.0,0.0,0,0.0,0
672,DEBIT,1.0,C7292376027,0.0,0.0,M9410569618,0.0,0.0,0,0.05,0
8,CASH_OUT,14.37,C1051354601,67.05,52.68,C3482206102,73.93,73.93,0,0.006666666666666667,0
300,PAYMENT,80.4,C7027529118,221.36,140.96,M9558906999,0.0,0.0,0,0.0,0
382,TRANSFER,925.99,C7185179917,1232.88,306.89,C8832617672,26.74,26.74,1,0.07666666666666666,0
297,CASH_OUT,171.06,C6491309593,280.01,108.95,C5667503195,2.69,2.69,0,0.006666666666666667,0
125,TRANSFER,12381.13,C9704383251,12687.36,306.23,M5869990861,0.0,0.0,1,0.23666666666666666,0
492,PAYMENT,2227.93,C6038780151,3077.81,849.88,M7861571879,0.0,0.0,0,0.0,0
386,CASH_OUT,19.62,C7596745715,59.05,39.43,C4310415016,0.0,0.0,0,0.013333333333333334,0
647,TRANSFER,84.09,C3260842187,192.18,108.09,C7539399243,2412.18,2496.27,0,0.03333333333333333,0
603,PAYMENT,2798.59,C1487258103,4785.53,1986.94,M3355504998,0.0,0.0,0,0.0,0
227,CASH_OUT,170.63,C3197757742,186.02,15.39,C6924716023,2.24,2.24,0,0.006666666666666667,0
403,PAYMENT,12421.25,C6121801720,77705.37,65284.12,M8276498637,0.0,0.0,0,0.0,0
30,CASH_IN,96143.23,C7226553010,0.0,96143.23,C1572827654,0.0,0.0,0,0.0,0
606,PAYMENT,319.41,C6620138568,673.35,353.94,M1908459040,0.0,0.0,0,0.0,0
4,CASH_OUT,289.48,C4635552887,246.99,0.0,C9663561486,2328.26,2328.26,1,0.03666666666666667,0
517,PAYMENT,1.0,C8350384902,0.0,0.0,M8821456242,0.0,0.0,0,0.0,0
429,PAYMENT,1.0,C7760554363,0.0,0.0,M4211837506,0.0,0.0,0,0.0,0
578,PAYMENT,1.0,C7154795660,0.0,0.0,M3660800029,0.0,0.0,0,0.0,0
86,PAYMENT,2006.0,C8833889083,3189.58,1183.58,M4306983924,0.0,0.0,0,0.0,0
526,CASH_OUT,258.56,C8151583833,325.41,66.85,M7168105904,0.0,0.0,1,0.03666666666666667,0
577,PAYMENT,176.92,C3597724331,453.34,276.42,M2885370603,0.0,0.0,0,0.0,0
605,TRANSFER,551.23,C2761091683,611.31,60.08,C1051354601,52.68,603.91,0,0.05333333333333334,0
597,PAYMENT,1.14,C4736031885,4.65,3.51,M4160161496,0.0,0.0,0,0.0,0
263,PAYMENT,443.15,C5641959772,1003.43,560.28,M9441870024,0.0,0.0,0,0.0,0
594,CASH_OUT,1454.89,C2076341629,1699.29,244.4,M2328736852,0.0,0.0,1,0.02666666666666667,0
300,TRANSFER,1371.02,C5789633176,1257.63,0.0,M7664045502,0.0,0.0,1,0.36666666666666664,0
552,CASH_IN,106005.34,C2670036982,579.2,106584.54,C9526836552,0.0,0.0,0,0.0,0
680,DEBIT,159.96,C2014766981,325.04,165.08,M7750131975,0.0,0.0,0,0.023333333333333334,0
481,CASH_OUT,7344.02,C3734252963,8966.01,1621.99,M1458227039,0.0,0.0,1,0.023333333333333334,0
714,TRANSFER,307.48,C4472312361,338.37,30.89,M7702529931,0.0,0.0,1,0.16666666666666666,0
113,CASH_IN,2490.28,C5375461598,0.24,2490.52,C5982744929,0.0,0.0,0,0.0,0
224,TRANSFER,1.0,C4638577630,0.0,0.0,C1521521078,2655.29,2656.29,0,0.0,0
504,TRANSFER,119.2,C8137764127,130.39,11.19,M5985331805,0.0,0.0,1,0.17333333333333334,0
688,TRANSFER,1.0,C4605117440,0.0,0.0,C7174772035,317.38,318.38,0,0.09,0
156,TRANSFER,281.82,C3776011793,249.29,0.0,C5694848867,8125.6,8125.6,1,0.0,0
602,PAYMENT,1.0,C3057629778,0.0,0.0,M7050091525,0.0,0.0,0,0.0,0
58,CASH_OUT,4224.38,C8076527214,4049.42,0.0,C9081544414,0.0,0.0,1,0.04,0
460,PAYMENT,1.0,C7668801906,0.0,0.0,M6771941776,0.0,0.0,0,0.0,0
147,CASH_OUT,1.0,C1446362270,0.0,0.0,C2073108894,0.0,0.0,0,0.0033333333333333335,0
187,PAYMENT,1.0,C2320763135,0.0,0.0,M7343954769,0.0,0.0,0,0.0,0
333,TRANSFER,578.62,C5161807235,671.45,92.83,M9410569618,0.0,0.0,1,0.15666666666666668,0
422,CASH_OUT,2424.15,C2774884818,2925.49,501.34,M1802753761,0.0,0.0,1,0.043333333333333335,0
607,TRANSFER,1.0,C5750815980,0.0,0.0,C1660370908,0.0,1.0,0,0.23333333333333334,0
549,PAYMENT,3.37,C1805492785,3.82,0.45,M2910594463,0.0,0.0,0,0.0,0
180,PAYMENT,451.46,C4655730355,1422.58,971.12,M2243802345,0.0,0.0,0,0.0,0
199,TRANSFER,3707.31,C9403748506,4763.74,1056.43,M1099218439,0.0,0.0,1,0.20666666666666667,0
11,TRANSFER,403.21,C3515167269,338.93,0.0,M7282885927,0.0,0.0,1,0.20333333333333334,0
141,TRANSFER,3541.1,C7527316141,3922.35,381.25,M1413599241,0.0,0.0,1,0.17333333333333334,0
622,TRANSFER,39.9,C8638763775,142.0,102.1,C8375996697,98.48,138.38,0,0.07666666666666666,0
214,PAYMENT,217.03,C2965254350,302.83,85.8,M3208200227,0.0,0.0,0,0.0,0
614,TRANSFER,1.0,C6204862411,0.0,0.0,C2579206999,0.0,1.0,0,0.23333333333333334,0
390,CASH_OUT,1877.09,C4325878813,2105.97,228.88,M6786043791,0.0,0.0,1,0.01,0
468,PAYMENT,1.0,C8612747444,1.24,0.24,M6282009986,0.0,0.0,0,0.0,0
583,TRANSFER,3405.3,C5751366455,3076.98,0.0,C2770980600,0.0,0.0,1,0.9433333333333334,1
422,CASH_OUT,326.73,C8236980551,631.38,304.65,C7193532615,171.42,171.42,0,0.04,0
286,TRANSFER,635.32,C2020395327,8188.17,7552.85,C6463640105,25.93,661.25,0,0.0,0
295,PAYMENT,1.51,C8703867299,3.62,2.11,M6130446648,0.0,0.0,0,0.0,0
290,CASH_OUT,6.23,C2407863065,18.38,12.15,C9086117171,26446.82,26446.82,0,0.0,0
595,PAYMENT,15.34,C3875303857,590.3,574.96,M2518433834,0.0,0.0,0,0.0,0
473,TRANSFER,24896.39,C1563524533,34088.16,9191.77,C5539308214,5.34,24901.73,1,0.0033333333333333335,0
101,PAYMENT,1.0,C1094115188,0.0,0.0,M6932365592,0.0,0.0,0,0.0,0
674,TRANSFER,13.3,C4096932037,15.0,1.7,C9771848610,0.0,13.3,0,0.18,0
19,TRANSFER,1.0,C9033653743,0.0,0.0,C4248149900,11675.33,11676.33,0,0.0,0
540,PAYMENT,355.91,C7772180882,493.79,137.88,M6732306182,0.0,0.0,0,0.0,0
140,PAYMENT,1.0,C5634076661,0.0,0.0,M7928143230,0.0,0.0,0,0.0,0
522,CASH_OUT,1.0,C7556078550,0.0,0.0,C8293928340,99.47,99.47,0,0.05,0
664,CASH_OUT,10.67,C7340498236,34.58,23.91,C4506639908,172.06,172.06,0,0.023333333333333334,0
110,PAYMENT,4.5,C1459442845,16.19,11.69,M6101516825,0.0,0.0,0,0.0,0
274,CASH_OUT,80.87,C7114223633,93.35,12.48,C4104309491,851.97,851.97,0,0.006666666666666667,0
599,CASH_IN,1214.8,C6924716023,2.24,1217.04,C2439622619,45.82,45.82,0,0.0,0
623,TRANSFER,34.64,C6640801643,48.5,13.86,C7951902330,212.75,247.39,0,0.07333333333333333,0
167,PAYMENT,1.0,C8417757797,0.27,0.0,M6525576685,0.0,0.0,0,0.0,0
110,PAYMENT,48.61,C7460728316,63.07,14.46,M2155671697,0.0,0.0,0,0.0,0
705,TRANSFER,1.64,C6027311960,87.37,85.73,C8287542751,124.15,125.79,0,0.08666666666666667,0
170,CASH_OUT,1.0,C8382963909,0.0,0.0,C3293560436,45.74,45.74,0,0.0,0
352,CASH_OUT,27080.84,C2311597141,29961.03,2880.19,C8178361487,31.89,31.89,0,0.0,0
253,TRANSFER,287.74,C6496933442,257.45,0.0,M5449848690,0.0,0.0,1,0.24,0
314,TRANSFER,7.96,C4277422858,8.49,0.53,C7015992643,2033.44,2041.4,0,0.006666666666666667,0
200,CASH_IN,64927.5,C6448324230,7407.63,72335.13,C9958044697,838.75,838.75,0,0.0,0
323,CASH_OUT,132.64,C7608141858,116.91,0.0,C8795212264,0.0,0.0,1,0.03666666666666667,0
159,CASH_OUT,4.83,C4655935832,7.17,2.34,C9432088993,0.0,0.0,0,0.006666666666666667,0
135,TRANSFER,12.48,C1112794026,25.77,13.29,C7805633786,16151.45,16163.93,0,0.0,0
210,PAYMENT,1691.01,C5375461598,2490.52,799.51,M1368287033,0.0,0.0,0,0.0,0
115,TRANSFER,1373.71,C9663561486,2328.26,954.55,C9805620900,51518.82,52892.53,0,0.0,0
500,TRANSFER,5066.1,C2732553940,4768.89,0.0,C7772180882,137.88,137.88,1,0.5366666666666666,1
126,PAYMENT,1.0,C3389594115,0.0,0.0,M4125758723,0.0,0.0,0,0.0,0
181,TRANSFER,31015.46,C7839819230,31661.51,646.05,C8287542751,125.79,125.79,1,0.05,0
107,TRANSFER,60.14,C1378134712,124587.21,124527.07,C5375461598,799.51,859.65,0,0.0033333333333333335,0
631,TRANSFER,40246.84,C9919491730,48920.4,8673.56,M6845287382,0.0,0.0,1,0.31,0
142,TRANSFER,18.22,C8372755146,20.49,2.27,C8943866829,0.0,18.22,0,0.16333333333333333,0
26,PAYMENT,38.61,C8313706299,48.96,10.35,M2541015125,0.0,0.0,0,0.0,0
526,TRANSFER,61.51,C1600566083,67.9,6.39,C6168291913,359.86,421.37,0,0.07333333333333333,0
372,PAYMENT,3036.93,C5461537013,8242.89,5205.96,M6401844042,0.0,0.0,0,0.0,0
64,CASH_OUT,34.36,C1173215225,60.36,26.0,C4518871744,3621.41,3621.41,0,0.0033333333333333335,0
624,DEBIT,783.44,C3923823693,14141.68,13358.24,M6275155878,0.0,0.0,0,0.023333333333333334,0
132,PAYMENT,1.0,C1870644102,0.0,0.0,M2136107759,0.0,0.0,0,0.0,0
648,PAYMENT,25.43,C6591038760,273.22,247.79,M2303835765,0.0,0.0,0,0.0,0
574,CASH_OUT,325.66,C9703905715,563.15,237.49,C5082603360,161.98,161.98,0,0.023333333333333334,0
137,PAYMENT,1.0,C7464468567,0.0,0.0,M2773408660,0.0,0.0,0,0.0,0
127,CASH_OUT,1784.52,C5604529187,2379.79,595.27,C8275679594,331.99,331.99,1,0.0033333333333333335,0
224,PAYMENT,2.02,C5461537013,5205.96,5203.94,M6361225622,0.0,0.0,0,0.0,0
67,PAYMENT,1.0,C5600836559,0.31,0.0,M1783432867,0.0,0.0,0,0.0,0
323,PAYMENT,1858.98,C6392415228,2428.34,569.36,M3192202822,0.0,0.0,0,0.0,0
513,PAYMENT,207.72,C7185179917,306.89,99.17,M8626371177,0.0,0.0,0,0.0,0
587,PAYMENT,1.0,C4907446848,0.0,0.0,M5412437658,0.0,0.0,0,0.0,0
253,CASH_OUT,3.04,C4731897202,3.81,0.77,C8730507757,31.92,31.92,0,0.013333333333333334,0
256,PAYMENT,12.06,C4946081594,41.26,29.2,M7512767226,0.0,0.0,0,0.0,0
309,PAYMENT,2575.04,C9953941533,4315.73,1740.69,M6992094064,0.0,0.0,0,0.0,0
514,TRANSFER,2451.29,C1547374338,2375.25,0.0,C2076151332,27830.71,27830.71,1,0.06,0
672,CASH_OUT,11189.43,C3792347639,98706.8,87517.37,C8453283834,0.0,0.0,0,0.01,0
504,TRANSFER,5148.15,C3874432021,7176.14,2027.99,C7470843264,39281.34,39281.34,1,0.0033333333333333335,0
319,PAYMENT,59.26,C5292015249,147.28,88.02,M4641902461,0.0,0.0,0,0.0,0
483,TRANSFER,1.0,C7010379415,0.0,0.0,C1945826486,12.45,13.45,0,0.2,0
679,DEBIT,2088.24,C1644608746,3480.68,1392.44,M6525576685,0.0,0.0,0,0.03333333333333333,0
601,TRANSFER,683.41,C8791183272,835.91,152.5,M7651029165,0.0,0.0,1,0.15666666666666668,0
373,PAYMENT,1.0,C5482431018,0.0,0.0,M2243802345,0.0,0.0,0,0.0,0
93,PAYMENT,1.0,C6557907251,0.0,0.0,M7664045502,0.0,0.0,0,0.0,0
403,TRANSFER,416.71,C3694860228,1479.73,1063.02,C6687206971,0.0,416.71,0,0.01,0
302,TRANSFER,29.46,C2388450337,43.51,14.05,C3421719519,0.0,29.46,0,0.15666666666666668,0
329,CASH_OUT,142.46,C2379592595,583.5,441.04,C2020395327,7552.85,7552.85,0,0.013333333333333334,0
385,DEBIT,70.55,C7601519165,337.72,267.17,M5937271321,0.0,0.0,0,0.02,0
319,TRANSFER,517.31,C5306459450,619.76,102.45,M2695447268,0.0,0.0,1,0.16333333333333333,0
386,CASH_OUT,1889.1,C1276905285,1882.28,0.0,C3780475472,0.0,0.0,1,0.13333333333333333,0
347,TRANSFER,2741.2,C2419931729,2705.71,0.0,C8331319481,21.61,21.61,1,0.56,1
168,TRANSFER,4382.16,C2687477596,4920.5,538.34,C4558302256,1488.11,1488.11,1,0.0033333333333333335,0
166,TRANSFER,251.18,C4202607993,213.1,0.0,M4035639663,0.0,0.0,1,0.22666666666666666,0
72,TRANSFER,2564.37,C5455441991,2801.43,237.06,M8366710477,0.0,0.0,1,0.17666666666666667,0
209,CASH_OUT,314.96,C3149484176,354.08,39.12,M6199197408,0.0,0.0,1,0.0,0
634,TRANSFER,355.6,C7471636437,335.2,0.0,M1999913493,0.0,0.0,1,0.24,0
253,PAYMENT,1.0,C2918260963,0.0,0.0,M3534186676,0.0,0.0,0,0.0,0
628,CASH_IN,114433.49,C4786674545,91.99,114525.48,C8638763775,102.1,102.1,0,0.0,0
382,PAYMENT,196.4,C9702693937,357.86,161.46,M6361225622,0.0,0.0,0,0.0,0
183,TRANSFER,9549.13,C9633533290,10785.18,1236.05,M4689605624,0.0,0.0,1,0.20333333333333334,0
609,CASH_OUT,463.3,C2227193073,1220.46,757.16,C1067198189,58814.67,58814.67,0,0.016666666666666666,0
500,CASH_OUT,75.1,C6726515966,271.49,196.39,C9858643842,13793.69,13793.69,0,0.0033333333333333335,0
77,PAYMENT,76.05,C8287542751,125.79,49.74,M5270048042,0.0,0.0,0,0.0,0
150,CASH_OUT,584.18,C7475684019,750.96,166.78,C7380780055,85.2,85.2,1,0.0033333333333333335,0
42,PAYMENT,540.57,C1594312071,4992.6,4452.03,M1357561213,0.0,0.0,0,0.0,0
64,CASH_OUT,41728.66,C8823677798,66172.04,24443.38,C5071218314,78.54,78.54,0,0.0,0
490,TRANSFER,85.28,C8841851495,87.91,2.63,C7508080884,13.79,99.07,1,0.15333333333333332,0
568,CASH_OUT,69.1,C5272119095,69.34,0.24,M8276498637,0.0,0.0,1,0.07333333333333333,0
143,PAYMENT,58.74,C5759761714,116.67,57.93,M2418407139,0.0,0.0,0,0.0,0
421,CASH_OUT,3263.97,C1494287462,4286.99,1023.02,C6719736115,68.73,68.73,1,0.03666666666666667,0
406,CASH_OUT,3537.3,C7637761996,85529.96,81992.66,C3713284816,1.0,1.0,0,0.0,0
705,CASH_OUT,1752.49,C4471642620,2205.86,453.37,C7896596272,2874.45,2874.45,1,0.01,0
534,TRANSFER,1.0,C4594787485,0.0,0.0,C8750840032,189.99,190.99,0,0.11666666666666667,0
382,CASH_OUT,144.74,C2965164102,165.52,20.78,C9741628563,911.51,911.51,0,0.02,0
287,TRANSFER,1.0,C4623960580,1.49,0.49,C5855415646,32.01,33.01,0,0.16666666666666666,0
672,CASH_OUT,1.0,C2918260963,0.0,0.0,C3878719791,1.0,1.0,0,0.056666666666666664,0
590,PAYMENT,1.0,C3653594796,0.0,0.0,M1257854279,0.0,0.0,0,0.0,0
105,PAYMENT,178.76,C2627677155,199.53,20.77,M6515490818,0.0,0.0,0,0.0,0
609,CASH_IN,56386.9,C4095476665,34.51,56421.41,C7271954644,57.49,57.49,0,0.0,0
696,TRANSFER,1399.71,C3891796055,1747.74,348.03,C6448001026,149.86,1549.57,0,0.03666666666666667,0
544,TRANSFER,2588.04,C3188382776,3281.47,693.43,C5439176290,5584.6,5584.6,1,0.02,0
235,TRANSFER,1.0,C4485356009,0.0,0.0,C6562457052,0.0,1.0,0,0.23,0
615,TRANSFER,27.47,C3710566582,38.62,11.15,C7248258423,1044.93,1072.4,0,0.05333333333333334,0
321,CASH_OUT,75.79,C5215140451,95.6,19.81,C3057629778,0.0,0.0,1,0.01,0
435,TRANSFER,1.0,C7751356568,0.0,0.0,C8737025391,31.77,32.77,0,0.18,0
594,PAYMENT,135.37,C7472806994,165.29,29.92,M8727805468,0.0,0.0,0,0.0,0
686,TRANSFER,1.0,C4180599722,0.0,0.0,C1248704157,30445.83,30446.83,0,0.0,0
698,TRANSFER,1.0,C6691628146,0.0,0.0,C3088517710,109834.43,109835.43,0,0.0,0
339,CASH_OUT,4224.04,C6715705115,4803.37,579.33,M9255306810,0.0,0.0,1,0.013333333333333334,0
282,CASH_OUT,5.4,C6110943464,6.93,1.53,C7801180691,0.0,0.0,0,0.03,0
541,TRANSFER,626.6,C5951406973,859.69,233.09,C8478529823,0.0,626.6,0,0.03666666666666667,0
256,PAYMENT,35.6,C7316122432,37.68,2.08,M8790289305,0.0,0.0,0,0.0,0
649,PAYMENT,62.95,C3003484425,189.41,126.46,M2328736852,0.0,0.0,0,0.0,0
491,TRANSFER,1796.68,C1039887139,1557.69,0.0,M7750131975,0.0,0.0,1,0.5166666666666667,1
641,TRANSFER,107.13,C4700855390,93.48,0.0,M2869931869,0.0,0.0,1,0.24333333333333335,0
103,PAYMENT,1.0,C8110054933,0.0,0.0,M6361225622,0.0,0.0,0,0.0033333333333333335,0
284,CASH_OUT,1.39,C2168041588,4.16,2.77,C2183906581,423.37,423.37,0,0.023333333333333334,0
246,PAYMENT,1.0,C7049001493,0.0,0.0,M2228388623,0.0,0.0,0,0.0,0
109,PAYMENT,1.71,C2825989011,3.52,1.81,M5194066484,0.0,0.0,0,0.0,0
474,DEBIT,6.28,C5067245523,28.67,22.39,M1811839103,0.0,0.0,0,0.02666666666666667,0
560,CASH_IN,102359.97,C3389594115,0.0,102359.97,C5694848867,8125.6,8125.6,0,0.0,0
272,PAYMENT,18873.59,C6756332150,143658.26,124784.67,M9896529524,0.0,0.0,0,0.0,0
615,CASH_OUT,65.7,C5071218314,78.54,12.84,C2625792787,0.93,0.93,1,0.03666666666666667,0
397,CASH_IN,60038.08,C6496596008,1039.88,61077.96,C5187948804,27.66,27.66,0,0.0,0
19,TRANSFER,101.9,C3109688769,109.37,7.47,C1045302356,0.0,0.0,1,0.15666666666666668,0
378,CASH_OUT,43399.09,C3893976444,71491.13,28092.04,C7380780055,85.2,85.2,0,0.0,0
354,TRANSFER,227.17,C7465834732,401.1,173.93,C9318010743,0.0,227.17,0,0.016666666666666666,0
109,TRANSFER,1065.79,C9457665185,1328.36,262.57,C7539399243,2496.27,2496.27,1,0.0033333333333333335,0
698,PAYMENT,63.07,C4660390742,86.33,23.26,M4158643786,0.0,0.0,0,0.0,0
140,CASH_OUT,3.7,C8868054898,5.27,1.57,C5489485517,0.0,0.0,0,0.0033333333333333335,0
160,CASH_IN,149188.87,C6640801643,13.86,149202.73,C3426665919,23322.4,23322.4,0,0.0,0
501,CASH_OUT,3293.96,C9597198563,4235.76,941.8,M5985331805,0.0,0.0,1,0.023333333333333334,0
717,PAYMENT,47.51,C3371357111,180.43,132.92,M6495967005,0.0,0.0,0,0.0,0
279,PAYMENT,122.7,C6611356986,280.21,157.51,M9620935604,0.0,0.0,0,0.0,0
529,CASH_OUT,936.81,C9842186844,867.89,0.0,M1888107487,0.0,0.0,1,0.23,0
587,PAYMENT,1.0,C2811967841,0.0,0.0,M8063693463,0.0,0.0,0,0.0,0
399,TRANSFER,707.75,C5774080233,819.49,111.74,C2343100352,50768.21,50768.21,1,0.0,0
64,CASH_OUT,32.77,C6443749394,76.29,43.52,C8556573246,96076.34,96076.34,0,0.006666666666666667,0
157,PAYMENT,685.56,C1600406558,41839.61,41154.05,M8235474949,0.0,0.0,0,0.0,0
48,DEBIT,9056.14,C2476831585,541663.82,532607.68,M2711123163,0.0,0.0,0,0.006666666666666667,0
451,TRANSFER,198.86,C4332894265,398.77,199.91,C2419931729,0.0,198.86,0,0.06,0
413,PAYMENT,1.0,C8257484586,0.0,0.0,M6866146362,0.0,0.0,0,0.0,0
282,CASH_OUT,16.69,C6882074066,23.05,6.36,C8001729836,98129.82,98129.82,0,0.0,0
353,CASH_OUT,1.0,C2699887270,0.0,0.0,C1741134891,16369.85,16369.85,0,0.0,0
235,PAYMENT,1.0,C6717963562,0.0,0.0,M9822499208,0.0,0.0,0,0.0,0
118,TRANSFER,1.0,C8831899893,0.0,0.0,C2068687175,66.61,67.61,0,0.12,0
437,CASH_OUT,72.08,C6474354351,95.61,23.53,C5025070544,38.97,38.97,0,0.05,0
469,PAYMENT,115.2,C1639509845,356.85,241.65,M5067400473,0.0,0.0,0,0.0,0
87,CASH_OUT,127.88,C5800633419,167.51,39.63,M9921025990,0.0,0.0,1,0.0033333333333333335,0
520,CASH_OUT,3560.23,C8182649048,3752.5,192.27,C6466597005,112.19,112.19,1,0.03,0
273,DEBIT,475.58,C3521300895,496.97,21.39,M6247463262,0.0,0.0,0,0.023333333333333334,0
335,CASH_IN,31915.49,C2970753705,1764.32,33679.81,C2752536389,1219.38,1219.38,0,0.0,0
594,PAYMENT,99.31,C8182649048,192.27,92.96,M3508990774,0.0,0.0,0,0.0,0
140,DEBIT,1.0,C5144289583,0.0,0.0,M5585110649,0.0,0.0,0,0.02666666666666667,0
715,TRANSFER,2902.31,C3931997465,4967.85,2065.54,C8236980551,304.65,3206.96,0,0.016666666666666666,0
604,CASH_OUT,45558.06,C4131575764,42438.14,0.0,M1676220116,0.0,0.0,1,0.10666666666666667,0
423,TRANSFER,1.0,C1094115188,0.0,0.0,C4256292393,28.9,29.9,0,0.16666666666666666,0
195,CASH_OUT,498.65,C8178361487,684.67,186.02,M7960713821,0.0,0.0,1,0.006666666666666667,0
586,TRANSFER,622.01,C3051831252,879.71,257.7,C7620473079,0.91,0.91,1,0.15333333333333332,0
263,PAYMENT,6.29,C8316648259,25.67,19.38,M7340036327,0.0,0.0,0,0.0,0
286,PAYMENT,121.18,C7625389037,288.03,166.85,M3536590481,0.0,0.0,0,0.0,0
382,PAYMENT,551.82,C4403845222,713.17,161.35,M5714658227,0.0,0.0,0,0.0,0
143,PAYMENT,1.0,C9909257076,3.04,2.04,M6786043791,0.0,0.0,0,0.0,0
545,PAYMENT,1.0,C6204041308,0.0,0.0,M6992094064,0.0,0.0,0,0.0,0
90,CASH_OUT,2015.87,C4735313433,2362.95,347.08,C8779941999,0.0,0.0,1,0.0,0
342,CASH_OUT,1054.55,C2752536389,1219.38,164.83,C3589530484,793.97,793.97,0,0.0,0
253,PAYMENT,5427.98,C1041531046,11973.05,6545.07,M5535650160,0.0,0.0,0,0.0,0
365,DEBIT,63.13,C6611356986,157.51,94.38,M7664045502,0.0,0.0,0,0.02,0
518,CASH_OUT,21037.69,C7166868574,22078.3,1040.61,M8235474949,0.0,0.0,1,0.016666666666666666,0
253,PAYMENT,40.34,C8287542751,49.74,9.4,M6284297249,0.0,0.0,0,0.0,0
73,TRANSFER,4583.8,C3965572185,4048.76,0.0,C9958044697,838.75,838.75,1,0.14666666666666667,0
417,TRANSFER,1.0,C9461708554,0.0,0.0,C6110646714,4.57,5.57,0,0.17333333333333334,0
705,PAYMENT,13.22,C3746317213,14.25,1.03,M7192742877,0.0,0.0,0,0.0,0
492,TRANSFER,1.0,C7829772942,0.0,0.0,C3887823121,155.71,156.71,0,0.11666666666666667,0
187,PAYMENT,1.0,C9557663181,0.0,0.0,M2604788242,0.0,0.0,0,0.0,0
143,DEBIT,181.01,C7004964045,361.69,180.68,M8643636805,0.0,0.0,0,0.01,0
686,PAYMENT,1.0,C7627266377,0.0,0.0,M3297681898,0.0,0.0,0,0.0,0
458,TRANSFER,3518.0,C7823288650,3997.26,479.26,M6606958660,0.0,0.0,1,0.29,0
345,CASH_OUT,3235.89,C8331319481,3227.39,0.0,M2555936898,0.0,0.0,1,0.13333333333333333,0
1,TRANSFER,9884.45,C9919491730,8673.56,0.0,C7371573279,7986.62,7986.62,1,0.023333333333333334,0
558,CASH_OUT,65.45,C9441018790,82.25,16.8,M5000316394,0.0,0.0,1,0.03666666666666667,0
617,TRANSFER,6.02,C8948573913,12.24,6.22,C2979958124,107175.55,107181.57,0,0.0,0
504,TRANSFER,3.46,C9903351330,12.19,8.73,C8506931282,163.21,166.67,0,0.07666666666666666,0
261,PAYMENT,1.0,C2918260963,0.0,0.0,M2129491690,0.0,0.0,0,0.0,0
523,TRANSFER,293.83,C8275679594,331.99,38.16,C5031086659,1257.03,1550.86,0,0.043333333333333335,0
624,DEBIT,1.0,C6714723660,0.0,0.0,M8235474949,0.0,0.0,0,0.05333333333333334,0
590,PAYMENT,876.73,C8833889083,1183.58,306.85,M9916475897,0.0,0.0,0,0.0,0
498,CASH_OUT,1.0,C7161404428,0.0,0.0,C3464975279,723.4,723.4,0,0.06,0
367,PAYMENT,1090.6,C3045102506,1176.53,85.93,M2243802345,0.0,0.0,0,0.0,0
294,CASH_IN,25982.96,C2905584866,0.0,25982.96,C4752171298,1218.83,1218.83,0,0.0,0
290,PAYMENT,1.0,C6837975356,0.0,0.0,M4952177946,0.0,0.0,0,0.0,0
540,DEBIT,13.53,C1643611097,15.99,2.46,M8768773991,0.0,0.0,0,0.04,0
670,TRANSFER,1.0,C8110054933,0.0,0.0,C5861829469,0.0,1.0,0,0.22,0
553,PAYMENT,1.0,C8493451569,0.0,0.0,M3534186676,0.0,0.0,0,0.0,0
250,PAYMENT,1.0,C9370133032,1.0,0.0,M3690714075,0.0,0.0,0,0.0,0
529,CASH_IN,9366.16,C7337225482,59.27,9425.43,C1563524533,9191.77,9191.77,0,0.0,0
523,PAYMENT,25.29,C8987073217,96.7,71.41,M8643636805,0.0,0.0,0,0.0,0
319,PAYMENT,267.44,C1674755608,724.25,456.81,M8821456242,0.0,0.0,0,0.0,0
321,CASH_OUT,104.22,C7475684019,166.78,62.56,C5744003377,0.0,0.0,0,0.006666666666666667,0
152,TRANSFER,883.07,C4526242854,1133.92,250.85,C7397963801,25224.43,25224.43,1,0.0,0
705,TRANSFER,1.0,C9539945315,0.0,0.0,C4282810353,0.0,1.0,0,0.22333333333333333,0
692,TRANSFER,382.04,C5626388820,324.82,0.0,C1304205279,82.34,82.34,1,0.15666666666666668,0
545,PAYMENT,5.58,C8948573913,6.22,0.64,M6011842297,0.0,0.0,0,0.0,0
365,CASH_OUT,2983.56,C7852415525,3637.35,653.79,M1811839103,0.0,0.0,1,0.01,0
241,PAYMENT,10680.71,C8953726023,27427.99,16747.28,M6790024996,0.0,0.0,0,0.0,0
460,PAYMENT,15.7,C8796286443,25.6,9.9,M3145756342,0.0,0.0,0,0.0,0
296,PAYMENT,1.0,C7376649850,0.0,0.0,M2604788242,0.0,0.0,0,0.0,0
194,PAYMENT,1.0,C3725152347,0.0,0.0,M8276498637,0.0,0.0,0,0.0,0
482,CASH_OUT,27921.71,C2970753705,33679.81,5758.1,M8218146534,0.0,0.0,1,0.013333333333333334,0
659,CASH_IN,137709.2,C1654477195,143.85,137853.05,C2176904638,219.9,219.9,0,0.0,0
662,TRANSFER,85.99,C4227004325,74.44,0.0,C7750819485,239.57,325.56,1,0.10333333333333333,0
199,CASH_OUT,2989.99,C1439427140,3326.51,336.52,M7230477043,0.0,0.0,1,0.0,0
720,TRANSFER,43.19,C3532855799,14709.62,14666.43,C3587283948,46576.74,46619.93,0,0.0033333333333333335,0
21,PAYMENT,43.74,C3655790301,55.87,12.13,M5000316394,0.0,0.0,0,0.0,0
68,PAYMENT,1.0,C7631970791,0.0,0.0,M1185303518,0.0,0.0,0,0.0,0
234,PAYMENT,82.09,C6448324230,72335.13,72253.04,M4390543744,0.0,0.0,0,0.0,0
520,CASH_OUT,381.22,C3780439666,385.1,3.88,M8728631945,0.0,0.0,1,0.05333333333333334,0
521,CASH_OUT,209.72,C1195066088,217.5,7.78,M4689605624,0.0,0.0,1,0.043333333333333335,0
44,PAYMENT,961.62,C4040409964,1461.33,499.71,M2391874847,0.0,0.0,0,0.0,0
683,PAYMENT,451.82,C2266622851,1714.08,1262.26,M4896576569,0.0,0.0,0,0.0,0
605,CASH_OUT,2899.14,C3776011793,3860.36,961.22,C7296658772,0.0,0.0,1,0.02666666666666667,0
227,CASH_OUT,4328.62,C5381866906,3961.39,0.0,M7270955446,0.0,0.0,1,0.056666666666666664,0
418,CASH_OUT,2776.51,C5744003377,3302.61,526.1,M6282009986,0.0,0.0,1,0.04,0
707,PAYMENT,1.0,C8039917766,0.0,0.0,M4665677395,0.0,0.0,0,0.0033333333333333335,0
598,TRANSFER,70.81,C6214917780,228.92,158.11,C5161807235,92.83,163.64,0,0.06,0
687,PAYMENT,1.0,C5162260671,0.0,0.0,M2571632270,0.0,0.0,0,0.0,0
251,TRANSFER,139.61,C2423995953,176.77,37.16,C2537965898,7.49,7.49,1,0.12333333333333334,0
647,TRANSFER,3286.87,C8189916797,3846.14,559.27,C4308701294,0.0,3286.87,0,0.05333333333333334,0
417,PAYMENT,117.39,C2878930355,367.35,249.96,M4588312351,0.0,0.0,0,0.0,0
198,DEBIT,57.51,C5610783750,99.17,41.66,M5000316394,0.0,0.0,0,0.02,0
646,TRANSFER,1.0,C4037270171,0.0,0.0,C2756070122,0.0,1.0,0,0.23,0
343,PAYMENT,125.09,C7417183769,1845.52,1720.43,M6866146362,0.0,0.0,0,0.0,0
696,PAYMENT,14.9,C8987073217,71.41,56.51,M9068916300,0.0,0.0,0,0.0,0
472,CASH_OUT,47786.82,C2268523764,85150.92,37364.1,C5759761714,57.93,57.93,0,0.01,0
485,TRANSFER,187.65,C1654477195,137853.05,137665.4,C3075362821,418.81,606.46,0,0.023333333333333334,0
384,PAYMENT,137.63,C3088517710,109835.43,109697.8,M1666898313,0.0,0.0,0,0.0,0
652,CASH_OUT,1.0,C2158638062,0.0,0.0,C1195066088,7.78,7.78,0,0.05,0
104,TRANSFER,981.89,C3841827734,836.42,0.0,C6924716023,1217.04,2198.93,1,0.013333333333333334,0
346,PAYMENT,7.1,C8730507757,31.92,24.82,M2586712032,0.0,0.0,0,0.0,0
24,CASH_OUT,5.87,C9085085822,8.51,2.64,C5883933127,693.53,693.53,0,0.0033333333333333335,0
325,PAYMENT,1.45,C8252816758,2.09,0.64,M8626371177,0.0,0.0,0,0.0,0
688,TRANSFER,876.08,C9837912162,764.73,0.0,M8102481401,0.0,0.0,1,0.26666666666666666,0
648,PAYMENT,1.0,C7666869046,0.0,0.0,M6199197408,0.0,0.0,0,0.0,0
38,PAYMENT,1.0,C8229344434,0.0,0.0,M4689605624,0.0,0.0,0,0.0,0
619,TRANSFER,588.09,C6464693977,492.6,0.0,M6846530109,0.0,0.0,1,0.27,0
717,CASH_OUT,115.37,C4403845222,161.35,45.98,M7651029165,0.0,0.0,1,0.03,0
296,PAYMENT,2420.07,C8366884200,2885.79,465.72,M6583604299,0.0,0.0,0,0.0,0
638,CASH_OUT,232.17,C7573442717,248.14,15.97,C7499349987,277.32,277.32,0,0.03,0
79,CASH_OUT,369.04,C4577406847,494.86,125.82,M3517195150,0.0,0.0,1,0.0033333333333333335,0
427,PAYMENT,18.5,C2627677155,20.77,2.27,M2243802345,0.0,0.0,0,0.0,0
76,PAYMENT,289.19,C7805633786,16163.93,15874.74,M1908459040,0.0,0.0,0,0.0,0
336,CASH_OUT,4384.05,C1857596764,4842.42,458.37,C5785481124,1045.39,1045.39,1,0.0033333333333333335,0
384,PAYMENT,1.0,C8691288568,0.0,0.0,M5087280062,0.0,0.0,0,0.0,0
686,CASH_OUT,155.11,C9533595495,205.34,50.23,C5871743247,0.0,0.0,1,0.03,0
506,CASH_OUT,1.0,C6171239466,0.0,0.0,C6155234610,4332.67,4332.67,0,0.023333333333333334,0
614,PAYMENT,16.51,C7430757004,19.35,2.84,M5891831621,0.0,0.0,0,0.0,0
643,CASH_OUT,59781.9,C6947080764,50366.12,0.0,C3144490990,3469.6,3469.6,1,0.05,0
296,CASH_OUT,1.0,C8083175325,0.0,0.0,C3739951076,3.68,3.68,0,0.02666666666666667,0
362,PAYMENT,122.1,C4046558332,3728.95,3606.85,M5794335854,0.0,0.0,0,0.0,0
352,PAYMENT,1.0,C3328710672,0.0,0.0,M3965860354,0.0,0.0,0,0.0,0
531,PAYMENT,1.0,C1547374338,0.0,0.0,M8325043570,0.0,0.0,0,0.0,0
81,TRANSFER,14.25,C7670476743,16.18,1.93,C5686850445,18.83,33.08,0,0.14,0
118,CASH_OUT,4058.39,C8331319481,4307.65,249.26,C4633257620,9.89,9.89,1,0.0,0
567,DEBIT,1.0,C5751366455,0.0,0.0,M6011842297,0.0,0.0,0,0.04666666666666667,0
225,TRANSFER,96.29,C6726515966,196.39,100.1,C2073755632,0.0,96.29,0,0.15333333333333332,0
21,CASH_OUT,2401.97,C9798613995,2408.31,6.34,M2916502228,0.0,0.0,1,0.01,0
71,PAYMENT,1.0,C5381866906,0.0,0.0,M2773408660,0.0,0.0,0,0.0,0
504,PAYMENT,222.59,C4012917912,286.21,63.62,M8044997538,0.0,0.0,0,0.0,0
340,TRANSFER,1075.31,C9438411468,1141.96,66.65,C7628981661,0.0,0.0,1,0.18333333333333332,0
512,PAYMENT,93.98,C1546957087,186.38,92.4,M5380159400,0.0,0.0,0,0.0,0
605,TRANSFER,2744.64,C8046300793,2955.06,210.42,C3088517710,109697.8,112442.44,1,0.006666666666666667,0
504,CASH_OUT,1.0,C3716924538,0.0,0.0,C5129478722,23.03,23.03,0,0.05,0
112,PAYMENT,1.0,C4895020135,0.0,0.0,M6053489772,0.0,0.0,0,0.0033333333333333335,0
482,CASH_OUT,163.27,C8543865915,155.74,0.0,M5570190774,0.0,0.0,1,0.1,0
177,TRANSFER,2124.74,C5763350700,3017.49,892.75,C3280805846,0.0,0.0,1,0.15333333333333332,0
143,CASH_OUT,12.18,C9618334441,26.32,14.14,C7533932947,7.44,7.44,0,0.0,0
590,PAYMENT,4.01,C4226113732,16.96,12.95,M6515490818,0.0,0.0,0,0.0,0
248,CASH_OUT,1.0,C7451071432,0.0,0.0,C9457665185,262.57,262.57,0,0.013333333333333334,0
485,CASH_OUT,191.35,C9703905715,237.49,46.14,C7402059279,1142.8,1142.8,0,0.04,0
130,TRANSFER,26424.55,C6470052645,99223.36,72798.81,C7736142481,3.47,26428.02,0,0.0,0
248,TRANSFER,8399.47,C6921525436,9534.53,1135.06,M8790289305,0.0,0.0,1,0.22666666666666666,0
354,TRANSFER,232.88,C3987248494,487.39,254.51,C9409682410,14.86,247.74,0,0.01,0
509,PAYMENT,850.17,C5588254555,961.49,111.32,M7453081889,0.0,0.0,0,0.0,0
689,PAYMENT,1.0,C2139078760,0.0,0.0,M3705237613,0.0,0.0,0,0.0,0
170,TRANSFER,386.07,C8300300577,746.25,360.18,C6982610835,10537.63,10923.7,0,0.0,0
344,PAYMENT,1.0,C6710338189,0.0,0.0,M2243802345,0.0,0.0,0,0.0,0
366,CASH_OUT,1.0,C1470939445,0.0,0.0,C3880327491,48.73,48.73,0,0.013333333333333334,0
203,TRANSFER,25.75,C9229469952,107.16,81.41,C4633987776,5759.84,5785.59,0,0.0033333333333333335,0
30,TRANSFER,6.45,C1195066088,7.78,1.33,C8934097788,2906.99,2913.44,0,0.0,0
715,DEBIT,2.13,C5667503195,2.69,0.56,M8325043570,0.0,0.0,0,0.04666666666666667,0
239,PAYMENT,173.93,C7099469983,226.7,52.77,M5919148165,0.0,0.0,0,0.0,0
102,TRANSFER,3270.12,C5489485517,4649.51,1379.39,C5433722159,179.46,3449.58,1,0.0033333333333333335,0
679,TRANSFER,4.21,C2537965898,7.49,3.28,C4104309491,851.97,856.18,0,0.06,0
505,CASH_OUT,86.34,C2850820685,104.47,18.13,M5714658227,0.0,0.0,1,0.03666666666666667,0
619,PAYMENT,333.05,C1439921366,720.57,387.52,M6313472215,0.0,0.0,0,0.0,0
91,CASH_OUT,1.0,C3363629219,0.0,0.0,C9941564880,4.14,4.14,0,0.006666666666666667,0
712,TRANSFER,25690.72,C6186758088,22373.61,0.0,M1442421654,0.0,0.0,1,0.8166666666666667,1
315,CASH_OUT,90.45,C8734449371,142.69,52.24,C8057994126,596.21,596.21,0,0.01,0
714,PAYMENT,43.89,C3520417815,49.31,5.42,M8389750357,0.0,0.0,0,0.0,0
399,CASH_OUT,2491.54,C8666074487,2504.45,12.91,C2476831585,532607.68,532607.68,1,0.0,0
569,PAYMENT,1.0,C2079770569,0.0,0.0,M9631695368,0.0,0.0,0,0.0,0
645,TRANSFER,336.63,C1439427140,336.52,0.0,C8757570742,254.86,591.49,1,0.08666666666666667,0
64,PAYMENT,3376.61,C4564751926,5797.33,2420.72,M3580582653,0.0,0.0,0,0.0,0
428,CASH_OUT,4141.54,C8879525611,3991.52,0.0,M4306983924,0.0,0.0,1,0.3933333333333333,0
522,CASH_OUT,1842.58,C8168036130,2594.94,752.36,M6763471833,0.0,0.0,1,0.02666666666666667,0
279,CASH_OUT,993.36,C1939042955,1001.96,8.6,M7948094928,0.0,0.0,1,0.04,0
609,TRANSFER,1.0,C2237386857,0.0,0.0,C1116402431,58.89,59.89,0,0.17333333333333334,0
72,PAYMENT,46.59,C7103588071,159.5,112.91,M3580582653,0.0,0.0,0,0.0,0
360,PAYMENT,20266.66,C5227828349,20342.56,75.9,M4093474499,0.0,0.0,0,0.0,0
191,TRANSFER,1.0,C3383331379,0.0,0.0,C4180599722,0.0,1.0,0,0.23333333333333334,0
316,TRANSFER,3947.13,C4226113732,4822.86,875.73,M7366396017,0.0,0.0,1,0.22,0
177,TRANSFER,4489.02,C3653594796,4050.57,0.0,C9516893896,0.0,0.0,1,0.7733333333333333,1
90,TRANSFER,1887.59,C3206955437,1924.83,37.24,M2541015125,0.0,0.0,1,0.3333333333333333,0
255,CASH_OUT,9120.16,C2720484983,13323.33,4203.17,C4427620889,0.0,0.0,0,0.0,0
149,TRANSFER,777.05,C1257324536,1050.78,273.73,M3660800029,0.0,0.0,1,0.08,0
320,TRANSFER,74336.79,C1818112342,97764.0,23427.21,C2780016559,35.83,74372.62,0,0.0,0
331,TRANSFER,7.03,C6923206003,15.25,8.22,C9633533290,1236.05,1243.08,0,0.0033333333333333335,0
585,CASH_IN,4190.93,C8584566722,76.11,4267.04,C2254516608,35.35,35.35,0,0.0,0
340,PAYMENT,15.37,C3365835550,20.71,5.34,M4035639663,0.0,0.0,0,0.0,0
330,TRANSFER,1937.47,C6557907251,2450.26,512.79,M4035639663,0.0,0.0,1,0.19,0
505,TRANSFER,2979.89,C6995554056,3425.34,445.45,M4211837506,0.0,0.0,1,0.3,0
236,TRANSFER,22.02,C9454207717,41.95,19.93,C5333183840,112002.55,112024.57,0,0.0,0
298,PAYMENT,1.0,C7977267911,0.0,0.0,M9896529524,0.0,0.0,0,0.0,0
140,CASH_OUT,195.66,C8858766173,284.94,89.28,C2020262123,1.0,1.0,0,0.0,0
672,CASH_OUT,3418.84,C2082326234,3091.88,0.0,M1676220116,0.0,0.0,1,0.20333333333333334,0
568,CASH_OUT,88826.0,C3975418439,78359.77,0.0,C5588254555,111.32,111.32,1,0.21666666666666667,0
35,CASH_OUT,82354.02,C7305101214,103310.57,20956.55,C5161807235,163.64,163.64,1,0.0,0
314,PAYMENT,1.0,C6623360831,0.0,0.0,M2121448210,0.0,0.0,0,0.0,0
400,PAYMENT,27.44,C5855415646,33.01,5.57,M3297681898,0.0,0.0,0,0.0,0
242,PAYMENT,68.58,C8331319481,249.26,180.68,M2155671697,0.0,0.0,0,0.0,0
133,TRANSFER,2452.65,C2941289685,3082.21,629.56,C3476426797,46.88,46.88,1,0.09,0
2,PAYMENT,15670.18,C4602080228,248123.24,232453.06,M9625656293,0.0,0.0,0,0.0,0
334,TRANSFER,1325.66,C5175416378,1617.44,291.78,C9116428507,563.89,563.89,1,0.0033333333333333335,0
548,CASH_OUT,627.41,C9116428507,563.89,0.0,C3674551397,374.01,374.01,1,0.11666666666666667,0
547,CASH_OUT,2264.95,C5899025962,1951.19,0.0,C9292791081,206.55,206.55,1,0.15666666666666668,0
90,PAYMENT,16.32,C1149460439,20.02,3.7,M6041646576,0.0,0.0,0,0.0,0
5,TRANSFER,1.0,C3369305560,1.0,0.0,C1121863227,104.13,105.13,0,0.06666666666666667,0
116,CASH_OUT,6678.08,C6099808894,7121.98,443.9,C2227193073,757.16,757.16,0,0.0,0
676,CASH_OUT,3709.88,C9954587710,3297.65,0.0,C1870644102,0.0,0.0,1,0.20666666666666667,0
244,TRANSFER,4474.87,C3923699745,4022.37,0.0,M4242579642,0.0,0.0,1,0.8266666666666667,1
74,TRANSFER,2271.32,C1322401182,1936.83,0.0,C6102144947,83.68,2355.0,1,0.1,0
320,TRANSFER,1854.93,C4283432667,23487.4,21632.47,C1834624758,0.0,1854.93,0,0.0,0
678,CASH_OUT,288.01,C3828935922,310.08,22.07,C4473306055,264.06,264.06,0,0.02666666666666667,0
480,CASH_OUT,130.76,C3020939193,148.36,17.6,C7575259637,54965.89,54965.89,1,0.04,0
13,PAYMENT,71.3,C3003484425,126.46,55.16,M9916475897,0.0,0.0,0,0.0,0
299,TRANSFER,3417.48,C9894847574,3784.08,366.6,M9098037639,0.0,0.0,1,0.22666666666666666,0
16,CASH_IN,129959.96,C4647891535,30.72,129990.68,C2924568778,99262.6,99262.6,0,0.0,0
489,CASH_OUT,425.14,C9738752801,406.97,0.0,C7185179917,99.17,99.17,1,0.08666666666666667,0
571,PAYMENT,283.14,C1083651970,585.42,302.28,M8102481401,0.0,0.0,0,0.0,0
8,PAYMENT,2.42,C3780439666,3.88,1.46,M1694904767,0.0,0.0,0,0.0,0
110,TRANSFER,3314.39,C2802141793,4361.43,1047.04,M1676220116,0.0,0.0,1,0.2,0
686,CASH_OUT,877.68,C9717175839,984.03,106.35,C7666129822,9741.14,9741.14,1,0.01,0
339,CASH_IN,10647.83,C8039917766,0.0,10647.83,C2825957977,5050.95,5050.95,0,0.0,0
251,TRANSFER,1.0,C8274219704,0.0,0.0,C8046300793,210.42,211.42,0,0.05,0
159,CASH_OUT,3647.32,C8925520026,4991.24,1343.92,M5270048042,0.0,0.0,1,0.0,0
14,PAYMENT,584.23,C1383539822,2867.09,2282.86,M2187592160,0.0,0.0,0,0.0,0
97,PAYMENT,7230.12,C1004665657,24897.89,17667.77,M9822499208,0.0,0.0,0,0.0,0
54,DEBIT,549.57,C5748253283,746.15,196.58,M1888107487,0.0,0.0,0,0.01,0
645,CASH_OUT,1.0,C5418232833,0.0,0.0,C9259157845,43592.54,43592.54,0,0.03,0
439,TRANSFER,296.76,C6311894154,340.17,43.41,C3951331472,4816.22,4816.22,1,0.023333333333333334,0
386,PAYMENT,1.0,C7628981661,0.0,0.0,M9752092528,0.0,0.0,0,0.0,0
386,CASH_IN,2997.96,C4022245086,0.0,2997.96,C9337145038,148.78,148.78,0,0.0,0
58,DEBIT,3192.47,C8243746556,14600.17,11407.7,M2655546199,0.0,0.0,0,0.02,0
55,TRANSFER,2776.16,C8949781901,3739.87,963.71,C6097953682,3283.43,3283.43,1,0.0033333333333333335,0
441,TRANSFER,435.8,C1364994639,391.14,0.0,M6275155878,0.0,0.0,1,0.23,0
603,TRANSFER,1717.61,C2493660313,1447.69,0.0,C4472312361,30.89,1748.5,1,0.26666666666666666,0
468,PAYMENT,1.0,C6937704752,0.0,0.0,M6786043791,0.0,0.0,0,0.0,0
71,PAYMENT,449.9,C8846861559,13590.96,13141.06,M6820149016,0.0,0.0,0,0.0,0
33,TRANSFER,63.88,C9123207735,262.5,198.62,C8309221034,0.0,63.88,0,0.08,0
36,TRANSFER,12.09,C1809283659,13.88,1.79,C1515024824,1.0,13.09,0,0.17333333333333334,0
251,CASH_OUT,87.06,C5693307665,122.35,35.29,C4630196130,0.0,0.0,0,0.006666666666666667,0
571,CASH_OUT,5163.73,C2515672889,14801.2,9637.47,C1805492785,0.45,0.45,0,0.016666666666666666,0
314,CASH_OUT,537.88,C4040409964,499.71,0.0,M3297681898,0.0,0.0,1,0.25666666666666665,0
713,TRANSFER,4539.18,C6797436140,4533.11,0.0,M7532669066,0.0,0.0,1,0.8766666666666667,1
714,PAYMENT,46.43,C2761091683,60.08,13.65,M6606958660,0.0,0.0,0,0.0,0
102,TRANSFER,1829.46,C3334938378,2536.74,707.28,M7192742877,0.0,0.0,1,0.18666666666666668,0
193,DEBIT,1028.58,C1383539822,2282.86,1254.28,M6894024976,0.0,0.0,0,0.01,0
186,TRANSFER,2600.12,C8382963909,2720.86,120.74,C4645120421,0.0,2600.12,1,0.07,0
507,TRANSFER,4188.28,C9461708554,3576.72,0.0,M3119908041,0.0,0.0,1,0.94,1
97,PAYMENT,1.0,C4550353803,0.0,0.0,M5585110649,0.0,0.0,0,0.0,0
230,TRANSFER,2969.28,C2311597141,2880.19,0.0,M7050091525,0.0,0.0,1,0.8366666666666667,1
175,TRANSFER,1241.33,C9388140708,1495.79,254.46,M1185303518,0.0,0.0,1,0.09666666666666666,0
577,PAYMENT,18.1,C6265016831,49.73,31.63,M4125758723,0.0,0.0,0,0.0,0
20,CASH_OUT,1347.75,C9842186844,1402.74,54.99,M6282009986,0.0,0.0,1,0.0,0
333,TRANSFER,101.46,C2111272861,122.23,20.77,M2187592160,0.0,0.0,1,0.15333333333333332,0
25,CASH_OUT,1.33,C5992908271,2.96,1.63,C6623360831,0.0,0.0,0,0.006666666666666667,0
36,TRANSFER,91.49,C6585609060,109.05,17.56,C5482431018,0.0,91.49,1,0.16333333333333333,0
309,TRANSFER,1399.89,C1676168421,1401.02,1.13,M9752092528,0.0,0.0,1,0.25,0
57,TRANSFER,525.78,C6517150278,706.65,180.87,M8458323087,0.0,0.0,1,0.09,0
376,CASH_OUT,293.16,C7951902330,247.39,0.0,M2655546199,0.0,0.0,1,0.05333333333333334,0
35,PAYMENT,1.0,C4242550727,0.0,0.0,M7570511906,0.0,0.0,0,0.0,0
629,PAYMENT,467.95,C7488943393,753.26,285.31,M6659847491,0.0,0.0,0,0.0,0
69,TRANSFER,3259.77,C8180620422,3584.79,325.02,M3208200227,0.0,0.0,1,0.21333333333333335,0
340,PAYMENT,1.0,C5072538783,0.0,0.0,M8874242713,0.0,0.0,0,0.0,0
236,PAYMENT,1.0,C6596578419,0.0,0.0,M6558769264,0.0,0.0,0,0.0,0
458,PAYMENT,185.58,C8046300793,211.42,25.84,M7168105904,0.0,0.0,0,0.0,0
244,PAYMENT,14.32,C3828935922,22.07,7.75,M5194066484,0.0,0.0,0,0.0,0
135,TRANSFER,77.85,C5560712830,69.78,0.0,C4776436931,1443.47,1443.47,1,0.016666666666666666,0
654,CASH_OUT,125481.38,C7389111087,122313.4,0.0,M8727805468,0.0,0.0,1,0.16,0
285,PAYMENT,168.38,C6687206971,416.71,248.33,M2129491690,0.0,0.0,0,0.0,0
5,TRANSFER,3989.81,C8453283834,3397.33,0.0,M1442421654,0.0,0.0,1,0.7666666666666667,1
286,PAYMENT,40.46,C7380780055,85.2,44.74,M9558906999,0.0,0.0,0,0.0,0
611,PAYMENT,30.39,C2423995953,37.16,6.77,M5000316394,0.0,0.0,0,0.0,0
647,PAYMENT,1.0,C8517413631,0.0,0.0,M7928143230,0.0,0.0,0,0.0,0
371,CASH_OUT,3979.59,C7376649850,4004.09,24.5,M9288057824,0.0,0.0,1,0.016666666666666666,0
483,CASH_OUT,157.02,C4419410162,264.3,107.28,C1091729577,0.0,0.0,0,0.04,0
455,TRANSFER,1.0,C3849232839,0.0,0.0,C3866755218,271.93,272.93,0,0.09,0
502,TRANSFER,1.0,C6317889312,0.0,0.0,C4993808565,88490.61,88491.61,0,0.0,0
444,DEBIT,108.07,C7772180882,137.88,29.81,M3297681898,0.0,0.0,0,0.03,0
361,PAYMENT,69.58,C7664258343,99.33,29.75,M6275155878,0.0,0.0,0,0.0,0
541,TRANSFER,426.78,C2870403050,361.8,0.0,M9021793855,0.0,0.0,1,0.23,0
468,PAYMENT,6.6,C1624173500,17897.77,17891.17,M9918338001,0.0,0.0,0,0.0,0
555,PAYMENT,1.0,C1805492785,0.45,0.0,M6384311581,0.0,0.0,0,0.0,0
41,PAYMENT,1.0,C1855256552,0.0,0.0,M6284297249,0.0,0.0,0,0.0,0
235,PAYMENT,5935.97,C7077131430,10336.8,4400.83,M8138332494,0.0,0.0,0,0.0,0
410,PAYMENT,1.0,C7979466538,0.0,0.0,M6790024996,0.0,0.0,0,0.0,0
538,TRANSFER,470.85,C7660157097,507.51,36.66,M7341757401,0.0,0.0,1,0.17666666666666667,0
580,TRANSFER,41.21,C9514255777,83.65,42.44,C2953462417,0.0,41.21,0,0.17333333333333334,0
508,PAYMENT,1.0,C8543865915,0.0,0.0,M3517195150,0.0,0.0,0,0.0,0
629,TRANSFER,19026.48,C6037168610,20434.62,1408.14,C2812140441,0.0,19026.48,0,0.013333333333333334,0
685,CASH_IN,37105.73,C6961554653,1.0,37106.73,C7266763552,0.0,0.0,0,0.0,0
106,PAYMENT,6332.16,C4356175095,7393.47,1061.31,M7230477043,0.0,0.0,0,0.0,0
449,PAYMENT,1.0,C5612645121,0.26,0.0,M3580582653,0.0,0.0,0,0.0,0
395,CASH_OUT,561.09,C3612617557,589.63,28.54,M3660800029,0.0,0.0,1,0.023333333333333334,0
130,PAYMENT,1.0,C2428156550,0.0,0.0,M6790024996,0.0,0.0,0,0.0,0
333,TRANSFER,236.05,C3866755218,272.93,36.88,M2115862756,0.0,0.0,1,0.15,0
340,DEBIT,819.76,C7019900273,1200.25,380.49,M7270955446,0.0,0.0,0,0.013333333333333334,0
105,CASH_OUT,61.41,C1817804383,73.52,12.11,C5523703900,186.54,186.54,1,0.0033333333333333335,0
505,CASH_OUT,3.72,C9503787171,7.08,3.36,C2653032484,44.83,44.83,0,0.03666666666666667,0
375,CASH_OUT,108.11,C6491309593,108.95,0.84,M6130446648,0.0,0.0,1,0.03,0
178,CASH_OUT,1.05,C3293560436,45.74,44.69,C8795212264,0.0,0.0,0,0.0,0
53,CASH_OUT,5083.24,C8666074487,4359.48,0.0,C9717175839,106.35,106.35,1,0.023333333333333334,0
507,PAYMENT,463.88,C6761084958,545.37,81.49,M6894024976,0.0,0.0,0,0.0,0
538,TRANSFER,951.45,C4356175095,1061.31,109.86,C6046864799,6.29,6.29,1,0.19666666666666666,0
256,PAYMENT,1137.53,C1644608746,1392.44,254.91,M3322580659,0.0,0.0,0,0.0,0
650,PAYMENT,73.28,C4419410162,107.28,34.0,M9026301048,0.0,0.0,0,0.0,0
146,PAYMENT,79.93,C2073755632,96.29,16.36,M8626371177,0.0,0.0,0,0.0,0
575,DEBIT,1951.51,C8093179263,2110.38,158.87,M8548290298,0.0,0.0,0,0.03666666666666667,0
497,PAYMENT,12.43,C1945826486,13.45,1.02,M8443061472,0.0,0.0,0,0.0,0
428,TRANSFER,269.56,C7059726570,408.19,138.63,C2458198451,195.31,464.87,0,0.03333333333333333,0
585,PAYMENT,2415.01,C4431078106,3005.83,590.82,M1096405016,0.0,0.0,0,0.0,0
603,TRANSFER,116.64,C2464137110,161.41,44.77,M3534186676,0.0,0.0,1,0.17333333333333334,0
194,TRANSFER,4.99,C6276339732,7.23,2.24,C4040409964,0.0,4.99,0,0.17333333333333334,0
72,PAYMENT,2.51,C9953716239,11.12,8.61,M9625656293,0.0,0.0,0,0.0,0
688,TRANSFER,2147.88,C1805492785,2403.01,255.13,M8325043570,0.0,0.0,1,0.30666666666666664,0
204,PAYMENT,1672.17,C5035765954,2968.61,1296.44,M2625035499,0.0,0.0,0,0.0,0
337,TRANSFER,4040.37,C6837975356,3851.85,0.0,M7651029165,0.0,0.0,1,0.75,1
667,TRANSFER,193.2,C8055515912,199.48,6.28,M5000316394,0.0,0.0,1,0.17,0
642,CASH_OUT,1.0,C9155819200,0.0,0.0,C2267619081,146.04,146.04,0,0.05,0
12,TRANSFER,1.0,C9630522755,0.0,0.0,C7759781156,1889.67,1890.67,0,0.006666666666666667,0
247,CASH_IN,38897.15,C1484230338,0.0,38897.15,C3293560436,44.69,44.69,0,0.0,0
398,PAYMENT,62.25,C8382963909,120.74,58.49,M6495967005,0.0,0.0,0,0.0,0
84,PAYMENT,1.0,C2625792787,0.93,0.0,M9444143872,0.0,0.0,0,0.0,0
320,CASH_OUT,2838.64,C9202102595,3867.96,1029.32,M7514017540,0.0,0.0,1,0.006666666666666667,0
623,CASH_IN,44188.91,C7467073633,1430.38,45619.29,C6959501845,0.0,0.0,0,0.0,0
413,CASH_OUT,1.0,C8139209752,0.0,0.0,C3464975279,723.4,723.4,0,0.11,0
252,PAYMENT,11915.71,C1287814151,17959.78,6044.07,M4865979921,0.0,0.0,0,0.0,0
21,CASH_OUT,44.61,C2965254350,85.8,41.19,C2830154607,3.58,3.58,0,0.0033333333333333335,0
579,CASH_OUT,1200.36,C8948573913,1461.61,261.25,M2695447268,0.0,0.0,1,0.03,0
548,PAYMENT,1.0,C3698305085,1.0,0.0,M2635881694,0.0,0.0,0,0.0,0
425,TRANSFER,107.66,C2994056084,123.09,15.43,C5130589741,75029.81,75137.47,0,0.0033333333333333335,0
388,TRANSFER,1.0,C8760642358,1.0,0.0,C6470052645,72798.81,72799.81,0,0.0,0
285,TRANSFER,53.31,C2224363672,55.81,2.5,C5728765136,0.0,53.31,1,0.16666666666666666,0
378,TRANSFER,1714.27,C1084790270,1433.07,0.0,M1504729135,0.0,0.0,1,0.35333333333333333,0
277,PAYMENT,10.57,C3837784389,15.75,5.18,M8861351706,0.0,0.0,0,0.0,0
191,PAYMENT,1.0,C3429019820,1.0,0.0,M4399143287,0.0,0.0,0,0.0,0
172,PAYMENT,1232.93,C9376277483,1854.28,621.35,M3297681898,0.0,0.0,0,0.0,0
211,CASH_OUT,96640.19,C8380312396,83966.86,0.0,C9633533290,1243.08,1243.08,1,0.03666666666666667,0
131,PAYMENT,3.78,C5884391502,5.06,1.28,M2115406331,0.0,0.0,0,0.0,0
549,CASH_OUT,1.29,C5022964382,3.47,2.18,C9428056968,0.0,0.0,0,0.04666666666666667,0
123,PAYMENT,1.0,C5022964382,2.18,1.18,M9631695368,0.0,0.0,0,0.0,0
625,TRANSFER,1.0,C5992908271,1.63,0.63,C2304963614,0.0,1.0,0,0.22333333333333333,0
382,TRANSFER,8251.68,C7371573279,7986.62,0.0,M1357561213,0.0,0.0,1,0.7366666666666667,1
163,PAYMENT,9.83,C3553440342,26.47,16.64,M5585110649,0.0,0.0,0,0.0,0
229,CASH_OUT,2.72,C4490722186,25721.28,25718.56,C6963052185,0.0,0.0,0,0.0,0
427,CASH_OUT,1.0,C4605117440,0.0,0.0,C5935852056,0.0,0.0,0,0.08666666666666667,0
45,PAYMENT,257.31,C2687477596,538.34,281.03,M1306420495,0.0,0.0,0,0.0,0
199,CASH_OUT,5601.36,C4131575764,4794.79,0.0,C6714723660,0.0,0.0,1,0.04666666666666667,0
621,CASH_OUT,45897.04,C3384006407,52608.48,6711.44,M7678293431,0.0,0.0,1,0.013333333333333334,0
547,TRANSFER,2543.66,C4683585586,2261.41,0.0,C8795212264,0.0,0.0,1,0.9166666666666666,1
160,PAYMENT,904.94,C8236361108,70902.46,69997.52,M1083302600,0.0,0.0,0,0.0,0
521,CASH_OUT,1.0,C7088451458,0.0,0.0,C7462972995,83.7,83.7,0,0.05,0
504,PAYMENT,1.0,C7767834064,0.0,0.0,M4125758723,0.0,0.0,0,0.0,0
533,TRANSFER,318.82,C3783290795,317.88,0.0,M3831598303,0.0,0.0,1,0.23,0
155,PAYMENT,810.27,C9663561486,954.55,144.28,M5000316394,0.0,0.0,0,0.0,0
410,TRANSFER,1.0,C7699500243,0.0,0.0,C8380312396,0.0,1.0,0,0.19333333333333333,0
704,TRANSFER,11.92,C3698343112,17.59,5.67,C3293560436,44.69,56.61,0,0.12666666666666668,0
539,PAYMENT,380.29,C8846861559,13141.06,12760.77,M6199197408,0.0,0.0,0,0.0,0
124,CASH_OUT,52.91,C4277561834,202.72,149.81,C4062777850,13.07,13.07,0,0.0033333333333333335,0
21,PAYMENT,1.0,C3781569954,0.0,0.0,M3145756342,0.0,0.0,0,0.0,0
692,TRANSFER,366.67,C5510938155,573.29,206.62,C4882343658,0.0,366.67,0,0.06,0
430,TRANSFER,20918.89,C4079223686,28142.31,7223.42,M9640701016,0.0,0.0,1,0.28,0
369,TRANSFER,4213.41,C7805633786,15874.74,11661.33,C6317889312,0.0,4213.41,0,0.0,0
555,PAYMENT,12.18,C7882206934,36.83,24.65,M4093474499,0.0,0.0,0,0.0,0
99,TRANSFER,10640.08,C5646751885,9115.15,0.0,M5087280062,0.0,0.0,1,0.7933333333333333,1
374,CASH_OUT,445.55,C5035765954,1296.44,850.89,C2948728483,0.0,0.0,0,0.016666666666666666,0
539,PAYMENT,17650.31,C7002076563,98598.72,80948.41,M6498703287,0.0,0.0,0,0.0,0
282,PAYMENT,1.0,C7666869046,0.0,0.0,M7664045502,0.0,0.0,0,0.0,0
366,CASH_IN,73772.43,C5421051452,359.93,74132.36,C4455798713,198.2,198.2,0,0.0,0
372,TRANSFER,3553.77,C8236980551,3206.96,0.0,C7805633786,11661.33,11661.33,1,0.006666666666666667,0
590,TRANSFER,4189.12,C5461537013,5203.94,1014.82,C5870891270,8468.44,12657.56,1,0.006666666666666667,0
187,DEBIT,32.43,C3975704877,391.29,358.86,M1999913493,0.0,0.0,0,0.01,0
184,PAYMENT,4.78,C6859286614,8.31,3.53,M2391874847,0.0,0.0,0,0.0,0
671,PAYMENT,2437.82,C1194576436,6159.84,3722.02,M6130446648,0.0,0.0,0,0.0,0
658,TRANSFER,1.0,C9581991473,0.0,0.0,C8969097897,0.0,1.0,0,0.23,0
128,CASH_OUT,60906.32,C4877520294,73194.3,12287.98,M1357561213,0.0,0.0,1,0.0,0
226,TRANSFER,1.0,C5704029171,0.0,0.0,C3674551397,374.01,375.01,0,0.01,0
478,PAYMENT,3327.83,C2670036982,106584.54,103256.71,M7366396017,0.0,0.0,0,0.0,0
608,CASH_OUT,257.05,C6385791669,2881.3,2624.25,C6231117883,67.63,67.63,0,0.02,0
414,TRANSFER,2463.49,C5536224717,2515.81,52.32,C6792661894,0.0,0.0,1,0.45666666666666667,0
156,CASH_OUT,1.0,C8612747444,0.24,0.0,C4921003983,117796.46,117796.46,0,0.0,0
620,DEBIT,28.65,C6300607425,35.69,7.04,M5734228580,0.0,0.0,0,0.03,0
47,CASH_OUT,127.55,C4750707607,361.63,234.08,C1639509845,241.65,241.65,0,0.006666666666666667,0
105,PAYMENT,845.82,C8270110908,3953.99,3108.17,M9590331226,0.0,0.0,0,0.0,0
413,CASH_OUT,1212.36,C3098948446,1593.42,381.06,M9918338001,0.0,0.0,1,0.04666666666666667,0
252,TRANSFER,1.0,C4460967357,0.91,0.0,C7508522951,6.03,7.03,0,0.19666666666666666,0
403,PAYMENT,18.86,C8131923452,36.0,17.14,M3438830691,0.0,0.0,0,0.0,0
168,TRANSFER,71.06,C8182649048,92.96,21.9,M1368287033,0.0,0.0,1,0.15666666666666668,0
620,CASH_OUT,1549.06,C1834624758,1854.93,305.87,M5564953924,0.0,0.0,1,0.02666666666666667,0
86,CASH_OUT,544.6,C4656572173,492.15,0.0,M8144889126,0.0,0.0,1,0.13,0
516,CASH_OUT,1177.79,C1417436465,1225.96,48.17,C7199283151,398.9,398.9,1,0.03666666666666667,0
111,TRANSFER,3.0,C1506211965,5.87,2.87,C9759180824,4.06,7.06,0,0.14,0
101,PAYMENT,7035.22,C1233079614,153505.79,146470.57,M1857561275,0.0,0.0,0,0.0,0
690,PAYMENT,200.66,C2566942273,297.17,96.51,M6820149016,0.0,0.0,0,0.0,0
166,CASH_IN,132937.84,C1818520766,2671.43,135609.27,C7832220535,0.0,0.0,0,0.0,0
13,TRANSFER,422.91,C7540301973,593.7,170.79,M9404002665,0.0,0.0,1,0.07333333333333333,0
256,CASH_OUT,58.85,C1116402431,59.89,1.04,C9067664957,140.46,140.46,1,0.013333333333333334,0
349,TRANSFER,81358.27,C8556573246,96076.34,14718.07,M7570511906,0.0,0.0,1,0.2633333333333333,0
71,TRANSFER,21.0,C6837342064,42.66,21.66,C5292015249,88.02,109.02,0,0.06333333333333334,0
180,PAYMENT,1.0,C3304560537,0.0,0.0,M6401844042,0.0,0.0,0,0.0,0
137,PAYMENT,20.45,C2654584280,35.99,15.54,M8276498637,0.0,0.0,0,0.0,0
668,PAYMENT,524.95,C7015992643,2041.4,1516.45,M2243802345,0.0,0.0,0,0.0,0
60,TRANSFER,97243.61,C6880115912,81331.16,0.0,M1466305100,0.0,0.0,1,0.86,1
396,CASH_OUT,394.37,C9894847574,366.6,0.0,M6053489772,0.0,0.0,1,0.07333333333333333,0
81,DEBIT,2124.82,C1667483244,2525.57,400.75,M4122901114,0.0,0.0,0,0.016666666666666666,0
382,CASH_OUT,3193.46,C1736086849,3173.14,0.0,C1378134712,124527.07,124527.07,1,0.03,0
572,CASH_OUT,207.66,C4325878813,228.88,21.22,M7570511906,0.0,0.0,1,0.04,0
568,PAYMENT,12181.88,C1741134891,16369.85,4187.97,M8790289305,0.0,0.0,0,0.0,0
92,CASH_OUT,129.76,C8506931282,166.67,36.91,C8325222092,242.16,242.16,1,0.006666666666666667,0
353,TRANSFER,4406.69,C3739951076,4266.68,0.0,C8083175325,0.0,0.0,1,0.7466666666666667,1
355,TRANSFER,1561.35,C7374584386,2207.16,645.81,M2635881694,0.0,0.0,1,0.17,0
383,PAYMENT,10.45,C4070964768,11.62,1.17,M5794335854,0.0,0.0,0,0.0,0
344,CASH_OUT,8081.38,C3667740351,8983.32,901.94,C7186766399,0.0,0.0,0,0.013333333333333334,0
474,DEBIT,48.03,C3392080953,78.11,30.08,M8102481401,0.0,0.0,0,0.03,0
314,CASH_OUT,3055.44,C9544423456,3272.32,216.88,M8325043570,0.0,0.0,1,0.006666666666666667,0
263,TRANSFER,2542.13,C7660157097,2720.49,178.36,C4700855390,0.0,0.0,1,0.19333333333333333,0
68,TRANSFER,328.6,C7529817193,366.84,38.24,C2982979741,105.74,434.34,1,0.006666666666666667,0
545,CASH_OUT,289.59,C9245348297,687.26,397.67,C8417757797,0.0,0.0,0,0.03,0
587,PAYMENT,1.0,C8132531532,0.0,0.0,M8144352013,0.0,0.0,0,0.0,0
452,PAYMENT,2067.79,C7337225482,9425.43,7357.64,M7651029165,0.0,0.0,0,0.0,0
520,PAYMENT,8335.85,C1234359689,51686.01,43350.16,M3580582653,0.0,0.0,0,0.0,0
394,PAYMENT,760.04,C4586784711,1105.47,345.43,M9822499208,0.0,0.0,0,0.0,0
85,TRANSFER,48.88,C7333316743,174.63,125.75,C7858937483,60.55,109.43,0,0.07,0
13,PAYMENT,11229.43,C5783809766,26525.72,15296.29,M8790289305,0.0,0.0,0,0.0,0
274,TRANSFER,1835.55,C5578056564,2407.0,571.45,M6659847491,0.0,0.0,1,0.19333333333333333,0
206,PAYMENT,1.0,C2836553621,0.0,0.0,M1357561213,0.0,0.0,0,0.0,0
349,TRANSFER,2133.58,C2973888646,2192.01,58.43,M7960713821,0.0,0.0,1,0.3433333333333333,0
260,CASH_OUT,104.09,C4026113008,153.23,49.14,C6852312425,2.76,2.76,0,0.0,0
367,PAYMENT,135.7,C8867077130,252.9,117.2,M2249831874,0.0,0.0,0,0.0,0
425,TRANSFER,1.0,C5607762160,0.0,0.0,C3297096148,7431.12,7432.12,0,0.04,0
54,TRANSFER,94.04,C7934137693,86.26,0.0,M3119908041,0.0,0.0,1,0.23666666666666666,0
308,TRANSFER,1610.49,C5759272717,1705.79,95.3,C9504724761,0.0,0.0,1,0.23333333333333334,0
79,CASH_OUT,273.02,C8106906538,345.51,72.49,M4306983924,0.0,0.0,1,0.0,0
645,PAYMENT,39.82,C6000952470,5607.98,5568.16,M9068916300,0.0,0.0,0,0.0,0
56,CASH_OUT,3.01,C1817804383,12.11,9.1,C3196545325,0.0,0.0,0,0.0,0
608,PAYMENT,1.0,C2247484671,0.0,0.0,M6865994703,0.0,0.0,0,0.0,0
659,CASH_OUT,1.0,C3369305560,0.0,0.0,C3853978147,724.49,724.49,0,0.056666666666666664,0
157,PAYMENT,476.27,C3291226621,12665.49,12189.22,M9581187661,0.0,0.0,0,0.0,0
449,CASH_OUT,27.17,C8293453178,38.92,11.75,C6272000062,31246.85,31246.85,0,0.02666666666666667,0
130,PAYMENT,1.0,C5724657556,0.0,0.0,M5990749811,0.0,0.0,0,0.0,0
441,CASH_OUT,29243.39,C4095476665,56421.41,27178.02,C1094115188,0.0,0.0,0,0.01,0
391,TRANSFER,14298.41,C5254923696,38007.7,23709.29,C9033653743,0.0,14298.41,0,0.0,0
50,CASH_OUT,2092.44,C8075122626,2644.66,552.22,M4399143287,0.0,0.0,1,0.0,0
10,CASH_OUT,2431.52,C4600630513,2202.6,0.0,M2604788242,0.0,0.0,1,0.04,0
119,TRANSFER,1.0,C1809283659,1.79,0.79,C3777580509,96.77,97.77,0,0.05333333333333334,0
235,CASH_OUT,4106.35,C3095318649,4824.35,718.0,C5666504394,6060.12,6060.12,1,0.0,0
370,CASH_OUT,1.23,C1149460439,3.7,2.47,C4022245086,2997.96,2997.96,0,0.0033333333333333335,0
521,CASH_IN,5583.48,C3412273600,0.0,5583.48,C8706093841,60666.05,60666.05,0,0.0,0
541,DEBIT,82.8,C5754363475,172.96,90.16,M2604788242,0.0,0.0,0,0.02666666666666667,0
681,TRANSFER,1.0,C1489726608,0.0,0.0,C5785481124,1045.39,1046.39,0,0.07333333333333333,0
361,PAYMENT,1.0,C4907446848,0.0,0.0,M9558906999,0.0,0.0,0,0.0,0
291,PAYMENT,21.03,C7596745715,39.43,18.4,M9900829971,0.0,0.0,0,0.0,0
460,CASH_OUT,1984.3,C9759180824,2733.33,749.03,M2655546199,0.0,0.0,1,0.05,0
618,DEBIT,179.98,C6928691380,280.35,100.37,M4329446784,0.0,0.0,0,0.02666666666666667,0
654,CASH_OUT,4701.42,C1287814151,6044.07,1342.65,M3580582653,0.0,0.0,1,0.02666666666666667,0
676,TRANSFER,414.8,C3891796055,348.03,0.0,C2973888646,58.43,58.43,1,0.16333333333333333,0
260,CASH_OUT,195.46,C7406579219,163.81,0.0,C1230249217,152.05,152.05,1,0.016666666666666666,0
360,CASH_OUT,885.27,C3776011793,961.22,75.95,C6804850108,14.31,14.31,0,0.013333333333333334,0
661,TRANSFER,1.0,C1430073711,0.0,0.0,C2295574037,15.1,16.1,0,0.19333333333333333,0
591,CASH_OUT,908.93,C7166868574,1040.61,131.68,M4035639663,0.0,0.0,1,0.02666666666666667,0
639,DEBIT,1.0,C5626388820,0.0,0.0,M9773795424,0.0,0.0,0,0.05333333333333334,0
556,TRANSFER,1.0,C8317619798,0.0,0.0,C3464975279,723.4,724.4,0,0.08,0
616,PAYMENT,25.02,C8527715219,27.21,2.19,M2155671697,0.0,0.0,0,0.0,0
389,TRANSFER,1.0,C6317189421,0.0,0.0,C9302705838,14468.4,14469.4,0,0.0,0
697,TRANSFER,383.29,C8617360361,875.93,492.64,C4131575764,0.0,383.29,0,0.06666666666666667,0
188,TRANSFER,1.0,C5182110973,0.0,0.0,C6287793163,0.0,1.0,0,0.23333333333333334,0
149,TRANSFER,762.37,C8235363119,737.06,0.0,M2625035499,0.0,0.0,1,0.2833333333333333,0
111,PAYMENT,1.0,C5201221330,0.36,0.0,M9043367776,0.0,0.0,0,0.0033333333333333335,0
82,CASH_OUT,1.0,C1422701550,0.0,0.0,C9327720702,2354.5,2354.5,0,0.0033333333333333335,0
150,TRANSFER,2.85,C9673185158,5.52,2.67,C8236361108,69997.52,70000.37,0,0.0,0
141,CASH_IN,103114.58,C7808938880,528.43,103643.01,C7536876169,0.0,0.0,0,0.0,0
349,TRANSFER,373.12,C8168036130,752.36,379.24,C1624173500,17891.17,18264.29,0,0.0,0
196,TRANSFER,64622.6,C9379439373,102164.58,37541.98,C9461708554,0.0,64622.6,0,0.0,0
283,TRANSFER,19.52,C4681264539,34.55,15.03,C5268845844,0.0,19.52,0,0.15666666666666668,0
279,TRANSFER,75.42,C9661615016,106.03,30.61,M4522855590,0.0,0.0,1,0.16333333333333333,0
705,CASH_OUT,510.77,C9123612497,852.83,342.06,C4503614567,521.11,521.11,0,0.023333333333333334,0
587,CASH_OUT,5109.86,C2409274786,4479.89,0.0,C6496933442,0.0,0.0,1,0.21666666666666667,0
347,PAYMENT,8.67,C5268845844,19.52,10.85,M3317856944,0.0,0.0,0,0.0,0
58,CASH_OUT,1007.92,C5778781449,1403.45,395.53,C6704841644,904.25,904.25,1,0.0,0
542,TRANSFER,18.14,C2914126243,43.99,25.85,C8453283834,0.0,18.14,0,0.17,0
238,TRANSFER,1.0,C2960432117,0.0,0.0,C3614915281,0.0,1.0,0,0.23,0
244,CASH_OUT,489.87,C7648059419,969.69,479.82,C3815235019,92.77,92.77,0,0.013333333333333334,0
429,PAYMENT,1.0,C3303082117,0.0,0.0,M3534186676,0.0,0.0,0,0.0,0
266,PAYMENT,341.26,C9272277508,538.46,197.2,M6786043791,0.0,0.0,0,0.0,0
535,CASH_OUT,131.49,C6075963527,153.66,22.17,C5667181604,0.0,0.0,1,0.04,0
669,TRANSFER,8785.29,C3291226621,12189.22,3403.93,M7192742877,0.0,0.0,1,0.32,0
170,TRANSFER,1.0,C7061419749,0.0,0.0,C8902114913,0.0,1.0,0,0.22,0
407,TRANSFER,35.58,C1417436465,48.17,12.59,C4673457063,0.0,35.58,0,0.17333333333333334,0
251,CASH_IN,148703.38,C2041349374,0.14,148703.52,C6642201119,1.0,1.0,0,0.0,0
393,CASH_OUT,1963.79,C3837784389,2017.84,54.05,C2274350418,60543.82,60543.82,1,0.01,0
138,PAYMENT,1.0,C9166381136,0.0,0.0,M5990749811,0.0,0.0,0,0.0,0
429,CASH_OUT,52979.36,C4873807154,46111.95,0.0,M1458227039,0.0,0.0,1,0.08,0
657,TRANSFER,45.27,C8168394616,74.91,29.64,C3894673596,2616.41,2661.68,0,0.04,0
349,TRANSFER,538.18,C7321180787,464.71,0.0,M5000316394,0.0,0.0,1,0.23333333333333334,0
49,CASH_OUT,3767.39,C5694848867,8125.6,4358.21,C8923555411,27.6,27.6,0,0.0,0
36,TRANSFER,3292.29,C6944371787,3507.41,215.12,C4751509023,38.39,38.39,1,0.13333333333333333,0
718,CASH_OUT,2201.76,C3931997465,2065.54,0.0,M8964269909,0.0,0.0,1,0.21666666666666667,0
72,TRANSFER,16.93,C9503597301,63.36,46.43,C8997701619,1.44,18.37,0,0.16333333333333333,0
118,CASH_IN,37703.49,C6218955985,7.24,37710.73,C6000952470,5568.16,5568.16,0,0.0,0
207,CASH_OUT,106.62,C2099184899,239.42,132.8,C2014766981,165.08,165.08,0,0.0,0
191,CASH_OUT,13.18,C6201313620,65.64,52.46,C5183211669,7355.84,7355.84,0,0.0033333333333333335,0
73,DEBIT,1.0,C3780439666,1.46,0.46,M6275155878,0.0,0.0,0,0.03,0
289,DEBIT,46.4,C3313993297,68.57,22.17,M6846530109,0.0,0.0,0,0.023333333333333334,0
341,CASH_OUT,689.65,C1561417687,693.97,4.32,C7508522951,7.03,7.03,1,0.11666666666666667,0
40,PAYMENT,1.0,C5381866906,0.0,0.0,M8276498637,0.0,0.0,0,0.0,0
643,TRANSFER,262.99,C8387664437,232.27,0.0,C8755749566,1813.35,1813.35,1,0.07333333333333333,0
318,TRANSFER,226.96,C2178158203,269.31,42.35,M5959736235,0.0,0.0,1,0.15666666666666668,0
361,TRANSFER,1751.72,C3147818256,1920.37,168.65,C7088949191,8.36,8.36,1,0.14,0
328,PAYMENT,102.74,C7333316743,125.75,23.01,M2541015125,0.0,0.0,0,0.0,0
76,PAYMENT,730.71,C4097887746,23439.35,22708.64,M7532669066,0.0,0.0,0,0.0,0
119,CASH_OUT,1.0,C5150074940,0.0,0.0,C2349406919,0.88,0.88,0,0.0033333333333333335,0
95,TRANSFER,1331.59,C2308638549,1606.08,274.49,C3918046336,1599.4,1599.4,1,0.006666666666666667,0
464,TRANSFER,196.73,C9272277508,197.2,0.47,C4472312361,1748.5,1945.23,1,0.07333333333333333,0
604,TRANSFER,2744.9,C8137972345,3646.22,901.32,M9021793855,0.0,0.0,1,0.2833333333333333,0
208,TRANSFER,2.04,C1553753599,128.42,126.38,C7597996327,79.64,81.68,0,0.08666666666666667,0
127,CASH_OUT,4263.29,C7581349462,3933.99,0.0,C5931025271,0.0,0.0,1,0.043333333333333335,0
101,PAYMENT,1633.88,C1792214339,2056.62,422.74,M4399143287,0.0,0.0,0,0.0,0
699,CASH_OUT,155.17,C7601519165,267.17,112.0,C5898890707,0.0,0.0,0,0.02666666666666667,0
154,TRANSFER,1.0,C1225953184,0.0,0.0,C6099808894,443.9,444.9,0,0.01,0
602,DEBIT,1.0,C2214741296,0.0,0.0,M5449848690,0.0,0.0,0,0.05333333333333334,0
647,PAYMENT,119.73,C8291250562,230.04,110.31,M6790024996,0.0,0.0,0,0.0,0
528,PAYMENT,52.52,C4631048029,103.96,51.44,M1908459040,0.0,0.0,0,0.0,0
705,PAYMENT,163.98,C4130305126,494.09,330.11,M1199447370,0.0,0.0,0,0.0,0
72,TRANSFER,1.28,C3030106617,2.51,1.23,C2570991899,105.65,106.93,0,0.05,0
100,TRANSFER,695.41,C8497938394,993.68,298.27,C5293274004,0.0,695.41,0,0.0033333333333333335,0
103,CASH_OUT,1.0,C7406579219,0.0,0.0,C1322401182,0.0,0.0,0,0.0033333333333333335,0
598,CASH_IN,2915.67,C4633987776,5785.59,8701.26,C2877279755,46.71,46.71,0,0.0,0
21,PAYMENT,22474.83,C7470843264,39281.34,16806.51,M8727805468,0.0,0.0,0,0.0,0
504,CASH_OUT,4273.64,C9954587710,4464.67,191.03,C3358880404,5.62,5.62,1,0.04,0
137,TRANSFER,82.71,C9963334018,104.83,22.12,C4256292393,29.9,112.61,0,0.08666666666666667,0
31,CASH_OUT,2106.6,C9274189261,2707.63,601.03,C1558631501,0.0,0.0,1,0.0,0
392,PAYMENT,759.71,C9403748506,1056.43,296.72,M6845287382,0.0,0.0,0,0.0,0
376,TRANSFER,1.0,C4485356009,0.0,0.0,C7085004726,0.0,1.0,0,0.22,0
337,CASH_OUT,2087.2,C2075321966,1927.94,0.0,M6820149016,0.0,0.0,1,0.11666666666666667,0
637,DEBIT,81.95,C5588254555,111.32,29.37,M2418407139,0.0,0.0,0,0.03333333333333333,0
388,PAYMENT,1.0,C9526836552,0.0,0.0,M5734228580,0.0,0.0,0,0.0,0
47,PAYMENT,1.0,C1207916194,0.0,0.0,M8325043570,0.0,0.0,0,0.0,0
579,PAYMENT,16.79,C9904586976,33.44,16.65,M6495967005,0.0,0.0,0,0.0,0
606,PAYMENT,149.8,C9270323795,233.04,83.24,M7702529931,0.0,0.0,0,0.0,0
340,CASH_OUT,3821.8,C9250327663,4850.18,1028.38,C6562457052,1.0,1.0,1,0.013333333333333334,0
464,CASH_OUT,51.07,C9067664957,140.46,89.39,C1940684569,61.11,61.11,0,0.04,0
390,TRANSFER,9.79,C7393195616,10.4,0.61,C7685540186,55924.35,55934.14,0,0.0,0
116,PAYMENT,1.0,C4706249669,0.0,0.0,M7366396017,0.0,0.0,0,0.0,0
16,TRANSFER,1.0,C2009317340,0.0,0.0,C4470591645,369.09,370.09,0,0.016666666666666666,0
517,TRANSFER,1494.01,C7333678472,1304.56,0.0,C4311931853,1687.64,1687.64,1,0.23,0
686,CASH_OUT,698.68,C8208643631,697.2,0.0,C1515024824,13.09,13.09,1,0.13333333333333333,0
504,TRANSFER,4112.09,C4853479481,8847.78,4735.69,C9376711497,769.96,4882.05,0,0.02,0
123,PAYMENT,20.32,C6075963527,22.17,1.85,M9288057824,0.0,0.0,0,0.0,0
571,TRANSFER,289.31,C2327372855,336.44,47.13,M5891831621,0.0,0.0,1,0.17333333333333334,0
586,CASH_OUT,388.29,C4110258855,444.08,55.79,M7453081889,0.0,0.0,1,0.03666666666666667,0
490,TRANSFER,10.79,C8943866829,18.22,7.43,C5785481124,1046.39,1057.18,0,0.05,0
161,PAYMENT,923.27,C4440904834,1797.77,874.5,M5815678365,0.0,0.0,0,0.0,0
407,PAYMENT,126.56,C7839819230,646.05,519.49,M5156392601,0.0,0.0,0,0.0,0
292,TRANSFER,3349.03,C1717346250,3631.23,282.2,M9026301048,0.0,0.0,1,0.23,0
515,PAYMENT,214.35,C1644608746,254.91,40.56,M2303835765,0.0,0.0,0,0.0,0
334,PAYMENT,14374.04,C7551874474,121456.23,107082.19,M2518433834,0.0,0.0,0,0.0,0
55,PAYMENT,493.63,C7965608188,722.84,229.21,M2555936898,0.0,0.0,0,0.0,0
254,CASH_IN,112123.18,C4873807154,0.0,112123.18,C9677466102,340.64,340.64,0,0.0,0
245,CASH_OUT,11.47,C9433570024,42.07,30.6,C7858937483,109.43,109.43,0,0.0,0
363,CASH_IN,2178.0,C4643576871,0.0,2178.0,C7292376027,0.0,0.0,0,0.0,0
117,PAYMENT,4.88,C4536306171,6.24,1.36,M6845287382,0.0,0.0,0,0.0,0
257,TRANSFER,216.78,C8854238082,295.98,79.2,M2418407139,0.0,0.0,1,0.16,0
426,PAYMENT,1.0,C7895255573,0.0,0.0,M4820942294,0.0,0.0,0,0.0,0
312,CASH_IN,101287.52,C8287542751,9.4,101296.92,C1127978094,14.85,14.85,0,0.0,0
470,CASH_OUT,3411.29,C9428056968,4298.95,887.66,M2121448210,0.0,0.0,1,0.03666666666666667,0
378,TRANSFER,2830.24,C3841827734,3959.2,1128.96,M1811839103,0.0,0.0,1,0.21333333333333335,0
511,PAYMENT,4.63,C6300607425,7.04,2.41,M4588312351,0.0,0.0,0,0.0,0
711,TRANSFER,1.0,C9630522755,0.0,0.0,C9894264595,28449.8,28450.8,0,0.0,0
477,TRANSFER,72.05,C1940684569,61.11,0.0,C5703357871,0.0,0.0,1,0.23666666666666666,0
619,TRANSFER,1414.2,C2250949136,1481.57,67.37,C1939777262,0.0,0.0,1,0.26,0
34,PAYMENT,221.78,C4735313433,347.08,125.3,M4460319291,0.0,0.0,0,0.0,0
240,TRANSFER,292.3,C1051354601,603.91,311.61,C2918260963,0.0,292.3,0,0.01,0
413,CASH_OUT,1.0,C5868640848,0.0,0.0,C8295757364,381.87,381.87,0,0.09333333333333334,0
486,DEBIT,15.04,C7242730249,15.86,0.82,M7951820749,0.0,0.0,0,0.043333333333333335,0
447,TRANSFER,4.0,C3319936135,4.76,0.76,C6687206971,248.33,252.33,0,0.08,0
360,DEBIT,118.85,C8178361487,186.02,67.17,M4641902461,0.0,0.0,0,0.03,0
23,PAYMENT,1.0,C1945826486,1.02,0.02,M6045729129,0.0,0.0,0,0.0,0
104,TRANSFER,3857.34,C4242550727,4181.7,324.36,M8869140487,0.0,0.0,1,0.21666666666666667,0
84,PAYMENT,1.0,C2948728483,0.0,0.0,M8058679999,0.0,0.0,0,0.0,0
157,PAYMENT,2932.18,C3532855799,14666.43,11734.25,M6932365592,0.0,0.0,0,0.0,0
45,PAYMENT,20.31,C7092693247,50.47,30.16,M1802753761,0.0,0.0,0,0.0,0
692,PAYMENT,16775.91,C9484167278,130277.36,113501.45,M9773795424,0.0,0.0,0,0.0,0
381,TRANSFER,7.56,C1939042955,8.6,1.04,C5744003377,526.1,533.66,0,0.013333333333333334,0
597,PAYMENT,826.97,C9807209816,179507.54,178680.57,M7717262223,0.0,0.0,0,0.0,0
189,PAYMENT,1.45,C5428082088,12.89,11.44,M2187592160,0.0,0.0,0,0.0,0
430,TRANSFER,94.22,C9868845806,121.59,27.37,C6952291828,734.69,828.91,0,0.04666666666666667,0
246,TRANSFER,3042.9,C5254923696,23709.29,20666.39,C6448324230,72253.04,75295.94,0,0.0,0
433,PAYMENT,1.0,C8282534126,0.0,0.0,M4399143287,0.0,0.0,0,0.0,0
68,PAYMENT,18.38,C7882206934,24.65,6.27,M3960136787,0.0,0.0,0,0.0,0
409,CASH_OUT,453.81,C7568861677,39577.94,39124.13,C6178804925,42495.27,42495.27,0,0.0,0
386,CASH_OUT,185.29,C3971203213,399.36,214.07,C1644608746,40.56,40.56,0,0.006666666666666667,0
229,CASH_OUT,670.83,C6038780151,849.88,179.05,M3223687972,0.0,0.0,1,0.0033333333333333335,0
109,CASH_OUT,1092.69,C5829062179,1248.33,155.64,C3051831252,257.7,257.7,1,0.0033333333333333335,0
5,PAYMENT,8092.93,C2076151332,27830.71,19737.78,M9576264323,0.0,0.0,0,0.0,0
632,TRANSFER,1405.08,C8943866829,1366.76,0.0,C9274189261,601.03,601.03,1,0.25,0
514,CASH_OUT,3129.01,C1197449658,2818.48,0.0,C4159699467,0.0,0.0,1,0.19666666666666666,0
566,PAYMENT,1.0,C5634076661,0.0,0.0,M3094407076,0.0,0.0,0,0.0,0
237,TRANSFER,138.48,C6715961218,133.7,0.0,M2541015125,0.0,0.0,1,0.23666666666666666,0
320,CASH_OUT,5712.84,C2612579345,6140.21,427.37,M4641902461,0.0,0.0,1,0.01,0
109,PAYMENT,1.0,C9995834531,1.0,0.0,M2571632270,0.0,0.0,0,0.0033333333333333335,0
584,PAYMENT,1.0,C2075321966,0.0,0.0,M7230477043,0.0,0.0,0,0.0,0
578,CASH_OUT,395.48,C6099808894,444.9,49.42,M9625656293,0.0,0.0,1,0.04,0
402,CASH_OUT,5185.07,C2645272822,6698.12,1513.05,M4896576569,0.0,0.0,1,0.006666666666666667,0
112,PAYMENT,1.0,C6655089949,0.0,0.0,M7713758036,0.0,0.0,0,0.0033333333333333335,0
355,TRANSFER,2708.56,C8973989997,2516.82,0.0,C8178361487,67.17,67.17,1,0.4166666666666667,0
32,CASH_OUT,2772.23,C2850820685,2769.32,0.0,C7079234115,10.64,10.64,1,0.04,0
175,PAYMENT,42.94,C5281907480,60.41,17.47,M7960713821,0.0,0.0,0,0.0,0
33,CASH_OUT,1.0,C9432088993,0.0,0.0,C6982610835,10923.7,10923.7,0,0.0,0
659,TRANSFER,28.17,C8118065825,43.46,15.29,C4712367625,38774.22,38802.39,0,0.0,0
49,PAYMENT,56.98,C9409682410,247.74,190.76,M2625035499,0.0,0.0,0,0.0,0
325,TRANSFER,1.0,C3369305560,0.0,0.0,C4096932037,1.7,2.7,0,0.22,0
588,TRANSFER,4.77,C6715705115,579.33,574.56,C8293928340,99.47,104.24,0,0.06,0
331,TRANSFER,2203.39,C7894019119,3208.59,1005.2,C3799620568,71.9,2275.29,0,0.0,0
289,DEBIT,54.94,C6726515966,100.1,45.16,M3960136787,0.0,0.0,0,0.023333333333333334,0
349,TRANSFER,2664.63,C5272119095,2770.46,105.83,M6659847491,0.0,0.0,1,0.36,0
312,CASH_IN,53997.08,C1596471620,5733.5,59730.58,C3259520140,1736.83,1736.83,0,0.0,0
104,PAYMENT,2718.53,C8272725281,4792.65,2074.12,M4399143287,0.0,0.0,0,0.0,0
546,CASH_OUT,2222.54,C4566852761,1919.41,0.0,M6011842297,0.0,0.0,1,0.18666666666666668,0
700,CASH_OUT,1.0,C8691288568,0.0,0.0,C9516893896,0.0,0.0,0,0.056666666666666664,0
607,TRANSFER,6.83,C8137764127,11.19,4.36,C1678500147,102606.08,102612.91,0,0.0,0
625,CASH_OUT,1.0,C5381866906,0.0,0.0,C8517413631,0.0,0.0,0,0.06,0
262,TRANSFER,5.13,C5728897164,5.64,0.51,C1316756902,0.0,5.13,0,0.23333333333333334,0
615,DEBIT,513.67,C3875303857,574.96,61.29,M6894024976,0.0,0.0,0,0.03,0
132,CASH_OUT,3499.21,C5710360983,4769.75,1270.54,C7981077394,0.0,0.0,1,0.0,0
653,CASH_OUT,1.0,C4566852761,0.0,0.0,C2139027119,12.01,12.01,0,0.05,0
316,TRANSFER,704.45,C1205082311,828.31,123.86,M4306983924,0.0,0.0,1,0.16333333333333333,0
209,CASH_OUT,3660.18,C8902114913,3896.69,236.51,M3322580659,0.0,0.0,1,0.0,0
112,CASH_OUT,248.31,C6822870815,777.98,529.67,C4673457063,35.58,35.58,0,0.0033333333333333335,0
611,CASH_OUT,3306.05,C9505085936,4277.85,971.8,M3690714075,0.0,0.0,1,0.023333333333333334,0
132,CASH_OUT,16878.17,C4283432667,21632.47,4754.3,C6789292252,11735.8,11735.8,0,0.0033333333333333335,0
4,PAYMENT,83.21,C6611356986,94.38,11.17,M4522855590,0.0,0.0,0,0.0,0
303,PAYMENT,181.07,C5489485517,1379.39,1198.32,M5959736235,0.0,0.0,0,0.0,0
58,CASH_OUT,889.06,C7242730249,771.68,0.0,M9918338001,0.0,0.0,1,0.06666666666666667,0
35,PAYMENT,274.94,C7625464411,343.22,68.28,M3831598303,0.0,0.0,0,0.0,0
179,CASH_OUT,1679.86,C9861449701,1863.93,184.07,M6041646576,0.0,0.0,1,0.0,0
109,CASH_OUT,1.0,C9856756553,0.41,0.0,C9611537583,93735.94,93735.94,0,0.0,0
445,CASH_OUT,937.36,C6544063167,1102.74,165.38,M2778069478,0.0,0.0,1,0.06666666666666667,0
311,TRANSFER,8.35,C6756711494,11.89,3.54,C5439176290,5584.6,5592.95,0,0.0,0
318,PAYMENT,29.1,C8506931282,36.91,7.81,M3223687972,0.0,0.0,0,0.0,0
124,CASH_OUT,4.43,C1519709079,10.39,5.96,C5031086659,1550.86,1550.86,0,0.0,0
326,CASH_OUT,3.06,C1139082827,8.3,5.24,C2183906581,423.37,423.37,0,0.01,0
92,CASH_IN,78714.49,C3465740756,451.59,79166.08,C9454207717,19.93,19.93,0,0.0,0
434,DEBIT,1.0,C2948728483,0.0,0.0,M6361225622,0.0,0.0,0,0.04666666666666667,0
11,PAYMENT,23483.67,C2979958124,107181.57,83697.9,M5315720088,0.0,0.0,0,0.0,0
13,TRANSFER,237.68,C7488943393,285.31,47.63,M1306420495,0.0,0.0,1,0.13333333333333333,0
119,PAYMENT,1.0,C6464693977,0.0,0.0,M9065458220,0.0,0.0,0,0.0,0
28,TRANSFER,1.0,C2214741296,0.0,0.0,C9182543558,0.0,1.0,0,0.22,0
233,PAYMENT,37.79,C5306459450,102.45,64.66,M5000316394,0.0,0.0,0,0.0,0
201,TRANSFER,677.97,C1408988968,830.18,152.21,M2243802345,0.0,0.0,1,0.1,0
616,TRANSFER,23503.8,C6633778586,30113.35,6609.55,M2778069478,0.0,0.0,1,0.31333333333333335,0
589,TRANSFER,66.87,C3045102506,85.93,19.06,M6284297249,0.0,0.0,1,0.18,0
265,TRANSFER,301.5,C3975704877,358.86,57.36,C2071552532,1.09,302.59,0,0.023333333333333334,0
717,TRANSFER,1412.17,C8106401208,1261.76,0.0,M5412437658,0.0,0.0,1,0.42333333333333334,0
243,CASH_OUT,4.52,C4062777850,13.07,8.55,C2745958114,42.51,42.51,0,0.0,0
361,DEBIT,1.02,C6587537178,1.37,0.35,M2555936898,0.0,0.0,0,0.04,0
587,TRANSFER,1709.26,C7215110267,1549.01,0.0,C7710396573,0.58,0.58,1,0.5233333333333333,1
190,PAYMENT,103.5,C1257324536,273.73,170.23,M9625656293,0.0,0.0,0,0.0,0
72,DEBIT,15407.15,C5151086814,219324.12,203916.97,M1083302600,0.0,0.0,0,0.006666666666666667,0
84,PAYMENT,1.0,C3664052763,1.0,0.0,M8276498637,0.0,0.0,0,0.0,0
172,PAYMENT,1.0,C8382488970,0.0,0.0,M3595066420,0.0,0.0,0,0.0,0
185,TRANSFER,33.98,C9842186844,54.99,21.01,C3426665919,23322.4,23356.38,0,0.0,0
334,CASH_OUT,2817.87,C2866092821,2611.48,0.0,C8761469117,0.0,0.0,1,0.13,0
77,PAYMENT,1.0,C7631970791,0.0,0.0,M4601406440,0.0,0.0,0,0.0,0
405,PAYMENT,105.3,C5903457537,230.77,125.47,M6053489772,0.0,0.0,0,0.0,0
102,CASH_OUT,21036.6,C1004665657,17667.77,0.0,C5567816720,109797.9,109797.9,1,0.006666666666666667,0
141,CASH_OUT,2740.35,C9786748825,2956.67,216.32,C8199372599,22677.3,22677.3,1,0.0,0
544,TRANSFER,2156.73,C4202607993,2046.42,0.0,C5891280823,3.91,2160.64,1,0.4066666666666667,0
43,PAYMENT,5.1,C9463197203,5.58,0.48,M5570190774,0.0,0.0,0,0.0,0
687,PAYMENT,749.66,C4776436931,1443.47,693.81,M8144352013,0.0,0.0,0,0.0,0
37,TRANSFER,1.0,C8441393731,0.0,0.0,C8274273035,0.0,1.0,0,0.22333333333333333,0
608,TRANSFER,1.0,C1225953184,0.0,0.0,C4039019230,0.0,1.0,0,0.23333333333333334,0
111,CASH_OUT,103.45,C4735313433,125.3,21.85,C4252504650,0.0,0.0,0,0.01,0
648,CASH_OUT,1540.32,C8779941999,1683.83,143.51,C3392080953,30.08,30.08,1,0.023333333333333334,0
486,PAYMENT,1.0,C6691628146,0.0,0.0,M9640701016,0.0,0.0,0,0.0,0
510,CASH_OUT,1506.51,C5315211627,1820.51,314.0,M6361225622,0.0,0.0,1,0.03,0
117,TRANSFER,3590.26,C8624454880,3597.88,7.62,M1692044390,0.0,0.0,1,0.49,0
502,TRANSFER,1.0,C7369118672,0.0,0.0,C8134112721,651.97,652.97,0,0.08,0
6,CASH_OUT,6.44,C7292076361,9.8,3.36,C2811967841,0.0,0.0,0,0.02666666666666667,0
221,CASH_OUT,83.73,C4927019611,89.64,5.91,M2711123163,0.0,0.0,1,0.01,0
11,TRANSFER,2.68,C8506931282,7.81,5.13,C7757700186,0.0,2.68,0,0.13666666666666666,0
27,PAYMENT,3.35,C1417436465,12.59,9.24,M2635881694,0.0,0.0,0,0.0,0
238,TRANSFER,2415.02,C2948728483,2467.7,52.68,C6000009225,660.2,660.2,1,0.04666666666666667,0
452,CASH_OUT,1.0,C6725038117,0.27,0.0,C7519578899,105.16,105.16,0,0.08,0
224,CASH_OUT,28.69,C9138644862,90.73,62.04,C4037270171,0.0,0.0,0,0.0033333333333333335,0
608,TRANSFER,1065.4,C3791027186,3442.45,2377.05,C6392415228,569.36,1634.76,0,0.04,0
45,CASH_OUT,1368.33,C7759781156,1890.67,522.34,C8048810275,362.21,362.21,1,0.0033333333333333335,0
695,DEBIT,13.88,C8275679594,38.16,24.28,M8030400668,0.0,0.0,0,0.03,0
477,PAYMENT,616.26,C9147687657,1581.49,965.23,M6651754819,0.0,0.0,0,0.0,0
83,CASH_OUT,1.0,C4710967433,0.0,0.0,C3774110439,0.0,0.0,0,0.006666666666666667,0
539,PAYMENT,517.74,C7311011808,776.47,258.73,M8083396378,0.0,0.0,0,0.0,0
108,CASH_OUT,1.0,C1955345537,0.0,0.0,C1494287462,1023.02,1023.02,0,0.006666666666666667,0
77,PAYMENT,1.0,C4710967433,0.0,0.0,M8063693463,0.0,0.0,0,0.0,0
469,PAYMENT,1.0,C4536306171,1.36,0.36,M3107992942,0.0,0.0,0,0.0,0
269,PAYMENT,1.0,C3878719791,1.0,0.0,M1676220116,0.0,0.0,0,0.0,0
625,PAYMENT,1.0,C6204041308,0.0,0.0,M1199447370,0.0,0.0,0,0.0,0
700,CASH_OUT,431.41,C3520417815,589.3,157.89,C7100408092,0.0,0.0,1,0.03,0
621,TRANSFER,3373.84,C1541964762,4040.3,666.46,M2541015125,0.0,0.0,1,0.30333333333333334,0
600,PAYMENT,18.29,C7603978731,65.2,46.91,M2869931869,0.0,0.0,0,0.0,0
602,CASH_OUT,1617.39,C8991678061,1847.66,230.27,C6097953682,3283.43,3283.43,1,0.01,0
664,CASH_OUT,4090.67,C3412273600,5583.48,1492.81,C1667483244,400.75,400.75,1,0.016666666666666666,0
315,TRANSFER,38.65,C6674372082,49.72,11.07,C3521300895,21.39,60.04,0,0.11333333333333333,0
647,CASH_OUT,4023.37,C1983297492,4400.7,377.33,C4681264539,15.03,15.03,1,0.02666666666666667,0
137,CASH_OUT,75.94,C8575707116,107.53,31.59,M8869140487,0.0,0.0,1,0.0033333333333333335,0
234,DEBIT,1.03,C6237376063,1.31,0.28,M6275155878,0.0,0.0,0,0.03333333333333333,0
240,CASH_OUT,163.5,C6124453431,155.87,0.0,C6986770879,0.0,0.0,1,0.03333333333333333,0
404,PAYMENT,12.84,C2111272861,20.77,7.93,M6200141898,0.0,0.0,0,0.0,0
277,CASH_OUT,2594.14,C8015124886,2747.59,153.45,M6200141898,0.0,0.0,1,0.0033333333333333335,0
31,PAYMENT,1.0,C1004665657,0.0,0.0,M7532669066,0.0,0.0,0,0.0,0
36,CASH_OUT,305.82,C6000009225,660.2,354.38,C6596578419,0.0,0.0,0,0.0033333333333333335,0
191,PAYMENT,48.47,C2145921803,69.07,20.6,M1694904767,0.0,0.0,0,0.0,0
117,PAYMENT,44.1,C3875303857,61.29,17.19,M6313472215,0.0,0.0,0,0.0,0
290,CASH_OUT,310.86,C4706249669,263.84,0.0,C2780016559,74372.62,74372.62,1,0.013333333333333334,0
223,PAYMENT,1666.22,C3144490990,3469.6,1803.38,M7861571879,0.0,0.0,0,0.0,0
201,PAYMENT,2459.62,C1041531046,6545.07,4085.45,M7341757401,0.0,0.0,0,0.0,0
682,TRANSFER,31241.94,C2633177480,45225.65,13983.71,C1290050198,1783.53,33025.47,0,0.0,0
541,PAYMENT,22048.53,C8823677798,24443.38,2394.85,M8218146534,0.0,0.0,0,0.0,0
86,DEBIT,22.77,C9868845806,27.37,4.6,M1676220116,0.0,0.0,0,0.023333333333333334,0
143,PAYMENT,1.0,C8570333548,0.0,0.0,M4306983924,0.0,0.0,0,0.0,0
720,CASH_OUT,25.92,C6588316233,56.25,30.33,C8617360361,492.64,492.64,0,0.03,0
304,TRANSFER,79.42,C9229469952,81.41,1.99,M6932365592,0.0,0.0,1,0.17666666666666667,0
190,CASH_OUT,1.0,C7061419749,0.0,0.0,C1596471620,59730.58,59730.58,0,0.0,0
449,DEBIT,1.0,C5646751885,0.0,0.0,M2635881694,0.0,0.0,0,0.04666666666666667,0
295,TRANSFER,32.8,C9067664957,89.39,56.59,C8272725281,2074.12,2106.92,0,0.0033333333333333335,0
471,TRANSFER,60.97,C7534583219,58.0,0.0,C7529817193,38.24,99.21,1,0.18,0
247,CASH_OUT,3.53,C9455610447,14.94,11.41,C7590302909,921.54,921.54,0,0.0033333333333333335,0
260,TRANSFER,3411.08,C6691628146,4724.94,1313.86,M2121448210,0.0,0.0,1,0.21666666666666667,0
264,TRANSFER,1.0,C7471636437,0.0,0.0,C6300607425,2.41,3.41,0,0.23,0
335,PAYMENT,1.6,C3109688769,7.47,5.87,M7570511906,0.0,0.0,0,0.0,0
221,CASH_OUT,262.57,C5735817014,329.13,66.56,C7808938880,103643.01,103643.01,0,0.0,0
669,DEBIT,8.77,C8351491401,37.89,29.12,M8821456242,0.0,0.0,0,0.03,0
436,TRANSFER,1.0,C2510308881,0.0,0.0,C5354747485,22.27,23.27,0,0.18,0
514,TRANSFER,45.21,C7623575561,91.73,46.52,C5428082088,11.44,56.65,0,0.14,0
175,PAYMENT,1.0,C8926438617,0.31,0.0,M8030400668,0.0,0.0,0,0.0,0
173,TRANSFER,1582.25,C8925520026,1343.92,0.0,C4440904834,874.5,874.5,1,0.06,0
188,CASH_OUT,62865.59,C9805620900,52892.53,0.0,M3297681898,0.0,0.0,1,0.01,0
172,PAYMENT,206.17,C5115980792,276.47,70.3,M3094407076,0.0,0.0,0,0.0,0
649,TRANSFER,37.04,C7603978731,46.91,9.87,C6131005449,46.34,83.38,0,0.13,0
169,PAYMENT,76.99,C2617999521,66885.14,66808.15,M6401844042,0.0,0.0,0,0.0,0
74,CASH_OUT,1368.52,C8669484644,1319.57,0.0,C3319936135,0.76,0.76,1,0.05,0
253,TRANSFER,89.42,C4356175095,109.86,20.44,M7537130187,0.0,0.0,1,0.16333333333333333,0
597,TRANSFER,1.0,C6562144159,0.0,0.0,C9626333315,0.0,1.0,0,0.23,0
538,PAYMENT,75.08,C7462972995,83.7,8.62,M3355504998,0.0,0.0,0,0.0,0
226,TRANSFER,4565.63,C3707166618,3872.67,0.0,M7678293431,0.0,0.0,1,0.8166666666666667,1
692,TRANSFER,755.46,C5998623100,883.11,127.65,C2811967841,0.0,755.46,0,0.05,0
95,PAYMENT,116.14,C7016293621,163.87,47.73,M7678293431,0.0,0.0,0,0.0,0
42,TRANSFER,3961.03,C1741134891,4187.97,226.94,M3119908041,0.0,0.0,1,0.2,0
152,PAYMENT,1.52,C9514255777,42.44,40.92,M4689605624,0.0,0.0,0,0.0,0
164,PAYMENT,1.0,C8816681105,0.0,0.0,M4390543744,0.0,0.0,0,0.0,0
210,PAYMENT,1.0,C6558450990,0.0,0.0,M4896576569,0.0,0.0,0,0.0,0
15,PAYMENT,84.54,C1756345332,90.24,5.7,M9916475897,0.0,0.0,0,0.0,0
330,TRANSFER,1465.82,C4946081594,1275.48,0.0,C7196439534,0.0,0.0,1,0.36333333333333334,0
628,DEBIT,46688.09,C8390631634,71945.89,25257.8,M1413599241,0.0,0.0,0,0.016666666666666666,0
222,CASH_OUT,7691.58,C5328166990,6640.14,0.0,C4308701294,3286.87,3286.87,1,0.013333333333333334,0
433,TRANSFER,1.0,C2158638062,0.0,0.0,C7333678472,0.0,1.0,0,0.22,0
164,PAYMENT,125.0,C6929897032,386.32,261.32,M7948094928,0.0,0.0,0,0.0,0
153,TRANSFER,1.1,C7670476743,1.93,0.83,C6789448659,0.0,1.1,0,0.17666666666666667,0
530,PAYMENT,1.0,C2610237679,0.0,0.0,M9410569618,0.0,0.0,0,0.0,0
604,CASH_OUT,1.0,C3305069227,0.0,0.0,C6588252632,75196.3,75196.3,0,0.013333333333333334,0
326,PAYMENT,34.73,C1662259333,87.01,52.28,M8325043570,0.0,0.0,0,0.0,0
593,TRANSFER,1.0,C9752058817,0.0,0.0,C2879792991,5.95,6.95,0,0.2,0
444,PAYMENT,1.0,C2382129132,0.49,0.0,M2303835765,0.0,0.0,0,0.0,0
129,PAYMENT,48.26,C8987073217,56.51,8.25,M4329446784,0.0,0.0,0,0.0,0
407,PAYMENT,77.78,C4752171298,1218.83,1141.05,M8144352013,0.0,0.0,0,0.0,0
368,TRANSFER,9.54,C9303765140,17.82,8.28,C6961554653,37106.73,37116.27,0,0.0,0
650,TRANSFER,762.07,C9263135031,965.2,203.13,M3811254192,0.0,0.0,1,0.15666666666666668,0
90,PAYMENT,56.77,C7475684019,62.56,5.79,M1857561275,0.0,0.0,0,0.0,0
545,TRANSFER,2729.16,C2732553940,3713.79,984.63,M3965860354,0.0,0.0,1,0.27666666666666667,0
626,CASH_OUT,1149.34,C3694860228,1063.02,0.0,C1809283659,0.79,0.79,1,0.19666666666666666,0
638,PAYMENT,2.34,C9438411468,66.65,64.31,M7928143230,0.0,0.0,0,0.0,0
635,DEBIT,1.0,C1600337712,0.0,0.0,M1306420495,0.0,0.0,0,0.05333333333333334,0
166,TRANSFER,1.0,C4201225242,0.0,0.0,C5381866906,0.0,1.0,0,0.22,0
339,TRANSFER,1485.68,C4067213499,1755.92,270.24,M3566125120,0.0,0.0,1,0.14,0
324,PAYMENT,202.91,C9704383251,306.23,103.32,M7192742877,0.0,0.0,0,0.0,0
495,PAYMENT,6.28,C1662976399,8.1,1.82,M6401844042,0.0,0.0,0,0.0,0
385,TRANSFER,1.59,C8690920484,1.74,0.15,C7710396573,0.58,2.17,0,0.22,0
512,CASH_OUT,1520.4,C8318855178,1408.7,0.0,C8257484586,0.0,0.0,1,0.18666666666666668,0
585,PAYMENT,4.2,C9904586976,16.65,12.45,M3369412470,0.0,0.0,0,0.0,0
297,CASH_OUT,1.07,C8650676663,1.18,0.11,C2480915452,26.6,26.6,0,0.016666666666666666,0
448,TRANSFER,642.89,C7243352390,2425.1,1782.21,C5569295400,6.33,649.22,0,0.06666666666666667,0
548,TRANSFER,205.27,C1553155490,468.79,263.52,C9481076448,517.14,722.41,0,0.03333333333333333,0
584,TRANSFER,987.45,C5129478722,1247.29,259.84,M8740820392,0.0,0.0,1,0.16333333333333333,0
281,TRANSFER,1.0,C8382488970,0.0,0.0,C3931997465,0.0,1.0,0,0.23333333333333334,0
719,CASH_OUT,1.0,C3438771483,0.0,0.0,C8299146480,486.96,486.96,0,0.07333333333333333,0
24,TRANSFER,39.81,C1036351450,55.76,15.95,M8646369354,0.0,0.0,1,0.15666666666666668,0
261,TRANSFER,1.0,C5118430494,0.0,0.0,C4508521152,1015.48,1016.48,0,0.013333333333333334,0
334,CASH_IN,33708.41,C2687477596,281.03,33989.44,C8575707116,31.59,31.59,0,0.0,0
250,TRANSFER,16990.91,C2812140441,19026.48,2035.57,C8122042835,0.0,16990.91,0,0.0,0
97,PAYMENT,37.55,C6027311960,85.73,48.18,M6247463262,0.0,0.0,0,0.0,0
182,TRANSFER,2697.05,C1862812038,2856.79,159.74,C7825844140,0.0,2697.05,1,0.023333333333333334,0
277,PAYMENT,1.0,C9856756553,0.0,0.0,M6786043791,0.0,0.0,0,0.0,0
337,TRANSFER,1.0,C1084790270,0.0,0.0,C4536306171,0.36,1.36,0,0.22,0
524,CASH_OUT,3691.03,C9929101065,4927.47,1236.44,M6011842297,0.0,0.0,1,0.023333333333333334,0
135,PAYMENT,126.86,C2014766981,165.08,38.22,M7537130187,0.0,0.0,0,0.0,0
241,PAYMENT,17.78,C7958672456,592.29,574.51,M2121448210,0.0,0.0,0,0.0,0
430,CASH_OUT,8.63,C7083067988,9.69,1.06,C6448324230,75295.94,75295.94,0,0.01,0
161,CASH_OUT,1487.6,C8471762590,1975.78,488.18,M4160161496,0.0,0.0,1,0.0,0
558,PAYMENT,1.0,C2020262123,1.0,0.0,M7664045502,0.0,0.0,0,0.0,0
701,PAYMENT,1.0,C6534540349,0.0,0.0,M8790289305,0.0,0.0,0,0.0,0
230,CASH_OUT,107.51,C8867077130,117.2,9.69,C1667483244,400.75,400.75,0,0.0033333333333333335,0
601,TRANSFER,1.0,C1939777262,0.0,0.0,C1182758417,1608.5,1609.5,0,0.07666666666666666,0
505,TRANSFER,1.41,C7710396573,2.17,0.76,C5431267548,0.0,1.41,0,0.19666666666666666,0
479,TRANSFER,1.0,C3923699745,0.0,0.0,C1005502537,23.42,24.42,0,0.19,0
20,TRANSFER,196.62,C6628158856,261.07,64.45,M6275155878,0.0,0.0,1,0.14666666666666667,0
39,DEBIT,68.39,C9292791081,206.55,138.16,M7750131975,0.0,0.0,0,0.016666666666666666,0
146,PAYMENT,1.0,C1586412136,0.0,0.0,M6247463262,0.0,0.0,0,0.0,0
677,PAYMENT,1.0,C3057629778,0.0,0.0,M3192202822,0.0,0.0,0,0.0,0
81,CASH_OUT,1016.11,C6171239466,987.73,0.0,M2885370603,0.0,0.0,1,0.08,0
681,PAYMENT,19.38,C4110258855,55.79,36.41,M7702529931,0.0,0.0,0,0.0,0
151,PAYMENT,16.62,C2145921803,20.6,3.98,M9822499208,0.0,0.0,0,0.0,0
514,CASH_OUT,98438.19,C3088517710,112442.44,14004.25,C4700855390,0.0,0.0,1,0.016666666666666666,0
268,TRANSFER,1017.69,C3362646960,912.12,0.0,M3636366799,0.0,0.0,1,0.3333333333333333,0
190,PAYMENT,689.22,C4538382315,139476.19,138786.97,M4892544235,0.0,0.0,0,0.0,0
542,TRANSFER,1611.23,C9730449971,1956.63,345.4,C6642266247,0.0,0.0,1,0.26666666666666666,0
469,CASH_OUT,1804.63,C3058982440,1791.4,0.0,M8768773991,0.0,0.0,1,0.36333333333333334,0
601,PAYMENT,409.69,C7759781156,522.34,112.65,M7764117705,0.0,0.0,0,0.0,0
171,PAYMENT,1.0,C3906611156,0.0,0.0,M1783432867,0.0,0.0,0,0.0,0
247,TRANSFER,65.86,C5151887478,173.16,107.3,C7665963761,33.23,99.09,0,0.10333333333333333,0
405,TRANSFER,1129.79,C8086172302,1172.26,42.47,M8063693463,0.0,0.0,1,0.21,0
24,CASH_OUT,4913.95,C9379439373,37541.98,32628.03,C8151583833,66.85,66.85,0,0.0,0
342,PAYMENT,23547.93,C7551874474,107082.19,83534.26,M1240140248,0.0,0.0,0,0.0,0
720,PAYMENT,5526.9,C7685540186,55934.14,50407.24,M5869990861,0.0,0.0,0,0.0033333333333333335,0
713,DEBIT,1.0,C5724657556,0.0,0.0,M6786043791,0.0,0.0,0,0.04666666666666667,0
511,TRANSFER,46222.86,C3376077463,45964.54,0.0,M1732578761,0.0,0.0,1,0.95,1
327,TRANSFER,1.0,C2377246195,1.28,0.28,C2891100776,114.63,115.63,0,0.06,0
581,CASH_OUT,1908.93,C9546021691,1898.14,0.0,M9776500600,0.0,0.0,1,0.18666666666666668,0
687,CASH_OUT,2990.37,C6317189421,2817.36,0.0,M4522855590,0.0,0.0,1,0.18333333333333332,0
434,TRANSFER,1.0,C6204041308,0.0,0.0,C7002076563,80948.41,80949.41,0,0.0,0
24,DEBIT,1.0,C3171050399,0.0,0.0,M7713758036,0.0,0.0,0,0.02666666666666667,0
319,CASH_OUT,1287.2,C6572436051,1162.63,0.0,M3660800029,0.0,0.0,1,0.12,0
401,TRANSFER,2053.36,C2139078760,1922.14,0.0,M1122712790,0.0,0.0,1,0.5466666666666666,1
271,PAYMENT,356.0,C6463640105,661.25,305.25,M5794335854,0.0,0.0,0,0.0,0
492,CASH_OUT,4273.43,C4751509023,4537.11,263.68,C2343100352,50768.21,50768.21,1,0.02,0
568,PAYMENT,83.99,C8291250562,110.31,26.32,M2773408660,0.0,0.0,0,0.0,0
626,TRANSFER,19261.83,C2191714875,16062.56,0.0,M2869931869,0.0,0.0,1,0.93,1
276,PAYMENT,1.0,C1364994639,0.0,0.0,M6820149016,0.0,0.0,0,0.0,0
442,TRANSFER,2.52,C7603978731,9.87,7.35,C1664885408,2.62,5.14,0,0.15666666666666668,0
582,TRANSFER,7.22,C8211516617,16.31,9.09,C4473306055,264.06,271.28,0,0.07333333333333333,0
695,TRANSFER,1110.93,C1004665657,1261.72,150.79,C5774080233,111.74,111.74,1,0.10666666666666667,0
467,CASH_OUT,134752.15,C8684026200,158458.97,23706.82,C6720572969,212.73,212.73,0,0.01,0
545,TRANSFER,254.89,C9080621072,290.85,35.96,C9858643842,13793.69,13793.69,1,0.0033333333333333335,0
74,CASH_OUT,252.37,C4104309491,856.18,603.81,C7462972995,8.62,8.62,0,0.0033333333333333335,0
130,PAYMENT,83.57,C2602884797,129.63,46.06,M4908108692,0.0,0.0,0,0.0,0
442,TRANSFER,78514.54,C2670036982,103256.71,24742.17,C5694848867,4358.21,4358.21,1,0.03333333333333333,0
337,TRANSFER,101.75,C3147818256,168.65,66.9,C8497938394,298.27,400.02,0,0.0,0
647,PAYMENT,164.77,C6995554056,445.45,280.68,M4641902461,0.0,0.0,0,0.0,0
704,TRANSFER,1057.32,C7894019119,1005.2,0.0,M4306983924,0.0,0.0,1,0.38666666666666666,0
691,CASH_OUT,38946.59,C4538382315,138786.97,99840.38,C4062777850,8.55,8.55,0,0.01,0
408,TRANSFER,257.82,C2914590233,277.12,19.3,M1888107487,0.0,0.0,1,0.17666666666666667,0
543,TRANSFER,1.0,C1011759631,0.0,0.0,C4403845222,45.98,46.98,0,0.17,0
230,PAYMENT,51.81,C5736462531,72.38,20.57,M7532669066,0.0,0.0,0,0.0,0
486,TRANSFER,1740.95,C8033062794,2013.19,272.24,M4035639663,0.0,0.0,1,0.27666666666666667,0
632,PAYMENT,75.32,C5586143660,121.92,46.6,M3223687972,0.0,0.0,0,0.0,0
239,CASH_OUT,1.0,C6797436140,0.0,0.0,C6587537178,0.35,0.35,0,0.023333333333333334,0
628,PAYMENT,1.0,C4710967433,0.0,0.0,M6130446648,0.0,0.0,0,0.0,0
170,CASH_OUT,2101.77,C3074232200,2290.56,188.79,M8667946580,0.0,0.0,1,0.0,0
395,PAYMENT,2906.31,C2617999521,66808.15,63901.84,M3566125120,0.0,0.0,0,0.0,0
703,TRANSFER,3.94,C4880176825,5.1,1.16,C9303765140,8.28,12.22,0,0.15666666666666668,0
322,PAYMENT,297.26,C7638836058,343.54,46.28,M2586712032,0.0,0.0,0,0.0,0
311,CASH_OUT,3948.29,C6710338189,3373.98,0.0,C8178927766,1308.6,1308.6,1,0.03666666666666667,0
708,CASH_OUT,1717.91,C1245522987,2577.65,859.74,C4145461251,47.91,47.91,0,0.023333333333333334,0
92,TRANSFER,1.0,C9546021691,0.0,0.0,C9504724761,0.0,1.0,0,0.23333333333333334,0
223,TRANSFER,105.21,C5482431018,91.49,0.0,M1185303518,0.0,0.0,1,0.24,0
341,CASH_OUT,1.0,C2571688961,1.0,0.0,C2830154607,3.58,3.58,0,0.02666666666666667,0
129,PAYMENT,23.65,C6619138852,34.69,11.04,M6659847491,0.0,0.0,0,0.0,0
71,PAYMENT,6.67,C1158998032,18.33,11.66,M4456193555,0.0,0.0,0,0.0,0
237,CASH_OUT,978.16,C6566372886,1272.03,293.87,C6317152031,0.0,0.0,1,0.0033333333333333335,0
79,TRANSFER,1.0,C1993998848,0.0,0.0,C3074232200,188.79,189.79,0,0.05,0
272,PAYMENT,1.0,C1770278136,0.0,0.0,M5535650160,0.0,0.0,0,0.0,0
679,TRANSFER,183.36,C4882343658,366.67,183.31,C7154795660,0.0,183.36,0,0.06666666666666667,0
696,TRANSFER,77.83,C3343459102,81.59,3.76,C1870644102,0.0,77.83,1,0.18333333333333332,0
288,TRANSFER,147.64,C3962452613,270.41,122.77,C8588769565,143.86,291.5,0,0.0,0
478,PAYMENT,17.81,C3866755218,36.88,19.07,M8044997538,0.0,0.0,0,0.0,0
197,TRANSFER,1.0,C3376077463,0.0,0.0,C9369574998,0.0,1.0,0,0.23,0
643,CASH_OUT,15455.35,C7685540186,50407.24,34951.89,C3313993297,22.17,22.17,0,0.016666666666666666,0
430,CASH_OUT,1412.16,C2237386857,1997.99,585.83,C3975418439,0.0,0.0,1,0.04666666666666667,0
296,CASH_OUT,1841.21,C6633778586,6609.55,4768.34,C4231729466,5160.07,5160.07,0,0.0,0
32,TRANSFER,371.42,C4503614567,521.11,149.69,M6275155878,0.0,0.0,1,0.08333333333333333,0
114,CASH_OUT,1.0,C1242425303,0.0,0.0,C3196545325,0.0,0.0,0,0.0033333333333333335,0
132,CASH_OUT,11405.74,C8953726023,16747.28,5341.54,C8239941612,0.0,0.0,0,0.0,0
66,TRANSFER,9103.39,C1563524533,9191.77,88.38,M5194066484,0.0,0.0,1,0.45,0
284,TRANSFER,183.63,C8316205130,561.56,377.93,C1160913827,8.07,191.7,0,0.013333333333333334,0
250,CASH_OUT,1.0,C3214080278,0.63,0.0,C5634076661,0.0,0.0,0,0.02666666666666667,0
75,CASH_OUT,48.86,C3163970710,79.92,31.06,C9863781331,0.0,0.0,0,0.0033333333333333335,0
115,CASH_OUT,1137.36,C4422700486,1981.04,843.68,C5151086814,203916.97,203916.97,0,0.0,0
595,TRANSFER,310.23,C8418332121,345.53,35.3,M7664045502,0.0,0.0,1,0.17333333333333334,0
200,CASH_OUT,380.34,C4509456565,446.86,66.52,C2465576748,148.76,148.76,1,0.0,0
94,TRANSFER,45476.64,C7904559790,53697.16,8220.52,C3343292475,5765.89,51242.53,0,0.0,0
586,PAYMENT,5.07,C8275679594,24.28,19.21,M9576264323,0.0,0.0,0,0.0,0
497,PAYMENT,1.0,C8570333548,0.0,0.0,M1096405016,0.0,0.0,0,0.0,0
648,TRANSFER,1.0,C7894019119,0.0,0.0,C3400244542,20823.52,20824.52,0,0.0,0
598,CASH_OUT,1.0,C4277581356,0.0,0.0,C8852676046,0.0,0.0,0,0.06333333333333334,0
430,TRANSFER,2360.59,C3821211202,2231.08,0.0,M2518433834,0.0,0.0,1,0.8566666666666667,1
463,PAYMENT,2.21,C9451577335,8.44,6.23,M9026301048,0.0,0.0,0,0.0,0
364,TRANSFER,1.0,C8570333548,0.0,0.0,C1099541460,205.43,206.43,0,0.04666666666666667,0
600,CASH_OUT,375.14,C1124331395,521.98,146.84,C8086684009,0.0,0.0,0,0.03,0
300,TRANSFER,4429.68,C3951331472,4816.22,386.54,M1676220116,0.0,0.0,1,0.22333333333333333,0
405,CASH_OUT,3646.64,C2268006448,4310.2,663.56,M3476758136,0.0,0.0,1,0.01,0
436,CASH_OUT,207.49,C9123207735,198.62,0.0,C7635473142,3090.32,3090.32,1,0.07,0
164,CASH_OUT,1.0,C2756070122,1.0,0.0,C2464137110,44.77,44.77,0,0.0,0
81,TRANSFER,2032.49,C3149533961,2006.99,0.0,M8366710477,0.0,0.0,1,0.6,1
334,CASH_OUT,493.68,C8189916797,559.27,65.59,C2293434554,0.0,0.0,0,0.023333333333333334,0
9,TRANSFER,113.56,C5903457537,125.47,11.91,C8252816758,0.64,0.64,1,0.14,0
95,PAYMENT,1632.67,C1041531046,4085.45,2452.78,M9900829971,0.0,0.0,0,0.0,0
149,TRANSFER,23811.08,C5884080139,35673.25,11862.17,C7895255573,0.0,23811.08,0,0.0,0
656,TRANSFER,128.06,C2419931729,198.86,70.8,C1487258103,1986.94,2115.0,0,0.043333333333333335,0
246,PAYMENT,912.32,C1513003815,1382.88,470.56,M1692044390,0.0,0.0,0,0.0,0
620,PAYMENT,4060.48,C5294535887,137923.58,133863.1,M6525576685,0.0,0.0,0,0.0,0
398,TRANSFER,24.26,C1870644102,77.83,53.57,C7519578899,105.16,129.42,0,0.04,0
620,TRANSFER,1675.66,C8531118333,1664.23,0.0,C3698343112,5.67,1681.33,1,0.3,0
492,PAYMENT,159.74,C5578056564,571.45,411.71,M1458227039,0.0,0.0,0,0.0,0
182,DEBIT,2013.96,C1600406558,41154.05,39140.09,M1368287033,0.0,0.0,0,0.01,0
6,PAYMENT,1.14,C8703867299,2.11,0.97,M8667946580,0.0,0.0,0,0.0,0
709,CASH_OUT,215.3,C4655730355,971.12,755.82,C6155234610,4332.67,4332.67,0,0.013333333333333334,0
390,CASH_OUT,1831.03,C1939777262,1586.62,0.0,M1343875431,0.0,0.0,1,0.12666666666666668,0
575,TRANSFER,66.02,C5135595227,83.76,17.74,C2180484299,84.34,150.36,0,0.08666666666666667,0
281,PAYMENT,1.0,C3667292043,0.0,0.0,M6894024976,0.0,0.0,0,0.0,0
508,TRANSFER,23316.82,C3426665919,23356.38,39.56,C9752058817,0.0,0.0,1,0.5266666666666666,1
511,PAYMENT,2468.01,C7873709012,138155.03,135687.02,M6361225622,0.0,0.0,0,0.0,0
350,PAYMENT,14.37,C8997701619,18.37,4.0,M1357561213,0.0,0.0,0,0.0,0
14,PAYMENT,8.82,C9989642546,9.9,1.08,M7366396017,0.0,0.0,0,0.0,0
659,TRANSFER,5230.85,C3484872186,4492.86,0.0,C8478529823,626.6,626.6,1,0.43333333333333335,0
203,TRANSFER,1405.21,C1772303297,1299.77,0.0,C5010075517,58.31,58.31,1,0.24,0
296,PAYMENT,1.0,C3429019820,0.0,0.0,M8030400668,0.0,0.0,0,0.0,0
467,TRANSFER,428.32,C3169561289,470.54,42.22,M8861351706,0.0,0.0,1,0.16333333333333333,0
641,PAYMENT,1.0,C1643611097,2.46,1.46,M8821456242,0.0,0.0,0,0.0,0
81,CASH_OUT,16726.89,C2076151332,19737.78,3010.89,M8861351706,0.0,0.0,1,0.0,0
611,CASH_OUT,15.6,C2250949136,67.37,51.77,C7452729913,157861.92,157861.92,0,0.0033333333333333335,0
71,PAYMENT,681.21,C2941508568,1093.85,412.64,M5570190774,0.0,0.0,0,0.0,0
393,CASH_OUT,388.45,C3691864041,719.92,331.47,C1230249217,152.05,152.05,0,0.013333333333333334,0
435,DEBIT,57.97,C1110533960,87.44,29.47,M1466305100,0.0,0.0,0,0.03,0
33,TRANSFER,284.12,C9403748506,296.72,12.6,C2720484983,4203.17,4203.17,1,0.0,0
273,DEBIT,19104.71,C5130589741,75137.47,56032.76,M6247463262,0.0,0.0,0,0.006666666666666667,0
613,PAYMENT,1.0,C4239406957,0.0,0.0,M2604788242,0.0,0.0,0,0.0,0
648,PAYMENT,1.55,C1590838716,1.85,0.3,M2129491690,0.0,0.0,0,0.0,0
383,TRANSFER,1.0,C9912233947,0.0,0.0,C8084809436,19.15,20.15,0,0.16333333333333333,0
658,PAYMENT,10.6,C7488943393,47.63,37.03,M2121448210,0.0,0.0,0,0.0,0
188,TRANSFER,39184.76,C9807209816,178680.57,139495.81,C4500557310,0.0,39184.76,0,0.0,0
129,PAYMENT,833.83,C4492602049,1154.29,320.46,M4399143287,0.0,0.0,0,0.0,0
697,PAYMENT,48.47,C4207337120,120.08,71.61,M5585110649,0.0,0.0,0,0.0,0
560,PAYMENT,14.56,C9434946584,15.93,1.37,M3192202822,0.0,0.0,0,0.0,0
28,TRANSFER,160.61,C7004510516,154.7,0.0,M2155671697,0.0,0.0,1,0.22666666666666666,0
605,PAYMENT,1.0,C7633342225,0.0,0.0,M9098037639,0.0,0.0,0,0.0,0
88,CASH_OUT,175.33,C2183906581,423.37,248.04,C8083175325,0.0,0.0,0,0.0033333333333333335,0
671,PAYMENT,1.0,C2082326234,0.0,0.0,M4242579642,0.0,0.0,0,0.0,0
236,DEBIT,9946.89,C4531928910,24409.53,14462.64,M6495967005,0.0,0.0,0,0.016666666666666666,0
62,PAYMENT,1.29,C9909257076,2.04,0.75,M7948094928,0.0,0.0,0,0.0,0
243,PAYMENT,1.0,C3952295757,0.0,0.0,M8646369354,0.0,0.0,0,0.0,0
675,DEBIT,1.0,C4427620889,0.0,0.0,M7514017540,0.0,0.0,0,0.05,0
656,PAYMENT,1.0,C8503368512,0.0,0.0,M2586712032,0.0,0.0,0,0.0,0
82,CASH_OUT,84666.17,C4786674545,114525.48,29859.31,M4306983924,0.0,0.0,1,0.0,0
502,PAYMENT,1.0,C7872090713,0.0,0.0,M8667946580,0.0,0.0,0,0.0,0
553,CASH_OUT,162.19,C3271361431,184.88,22.69,M2885370603,0.0,0.0,1,0.04,0
502,PAYMENT,21.52,C5923940434,56.62,35.1,M1999913493,0.0,0.0,0,0.0,0
677,DEBIT,30.45,C2683446724,33.91,3.46,M8083396378,0.0,0.0,0,0.043333333333333335,0
16,PAYMENT,1.0,C1799718923,0.0,0.0,M8643636805,0.0,0.0,0,0.0,0
387,CASH_OUT,5116.54,C9376711497,4882.05,0.0,M3690714075,0.0,0.0,1,0.12333333333333334,0
62,CASH_OUT,1.0,C7568980185,0.0,0.0,C9630522755,0.0,0.0,0,0.0033333333333333335,0
670,TRANSFER,162.14,C7660157097,178.36,16.22,M4160161496,0.0,0.0,1,0.17,0
197,CASH_OUT,57.6,C8477300991,58.23,0.63,M6820149016,0.0,0.0,1,0.01,0
21,PAYMENT,39.51,C9147687657,965.23,925.72,M8727805468,0.0,0.0,0,0.0,0
307,TRANSFER,3404.81,C8106401208,3350.8,0.0,M6041646576,0.0,0.0,1,0.8033333333333333,1
170,CASH_OUT,47.34,C8719734235,134.83,87.49,C4508521152,1016.48,1016.48,0,0.006666666666666667,0
132,CASH_OUT,1.0,C7242730249,0.0,0.0,C3384006407,6711.44,6711.44,0,0.0,0
409,PAYMENT,10.47,C7376649850,24.5,14.03,M4908108692,0.0,0.0,0,0.0,0
45,CASH_OUT,62.01,C9592390865,65.85,3.84,C8468071953,0.0,0.0,0,0.006666666666666667,0
212,TRANSFER,1265.11,C6882074066,1738.1,472.99,M8626371177,0.0,0.0,1,0.13666666666666666,0
469,PAYMENT,9.26,C5187948804,27.66,18.4,M1694904767,0.0,0.0,0,0.0,0
636,PAYMENT,11.93,C6307626407,22.22,10.29,M7960713821,0.0,0.0,0,0.0,0
395,CASH_OUT,1529.24,C6923301988,1630.05,100.81,C4332894265,199.91,199.91,1,0.01,0
270,PAYMENT,22.75,C9165632300,26.08,3.33,M4554178984,0.0,0.0,0,0.0,0
685,CASH_OUT,2445.71,C4594787485,3360.15,914.44,C8588769565,291.5,291.5,1,0.013333333333333334,0
649,PAYMENT,1.0,C8650676663,0.11,0.0,M3476758136,0.0,0.0,0,0.0,0
520,CASH_OUT,510.46,C7227593033,696.84,186.38,M7512767226,0.0,0.0,1,0.03,0
334,PAYMENT,1010.2,C4683935600,3047.61,2037.41,M8643636805,0.0,0.0,0,0.0,0
475,TRANSFER,125.12,C7887950851,105.64,0.0,M5891831621,0.0,0.0,1,0.23333333333333334,0
353,TRANSFER,1.0,C9516893896,0.0,0.0,C4930438209,0.0,1.0,0,0.22,0
600,DEBIT,1.0,C4264134512,0.0,0.0,M6865994703,0.0,0.0,0,0.05,0
483,TRANSFER,1.0,C9526836552,0.0,0.0,C8982597239,345.05,346.05,0,0.10333333333333333,0
702,TRANSFER,1283.61,C9725528903,1296.34,12.73,C2962750929,0.0,1283.61,1,0.09333333333333334,0
524,TRANSFER,56.37,C2079501936,69.48,13.11,M9441870024,0.0,0.0,1,0.17666666666666667,0
41,CASH_IN,4662.98,C7483366056,0.0,4662.98,C2009317340,0.0,0.0,0,0.0,0
162,TRANSFER,3637.26,C1506211965,4802.83,1165.57,M8790289305,0.0,0.0,1,0.17,0
4,TRANSFER,1.0,C6065662867,0.0,0.0,C8761956684,566.7,567.7,0,0.023333333333333334,0
276,TRANSFER,142.74,C4172006012,148.28,5.54,C4482141802,0.0,0.0,1,0.16333333333333333,0
324,TRANSFER,294.64,C7127904756,327.73,33.09,C9623534576,430.22,430.22,1,0.0,0
36,CASH_OUT,274.87,C2227193073,757.16,482.29,C8382488970,0.0,0.0,0,0.0033333333333333335,0
316,TRANSFER,1.0,C3484872186,0.0,0.0,C4997866845,353.23,354.23,0,0.01,0
580,CASH_OUT,359.68,C8867077130,480.08,120.4,C6548442140,63499.03,63499.03,1,0.01,0
710,DEBIT,2658.82,C4486522557,4445.84,1787.02,M6101516825,0.0,0.0,0,0.03333333333333333,0
251,CASH_OUT,5469.78,C7483366056,4662.98,0.0,C6276339732,2.24,2.24,1,0.07333333333333333,0
53,CASH_OUT,2001.63,C8796286443,2804.34,802.71,M9026301048,0.0,0.0,1,0.0,0
700,TRANSFER,1.0,C9155819200,0.0,0.0,C4693510920,8447.47,8448.47,0,0.0,0
276,TRANSFER,3469.61,C7451071432,3043.67,0.0,C3806215682,36614.0,40083.61,1,0.006666666666666667,0
163,CASH_IN,27622.62,C7389111087,0.0,27622.62,C5328166990,0.0,0.0,0,0.0,0
240,CASH_OUT,2429.24,C9306142066,3026.45,597.21,C3653594796,0.0,0.0,1,0.0033333333333333335,0
27,TRANSFER,219.51,C6877052039,249.61,30.1,C9115282784,38.79,258.3,0,0.03,0
71,TRANSFER,83323.72,C6448324230,75295.94,0.0,M6200141898,0.0,0.0,1,0.87,1
495,CASH_OUT,192.51,C3693985578,512.59,320.08,C3946766309,9286.72,9286.72,0,0.013333333333333334,0
190,TRANSFER,779.84,C1033015788,796.75,16.91,C3377702111,469.19,469.19,1,0.016666666666666666,0
567,TRANSFER,131.7,C6720572969,212.73,81.03,C1005502537,24.42,156.12,0,0.08333333333333333,0
320,CASH_OUT,216.14,C6995554056,280.68,64.54,C1041531046,2452.78,2452.78,1,0.013333333333333334,0
702,CASH_OUT,678.54,C3214080278,610.48,0.0,C1041531046,2452.78,2452.78,1,0.07,0
373,CASH_OUT,821.17,C8503368512,987.65,166.48,C5227828349,75.9,75.9,1,0.006666666666666667,0
538,TRANSFER,52466.23,C2721355673,66227.23,13761.0,C6859286614,3.53,3.53,1,0.23333333333333334,0
614,PAYMENT,32.45,C6231117883,67.63,35.18,M6932365592,0.0,0.0,0,0.0,0
182,CASH_OUT,1.0,C5673482258,0.0,0.0,C6572436051,0.0,0.0,0,0.013333333333333334,0
549,TRANSFER,1887.51,C9771848610,2653.08,765.57,M9916475897,0.0,0.0,1,0.29333333333333333,0
575,PAYMENT,222.17,C5409514899,598.27,376.1,M6101516825,0.0,0.0,0,0.0,0
332,TRANSFER,77.61,C7183058541,73.32,0.0,M2249831874,0.0,0.0,1,0.23,0
7,CASH_OUT,14.32,C2390587865,26.26,11.94,C5376302686,3.24,3.24,0,0.0033333333333333335,0
690,PAYMENT,1.0,C8106401208,0.0,0.0,M6659847491,0.0,0.0,0,0.0,0
607,TRANSFER,2135.72,C5100282913,2219.53,83.81,M9043367776,0.0,0.0,1,0.48,0
451,DEBIT,51.27,C5943324387,291.88,240.61,M6045729129,0.0,0.0,0,0.02,0
625,CASH_OUT,85.67,C5071897791,124.37,38.7,C7539399243,2496.27,2496.27,0,0.023333333333333334,0
546,PAYMENT,4235.04,C7660813178,43729.18,39494.14,M2695447268,0.0,0.0,0,0.0,0
235,CASH_OUT,9649.59,C2721355673,13761.0,4111.41,C7904559790,8220.52,8220.52,0,0.0033333333333333335,0
611,TRANSFER,3973.86,C4106464319,3996.47,22.61,M7713758036,0.0,0.0,1,0.5366666666666666,1
581,CASH_OUT,2984.74,C8664882079,3963.66,978.92,C5647317872,0.0,0.0,1,0.02666666666666667,0
341,CASH_OUT,3473.08,C2293434554,3305.27,0.0,M8102481401,0.0,0.0,1,0.12666666666666668,0
578,PAYMENT,144.57,C8168204967,428.03,283.46,M5564953924,0.0,0.0,0,0.0,0
96,TRANSFER,7550.88,C1387652480,10344.97,2794.09,C9989642546,1.08,7551.96,1,0.0,0
677,PAYMENT,341.49,C4353689019,61252.63,60911.14,M1257854279,0.0,0.0,0,0.0033333333333333335,0
514,CASH_OUT,3791.76,C6562457052,4251.02,459.26,M3322580659,0.0,0.0,1,0.02666666666666667,0
394,TRANSFER,249.12,C3698305085,349.4,100.28,C9285415473,459.1,459.1,1,0.006666666666666667,0
80,CASH_OUT,218.81,C8033062794,272.24,53.43,C4440904834,874.5,874.5,0,0.01,0
8,CASH_OUT,39.33,C2540492440,132.43,93.1,C6588316233,30.33,30.33,0,0.006666666666666667,0
492,PAYMENT,24330.16,C3343292475,51242.53,26912.37,M1783432867,0.0,0.0,0,0.0,0
32,PAYMENT,1.0,C5750815980,0.0,0.0,M6130446648,0.0,0.0,0,0.0,0
156,PAYMENT,49.77,C3250402001,60.55,10.78,M9441870024,0.0,0.0,0,0.0,0
267,CASH_OUT,6151.47,C7904559790,8220.52,2069.05,C8791183272,152.5,152.5,0,0.0033333333333333335,0
646,CASH_OUT,2584.16,C5201221330,3059.34,475.18,M6011842297,0.0,0.0,1,0.023333333333333334,0
392,DEBIT,1.0,C1809283659,0.79,0.0,M2625035499,0.0,0.0,0,0.043333333333333335,0
523,TRANSFER,108.04,C3815235019,92.77,0.0,M1343875431,0.0,0.0,1,0.23333333333333334,0
152,CASH_OUT,4.38,C9078786223,11.14,6.76,C2254516608,35.35,35.35,0,0.0,0
296,PAYMENT,4532.92,C5283911723,17108.25,12575.33,M3297681898,0.0,0.0,0,0.0,0
619,PAYMENT,6783.93,C2635231601,87760.44,80976.51,M6763471833,0.0,0.0,0,0.0,0
494,CASH_OUT,325.99,C9248574674,1030.77,704.78,C4398953973,30086.74,30086.74,0,0.013333333333333334,0
389,CASH_OUT,23.26,C9067664957,56.59,33.33,C5271453859,6760.21,6760.21,0,0.0033333333333333335,0
308,CASH_IN,10529.78,C8758809005,1.5,10531.28,C3380064537,0.0,0.0,0,0.0,0
693,CASH_OUT,1.0,C3316277000,0.0,0.0,C6110646714,5.57,5.57,0,0.05,0
442,CASH_OUT,4895.78,C1561417687,4551.14,0.0,C1431494396,23.36,23.36,1,0.30333333333333334,0
85,TRANSFER,1023.49,C7590302909,921.54,0.0,M5694439775,0.0,0.0,1,0.33,0
54,CASH_OUT,620.46,C7839819230,519.49,0.0,M4456193555,0.0,0.0,1,0.10666666666666667,0
456,TRANSFER,1039.83,C8997701619,927.18,0.0,C1139082827,5.24,5.24,1,0.37,0
600,CASH_OUT,75.73,C4997866845,354.23,278.5,C6168291913,421.37,421.37,0,0.02,0
557,PAYMENT,1.0,C1422701550,0.0,0.0,M1096405016,0.0,0.0,0,0.0,0
419,CASH_OUT,197.13,C5943324387,240.61,43.48,C6392415228,1634.76,1634.76,1,0.04,0
582,PAYMENT,1119.8,C6392415228,1634.76,514.96,M5325865521,0.0,0.0,0,0.0,0
337,DEBIT,19.12,C6719736115,68.73,49.61,M5564953924,0.0,0.0,0,0.023333333333333334,0
373,TRANSFER,18.37,C8575707116,31.59,13.22,C8721631198,0.0,18.37,0,0.15666666666666668,0
687,CASH_OUT,4052.5,C6795522649,4062.03,9.53,M3145756342,0.0,0.0,1,0.06666666666666667,0
379,TRANSFER,28722.12,C1484230338,38897.15,10175.03,C1847275937,0.0,0.0,1,0.23333333333333334,0
33,PAYMENT,1.04,C6156843353,1.84,0.8,M2155671697,0.0,0.0,0,0.0,0
713,PAYMENT,9.65,C9147736635,44.13,34.48,M6558769264,0.0,0.0,0,0.0,0
697,PAYMENT,1.0,C2148679234,0.0,0.0,M3536590481,0.0,0.0,0,0.0,0
320,PAYMENT,35.29,C9533595495,50.23,14.94,M9896529524,0.0,0.0,0,0.0,0
388,TRANSFER,2491.69,C7004510516,3408.84,917.15,M2586712032,0.0,0.0,1,0.17333333333333334,0
184,CASH_OUT,1.0,C9432088993,0.0,0.0,C6496933442,0.0,0.0,0,0.013333333333333334,0
178,CASH_IN,108211.49,C3185089287,138290.9,246502.39,C6797174636,24.76,24.76,0,0.0,0
407,CASH_OUT,523.29,C3377702111,469.19,0.0,M8861351706,0.0,0.0,1,0.08666666666666667,0
707,PAYMENT,1.0,C8076527214,0.0,0.0,M3156792018,0.0,0.0,0,0.0033333333333333335,0
105,TRANSFER,1928.72,C8823677798,2394.85,466.13,C9388140708,254.46,2183.18,0,0.01,0
230,CASH_OUT,1656.36,C3846570058,2040.68,384.32,C7475684019,5.79,5.79,1,0.0,0
345,TRANSFER,99.14,C1613549255,109.49,10.35,M9523139706,0.0,0.0,1,0.15666666666666668,0
62,CASH_IN,63005.56,C5870891270,12657.56,75663.12,C7536876169,0.0,0.0,0,0.0,0
400,TRANSFER,12.14,C3313993297,22.17,10.03,C1422701550,0.0,12.14,0,0.15666666666666668,0
320,CASH_OUT,1429.37,C4683935600,2037.41,608.04,M6692705133,0.0,0.0,1,0.006666666666666667,0
316,CASH_OUT,609.99,C2293434554,654.0,44.01,M6866146362,0.0,0.0,1,0.016666666666666666,0
69,TRANSFER,554.0,C2067970820,470.52,0.0,M3660800029,0.0,0.0,1,0.24666666666666667,0
149,TRANSFER,1853.62,C8272725281,2106.92,253.3,M2695447268,0.0,0.0,1,0.13666666666666666,0
225,TRANSFER,1387.43,C8995045543,2778.64,1391.21,C8880184233,0.0,1387.43,0,0.0033333333333333335,0
155,CASH_OUT,461.41,C3799620568,2275.29,1813.88,C1664885408,5.14,5.14,0,0.006666666666666667,0
415,CASH_OUT,4.04,C2075413763,5.9,1.86,C1546696950,0.0,0.0,0,0.07666666666666666,0
36,CASH_OUT,4450.43,C6562434335,4893.43,443.0,M2328736852,0.0,0.0,1,0.0,0
672,TRANSFER,917.45,C9929101065,1236.44,318.99,C1361845490,0.0,0.0,1,0.15666666666666668,0
657,DEBIT,1.0,C6402580787,0.0,0.0,M6786043791,0.0,0.0,0,0.05333333333333334,0
572,TRANSFER,3.38,C2950049698,5.51,2.13,C3367665472,12.4,15.78,0,0.15333333333333332,0
86,TRANSFER,1849.45,C4643576871,2178.0,328.55,M6101516825,0.0,0.0,1,0.17333333333333334,0
668,CASH_OUT,1.0,C5899025962,0.0,0.0,C8926438617,0.0,0.0,0,0.056666666666666664,0
424,PAYMENT,13.47,C8923555411,27.6,14.13,M4399143287,0.0,0.0,0,0.0,0
618,CASH_OUT,1.0,C7666869046,0.0,0.0,C4361393222,45.1,45.1,0,0.05333333333333334,0
408,PAYMENT,10735.88,C1596471620,59730.58,48994.7,M5449848690,0.0,0.0,0,0.0,0
290,PAYMENT,1.22,C9986353481,4.18,2.96,M8861351706,0.0,0.0,0,0.0,0
351,PAYMENT,1.0,C4930438209,1.0,0.0,M6786043791,0.0,0.0,0,0.0,0
190,PAYMENT,1.0,C2191714875,0.0,0.0,M9625656293,0.0,0.0,0,0.0,0
708,TRANSFER,1190.88,C1439427140,1235.77,44.89,M8102481401,0.0,0.0,1,0.24333333333333335,0
540,TRANSFER,4760.17,C9963334018,4354.84,0.0,C3843139149,1.0,4761.17,1,0.36666666666666664,0
535,CASH_OUT,555.21,C3479708607,577.55,22.34,C6418365941,0.0,0.0,1,0.03333333333333333,0
187,PAYMENT,1.0,C7371573279,0.0,0.0,M7664045502,0.0,0.0,0,0.0,0
396,CASH_OUT,437.49,C6448001026,1549.57,1112.08,C3214080278,0.0,0.0,0,0.02,0
605,PAYMENT,1.0,C7534583219,0.0,0.0,M9068916300,0.0,0.0,0,0.0,0
547,CASH_OUT,2909.67,C3250402001,2968.99,59.32,M1908459040,0.0,0.0,1,0.05,0
15,CASH_OUT,1.33,C1149460439,2.47,1.14,C4413838650,25.88,25.88,0,0.0033333333333333335,0
458,TRANSFER,4013.13,C4765583254,3739.75,0.0,M8768773991,0.0,0.0,1,0.9,1
560,PAYMENT,776.91,C6515369278,26501.63,25724.72,M9098037639,0.0,0.0,0,0.0,0
171,CASH_OUT,1349.83,C7534583219,1619.44,269.61,M5067400473,0.0,0.0,1,0.0,0
71,CASH_OUT,171.57,C6038780151,179.05,7.48,C3796581976,262.08,262.08,1,0.01,0
140,PAYMENT,137.39,C2317723211,261.48,124.09,M3369412470,0.0,0.0,0,0.0,0
355,PAYMENT,352.04,C1439921366,387.52,35.48,M1666898313,0.0,0.0,0,0.0,0
422,TRANSFER,1.0,C8934927891,0.0,0.0,C9957813353,18713.45,18714.45,0,0.0033333333333333335,0
7,CASH_OUT,2170.04,C1590838716,2476.83,306.79,M1692044390,0.0,0.0,1,0.0,0
356,PAYMENT,13165.33,C5483308751,19383.36,6218.03,M3317856944,0.0,0.0,0,0.0,0
10,PAYMENT,36.82,C3250402001,59.32,22.5,M2228388623,0.0,0.0,0,0.0,0
674,PAYMENT,1.0,C1561417687,0.0,0.0,M9558906999,0.0,0.0,0,0.0,0
705,TRANSFER,11181.36,C2848792488,13965.51,2784.15,C5416031878,0.0,0.0,1,0.31666666666666665,0
481,PAYMENT,1.89,C2145921803,3.98,2.09,M7351460539,0.0,0.0,0,0.0,0
292,PAYMENT,14.02,C8674224347,23.67,9.65,M8869140487,0.0,0.0,0,0.0,0
485,TRANSFER,4362.77,C3591527330,4870.53,507.76,M6790024996,0.0,0.0,1,0.31666666666666665,0
51,CASH_OUT,37085.68,C6081137534,37799.87,714.19,C2416760621,1398.03,1398.03,1,0.0033333333333333335,0
538,PAYMENT,175.51,C1225052083,192.42,16.91,M6692705133,0.0,0.0,0,0.0,0
362,CASH_OUT,584.66,C1659663750,667.72,83.06,C6338036681,0.0,0.0,1,0.02,0
249,CASH_OUT,119.44,C1005502537,156.12,36.68,C6178804925,42495.27,42495.27,0,0.01,0
119,CASH_OUT,1.38,C1316756902,5.13,3.75,C1983297492,377.33,377.33,0,0.0,0
177,PAYMENT,4274.37,C1529290976,5138.44,864.07,M5585110649,0.0,0.0,0,0.0,0
428,CASH_OUT,172.13,C9263135031,203.13,31.0,M1368287033,0.0,0.0,1,0.04666666666666667,0
450,TRANSFER,28.5,C8854238082,79.2,50.7,C4473306055,271.28,299.78,0,0.06,0
439,PAYMENT,4.36,C9455610447,11.41,7.05,M5156392601,0.0,0.0,0,0.0,0
651,CASH_OUT,503.06,C9255898264,1075.14,572.08,C1772303297,0.0,0.0,0,0.03333333333333333,0
481,CASH_OUT,1.0,C6576395496,0.0,0.0,C6572436051,0.0,0.0,0,0.08666666666666667,0
177,CASH_OUT,578.91,C3574081104,824.08,245.17,M3580582653,0.0,0.0,1,0.0033333333333333335,0
385,PAYMENT,30.11,C7103588071,112.91,82.8,M5714658227,0.0,0.0,0,0.0,0
566,TRANSFER,2667.19,C1033015788,2373.85,0.0,M1888107487,0.0,0.0,1,0.9233333333333333,1
426,PAYMENT,1.0,C7568980185,0.0,0.0,M9900829971,0.0,0.0,0,0.0,0
123,TRANSFER,2111.19,C5982744929,2006.23,0.0,C9703905715,46.14,46.14,1,0.39666666666666667,0
651,PAYMENT,1.0,C8252045593,0.0,0.0,M7341757401,0.0,0.0,0,0.0,0
228,CASH_OUT,702.65,C5275521470,932.33,229.68,C2973888646,58.43,58.43,0,0.0033333333333333335,0
129,PAYMENT,4.5,C8987073217,8.25,3.75,M8144889126,0.0,0.0,0,0.0,0
596,CASH_OUT,12923.52,C8846861559,12760.77,0.0,C4239406957,0.0,0.0,1,0.19333333333333333,0
221,PAYMENT,1.0,C9987064419,0.0,0.0,M8874242713,0.0,0.0,0,0.0,0
423,CASH_OUT,7741.95,C4747699292,37316.26,29574.31,C7977267911,0.0,0.0,0,0.013333333333333334,0
468,DEBIT,11.53,C1112794026,13.29,1.76,M2910594463,0.0,0.0,0,0.04,0
96,DEBIT,19644.99,C9461708554,64622.6,44977.61,M5000316394,0.0,0.0,0,0.006666666666666667,0
132,CASH_OUT,11918.65,C4248149900,11676.33,0.0,C9894264595,28450.8,28450.8,1,0.06,0
161,PAYMENT,1.0,C3906611156,0.0,0.0,M5891831621,0.0,0.0,0,0.0,0
395,TRANSFER,1.0,C4600630513,0.0,0.0,C8758809005,10531.28,10532.28,0,0.0,0
679,TRANSFER,924.09,C1400330495,960.91,36.82,M5087280062,0.0,0.0,1,0.22333333333333333,0
19,CASH_OUT,970.25,C7671041685,840.99,0.0,M1257854279,0.0,0.0,1,0.06666666666666667,0
379,CASH_OUT,67.74,C5010075517,58.31,0.0,M6894024976,0.0,0.0,1,0.03333333333333333,0
688,CASH_OUT,3898.16,C7818568548,3342.08,0.0,M2910594463,0.0,0.0,1,0.21,0
237,CASH_OUT,46.45,C5759761714,57.93,11.48,C2789144223,0.0,0.0,1,0.0,0
532,TRANSFER,5240.18,C9272277508,4613.89,0.0,M4554178984,0.0,0.0,1,0.9433333333333334,1
254,TRANSFER,466.34,C8796286443,802.71,336.37,C2428156550,0.0,466.34,0,0.006666666666666667,0
516,CASH_OUT,4301.71,C9639245200,5556.0,1254.29,M6011842297,0.0,0.0,1,0.02666666666666667,0
216,CASH_OUT,2628.02,C7620473079,2745.64,117.62,C6562144159,0.0,0.0,1,0.0,0
545,PAYMENT,1004.08,C6299224734,17289.08,16285.0,M4522855590,0.0,0.0,0,0.0,0
94,PAYMENT,1.0,C6587537178,0.35,0.0,M3517195150,0.0,0.0,0,0.0,0
73,TRANSFER,17158.47,C3693916084,22317.16,5158.69,C7185179917,99.17,99.17,1,0.07666666666666666,0
374,TRANSFER,8289.31,C8243746556,11407.7,3118.39,C3367665472,15.78,8305.09,0,0.0,0
154,TRANSFER,2487.65,C7092693247,2492.42,4.77,M9410569618,0.0,0.0,1,0.4533333333333333,0
161,PAYMENT,1.0,C6320115677,0.0,0.0,M5585110649,0.0,0.0,0,0.0,0
147,TRANSFER,332.25,C6952291828,828.91,496.66,C4015479599,9.44,341.69,0,0.006666666666666667,0
317,PAYMENT,1.0,C4627032705,0.0,0.0,M3094407076,0.0,0.0,0,0.0,0
264,CASH_IN,102438.45,C9019515562,0.0,102438.45,C4682870880,99606.07,99606.07,0,0.0,0
604,TRANSFER,1477.41,C3874432021,2027.99,550.58,C7705605962,32.14,32.14,1,0.22,0
313,CASH_OUT,936.21,C1494287462,1023.02,86.81,M4211837506,0.0,0.0,1,0.01,0
78,CASH_OUT,899.7,C8691288568,762.13,0.0,M2249831874,0.0,0.0,1,0.07666666666666666,0
342,PAYMENT,393.55,C7402059279,1142.8,749.25,M9021793855,0.0,0.0,0,0.0,0
624,CASH_OUT,3448.35,C1340272119,4915.75,1467.4,C7628981661,0.0,0.0,1,0.02,0
363,CASH_OUT,1.0,C9471306442,1.0,0.0,C3424843951,6.14,6.14,0,0.023333333333333334,0
348,TRANSFER,3537.96,C3515167269,4017.63,479.67,C3880327491,48.73,48.73,1,0.13333333333333333,0
161,PAYMENT,1.0,C8940731272,0.0,0.0,M1857561275,0.0,0.0,0,0.0,0
450,TRANSFER,6872.65,C5666504394,6060.12,0.0,M9773795424,0.0,0.0,1,0.9033333333333333,1
645,PAYMENT,1.0,C7333678472,1.0,0.0,M8058679999,0.0,0.0,0,0.0,0
528,CASH_OUT,364.51,C2777816561,387.95,23.44,C3958590550,21985.33,21985.33,0,0.016666666666666666,0
469,PAYMENT,132.34,C4928783441,584.68,452.34,M6515490818,0.0,0.0,0,0.0,0
67,PAYMENT,1.0,C3598862507,0.21,0.0,M2115406331,0.0,0.0,0,0.0,0
521,PAYMENT,1.0,C7894019119,0.0,0.0,M6786043791,0.0,0.0,0,0.0,0
360,PAYMENT,189.19,C5307145891,244.14,54.95,M6846530109,0.0,0.0,0,0.0,0
272,PAYMENT,15745.38,C7575259637,54965.89,39220.51,M1888107487,0.0,0.0,0,0.0,0
482,TRANSFER,6787.8,C4693510920,8448.47,1660.67,M2571632270,0.0,0.0,1,0.3233333333333333,0
635,CASH_IN,5938.31,C7374810067,0.0,5938.31,C4633987776,8701.26,8701.26,0,0.0,0
577,CASH_OUT,1734.27,C9388140708,2183.18,448.91,C7242730249,0.0,0.0,1,0.02666666666666667,0
122,TRANSFER,119.86,C5759234471,152.33,32.47,C5150090143,95.61,95.61,1,0.03666666666666667,0
668,CASH_OUT,13.83,C9751963589,20.44,6.61,C3338877621,32.68,32.68,0,0.023333333333333334,0
138,TRANSFER,234.27,C7904559790,2069.05,1834.78,C9725528903,12.73,247.0,0,0.013333333333333334,0
421,CASH_OUT,33855.65,C1234359689,43350.16,9494.51,C3528924461,0.0,0.0,0,0.016666666666666666,0
479,DEBIT,1.0,C6562144159,0.0,0.0,M9576264323,0.0,0.0,0,0.05,0
415,PAYMENT,1.0,C9547119184,0.0,0.0,M3846182436,0.0,0.0,0,0.0,0
185,TRANSFER,4128.25,C7431813987,3797.52,0.0,C7292076361,3.36,3.36,1,0.7866666666666666,1
567,PAYMENT,18248.53,C6548442140,63499.03,45250.5,M4689605624,0.0,0.0,0,0.0,0
422,DEBIT,826.02,C4693510920,1660.67,834.65,M6200141898,0.0,0.0,0,0.02666666666666667,0
216,TRANSFER,235151.59,C1664847319,280616.17,45464.58,C8758809005,10532.28,10532.28,1,0.016666666666666666,0
642,PAYMENT,97.48,C7417183769,1720.43,1622.95,M4306983924,0.0,0.0,0,0.0,0
261,CASH_OUT,797.32,C9428056968,887.66,90.34,M9776500600,0.0,0.0,1,0.0033333333333333335,0
395,PAYMENT,17.72,C9218363978,81.41,63.69,M3508990774,0.0,0.0,0,0.0,0
311,PAYMENT,1.0,C1485574228,0.0,0.0,M4329446784,0.0,0.0,0,0.0,0
381,TRANSFER,10245.94,C5945359606,10203.41,0.0,C3614915281,1.0,1.0,1,0.7233333333333334,1
292,TRANSFER,250.36,C9597198563,941.8,691.44,C3660223333,51.62,301.98,0,0.006666666666666667,0
693,TRANSFER,586.82,C4776436931,693.81,106.99,C2982979741,434.34,434.34,1,0.06666666666666667,0
573,TRANSFER,96.81,C8322868827,200.69,103.88,C5578929439,26184.13,26280.94,0,0.0,0
609,TRANSFER,4592.13,C7374810067,5938.31,1346.18,M2604788242,0.0,0.0,1,0.32666666666666666,0
76,CASH_OUT,2303.24,C1005502537,2406.19,102.95,M8325043570,0.0,0.0,1,0.0033333333333333335,0
256,TRANSFER,28928.32,C7736142481,26428.02,0.0,M8083396378,0.0,0.0,1,0.8266666666666667,1
385,DEBIT,1.0,C3821211202,0.0,0.0,M7453081889,0.0,0.0,0,0.043333333333333335,0
551,TRANSFER,1892.34,C4564751926,2420.72,528.38,M8102481401,0.0,0.0,1,0.2966666666666667,0
648,PAYMENT,1.0,C3201397080,0.0,0.0,M5714658227,0.0,0.0,0,0.0,0
597,TRANSFER,8.59,C7079234115,10.64,2.05,C1678500147,102612.91,102621.5,0,0.0,0
110,PAYMENT,7.58,C2254516608,35.35,27.77,M2228388623,0.0,0.0,0,0.0,0
556,CASH_OUT,161.98,C8048810275,362.21,200.23,C6562144159,0.0,0.0,0,0.03,0
401,TRANSFER,1498.93,C7751356568,1384.03,0.0,M6732306182,0.0,0.0,1,0.3466666666666667,0
235,CASH_OUT,3354.4,C3429019820,4408.2,1053.8,M7366396017,0.0,0.0,1,0.0033333333333333335,0
405,PAYMENT,202.67,C2970753705,5758.1,5555.43,M2115862756,0.0,0.0,0,0.0,0
386,PAYMENT,1.0,C5419627962,1.0,0.0,M8778927211,0.0,0.0,0,0.0,0
220,TRANSFER,1.0,C8531118333,0.0,0.0,C2720484983,4203.17,4204.17,0,0.0,0
381,TRANSFER,1606.81,C9618334441,1389.7,0.0,C3587283948,46619.93,46619.93,1,0.006666666666666667,0
396,PAYMENT,9.57,C7114223633,12.48,2.91,M8144889126,0.0,0.0,0,0.0,0
246,PAYMENT,1.0,C7451071432,0.0,0.0,M4093474499,0.0,0.0,0,0.0,0
451,TRANSFER,13.95,C6329323383,18.97,5.02,C7590302909,0.0,13.95,0,0.16333333333333333,0
578,TRANSFER,2824.84,C5297902885,2559.81,0.0,C1572827654,0.0,2824.84,1,0.5,1
420,TRANSFER,3711.26,C6110943464,3892.28,181.02,M6732306182,0.0,0.0,1,0.30333333333333334,0
442,CASH_OUT,830.71,C1375899416,1145.52,314.81,C4256292393,112.61,112.61,0,0.056666666666666664,0
284,PAYMENT,6.69,C6929897032,261.32,254.63,M3705237613,0.0,0.0,0,0.0,0
555,DEBIT,223.28,C2071552532,302.59,79.31,M8063693463,0.0,0.0,0,0.02666666666666667,0
440,PAYMENT,62.18,C1004665657,150.79,88.61,M7050091525,0.0,0.0,0,0.0,0
32,PAYMENT,11221.66,C2633177480,13983.71,2762.05,M8667946580,0.0,0.0,0,0.0,0
538,CASH_OUT,3503.28,C6904897514,2994.31,0.0,C2176904638,219.9,219.9,1,0.15,0
534,TRANSFER,9.08,C3250402001,22.5,13.42,C6715705115,574.56,583.64,0,0.05333333333333334,0
538,CASH_OUT,3443.98,C1106456634,3610.21,166.23,C3614915281,1.0,1.0,1,0.03,0
625,CASH_OUT,65814.22,C1446457642,93711.82,27897.6,C7660157097,16.22,16.22,0,0.016666666666666666,0
630,PAYMENT,1.0,C8816681105,0.0,0.0,M7340036327,0.0,0.0,0,0.0,0
209,TRANSFER,3289.59,C4413838650,3313.47,23.88,M2243802345,0.0,0.0,1,0.47,0
72,PAYMENT,1.0,C4262396395,0.0,0.0,M6932365592,0.0,0.0,0,0.0,0
691,TRANSFER,5.95,C2407863065,12.15,6.2,C9461708554,44977.61,44983.56,0,0.0033333333333333335,0
52,CASH_OUT,20355.07,C2869999754,28456.23,8101.16,C1033015788,0.0,0.0,1,0.0,0
273,PAYMENT,8.85,C3893976444,28092.04,28083.19,M6247463262,0.0,0.0,0,0.0,0
701,TRANSFER,128.06,C3520417815,157.89,29.83,C5476654128,141.77,269.83,0,0.06666666666666667,0
374,PAYMENT,1.19,C9434946584,1.37,0.18,M1504729135,0.0,0.0,0,0.0,0
313,PAYMENT,3568.66,C1264739091,122754.15,119185.49,M2778069478,0.0,0.0,0,0.0,0
562,CASH_OUT,194.85,C5569295400,649.22,454.37,C9807209816,139495.81,139495.81,0,0.0,0
311,CASH_OUT,915.38,C3884642366,1063.21,147.83,M9441870024,0.0,0.0,1,0.006666666666666667,0
602,PAYMENT,121.81,C5455441991,237.06,115.25,M6820149016,0.0,0.0,0,0.0,0
304,TRANSFER,202.99,C9078786223,216.54,13.55,C8689593739,8922.39,9125.38,1,0.0,0
552,CASH_OUT,1837.78,C1569113257,2899.46,1061.68,C1857596764,458.37,458.37,0,0.013333333333333334,0
542,PAYMENT,1.0,C7420493866,0.0,0.0,M2391874847,0.0,0.0,0,0.0,0
509,CASH_OUT,1.0,C4586139213,0.0,0.0,C8106401208,0.0,0.0,0,0.06,0
709,TRANSFER,583.39,C2388450337,581.53,0.0,C2549748436,2.12,2.12,1,0.24333333333333335,0
276,CASH_OUT,1386.53,C3615507143,1235.57,0.0,C6924716023,2198.93,2198.93,1,0.0,0
195,PAYMENT,5.47,C3436297208,7.66,2.19,M6247463262,0.0,0.0,0,0.0,0
170,CASH_OUT,5541.3,C4710967433,4945.58,0.0,M7651029165,0.0,0.0,1,0.043333333333333335,0
172,PAYMENT,47.08,C6161147047,73.55,26.47,M6659847491,0.0,0.0,0,0.0,0
112,PAYMENT,2.22,C5855415646,5.57,3.35,M6786043791,0.0,0.0,0,0.0,0
549,CASH_IN,53654.99,C9123207735,0.0,53654.99,C8846861559,0.0,0.0,0,0.0,0
353,PAYMENT,1.0,C2349406919,0.88,0.0,M3580582653,0.0,0.0,0,0.0,0
268,PAYMENT,24249.65,C1067198189,58814.67,34565.02,M1442421654,0.0,0.0,0,0.0,0
239,CASH_OUT,29906.8,C4500557310,39184.76,9277.96,M2885370603,0.0,0.0,1,0.0,0
110,PAYMENT,1.0,C5612645121,0.0,0.0,M9620935604,0.0,0.0,0,0.0033333333333333335,0
498,PAYMENT,1.0,C9376711497,0.0,0.0,M6053489772,0.0,0.0,0,0.0,0
636,TRANSFER,2501.85,C4735313433,3471.91,970.06,C2111272861,7.93,7.93,1,0.23333333333333334,0
170,CASH_OUT,149.56,C6618965944,733.74,584.18,C6661014794,61.93,61.93,0,0.0033333333333333335,0
219,CASH_OUT,2545.48,C2320763135,2387.53,0.0,M8102481401,0.0,0.0,1,0.056666666666666664,0
439,PAYMENT,8243.46,C3400244542,20824.52,12581.06,M9255306810,0.0,0.0,0,0.0,0
611,PAYMENT,4.98,C9904586976,12.45,7.47,M9255306810,0.0,0.0,0,0.0,0
579,DEBIT,1.0,C1586412136,0.0,0.0,M6361225622,0.0,0.0,0,0.04666666666666667,0
171,PAYMENT,1.0,C9738752801,0.0,0.0,M5714658227,0.0,0.0,0,0.0,0
662,DEBIT,3.57,C9903351330,8.73,5.16,M2604788242,0.0,0.0,0,0.03,0
319,CASH_OUT,8.1,C4181102664,28.86,20.76,C8131923452,17.14,17.14,0,0.0033333333333333335,0
65,CASH_IN,37936.0,C2214741296,0.0,37936.0,C6153541642,48.79,48.79,0,0.0,0
365,PAYMENT,38.63,C3476426797,46.88,8.25,M4588312351,0.0,0.0,0,0.0,0
572,CASH_OUT,35217.34,C9259157845,43592.54,8375.2,M4306983924,0.0,0.0,1,0.013333333333333334,0
427,TRANSFER,1.0,C7471636437,0.0,0.0,C8453283834,18.14,19.14,0,0.17666666666666667,0
288,PAYMENT,2501.14,C4231729466,5160.07,2658.93,M9631695368,0.0,0.0,0,0.0,0
580,TRANSFER,194.0,C8203447752,275.17,81.17,M7969674420,0.0,0.0,1,0.17333333333333334,0
199,CASH_OUT,3721.31,C6963052185,3903.2,181.89,M6401844042,0.0,0.0,1,0.0,0
77,CASH_OUT,31.85,C6311894154,43.41,11.56,C1805492785,255.13,255.13,0,0.0,0
701,CASH_OUT,4286.3,C5072538783,3754.25,0.0,C2180484299,150.36,150.36,1,0.21666666666666667,0
714,TRANSFER,14611.69,C8487449580,21561.41,6949.72,C9078786223,13.55,14625.24,0,0.0033333333333333335,0
496,TRANSFER,2027.42,C3815235019,2357.64,330.22,M6786043791,0.0,0.0,1,0.31333333333333335,0
305,CASH_IN,15020.11,C6134840512,8.08,15028.19,C3426665919,39.56,39.56,0,0.0,0
203,DEBIT,67.1,C7508080884,99.07,31.97,M7192742877,0.0,0.0,0,0.02,0
290,TRANSFER,3170.76,C6887132821,4297.96,1127.2,M3660800029,0.0,0.0,1,0.21666666666666667,0
680,CASH_OUT,8.35,C7059591606,13.66,5.31,C9455610447,7.05,7.05,0,0.02666666666666667,0
475,CASH_OUT,7818.5,C8265834251,6546.88,0.0,M3107992942,0.0,0.0,1,0.2866666666666667,0
19,CASH_OUT,1.0,C2549748436,2.12,1.12,C8833399096,0.0,0.0,0,0.0033333333333333335,0
238,CASH_OUT,13826.24,C1067198189,34565.02,20738.78,C3746317213,1.03,1.03,0,0.0,0
715,PAYMENT,1.0,C3781569954,0.0,0.0,M9288057824,0.0,0.0,0,0.0,0
137,PAYMENT,230.91,C5283911723,12575.33,12344.42,M8235474949,0.0,0.0,0,0.0,0
379,CASH_IN,92355.08,C8517413631,0.0,92355.08,C4919706735,18.52,18.52,0,0.0,0
153,DEBIT,1.0,C7581349462,0.0,0.0,M8667946580,0.0,0.0,0,0.03,0
495,PAYMENT,463.76,C1541964762,666.46,202.7,M8548290298,0.0,0.0,0,0.0,0
693,TRANSFER,1.0,C4696689457,0.0,0.0,C4256292393,112.61,113.61,0,0.12,0
65,TRANSFER,9519.47,C6991473746,26067.34,16547.87,C1855256552,0.0,9519.47,0,0.0,0
343,TRANSFER,1405.58,C3426665919,1310.47,0.0,M8144352013,0.0,0.0,1,0.3566666666666667,0
618,DEBIT,531.17,C6448001026,1112.08,580.91,M1692044390,0.0,0.0,0,0.03,0
671,CASH_OUT,1.28,C5879617459,3.0,1.72,C4145461251,47.91,47.91,0,0.03,0
169,TRANSFER,3378.2,C3088517710,14004.25,10626.05,C3147818256,66.9,3445.1,0,0.0,0
634,PAYMENT,1.0,C6596578419,0.0,0.0,M6659847491,0.0,0.0,0,0.0,0
137,PAYMENT,101.15,C5455441991,115.25,14.1,M8903212516,0.0,0.0,0,0.0,0
255,PAYMENT,660.39,C8809871735,12699.32,12038.93,M2249831874,0.0,0.0,0,0.0,0
57,CASH_OUT,84293.53,C9098129449,105314.55,21021.02,C3655790301,12.13,12.13,1,0.0033333333333333335,0
226,TRANSFER,10.13,C3710566582,11.15,1.02,C5646751885,0.0,10.13,0,0.18666666666666668,0
639,PAYMENT,70.65,C8902114913,236.51,165.86,M9918338001,0.0,0.0,0,0.0,0
680,TRANSFER,79.84,C2660286914,71.49,0.0,M8790289305,0.0,0.0,1,0.23333333333333334,0
397,PAYMENT,78.89,C3260842187,108.09,29.2,M7050091525,0.0,0.0,0,0.0,0
539,PAYMENT,20.09,C2953462417,41.21,21.12,M4329446784,0.0,0.0,0,0.0,0
488,CASH_OUT,60149.01,C6470052645,72799.81,12650.8,C5025070544,38.97,38.97,1,0.016666666666666666,0
185,PAYMENT,334.79,C1674755608,456.81,122.02,M3438830691,0.0,0.0,0,0.0,0
602,DEBIT,19.37,C5728765136,53.31,33.94,M7512767226,0.0,0.0,0,0.02666666666666667,0
343,TRANSFER,487.02,C7648059419,479.82,0.0,M8389750357,0.0,0.0,1,0.25,0
233,DEBIT,19.53,C4660390742,23.26,3.73,M5959736235,0.0,0.0,0,0.02666666666666667,0
129,CASH_OUT,36.0,C4345526911,41.98,5.98,C3528924461,0.0,0.0,0,0.0033333333333333335,0
481,PAYMENT,1.0,C8380312396,1.0,0.0,M8138332494,0.0,0.0,0,0.0,0
609,TRANSFER,1000.51,C3434757387,1001.71,1.2,C8133593748,14.25,14.25,1,0.27666666666666667,0
83,PAYMENT,1.09,C3853978147,724.49,723.4,M2243802345,0.0,0.0,0,0.0,0
696,TRANSFER,81456.12,C4873807154,112123.18,30667.06,C9019515562,102438.45,183894.57,0,0.0,0
592,CASH_OUT,2539.72,C9432088993,2588.01,48.29,M8910440683,0.0,0.0,1,0.03666666666666667,0
54,CASH_IN,54044.98,C7823288650,479.26,54524.24,C3196545325,0.0,0.0,0,0.0,0
298,PAYMENT,1.0,C3598862507,0.0,0.0,M4160161496,0.0,0.0,0,0.0,0
294,PAYMENT,13.31,C2486744752,20.17,6.86,M5570190774,0.0,0.0,0,0.0,0
361,PAYMENT,1226.41,C3465740756,79166.08,77939.67,M9773795424,0.0,0.0,0,0.0,0
4,TRANSFER,3293.21,C1614685938,2935.62,0.0,M9640701016,0.0,0.0,1,0.7766666666666666,1
130,PAYMENT,1.0,C7699500243,0.0,0.0,M1908459040,0.0,0.0,0,0.0,0
141,CASH_OUT,1.0,C6596578419,0.0,0.0,C4143852021,4703.16,4703.16,0,0.0,0
486,CASH_OUT,22083.1,C1818112342,23427.21,1344.11,C4473306055,299.78,299.78,0,0.01,0
24,CASH_IN,40934.31,C2948728483,52.68,40986.99,C7226553010,96143.23,96143.23,0,0.0,0
657,CASH_OUT,78096.47,C2924568778,99262.6,21166.13,C2082326234,0.0,0.0,0,0.016666666666666666,0
18,CASH_OUT,3488.01,C5072538783,3693.85,205.84,M5990749811,0.0,0.0,1,0.0,0
411,CASH_OUT,59.34,C5759272717,95.3,35.96,C1194576436,3722.02,3722.02,0,0.02,0
211,PAYMENT,9.63,C2554039848,13.07,3.44,M4896576569,0.0,0.0,0,0.0,0
25,PAYMENT,1.0,C7406579219,0.0,0.0,M5919148165,0.0,0.0,0,0.0,0
446,PAYMENT,67.69,C2099184899,132.8,65.11,M9933702652,0.0,0.0,0,0.0,0
411,PAYMENT,5.17,C7487012742,12.34,7.17,M1811839103,0.0,0.0,0,0.0,0
263,CASH_OUT,27675.34,C7895255573,23811.08,0.0,C5724657556,0.0,0.0,1,0.03,0
266,TRANSFER,1.0,C9912233947,0.0,0.0,C2145921803,2.09,3.09,0,0.23,0
53,PAYMENT,4.13,C9868845806,4.6,0.47,M7366396017,0.0,0.0,0,0.0,0
55,TRANSFER,2771.82,C2479679716,11885.72,9113.9,C7767834064,0.0,2771.82,0,0.006666666666666667,0
218,PAYMENT,9486.47,C3587283948,46619.93,37133.46,M6846530109,0.0,0.0,0,0.0,0
1,PAYMENT,318.84,C7374810067,1346.18,1027.34,M3313346852,0.0,0.0,0,0.0,0
428,PAYMENT,1.0,C3725152347,0.0,0.0,M6515490818,0.0,0.0,0,0.0,0
355,PAYMENT,69.78,C1288765093,140.11,70.33,M8768773991,0.0,0.0,0,0.0,0
534,PAYMENT,171.73,C8394040015,358.16,186.43,M2869931869,0.0,0.0,0,0.0,0
559,PAYMENT,3.32,C7059591606,5.31,1.99,M7948094928,0.0,0.0,0,0.0,0
317,PAYMENT,69.65,C4095476665,27178.02,27108.37,M6771941776,0.0,0.0,0,0.0,0
22,CASH_OUT,2671.85,C6425814872,2406.42,0.0,M8874242713,0.0,0.0,1,0.03333333333333333,0
140,TRANSFER,2895.08,C4645120421,2600.12,0.0,M7341757401,0.0,0.0,1,0.8,1
211,PAYMENT,94.12,C4256292393,113.61,19.49,M5919148165,0.0,0.0,0,0.0,0
249,CASH_OUT,1734.84,C3115806625,1489.98,0.0,C4332894265,199.91,199.91,1,0.06,0
429,PAYMENT,916.71,C2578662692,1041.14,124.43,M3605446007,0.0,0.0,0,0.0,0
571,TRANSFER,10.11,C8133593748,14.25,4.14,C3305069227,0.0,10.11,0,0.18,0
605,TRANSFER,1805.33,C1446362270,2474.82,669.49,C3358880404,5.62,5.62,1,0.24333333333333335,0
425,PAYMENT,298.63,C9245348297,397.67,99.04,M4160161496,0.0,0.0,0,0.0,0
664,CASH_OUT,56.56,C3371357111,132.92,76.36,C3878201524,313.32,313.32,0,0.02,0
206,TRANSFER,11938.04,C3532855799,11734.25,0.0,M4329446784,0.0,0.0,1,0.8833333333333333,1
463,PAYMENT,1.0,C3931997465,1.0,0.0,M6401844042,0.0,0.0,0,0.0,0
462,CASH_OUT,2.01,C8527715219,2.19,0.18,C2041349374,148703.52,148703.52,0,0.0033333333333333335,0
650,TRANSFER,2019.14,C3304560537,2498.42,479.28,M1802753761,0.0,0.0,1,0.31,0
622,PAYMENT,1.0,C4550353803,0.0,0.0,M3636366799,0.0,0.0,0,0.0,0
639,CASH_OUT,3802.81,C6572436051,4228.47,425.66,M8910440683,0.0,0.0,1,0.02666666666666667,0
200,TRANSFER,1401.25,C6122110529,1509.11,107.86,C2017675569,0.0,0.0,1,0.20666666666666667,0
154,PAYMENT,1.0,C8318855178,0.0,0.0,M3469205576,0.0,0.0,0,0.0,0
234,PAYMENT,140.63,C8471762590,488.18,347.55,M9822499208,0.0,0.0,0,0.0,0
181,CASH_OUT,3509.12,C4605117440,3590.82,81.7,C3343292475,26912.37,26912.37,1,0.0,0
79,PAYMENT,16.6,C2293434554,44.01,27.41,M4588312351,0.0,0.0,0,0.0,0
286,CASH_OUT,1.0,C1749459431,0.0,0.0,C9343730920,1122.24,1122.24,0,0.016666666666666666,0
562,TRANSFER,2125.43,C2994056084,2822.76,697.33,M6045729129,0.0,0.0,1,0.2966666666666667,0
34,PAYMENT,239.15,C3188382776,693.43,454.28,M8366710477,0.0,0.0,0,0.0,0
112,TRANSFER,1.0,C6986770879,0.0,0.0,C7568980185,0.0,1.0,0,0.22666666666666666,0
367,PAYMENT,141.77,C9730449971,345.4,203.63,M3536590481,0.0,0.0,0,0.0,0
128,DEBIT,1.0,C5485387618,0.0,0.0,M3317856944,0.0,0.0,0,0.023333333333333334,0
235,CASH_OUT,485.8,C9851745648,467.2,0.0,M6866146362,0.0,0.0,1,0.06,0
259,PAYMENT,1.0,C4302709858,0.0,0.0,M2328736852,0.0,0.0,0,0.0,0
551,CASH_OUT,53.52,C4990452762,53.06,0.0,M3846182436,0.0,0.0,1,0.06,0
588,TRANSFER,1.0,C4706249669,0.0,0.0,C9611537583,93735.94,93736.94,0,0.0,0
599,CASH_OUT,13479.41,C3923823693,13358.24,0.0,M5891831621,0.0,0.0,1,0.2,0
141,CASH_OUT,1.0,C8110054933,0.0,0.0,C6923206003,8.22,8.22,0,0.0033333333333333335,0
113,PAYMENT,3.2,C9798613995,6.34,3.14,M3094407076,0.0,0.0,0,0.0,0
710,TRANSFER,1.0,C5612645121,0.0,0.0,C8505373158,118.74,119.74,0,0.11333333333333333,0
378,CASH_OUT,574.18,C4683935600,608.04,33.86,C2879792991,6.95,6.95,1,0.016666666666666666,0
48,CASH_OUT,55.16,C7045593274,76.89,21.73,C8387664437,0.0,0.0,0,0.0033333333333333335,0
116,TRANSFER,1.08,C1662976399,1.82,0.74,C4965395580,2100.12,2101.2,0,0.0033333333333333335,0
142,TRANSFER,103.35,C5951406973,233.09,129.74,C4586139213,0.0,103.35,0,0.08333333333333333,0
59,CASH_OUT,792.81,C1131267917,697.2,0.0,C1741134891,226.94,226.94,1,0.05333333333333334,0
207,TRANSFER,62.55,C5584288132,69.28,6.73,M8874242713,0.0,0.0,1,0.16666666666666666,0
72,PAYMENT,36.22,C7103588071,82.8,46.58,M4035639663,0.0,0.0,0,0.0,0
678,DEBIT,25.74,C2647489402,54.13,28.39,M8389750357,0.0,0.0,0,0.03,0
587,TRANSFER,23.8,C5428082088,56.65,32.85,C5689870435,139463.73,139487.53,0,0.0,0
352,PAYMENT,1.0,C8650676663,0.0,0.0,M6786043791,0.0,0.0,0,0.0,0
582,TRANSFER,304.52,C4130305126,330.11,25.59,M6498703287,0.0,0.0,1,0.17666666666666667,0
216,PAYMENT,732.87,C4853479481,4735.69,4002.82,M2303835765,0.0,0.0,0,0.0,0
622,PAYMENT,1.0,C7100408092,0.0,0.0,M3457877922,0.0,0.0,0,0.0,0
251,PAYMENT,13.52,C3020939193,17.6,4.08,M7750131975,0.0,0.0,0,0.0,0
450,TRANSFER,169577.6,C7452729913,157861.92,0.0,M3508990774,0.0,0.0,1,0.9833333333333333,1
323,PAYMENT,6.03,C1050899550,12.89,6.86,M4035639663,0.0,0.0,0,0.0,0
79,TRANSFER,597.26,C8083175325,839.08,241.82,C8134112721,652.97,1250.23,1,0.0033333333333333335,0
459,PAYMENT,1.0,C4277581356,0.0,0.0,M4242579642,0.0,0.0,0,0.0,0
679,CASH_IN,4709.5,C3328710672,0.0,4709.5,C3698343112,1681.33,1681.33,0,0.0,0
363,CASH_IN,35558.41,C1952396600,55.94,35614.35,C7648059419,0.0,0.0,0,0.0,0
173,TRANSFER,6197.53,C3744446292,14441.71,8244.18,C5162260671,0.0,6197.53,0,0.0,0
350,TRANSFER,2099.66,C2586568081,1821.26,0.0,C7808938880,103643.01,103643.01,1,0.006666666666666667,0
420,PAYMENT,939.99,C9798548049,6229.23,5289.24,M7717262223,0.0,0.0,0,0.0,0
591,DEBIT,10.55,C6027311960,48.18,37.63,M7437168216,0.0,0.0,0,0.02666666666666667,0
458,PAYMENT,1.0,C6587537178,0.0,0.0,M1666898313,0.0,0.0,0,0.0,0
85,PAYMENT,1.0,C8650676663,0.0,0.0,M5959736235,0.0,0.0,0,0.0,0
652,DEBIT,21928.65,C3792347639,87517.37,65588.72,M4908108692,0.0,0.0,0,0.02,0
56,CASH_IN,129044.87,C8570850267,108.46,129153.33,C7645527239,13.45,13.45,0,0.0,0
43,CASH_OUT,70.23,C6131005449,83.38,13.15,C1553753599,126.38,126.38,0,0.0033333333333333335,0
675,TRANSFER,3639.47,C8758809005,10532.28,6892.81,C4776677517,184.13,3823.6,0,0.016666666666666666,0
298,CASH_OUT,1845.17,C7420493866,1713.44,0.0,M1185303518,0.0,0.0,1,0.11,0
493,PAYMENT,1.0,C6171239466,0.0,0.0,M5985331805,0.0,0.0,0,0.0,0
91,PAYMENT,1.0,C3033747850,0.0,0.0,M2910594463,0.0,0.0,0,0.0,0
18,PAYMENT,773.94,C9343730920,1122.24,348.3,M6846530109,0.0,0.0,0,0.0,0
48,DEBIT,98.68,C5998623100,127.65,28.97,M5315720088,0.0,0.0,0,0.016666666666666666,0
239,TRANSFER,48416.76,C5130589741,56032.76,7616.0,M4865979921,0.0,0.0,1,0.22666666666666666,0
253,CASH_IN,125896.98,C6613888489,33297.82,159194.8,C5625980561,6789.9,6789.9,0,0.0,0
229,PAYMENT,124.02,C8316205130,377.93,253.91,M1343875431,0.0,0.0,0,0.0,0
115,CASH_OUT,153.46,C8953271391,131.42,0.0,C1667483244,400.75,400.75,1,0.016666666666666666,0
172,CASH_IN,77008.34,C4586139213,103.35,77111.69,C8025152555,25.76,25.76,0,0.0,0
615,TRANSFER,142814.27,C6640801643,149202.73,6388.46,C1940684569,0.0,0.0,1,0.33,0
390,PAYMENT,525.46,C5375461598,859.65,334.19,M7750131975,0.0,0.0,0,0.0,0
242,PAYMENT,2053.24,C3147818256,3445.1,1391.86,M2121448210,0.0,0.0,0,0.0,0
121,CASH_OUT,8.72,C6804850108,14.31,5.59,C7635473142,3090.32,3090.32,0,0.0,0
43,CASH_OUT,1.0,C4262396395,0.0,0.0,C4590711152,18.99,18.99,0,0.0,0
491,DEBIT,1125.85,C9953941533,1740.69,614.84,M2418407139,0.0,0.0,0,0.02666666666666667,0
676,DEBIT,1.0,C2382129132,0.0,0.0,M9581187661,0.0,0.0,0,0.05,0
687,TRANSFER,216.62,C1099541460,206.43,0.0,C5485387618,0.0,0.0,1,0.22666666666666666,0
12,PAYMENT,3098.08,C2479679716,9113.9,6015.82,M9523139706,0.0,0.0,0,0.0,0
44,PAYMENT,1.0,C7403028869,0.0,0.0,M7750131975,0.0,0.0,0,0.0,0
694,PAYMENT,144.18,C7499349987,277.32,133.14,M6606958660,0.0,0.0,0,0.0,0
376,TRANSFER,5052.83,C5952163720,4671.11,0.0,M5985331805,0.0,0.0,1,0.7266666666666667,1
685,TRANSFER,2879.38,C6879428703,4225.66,1346.28,C9526836552,0.0,2879.38,0,0.04666666666666667,0
373,CASH_OUT,441.04,C3108307952,447.2,6.16,M4242579642,0.0,0.0,1,0.03333333333333333,0
90,CASH_OUT,51701.54,C9461708554,44983.56,0.0,M3605446007,0.0,0.0,1,0.02666666666666667,0
156,CASH_OUT,2024.64,C2295574037,1940.89,0.0,C8350384902,0.0,0.0,1,0.04666666666666667,0
357,PAYMENT,1.0,C8281641403,0.0,0.0,M6894024976,0.0,0.0,0,0.0,0
456,TRANSFER,23502.62,C4398953973,30086.74,6584.12,C9661615016,30.61,23533.23,0,0.01,0
528,DEBIT,1.0,C2704657157,1.06,0.06,M9068916300,0.0,0.0,0,0.043333333333333335,0
343,TRANSFER,1.0,C2866092821,0.0,0.0,C3480920839,0.0,1.0,0,0.22,0
609,PAYMENT,1.0,C4636537575,0.0,0.0,M5087280062,0.0,0.0,0,0.0,0
189,PAYMENT,86.85,C5292015249,109.02,22.17,M5000316394,0.0,0.0,0,0.0,0
428,TRANSFER,914.14,C3878719791,986.63,72.49,M3192202822,0.0,0.0,1,0.20666666666666667,0
92,PAYMENT,1.46,C8372755146,2.27,0.81,M4460319291,0.0,0.0,0,0.0,0
491,PAYMENT,293.71,C1248786714,356.85,63.14,M2156184315,0.0,0.0,0,0.0,0
263,CASH_OUT,174.48,C4530959836,343.41,168.93,C7937993287,235.15,235.15,0,0.0033333333333333335,0
253,TRANSFER,1.0,C8940731272,0.0,0.0,C3088517710,10626.05,10627.05,0,0.0,0
493,CASH_OUT,1.49,C5879617459,1.72,0.23,C5461537013,1014.82,1014.82,0,0.04666666666666667,0
33,DEBIT,115.35,C3815235019,330.22,214.87,M6053489772,0.0,0.0,0,0.01,0
278,PAYMENT,2.56,C5759761714,11.48,8.92,M2418407139,0.0,0.0,0,0.0,0
567,CASH_OUT,42.93,C7838460497,69.0,26.07,C7915226263,46.38,46.38,0,0.03333333333333333,0
301,TRANSFER,4379.88,C3149533961,4916.89,537.01,M8058679999,0.0,0.0,1,0.22333333333333333,0
351,PAYMENT,84.81,C2149938334,264.46,179.65,M5087280062,0.0,0.0,0,0.0,0
349,PAYMENT,3.31,C2073755632,16.36,13.05,M9444143872,0.0,0.0,0,0.0,0
556,CASH_OUT,3926.02,C3319936135,3379.7,0.0,C7004510516,917.15,917.15,1,0.20333333333333334,0
325,PAYMENT,1.0,C3694860228,0.0,0.0,M5067400473,0.0,0.0,0,0.0,0
225,PAYMENT,1.0,C6618926823,0.0,0.0,M2136107759,0.0,0.0,0,0.0,0
328,PAYMENT,1.0,C6952554500,0.73,0.0,M7960713821,0.0,0.0,0,0.0,0
421,PAYMENT,28.56,C6443749394,43.52,14.96,M8276498637,0.0,0.0,0,0.0,0
549,CASH_OUT,437.18,C9255898264,572.08,134.9,M2555936898,0.0,0.0,1,0.03333333333333333,0
288,CASH_OUT,9004.02,C8547068234,9585.72,581.7,C1913706213,43.01,43.01,1,0.01,0
144,PAYMENT,20.7,C5536224717,52.32,31.62,M8964269909,0.0,0.0,0,0.0,0
378,CASH_OUT,77.11,C3777580509,97.77,20.66,M4665677395,0.0,0.0,1,0.013333333333333334,0
491,PAYMENT,1.0,C5646880148,0.0,0.0,M6845287382,0.0,0.0,0,0.0,0
690,PAYMENT,28.98,C9432088993,48.29,19.31,M9776500600,0.0,0.0,0,0.0,0
122,DEBIT,133.13,C6562457052,459.26,326.13,M3605446007,0.0,0.0,0,0.01,0
640,PAYMENT,2814.49,C2274350418,60543.82,57729.33,M1458227039,0.0,0.0,0,0.0,0
303,PAYMENT,14.53,C6583444930,30.63,16.1,M4329446784,0.0,0.0,0,0.0,0
238,TRANSFER,80.58,C8750840032,190.99,110.41,C3511301900,22921.78,23002.36,0,0.0,0
424,CASH_OUT,12.09,C6894808149,36.58,24.49,C8033062794,53.43,53.43,0,0.04,0
194,PAYMENT,159.01,C3074232200,189.79,30.78,M7960713821,0.0,0.0,0,0.0,0
234,CASH_OUT,1.0,C8906163641,0.0,0.0,C4538382315,99840.38,99840.38,0,0.0,0
68,TRANSFER,183.64,C2591414076,215.96,32.32,C7199283151,398.9,582.54,1,0.01,0
105,TRANSFER,405.1,C9744120054,468.86,63.76,C1131267917,0.0,405.1,0,0.02666666666666667,0
384,TRANSFER,7.34,C9305502799,17.43,10.09,C4427620889,0.0,7.34,0,0.15666666666666668,0
307,TRANSFER,2856.47,C6099808894,2872.07,15.6,M4306983924,0.0,0.0,1,0.47,0
258,PAYMENT,33.23,C5829062179,155.64,122.41,M6820149016,0.0,0.0,0,0.0,0
99,TRANSFER,4.35,C8313706299,10.35,6.0,C4067919621,90069.9,90074.25,0,0.0,0
136,PAYMENT,30.95,C5212581851,103.47,72.52,M5535650160,0.0,0.0,0,0.0,0
520,CASH_OUT,111.22,C4577406847,125.82,14.6,M7351460539,0.0,0.0,1,0.04,0
23,PAYMENT,1.0,C3376077463,0.0,0.0,M2136107759,0.0,0.0,0,0.0,0
560,PAYMENT,210.49,C5129478722,259.84,49.35,M6199197408,0.0,0.0,0,0.0,0
123,PAYMENT,1808.26,C8199372599,22677.3,20869.04,M8874242713,0.0,0.0,0,0.0,0
5,CASH_OUT,3645.31,C3316787198,4851.52,1206.21,C8372755146,0.81,0.81,1,0.02,0
594,TRANSFER,560.1,C3075362821,606.46,46.36,C5694806361,636.8,636.8,1,0.05333333333333334,0
437,TRANSFER,322.19,C1311570307,303.74,0.0,C2591589823,3855.19,3855.19,1,0.05,0
300,TRANSFER,3648.32,C4262396395,3362.26,0.0,M6692705133,0.0,0.0,1,0.8,1
256,PAYMENT,1.21,C6075963527,1.85,0.64,M3605446007,0.0,0.0,0,0.0,0
434,TRANSFER,105.06,C8115628227,98.65,0.0,M6786043791,0.0,0.0,1,0.23,0
331,TRANSFER,197.22,C8982597239,346.05,148.83,C4110258855,36.41,233.63,0,0.03,0
141,TRANSFER,49182.12,C2613385303,132715.83,83533.71,C7015992643,1516.45,50698.57,0,0.0,0
444,TRANSFER,847.09,C2537965898,845.96,0.0,M3208200227,0.0,0.0,1,0.4,0
276,TRANSFER,2003.06,C9080621072,2545.7,542.64,C4152835101,76.7,2079.76,1,0.006666666666666667,0
290,TRANSFER,107.32,C2566942273,96.51,0.0,M7168105904,0.0,0.0,1,0.23666666666666666,0
402,TRANSFER,1.0,C9376711497,0.0,0.0,C6009268066,89.52,90.52,0,0.1,0
516,CASH_OUT,28756.75,C7660813178,39494.14,10737.39,M6284297249,0.0,0.0,1,0.013333333333333334,0
15,CASH_OUT,70.51,C3776011793,75.95,5.44,M3636366799,0.0,0.0,1,0.01,0
78,CASH_OUT,5.98,C8624454880,7.62,1.64,C7022683808,627.54,627.54,0,0.0033333333333333335,0
606,TRANSFER,2139.45,C3201397080,1811.86,0.0,M3019265031,0.0,0.0,1,0.6366666666666667,1
440,CASH_OUT,1.0,C6959501845,0.0,0.0,C5129478722,49.35,49.35,0,0.08333333333333333,0
411,CASH_OUT,39.34,C9703905715,46.14,6.8,C4641561499,11.57,11.57,0,0.04666666666666667,0
628,PAYMENT,41.59,C5269728610,45.53,3.94,M2869931869,0.0,0.0,0,0.0,0
57,PAYMENT,1.0,C8106401208,0.0,0.0,M8218146534,0.0,0.0,0,0.0,0
430,TRANSFER,71.51,C6923301988,100.81,29.3,C1805492785,255.13,255.13,1,0.05333333333333334,0
573,TRANSFER,1.0,C8303853049,0.0,0.0,C1083651970,302.28,303.28,0,0.10333333333333333,0
456,PAYMENT,109.75,C4506639908,172.06,62.31,M3223687972,0.0,0.0,0,0.0,0
567,TRANSFER,5640.4,C7882206934,4899.66,0.0,C6756332150,124784.67,124784.67,1,0.01,0
176,TRANSFER,6.58,C6089026099,8.27,1.69,C3383331379,0.0,6.58,0,0.17333333333333334,0
167,DEBIT,153.84,C9189503254,184.52,30.68,M4158643786,0.0,0.0,0,0.016666666666666666,0
595,PAYMENT,42.54,C3975704877,57.36,14.82,M9441870024,0.0,0.0,0,0.0,0
642,TRANSFER,2585.19,C9805620900,3073.99,488.8,C1110533960,29.47,2614.66,1,0.05,0
294,TRANSFER,4.14,C5646751885,10.13,5.99,C2789144223,0.0,4.14,0,0.15666666666666668,0
543,CASH_OUT,3540.96,C5724657556,4509.73,968.77,M9026301048,0.0,0.0,1,0.02666666666666667,0
287,CASH_OUT,1.0,C8303853049,0.0,0.0,C7340428136,78.35,78.35,0,0.013333333333333334,0
108,PAYMENT,1.0,C9660523876,0.0,0.0,M6744039057,0.0,0.0,0,0.0033333333333333335,0
638,DEBIT,11.02,C5943324387,43.48,32.46,M4588312351,0.0,0.0,0,0.03,0
278,TRANSFER,124.46,C5523703900,186.54,62.08,C8203447752,81.17,205.63,0,0.03,0
635,CASH_OUT,1421.99,C5077921573,5038.92,3616.93,C9645619869,0.0,0.0,0,0.023333333333333334,0
685,PAYMENT,10204.06,C4490722186,25718.56,15514.5,M9625656293,0.0,0.0,0,0.0,0
363,DEBIT,212.1,C3951331472,386.54,174.44,M5937271321,0.0,0.0,0,0.016666666666666666,0
524,PAYMENT,9379.98,C6470052645,12650.8,3270.82,M8869140487,0.0,0.0,0,0.0,0
313,CASH_OUT,16.78,C8316648259,19.38,2.6,C3291226621,3403.93,3403.93,0,0.01,0
465,TRANSFER,109.46,C8429141456,91.76,0.0,C4471642620,453.37,453.37,1,0.09666666666666666,0
11,PAYMENT,5.81,C1417436465,9.24,3.43,M5585110649,0.0,0.0,0,0.0,0
542,TRANSFER,3226.6,C8584566722,4267.04,1040.44,C6877052039,30.1,3256.7,0,0.03666666666666667,0
529,CASH_OUT,368.67,C4564751926,528.38,159.71,C2445662585,0.0,0.0,0,0.03,0
545,PAYMENT,393.21,C1471997674,622.09,228.88,M5325865521,0.0,0.0,0,0.0,0
355,TRANSFER,1434.0,C5751366455,1375.8,0.0,M3476758136,0.0,0.0,1,0.3566666666666667,0
506,PAYMENT,1800.46,C3144490990,1803.38,2.92,M3119908041,0.0,0.0,0,0.0,0
200,TRANSFER,398.18,C7568980185,546.4,148.22,C9337145038,148.78,148.78,1,0.02,0
664,TRANSFER,411.62,C7022683808,627.54,215.92,C1644608746,40.56,452.18,0,0.04666666666666667,0
146,TRANSFER,85.7,C5175416378,291.78,206.08,C9274189261,601.03,686.73,0,0.0033333333333333335,0
651,CASH_OUT,21.0,C1421776124,33.24,12.24,C3109688769,5.87,5.87,0,0.023333333333333334,0
363,CASH_IN,5993.99,C3841827734,1128.96,7122.95,C2148679234,0.0,0.0,0,0.0,0
199,PAYMENT,15747.04,C7226553010,96143.23,80396.19,M7453081889,0.0,0.0,0,0.0,0
182,TRANSFER,41071.67,C3420721027,42861.01,1789.34,M5087280062,0.0,0.0,1,0.25,0
246,TRANSFER,2676.68,C7635473142,3090.32,413.64,M7678293431,0.0,0.0,1,0.17666666666666667,0
151,TRANSFER,3550.02,C8418332121,3604.41,54.39,C1225953184,0.0,0.0,1,0.43,0
227,CASH_OUT,234.74,C5476654128,269.83,35.09,M5794335854,0.0,0.0,1,0.0033333333333333335,0
589,PAYMENT,490.5,C8995045543,1391.21,900.71,M1802753761,0.0,0.0,0,0.0,0
401,PAYMENT,845.67,C2416760621,1398.03,552.36,M1732578761,0.0,0.0,0,0.0,0
556,DEBIT,12.66,C3777580509,20.66,8.0,M3605446007,0.0,0.0,0,0.03,0
388,PAYMENT,160.17,C2149938334,179.65,19.48,M6820149016,0.0,0.0,0,0.0,0
602,TRANSFER,1.08,C2950049698,2.13,1.05,C5082603360,161.98,163.06,0,0.09666666666666666,0
75,PAYMENT,28.89,C5943324387,32.46,3.57,M7192742877,0.0,0.0,0,0.0,0
680,PAYMENT,3.02,C8575707116,13.22,10.2,M4689605624,0.0,0.0,0,0.0,0
534,CASH_OUT,3837.63,C6000952470,5568.16,1730.53,C6726515966,45.16,45.16,0,0.02,0
170,TRANSFER,163.41,C9544423456,216.88,53.47,M7514017540,0.0,0.0,1,0.15333333333333332,0
116,PAYMENT,4658.73,C5483308751,6218.03,1559.3,M1802753761,0.0,0.0,0,0.0,0
461,TRANSFER,310.07,C4242550727,324.36,14.29,M2625035499,0.0,0.0,1,0.16666666666666666,0
466,TRANSFER,2930.59,C4660390742,2831.92,0.0,C1364994639,0.0,0.0,1,0.9033333333333333,1
630,TRANSFER,1.0,C8926438617,0.0,0.0,C1722124509,18.89,19.89,0,0.20333333333333334,0
1,CASH_IN,181.57,C1674755608,122.02,303.59,C3316277000,0.0,0.0,0,0.006666666666666667,0
544,CASH_OUT,32663.96,C7598745558,33906.22,1242.26,C7100408092,0.0,0.0,1,0.013333333333333334,0
45,TRANSFER,1130.91,C4482141802,1023.6,0.0,C4524233168,527.16,1658.07,1,0.043333333333333335,0
363,TRANSFER,2186.74,C5067116918,2708.13,521.39,M9098037639,0.0,0.0,1,0.19333333333333333,0
19,PAYMENT,14174.5,C6471691689,36709.51,22535.01,M6846530109,0.0,0.0,0,0.0,0
460,CASH_OUT,2829.76,C3799264931,3617.1,787.34,C3667740351,901.94,901.94,1,0.04666666666666667,0
459,TRANSFER,1463.57,C9470922075,1497.76,34.19,C6792661894,0.0,0.0,1,0.25333333333333335,0
353,TRANSFER,405.07,C6557907251,512.79,107.72,M9441870024,0.0,0.0,1,0.15333333333333332,0
534,CASH_OUT,161.17,C8168036130,379.24,218.07,C6711463258,0.0,0.0,0,0.03,0
198,PAYMENT,1.0,C3849232839,0.0,0.0,M4122901114,0.0,0.0,0,0.0,0
587,CASH_OUT,1202.9,C9433570024,1554.08,351.18,M2243802345,0.0,0.0,1,0.02666666666666667,0
233,TRANSFER,11233.68,C6272000062,31246.85,20013.17,C5151887478,107.3,11340.98,0,0.0,0
481,TRANSFER,361.66,C9805620900,488.8,127.14,C8272725281,253.3,614.96,0,0.03666666666666667,0
509,PAYMENT,9.53,C7838460497,26.07,16.54,M1306420495,0.0,0.0,0,0.0,0
73,TRANSFER,560.71,C2825989011,576.0,15.29,M5449848690,0.0,0.0,1,0.18666666666666668,0
158,PAYMENT,1.0,C7818568548,0.0,0.0,M9625656293,0.0,0.0,0,0.0,0
59,TRANSFER,1000.34,C2067970820,1185.5,185.16,M6846530109,0.0,0.0,1,0.10333333333333333,0
275,TRANSFER,132.77,C5951406973,129.74,0.0,M8030400668,0.0,0.0,1,0.24,0
502,TRANSFER,296.03,C2789144223,313.8,17.77,C6844582171,19.32,19.32,1,0.13666666666666666,0
650,PAYMENT,1.0,C7736142481,0.0,0.0,M8790289305,0.0,0.0,0,0.0,0
245,TRANSFER,15.93,C6201313620,52.46,36.53,C8934097788,2913.44,2929.37,0,0.0,0
656,PAYMENT,11764.67,C8809871735,12038.93,274.26,M8138332494,0.0,0.0,0,0.0,0
410,TRANSFER,20304.63,C4097887746,22708.64,2404.01,M2328736852,0.0,0.0,1,0.28,0
46,PAYMENT,332.54,C5694806361,636.8,304.26,M3517195150,0.0,0.0,0,0.0,0
237,CASH_IN,32434.92,C3362646960,0.0,32434.92,C9432088993,19.31,19.31,0,0.0,0
510,PAYMENT,1.68,C2111272861,7.93,6.25,M7514017540,0.0,0.0,0,0.0,0
218,TRANSFER,673.43,C3693916084,5158.69,4485.26,C5952163720,0.0,673.43,0,0.0,0
503,CASH_OUT,1.0,C6623360831,0.0,0.0,C8923555411,14.13,14.13,0,0.05333333333333334,0
480,CASH_OUT,4425.12,C5064162365,4237.0,0.0,M7532669066,0.0,0.0,1,0.39,0
336,TRANSFER,76.7,C3987248494,254.51,177.81,C6065662867,0.0,76.7,0,0.08666666666666667,0
609,TRANSFER,801.42,C8377088167,689.76,0.0,C7393195616,0.61,0.61,1,0.26666666666666666,0
436,PAYMENT,346.25,C6974875750,97766.75,97420.5,M4329446784,0.0,0.0,0,0.0,0
708,CASH_OUT,1.0,C8796293088,0.0,0.0,C2247484671,0.0,0.0,0,0.06,0
302,CASH_OUT,29.56,C7665963761,99.09,69.53,C8394040015,186.43,186.43,0,0.0033333333333333335,0
234,PAYMENT,36.52,C6557907251,107.72,71.2,M4122901114,0.0,0.0,0,0.0,0
178,PAYMENT,105.62,C6214917780,158.11,52.49,M3355504998,0.0,0.0,0,0.0,0
454,PAYMENT,159.79,C8796286443,336.37,176.58,M5325865521,0.0,0.0,0,0.0,0
435,TRANSFER,2672.52,C6201313620,2304.47,0.0,M4689605624,0.0,0.0,1,0.8666666666666667,1
235,TRANSFER,1350.47,C9633533290,1243.08,0.0,M6045729129,0.0,0.0,1,0.36333333333333334,0
73,CASH_OUT,9.89,C1422701550,12.14,2.25,C5578929439,26280.94,26280.94,0,0.0033333333333333335,0
360,PAYMENT,12.35,C3003484425,55.16,42.81,M9933702652,0.0,0.0,0,0.0,0
230,PAYMENT,2444.22,C4046558332,3606.85,1162.63,M5815678365,0.0,0.0,0,0.0,0
34,CASH_OUT,1.0,C2846465000,1.06,0.06,C4353689019,60911.14,60911.14,0,0.0,0
377,PAYMENT,1333.91,C5199176431,2087.66,753.75,M6199197408,0.0,0.0,0,0.0,0
580,CASH_OUT,57194.47,C2274350418,57729.33,534.86,M3457877922,0.0,0.0,1,0.02,0
211,CASH_OUT,9333.8,C6645808194,8691.2,0.0,M2711123163,0.0,0.0,1,0.08333333333333333,0
622,TRANSFER,1264.93,C4302632494,1100.35,0.0,C2351531223,0.0,0.0,1,0.4533333333333333,0
662,TRANSFER,6.88,C3197757742,15.39,8.51,C5150090143,95.61,102.49,0,0.08333333333333333,0
711,CASH_OUT,1.0,C3598862507,0.0,0.0,C9303285822,0.0,0.0,0,0.05333333333333334,0
589,TRANSFER,1.0,C2191714875,0.0,0.0,C1205082311,123.86,124.86,0,0.13333333333333333,0
584,PAYMENT,1.0,C2846465000,0.06,0.0,M6894024976,0.0,0.0,0,0.0,0
206,CASH_OUT,286.69,C5334769475,276.74,0.0,C9454207717,19.93,19.93,1,0.016666666666666666,0
182,CASH_OUT,198.1,C3163970710,256.6,58.5,M2228388623,0.0,0.0,1,0.0,0
80,CASH_IN,28713.8,C5536224717,31.62,28745.42,C2591589823,3855.19,3855.19,0,0.0,0
687,TRANSFER,929.16,C7603978731,1220.7,291.54,M6845287382,0.0,0.0,1,0.16,0
649,TRANSFER,78.71,C5748253283,196.58,117.87,C6246716604,2258.12,2336.83,0,0.023333333333333334,0
23,CASH_OUT,2.71,C6131005449,13.15,10.44,C6110646714,5.57,5.57,0,0.0,0
527,PAYMENT,9.72,C5025070544,38.97,29.25,M7717262223,0.0,0.0,0,0.0,0
710,TRANSFER,2362.57,C4907446848,2395.74,33.17,M6692705133,0.0,0.0,1,0.48,0
556,TRANSFER,1.3,C1422701550,2.25,0.95,C2071552532,79.31,80.61,0,0.14666666666666667,0
593,PAYMENT,1.89,C2224363672,2.5,0.61,M7570511906,0.0,0.0,0,0.0,0
496,CASH_OUT,1.0,C1707196784,0.0,0.0,C2148679234,0.0,0.0,0,0.06,0
88,PAYMENT,205.49,C7965608188,229.21,23.72,M1857561275,0.0,0.0,0,0.0,0
709,PAYMENT,3648.69,C6974875750,97420.5,93771.81,M6820149016,0.0,0.0,0,0.0,0
550,PAYMENT,1.0,C3532855799,0.0,0.0,M2243802345,0.0,0.0,0,0.0,0
242,TRANSFER,1.0,C7471636437,0.0,0.0,C6952554500,0.0,1.0,0,0.23,0
562,PAYMENT,7.9,C6415031531,30.14,22.24,M6866146362,0.0,0.0,0,0.0,0
554,TRANSFER,105413.37,C1378134712,124527.07,19113.7,C6557907251,71.2,105484.57,0,0.0,0
281,PAYMENT,28.06,C4748302739,100.39,72.33,M7340036327,0.0,0.0,0,0.0,0
393,CASH_OUT,68.19,C2818381356,235.32,167.13,C7573691558,108.47,108.47,0,0.0033333333333333335,0
81,TRANSFER,850.21,C2825989011,1133.93,283.72,M5985331805,0.0,0.0,1,0.10333333333333333,0
699,CASH_OUT,125070.61,C9807209816,139495.81,14425.2,C6986770879,0.0,0.0,1,0.016666666666666666,0
265,TRANSFER,1.35,C5855415646,3.35,2.0,C6756332150,124784.67,124786.02,0,0.0,0
593,CASH_OUT,204.65,C3796581976,262.08,57.43,M5194066484,0.0,0.0,1,0.03666666666666667,0
621,CASH_OUT,21.4,C9263135031,31.0,9.6,C8325222092,242.16,242.16,0,0.02666666666666667,0
663,TRANSFER,133.24,C9830946410,162.89,29.65,C6623360831,0.0,133.24,0,0.12333333333333334,0
10,PAYMENT,62.02,C8532327465,100.23,38.21,M5990749811,0.0,0.0,0,0.0,0
2,TRANSFER,112275.51,C1233079614,146470.57,34195.06,M1504729135,0.0,0.0,1,0.13666666666666666,0
702,TRANSFER,11.08,C1400330495,36.82,25.74,C1207916194,0.0,11.08,0,0.17,0
259,CASH_IN,38276.89,C4131575764,383.29,38660.18,C2009317340,0.0,0.0,0,0.0,0
572,CASH_OUT,3694.99,C5837082260,4549.59,854.6,M9576264323,0.0,0.0,1,0.02666666666666667,0
637,TRANSFER,21475.78,C7640122370,19715.87,0.0,M8643636805,0.0,0.0,1,0.9266666666666666,1
391,TRANSFER,3917.37,C3470617247,3972.14,54.77,M7537130187,0.0,0.0,1,0.43333333333333335,0
129,TRANSFER,2558.67,C2785736751,3394.82,836.15,C3910678913,84.77,84.77,1,0.05,0
393,PAYMENT,16.57,C5281907480,17.47,0.9,M6651754819,0.0,0.0,0,0.0,0
561,TRANSFER,3189.28,C4638577630,2944.69,0.0,M7343954769,0.0,0.0,1,0.9433333333333334,1
604,PAYMENT,1.0,C7242730249,0.0,0.0,M6053489772,0.0,0.0,0,0.0,0
148,TRANSFER,1053.29,C6418365941,1410.68,357.39,M3831598303,0.0,0.0,1,0.09,0
502,CASH_OUT,207.3,C7004964045,180.68,0.0,M8858274691,0.0,0.0,1,0.07333333333333333,0
602,PAYMENT,1.0,C5750815980,0.0,0.0,M1666898313,0.0,0.0,0,0.0,0
297,PAYMENT,1.0,C4550353803,0.0,0.0,M3508990774,0.0,0.0,0,0.0,0
306,CASH_OUT,1565.36,C5612645121,1527.35,0.0,M1413599241,0.0,0.0,1,0.11666666666666667,0
549,TRANSFER,3901.06,C7150970643,4678.95,777.89,C9691572571,0.0,0.0,1,0.31,0
486,PAYMENT,1.78,C7823288650,54524.24,54522.46,M5412437658,0.0,0.0,0,0.0,0
416,CASH_OUT,1.0,C4880176825,1.16,0.16,C5183211669,7355.84,7355.84,0,0.05,0
520,CASH_OUT,1018.43,C3639796200,932.36,0.0,M4908108692,0.0,0.0,1,0.23,0
536,PAYMENT,6773.2,C3893976444,28083.19,21309.99,M6992094064,0.0,0.0,0,0.0,0
351,TRANSFER,132.28,C1862812038,159.74,27.46,C5058691146,50616.78,50616.78,1,0.0,0
285,CASH_OUT,17731.48,C1067198189,20738.78,3007.3,M3476758136,0.0,0.0,1,0.006666666666666667,0
557,CASH_IN,119523.49,C5058691146,50616.78,170140.27,C5523703900,62.08,62.08,0,0.0,0
460,PAYMENT,29.02,C7625464411,68.28,39.26,M6651754819,0.0,0.0,0,0.0,0
132,CASH_OUT,1.0,C9581991473,0.0,0.0,C3615507143,0.0,0.0,0,0.0033333333333333335,0
480,TRANSFER,7603.27,C8039917766,10647.83,3044.56,M7537130187,0.0,0.0,1,0.31333333333333335,0
95,PAYMENT,1379.32,C6789292252,11735.8,10356.48,M6515490818,0.0,0.0,0,0.0,0
68,TRANSFER,3.53,C6099808894,15.6,12.07,C4659306670,571.15,574.68,0,0.013333333333333334,0
89,PAYMENT,118.75,C9954587710,191.03,72.28,M6771941776,0.0,0.0,0,0.0033333333333333335,0
661,PAYMENT,33.32,C2014766981,38.22,4.9,M8548290298,0.0,0.0,0,0.0,0
396,PAYMENT,70.16,C7505693643,115.92,45.76,M2910594463,0.0,0.0,0,0.0,0
47,TRANSFER,264.88,C6562457052,326.13,61.25,C2079770569,0.0,264.88,0,0.03333333333333333,0
581,CASH_OUT,3.85,C1885113834,4.39,0.54,C6884882440,88.99,88.99,0,0.05333333333333334,0
189,CASH_OUT,2032.01,C5871743247,1804.64,0.0,C2237386857,585.83,585.83,1,0.056666666666666664,0
533,CASH_OUT,20.28,C3360791536,25.28,5.0,C1304205279,82.34,82.34,0,0.03,0
67,PAYMENT,904.24,C9123207735,53654.99,52750.75,M7861571879,0.0,0.0,0,0.0,0
684,CASH_OUT,3786.4,C1594312071,4452.03,665.63,C7049001493,0.0,0.0,1,0.02666666666666667,0
620,TRANSFER,14560.71,C7470843264,16806.51,2245.8,C7846365089,19.49,14580.2,0,0.01,0
672,DEBIT,1.05,C5130589741,7616.0,7614.95,M6894024976,0.0,0.0,0,0.02666666666666667,0
301,CASH_OUT,1.58,C8285000265,5.76,4.18,C5367513465,37076.07,37076.07,0,0.0,0
13,PAYMENT,9.93,C5693307665,35.29,25.36,M5815678365,0.0,0.0,0,0.0,0
295,PAYMENT,270.49,C6469318275,647.14,376.65,M2155671697,0.0,0.0,0,0.0,0
550,PAYMENT,1.0,C2928130926,1.0,0.0,M5449848690,0.0,0.0,0,0.0,0
459,PAYMENT,5.38,C5903457537,11.91,6.53,M4399143287,0.0,0.0,0,0.0,0
447,TRANSFER,3070.96,C5606736607,3856.41,785.45,M1732578761,0.0,0.0,1,0.2866666666666667,0
72,PAYMENT,1.22,C3783009621,125.53,124.31,M4952177946,0.0,0.0,0,0.0,0
57,PAYMENT,1.0,C3423086220,0.0,0.0,M6583604299,0.0,0.0,0,0.0,0
624,PAYMENT,1.0,C4322510552,0.0,0.0,M9900829971,0.0,0.0,0,0.0,0
195,DEBIT,1.0,C4735334423,0.0,0.0,M2885370603,0.0,0.0,0,0.03,0
686,CASH_OUT,69.95,C4067961943,310.29,240.34,C9274189261,686.73,686.73,0,0.02666666666666667,0
261,CASH_OUT,4.11,C3361388464,9.61,5.5,C4605117440,81.7,81.7,0,0.0,0
654,TRANSFER,143.23,C8796286443,176.58,33.35,C6128695961,5.7,148.93,1,0.09,0
686,CASH_OUT,197.16,C6548442140,45250.5,45053.34,C9911329062,168.79,168.79,0,0.01,0
677,CASH_OUT,3.96,C9981364488,8.59,4.63,C5071218314,12.84,12.84,0,0.03333333333333333,0
279,CASH_OUT,4.28,C8709361138,5.73,1.45,C2065354117,468.26,468.26,0,0.013333333333333334,0
100,PAYMENT,1.0,C7910817577,0.0,0.0,M4641902461,0.0,0.0,0,0.0,0
575,CASH_OUT,266.99,C5275521470,229.68,0.0,M3019265031,0.0,0.0,1,0.07666666666666666,0
386,TRANSFER,81.33,C7665963761,69.53,0.0,M3156792018,0.0,0.0,1,0.23,0
316,TRANSFER,49.55,C3371357111,76.36,26.81,C9691572571,0.0,49.55,0,0.15666666666666668,0
285,CASH_OUT,2726.55,C8923555411,2353.54,0.0,C9403748506,12.6,12.6,1,0.12,0
28,PAYMENT,16.72,C3003484425,42.81,26.09,M1357561213,0.0,0.0,0,0.0,0
527,CASH_OUT,3268.21,C8370987661,4941.92,1673.71,C5523703900,62.08,62.08,0,0.016666666666666666,0
482,PAYMENT,2964.27,C4682870880,99606.07,96641.8,M5564953924,0.0,0.0,0,0.0,0
297,TRANSFER,1874.34,C4485356009,2443.17,568.83,C7757700186,2.68,2.68,1,0.19,0
709,TRANSFER,7427.63,C8487449580,6949.72,0.0,C6362597344,2.14,2.14,1,0.8666666666666667,1
33,CASH_OUT,326.93,C4928783441,452.34,125.41,M2773408660,0.0,0.0,1,0.0,0
301,TRANSFER,763.68,C7581349462,689.08,0.0,M2518433834,0.0,0.0,1,0.29333333333333333,0
4,PAYMENT,142.33,C9953941533,614.84,472.51,M7951820749,0.0,0.0,0,0.0,0
266,CASH_OUT,3534.11,C6218484323,102997.1,99462.99,C5092199300,1026.14,1026.14,0,0.0,0
461,TRANSFER,132.62,C2180484299,150.36,17.74,M8235474949,0.0,0.0,1,0.16666666666666666,0
422,TRANSFER,106772.66,C6773938304,134622.32,27849.66,C3109688769,5.87,5.87,1,0.23333333333333334,0
672,PAYMENT,1.0,C4645120421,0.0,0.0,M1240140248,0.0,0.0,0,0.0,0
202,TRANSFER,30758.29,C4712367625,38802.39,8044.1,M1306420495,0.0,0.0,1,0.24333333333333335,0
316,PAYMENT,1101.3,C1234359689,9494.51,8393.21,M5087280062,0.0,0.0,0,0.0,0
478,CASH_OUT,37.21,C1257324536,170.23,133.02,C8001729836,98129.82,98129.82,0,0.0033333333333333335,0
656,CASH_IN,44325.29,C7517938612,9952.36,54277.65,C5151887478,11340.98,11340.98,0,0.0,0
441,CASH_OUT,740.79,C2785736751,836.15,95.36,M1368287033,0.0,0.0,1,0.10666666666666667,0
261,CASH_OUT,30620.48,C2095286033,35889.82,5269.34,M4601406440,0.0,0.0,1,0.0,0
622,TRANSFER,4245.17,C1558631501,3617.87,0.0,C8757570742,591.49,4836.66,1,0.29333333333333333,0
514,CASH_OUT,333.0,C8295757364,381.87,48.87,C7560389844,436.87,436.87,0,0.03,0
601,TRANSFER,492.22,C2065354117,468.26,0.0,M5412437658,0.0,0.0,1,0.24333333333333335,0
553,PAYMENT,11116.79,C7685540186,34951.89,23835.1,M4329446784,0.0,0.0,0,0.0,0
55,TRANSFER,6855.22,C2869999754,8101.16,1245.94,M4601406440,0.0,0.0,1,0.20333333333333334,0
580,CASH_OUT,775.33,C3464975279,724.4,0.0,C7560389844,436.87,436.87,1,0.13666666666666666,0
174,PAYMENT,1.0,C1736086849,0.0,0.0,M6651754819,0.0,0.0,0,0.0,0
105,TRANSFER,15466.81,C6173344564,16094.86,628.05,C9924456994,394.76,15861.57,1,0.0,0
699,PAYMENT,1.0,C2699887270,0.0,0.0,M2910594463,0.0,0.0,0,0.0,0
168,PAYMENT,370.31,C4632522232,979.64,609.33,M5815678365,0.0,0.0,0,0.0,0
121,CASH_OUT,479.7,C4734111722,583.52,103.82,M2518433834,0.0,0.0,1,0.013333333333333334,0
609,TRANSFER,94.86,C6488854841,102.68,7.82,M1343875431,0.0,0.0,1,0.18,0
396,PAYMENT,3.88,C3383331379,6.58,2.7,M8667946580,0.0,0.0,0,0.0,0
578,PAYMENT,748.82,C5269015757,2205.79,1456.97,M5570190774,0.0,0.0,0,0.0,0
715,PAYMENT,54.94,C1293864877,96.3,41.36,M4122901114,0.0,0.0,0,0.0,0
405,CASH_OUT,1.0,C3438771483,0.0,0.0,C3109688769,5.87,5.87,0,0.03,0
378,CASH_OUT,461.31,C7451071432,519.09,57.78,C4310415016,0.0,0.0,1,0.03,0
407,TRANSFER,2547.99,C9842186844,3440.17,892.18,C9916336966,0.0,0.0,1,0.21333333333333335,0
467,PAYMENT,1328.62,C6317889312,4213.41,2884.79,M3156792018,0.0,0.0,0,0.0,0
55,TRANSFER,2570.3,C6317889312,2884.79,314.49,M3192202822,0.0,0.0,1,0.18,0
648,TRANSFER,3211.59,C7070083150,3981.36,769.77,C5856127658,23.05,23.05,1,0.24333333333333335,0
25,PAYMENT,416.8,C8057994126,596.21,179.41,M6894024976,0.0,0.0,0,0.0,0
210,TRANSFER,2925.83,C5728897164,2462.5,0.0,C9702693937,161.46,161.46,1,0.3,0
432,PAYMENT,1.61,C6756711494,3.54,1.93,M2228388623,0.0,0.0,0,0.0,0
68,CASH_OUT,15700.13,C5695387521,14845.05,0.0,C3316277000,0.0,0.0,1,0.07333333333333333,0
643,TRANSFER,1731.5,C4070964768,1614.68,0.0,M8740820392,0.0,0.0,1,0.5433333333333333,1
454,TRANSFER,257.87,C3660223333,301.98,44.11,C6065662867,76.7,76.7,1,0.11666666666666667,0
562,PAYMENT,147.87,C6894699853,253.51,105.64,M9444143872,0.0,0.0,0,0.0,0
717,PAYMENT,9208.05,C6789292252,10356.48,1148.43,M5794335854,0.0,0.0,0,0.0,0
150,CASH_OUT,3.57,C5646751885,5.99,2.42,C5512036684,0.0,0.0,0,0.0033333333333333335,0
267,PAYMENT,1.0,C4895020135,0.0,0.0,M6515490818,0.0,0.0,0,0.0,0
492,TRANSFER,4684.75,C7010379415,4553.08,0.0,M6659847491,0.0,0.0,1,0.95,1
685,TRANSFER,1.0,C4807122420,1.0,0.0,C7852415525,653.79,654.79,0,0.07666666666666666,0
591,PAYMENT,1.0,C6171239466,0.0,0.0,M6199197408,0.0,0.0,0,0.0,0
134,CASH_OUT,210.91,C1553155490,263.52,52.61,C4847761430,54705.5,54705.5,1,0.0,0
247,TRANSFER,210.81,C4274958945,182.31,0.0,M9631695368,0.0,0.0,1,0.24,0
513,DEBIT,404.07,C6952291828,496.66,92.59,M4242579642,0.0,0.0,0,0.03,0
213,TRANSFER,57384.05,C6663846005,71112.44,13728.39,C5610783750,41.66,57425.71,0,0.0,0
599,CASH_OUT,1.0,C8252045593,0.0,0.0,C2407863065,6.2,6.2,0,0.056666666666666664,0
147,PAYMENT,5.14,C9237880732,19.36,14.22,M7678293431,0.0,0.0,0,0.0,0
514,PAYMENT,1.0,C9049270990,0.0,0.0,M5585110649,0.0,0.0,0,0.0,0
513,TRANSFER,86645.26,C5567816720,109797.9,23152.64,M8790289305,0.0,0.0,1,0.2966666666666667,0
655,DEBIT,1.0,C6425814872,0.0,0.0,M6932365592,0.0,0.0,0,0.05333333333333334,0
235,CASH_OUT,345.91,C5883933127,693.53,347.62,C5022964382,1.18,1.18,0,0.01,0
572,PAYMENT,182.05,C1541964762,202.7,20.65,M1343875431,0.0,0.0,0,0.0,0
326,PAYMENT,1.0,C6320115677,0.0,0.0,M2773408660,0.0,0.0,0,0.0,0
326,PAYMENT,33.79,C5625342041,65.48,31.69,M2885370603,0.0,0.0,0,0.0,0
196,DEBIT,13.28,C1691293717,116.25,102.97,M3690714075,0.0,0.0,0,0.02,0
328,CASH_OUT,1.0,C8252816758,0.64,0.0,C7988845536,19356.31,19356.31,0,0.0033333333333333335,0
659,PAYMENT,25.41,C3612617557,28.54,3.13,M5270048042,0.0,0.0,0,0.0,0
567,TRANSFER,478.36,C5033992825,448.98,0.0,M3145756342,0.0,0.0,1,0.24333333333333335,0
495,CASH_OUT,3421.25,C7208619610,3403.82,0.0,C7415801613,0.0,0.0,1,0.29333333333333333,0
260,TRANSFER,1.0,C7567496105,0.0,0.0,C8721631198,18.37,19.37,0,0.19,0
406,PAYMENT,818.84,C6691628146,1313.86,495.02,M7570511906,0.0,0.0,0,0.0,0
193,CASH_OUT,12177.97,C9078786223,14625.24,2447.27,M5087280062,0.0,0.0,1,0.0,0
350,PAYMENT,5.69,C7590302909,13.95,8.26,M9773795424,0.0,0.0,0,0.0,0
559,CASH_OUT,4283.2,C5310195918,5114.43,831.23,C2879792991,6.95,6.95,1,0.02666666666666667,0
423,CASH_IN,2933.26,C9929101065,318.99,3252.25,C4731897202,0.77,0.77,0,0.0,0
374,TRANSFER,33284.04,C2268523764,37364.1,4080.06,C9302705838,14469.4,14469.4,1,0.0,0
520,PAYMENT,1.0,C8703867299,0.97,0.0,M3019265031,0.0,0.0,0,0.0,0
195,CASH_OUT,1.0,C7420493866,0.0,0.0,C7451071432,57.78,57.78,0,0.0,0
117,PAYMENT,274.18,C8949781901,963.71,689.53,M1692044390,0.0,0.0,0,0.0,0
150,TRANSFER,371.25,C4594787485,914.44,543.19,C6171239466,0.0,371.25,0,0.0033333333333333335,0
289,TRANSFER,1.0,C1939777262,0.0,0.0,C8377088167,0.0,1.0,0,0.22666666666666666,0
104,DEBIT,1.0,C8666074487,0.0,0.0,M1732578761,0.0,0.0,0,0.03,0
262,CASH_OUT,96.06,C5243939720,91.02,0.0,M5087280062,0.0,0.0,1,0.03666666666666667,0
552,CASH_OUT,1.0,C5943324387,3.57,2.57,C5067245523,22.39,22.39,0,0.03666666666666667,0
546,PAYMENT,53.76,C4131575764,38660.18,38606.42,M9398575277,0.0,0.0,0,0.0,0
74,TRANSFER,82.77,C5802739154,94.47,11.7,C2377246195,0.28,83.05,0,0.16666666666666666,0
170,CASH_OUT,628.0,C9274189261,686.73,58.73,M4892544235,0.0,0.0,1,0.0033333333333333335,0
195,CASH_OUT,1559.07,C6000952470,1730.53,171.46,C3694860228,0.0,0.0,1,0.0,0
643,PAYMENT,1.0,C4765583254,0.0,0.0,M2555936898,0.0,0.0,0,0.0,0
363,CASH_OUT,1.0,C6868336102,0.0,0.0,C4431078106,590.82,590.82,0,0.02666666666666667,0
192,CASH_OUT,3971.51,C6633778586,4768.34,796.83,C7292076361,3.36,3.36,1,0.0,0
381,TRANSFER,698.52,C3667740351,901.94,203.42,C6711463258,0.0,0.0,1,0.10666666666666667,0
515,DEBIT,1.0,C2549748436,1.12,0.12,M3457877922,0.0,0.0,0,0.043333333333333335,0
209,PAYMENT,29.72,C1563524533,88.38,58.66,M9255306810,0.0,0.0,0,0.0,0
94,TRANSFER,1.0,C8235363119,0.0,0.0,C4719780110,11.2,12.2,0,0.2,0
141,CASH_IN,43836.12,C3971203213,214.07,44050.19,C2812140441,2035.57,2035.57,0,0.0,0
513,TRANSFER,162.88,C7311011808,258.73,95.85,C8750840032,110.41,273.29,0,0.06666666666666667,0
682,TRANSFER,1.0,C2349406919,0.0,0.0,C5996775663,1146.11,1147.11,0,0.07,0
616,CASH_OUT,1130.13,C2289624427,1302.65,172.52,C1696846464,161.57,161.57,1,0.023333333333333334,0
193,CASH_OUT,9842.83,C8907752604,45600.72,35757.89,C5911625145,158.34,158.34,0,0.0,0
441,TRANSFER,345.9,C1818112342,1344.11,998.21,C8868054898,1.57,347.47,0,0.06666666666666667,0
670,PAYMENT,1369.24,C2825957977,5050.95,3681.71,M1908459040,0.0,0.0,0,0.0,0
63,TRANSFER,125351.18,C2041349374,148703.52,23352.34,C4965395580,2101.2,127452.38,1,0.0,0
488,CASH_OUT,3393.21,C7016293621,4346.0,952.79,C6714723660,0.0,0.0,1,0.02666666666666667,0
129,CASH_OUT,1.0,C4550353803,0.0,0.0,C5150090143,102.49,102.49,0,0.0,0
571,PAYMENT,1.0,C5673482258,0.0,0.0,M4665677395,0.0,0.0,0,0.0,0
227,PAYMENT,11.52,C1127978094,14.85,3.33,M3145756342,0.0,0.0,0,0.0,0
380,PAYMENT,43.99,C5586143660,46.6,2.61,M8389750357,0.0,0.0,0,0.0,0
657,TRANSFER,2361.42,C9421518487,3269.97,908.55,C9741628563,911.51,911.51,1,0.06666666666666667,0
301,PAYMENT,29.5,C2965254350,41.19,11.69,M6558769264,0.0,0.0,0,0.0,0
32,PAYMENT,3.04,C9533595495,14.94,11.9,M3019265031,0.0,0.0,0,0.0,0
244,CASH_OUT,2163.29,C6092773357,2192.27,28.98,C6102144947,2355.0,2355.0,1,0.0,0
437,DEBIT,18.54,C4972536230,28.56,10.02,M2129491690,0.0,0.0,0,0.03,0
93,TRANSFER,38.21,C1870644102,53.57,15.36,C7760554363,0.0,38.21,0,0.16333333333333333,0
243,CASH_OUT,91.91,C3910678913,84.77,0.0,C4965395580,127452.38,127452.38,1,0.013333333333333334,0
321,PAYMENT,134.58,C3420721027,1789.34,1654.76,M2136107759,0.0,0.0,0,0.0,0
245,CASH_IN,25237.63,C7016293621,952.79,26190.42,C1417436465,3.43,3.43,0,0.0,0
40,PAYMENT,341.14,C7527316141,381.25,40.11,M6866146362,0.0,0.0,0,0.0,0
399,CASH_OUT,1026.93,C8664882079,978.92,0.0,C3746317213,1.03,1.03,1,0.17,0
384,TRANSFER,356.9,C1857596764,458.37,101.47,C3098948446,381.06,737.96,0,0.01,0
594,PAYMENT,3.4,C9941564880,4.14,0.74,M1466305100,0.0,0.0,0,0.0,0
425,TRANSFER,17210.5,C5567816720,23152.64,5942.14,C5750815980,0.0,17210.5,0,0.0,0
638,PAYMENT,211.84,C8325222092,242.16,30.32,M5714658227,0.0,0.0,0,0.0,0
642,PAYMENT,1.0,C2566942273,0.0,0.0,M9404002665,0.0,0.0,0,0.0,0
148,TRANSFER,48484.8,C5333183840,112024.57,63539.77,C1770278136,0.0,48484.8,0,0.0,0
629,CASH_OUT,3025.13,C8139209752,2849.34,0.0,C7608141858,0.0,0.0,1,0.19,0
585,CASH_OUT,2321.43,C7590302909,2906.7,585.27,M8144352013,0.0,0.0,1,0.023333333333333334,0
424,TRANSFER,3901.97,C8831899893,4395.32,493.35,C6320115677,0.0,3901.97,1,0.04666666666666667,0
719,PAYMENT,343.21,C5508149905,416.08,72.87,M4122901114,0.0,0.0,0,0.0,0
616,PAYMENT,31.89,C5400463094,51.82,19.93,M5412437658,0.0,0.0,0,0.0,0
126,CASH_IN,11962.05,C7556078550,0.0,11962.05,C5693307665,25.36,25.36,0,0.0,0
261,CASH_IN,138001.87,C5064162365,0.0,138001.87,C2780016559,74372.62,74372.62,0,0.0,0
513,CASH_OUT,433.84,C6081137534,714.19,280.35,C2515672889,9637.47,9637.47,0,0.013333333333333334,0
74,TRANSFER,2724.66,C3196545325,3267.54,542.88,C6715961218,0.0,0.0,1,0.16666666666666666,0
625,CASH_OUT,4059.4,C7845366946,3608.55,0.0,M7664045502,0.0,0.0,1,0.23666666666666666,0
237,PAYMENT,1.0,C7934137693,0.0,0.0,M3566125120,0.0,0.0,0,0.0,0
486,DEBIT,1.0,C2566942273,0.0,0.0,M2115862756,0.0,0.0,0,0.04666666666666667,0
148,TRANSFER,707.83,C7596745715,630.01,0.0,C5957341287,114.87,114.87,1,0.11,0
433,DEBIT,189.3,C3589530484,793.97,604.67,M8964269909,0.0,0.0,0,0.03,0
157,PAYMENT,339.8,C6562434335,443.0,103.2,M9590331226,0.0,0.0,0,0.0,0
689,CASH_OUT,2183.59,C7475684019,1845.08,0.0,M1257854279,0.0,0.0,1,0.17,0
603,PAYMENT,51.2,C4506639908,62.31,11.11,M9576264323,0.0,0.0,0,0.0,0
563,PAYMENT,150.08,C4455798713,198.2,48.12,M2115862756,0.0,0.0,0,0.0,0
7,CASH_OUT,4658.96,C3250402001,4861.33,202.37,M2418407139,0.0,0.0,1,0.0,0
499,PAYMENT,1.0,C6725038117,0.0,0.0,M8740820392,0.0,0.0,0,0.0,0
106,DEBIT,536.31,C4422700486,843.68,307.37,M6894024976,0.0,0.0,0,0.01,0
594,PAYMENT,268.29,C6515369278,25724.72,25456.43,M1199447370,0.0,0.0,0,0.0,0
291,DEBIT,10.02,C2139027119,12.01,1.99,M8443061472,0.0,0.0,0,0.03333333333333333,0
371,CASH_OUT,48.95,C5911625145,158.34,109.39,C7760554363,38.21,38.21,0,0.0,0
108,PAYMENT,1.0,C4482238042,0.0,0.0,M7537130187,0.0,0.0,0,0.0033333333333333335,0
346,TRANSFER,36868.68,C4102872611,31884.74,0.0,C1209063208,5906.22,5906.22,1,0.04,0
605,CASH_OUT,2.67,C9986353481,2.96,0.29,C5028688786,5.46,5.46,0,0.056666666666666664,0
485,PAYMENT,31.49,C9954587710,72.28,40.79,M1504729135,0.0,0.0,0,0.0,0
695,PAYMENT,1.0,C4536306171,1.36,0.36,M6525576685,0.0,0.0,0,0.0,0
664,TRANSFER,994.51,C4693510920,834.65,0.0,M1442421654,0.0,0.0,1,0.3933333333333333,0
678,PAYMENT,355.1,C1506211965,1165.57,810.47,M1257854279,0.0,0.0,0,0.0,0
170,PAYMENT,1.0,C6789448659,1.1,0.1,M5794335854,0.0,0.0,0,0.0,0
139,TRANSFER,42047.19,C2214741296,37936.0,0.0,M1676220116,0.0,0.0,1,0.8033333333333333,1
325,TRANSFER,126.67,C9623534576,430.22,303.55,C9630522755,0.0,126.67,0,0.04666666666666667,0
248,CASH_OUT,431.73,C5778781449,395.53,0.0,C1586412136,0.0,0.0,1,0.06333333333333334,0
577,PAYMENT,1.0,C2704657157,0.06,0.0,M9896529524,0.0,0.0,0,0.0,0
677,PAYMENT,1.0,C8076527214,0.0,0.0,M3605446007,0.0,0.0,0,0.0,0
121,DEBIT,1.0,C9579064478,0.0,0.0,M5919148165,0.0,0.0,0,0.023333333333333334,0
38,PAYMENT,1436.04,C7904559790,1834.78,398.74,M1343875431,0.0,0.0,0,0.0,0
7,PAYMENT,132.57,C5296710795,1004.04,871.47,M6866146362,0.0,0.0,0,0.0,0
160,CASH_OUT,8.42,C2293434554,27.41,18.99,C2905584866,25982.96,25982.96,0,0.0,0
494,TRANSFER,283.19,C2308638549,274.49,0.0,C8033062794,53.43,53.43,1,0.17,0
406,TRANSFER,378.31,C8299146480,486.96,108.65,M7651029165,0.0,0.0,1,0.17333333333333334,0
319,TRANSFER,4.85,C3358880404,5.62,0.77,C7340498236,23.91,28.76,0,0.13,0
433,TRANSFER,302.36,C9388140708,448.91,146.55,C9333490239,0.7,303.06,0,0.05333333333333334,0
441,CASH_OUT,12901.23,C3958590550,21985.33,9084.1,C7292076361,3.36,3.36,0,0.013333333333333334,0
235,CASH_OUT,1407.98,C5933179746,33165.28,31757.3,C7242730249,0.0,0.0,0,0.0,0
626,TRANSFER,1858.92,C8832617672,1947.43,88.51,M1185303518,0.0,0.0,1,0.41,0
417,PAYMENT,56.41,C3117951204,195.63,139.22,M5734228580,0.0,0.0,0,0.0,0
349,TRANSFER,75.06,C8858766173,89.28,14.22,C5071218314,12.84,12.84,1,0.12,0
263,PAYMENT,1.0,C7146318035,0.0,0.0,M6790024996,0.0,0.0,0,0.0,0
283,TRANSFER,10.3,C2327372855,47.13,36.83,C4993808565,88491.61,88501.91,0,0.0,0
695,PAYMENT,1.0,C3214080278,0.0,0.0,M8728631945,0.0,0.0,0,0.0,0
179,CASH_OUT,14.14,C3003484425,26.09,11.95,C9312085761,10.3,10.3,0,0.0,0
375,TRANSFER,1.0,C8969097897,1.0,0.0,C8282534126,0.0,1.0,0,0.22,0
598,CASH_OUT,1.0,C3923823693,0.0,0.0,C1754368373,0.0,0.0,0,0.06333333333333334,0
184,TRANSFER,457.56,C3362657890,443.63,0.0,M6845287382,0.0,0.0,1,0.24666666666666667,0
387,CASH_OUT,3657.65,C3550908958,59865.69,56208.04,C3171050399,0.0,0.0,0,0.0,0
351,PAYMENT,1.0,C9196564761,0.0,0.0,M1096405016,0.0,0.0,0,0.0,0
143,PAYMENT,1.0,C5951406973,0.0,0.0,M8235474949,0.0,0.0,0,0.0,0
328,CASH_OUT,4821.86,C3109688769,4381.3,0.0,M1185303518,0.0,0.0,1,0.11333333333333333,0
44,PAYMENT,130.6,C8208584394,419.3,288.7,M8325043570,0.0,0.0,0,0.0,0
515,TRANSFER,1210.45,C2232285036,1435.85,225.4,C7508080884,31.97,1242.42,0,0.03666666666666667,0
351,CASH_OUT,267.99,C9303285822,229.64,0.0,M5087280062,0.0,0.0,1,0.05333333333333334,0
328,TRANSFER,550.18,C9691572571,484.98,0.0,M2228388623,0.0,0.0,1,0.2966666666666667,0
288,PAYMENT,1.0,C8235363119,0.0,0.0,M3536590481,0.0,0.0,0,0.0,0
540,CASH_OUT,225.55,C2183906581,248.04,22.49,M6894024976,0.0,0.0,1,0.04,0
562,DEBIT,1256.5,C4486522557,1787.02,530.52,M9043367776,0.0,0.0,0,0.02666666666666667,0
644,PAYMENT,3.98,C3365835550,5.34,1.36,M1185303518,0.0,0.0,0,0.0,0
677,PAYMENT,18436.61,C5333183840,63539.77,45103.16,M4125758723,0.0,0.0,0,0.0033333333333333335,0
593,CASH_OUT,2763.91,C8906163641,2437.77,0.0,M4158643786,0.0,0.0,1,0.16333333333333333,0
687,TRANSFER,25281.94,C2905584866,25982.96,701.02,M3811254192,0.0,0.0,1,0.3333333333333333,0
41,CASH_OUT,1.0,C5141593270,0.0,0.0,C4930438209,0.0,0.0,0,0.0033333333333333335,0
171,PAYMENT,35.78,C2099184899,65.11,29.33,M2243802345,0.0,0.0,0,0.0,0
704,DEBIT,1.0,C4636537575,0.0,0.0,M4641902461,0.0,0.0,0,0.05,0
136,CASH_OUT,1.0,C8833399096,0.0,0.0,C7915226263,46.38,46.38,0,0.0,0
569,TRANSFER,4778.95,C1515024824,4310.74,0.0,C3384006407,6711.44,6711.44,1,0.25,0
526,TRANSFER,1016.32,C1772303297,1209.54,193.22,M4456193555,0.0,0.0,1,0.16,0
515,CASH_OUT,1.0,C5485387618,0.0,0.0,C6231117883,35.18,35.18,0,0.05,0
142,PAYMENT,163.02,C8122042835,16990.91,16827.89,M4908108692,0.0,0.0,0,0.0,0
293,TRANSFER,8476.11,C3946766309,9286.72,810.61,M1185303518,0.0,0.0,1,0.22333333333333333,0
245,TRANSFER,727.51,C2137651678,834.51,107.0,C3035761595,281.76,1009.27,1,0.006666666666666667,0
204,PAYMENT,2964.74,C9611537583,93736.94,90772.2,M6498703287,0.0,0.0,0,0.0,0
195,TRANSFER,1.0,C8441393731,0.0,0.0,C7965608188,23.72,24.72,0,0.16666666666666666,0
72,TRANSFER,477.6,C6822870815,529.67,52.07,C2125089309,2789.46,3267.06,1,0.0033333333333333335,0
602,PAYMENT,141.54,C8750840032,273.29,131.75,M2571632270,0.0,0.0,0,0.0,0
314,PAYMENT,327.03,C8134112721,1250.23,923.2,M8646369354,0.0,0.0,0,0.0,0
616,PAYMENT,1.0,C7183058541,0.0,0.0,M7960713821,0.0,0.0,0,0.0,0
610,PAYMENT,63.51,C6517150278,180.87,117.36,M4160161496,0.0,0.0,0,0.0,0
484,TRANSFER,137.42,C1083651970,303.28,165.86,C8180620422,325.02,462.44,0,0.05,0
48,CASH_OUT,2292.08,C2602884797,2815.85,523.77,C1037811610,0.0,0.0,1,0.0,0
488,CASH_IN,15868.93,C2439622619,45.82,15914.75,C3115806625,0.0,0.0,0,0.0,0
505,PAYMENT,1.0,C8110054933,0.0,0.0,M2121448210,0.0,0.0,0,0.0,0
613,TRANSFER,862.31,C7910817577,916.68,54.37,C3389594115,102359.97,102359.97,1,0.0033333333333333335,0
352,TRANSFER,846.07,C3095318649,718.0,0.0,C4656572173,0.0,0.0,1,0.2833333333333333,0
295,PAYMENT,23.29,C4455798713,48.12,24.83,M3831598303,0.0,0.0,0,0.0,0
156,PAYMENT,140.11,C4067213499,270.24,130.13,M9822499208,0.0,0.0,0,0.0,0
378,CASH_OUT,11.33,C3479708607,22.34,11.01,C9516893896,0.0,0.0,0,0.01,0
259,PAYMENT,1.0,C9229469952,1.99,0.99,M5919148165,0.0,0.0,0,0.0,0
651,PAYMENT,493.15,C4486522557,530.52,37.37,M3297681898,0.0,0.0,0,0.0,0
303,PAYMENT,94.02,C3047869247,181.47,87.45,M8858274691,0.0,0.0,0,0.0,0
255,CASH_OUT,701.62,C5035765954,850.89,149.27,C4405620755,3113.37,3113.37,0,0.0033333333333333335,0
110,TRANSFER,1.0,C9420979586,0.0,0.0,C9919491730,0.0,1.0,0,0.22666666666666666,0
485,PAYMENT,4.97,C9806189256,8.6,3.63,M4035639663,0.0,0.0,0,0.0,0
448,PAYMENT,1.0,C3664052763,0.0,0.0,M4456193555,0.0,0.0,0,0.0,0
209,CASH_IN,188.49,C5736462531,20.57,209.06,C4405620755,3113.37,3113.37,0,0.0,0
159,CASH_OUT,519.57,C5714169271,597.3,77.73,C4630196130,0.0,0.0,1,0.006666666666666667,0
222,TRANSFER,115.68,C5993571693,98.42,0.0,C1613549255,10.35,10.35,1,0.2,0
98,TRANSFER,5447.03,C1234359689,8393.21,2946.18,C1311570307,0.0,5447.03,0,0.0,0
71,DEBIT,17.32,C4012917912,63.62,46.3,M1692044390,0.0,0.0,0,0.02,0
14,CASH_OUT,2729.66,C5297902885,3022.01,292.35,C8086172302,42.47,42.47,1,0.0,0
380,TRANSFER,957.15,C8684026200,23706.82,22749.67,C6121801720,65284.12,66241.27,0,0.0,0
170,TRANSFER,536.11,C5744003377,533.66,0.0,C6075963527,0.64,0.64,1,0.2866666666666667,0
481,TRANSFER,6.29,C8033702319,10.25,3.96,C1659663750,83.06,89.35,0,0.13666666666666666,0
653,TRANSFER,505.48,C8366884200,465.72,0.0,C7472806994,29.92,29.92,1,0.19333333333333333,0
180,PAYMENT,1.0,C5243939720,0.0,0.0,M8646369354,0.0,0.0,0,0.0,0
247,PAYMENT,347.03,C6493800024,1669.56,1322.53,M8778927211,0.0,0.0,0,0.0,0
140,TRANSFER,2196.19,C2224363672,2329.75,133.56,C3623588379,2.35,2198.54,1,0.07,0
697,PAYMENT,257.58,C8809871735,274.26,16.68,M1694904767,0.0,0.0,0,0.0,0
550,CASH_OUT,5542.45,C5567816720,5942.14,399.69,M3223687972,0.0,0.0,1,0.02666666666666667,0
368,CASH_IN,56416.22,C2237386857,585.83,57002.05,C7161887665,422.7,422.7,0,0.0,0
101,CASH_OUT,1654.42,C7417183769,1622.95,0.0,M8626371177,0.0,0.0,1,0.05333333333333334,0
407,TRANSFER,1199.34,C5703357871,1486.35,287.01,M6583604299,0.0,0.0,1,0.13333333333333333,0
354,TRANSFER,1.0,C1799718923,0.0,0.0,C9717175839,106.35,107.35,0,0.06,0
6,CASH_OUT,35.73,C2973888646,58.43,22.7,C6241752544,1.0,1.0,0,0.01,0
498,CASH_IN,1021.88,C8826851692,28.86,1050.74,C8925520026,0.0,0.0,0,0.0,0
85,PAYMENT,8.46,C2390587865,11.94,3.48,M2604788242,0.0,0.0,0,0.0,0
298,TRANSFER,2806.17,C2620054076,3385.15,578.98,C1149460439,1.14,1.14,1,0.17666666666666667,0
299,CASH_OUT,1044.76,C4277581356,1119.54,74.78,C8624454880,1.64,1.64,1,0.013333333333333334,0
564,PAYMENT,55.29,C8832617672,88.51,33.22,M4093474499,0.0,0.0,0,0.0,0
439,PAYMENT,3.7,C3553440342,16.64,12.94,M3517195150,0.0,0.0,0,0.0,0
591,CASH_OUT,1542.96,C6157617867,1907.0,364.04,C5439176290,5592.95,5592.95,1,0.006666666666666667,0
169,TRANSFER,1236.84,C9954587710,1255.19,18.35,M9631695368,0.0,0.0,1,0.19333333333333333,0
459,PAYMENT,6.82,C6488854841,7.82,1.0,M7948094928,0.0,0.0,0,0.0,0
416,PAYMENT,9.76,C8991514523,13.36,3.6,M7651029165,0.0,0.0,0,0.0,0
75,PAYMENT,3112.92,C2721355673,4111.41,998.49,M1504729135,0.0,0.0,0,0.0,0
336,CASH_OUT,2134.79,C8015775567,2241.14,106.35,C3035761595,1009.27,1009.27,1,0.0033333333333333335,0
541,PAYMENT,38.82,C6726515966,45.16,6.34,M9773795424,0.0,0.0,0,0.0,0
231,TRANSFER,3271.72,C6942989052,3895.46,623.74,M1257854279,0.0,0.0,1,0.21333333333333335,0
41,TRANSFER,422.68,C6620138568,353.94,0.0,M8910440683,0.0,0.0,1,0.23,0
414,PAYMENT,1.0,C1489726608,0.0,0.0,M9404002665,0.0,0.0,0,0.0,0
461,TRANSFER,1.49,C7824150224,2.82,1.33,C4767539382,226.28,227.77,0,0.07666666666666666,0
70,PAYMENT,35.67,C7465834732,173.93,138.26,M2518433834,0.0,0.0,0,0.0,0
463,CASH_OUT,365.23,C9376277483,621.35,256.12,C8823677798,466.13,466.13,0,0.03666666666666667,0
546,TRANSFER,30969.73,C9379439373,32628.03,1658.3,C9370133032,0.0,30969.73,0,0.013333333333333334,0
586,PAYMENT,1.0,C8132531532,0.0,0.0,M8138332494,0.0,0.0,0,0.0,0
315,PAYMENT,118.59,C8055556030,595.29,476.7,M7282885927,0.0,0.0,0,0.0,0
387,PAYMENT,1.0,C2139027119,1.99,0.99,M7437168216,0.0,0.0,0,0.0,0
55,PAYMENT,3845.64,C7551874474,83534.26,79688.62,M5535650160,0.0,0.0,0,0.0,0
188,TRANSFER,3734.01,C2970753705,5555.43,1821.42,C7243352390,1782.21,5516.22,0,0.0,0
387,PAYMENT,39.12,C3951331472,174.44,135.32,M8861351706,0.0,0.0,0,0.0,0
116,PAYMENT,22.2,C8151583833,66.85,44.65,M3846182436,0.0,0.0,0,0.0,0
364,TRANSFER,1886.7,C1311570307,5447.03,3560.33,C5735817014,66.56,1953.26,0,0.006666666666666667,0
465,PAYMENT,73.13,C6963052185,181.89,108.76,M8443061472,0.0,0.0,0,0.0,0
706,PAYMENT,1.0,C9909257076,0.75,0.0,M2115406331,0.0,0.0,0,0.0,0
463,CASH_OUT,579.77,C5641959772,560.28,0.0,M2115862756,0.0,0.0,1,0.20333333333333334,0
456,CASH_OUT,24454.19,C4786674545,29859.31,5405.12,M1122712790,0.0,0.0,1,0.013333333333333334,0
601,TRANSFER,555.38,C5092199300,1026.14,470.76,C7750819485,325.56,880.94,0,0.03,0
314,CASH_OUT,14.54,C1225052083,16.91,2.37,C3207160929,0.0,0.0,0,0.023333333333333334,0
140,CASH_OUT,1976.37,C7981077394,1926.94,0.0,M5315720088,0.0,0.0,1,0.05,0
466,CASH_OUT,2182.83,C1572827654,2824.84,642.01,C8901585274,4945.58,4945.58,0,0.04,0
299,CASH_OUT,2819.65,C7981077394,3543.26,723.61,M2586712032,0.0,0.0,1,0.006666666666666667,0
243,CASH_OUT,42.03,C8418332121,54.39,12.36,C6638034087,13.95,13.95,1,0.0,0
115,TRANSFER,121958.18,C6613888489,159194.8,37236.62,C4518871744,3621.41,3621.41,1,0.016666666666666666,0
411,DEBIT,18.76,C3163970710,58.5,39.74,M5570190774,0.0,0.0,0,0.02666666666666667,0
173,CASH_OUT,16209.38,C2670036982,24742.17,8532.79,C3334938378,707.28,707.28,0,0.0033333333333333335,0
216,CASH_OUT,1850.78,C2848792488,2784.15,933.37,C8106906538,72.49,72.49,0,0.0,0
443,TRANSFER,18.1,C2965164102,20.78,2.68,C2369705770,159.55,177.65,0,0.07666666666666666,0
54,CASH_OUT,3963.68,C3645901955,4887.02,923.34,M2555936898,0.0,0.0,1,0.0,0
711,PAYMENT,22874.5,C5933179746,31757.3,8882.8,M2418407139,0.0,0.0,0,0.0,0
101,PAYMENT,1.0,C5334769475,0.0,0.0,M8903212516,0.0,0.0,0,0.0,0
514,TRANSFER,80779.0,C4538382315,99840.38,19061.38,M1096405016,0.0,0.0,1,0.3,0
358,CASH_IN,124520.13,C4110258855,233.63,124753.76,C9703905715,6.8,6.8,0,0.0,0
369,TRANSFER,2291.55,C4919706735,2076.91,0.0,C8274219704,0.0,0.0,1,0.61,1
73,PAYMENT,1.0,C1676168421,1.13,0.13,M5564953924,0.0,0.0,0,0.0,0
416,CASH_OUT,3385.86,C4719780110,3245.2,0.0,M8861351706,0.0,0.0,1,0.39,0
261,TRANSFER,64.01,C8293928340,104.24,40.23,C3887823121,156.71,220.72,0,0.023333333333333334,0
556,PAYMENT,5407.89,C9098129449,21021.02,15613.13,M1368287033,0.0,0.0,0,0.0,0
659,TRANSFER,2494.94,C1817804383,2986.55,491.61,M1458227039,0.0,0.0,1,0.29333333333333333,0
567,PAYMENT,5.85,C6289150149,10.56,4.71,M7951820749,0.0,0.0,0,0.0,0
360,TRANSFER,812.04,C3781569954,962.91,150.87,M3495411322,0.0,0.0,1,0.11,0
31,DEBIT,1.0,C8261111839,0.0,0.0,M5937271321,0.0,0.0,0,0.02666666666666667,0
577,CASH_OUT,1.0,C1091729577,0.0,0.0,C1225953184,0.0,0.0,0,0.06333333333333334,0
10,TRANSFER,1.0,C8417757797,0.0,0.0,C8758809005,6892.81,6893.81,0,0.0,0
621,TRANSFER,1.0,C5898890707,0.0,0.0,C9526836552,2879.38,2880.38,0,0.06,0
522,PAYMENT,1.0,C8257484586,0.0,0.0,M8083396378,0.0,0.0,0,0.0,0
147,TRANSFER,302.98,C4946081594,366.37,63.39,C3207160929,0.0,0.0,1,0.14666666666666667,0
245,TRANSFER,763.26,C8997701619,1007.03,243.77,M7928143230,0.0,0.0,1,0.11,0
497,TRANSFER,20083.39,C9661615016,23533.23,3449.84,C3343459102,3.76,3.76,1,0.27,0
93,PAYMENT,4.83,C2407863065,6.2,1.37,M9065458220,0.0,0.0,0,0.0,0
259,CASH_OUT,1.0,C7895255573,0.0,0.0,C6928691380,100.37,100.37,0,0.01,0
651,PAYMENT,1.0,C6558450990,0.0,0.0,M1199447370,0.0,0.0,0,0.0,0
537,CASH_OUT,283.65,C3878201524,313.32,29.67,C7823288650,54522.46,54522.46,0,0.02666666666666667,0
205,TRANSFER,685.53,C4558302256,1488.11,802.58,C4422700486,307.37,992.9,0,0.0,0
542,PAYMENT,1290.56,C7568861677,39124.13,37833.57,M1096405016,0.0,0.0,0,0.0,0
651,CASH_OUT,171.55,C4067961943,240.34,68.79,C9270323795,83.24,83.24,0,0.02666666666666667,0
529,CASH_OUT,3008.84,C5381866906,3084.67,75.83,C8291250562,26.32,26.32,1,0.04666666666666667,0
397,CASH_IN,3642.92,C6959501845,0.0,3642.92,C3057629778,0.0,0.0,0,0.0,0
289,PAYMENT,9.12,C6161147047,26.47,17.35,M3156792018,0.0,0.0,0,0.0,0
379,PAYMENT,16.67,C2591414076,32.32,15.65,M8626371177,0.0,0.0,0,0.0,0
561,CASH_OUT,879.86,C7004510516,917.15,37.29,M3595066420,0.0,0.0,1,0.04666666666666667,0
68,PAYMENT,56.23,C9438411468,64.31,8.08,M2625035499,0.0,0.0,0,0.0,0
106,CASH_IN,2160.0,C8241550421,3665.61,5825.61,C8689593739,9125.38,9125.38,0,0.0,0
277,TRANSFER,1.0,C8795212264,0.0,0.0,C2111272861,6.25,7.25,0,0.19666666666666666,0
155,CASH_OUT,4228.66,C5600836559,3685.86,0.0,C2349641712,43.29,43.29,1,0.043333333333333335,0
575,CASH_OUT,314.07,C3396953414,428.05,113.98,M9822499208,0.0,0.0,1,0.03333333333333333,0
124,PAYMENT,350.57,C1529290976,864.07,513.5,M4522855590,0.0,0.0,0,0.0,0
510,PAYMENT,1.0,C1643611097,1.46,0.46,M9773795424,0.0,0.0,0,0.0,0
705,DEBIT,1.0,C3980491761,0.0,0.0,M5535650160,0.0,0.0,0,0.05,0
232,PAYMENT,1.0,C8852676046,0.0,0.0,M8858274691,0.0,0.0,0,0.0,0
114,PAYMENT,1.0,C3346569443,0.0,0.0,M6583604299,0.0,0.0,0,0.0,0
706,TRANSFER,1680.68,C2224336336,2132.93,452.25,C4633257620,9.89,1690.57,1,0.04666666666666667,0
397,TRANSFER,28.07,C3392080953,30.08,2.01,C9479654136,0.0,28.07,0,0.17,0
661,CASH_OUT,4458.16,C1094115188,4513.21,55.05,C3693985578,320.08,320.08,1,0.056666666666666664,0
643,TRANSFER,2810.85,C2633177480,2762.05,0.0,M3534186676,0.0,0.0,1,0.9366666666666666,1
678,CASH_OUT,127.4,C9437783771,166.59,39.19,C7505693643,45.76,45.76,0,0.02666666666666667,0
128,TRANSFER,1828.96,C5254923696,20666.39,18837.43,C2283298067,80.55,1909.51,0,0.0,0
389,PAYMENT,1.0,C1965067727,1.17,0.17,M2518433834,0.0,0.0,0,0.0,0
181,TRANSFER,5707.19,C1682781467,4878.43,0.0,M3094407076,0.0,0.0,1,0.77,1
509,PAYMENT,1.0,C2537965898,0.0,0.0,M2156184315,0.0,0.0,0,0.0,0
408,CASH_OUT,827.61,C5641959772,1138.28,310.67,C5400463094,19.93,19.93,1,0.023333333333333334,0
118,DEBIT,129.74,C4104309491,603.81,474.07,M9398575277,0.0,0.0,0,0.01,0
450,TRANSFER,253.98,C7248258423,1072.4,818.42,C7920516981,0.0,253.98,0,0.06666666666666667,0
420,TRANSFER,2247.37,C8926438617,2793.56,546.19,M3145756342,0.0,0.0,1,0.26,0
261,CASH_OUT,1.0,C2947476917,0.0,0.0,C3532855799,0.0,0.0,0,0.02666666666666667,0
189,CASH_OUT,3.43,C6289150149,4.71,1.28,C6710338189,0.0,0.0,0,0.01,0
466,PAYMENT,29.65,C9467483275,78.06,48.41,M5412437658,0.0,0.0,0,0.0,0
649,DEBIT,34.91,C8638763775,102.1,67.19,M1458227039,0.0,0.0,0,0.03,0
703,TRANSFER,31352.03,C2948728483,40986.99,9634.96,M3192202822,0.0,0.0,1,0.2833333333333333,0
553,CASH_OUT,75.21,C3482206102,73.93,0.0,M8643636805,0.0,0.0,1,0.07,0
293,CASH_OUT,300.33,C5375461598,334.19,33.86,M6525576685,0.0,0.0,1,0.01,0
257,CASH_IN,16605.17,C6392415228,514.96,17120.13,C2079770569,264.88,264.88,0,0.0,0
465,CASH_OUT,7.6,C6583444930,16.1,8.5,C6110646714,5.57,5.57,0,0.04666666666666667,0
493,PAYMENT,1.0,C7483366056,0.0,0.0,M3208200227,0.0,0.0,0,0.0,0
716,PAYMENT,1.0,C8703867299,0.0,0.0,M9590331226,0.0,0.0,0,0.0,0
296,CASH_OUT,219.59,C5297902885,292.35,72.76,C9660523876,0.0,0.0,1,0.006666666666666667,0
3,PAYMENT,1.0,C7460728316,14.46,13.46,M8964269909,0.0,0.0,0,0.0,0
79,TRANSFER,1095.37,C3791027186,2377.05,1281.68,C8584566722,1040.44,2135.81,0,0.0033333333333333335,0
600,TRANSFER,111.1,C8093179263,158.87,47.77,C4037270171,0.0,111.1,0,0.12666666666666668,0
476,CASH_IN,53237.36,C8076527214,0.0,53237.36,C4503614567,149.69,149.69,0,0.0,0
444,CASH_OUT,7.8,C2183906581,22.49,14.69,C4037867512,0.0,0.0,0,0.05333333333333334,0
17,CASH_IN,13588.06,C6155234610,4332.67,17920.73,C7027529118,140.96,140.96,0,0.0,0
200,PAYMENT,1.0,C4039019230,1.0,0.0,M7282885927,0.0,0.0,0,0.0,0
15,TRANSFER,17793.03,C8199372599,20869.04,3076.01,C1818112342,998.21,998.21,1,0.0,0
705,PAYMENT,15563.59,C7226553010,80396.19,64832.6,M8548290298,0.0,0.0,0,0.0,0
407,CASH_OUT,148.62,C6157617867,364.04,215.42,C9837912162,0.0,0.0,0,0.02666666666666667,0
719,CASH_OUT,1.0,C4696689457,0.0,0.0,C7464468567,0.0,0.0,0,0.06666666666666667,0
345,CASH_IN,2637.03,C5071218314,12.84,2649.87,C1726990714,1.57,1.57,0,0.0,0
282,TRANSFER,29574.15,C4820055862,26106.04,0.0,M8443061472,0.0,0.0,1,0.83,1
235,PAYMENT,124.14,C6081137534,280.35,156.21,M4093474499,0.0,0.0,0,0.0,0
153,PAYMENT,218.12,C5140460939,772.24,554.12,M6894024976,0.0,0.0,0,0.0,0
317,TRANSFER,4917.45,C5428082088,4119.2,0.0,C9558091177,0.0,0.0,1,0.7866666666666666,1
648,CASH_OUT,4702.7,C7045593274,4912.04,209.34,M9822499208,0.0,0.0,1,0.03333333333333333,0
249,TRANSFER,7114.88,C6155234610,17920.73,10805.85,C9645619869,0.0,7114.88,0,0.0,0
411,CASH_OUT,93168.4,C9019515562,183894.57,90726.17,C7648059419,0.0,0.0,0,0.016666666666666666,0
502,TRANSFER,29549.13,C8480622107,26615.79,0.0,M2555936898,0.0,0.0,1,0.9733333333333334,1
669,TRANSFER,14539.03,C1624173500,18264.29,3725.26,C8584566722,2135.81,16674.84,0,0.0,0
166,PAYMENT,1.0,C3978287288,0.0,0.0,M3965860354,0.0,0.0,0,0.0,0
284,PAYMENT,785.78,C3645901955,923.34,137.56,M2773408660,0.0,0.0,0,0.0,0
487,PAYMENT,1.0,C4710967433,0.0,0.0,M3019265031,0.0,0.0,0,0.0,0
417,PAYMENT,1.0,C1885113834,0.54,0.0,M3469205576,0.0,0.0,0,0.0,0
53,TRANSFER,1600.8,C1340272119,1467.4,0.0,M4160161496,0.0,0.0,1,0.37333333333333335,0
465,PAYMENT,1.0,C1091729577,0.0,0.0,M7969674420,0.0,0.0,0,0.0,0
468,CASH_OUT,1.0,C9463197203,0.48,0.0,C3951331472,135.32,135.32,0,0.08,0
9,CASH_OUT,12.04,C3470617247,54.77,42.73,C4248149900,0.0,0.0,0,0.0033333333333333335,0
30,PAYMENT,3652.64,C6756332150,124786.02,121133.38,M7951820749,0.0,0.0,0,0.0,0
122,CASH_OUT,9679.91,C3893976444,21309.99,11630.08,C5492496998,0.0,0.0,0,0.0,0
386,CASH_IN,40896.21,C6043349038,0.25,40896.46,C2620054076,578.98,578.98,0,0.0,0
584,CASH_OUT,1.0,C6204862411,0.0,0.0,C5523703900,62.08,62.08,0,0.05333333333333334,0
300,PAYMENT,1.0,C7665963761,0.0,0.0,M8276498637,0.0,0.0,0,0.0,0
61,TRANSFER,1139.51,C1182758417,1609.5,469.99,C9303765140,12.22,1151.73,0,0.006666666666666667,0
100,CASH_IN,87295.91,C2232285036,225.4,87521.31,C4927019611,5.91,5.91,0,0.0,0
482,CASH_OUT,1358.68,C7464468567,1445.19,86.51,M6744039057,0.0,0.0,1,0.08,0
167,TRANSFER,239.75,C8826851692,1050.74,810.99,C3294092753,0.0,239.75,0,0.01,0
578,PAYMENT,55.13,C3667740351,203.42,148.29,M2869931869,0.0,0.0,0,0.0,0
407,TRANSFER,1978.29,C5418232833,1847.0,0.0,M5990749811,0.0,0.0,1,0.5866666666666667,1
475,CASH_OUT,858.17,C6887132821,1127.2,269.03,C5569145346,629.23,629.23,1,0.043333333333333335,0
455,PAYMENT,49.81,C4767539382,227.77,177.96,M3595066420,0.0,0.0,0,0.0,0
411,PAYMENT,10.0,C2183906581,14.69,4.69,M2916502228,0.0,0.0,0,0.0,0
169,CASH_OUT,700.27,C7608141858,726.02,25.75,M2156184315,0.0,0.0,1,0.0033333333333333335,0
206,PAYMENT,519.51,C3291270703,1264.92,745.41,M3846182436,0.0,0.0,0,0.0,0
650,TRANSFER,1.0,C5010075517,0.0,0.0,C8133593748,4.14,5.14,0,0.2,0
341,CASH_OUT,57530.07,C8236361108,70000.37,12470.3,M8874242713,0.0,0.0,1,0.0,0
51,PAYMENT,24176.87,C9123207735,52750.75,28573.88,M5570190774,0.0,0.0,0,0.0,0
442,TRANSFER,1.0,C8953271391,0.0,0.0,C8750840032,131.75,132.75,0,0.12,0
269,CASH_OUT,1.0,C2320763135,0.0,0.0,C1110724913,29746.44,29746.44,0,0.0,0
260,TRANSFER,74917.98,C2232285036,87521.31,12603.33,M1368287033,0.0,0.0,1,0.26,0
228,PAYMENT,671.69,C4311931853,1687.64,1015.95,M6583604299,0.0,0.0,0,0.0,0
583,TRANSFER,126.39,C8982597239,148.83,22.44,C5778781449,0.0,126.39,0,0.13,0
545,TRANSFER,1605.12,C4022245086,2997.96,1392.84,C7627266377,0.0,1605.12,0,0.06333333333333334,0
166,TRANSFER,442.86,C5569295400,454.37,11.51,M7861571879,0.0,0.0,1,0.15666666666666668,0
320,TRANSFER,3888.4,C6300607425,4311.18,422.78,M3019265031,0.0,0.0,1,0.22333333333333333,0
444,PAYMENT,14.81,C5686850445,33.08,18.27,M7951820749,0.0,0.0,0,0.0,0
597,DEBIT,2.26,C3476426797,8.25,5.99,M7702529931,0.0,0.0,0,0.03,0
612,PAYMENT,3.23,C2111272861,7.25,4.02,M3534186676,0.0,0.0,0,0.0,0
387,TRANSFER,4780.18,C9618334441,4235.49,0.0,C1287814151,1342.65,6122.83,1,0.02,0
28,CASH_OUT,745.57,C7472806994,942.91,197.34,M2839566253,0.0,0.0,1,0.006666666666666667,0
679,CASH_OUT,29799.23,C7389111087,27622.62,0.0,M5794335854,0.0,0.0,1,0.15333333333333332,0
165,PAYMENT,19.03,C7464468567,86.51,67.48,M3705237613,0.0,0.0,0,0.0,0
261,TRANSFER,1640.25,C6596578419,1651.69,11.44,C1818520766,135609.27,135609.27,1,0.0,0
472,CASH_OUT,21.36,C6065662867,76.7,55.34,C4268713302,48.65,48.65,0,0.043333333333333335,0
123,CASH_OUT,4222.78,C4102821948,11238.58,7015.8,C3297096148,7432.12,7432.12,0,0.0,0
282,TRANSFER,1615.24,C6924716023,2198.93,583.69,M2916502228,0.0,0.0,1,0.17666666666666667,0
225,TRANSFER,3598.93,C1173215225,4706.82,1107.89,C8471762590,347.55,347.55,1,0.01,0
555,PAYMENT,111.21,C5082603360,163.06,51.85,M8646369354,0.0,0.0,0,0.0,0
559,CASH_OUT,2.61,C9312085761,10.3,7.69,C7671625956,57.4,57.4,0,0.03,0
295,TRANSFER,2291.54,C9461708554,2599.6,308.06,M7928143230,0.0,0.0,1,0.19333333333333333,0
492,PAYMENT,43.82,C5774080233,111.74,67.92,M8325043570,0.0,0.0,0,0.0,0
346,CASH_OUT,40.34,C1094115188,55.05,14.71,C8093179263,47.77,47.77,1,0.0033333333333333335,0
270,CASH_OUT,196.78,C7045593274,209.34,12.56,C7079234115,2.05,2.05,0,0.01,0
140,TRANSFER,1.0,C8239941612,0.0,0.0,C7045593274,12.56,13.56,0,0.18333333333333332,0
293,PAYMENT,85.28,C2137651678,107.0,21.72,M8667946580,0.0,0.0,0,0.0,0
27,CASH_OUT,2074.9,C1065857791,2950.05,875.15,M6282009986,0.0,0.0,1,0.0033333333333333335,0
416,TRANSFER,2563.15,C1039262289,3215.1,651.95,M6515490818,0.0,0.0,1,0.23333333333333334,0
677,PAYMENT,26.49,C7299420031,37.88,11.39,M8740820392,0.0,0.0,0,0.0,0
214,PAYMENT,3.92,C2464137110,44.77,40.85,M8964269909,0.0,0.0,0,0.0,0
321,CASH_OUT,1638.77,C2476831585,532607.68,530968.91,C5744003377,0.0,0.0,0,0.0,0
406,CASH_OUT,2523.76,C5022964382,2244.37,0.0,M6820149016,0.0,0.0,1,0.13666666666666666,0
388,PAYMENT,127.78,C5736462531,209.06,81.28,M4820942294,0.0,0.0,0,0.0,0
567,CASH_IN,70944.23,C4586139213,77111.69,148055.92,C1230624431,8401.62,8401.62,0,0.0,0
665,TRANSFER,1308.25,C2962750929,1283.61,0.0,M5959736235,0.0,0.0,1,0.4533333333333333,0
425,CASH_OUT,45798.88,C2780016559,74372.62,28573.74,C4919706735,0.0,0.0,0,0.01,0
234,TRANSFER,2460.88,C9189503254,2063.42,0.0,C6991473746,16547.87,19008.75,1,0.006666666666666667,0
653,PAYMENT,15.87,C5856127658,23.05,7.18,M8443061472,0.0,0.0,0,0.0,0
40,PAYMENT,5084.76,C9957813353,18714.45,13629.69,M4035639663,0.0,0.0,0,0.0,0
18,PAYMENT,173.7,C5092199300,470.76,297.06,M2778069478,0.0,0.0,0,0.0,0
554,CASH_OUT,611.43,C6169243284,671.97,60.54,C3097302637,0.0,0.0,1,0.03333333333333333,0
217,TRANSFER,540.49,C6942989052,623.74,83.25,M4908108692,0.0,0.0,1,0.17666666666666667,0
451,PAYMENT,1091.9,C8270110908,3108.17,2016.27,M7514017540,0.0,0.0,0,0.0,0
419,PAYMENT,28.16,C6214917780,52.49,24.33,M3508990774,0.0,0.0,0,0.0,0
586,PAYMENT,200.86,C1590838716,306.79,105.93,M7948094928,0.0,0.0,0,0.0,0
339,TRANSFER,2908.81,C1643611097,2963.3,54.49,C9963334018,0.0,0.0,1,0.43333333333333335,0
201,PAYMENT,5709.28,C7305101214,20956.55,15247.27,M8964269909,0.0,0.0,0,0.0,0
121,TRANSFER,97.31,C7166868574,131.68,34.37,M8389750357,0.0,0.0,1,0.15333333333333332,0
3,PAYMENT,1.0,C2178884276,0.0,0.0,M6011842297,0.0,0.0,0,0.0,0
290,PAYMENT,135.78,C4274374218,194.11,58.33,M7437168216,0.0,0.0,0,0.0,0
651,PAYMENT,13257.61,C9924456994,15861.57,2603.96,M9065458220,0.0,0.0,0,0.0,0
591,CASH_OUT,138.31,C6623360831,133.24,0.0,C1242425303,0.0,0.0,1,0.07666666666666666,0
172,TRANSFER,2282.75,C6534540349,3018.97,736.22,C1546696950,0.0,0.0,1,0.14333333333333334,0
255,PAYMENT,3756.42,C7016293621,26190.42,22434.0,M8790289305,0.0,0.0,0,0.0,0
56,CASH_OUT,2837.88,C4956362540,2473.44,0.0,M5315720088,0.0,0.0,1,0.04666666666666667,0
303,PAYMENT,47.99,C6884333221,232.88,184.89,M6495967005,0.0,0.0,0,0.0,0
396,CASH_OUT,274.55,C7904559790,398.74,124.19,C7579604766,291.36,291.36,0,0.01,0
565,CASH_OUT,245.78,C1446362270,669.49,423.71,C7418301077,137.17,137.17,0,0.023333333333333334,0
416,CASH_OUT,59.15,C5212581851,72.52,13.37,C3045102506,19.06,19.06,0,0.05333333333333334,0
653,PAYMENT,1.0,C8816681105,0.0,0.0,M8144352013,0.0,0.0,0,0.0,0
720,DEBIT,24.79,C8737025391,32.77,7.98,M1857561275,0.0,0.0,0,0.03,0
305,PAYMENT,35.34,C4361393222,45.1,9.76,M5380159400,0.0,0.0,0,0.0,0
664,CASH_OUT,104.34,C5035765954,149.27,44.93,C4735313433,970.06,970.06,0,0.023333333333333334,0
462,TRANSFER,1067.57,C4662861038,1347.09,279.52,M3119908041,0.0,0.0,1,0.16,0
366,CASH_IN,102694.04,C4289233844,377.77,103071.81,C4268713302,48.65,48.65,0,0.0,0
474,CASH_OUT,1039.57,C2188332531,1071.44,31.87,M9752092528,0.0,0.0,1,0.1,0
508,CASH_OUT,1.0,C6075963527,0.64,0.0,C4630196130,0.0,0.0,0,0.06,0
524,TRANSFER,3.35,C9592390865,3.84,0.49,C2424706705,0.0,3.35,0,0.22333333333333333,0
550,TRANSFER,2746.07,C1209063208,5906.22,3160.15,C9470922075,34.19,2780.26,0,0.03666666666666667,0
307,PAYMENT,968.63,C6097953682,3283.43,2314.8,M2418407139,0.0,0.0,0,0.0,0
250,CASH_OUT,2371.57,C7896596272,2874.45,502.88,C7098134112,178.72,178.72,1,0.0033333333333333335,0
525,TRANSFER,4517.72,C5421592782,4328.06,0.0,M4896576569,0.0,0.0,1,0.95,1
375,CASH_OUT,344.0,C9856756553,356.72,12.72,M6659847491,0.0,0.0,1,0.02,0
45,PAYMENT,128.99,C5358791907,640.4,511.41,M5449848690,0.0,0.0,0,0.0,0
53,PAYMENT,1.0,C1340272119,0.0,0.0,M6130446648,0.0,0.0,0,0.0,0
516,PAYMENT,1.0,C1316756902,3.75,2.75,M3595066420,0.0,0.0,0,0.0,0
194,TRANSFER,2992.56,C4356175095,3920.56,928.0,M8903212516,0.0,0.0,1,0.19333333333333333,0
444,CASH_OUT,1821.17,C8532327465,2054.66,233.49,M8218146534,0.0,0.0,1,0.06333333333333334,0
239,PAYMENT,1.0,C7229869819,0.0,0.0,M6384311581,0.0,0.0,0,0.0,0
520,PAYMENT,343.27,C5077921573,3616.93,3273.66,M2655546199,0.0,0.0,0,0.0,0
516,PAYMENT,1.0,C9963334018,0.0,0.0,M7343954769,0.0,0.0,0,0.0,0
100,CASH_OUT,5890.61,C4079223686,7223.42,1332.81,M8790289305,0.0,0.0,1,0.0,0
105,CASH_OUT,434.5,C4642197907,910.12,475.62,C9032096058,103255.39,103255.39,0,0.0033333333333333335,0
650,DEBIT,1368.56,C6246716604,2336.83,968.27,M1096405016,0.0,0.0,0,0.02666666666666667,0
437,PAYMENT,9542.38,C9484167278,113501.45,103959.07,M7366396017,0.0,0.0,0,0.0,0
278,PAYMENT,310.55,C8926438617,546.19,235.64,M2604788242,0.0,0.0,0,0.0,0
141,PAYMENT,501.76,C4079223686,1332.81,831.05,M5714658227,0.0,0.0,0,0.0,0
248,CASH_IN,143039.5,C6447717367,0.0,143039.5,C7266763552,0.0,0.0,0,0.0,0
621,TRANSFER,1.0,C7556046460,0.0,0.0,C7685540186,23835.1,23836.1,0,0.0,0
385,PAYMENT,1.0,C1197449658,0.0,0.0,M5937271321,0.0,0.0,0,0.0,0
343,TRANSFER,2636.47,C4713453204,2858.75,222.28,M7713758036,0.0,0.0,1,0.18333333333333332,0
670,CASH_OUT,56.27,C1662259333,52.28,0.0,C5982744929,0.0,0.0,1,0.056666666666666664,0
708,CASH_IN,81494.41,C7568980185,148.22,81642.63,C9660523876,0.0,0.0,0,0.0,0
92,TRANSFER,73583.45,C7226553010,64832.6,0.0,M8768773991,0.0,0.0,1,0.85,1
571,CASH_OUT,1.0,C7483366056,0.0,0.0,C6544063167,165.38,165.38,0,0.05333333333333334,0
141,TRANSFER,25.88,C5375461598,33.86,7.98,C6719736115,49.61,75.49,0,0.08333333333333333,0
287,PAYMENT,1.0,C6054421752,0.0,0.0,M9288057824,0.0,0.0,0,0.0,0
241,TRANSFER,4985.71,C9370133343,4279.83,0.0,C6488854841,1.0,1.0,1,0.8133333333333334,1
660,CASH_OUT,6.08,C2073755632,13.05,6.97,C9292791081,138.16,138.16,0,0.023333333333333334,0
168,DEBIT,157.89,C4767539382,177.96,20.07,M8740820392,0.0,0.0,0,0.016666666666666666,0
167,CASH_OUT,30.78,C7099469983,52.77,21.99,C7190276026,4635.94,4635.94,0,0.0,0
302,DEBIT,29.97,C9270323795,83.24,53.27,M1732578761,0.0,0.0,0,0.023333333333333334,0
586,CASH_OUT,3858.3,C3316277000,4950.6,1092.3,C1399546384,6.17,6.17,1,0.02,0
381,PAYMENT,483.98,C2994056084,697.33,213.35,M1811839103,0.0,0.0,0,0.0,0
250,CASH_OUT,1.0,C7671041685,0.0,0.0,C6065662867,55.34,55.34,0,0.01,0
461,DEBIT,1.0,C1558631501,0.0,0.0,M5815678365,0.0,0.0,0,0.04666666666666667,0
517,CASH_OUT,797.19,C4735313433,970.06,172.87,C8503368512,166.48,166.48,0,0.02666666666666667,0
185,DEBIT,1.0,C8110054933,0.0,0.0,M5714658227,0.0,0.0,0,0.03,0
42,TRANSFER,1097.85,C5144289583,1311.44,213.59,C9196564761,0.0,1097.85,1,0.0,0
285,DEBIT,1.0,C2304963614,1.0,0.0,M6659847491,0.0,0.0,0,0.04,0
439,CASH_OUT,1.0,C3465883999,0.0,0.0,C1287814151,6122.83,6122.83,0,0.05,0
227,CASH_OUT,1616.18,C9229469952,1796.05,179.87,M7750131975,0.0,0.0,1,0.0,0
475,PAYMENT,5.88,C5686850445,18.27,12.39,M7192742877,0.0,0.0,0,0.0,0
102,PAYMENT,7003.19,C9858643842,13793.69,6790.5,M1666898313,0.0,0.0,0,0.0,0
327,TRANSFER,1.0,C2960488639,0.0,0.0,C5187948804,18.4,19.4,0,0.17666666666666667,0
301,CASH_OUT,66.71,C7451071432,57.78,0.0,M7713758036,0.0,0.0,1,0.03333333333333333,0
482,TRANSFER,75.6,C7529817193,99.21,23.61,M1083302600,0.0,0.0,1,0.17666666666666667,0
171,CASH_OUT,27.26,C2094024844,97.93,70.67,C3297096148,7432.12,7432.12,0,0.0033333333333333335,0
79,PAYMENT,701.5,C4647891535,129990.68,129289.18,M1343875431,0.0,0.0,0,0.0,0
314,CASH_OUT,3723.68,C7085004726,4308.76,585.08,C9292791081,138.16,138.16,1,0.006666666666666667,0
540,PAYMENT,138.16,C8948573913,261.25,123.09,M1908459040,0.0,0.0,0,0.0,0
108,CASH_OUT,3299.58,C3438771483,2815.71,0.0,M9043367776,0.0,0.0,1,0.05,0
384,PAYMENT,1.0,C3707166618,0.0,0.0,M4456193555,0.0,0.0,0,0.0,0
71,PAYMENT,33.02,C3781569954,150.87,117.85,M5270048042,0.0,0.0,0,0.0,0
413,PAYMENT,196.47,C2905584866,701.02,504.55,M9523139706,0.0,0.0,0,0.0,0
297,CASH_OUT,3746.83,C4853479481,4002.82,255.99,M3536590481,0.0,0.0,1,0.006666666666666667,0
139,CASH_OUT,3846.91,C9451577335,4204.89,357.98,C8923555411,0.0,0.0,1,0.0,0
145,TRANSFER,3951.34,C3880327491,4322.5,371.16,M3223687972,0.0,0.0,1,0.18333333333333332,0
425,PAYMENT,4.28,C2423995953,6.77,2.49,M3595066420,0.0,0.0,0,0.0,0
13,PAYMENT,37.19,C8151583833,44.65,7.46,M1694904767,0.0,0.0,0,0.0,0
544,TRANSFER,5148.14,C3910678913,4384.49,0.0,C9697414638,6186.36,6186.36,1,0.23666666666666666,0
205,DEBIT,716.01,C4022245086,1392.84,676.83,M8874242713,0.0,0.0,0,0.01,0
200,TRANSFER,1.0,C8691288568,0.0,0.0,C5036200310,1430.94,1431.94,0,0.01,0
507,CASH_OUT,495.84,C9421518487,908.55,412.71,C6069848439,57.61,57.61,0,0.03,0
208,TRANSFER,4047.71,C8507497883,4352.34,304.63,M9410569618,0.0,0.0,1,0.22666666666666666,0
550,PAYMENT,1188.84,C5064162365,138001.87,136813.03,M7678293431,0.0,0.0,0,0.0,0
636,TRANSFER,1893.72,C5872148707,1722.6,0.0,M5919148165,0.0,0.0,1,0.5966666666666667,1
666,PAYMENT,235.88,C4579265601,375.9,140.02,M7861571879,0.0,0.0,0,0.0,0
290,CASH_OUT,1002.09,C6910112521,870.66,0.0,C2941508568,412.64,412.64,1,0.16,0
367,CASH_IN,137745.36,C4530959836,168.93,137914.29,C3102209245,0.0,0.0,0,0.0,0
471,PAYMENT,571.9,C3605585995,135807.1,135235.2,M3495411322,0.0,0.0,0,0.0,0
650,CASH_OUT,1.0,C6717963562,0.0,0.0,C2704657157,0.0,0.0,0,0.056666666666666664,0
268,CASH_OUT,5.64,C2914590233,19.3,13.66,C8584566722,16674.84,16674.84,0,0.0,0
146,CASH_OUT,29971.42,C1446457642,27897.6,0.0,C1005502537,102.95,102.95,1,0.0033333333333333335,0
384,DEBIT,1.0,C3030106617,1.23,0.23,M9444143872,0.0,0.0,0,0.043333333333333335,0
46,DEBIT,5.95,C1725783958,8.07,2.12,M9900829971,0.0,0.0,0,0.023333333333333334,0
448,TRANSFER,1635.91,C6726515966,2277.93,642.02,M6865994703,0.0,0.0,1,0.27666666666666667,0
574,TRANSFER,4609.51,C9989642546,7551.96,2942.45,C6961554653,37116.27,41725.78,0,0.006666666666666667,0
392,PAYMENT,1.0,C5872148707,0.0,0.0,M3476758136,0.0,0.0,0,0.0,0
671,PAYMENT,52.76,C1639509845,241.65,188.89,M5194066484,0.0,0.0,0,0.0,0
581,TRANSFER,68.18,C3521300895,60.04,0.0,C5903457537,6.53,6.53,1,0.20333333333333334,0
265,PAYMENT,41.3,C2452066459,78.27,36.97,M8235474949,0.0,0.0,0,0.0,0
392,CASH_OUT,3756.3,C5010075517,3381.52,0.0,M8728631945,0.0,0.0,1,0.13,0
344,TRANSFER,1.0,C1551395583,0.0,0.0,C8737025391,7.98,8.98,0,0.18333333333333332,0
647,CASH_OUT,330.43,C1981049082,366.11,35.68,M3469205576,0.0,0.0,1,0.03,0
456,PAYMENT,19.08,C4631048029,51.44,32.36,M5959736235,0.0,0.0,0,0.0,0
342,PAYMENT,1.0,C5403510324,0.0,0.0,M5067400473,0.0,0.0,0,0.0,0
586,CASH_OUT,3030.56,C4574027737,4186.09,1155.53,C3362657890,0.0,0.0,1,0.02,0
156,CASH_OUT,1027.66,C6246716604,968.27,0.0,C8664882079,0.0,0.0,1,0.07333333333333333,0
33,TRANSFER,1830.88,C7061419749,2406.92,576.04,M4601406440,0.0,0.0,1,0.17,0
572,PAYMENT,70.63,C7858937483,109.43,38.8,M6894024976,0.0,0.0,0,0.0,0
64,PAYMENT,1.0,C6868336102,0.0,0.0,M2910594463,0.0,0.0,0,0.0,0
622,TRANSFER,52.24,C2071552532,80.61,28.37,C1913706213,43.01,95.25,0,0.13333333333333333,0
681,PAYMENT,1.79,C2145921803,3.09,1.3,M9021793855,0.0,0.0,0,0.0,0
25,PAYMENT,1.0,C6642266247,0.0,0.0,M9398575277,0.0,0.0,0,0.0,0
597,PAYMENT,100.08,C2267619081,146.04,45.96,M6199197408,0.0,0.0,0,0.0,0
495,TRANSFER,866.61,C5129478722,1152.35,285.74,C8666074487,0.0,0.0,1,0.16,0
480,CASH_OUT,340.8,C4643576871,328.55,0.0,M1694904767,0.0,0.0,1,0.1,0
713,PAYMENT,404.74,C2227193073,482.29,77.55,M9581187661,0.0,0.0,0,0.0,0
304,TRANSFER,103.66,C9245348297,99.04,0.0,C9805620900,127.14,230.8,1,0.05333333333333334,0
583,TRANSFER,1.19,C1195066088,1.33,0.14,C4776436931,106.99,108.18,0,0.13333333333333333,0
500,PAYMENT,79.76,C6544063167,165.38,85.62,M1676220116,0.0,0.0,0,0.0,0
688,PAYMENT,31.74,C5975196341,42.02,10.28,M2129491690,0.0,0.0,0,0.0,0
78,CASH_OUT,235.11,C9461708554,308.06,72.95,C8612747444,0.0,0.0,1,0.0,0
140,PAYMENT,1.0,C1340272119,0.0,0.0,M3107992942,0.0,0.0,0,0.0,0
369,TRANSFER,15.94,C9441018790,16.8,0.86,C3163970710,39.74,55.68,0,0.12333333333333334,0
573,TRANSFER,674.71,C6726515966,642.02,0.0,M8821456242,0.0,0.0,1,0.26666666666666666,0
687,CASH_OUT,52.11,C6822870815,52.07,0.0,C1091729577,0.0,0.0,1,0.056666666666666664,0
319,DEBIT,1.0,C6287793163,1.0,0.0,M1306420495,0.0,0.0,0,0.04,0
32,CASH_OUT,356.47,C2982979741,434.34,77.87,C1110533960,2614.66,2614.66,0,0.006666666666666667,0
28,PAYMENT,1.0,C6947080764,0.0,0.0,M7664045502,0.0,0.0,0,0.0,0
360,CASH_OUT,7.26,C5160575046,8.09,0.83,C4783282817,1.0,1.0,0,0.02666666666666667,0
719,PAYMENT,17.15,C1400330495,25.74,8.59,M7366396017,0.0,0.0,0,0.0,0
553,CASH_OUT,2297.36,C7517938612,54277.65,51980.29,C3291226621,3403.93,3403.93,0,0.0,0
500,DEBIT,1.0,C6642266247,0.0,0.0,M7951820749,0.0,0.0,0,0.043333333333333335,0
112,PAYMENT,180.64,C8926438617,235.64,55.0,M1199447370,0.0,0.0,0,0.0,0
207,PAYMENT,1.27,C5292015249,22.17,20.9,M8778927211,0.0,0.0,0,0.0,0
192,PAYMENT,55.95,C6661014794,61.93,5.98,M3636366799,0.0,0.0,0,0.0,0
85,CASH_OUT,357.16,C1529290976,513.5,156.34,C6756711494,1.93,1.93,0,0.0033333333333333335,0
558,CASH_OUT,1.0,C6204862411,0.0,0.0,C1870644102,15.36,15.36,0,0.05333333333333334,0
254,CASH_OUT,2291.03,C3421719519,2775.47,484.44,M7750131975,0.0,0.0,1,0.0033333333333333335,0
645,CASH_OUT,9007.27,C4026379752,9663.88,656.61,C4274958945,0.0,0.0,0,0.023333333333333334,0
238,PAYMENT,1.0,C6642201119,1.0,0.0,M5891831621,0.0,0.0,0,0.0,0
81,CASH_OUT,2917.75,C1050899550,3215.7,297.95,C1430073711,0.0,0.0,1,0.0,0
198,PAYMENT,2.39,C7799567490,6.9,4.51,M1122712790,0.0,0.0,0,0.0,0
654,TRANSFER,1.0,C1261903104,0.0,0.0,C3707166618,0.0,1.0,0,0.23,0
720,CASH_OUT,1.0,C5899025962,0.0,0.0,C5130589741,7614.95,7614.95,0,0.05,0
558,CASH_OUT,908.99,C6115750294,1517.24,608.25,C9376277483,256.12,256.12,0,0.013333333333333334,0
641,TRANSFER,59088.64,C7517938612,51980.29,0.0,M8144889126,0.0,0.0,1,0.8033333333333333,1
484,TRANSFER,35403.77,C7467073633,45619.29,10215.52,C9116428507,0.0,0.0,1,0.2966666666666667,0
62,PAYMENT,744.42,C5710360983,1270.54,526.12,M4554178984,0.0,0.0,0,0.0,0
213,TRANSFER,8658.37,C5058691146,170140.27,161481.9,C7154795660,183.36,8841.73,0,0.0,0
611,PAYMENT,1.01,C8503368512,166.48,165.47,M6199197408,0.0,0.0,0,0.0,0
645,PAYMENT,72.5,C3781569954,117.85,45.35,M1857561275,0.0,0.0,0,0.0,0
7,PAYMENT,2255.52,C4143852021,4703.16,2447.64,M7969674420,0.0,0.0,0,0.0,0
289,TRANSFER,1.0,C2660286914,0.0,0.0,C4277581356,74.78,75.78,0,0.11666666666666667,0
370,TRANSFER,841.62,C6385791669,2624.25,1782.63,C5151887478,11340.98,12182.6,0,0.0033333333333333335,0
200,TRANSFER,181.38,C4853479481,255.99,74.61,M2695447268,0.0,0.0,1,0.16,0
616,TRANSFER,29109.37,C6043349038,40896.46,11787.09,C2965718821,220.6,220.6,1,0.11,0
90,TRANSFER,5.22,C3197757742,8.51,3.29,C9673185158,2.67,7.89,0,0.17,0
192,CASH_OUT,73677.86,C7551874474,79688.62,6010.76,M9773795424,0.0,0.0,1,0.0,0
184,PAYMENT,1.0,C4630196130,0.0,0.0,M3119908041,0.0,0.0,0,0.0,0
221,CASH_OUT,1.0,C8252816758,0.0,0.0,C2924568778,21166.13,21166.13,0,0.0,0
499,PAYMENT,373.67,C7154795660,8841.73,8468.06,M9068916300,0.0,0.0,0,0.0,0
119,PAYMENT,1.0,C7287517250,0.0,0.0,M3534186676,0.0,0.0,0,0.0,0
547,CASH_OUT,33.28,C5957341287,114.87,81.59,C9751963589,6.61,6.61,0,0.03333333333333333,0
561,TRANSFER,317.68,C3674551397,375.01,57.33,C4095476665,27108.37,27426.05,1,0.0,0
710,CASH_IN,89542.59,C5870891270,75663.12,165205.71,C2388450337,0.0,0.0,0,0.0,0
313,DEBIT,4912.79,C4712367625,8044.1,3131.31,M3508990774,0.0,0.0,0,0.02,0
36,CASH_OUT,2092.01,C8953271391,2384.77,292.76,M5794335854,0.0,0.0,1,0.0,0
562,TRANSFER,5727.22,C8236361108,12470.3,6743.08,C7803990970,8.42,5735.64,0,0.03,0
546,CASH_OUT,4472.53,C9837912162,4418.08,0.0,M6284297249,0.0,0.0,1,0.24666666666666667,0
670,PAYMENT,232.83,C6698759353,1028.73,795.9,M7343954769,0.0,0.0,0,0.0,0
655,PAYMENT,240.33,C3142452709,507.76,267.43,M5937271321,0.0,0.0,0,0.0,0
233,CASH_OUT,63.15,C5972484792,84.21,21.06,M4399143287,0.0,0.0,1,0.0033333333333333335,0
529,PAYMENT,4593.53,C5539308214,24901.73,20308.2,M1676220116,0.0,0.0,0,0.0,0
305,CASH_OUT,2461.95,C5182110973,2957.3,495.35,C2510308881,0.0,0.0,1,0.006666666666666667,0
414,PAYMENT,18.93,C8102515984,89.54,70.61,M3534186676,0.0,0.0,0,0.0,0
495,TRANSFER,3378.69,C8303853049,3076.94,0.0,M1694904767,0.0,0.0,1,0.9333333333333333,1
145,TRANSFER,1.0,C8274273035,1.0,0.0,C7882206934,0.0,1.0,0,0.21666666666666667,0
242,CASH_OUT,2635.5,C2524751277,2367.67,0.0,C6928691380,100.37,100.37,1,0.06333333333333334,0
631,CASH_OUT,15872.35,C5750815980,17210.5,1338.15,C4673457063,35.58,35.58,0,0.016666666666666666,0
77,PAYMENT,1.0,C4630196130,0.0,0.0,M4093474499,0.0,0.0,0,0.0,0
75,PAYMENT,226.3,C6591038760,247.79,21.49,M7437168216,0.0,0.0,0,0.0,0
719,TRANSFER,2862.63,C6877052039,3256.7,394.07,C3614915281,1.0,1.0,1,0.2866666666666667,0
720,CASH_OUT,1410.15,C3470617247,1262.91,0.0,C9546021691,0.0,0.0,1,0.22333333333333333,0
672,PAYMENT,21278.92,C7568861677,37833.57,16554.65,M6866146362,0.0,0.0,0,0.0,0
461,TRANSFER,559.67,C9248574674,704.78,145.11,C9697354961,2006.05,2006.05,1,0.03,0
441,TRANSFER,1.0,C1281199333,0.0,0.0,C2465576748,148.76,149.76,0,0.11,0
418,TRANSFER,1.0,C7818568548,0.0,0.0,C6317189421,0.0,1.0,0,0.20666666666666667,0
495,TRANSFER,1006.9,C3980491761,1299.41,292.51,M4035639663,0.0,0.0,1,0.16333333333333333,0
453,TRANSFER,385.97,C4098389895,331.22,0.0,C7805633786,11661.33,11661.33,1,0.01,0
574,PAYMENT,1.0,C3380064537,0.0,0.0,M1099218439,0.0,0.0,0,0.0,0
185,CASH_OUT,1.0,C8675071314,0.0,0.0,C8982597239,22.44,22.44,0,0.01,0
573,PAYMENT,1223.03,C3799620568,1813.88,590.85,M2910594463,0.0,0.0,0,0.0,0
292,PAYMENT,1.0,C3713284816,1.0,0.0,M6771941776,0.0,0.0,0,0.0,0
566,PAYMENT,1.0,C8612747444,0.0,0.0,M6894024976,0.0,0.0,0,0.0,0
162,TRANSFER,72.15,C7311011808,95.85,23.7,M3846182436,0.0,0.0,1,0.15666666666666668,0
249,CASH_OUT,34727.9,C1952396600,35614.35,886.45,M7453081889,0.0,0.0,1,0.0,0
171,CASH_OUT,2928.33,C6265016831,2475.46,0.0,M2541015125,0.0,0.0,1,0.06,0
644,CASH_OUT,1.0,C8709361138,1.45,0.45,C2721355673,998.49,998.49,0,0.043333333333333335,0
462,CASH_IN,33133.55,C1526723719,98.91,33232.46,C6663846005,13728.39,13728.39,0,0.0,0
154,PAYMENT,5.48,C9953716239,8.61,3.13,M3960136787,0.0,0.0,0,0.0,0
295,CASH_OUT,1.0,C6642201119,0.0,0.0,C9116428507,0.0,0.0,0,0.03333333333333333,0
351,TRANSFER,13126.88,C6134840512,15028.19,1901.31,C6418365941,357.39,357.39,1,0.016666666666666666,0
608,PAYMENT,100.36,C7620473079,117.62,17.26,M6992094064,0.0,0.0,0,0.0,0
538,CASH_OUT,4142.62,C7196439534,4732.88,590.26,M3322580659,0.0,0.0,1,0.03,0
209,CASH_OUT,1.01,C5182110973,495.35,494.34,C4026113008,49.14,49.14,0,0.0033333333333333335,0
347,TRANSFER,2276.21,C1041531046,2452.78,176.57,M2916502228,0.0,0.0,1,0.2,0
214,TRANSFER,13.57,C2188332531,31.87,18.3,C6534540349,736.22,749.79,0,0.01,0
237,CASH_OUT,4393.69,C2073755632,3924.71,0.0,C8272725281,614.96,614.96,1,0.07,0
33,CASH_OUT,1.0,C4386667704,0.0,0.0,C6921525436,1135.06,1135.06,0,0.0033333333333333335,0
299,CASH_OUT,61952.36,C4353689019,60911.14,0.0,M6820149016,0.0,0.0,1,0.05,0
497,TRANSFER,5.58,C5569295400,11.51,5.93,C4147025728,6.87,12.45,0,0.14,0
73,CASH_OUT,1.0,C7845366946,0.0,0.0,C6937704752,0.0,0.0,0,0.006666666666666667,0
322,CASH_OUT,413.13,C4472312361,1945.23,1532.1,C1422701550,0.95,0.95,0,0.013333333333333334,0
170,DEBIT,831.29,C5036200310,1431.94,600.65,M4641902461,0.0,0.0,0,0.01,0
418,CASH_OUT,1006.23,C6879428703,1346.28,340.05,C5292015249,20.9,20.9,0,0.04,0
284,DEBIT,1505.23,C1487258103,2115.0,609.77,M2555936898,0.0,0.0,0,0.013333333333333334,0
418,PAYMENT,1.0,C9806189256,3.63,2.63,M8874242713,0.0,0.0,0,0.0,0
604,CASH_OUT,10792.61,C4500557310,9277.96,0.0,C3424843951,6.14,6.14,1,0.19,0
330,PAYMENT,13.77,C8295757364,48.87,35.1,M4160161496,0.0,0.0,0,0.0,0
431,PAYMENT,1.0,C7887950851,0.0,0.0,M4892544235,0.0,0.0,0,0.0,0
591,PAYMENT,1.0,C6237376063,0.28,0.0,M6495967005,0.0,0.0,0,0.0,0
192,TRANSFER,1104.04,C7763765757,1185.6,81.56,C8477300991,0.63,0.63,1,0.19333333333333333,0
460,PAYMENT,785.49,C6493800024,1322.53,537.04,M2655546199,0.0,0.0,0,0.0,0
343,CASH_OUT,2758.56,C4274958945,3356.63,598.07,M4122901114,0.0,0.0,1,0.013333333333333334,0
49,PAYMENT,1.0,C2770980600,0.0,0.0,M3566125120,0.0,0.0,0,0.0,0
112,TRANSFER,1256.1,C3965676060,1377.6,121.5,M2625035499,0.0,0.0,1,0.18,0
274,PAYMENT,3.1,C3655790301,12.13,9.03,M8102481401,0.0,0.0,0,0.0,0
568,CASH_IN,2866.47,C5243939720,0.0,2866.47,C1667779376,0.0,0.0,0,0.0,0
630,CASH_OUT,1274.97,C3780439666,1153.68,0.0,M3831598303,0.0,0.0,1,0.18666666666666668,0
562,TRANSFER,3142.02,C8369792370,3866.56,724.54,C9067664957,33.33,3175.35,0,0.043333333333333335,0
371,CASH_OUT,258.68,C1141312095,267.46,8.78,C6306523372,16298.89,16298.89,1,0.01,0
494,PAYMENT,295.88,C5489485517,1198.32,902.44,M7960713821,0.0,0.0,0,0.0,0
446,PAYMENT,44.28,C9544423456,53.47,9.19,M8643636805,0.0,0.0,0,0.0,0
390,TRANSFER,4512.98,C3975418439,3823.99,0.0,C8350384902,0.0,0.0,1,0.7333333333333333,1
684,TRANSFER,5.0,C1600566083,6.39,1.39,C9098129449,15613.13,15618.13,0,0.0,0
60,PAYMENT,1.0,C3470617247,0.0,0.0,M6361225622,0.0,0.0,0,0.0,0
92,PAYMENT,200.81,C4662861038,279.52,78.71,M7230477043,0.0,0.0,0,0.0,0
49,PAYMENT,13.42,C3878201524,29.67,16.25,M8058679999,0.0,0.0,0,0.0,0
416,TRANSFER,871.65,C8012696455,991.17,119.52,C2416760621,552.36,552.36,1,0.03,0
550,TRANSFER,117.65,C6110943464,181.02,63.37,C4794276323,1502.2,1619.85,0,0.043333333333333335,0
241,TRANSFER,1090.64,C6313758032,1102.71,12.07,C9673185158,7.89,7.89,1,0.16333333333333333,0
117,DEBIT,206.95,C4526242854,250.85,43.9,M9581187661,0.0,0.0,0,0.016666666666666666,0
653,PAYMENT,1.0,C3612617557,3.13,2.13,M8366710477,0.0,0.0,0,0.0,0
386,TRANSFER,3334.36,C1484230338,10175.03,6840.67,C5625411308,82.02,3416.38,0,0.0,0
521,TRANSFER,2870.63,C5433722159,3449.58,578.95,C8758809005,6893.81,6893.81,1,0.023333333333333334,0
365,PAYMENT,1.68,C7792729530,1.82,0.14,M8858274691,0.0,0.0,0,0.0,0
533,TRANSFER,3303.9,C3280805846,3770.99,467.09,C3047869247,87.45,87.45,1,0.18666666666666668,0
101,CASH_OUT,2796.88,C4638577630,3073.52,276.64,M8458323087,0.0,0.0,1,0.0,0
493,PAYMENT,2232.12,C4888749350,3306.57,1074.45,M3605446007,0.0,0.0,0,0.0,0
691,PAYMENT,66.59,C3047869247,87.45,20.86,M7948094928,0.0,0.0,0,0.0,0
530,CASH_OUT,1213.63,C9953716239,1617.16,403.53,C2960432117,0.0,0.0,1,0.02666666666666667,0
381,PAYMENT,650.7,C4888749350,1074.45,423.75,M6786043791,0.0,0.0,0,0.0,0
218,CASH_IN,120792.14,C1281199333,0.0,120792.14,C8285000265,4.18,4.18,0,0.0,0
482,PAYMENT,55.1,C2369705770,177.65,122.55,M6659847491,0.0,0.0,0,0.0,0
500,PAYMENT,8.69,C7910439839,10.34,1.65,M8768773991,0.0,0.0,0,0.0,0
631,CASH_OUT,3061.62,C8880079328,3324.53,262.91,C5748253283,117.87,117.87,1,0.023333333333333334,0
628,PAYMENT,1.0,C9957643727,0.0,0.0,M5714658227,0.0,0.0,0,0.0,0
215,TRANSFER,128.04,C7059726570,138.63,10.59,M5990749811,0.0,0.0,1,0.16333333333333333,0
26,CASH_OUT,39.41,C8854238082,50.7,11.29,C6474354351,23.53,23.53,0,0.0,0
295,PAYMENT,3.49,C2389803385,6.53,3.04,M7678293431,0.0,0.0,0,0.0,0
185,PAYMENT,5459.79,C1131671246,10437.65,4977.86,M3317856944,0.0,0.0,0,0.0,0
210,PAYMENT,191.76,C6929897032,254.63,62.87,M4390543744,0.0,0.0,0,0.0,0
46,TRANSFER,2899.62,C7475684019,3647.95,748.33,C3245108207,0.0,2899.62,1,0.0033333333333333335,0
448,TRANSFER,62.88,C8926438617,55.0,0.0,M6515490818,0.0,0.0,1,0.22333333333333333,0
128,TRANSFER,5.18,C5028688786,5.46,0.28,C1691293717,102.97,108.15,0,0.05,0
289,PAYMENT,385.62,C6618965944,584.18,198.56,M1888107487,0.0,0.0,0,0.0,0
516,PAYMENT,1.0,C7581349462,0.0,0.0,M5194066484,0.0,0.0,0,0.0,0
518,PAYMENT,1.0,C1682781467,0.0,0.0,M8964269909,0.0,0.0,0,0.0,0
436,TRANSFER,668.94,C7981077394,723.61,54.67,M9523139706,0.0,0.0,1,0.16666666666666666,0
662,CASH_OUT,1.0,C5419627962,0.0,0.0,C6201313620,0.0,0.0,0,0.056666666666666664,0
511,CASH_OUT,226.82,C1459442845,243.65,16.83,M9558906999,0.0,0.0,1,0.04,0
476,PAYMENT,1.0,C1674555072,0.0,0.0,M5714658227,0.0,0.0,0,0.0,0
230,TRANSFER,20.73,C8734449371,52.24,31.51,C7581349462,0.0,20.73,0,0.15666666666666668,0
118,TRANSFER,501.55,C6711463258,634.75,133.2,M5156392601,0.0,0.0,1,0.15333333333333332,0
707,PAYMENT,1.0,C7895255573,0.0,0.0,M7453081889,0.0,0.0,0,0.0033333333333333335,0
144,CASH_IN,1429.01,C9630522755,126.67,1555.68,C6362597344,2.14,2.14,0,0.0,0
269,CASH_OUT,1014.04,C2349641712,975.47,0.0,M6495967005,0.0,0.0,1,0.11666666666666667,0
498,CASH_OUT,231.0,C2079770569,264.88,33.88,M3192202822,0.0,0.0,1,0.04,0
638,PAYMENT,1.0,C7292376027,0.0,0.0,M1099218439,0.0,0.0,0,0.0,0
129,CASH_OUT,19335.68,C1110724913,29746.44,10410.76,C8380507338,0.0,0.0,0,0.0,0
26,PAYMENT,244.87,C5633956194,6666.69,6421.82,M7230477043,0.0,0.0,0,0.0,0
717,CASH_OUT,3620.78,C2591589823,3855.19,234.41,M8821456242,0.0,0.0,1,0.03333333333333333,0
666,TRANSFER,3806.02,C3710566582,3971.29,165.27,C8387664437,0.0,0.0,1,0.3333333333333333,0
654,TRANSFER,1141.36,C5455441991,1085.78,0.0,M9620935604,0.0,0.0,1,0.44,0
152,TRANSFER,65.89,C7759781156,112.65,46.76,C6618965944,198.56,264.45,0,0.006666666666666667,0
139,CASH_OUT,1.0,C6201313620,0.0,0.0,C6122110529,107.86,107.86,0,0.0,0
665,CASH_OUT,295.65,C3846570058,384.32,88.67,M5087280062,0.0,0.0,1,0.02666666666666667,0
84,CASH_IN,38578.6,C1367704871,0.0,38578.6,C4710967433,0.0,0.0,0,0.0,0
566,CASH_OUT,116.09,C3783009621,124.31,8.22,C3482206102,0.0,0.0,0,0.043333333333333335,0
142,TRANSFER,5046.86,C4102821948,7015.8,1968.94,M4896576569,0.0,0.0,1,0.17333333333333334,0
679,PAYMENT,41.32,C7271954644,57.49,16.17,M6651020291,0.0,0.0,0,0.0,0
126,PAYMENT,347.08,C8761956684,567.7,220.62,M1466305100,0.0,0.0,0,0.0,0
116,TRANSFER,723.09,C7374584386,645.81,0.0,C8199372599,3076.01,3799.1,1,0.006666666666666667,0
439,PAYMENT,4.59,C6591038760,21.49,16.9,M5985331805,0.0,0.0,0,0.0,0
309,CASH_OUT,1679.05,C3550908958,56208.04,54528.99,C1173215225,1107.89,1107.89,0,0.0,0
259,PAYMENT,1.0,C5334769475,0.0,0.0,M2156184315,0.0,0.0,0,0.0,0
396,CASH_OUT,1.0,C4635552887,0.0,0.0,C7420493866,0.0,0.0,0,0.03666666666666667,0
442,PAYMENT,70.06,C8015775567,106.35,36.29,M7230477043,0.0,0.0,0,0.0,0
128,CASH_OUT,1.0,C2087974350,0.0,0.0,C4325878813,21.22,21.22,0,0.0,0
406,CASH_OUT,2066.12,C3894673596,2661.68,595.56,C6588316233,30.33,30.33,0,0.01,0
312,PAYMENT,4.8,C1158998032,11.66,6.86,M1096405016,0.0,0.0,0,0.0,0
558,CASH_OUT,1.0,C5275521470,0.0,0.0,C1225953184,0.0,0.0,0,0.06,0
720,CASH_OUT,21.05,C9493209128,34.71,13.66,C5536224717,28745.42,28745.42,0,0.016666666666666666,0
85,TRANSFER,1.0,C2870403050,0.0,0.0,C1149460439,1.14,2.14,0,0.23333333333333334,0
684,CASH_OUT,39924.96,C3971203213,44050.19,4125.23,C4097887746,2404.01,2404.01,1,0.0033333333333333335,0
703,DEBIT,220.64,C2095286033,5269.34,5048.7,M2916502228,0.0,0.0,0,0.02666666666666667,0
274,TRANSFER,27800.3,C1233079614,34195.06,6394.76,M8058679999,0.0,0.0,1,0.25333333333333335,0
460,CASH_OUT,2487.7,C5431267548,3455.43,967.73,C7369118672,0.0,0.0,1,0.05,0
688,CASH_OUT,4879.48,C3971203213,4125.23,0.0,C4062777850,8.55,8.55,1,0.22666666666666666,0
296,TRANSFER,4765.22,C5625980561,6789.9,2024.68,C4696689457,0.0,0.0,1,0.22,0
48,PAYMENT,857.8,C4102821948,1968.94,1111.14,M4035639663,0.0,0.0,0,0.0,0
372,CASH_OUT,27309.03,C6557907251,105484.57,78175.54,C3612617557,2.13,2.13,0,0.0,0
306,CASH_OUT,136.18,C7098134112,178.72,42.54,M8869140487,0.0,0.0,1,0.006666666666666667,0
24,TRANSFER,882.41,C6698759353,795.9,0.0,M6282009986,0.0,0.0,1,0.30666666666666664,0
93,PAYMENT,53.84,C6761084958,81.49,27.65,M7764117705,0.0,0.0,0,0.0,0
557,PAYMENT,7.12,C4907446848,33.17,26.05,M4399143287,0.0,0.0,0,0.0,0
501,CASH_OUT,3869.21,C1225052083,4923.2,1053.99,M7713758036,0.0,0.0,1,0.02666666666666667,0
167,CASH_OUT,795.06,C5293274004,695.41,0.0,C2836553621,0.0,0.0,1,0.08,0
225,PAYMENT,1.0,C5416031878,0.0,0.0,M2418407139,0.0,0.0,0,0.0,0
660,TRANSFER,1.15,C5638860656,1.28,0.13,C1037811610,0.0,1.15,0,0.23,0
284,PAYMENT,28.42,C4631048029,32.36,3.94,M2418407139,0.0,0.0,0,0.0,0
147,TRANSFER,822.63,C6557907251,78175.54,77352.91,C9957643727,0.0,822.63,0,0.0033333333333333335,0
485,TRANSFER,1.0,C3783290795,0.0,0.0,C6276339732,2.24,3.24,0,0.22666666666666666,0
386,CASH_OUT,1.0,C8235363119,0.0,0.0,C1529290976,156.34,156.34,0,0.016666666666666666,0
150,PAYMENT,87.47,C7601519165,112.0,24.53,M8768773991,0.0,0.0,0,0.0,0
344,PAYMENT,1.42,C2424706705,3.35,1.93,M3192202822,0.0,0.0,0,0.0,0
19,PAYMENT,39.86,C2540492440,93.1,53.24,M4399143287,0.0,0.0,0,0.0,0
526,PAYMENT,328.44,C9953716239,403.53,75.09,M5000316394,0.0,0.0,0,0.0,0
51,PAYMENT,19.74,C3258354191,32.38,12.64,M3019265031,0.0,0.0,0,0.0,0
606,TRANSFER,11.56,C6231117883,35.18,23.62,C6534540349,749.79,761.35,0,0.056666666666666664,0
72,PAYMENT,142.51,C7625389037,166.85,24.34,M8548290298,0.0,0.0,0,0.0,0
291,PAYMENT,46.71,C4946081594,63.39,16.68,M6101516825,0.0,0.0,0,0.0,0
362,PAYMENT,1.0,C4070964768,0.0,0.0,M8910440683,0.0,0.0,0,0.0,0
148,CASH_OUT,1.0,C7736142481,0.0,0.0,C7465834732,138.26,138.26,0,0.0,0
642,PAYMENT,126.68,C6656646925,10262.86,10136.18,M3192202822,0.0,0.0,0,0.0,0
49,CASH_OUT,3784.11,C8734449371,4266.53,482.42,M7512767226,0.0,0.0,1,0.0,0
260,CASH_OUT,1227.45,C4506639908,1360.82,133.37,M7651029165,0.0,0.0,1,0.0033333333333333335,0
220,PAYMENT,1.0,C7403028869,0.0,0.0,M3322580659,0.0,0.0,0,0.0,0
680,CASH_OUT,3104.28,C8199372599,3799.1,694.82,C7074050517,113.67,113.67,0,0.023333333333333334,0
463,PAYMENT,1.0,C5586143660,2.61,1.61,M1504729135,0.0,0.0,0,0.0,0
407,TRANSFER,1487.15,C7059726570,1530.81,43.66,M1732578761,0.0,0.0,1,0.23666666666666666,0
244,CASH_OUT,51039.01,C6922713963,67790.46,16751.45,M3208200227,0.0,0.0,1,0.0033333333333333335,0
83,PAYMENT,1.0,C2424706705,1.93,0.93,M1732578761,0.0,0.0,0,0.0,0
61,CASH_OUT,2504.83,C2424706705,2733.68,228.85,C2379592595,441.04,441.04,1,0.0033333333333333335,0
274,TRANSFER,1.0,C2660286914,0.0,0.0,C9986353481,0.29,1.29,0,0.23333333333333334,0
298,CASH_IN,1212.1,C6923301988,29.3,1241.4,C2458198451,464.87,464.87,0,0.0,0
322,PAYMENT,268.5,C9080621072,542.64,274.14,M5325865521,0.0,0.0,0,0.0,0
75,TRANSFER,1.0,C9987064419,0.0,0.0,C2647489402,28.39,29.39,0,0.17666666666666667,0
684,PAYMENT,1.0,C3815389788,0.0,0.0,M8643636805,0.0,0.0,0,0.0,0
415,PAYMENT,1.0,C4026816435,0.0,0.0,M2136107759,0.0,0.0,0,0.0,0
276,PAYMENT,1.0,C2633177480,0.0,0.0,M8646369354,0.0,0.0,0,0.0,0
26,CASH_OUT,313.4,C4482238042,265.31,0.0,M6790024996,0.0,0.0,1,0.01,0
208,CASH_OUT,264.74,C8115628227,330.64,65.9,C7808938880,103643.01,103643.01,1,0.0,0
398,CASH_IN,26618.93,C8796293088,0.0,26618.93,C1834624758,305.87,305.87,0,0.0,0
32,PAYMENT,1.0,C2409274786,0.0,0.0,M1647181551,0.0,0.0,0,0.0,0
61,DEBIT,2.08,C6110646714,5.57,3.49,M3690714075,0.0,0.0,0,0.023333333333333334,0
411,PAYMENT,14.53,C3074232200,30.78,16.25,M1099218439,0.0,0.0,0,0.0,0
646,TRANSFER,1.0,C4248149900,0.0,0.0,C1589582865,2.5,3.5,0,0.22666666666666666,0
5,PAYMENT,142.38,C9702693937,161.46,19.08,M1096405016,0.0,0.0,0,0.0,0
592,CASH_OUT,298.6,C6566372886,293.87,0.0,M1504729135,0.0,0.0,1,0.07666666666666666,0
689,CASH_OUT,1.0,C2503068227,1.13,0.13,C6756711494,1.93,1.93,0,0.056666666666666664,0
583,TRANSFER,621.92,C1065857791,875.15,253.23,C2289624427,172.52,794.44,0,0.03666666666666667,0
187,TRANSFER,34276.36,C2687477596,33989.44,0.0,M5714658227,0.0,0.0,1,0.88,1
403,CASH_OUT,99.9,C7473868020,102.14,2.24,M9773795424,0.0,0.0,1,0.03,0
372,PAYMENT,1.0,C3412365931,0.0,0.0,M3508990774,0.0,0.0,0,0.0,0
257,CASH_OUT,260.75,C3597724331,276.42,15.67,M2121448210,0.0,0.0,1,0.01,0
334,PAYMENT,1.0,C6317152031,0.0,0.0,M4460319291,0.0,0.0,0,0.0,0
125,PAYMENT,1.0,C4636537575,0.0,0.0,M4820942294,0.0,0.0,0,0.0,0
477,CASH_OUT,1.0,C8281641403,0.0,0.0,C4627032705,0.0,0.0,0,0.09333333333333334,0
620,TRANSFER,150.43,C8503368512,165.47,15.04,M2711123163,0.0,0.0,1,0.17666666666666667,0
700,PAYMENT,1.0,C3931997465,0.0,0.0,M1666898313,0.0,0.0,0,0.0,0
511,TRANSFER,41.71,C2094024844,70.67,28.96,C9420979586,0.0,41.71,0,0.17333333333333334,0
610,TRANSFER,146.32,C7519578899,129.42,0.0,C8902114913,165.86,312.18,1,0.10666666666666667,0
121,PAYMENT,1.76,C2260326267,2.34,0.58,M1888107487,0.0,0.0,0,0.0,0
638,PAYMENT,1.0,C4201225242,0.0,0.0,M3119908041,0.0,0.0,0,0.0,0
405,PAYMENT,28.51,C4419410162,34.0,5.49,M7717262223,0.0,0.0,0,0.0,0
369,PAYMENT,4.1,C9493209128,13.66,9.56,M9921025990,0.0,0.0,0,0.0,0
244,PAYMENT,52.33,C3574081104,245.17,192.84,M8626371177,0.0,0.0,0,0.0,0
585,TRANSFER,1.0,C9245348297,0.0,0.0,C4700855390,0.0,1.0,0,0.23,0
292,PAYMENT,1122.39,C5783809766,15296.29,14173.9,M4211837506,0.0,0.0,0,0.0,0
383,PAYMENT,1.0,C9691572571,0.0,0.0,M8858274691,0.0,0.0,0,0.0,0
717,CASH_OUT,71940.36,C2052811909,60983.76,0.0,C3597724331,15.67,15.67,1,0.14,0
719,CASH_OUT,5592.34,C1710924824,5942.42,350.08,C2818381356,167.13,167.13,0,0.03333333333333333,0
15,PAYMENT,1.0,C3849232839,0.0,0.0,M6284297249,0.0,0.0,0,0.0,0
200,TRANSFER,1.0,C6587537178,0.0,0.0,C9305502799,10.09,11.09,0,0.19333333333333333,0
180,CASH_OUT,285.71,C2878930355,249.96,0.0,C7665963761,0.0,0.0,1,0.02,0
521,PAYMENT,1.0,C9553561889,0.0,0.0,M9900829971,0.0,0.0,0,0.0,0
646,PAYMENT,32.12,C9573276057,86.7,54.58,M5000316394,0.0,0.0,0,0.0,0
511,CASH_OUT,1.0,C2351531223,0.0,0.0,C1487258103,609.77,609.77,0,0.06,0
49,TRANSFER,1968.9,C3033747850,1983.99,15.09,M2604788242,0.0,0.0,1,0.35333333333333333,0
173,PAYMENT,150.82,C8831899893,493.35,342.53,M9065458220,0.0,0.0,0,0.0,0
284,CASH_OUT,20.05,C7915226263,46.38,26.33,C7561728644,495.18,495.18,0,0.01,0
325,CASH_OUT,2604.38,C5141593270,2504.34,0.0,M7928143230,0.0,0.0,1,0.12,0
456,PAYMENT,4.23,C5694190173,14.06,9.83,M7702529931,0.0,0.0,0,0.0,0
219,CASH_OUT,1452.71,C1459442845,1949.11,496.4,M6401844042,0.0,0.0,1,0.0,0
640,DEBIT,3.51,C6340003593,15.34,11.83,M2541015125,0.0,0.0,0,0.03,0
50,CASH_OUT,4.68,C7045593274,13.56,8.88,C6921525436,1135.06,1135.06,0,0.0033333333333333335,0
349,PAYMENT,2.54,C4040409964,4.99,2.45,M8910440683,0.0,0.0,0,0.0,0
228,PAYMENT,1.0,C8795212264,0.0,0.0,M4390543744,0.0,0.0,0,0.0,0
473,PAYMENT,1.0,C8441393731,0.0,0.0,M8144889126,0.0,0.0,0,0.0,0
185,PAYMENT,50.36,C5407856339,57.67,7.31,M8044997538,0.0,0.0,0,0.0,0
435,CASH_OUT,893.27,C4518871744,3621.41,2728.14,C3343292475,26912.37,26912.37,0,0.04,0
477,CASH_OUT,1.0,C3869963931,0.0,0.0,C4712367625,3131.31,3131.31,0,0.056666666666666664,0
497,TRANSFER,261.39,C9457665185,262.57,1.18,M7453081889,0.0,0.0,1,0.18666666666666668,0
109,CASH_OUT,617.6,C6493800024,537.04,0.0,M7437168216,0.0,0.0,1,0.10333333333333333,0
288,TRANSFER,6145.93,C7551874474,6010.76,0.0,M6820149016,0.0,0.0,1,0.79,1
485,TRANSFER,1265.9,C7038841740,1236.73,0.0,M7168105904,0.0,0.0,1,0.4666666666666667,0
480,PAYMENT,12.16,C9780187424,15.56,3.4,M9065458220,0.0,0.0,0,0.0,0
548,CASH_IN,2391.47,C4067961943,68.79,2460.26,C7038841740,0.0,0.0,0,0.0,0
265,PAYMENT,8.81,C2867302554,35.03,26.22,M3322580659,0.0,0.0,0,0.0,0
153,PAYMENT,5679.73,C2232285036,12603.33,6923.6,M7969674420,0.0,0.0,0,0.0,0
337,CASH_OUT,667.09,C2145921803,806.45,139.36,C9919491730,1.0,1.0,1,0.016666666666666666,0
488,PAYMENT,3.26,C6046864799,6.29,3.03,M4588312351,0.0,0.0,0,0.0,0
427,TRANSFER,268.14,C5694806361,304.26,36.12,M8458323087,0.0,0.0,1,0.15333333333333332,0
104,CASH_OUT,88.39,C1225447588,75.34,0.0,M8044997538,0.0,0.0,1,0.013333333333333334,0
162,CASH_OUT,1.0,C8669484644,0.0,0.0,C8471762590,347.55,347.55,0,0.0033333333333333335,0
449,TRANSFER,4554.48,C1885113834,4579.8,25.32,M9410569618,0.0,0.0,1,0.5166666666666667,1
78,CASH_OUT,101931.34,C4993808565,88501.91,0.0,M1083302600,0.0,0.0,1,0.04666666666666667,0
226,CASH_OUT,2.18,C3383331379,2.7,0.52,C8134112721,923.2,923.2,0,0.01,0
191,TRANSFER,2478.65,C8852676046,2424.58,0.0,C2188332531,18.3,2496.95,1,0.2733333333333333,0
313,PAYMENT,1672.89,C4097887746,2404.01,731.12,M2839566253,0.0,0.0,0,0.0,0
284,CASH_OUT,2350.28,C5861829469,2418.12,67.84,C1521521078,2656.29,2656.29,1,0.0,0
74,CASH_OUT,3617.93,C1430073711,3697.0,79.07,M8861351706,0.0,0.0,1,0.0033333333333333335,0
381,CASH_OUT,158.18,C9155819200,214.38,56.2,C3258354191,12.64,12.64,1,0.006666666666666667,0
262,CASH_OUT,53.27,C5508149905,72.87,19.6,C9987064419,0.0,0.0,0,0.0033333333333333335,0
410,PAYMENT,65.06,C6884333221,184.89,119.83,M3469205576,0.0,0.0,0,0.0,0
55,TRANSFER,1.0,C7321180787,0.0,0.0,C1600337712,0.0,1.0,0,0.23,0
209,TRANSFER,3024.87,C9471306442,3941.69,916.82,M6041646576,0.0,0.0,1,0.21,0
409,PAYMENT,9.76,C1207916194,11.08,1.32,M4641902461,0.0,0.0,0,0.0,0
403,CASH_OUT,1.0,C5704029171,0.0,0.0,C2721355673,998.49,998.49,0,0.02,0
527,TRANSFER,4216.33,C1613549255,3541.11,0.0,C7608153267,52.39,52.39,1,0.75,1
460,CASH_OUT,1.0,C2836553621,0.0,0.0,C7292376027,0.0,0.0,0,0.09333333333333334,0
490,CASH_OUT,703.24,C2079770569,875.19,171.95,M3811254192,0.0,0.0,1,0.04666666666666667,0
169,PAYMENT,1.0,C2178884276,0.0,0.0,M3495411322,0.0,0.0,0,0.0,0
388,PAYMENT,9.79,C5187948804,19.4,9.61,M4093474499,0.0,0.0,0,0.0,0
342,TRANSFER,25.93,C5728765136,33.94,8.01,C6726515966,0.0,25.93,0,0.15,0
495,CASH_OUT,1.0,C7135394336,0.0,0.0,C9438411468,8.08,8.08,0,0.05333333333333334,0
202,TRANSFER,174.82,C7534583219,269.61,94.79,C2948728483,9634.96,9809.78,0,0.0,0
46,CASH_OUT,2.38,C4419410162,5.49,3.11,C2699887270,0.0,0.0,0,0.0033333333333333335,0
612,DEBIT,1.0,C4566852761,0.0,0.0,M8389750357,0.0,0.0,0,0.05333333333333334,0
717,PAYMENT,1.0,C1939042955,1.04,0.04,M7928143230,0.0,0.0,0,0.0,0
220,CASH_IN,31878.68,C2268006448,663.56,32542.24,C2289624427,794.44,794.44,0,0.0,0
17,CASH_OUT,3578.56,C3713284816,4402.55,823.99,C1112794026,1.76,1.76,1,0.0,0
90,CASH_OUT,349.77,C7019900273,380.49,30.72,C8987073217,3.75,3.75,0,0.0,0
601,CASH_OUT,4891.23,C7316122432,4231.95,0.0,C5140460939,554.12,554.12,1,0.23666666666666666,0
507,DEBIT,19.88,C8351491401,29.12,9.24,M8458323087,0.0,0.0,0,0.03,0
562,PAYMENT,1.1,C2407863065,1.37,0.27,M8058679999,0.0,0.0,0,0.0,0
62,CASH_OUT,6.84,C6311894154,11.56,4.72,C8106401208,0.0,0.0,0,0.0033333333333333335,0
714,TRANSFER,1.45,C1139082827,5.24,3.79,C6928691380,100.37,101.82,0,0.09,0
605,CASH_IN,46576.97,C9309500117,0.0,46576.97,C8505373158,119.74,119.74,0,0.0,0
496,PAYMENT,383.17,C9123207735,28573.88,28190.71,M4158643786,0.0,0.0,0,0.0,0
104,TRANSFER,1.0,C5492496998,0.0,0.0,C4490722186,15514.5,15515.5,0,0.0033333333333333335,0
65,CASH_OUT,3.14,C8151583833,7.46,4.32,C8299146480,108.65,108.65,0,0.0,0
214,PAYMENT,436.39,C8617360361,492.64,56.25,M9068916300,0.0,0.0,0,0.0,0
114,TRANSFER,1.0,C1546696950,0.0,0.0,C5523703900,62.08,63.08,0,0.12,0
382,CASH_OUT,26.62,C6065662867,55.34,28.72,C8076527214,53237.36,53237.36,0,0.0,0
361,CASH_OUT,1.0,C7146318035,0.0,0.0,C2317723211,124.09,124.09,0,0.013333333333333334,0
573,PAYMENT,1.0,C7242730249,0.0,0.0,M9590331226,0.0,0.0,0,0.0,0
623,PAYMENT,1.0,C5696548897,0.0,0.0,M1783432867,0.0,0.0,0,0.0,0
685,TRANSFER,1.14,C2111272861,4.02,2.88,C3978287288,0.0,1.14,0,0.18,0
59,TRANSFER,35.98,C7193532615,171.42,135.44,C1809283659,0.0,35.98,0,0.14666666666666667,0
707,PAYMENT,194.71,C5184564874,814.16,619.45,M9921025990,0.0,0.0,0,0.0,0
279,TRANSFER,9.7,C7333316743,23.01,13.31,C5144289583,213.59,223.29,0,0.023333333333333334,0
547,CASH_OUT,1.0,C1965067727,0.17,0.0,C5067116918,521.39,521.39,0,0.06333333333333334,0
406,CASH_OUT,2.41,C7299420031,11.39,8.98,C4037867512,0.0,0.0,0,0.02,0
309,TRANSFER,3919.82,C7645527239,4201.95,282.13,M3660800029,0.0,0.0,1,0.23333333333333334,0
200,CASH_OUT,896.19,C1506211965,810.47,0.0,M9640701016,0.0,0.0,1,0.08333333333333333,0
189,TRANSFER,15030.14,C8122042835,16827.89,1797.75,C5748253283,117.87,117.87,1,0.06666666666666667,0
318,CASH_OUT,8906.31,C7805633786,11661.33,2755.02,C4658080160,117.71,117.71,1,0.006666666666666667,0
87,CASH_OUT,1555.44,C4427620889,1730.33,174.89,M4689605624,0.0,0.0,1,0.0,0
463,PAYMENT,1.0,C9650701349,0.0,0.0,M6894024976,0.0,0.0,0,0.0,0
411,PAYMENT,1.0,C8925520026,0.0,0.0,M8740820392,0.0,0.0,0,0.0,0
391,CASH_OUT,389.68,C4508521152,1016.48,626.8,C7824150224,1.33,1.33,0,0.02,0
499,CASH_OUT,4616.87,C8816681105,4931.71,314.84,M3536590481,0.0,0.0,1,0.03333333333333333,0
564,TRANSFER,26532.12,C7685540186,23836.1,0.0,M6692705133,0.0,0.0,1,0.9566666666666667,1
263,PAYMENT,201.51,C2994056084,213.35,11.84,M1711271599,0.0,0.0,0,0.0,0
123,TRANSFER,76.94,C5072538783,205.84,128.9,C7287517250,0.0,76.94,0,0.13,0
501,CASH_OUT,71.41,C5774080233,67.92,0.0,M3690714075,0.0,0.0,1,0.07,0
610,PAYMENT,1.11,C3361388464,5.5,4.39,M4892544235,0.0,0.0,0,0.0,0
292,PAYMENT,10.07,C8295757364,35.1,25.03,M1306420495,0.0,0.0,0,0.0,0
711,CASH_OUT,158.67,C4427620889,174.89,16.22,C8933377472,0.0,0.0,0,0.03333333333333333,0
453,CASH_OUT,12246.22,C7928074841,11864.28,0.0,M6284297249,0.0,0.0,1,0.21666666666666667,0
204,TRANSFER,57.69,C2068687175,67.61,9.92,M6606958660,0.0,0.0,1,0.16666666666666666,0
639,CASH_OUT,34.92,C7098134112,42.54,7.62,C6496596008,61077.96,61077.96,0,0.01,0
685,CASH_OUT,16.13,C2149938334,19.48,3.35,C3978287288,1.14,1.14,0,0.04,0
362,PAYMENT,168.79,C6887132821,269.03,100.24,M1732578761,0.0,0.0,0,0.0,0
590,TRANSFER,1.0,C2524751277,0.0,0.0,C4037270171,111.1,112.1,0,0.13333333333333333,0
625,CASH_OUT,194.08,C7242730249,240.53,46.45,M9065458220,0.0,0.0,1,0.03333333333333333,0
108,CASH_OUT,1.0,C2503068227,0.13,0.0,C6458544482,34570.98,34570.98,0,0.0,0
430,CASH_OUT,1.0,C6246716604,0.0,0.0,C1553155490,52.61,52.61,0,0.07666666666666666,0
285,CASH_OUT,150.84,C3250402001,202.37,51.53,M9822499208,0.0,0.0,1,0.01,0
133,PAYMENT,259.51,C6959501845,3642.92,3383.41,M5990749811,0.0,0.0,0,0.0,0
368,CASH_OUT,1094.66,C9370133343,997.31,0.0,C9505085936,971.8,971.8,1,0.10666666666666667,0
577,TRANSFER,1.0,C4386667704,0.0,0.0,C8902275119,92.13,93.13,0,0.13666666666666666,0
121,TRANSFER,1353.7,C9738752801,1737.27,383.57,C6591038760,16.9,1370.6,1,0.006666666666666667,0
200,PAYMENT,1.49,C8285000265,4.18,2.69,M5794335854,0.0,0.0,0,0.0,0
460,PAYMENT,8.64,C5694190173,9.83,1.19,M9581187661,0.0,0.0,0,0.0,0
419,TRANSFER,1.0,C5141593270,0.0,0.0,C3319936135,0.0,1.0,0,0.20666666666666667,0
332,PAYMENT,1.0,C2878930355,0.0,0.0,M3580582653,0.0,0.0,0,0.0,0
702,TRANSFER,3746.44,C7083067988,3762.55,16.11,C4731897202,0.77,0.77,1,0.5066666666666667,1
676,TRANSFER,1374.18,C1311570307,3560.33,2186.15,C3095318649,0.0,1374.18,0,0.056666666666666664,0
456,CASH_OUT,732.13,C1952396600,886.45,154.32,C7934137693,0.0,0.0,0,0.07,0
12,CASH_IN,31606.9,C3030106617,0.23,31607.13,C3260842187,29.2,29.2,0,0.0,0
542,PAYMENT,21463.51,C5367513465,37076.07,15612.56,M8964269909,0.0,0.0,0,0.0,0
323,TRANSFER,4963.54,C2409274786,4555.87,0.0,M6992094064,0.0,0.0,1,0.76,1
421,CASH_IN,42847.24,C6341783555,0.0,42847.24,C5819946657,53.0,53.0,0,0.0,0
305,PAYMENT,981.38,C1173215225,1107.89,126.51,M6199197408,0.0,0.0,0,0.0,0
321,PAYMENT,9.8,C8995970241,20.11,10.31,M8768773991,0.0,0.0,0,0.0,0
351,TRANSFER,1557.8,C8663837890,74176.87,72619.07,C2289624427,794.44,2352.24,0,0.0,0
556,DEBIT,17.21,C7103588071,46.58,29.37,M3517195150,0.0,0.0,0,0.03,0
107,TRANSFER,1.0,C3346569443,0.0,0.0,C7098134112,7.62,8.62,0,0.19333333333333333,0
18,PAYMENT,28.77,C4956843441,49.79,21.02,M6651754819,0.0,0.0,0,0.0,0
104,CASH_OUT,1.0,C3821211202,0.0,0.0,C4490722186,15515.5,15515.5,0,0.0,0
72,CASH_OUT,1.0,C4159699467,0.0,0.0,C5933179746,8882.8,8882.8,0,0.006666666666666667,0
483,TRANSFER,4958.88,C3384006407,6711.44,1752.56,C7462972995,8.62,4967.5,0,0.05,0
107,TRANSFER,161.24,C9115282784,258.3,97.06,C9621419224,41.99,203.23,0,0.04666666666666667,0
277,DEBIT,1.02,C8316205130,253.91,252.89,M9098037639,0.0,0.0,0,0.01,0
216,DEBIT,1.0,C5634076661,0.0,0.0,M4588312351,0.0,0.0,0,0.03,0
121,CASH_OUT,33.97,C5071897791,38.7,4.73,C5135595227,17.74,17.74,0,0.0,0
374,TRANSFER,161.03,C7420846622,164.66,3.63,C9508499533,0.0,0.0,1,0.17,0
84,PAYMENT,1.0,C1484664056,0.0,0.0,M5270048042,0.0,0.0,0,0.0,0
149,CASH_OUT,1.0,C2247484671,0.0,0.0,C9986353481,1.29,1.29,0,0.0033333333333333335,0
551,PAYMENT,85.59,C1590838716,105.93,20.34,M3156792018,0.0,0.0,0,0.0,0
627,PAYMENT,48.75,C8309221034,63.88,15.13,M1692044390,0.0,0.0,0,0.0,0
41,CASH_OUT,511.16,C2458198451,464.87,0.0,C2777816561,23.44,23.44,1,0.01,0
56,TRANSFER,28.56,C3338877621,32.68,4.12,C6982610835,10923.7,10952.26,0,0.0,0
630,PAYMENT,148.72,C4503614567,149.69,0.97,M7168105904,0.0,0.0,0,0.0,0
134,PAYMENT,250.33,C6168291913,421.37,171.04,M3846182436,0.0,0.0,0,0.0,0
272,TRANSFER,1187.12,C1110533960,2614.66,1427.54,C2419931729,70.8,1257.92,0,0.0033333333333333335,0
320,PAYMENT,5.54,C7333316743,13.31,7.77,M9900829971,0.0,0.0,0,0.0,0
234,TRANSFER,1.0,C7792729530,0.14,0.0,C1242425303,0.0,1.0,0,0.23,0
636,DEBIT,1.0,C4630196130,0.0,0.0,M6763471833,0.0,0.0,0,0.05333333333333334,0
131,TRANSFER,21153.89,C8390631634,25257.8,4103.91,C1691293717,108.15,108.15,1,0.04666666666666667,0
248,PAYMENT,816.5,C6334440295,2123.69,1307.19,M9398575277,0.0,0.0,0,0.0,0
339,CASH_OUT,1.0,C8235363119,0.0,0.0,C1033015788,0.0,0.0,0,0.03333333333333333,0
284,PAYMENT,64.68,C2369705770,122.55,57.87,M2328736852,0.0,0.0,0,0.0,0
596,TRANSFER,5499.93,C6640801643,6388.46,888.53,C5125568431,3.32,5503.25,0,0.056666666666666664,0
233,DEBIT,1.0,C2073108894,0.0,0.0,M7713758036,0.0,0.0,0,0.03333333333333333,0
2,TRANSFER,16.88,C4268713302,48.65,31.77,C3931997465,0.0,16.88,0,0.15333333333333332,0
363,PAYMENT,167.97,C5976777081,217.65,49.68,M7764117705,0.0,0.0,0,0.0,0
634,PAYMENT,2574.17,C8663837890,72619.07,70044.9,M6865994703,0.0,0.0,0,0.0,0
319,PAYMENT,17052.95,C2268006448,32542.24,15489.29,M5891831621,0.0,0.0,0,0.0,0
604,PAYMENT,106.35,C6157617867,215.42,109.07,M2187592160,0.0,0.0,0,0.0,0
36,CASH_OUT,14.09,C3878201524,16.25,2.16,C1707196784,0.0,0.0,0,0.0033333333333333335,0
207,CASH_OUT,1812.34,C7872873371,1749.48,0.0,M3965860354,0.0,0.0,1,0.05,0
65,CASH_OUT,1.0,C8468071953,0.0,0.0,C1094115188,14.71,14.71,0,0.0033333333333333335,0
718,PAYMENT,1.0,C4536306171,0.36,0.0,M6041646576,0.0,0.0,0,0.0,0
660,PAYMENT,11.54,C7660157097,16.22,4.68,M8063693463,0.0,0.0,0,0.0,0
176,CASH_OUT,2519.95,C9078786223,2447.27,0.0,C2578662692,124.43,124.43,1,0.043333333333333335,0
53,TRANSFER,19.21,C5998623100,28.97,9.76,C2610237679,0.0,19.21,0,0.16,0
107,CASH_OUT,405.61,C1513003815,470.56,64.95,C2445662585,0.0,0.0,1,0.0033333333333333335,0
254,CASH_OUT,2470.82,C1422701550,3005.81,534.99,M5000316394,0.0,0.0,1,0.0033333333333333335,0
486,DEBIT,473.76,C3589530484,604.67,130.91,M9581187661,0.0,0.0,0,0.03,0
8,TRANSFER,1856.98,C4783282817,1878.1,21.12,C1847275937,0.0,0.0,1,0.27666666666666667,0
218,PAYMENT,1.0,C6246716604,0.0,0.0,M4125758723,0.0,0.0,0,0.0,0
210,CASH_OUT,1.0,C1484664056,0.0,0.0,C5358791907,511.41,511.41,0,0.01,0
399,CASH_OUT,1377.62,C8274273035,1178.93,0.0,M1999913493,0.0,0.0,1,0.13,0
64,PAYMENT,4947.67,C3744446292,8244.18,3296.51,M2555936898,0.0,0.0,0,0.0,0
396,PAYMENT,125.64,C9080621072,274.14,148.5,M6771941776,0.0,0.0,0,0.0,0
319,CASH_IN,21905.93,C4642197907,475.62,22381.55,C1306702926,24749.99,24749.99,0,0.0,0
73,CASH_OUT,4037.1,C7801180691,3993.17,0.0,C3923823693,0.0,0.0,1,0.04666666666666667,0
92,TRANSFER,35878.68,C7575259637,39220.51,3341.83,M9933702652,0.0,0.0,1,0.24333333333333335,0
515,CASH_OUT,3873.22,C5728897164,4599.75,726.53,M6992094064,0.0,0.0,1,0.02666666666666667,0
78,PAYMENT,4.79,C1590838716,20.34,15.55,M6845287382,0.0,0.0,0,0.0,0
603,PAYMENT,1.0,C2687477596,0.0,0.0,M7651029165,0.0,0.0,0,0.0,0
77,PAYMENT,46.8,C6509985983,60.9,14.1,M4665677395,0.0,0.0,0,0.0,0
665,PAYMENT,1.0,C5418232833,0.0,0.0,M9896529524,0.0,0.0,0,0.0,0
189,TRANSFER,4154.96,C5419627962,4690.88,535.92,C9730449971,203.63,203.63,1,0.02,0
599,PAYMENT,1340.2,C2645272822,1513.05,172.85,M5194066484,0.0,0.0,0,0.0,0
413,CASH_IN,116522.12,C8570333548,0.0,116522.12,C8168036130,218.07,218.07,0,0.0,0
668,PAYMENT,1.0,C7483366056,0.0,0.0,M8063693463,0.0,0.0,0,0.0,0
292,TRANSFER,144.62,C4277561834,149.81,5.19,C7174772035,318.38,318.38,1,0.0033333333333333335,0
535,PAYMENT,319.54,C7196439534,590.26,270.72,M7702529931,0.0,0.0,0,0.0,0
454,CASH_OUT,90.62,C9943959352,98.48,7.86,M6932365592,0.0,0.0,1,0.056666666666666664,0
82,PAYMENT,1.0,C6496933442,0.0,0.0,M2391874847,0.0,0.0,0,0.0,0
564,CASH_OUT,11.2,C8048810275,200.23,189.03,C9894847574,0.0,0.0,0,0.02666666666666667,0
473,TRANSFER,3656.95,C3528924461,3342.68,0.0,M9900829971,0.0,0.0,1,0.9133333333333333,1
149,PAYMENT,1.0,C7887950851,0.0,0.0,M9576264323,0.0,0.0,0,0.0,0
192,CASH_IN,3505.62,C7824150224,1.33,3506.95,C5728765136,8.01,8.01,0,0.0,0
339,PAYMENT,1.0,C4956362540,0.0,0.0,M8548290298,0.0,0.0,0,0.0,0
338,TRANSFER,840.91,C8477300991,880.76,39.85,C5625342041,31.69,31.69,1,0.11666666666666667,0
245,CASH_OUT,172.21,C3294092753,239.75,67.54,M9822499208,0.0,0.0,1,0.0033333333333333335,0
225,TRANSFER,1848.6,C3045102506,2313.8,465.2,M1257854279,0.0,0.0,1,0.19333333333333333,0
629,TRANSFER,2097.8,C4693510920,1885.36,0.0,M8790289305,0.0,0.0,1,0.7666666666666667,1
129,TRANSFER,2573.71,C8879525611,2281.92,0.0,M1368287033,0.0,0.0,1,0.72,1
227,TRANSFER,1.01,C3338877621,4.12,3.11,C4919706735,0.0,1.01,0,0.17,0
394,PAYMENT,1.0,C6717963562,0.0,0.0,M9900829971,0.0,0.0,0,0.0,0
236,CASH_OUT,5.28,C5407856339,7.31,2.03,C4635552887,0.0,0.0,0,0.016666666666666666,0
423,PAYMENT,7.94,C8418332121,12.36,4.42,M8063693463,0.0,0.0,0,0.0,0
616,TRANSFER,6.03,C5400463094,19.93,13.9,C2761091683,13.65,19.68,0,0.14333333333333334,0
606,CASH_OUT,58.27,C2145921803,139.36,81.09,C5899025962,0.0,0.0,0,0.03333333333333333,0
691,PAYMENT,15.78,C4026113008,49.14,33.36,M6011842297,0.0,0.0,0,0.0,0
10,TRANSFER,1.0,C4660390742,0.0,0.0,C5607762160,0.0,1.0,0,0.19666666666666666,0
531,PAYMENT,778.57,C9526836552,2880.38,2101.81,M4554178984,0.0,0.0,0,0.0,0
527,PAYMENT,1.0,C7183058541,0.0,0.0,M4896576569,0.0,0.0,0,0.0,0
354,DEBIT,30.1,C1494287462,86.81,56.71,M6275155878,0.0,0.0,0,0.023333333333333334,0
591,CASH_OUT,15.28,C7340498236,28.76,13.48,C1659663750,89.35,89.35,0,0.03,0
181,CASH_OUT,2.89,C9305502799,11.09,8.2,C6929897032,62.87,62.87,0,0.0,0
529,PAYMENT,1246.33,C3147818256,1391.86,145.53,M2391874847,0.0,0.0,0,0.0,0
7,CASH_OUT,3302.42,C3555656321,4000.81,698.39,M3369412470,0.0,0.0,1,0.0,0
493,PAYMENT,1.0,C2017675569,0.0,0.0,M5891831621,0.0,0.0,0,0.0,0
44,CASH_OUT,35.68,C2465576748,149.76,114.08,C9844874547,581.94,581.94,0,0.01,0
679,PAYMENT,386.67,C9842186844,892.18,505.51,M3831598303,0.0,0.0,0,0.0,0
381,TRANSFER,18280.78,C1378134712,19113.7,832.92,C1717346250,282.2,282.2,1,0.023333333333333334,0
583,CASH_OUT,1.0,C8151583833,4.32,3.32,C9147687657,925.72,925.72,0,0.03666666666666667,0
652,PAYMENT,1.0,C5118430494,0.0,0.0,M9288057824,0.0,0.0,0,0.0,0
544,CASH_OUT,93.04,C2982979741,77.87,0.0,M2518433834,0.0,0.0,1,0.07,0
257,CASH_OUT,291.46,C9725528903,247.0,0.0,C5754363475,90.16,90.16,1,0.023333333333333334,0
247,PAYMENT,2859.82,C7666129822,9741.14,6881.32,M8389750357,0.0,0.0,0,0.0,0
138,CASH_OUT,1.0,C7928074841,0.0,0.0,C5092199300,297.06,297.06,0,0.0033333333333333335,0
460,TRANSFER,835.8,C8318855178,797.57,0.0,M9918338001,0.0,0.0,1,0.4,0
34,CASH_OUT,3.62,C6131005449,10.44,6.82,C8203447752,205.63,205.63,0,0.0,0
278,TRANSFER,277.74,C9333490239,303.06,25.32,M7951820749,0.0,0.0,1,0.16,0
646,TRANSFER,2318.23,C6720396142,2484.78,166.55,C8168036130,218.07,2536.3,0,0.06333333333333334,0
153,TRANSFER,19.65,C2647489402,29.39,9.74,C2721355673,998.49,1018.14,0,0.006666666666666667,0
19,DEBIT,1.55,C5884080139,11862.17,11860.62,M3831598303,0.0,0.0,0,0.01,0
310,PAYMENT,1.0,C3821211202,0.0,0.0,M6284297249,0.0,0.0,0,0.0,0
362,CASH_OUT,76.7,C2612579345,427.37,350.67,C5419627962,535.92,535.92,0,0.01,0
361,PAYMENT,1.0,C3667292043,0.0,0.0,M7928143230,0.0,0.0,0,0.0,0
231,PAYMENT,19.31,C5307145891,54.95,35.64,M9977193987,0.0,0.0,0,0.0,0
378,CASH_OUT,8.33,C9954587710,18.35,10.02,C4683935600,33.86,33.86,0,0.0033333333333333335,0
581,PAYMENT,70.69,C8322868827,103.88,33.19,M1458227039,0.0,0.0,0,0.0,0
671,PAYMENT,38.62,C6000952470,171.46,132.84,M3811254192,0.0,0.0,0,0.0,0
650,PAYMENT,1.0,C7452729913,0.0,0.0,M1199447370,0.0,0.0,0,0.0,0
565,CASH_OUT,4074.51,C5130589741,7614.95,3540.44,C5710360983,526.12,526.12,0,0.013333333333333334,0
231,CASH_OUT,4259.12,C4736031885,4501.72,242.6,C1065857791,253.23,253.23,1,0.006666666666666667,0
457,TRANSFER,761.64,C4422700486,992.9,231.26,C5736462531,81.28,842.92,0,0.03666666666666667,0
233,CASH_OUT,1.0,C4566852761,0.0,0.0,C5144289583,223.29,223.29,0,0.0,0
152,PAYMENT,45.42,C8057994126,179.41,133.99,M8443061472,0.0,0.0,0,0.0,0
23,PAYMENT,3198.98,C5283911723,12344.42,9145.44,M9255306810,0.0,0.0,0,0.0,0
30,TRANSFER,76.09,C1257324536,133.02,56.93,C1430073711,79.07,155.16,0,0.03666666666666667,0
588,PAYMENT,6629.94,C2979958124,83697.9,77067.96,M6053489772,0.0,0.0,0,0.0,0
699,TRANSFER,78.41,C3147818256,145.53,67.12,C8309221034,15.13,93.54,0,0.13333333333333333,0
487,PAYMENT,9.58,C7581349462,20.73,11.15,M6011842297,0.0,0.0,0,0.0,0
622,DEBIT,4.5,C3305069227,10.11,5.61,M7702529931,0.0,0.0,0,0.03,0
16,PAYMENT,49.64,C1304205279,82.34,32.7,M2228388623,0.0,0.0,0,0.0,0
247,TRANSFER,1.0,C7832220535,0.0,0.0,C7699500243,0.0,1.0,0,0.23333333333333334,0
559,PAYMENT,4.27,C8858766173,14.22,9.95,M5449848690,0.0,0.0,0,0.0,0
620,TRANSFER,1.68,C9305502799,8.2,6.52,C2224363672,133.56,135.24,0,0.08,0
684,CASH_OUT,54362.35,C9032096058,103255.39,48893.04,C1110724913,10410.76,10410.76,0,0.0,0
4,TRANSFER,1116.72,C9630522755,1555.68,438.96,C7517938612,0.0,0.0,1,0.12,0
118,TRANSFER,442.55,C8755749566,1813.35,1370.8,C1471997674,228.88,671.43,0,0.0033333333333333335,0
621,PAYMENT,13.75,C6012067717,56.79,43.04,M9933702652,0.0,0.0,0,0.0,0
104,TRANSFER,960.37,C6789292252,1148.43,188.06,C5215140451,19.81,980.18,0,0.0033333333333333335,0
37,CASH_OUT,2608.83,C2125089309,3267.06,658.23,M8964269909,0.0,0.0,1,0.0,0
361,TRANSFER,630.59,C7508080884,1242.42,611.83,C3169561289,42.22,672.81,0,0.006666666666666667,0
123,DEBIT,1.0,C1225953184,0.0,0.0,M3536590481,0.0,0.0,0,0.023333333333333334,0
347,CASH_OUT,219.75,C8880079328,262.91,43.16,M4601406440,0.0,0.0,1,0.013333333333333334,0
558,CASH_OUT,2241.45,C2654584280,2236.16,0.0,M5985331805,0.0,0.0,1,0.19333333333333333,0
635,CASH_OUT,1916.93,C1234359689,2946.18,1029.25,C8453283834,19.14,19.14,0,0.023333333333333334,0
684,CASH_OUT,117.07,C8588769565,291.5,174.43,C1094115188,14.71,14.71,0,0.023333333333333334,0
101,CASH_OUT,3824.09,C6852312425,4108.52,284.43,M6498703287,0.0,0.0,1,0.0,0
538,CASH_OUT,7172.25,C2232285036,6923.6,0.0,M1368287033,0.0,0.0,1,0.24,0
251,TRANSFER,91.37,C2224363672,135.24,43.87,C3245108207,2899.62,2990.99,0,0.0,0
610,PAYMENT,1.4,C2075413763,1.86,0.46,M8821456242,0.0,0.0,0,0.0,0
365,CASH_OUT,1940.14,C2283298067,1909.51,0.0,C4201225242,0.0,0.0,1,0.12333333333333334,0
299,PAYMENT,11.21,C9432088993,19.31,8.1,M8102481401,0.0,0.0,0,0.0,0
612,TRANSFER,2624.45,C5354747485,2197.99,0.0,C8178927766,1308.6,1308.6,1,0.34,0
643,PAYMENT,4790.61,C1855256552,9519.47,4728.86,M9020002737,0.0,0.0,0,0.0,0
107,TRANSFER,911.56,C1011759631,1114.92,203.36,M4158643786,0.0,0.0,1,0.10333333333333333,0
482,TRANSFER,2092.76,C7462972995,4967.5,2874.74,C7608153267,52.39,2145.15,0,0.05333333333333334,0
267,TRANSFER,1091.62,C7857580528,1185.23,93.61,C4895020135,0.0,0.0,1,0.19666666666666666,0
240,DEBIT,1.0,C2513206988,0.0,0.0,M6786043791,0.0,0.0,0,0.03666666666666667,0
595,CASH_IN,79252.02,C8458717057,1.97,79253.99,C8076527214,53237.36,53237.36,0,0.0,0
203,TRANSFER,2.43,C2068687175,9.92,7.49,C1050899550,297.95,300.38,0,0.006666666666666667,0
654,TRANSFER,360.72,C1099541460,429.8,69.08,M3438830691,0.0,0.0,1,0.17333333333333334,0
292,PAYMENT,29.87,C9274189261,58.73,28.86,M9098037639,0.0,0.0,0,0.0,0
92,CASH_OUT,191.87,C1741134891,226.94,35.07,C6844582171,19.32,19.32,1,0.0,0
211,TRANSFER,1800.39,C1551395583,2074.31,273.92,M7341757401,0.0,0.0,1,0.17666666666666667,0
687,CASH_OUT,1611.37,C9067664957,3175.35,1563.98,C5735817014,1953.26,1953.26,0,0.016666666666666666,0
191,PAYMENT,1448.14,C7767834064,2771.82,1323.68,M3495411322,0.0,0.0,0,0.0,0
204,TRANSFER,4568.99,C6585609060,3900.89,0.0,M1732578761,0.0,0.0,1,0.8066666666666666,1
530,CASH_OUT,1062.82,C3429019820,1053.8,0.0,M4554178984,0.0,0.0,1,0.21,0
714,CASH_IN,6241.23,C8182649048,21.9,6263.13,C1558631501,0.0,0.0,0,0.0,0
39,CASH_OUT,1077.1,C7757700186,930.68,0.0,C3436297208,2.19,2.19,1,0.056666666666666664,0
32,CASH_OUT,20962.71,C7988845536,19356.31,0.0,C4914929023,0.0,0.0,1,0.09,0
439,PAYMENT,78.99,C1121863227,105.13,26.14,M2625035499,0.0,0.0,0,0.0,0
33,PAYMENT,1.0,C7979466538,0.0,0.0,M9631695368,0.0,0.0,0,0.0,0
599,TRANSFER,3312.73,C6588316233,4387.05,1074.32,M4125758723,0.0,0.0,1,0.31333333333333335,0
493,CASH_OUT,1.0,C1561417687,0.0,0.0,C9303765140,1151.73,1151.73,0,0.04666666666666667,0
612,PAYMENT,247.42,C9505085936,971.8,724.38,M3566125120,0.0,0.0,0,0.0,0
428,PAYMENT,298.44,C9989642546,2942.45,2644.01,M7168105904,0.0,0.0,0,0.0,0
514,TRANSFER,5252.49,C6875597607,4563.28,0.0,C3117951204,139.22,5391.71,1,0.28,0
590,PAYMENT,32.69,C1099541460,69.08,36.39,M7664045502,0.0,0.0,0,0.0,0
352,TRANSFER,364.23,C1674755608,303.59,0.0,C1506211965,0.0,0.0,1,0.23,0
286,CASH_OUT,1.0,C2846465000,0.0,0.0,C5140460939,554.12,554.12,0,0.03666666666666667,0
637,PAYMENT,324.45,C2905584866,504.55,180.1,M6284297249,0.0,0.0,0,0.0,0
686,PAYMENT,1.0,C7829772942,0.0,0.0,M2129491690,0.0,0.0,0,0.0,0
40,PAYMENT,1.0,C3664052763,0.0,0.0,M3965860354,0.0,0.0,0,0.0,0
497,PAYMENT,1.0,C3207160929,0.0,0.0,M2916502228,0.0,0.0,0,0.0,0
56,TRANSFER,64.5,C2905584866,180.1,115.6,C1106456634,166.23,230.73,0,0.023333333333333334,0
537,CASH_OUT,5440.93,C8669484644,4610.91,0.0,M6894024976,0.0,0.0,1,0.20666666666666667,0
659,PAYMENT,59.53,C9292791081,138.16,78.63,M2635881694,0.0,0.0,0,0.0,0
225,CASH_OUT,5835.06,C3117951204,5391.71,0.0,C9611537583,90772.2,90772.2,1,0.023333333333333334,0
68,TRANSFER,54.79,C6995554056,64.54,9.75,M1647181551,0.0,0.0,1,0.17,0
337,TRANSFER,1.0,C7519578899,0.0,0.0,C5268845844,10.85,11.85,0,0.18333333333333332,0
714,CASH_OUT,1.0,C8636525027,0.0,0.0,C4877520294,12287.98,12287.98,0,0.02666666666666667,0
141,CASH_OUT,2725.01,C6048096802,3736.52,1011.51,C6204041308,0.0,0.0,1,0.0,0
667,CASH_OUT,2006.41,C3358880404,2000.56,0.0,M6651020291,0.0,0.0,1,0.17,0
475,PAYMENT,43.12,C1563524533,58.66,15.54,M5564953924,0.0,0.0,0,0.0,0
67,TRANSFER,605.85,C5310195918,831.23,225.38,C7666129822,6881.32,7487.17,0,0.0,0
559,CASH_IN,13857.76,C6317889312,314.49,14172.25,C6952291828,92.59,92.59,0,0.0,0
165,PAYMENT,2.18,C8858766173,9.95,7.77,M6130446648,0.0,0.0,0,0.0,0
521,PAYMENT,78.59,C1287814151,6122.83,6044.24,M9523139706,0.0,0.0,0,0.0,0
666,PAYMENT,1.0,C8987073217,3.75,2.75,M6932365592,0.0,0.0,0,0.0,0
240,TRANSFER,1689.72,C3875303857,1486.84,0.0,M8458323087,0.0,0.0,1,0.39,0
189,CASH_OUT,2249.15,C3245108207,2990.99,741.84,C1230249217,152.05,152.05,0,0.0,0
382,TRANSFER,37.63,C2601198885,42.44,4.81,C5512036684,0.0,37.63,0,0.16333333333333333,0
195,CASH_IN,110958.34,C3674551397,57.33,111015.67,C6515369278,25456.43,25456.43,0,0.0,0
35,TRANSFER,3456.38,C2549748436,4347.84,891.46,C1271730355,0.0,0.0,1,0.18,0
297,TRANSFER,248.93,C7196439534,270.72,21.79,M2115862756,0.0,0.0,1,0.15666666666666668,0
111,TRANSFER,5043.09,C6795522649,4430.01,0.0,M2586712032,0.0,0.0,1,0.7966666666666666,1
438,TRANSFER,657.23,C5281907480,652.0,0.0,M8458323087,0.0,0.0,1,0.25666666666666665,0
528,CASH_OUT,2921.43,C7608141858,4113.76,1192.33,M6692705133,0.0,0.0,1,0.02,0
224,PAYMENT,1.0,C3653594796,0.0,0.0,M2156184315,0.0,0.0,0,0.0,0
161,PAYMENT,18.77,C6649827836,45.58,26.81,M9918338001,0.0,0.0,0,0.0,0
335,TRANSFER,46.75,C1624173500,3725.26,3678.51,C5633956194,6421.82,6468.57,0,0.0,0
173,TRANSFER,459.64,C4508521152,626.8,167.16,C6642266247,0.0,459.64,0,0.006666666666666667,0
480,TRANSFER,1663.08,C1139082827,2043.35,380.27,C6687206971,252.33,1915.41,1,0.05,0
197,TRANSFER,1.0,C6952554500,1.0,0.0,C1383539822,1254.28,1255.28,0,0.01,0
575,TRANSFER,13.76,C3597724331,15.67,1.91,C5673482258,0.0,13.76,0,0.18333333333333332,0
40,CASH_OUT,2848.38,C3362657890,2755.31,0.0,C5783809766,14173.9,14173.9,1,0.0,0
499,CASH_OUT,340.61,C3880327491,371.16,30.55,M6845287382,0.0,0.0,1,0.04,0
101,CASH_OUT,2683.81,C5476654128,3057.0,373.19,C6038780151,7.48,7.48,1,0.0,0
578,PAYMENT,17.01,C6797174636,24.76,7.75,M7230477043,0.0,0.0,0,0.0,0
137,PAYMENT,700.36,C3713284816,823.99,123.63,M8768773991,0.0,0.0,0,0.0,0
230,CASH_IN,80488.98,C3470617247,0.0,80488.98,C8160279830,4905.89,4905.89,0,0.0,0
622,PAYMENT,4925.44,C6756332150,121133.38,116207.94,M6771941776,0.0,0.0,0,0.0,0
621,CASH_OUT,1.0,C5751366455,0.0,0.0,C7596745715,0.0,0.0,0,0.06333333333333334,0
546,PAYMENT,192.78,C3853978147,723.4,530.62,M6790024996,0.0,0.0,0,0.0,0
150,PAYMENT,51.5,C4853479481,74.61,23.11,M5067400473,0.0,0.0,0,0.0,0
460,PAYMENT,1.3,C2627677155,2.27,0.97,M5412437658,0.0,0.0,0,0.0,0
41,CASH_OUT,1348.51,C5996775663,1147.11,0.0,M8389750357,0.0,0.0,1,0.043333333333333335,0
18,CASH_OUT,137.8,C5336127859,170.41,32.61,C8287542751,101296.92,101296.92,0,0.01,0
34,CASH_OUT,1301.05,C6307626407,1777.17,476.12,M2129491690,0.0,0.0,1,0.0,0
55,PAYMENT,3.94,C3360791536,5.0,1.06,M9098037639,0.0,0.0,0,0.0,0
485,TRANSFER,2.31,C7114223633,2.91,0.6,C2948728483,9809.78,9812.09,0,0.013333333333333334,0
617,TRANSFER,1.0,C4500557310,0.0,0.0,C5704029171,0.0,1.0,0,0.23333333333333334,0
377,PAYMENT,32.44,C3589530484,130.91,98.47,M8144352013,0.0,0.0,0,0.0,0
426,PAYMENT,9.72,C3866755218,19.07,9.35,M8910440683,0.0,0.0,0,0.0,0
658,CASH_IN,49512.83,C5268845844,11.85,49524.68,C4152835101,2079.76,2079.76,0,0.0,0
577,CASH_OUT,5141.93,C8757570742,4836.66,0.0,M1999913493,0.0,0.0,1,0.20666666666666667,0
316,CASH_OUT,2268.34,C4256292393,2574.73,306.39,C9645619869,7114.88,7114.88,1,0.0,0
667,TRANSFER,37.14,C3163970710,55.68,18.54,C7186766399,0.0,37.14,0,0.16666666666666666,0
247,PAYMENT,3310.58,C9033653743,14298.41,10987.83,M7532669066,0.0,0.0,0,0.0,0
404,PAYMENT,1.0,C4282810353,1.0,0.0,M4242579642,0.0,0.0,0,0.0,0
386,PAYMENT,1.0,C7049001493,0.0,0.0,M6932365592,0.0,0.0,0,0.0,0
466,PAYMENT,1.0,C7710396573,0.76,0.0,M8030400668,0.0,0.0,0,0.0,0
218,DEBIT,1.0,C2075321966,0.0,0.0,M6865994703,0.0,0.0,0,0.03,0
78,TRANSFER,310.15,C1141312095,273.82,0.0,C5307145891,35.64,35.64,1,0.18,0
21,PAYMENT,4.44,C3424843951,6.14,1.7,M6866146362,0.0,0.0,0,0.0,0
367,TRANSFER,12140.83,C5254923696,18837.43,6696.6,C5800633419,39.63,12180.46,0,0.0,0
273,TRANSFER,3641.24,C6634526139,4450.46,809.22,C4645120421,0.0,3641.24,1,0.0,0
404,PAYMENT,32.39,C3660223333,44.11,11.72,M8727805468,0.0,0.0,0,0.0,0
491,PAYMENT,78.33,C6168291913,171.04,92.71,M3019265031,0.0,0.0,0,0.0,0
543,TRANSFER,541.89,C8178927766,1308.6,766.71,C8684942020,0.0,541.89,0,0.03,0
411,TRANSFER,5835.46,C4747699292,29574.31,23738.85,C6761084958,27.65,5863.11,0,0.0,0
482,TRANSFER,495.69,C3020939193,458.33,0.0,C9463197203,0.0,0.0,1,0.24,0
381,CASH_OUT,202.93,C1131267917,405.1,202.17,C3426709025,5671.42,5671.42,0,0.013333333333333334,0
477,PAYMENT,1.0,C7951902330,0.0,0.0,M7192742877,0.0,0.0,0,0.0,0
512,CASH_OUT,1.0,C8303853049,0.0,0.0,C2591589823,234.41,234.41,0,0.04666666666666667,0
490,TRANSFER,3933.48,C3423086220,4904.65,971.17,C4714465905,17.94,3951.42,1,0.04666666666666667,0
205,PAYMENT,386.24,C6921525436,1135.06,748.82,M9581187661,0.0,0.0,0,0.0,0
391,CASH_OUT,559.35,C3149533961,537.01,0.0,C3297096148,7432.12,7432.12,1,0.06,0
450,CASH_OUT,2719.81,C4106464319,3872.42,1152.61,M5714658227,0.0,0.0,1,0.043333333333333335,0
153,CASH_OUT,111.04,C1785418196,157.99,46.95,C2111272861,2.88,2.88,1,0.0033333333333333335,0
592,CASH_OUT,4610.35,C4566852761,4521.12,0.0,C9237880732,14.22,14.22,1,0.22666666666666666,0
684,TRANSFER,2.54,C9954587710,10.02,7.48,C2963288053,134.24,136.78,0,0.07333333333333333,0
444,TRANSFER,77.58,C8719734235,87.49,9.91,M4896576569,0.0,0.0,1,0.17,0
32,PAYMENT,1.0,C7882206934,1.0,0.0,M9752092528,0.0,0.0,0,0.0,0
310,TRANSFER,98.46,C3887823121,220.72,122.26,C3987248494,177.81,276.27,0,0.0,0
279,CASH_OUT,1.0,C7887950851,0.0,0.0,C4526242854,43.9,43.9,0,0.01,0
294,TRANSFER,672.75,C7475684019,748.33,75.58,C6894699853,105.64,105.64,1,0.04,0
401,TRANSFER,735.93,C1572827654,642.01,0.0,M4160161496,0.0,0.0,1,0.2733333333333333,0
717,PAYMENT,1.0,C7389111087,0.0,0.0,M4399143287,0.0,0.0,0,0.0,0
205,TRANSFER,1484.85,C4524233168,1658.07,173.22,M9773795424,0.0,0.0,1,0.14,0
145,PAYMENT,1.0,C9691572571,0.0,0.0,M5000316394,0.0,0.0,0,0.0,0
635,TRANSFER,1133.68,C1572827654,1411.49,277.81,M6200141898,0.0,0.0,1,0.17,0
632,PAYMENT,2074.41,C2050340486,49386.29,47311.88,M4522855590,0.0,0.0,0,0.0,0
60,PAYMENT,3.54,C8285786023,4.36,0.82,M7514017540,0.0,0.0,0,0.0,0
276,PAYMENT,4.38,C2183906581,4.69,0.31,M3536590481,0.0,0.0,0,0.0,0
401,DEBIT,272.88,C8055556030,476.7,203.82,M1666898313,0.0,0.0,0,0.02,0
102,PAYMENT,138.2,C1526723719,33232.46,33094.26,M5087280062,0.0,0.0,0,0.0,0
154,CASH_OUT,7130.95,C7568980185,81642.63,74511.68,C9924456994,2603.96,2603.96,0,0.0,0
261,PAYMENT,4.14,C6353758928,16.81,12.67,M2604788242,0.0,0.0,0,0.0,0
224,PAYMENT,1.0,C1546696950,0.0,0.0,M2187592160,0.0,0.0,0,0.0,0
435,PAYMENT,15601.52,C6218955985,37710.73,22109.21,M6583604299,0.0,0.0,0,0.0,0
258,PAYMENT,641.33,C3367665472,8305.09,7663.76,M4641902461,0.0,0.0,0,0.0,0
352,TRANSFER,530.74,C7248258423,818.42,287.68,C8497938394,400.02,930.76,0,0.0,0
95,CASH_OUT,173.03,C8109891300,150.2,0.0,C3744446292,3296.51,3296.51,1,0.016666666666666666,0
151,TRANSFER,41.28,C3837784389,54.05,12.77,M3965860354,0.0,0.0,1,0.15,0
317,CASH_OUT,1.0,C9248046539,0.0,0.0,C4490722186,15515.5,15515.5,0,0.0033333333333333335,0
410,DEBIT,1.0,C3528924461,0.0,0.0,M5156392601,0.0,0.0,0,0.04,0
512,PAYMENT,1356.86,C2825957977,3681.71,2324.85,M9933702652,0.0,0.0,0,0.0,0
347,PAYMENT,1.0,C5704029171,1.0,0.0,M6384311581,0.0,0.0,0,0.0,0
434,DEBIT,500.85,C6534540349,761.35,260.5,M2418407139,0.0,0.0,0,0.023333333333333334,0
278,PAYMENT,1.0,C1940684569,0.0,0.0,M4158643786,0.0,0.0,0,0.0,0
467,TRANSFER,283.21,C2076341629,244.4,0.0,C8624454880,1.64,1.64,1,0.22333333333333333,0
306,CASH_OUT,526.35,C9202102595,1029.32,502.97,C5418232833,0.0,0.0,0,0.013333333333333334,0
380,PAYMENT,1.0,C7406579219,0.0,0.0,M1666898313,0.0,0.0,0,0.0,0
664,PAYMENT,231.95,C3098948446,737.96,506.01,M5714658227,0.0,0.0,0,0.0,0
108,PAYMENT,482.07,C2268006448,15489.29,15007.22,M9410569618,0.0,0.0,0,0.0,0
238,CASH_OUT,879.17,C6634526139,809.22,0.0,C9539945315,0.0,0.0,1,0.11333333333333333,0
122,PAYMENT,1.0,C3975418439,0.0,0.0,M7664045502,0.0,0.0,0,0.0,0
116,TRANSFER,1297.24,C2877279755,1713.55,416.31,C5870891270,165205.71,166502.95,1,0.0,0
178,CASH_OUT,400.38,C4042413312,335.92,0.0,C6910112521,0.0,0.0,1,0.023333333333333334,0
370,PAYMENT,1.0,C2087974350,0.0,0.0,M1676220116,0.0,0.0,0,0.0,0
634,CASH_OUT,134.22,C7022683808,215.92,81.7,C2232285036,0.0,0.0,0,0.03333333333333333,0
392,DEBIT,1.0,C6792661894,0.0,0.0,M3960136787,0.0,0.0,0,0.043333333333333335,0
397,PAYMENT,1.0,C3836517266,0.0,0.0,M6865994703,0.0,0.0,0,0.0,0
33,PAYMENT,1.0,C7751356568,0.0,0.0,M8276498637,0.0,0.0,0,0.0,0
52,TRANSFER,1245.23,C2965254350,1514.92,269.69,M3145756342,0.0,0.0,1,0.11,0
682,CASH_IN,47222.43,C6642266247,459.64,47682.07,C7403028869,0.0,0.0,0,0.0,0
214,TRANSFER,1.0,C4693510920,0.0,0.0,C3716924538,0.0,1.0,0,0.23,0
105,PAYMENT,1.0,C3144490990,2.92,1.92,M7453081889,0.0,0.0,0,0.0,0
143,PAYMENT,1.0,C2283298067,0.0,0.0,M9640701016,0.0,0.0,0,0.0,0
204,CASH_IN,134664.53,C9354542654,0.0,134664.53,C7074050517,113.67,113.67,0,0.0,0
200,PAYMENT,12.3,C2267619081,45.96,33.66,M9441870024,0.0,0.0,0,0.0,0
390,TRANSFER,169.77,C5175416378,206.08,36.31,M2635881694,0.0,0.0,1,0.15666666666666668,0
435,CASH_OUT,3268.92,C8117478955,2968.04,0.0,M8235474949,0.0,0.0,1,0.38333333333333336,0
312,CASH_OUT,5578.34,C7100408092,4828.26,0.0,M4665677395,0.0,0.0,1,0.10333333333333333,0
60,DEBIT,1.0,C2458198451,0.0,0.0,M3317856944,0.0,0.0,0,0.02666666666666667,0
35,TRANSFER,1.0,C9579064478,0.0,0.0,C5943324387,2.57,3.57,0,0.22,0
671,TRANSFER,1.0,C3171050399,0.0,0.0,C6038780151,7.48,8.48,0,0.19,0
392,TRANSFER,4380.23,C2513206988,3659.62,0.0,C1993998848,0.0,0.0,1,0.7333333333333333,1
551,PAYMENT,1.0,C9963334018,0.0,0.0,M4892544235,0.0,0.0,0,0.0,0
630,PAYMENT,3948.84,C7846365089,14580.2,10631.36,M6200141898,0.0,0.0,0,0.0,0
99,CASH_OUT,28.21,C2267619081,33.66,5.45,C7135394336,0.0,0.0,0,0.0033333333333333335,0
359,PAYMENT,572.97,C9597198563,691.44,118.47,M3119908041,0.0,0.0,0,0.0,0
685,CASH_OUT,2709.15,C9894847574,3180.55,471.4,M7960713821,0.0,0.0,1,0.02666666666666667,0
50,PAYMENT,1.0,C2510308881,0.0,0.0,M6732306182,0.0,0.0,0,0.0,0
530,PAYMENT,14.38,C7488943393,37.03,22.65,M6790024996,0.0,0.0,0,0.0,0
59,CASH_OUT,51.35,C4067213499,130.13,78.78,C6470052645,3270.82,3270.82,0,0.006666666666666667,0
591,PAYMENT,510.24,C9333798503,564.62,54.38,M3457877922,0.0,0.0,0,0.0,0
171,TRANSFER,1.0,C3906611156,0.0,0.0,C7873709012,135687.02,135688.02,0,0.0,0
657,PAYMENT,147.53,C5243939720,2866.47,2718.94,M8728631945,0.0,0.0,0,0.0,0
525,PAYMENT,26.79,C4524233168,173.22,146.43,M8144352013,0.0,0.0,0,0.0,0
25,TRANSFER,3497.52,C4405620755,3113.37,0.0,M9640701016,0.0,0.0,1,0.76,1
586,TRANSFER,290.41,C6171239466,371.25,80.84,C6418365941,357.39,647.8,1,0.05333333333333334,0
216,TRANSFER,1.0,C2082326234,0.0,0.0,C7949795085,8.63,9.63,0,0.19333333333333333,0
96,PAYMENT,5.87,C6092773357,28.98,23.11,M2773408660,0.0,0.0,0,0.0,0
481,PAYMENT,3.5,C7333316743,7.77,4.27,M9752092528,0.0,0.0,0,0.0,0
539,CASH_OUT,1.0,C3346569443,0.0,0.0,C5183211669,7355.84,7355.84,0,0.023333333333333334,0
285,CASH_OUT,3931.75,C1194576436,3722.02,0.0,M7750131975,0.0,0.0,1,0.12333333333333334,0
656,CASH_OUT,1.0,C4248149900,0.0,0.0,C2068687175,7.49,7.49,0,0.05,0
201,PAYMENT,94.11,C5659161352,123.15,29.04,M1504729135,0.0,0.0,0,0.0,0
252,TRANSFER,694.49,C3952295757,613.75,0.0,C5735817014,1953.26,1953.26,1,0.03333333333333333,0
678,PAYMENT,29.83,C2145921803,81.09,51.26,M6041646576,0.0,0.0,0,0.0,0
519,TRANSFER,1.0,C5612645121,0.0,0.0,C9467483275,48.41,49.41,0,0.17,0
419,CASH_OUT,2783.63,C6986770879,2543.75,0.0,C6244338653,501.44,501.44,1,0.38666666666666666,0
43,PAYMENT,1.56,C5376302686,3.24,1.68,M9921025990,0.0,0.0,0,0.0,0
457,PAYMENT,1.0,C9650701349,0.0,0.0,M3192202822,0.0,0.0,0,0.0,0
255,TRANSFER,1741.79,C5856127658,1782.72,40.93,C9411532909,0.0,1741.79,1,0.04,0
4,CASH_OUT,1.0,C7374584386,0.0,0.0,C6121801720,66241.27,66241.27,0,0.013333333333333334,0
382,CASH_OUT,42549.24,C3550908958,54528.99,11979.75,M1343875431,0.0,0.0,1,0.0,0
409,TRANSFER,2182.85,C6231117883,2306.21,123.36,M9576264323,0.0,0.0,1,0.37666666666666665,0
201,CASH_OUT,2608.79,C3783290795,3543.9,935.11,C8257484586,0.0,0.0,1,0.0,0
23,CASH_OUT,5.54,C5998623100,9.76,4.22,C8394040015,186.43,186.43,0,0.0,0
411,PAYMENT,14922.44,C4110258855,124753.76,109831.32,M2187592160,0.0,0.0,0,0.0,0
97,CASH_OUT,1030.71,C6591038760,1370.6,339.89,M5815678365,0.0,0.0,1,0.0,0
20,CASH_OUT,3514.2,C4693510920,4059.19,544.99,M7282885927,0.0,0.0,1,0.0,0
680,PAYMENT,18.97,C3781569954,45.35,26.38,M2249831874,0.0,0.0,0,0.0,0
126,PAYMENT,3.35,C9776185998,3.74,0.39,M8821456242,0.0,0.0,0,0.0,0
55,DEBIT,1.0,C3482206102,0.0,0.0,M2129491690,0.0,0.0,0,0.02666666666666667,0
625,CASH_OUT,8.8,C6353758928,12.67,3.87,C2780016559,28573.74,28573.74,0,0.006666666666666667,0
142,TRANSFER,62.15,C4736031885,242.6,180.45,C7829772942,0.0,62.15,0,0.06666666666666667,0
499,CASH_OUT,74.56,C1913706213,95.25,20.69,C2148679234,0.0,0.0,1,0.03666666666666667,0
123,TRANSFER,1984.52,C1589582865,2229.25,244.73,M9590331226,0.0,0.0,1,0.17,0
434,PAYMENT,207.89,C3280805846,467.09,259.2,M5937271321,0.0,0.0,0,0.0,0
303,PAYMENT,598.26,C4440904834,874.5,276.24,M2518433834,0.0,0.0,0,0.0,0
421,PAYMENT,9.68,C5673482258,13.76,4.08,M3223687972,0.0,0.0,0,0.0,0
636,PAYMENT,1.0,C9863781331,0.0,0.0,M8643636805,0.0,0.0,0,0.0,0
600,CASH_OUT,347.58,C1471997674,671.43,323.85,C9467483275,49.41,49.41,0,0.023333333333333334,0
387,PAYMENT,1.0,C4159699467,0.0,0.0,M7168105904,0.0,0.0,0,0.0,0
156,PAYMENT,20.55,C6649827836,26.81,6.26,M5694439775,0.0,0.0,0,0.0,0
464,CASH_OUT,16.12,C5067245523,22.39,6.27,C3777580509,8.0,8.0,0,0.05,0
86,PAYMENT,8404.96,C3343292475,26912.37,18507.41,M2228388623,0.0,0.0,0,0.0,0
149,TRANSFER,1.0,C7321180787,0.0,0.0,C5227828349,75.9,76.9,0,0.10666666666666667,0
232,PAYMENT,17.39,C5588254555,29.37,11.98,M7717262223,0.0,0.0,0,0.0,0
631,TRANSFER,3.02,C6110646714,3.49,0.47,C4586784711,345.43,348.45,0,0.10666666666666667,0
361,TRANSFER,3416.01,C5187948804,4140.91,724.9,C7376649850,14.03,14.03,1,0.16333333333333333,0
692,DEBIT,1.0,C3346569443,0.0,0.0,M3495411322,0.0,0.0,0,0.05,0
250,PAYMENT,1.0,C4482141802,0.0,0.0,M9900829971,0.0,0.0,0,0.0,0
704,CASH_OUT,2561.47,C9837912162,3155.68,594.21,M7678293431,0.0,0.0,1,0.02666666666666667,0
410,PAYMENT,23.64,C1439427140,44.89,21.25,M7750131975,0.0,0.0,0,0.0,0
418,DEBIT,51.76,C8617360361,56.25,4.49,M8548290298,0.0,0.0,0,0.04666666666666667,0
68,PAYMENT,151.01,C3142452709,267.43,116.42,M6130446648,0.0,0.0,0,0.0,0
243,TRANSFER,485.8,C7085004726,585.08,99.28,C2075321966,0.0,485.8,0,0.02666666666666667,0
179,CASH_OUT,4553.88,C1981049082,4293.24,0.0,C6924716023,583.69,583.69,1,0.06,0
359,TRANSFER,1506.34,C9116428507,1880.91,374.57,C9592390865,0.49,1506.83,1,0.01,0
717,PAYMENT,209.87,C5409514899,376.1,166.23,M3223687972,0.0,0.0,0,0.0,0
323,CASH_OUT,781.12,C1415802902,751.05,0.0,M6866146362,0.0,0.0,1,0.18666666666666668,0
6,PAYMENT,1.0,C2616884203,0.0,0.0,M8218146534,0.0,0.0,0,0.0,0
146,PAYMENT,5.18,C8721631198,19.37,14.19,M1458227039,0.0,0.0,0,0.0,0
334,TRANSFER,1691.06,C3384006407,1752.56,61.5,C6012067717,43.04,43.04,1,0.16,0
141,CASH_OUT,265.5,C2620054076,578.98,313.48,C1110533960,1427.54,1427.54,0,0.013333333333333334,0
363,TRANSFER,5065.41,C3305069227,4311.34,0.0,C8791183272,152.5,152.5,1,0.24,0
69,TRANSFER,1.0,C2260326267,0.58,0.0,C9381721143,13270.5,13271.5,0,0.0,0
659,PAYMENT,149.27,C9730449971,203.63,54.36,M2418407139,0.0,0.0,0,0.0,0
574,CASH_OUT,1022.84,C2802141793,1047.04,24.2,M1732578761,0.0,0.0,1,0.04666666666666667,0
669,TRANSFER,701.97,C1141312095,696.05,0.0,M8626371177,0.0,0.0,1,0.26,0
512,CASH_OUT,1295.15,C1383539822,1255.28,0.0,M2655546199,0.0,0.0,1,0.19333333333333333,0
114,PAYMENT,122.76,C9957813353,13629.69,13506.93,M2869931869,0.0,0.0,0,0.0,0
229,CASH_OUT,101.27,C8331319481,180.68,79.41,C5268845844,49524.68,49524.68,0,0.0033333333333333335,0
366,TRANSFER,1.0,C9776185998,0.39,0.0,C5150074940,0.0,1.0,0,0.22,0
637,PAYMENT,303.35,C1644608746,452.18,148.83,M1357561213,0.0,0.0,0,0.0,0
623,TRANSFER,40378.94,C6458544482,34570.98,0.0,M7192742877,0.0,0.0,1,0.9466666666666667,1
502,CASH_OUT,1509.14,C7226553010,1530.44,21.3,M4865979921,0.0,0.0,1,0.05,0
433,CASH_OUT,412.25,C4735334423,393.38,0.0,C1160913827,191.7,191.7,1,0.10666666666666667,0
185,TRANSFER,47.06,C1643611097,54.49,7.43,C7499349987,133.14,180.2,0,0.023333333333333334,0
639,CASH_OUT,4050.99,C4268713302,3422.35,0.0,C3893976444,11630.08,11630.08,1,0.16333333333333333,0
541,TRANSFER,779.11,C5187948804,724.9,0.0,M6200141898,0.0,0.0,1,0.26,0
637,DEBIT,43.89,C8588769565,174.43,130.54,M8869140487,0.0,0.0,0,0.02666666666666667,0
388,TRANSFER,1.0,C4302632494,0.0,0.0,C2073755632,0.0,1.0,0,0.22,0
368,CASH_OUT,3.5,C6099808894,12.07,8.57,C8809871735,16.68,16.68,0,0.0033333333333333335,0
20,PAYMENT,1.0,C8531118333,0.0,0.0,M9918338001,0.0,0.0,0,0.0,0
63,TRANSFER,484.85,C5736462531,842.92,358.07,C3147818256,67.12,551.97,0,0.0033333333333333335,0
399,CASH_OUT,31.04,C5220094152,99.53,68.49,C2178884276,0.0,0.0,0,0.016666666666666666,0
264,CASH_OUT,8412.83,C3367665472,7663.76,0.0,C4472312361,1532.1,1532.1,1,0.08333333333333333,0
243,PAYMENT,1.0,C2854772804,0.0,0.0,M3660800029,0.0,0.0,0,0.0,0
580,CASH_OUT,3002.12,C4026113008,3226.28,224.16,M5194066484,0.0,0.0,1,0.03,0
401,CASH_OUT,166.29,C6000009225,354.38,188.09,C7533932947,7.44,7.44,0,0.006666666666666667,0
78,TRANSFER,928.77,C7882206934,1012.32,83.55,M7340036327,0.0,0.0,1,0.18666666666666668,0
583,PAYMENT,8.53,C9702693937,19.08,10.55,M5694439775,0.0,0.0,0,0.0,0
666,PAYMENT,6977.87,C5536224717,28745.42,21767.55,M2655546199,0.0,0.0,0,0.0,0
489,PAYMENT,101.15,C7539399243,2496.27,2395.12,M9916475897,0.0,0.0,0,0.0,0
706,TRANSFER,16755.99,C1290050198,33025.47,16269.48,C9851745648,0.0,16755.99,0,0.0033333333333333335,0
221,DEBIT,115.74,C8761956684,220.62,104.88,M5815678365,0.0,0.0,0,0.016666666666666666,0
156,PAYMENT,1.0,C3597724331,1.91,0.91,M8903212516,0.0,0.0,0,0.0,0
656,CASH_OUT,22.28,C6110943464,63.37,41.09,C6471691689,22535.01,22535.01,0,0.01,0
596,TRANSFER,526.84,C5461537013,1014.82,487.98,C1489726608,0.0,526.84,0,0.03666666666666667,0
253,CASH_OUT,165.02,C3645901955,137.56,0.0,M1732578761,0.0,0.0,1,0.03666666666666667,0
302,DEBIT,29.82,C2327372855,36.83,7.01,M6515490818,0.0,0.0,0,0.023333333333333334,0
145,PAYMENT,1.0,C3849232839,0.0,0.0,M1343875431,0.0,0.0,0,0.0,0
473,PAYMENT,44.7,C3887823121,122.26,77.56,M2604788242,0.0,0.0,0,0.0,0
187,TRANSFER,2.1,C3655790301,9.03,6.93,C5646751885,2.42,4.52,0,0.15666666666666668,0
506,TRANSFER,134.75,C1553753599,126.38,0.0,C2095286033,5048.7,5048.7,1,0.05333333333333334,0
346,CASH_OUT,1896.65,C9751963589,2189.4,292.75,C7186766399,37.14,37.14,1,0.006666666666666667,0
441,CASH_OUT,1.0,C4203205881,0.0,0.0,C1741134891,35.07,35.07,0,0.08666666666666667,0
319,CASH_OUT,1.0,C7596745715,0.0,0.0,C7825844140,2697.05,2697.05,0,0.01,0
452,TRANSFER,1.0,C9780187424,3.4,2.4,C7829772942,62.15,63.15,0,0.13,0
111,PAYMENT,1.0,C7596745715,0.0,0.0,M6525576685,0.0,0.0,0,0.0033333333333333335,0
240,PAYMENT,36.21,C6153541642,48.79,12.58,M1647181551,0.0,0.0,0,0.0,0
369,CASH_IN,1450.87,C8380507338,0.0,1450.87,C2125089309,658.23,658.23,0,0.0,0
258,CASH_OUT,19092.84,C4095476665,27426.05,8333.21,C8001729836,98129.82,98129.82,0,0.0,0
172,PAYMENT,2.72,C7660157097,4.68,1.96,M4896576569,0.0,0.0,0,0.0,0
381,PAYMENT,644.98,C5183211669,7355.84,6710.86,M6692705133,0.0,0.0,0,0.0,0
151,PAYMENT,1.0,C7567496105,0.0,0.0,M7270955446,0.0,0.0,0,0.0,0
11,CASH_IN,44986.18,C6715961218,0.0,44986.18,C8122042835,1797.75,1797.75,0,0.0,0
173,CASH_OUT,2518.77,C5996775663,2454.04,0.0,M4399143287,0.0,0.0,1,0.056666666666666664,0
690,PAYMENT,50.43,C7573691558,108.47,58.04,M6732306182,0.0,0.0,0,0.0,0
318,PAYMENT,1.0,C4656572173,0.0,0.0,M2518433834,0.0,0.0,0,0.0,0
701,PAYMENT,1.0,C2843567009,0.0,0.0,M4588312351,0.0,0.0,0,0.0,0
701,PAYMENT,1.0,C8394198376,0.0,0.0,M6041646576,0.0,0.0,0,0.0,0
530,CASH_OUT,188.34,C8387664437,220.55,32.21,M4122901114,0.0,0.0,1,0.04,0
71,PAYMENT,1.0,C7519578899,0.0,0.0,M2249831874,0.0,0.0,0,0.0,0
112,TRANSFER,3487.06,C4636537575,3005.88,0.0,C6069848439,57.61,57.61,1,0.48333333333333334,0
138,CASH_OUT,2193.89,C2349406919,1938.4,0.0,C9981364488,4.63,4.63,1,0.05,0
117,PAYMENT,1.0,C6201313620,0.0,0.0,M9900829971,0.0,0.0,0,0.0,0
69,TRANSFER,3243.64,C3377702111,2792.63,0.0,C1913706213,20.69,20.69,1,0.67,1
536,TRANSFER,67.29,C2067970820,185.16,117.87,C1225052083,1053.99,1121.28,0,0.03333333333333333,0
44,TRANSFER,316.22,C9451577335,357.98,41.76,M1083302600,0.0,0.0,1,0.16,0
392,PAYMENT,4.66,C2126077199,7.11,2.45,M1647181551,0.0,0.0,0,0.0,0
219,PAYMENT,141.69,C7784217828,685.6,543.91,M3192202822,0.0,0.0,0,0.0,0
107,CASH_OUT,5.11,C8995970241,10.31,5.2,C9771848610,765.57,765.57,0,0.0033333333333333335,0
356,TRANSFER,3339.81,C7628981661,4561.26,1221.45,C9081544414,0.0,0.0,1,0.20666666666666667,0
447,DEBIT,1.0,C7146318035,0.0,0.0,M1504729135,0.0,0.0,0,0.04666666666666667,0
107,TRANSFER,745.77,C4641561499,1008.99,263.22,C6585609060,0.0,0.0,1,0.10333333333333333,0
110,TRANSFER,801.46,C5269015757,1456.97,655.51,C6929897032,62.87,864.33,0,0.0033333333333333335,0
647,PAYMENT,124.56,C9202102595,502.97,378.41,M2303835765,0.0,0.0,0,0.0,0
115,PAYMENT,4.23,C8453283834,19.14,14.91,M6846530109,0.0,0.0,0,0.0,0
43,PAYMENT,7848.27,C4490722186,15515.5,7667.23,M4896576569,0.0,0.0,0,0.0,0
104,PAYMENT,1.0,C6317152031,0.0,0.0,M1458227039,0.0,0.0,0,0.0033333333333333335,0
610,PAYMENT,19.76,C1439921366,35.48,15.72,M3469205576,0.0,0.0,0,0.0,0
542,DEBIT,1.0,C3291270703,745.41,744.41,M4865979921,0.0,0.0,0,0.023333333333333334,0
713,TRANSFER,80.55,C4037270171,112.1,31.55,C8033062794,53.43,53.43,1,0.12333333333333334,0
668,PAYMENT,15.58,C2480915452,26.6,11.02,M2155671697,0.0,0.0,0,0.0,0
309,CASH_OUT,1.0,C5281907480,0.0,0.0,C4877520294,12287.98,12287.98,0,0.0033333333333333335,0
64,CASH_OUT,32.7,C9730449971,54.36,21.66,C4130305126,25.59,25.59,0,0.0,0
694,PAYMENT,1.0,C5613655595,0.0,0.0,M3145756342,0.0,0.0,0,0.0,0
521,CASH_OUT,1.33,C3361388464,4.39,3.06,C4765583254,0.0,0.0,0,0.04666666666666667,0
395,TRANSFER,122.9,C1717346250,282.2,159.3,C5115980792,70.3,193.2,0,0.02,0
328,PAYMENT,226.8,C4015479599,341.69,114.89,M3660800029,0.0,0.0,0,0.0,0
228,TRANSFER,284.19,C6358023411,367.0,82.81,M1466305100,0.0,0.0,1,0.16,0
434,PAYMENT,9439.6,C1306702926,24749.99,15310.39,M2555936898,0.0,0.0,0,0.0,0
527,TRANSFER,4296.88,C7838460497,4469.2,172.32,C9354711271,535.57,535.57,1,0.08666666666666667,0
526,CASH_OUT,2606.52,C4070964768,2368.78,0.0,M4896576569,0.0,0.0,1,0.17333333333333334,0
539,TRANSFER,4178.81,C7887950851,4611.45,432.64,C6645808194,0.0,0.0,1,0.31333333333333335,0
703,CASH_OUT,1.0,C5354747485,0.0,0.0,C6204862411,0.0,0.0,0,0.056666666666666664,0
568,DEBIT,1.0,C6880115912,0.0,0.0,M3297681898,0.0,0.0,0,0.04666666666666667,0
658,CASH_OUT,1.0,C5418232833,0.0,0.0,C9432088993,8.1,8.1,0,0.05,0
636,CASH_OUT,1.0,C1674555072,0.0,0.0,C6944371787,215.12,215.12,0,0.05,0
242,CASH_OUT,1.0,C9776185998,0.0,0.0,C6674372082,11.07,11.07,0,0.02,0
190,TRANSFER,353.35,C8763140509,444.75,91.4,C8033702319,3.96,3.96,1,0.12333333333333334,0
42,CASH_IN,57855.81,C5686850445,12.39,57868.2,C3178995337,114659.76,114659.76,0,0.0,0
689,TRANSFER,36.45,C7829772942,63.15,26.7,C6369130994,7262.18,7298.63,0,0.023333333333333334,0
669,PAYMENT,9.81,C7004510516,37.29,27.48,M1458227039,0.0,0.0,0,0.0,0
639,CASH_OUT,1.0,C4248149900,0.0,0.0,C7846365089,10631.36,10631.36,0,0.02,0
280,TRANSFER,1.0,C8236980551,0.0,0.0,C8923555411,0.0,1.0,0,0.23333333333333334,0
516,PAYMENT,1.0,C6288227800,0.0,0.0,M2129491690,0.0,0.0,0,0.0,0
691,CASH_OUT,1.0,C9376711497,0.0,0.0,C3412365931,0.0,0.0,0,0.056666666666666664,0
98,CASH_OUT,680.41,C3555656321,698.39,17.98,M8058679999,0.0,0.0,1,0.013333333333333334,0
263,TRANSFER,8035.16,C9981691030,16797.52,8762.36,C4632522232,609.33,8644.49,0,0.0,0
556,PAYMENT,2.4,C9943959352,7.86,5.46,M8858274691,0.0,0.0,0,0.0,0
528,PAYMENT,141.8,C1050899550,300.38,158.58,M7282885927,0.0,0.0,0,0.0,0
207,DEBIT,55.78,C4658080160,117.71,61.93,M6865994703,0.0,0.0,0,0.02,0
557,TRANSFER,1.3,C4345526911,5.98,4.68,C4577406847,14.6,15.9,0,0.14666666666666667,0
635,CASH_OUT,85.34,C9115282784,97.06,11.72,C5455441991,0.0,0.0,0,0.03333333333333333,0
113,PAYMENT,25.9,C7527316141,40.11,14.21,M2115862756,0.0,0.0,0,0.0,0
328,TRANSFER,1.0,C9987064419,0.0,0.0,C5884080139,11860.62,11861.62,0,0.0,0
506,PAYMENT,349.3,C7598745558,1242.26,892.96,M4211837506,0.0,0.0,0,0.0,0
604,TRANSFER,4673.67,C8418332121,4288.09,0.0,M6282009986,0.0,0.0,1,0.9633333333333334,1
609,PAYMENT,1878.7,C6320115677,3901.97,2023.27,M1783432867,0.0,0.0,0,0.0,0
19,TRANSFER,42.37,C2952996248,126.35,83.98,C9067664957,1563.98,1606.35,0,0.006666666666666667,0
547,TRANSFER,455.56,C1487258103,609.77,154.21,C5633956194,6468.57,6468.57,1,0.016666666666666666,0
284,TRANSFER,81.9,C1857596764,101.47,19.57,C5750815980,1338.15,1420.05,1,0.006666666666666667,0
70,TRANSFER,13684.1,C7556078550,11962.05,0.0,M1888107487,0.0,0.0,1,0.8566666666666667,1
382,TRANSFER,4253.82,C5141593270,4955.37,701.55,M3313346852,0.0,0.0,1,0.21666666666666667,0
336,TRANSFER,1853.64,C1084790270,1632.12,0.0,M9444143872,0.0,0.0,1,0.4166666666666667,0
211,CASH_OUT,1.0,C5982744929,0.0,0.0,C8493451569,0.0,0.0,0,0.013333333333333334,0
532,PAYMENT,4.86,C2879792991,6.95,2.09,M6130446648,0.0,0.0,0,0.0,0
381,TRANSFER,38135.14,C7808938880,103643.01,65507.87,C8351491401,9.24,38144.38,0,0.0,0
262,CASH_OUT,3258.34,C2846465000,4096.84,838.5,M9288057824,0.0,0.0,1,0.0033333333333333335,0
442,TRANSFER,174.6,C5703357871,287.01,112.41,C4026816435,0.0,174.6,0,0.08333333333333333,0
586,TRANSFER,2970.43,C4518871744,2728.14,0.0,C5071897791,4.73,4.73,1,0.85,1
605,CASH_IN,117740.85,C7803990970,5735.64,123476.49,C5141593270,701.55,701.55,0,0.0033333333333333335,0
266,CASH_OUT,5077.23,C3426709025,5671.42,594.19,M3534186676,0.0,0.0,1,0.0033333333333333335,0
472,TRANSFER,17.09,C5659161352,29.04,11.95,C5296710795,871.47,888.56,0,0.04666666666666667,0
425,CASH_OUT,5836.17,C2111272861,4953.4,0.0,C9557663181,0.0,0.0,1,0.24666666666666667,0
256,CASH_OUT,14.16,C9333490239,25.32,11.16,C8139209752,0.0,0.0,0,0.0,0
537,CASH_OUT,16708.49,C8999963054,22106.2,5397.71,C8168036130,2536.3,2536.3,1,0.0033333333333333335,0
713,PAYMENT,47.8,C5364727160,85.57,37.77,M1458227039,0.0,0.0,0,0.0,0
206,TRANSFER,155.4,C7499349987,180.2,24.8,C9717175839,107.35,262.75,0,0.0033333333333333335,0
126,TRANSFER,3831.34,C9182543558,3291.74,0.0,M9900829971,0.0,0.0,1,0.76,1
388,PAYMENT,1.0,C8709361138,0.45,0.0,M3072183247,0.0,0.0,0,0.0,0
283,DEBIT,3764.8,C5536224717,21767.55,18002.75,M5564953924,0.0,0.0,0,0.016666666666666666,0
394,PAYMENT,3.12,C8453283834,14.91,11.79,M3094407076,0.0,0.0,0,0.0,0
337,TRANSFER,374.91,C6276339732,484.51,109.6,C5931025271,0.0,0.0,1,0.15333333333333332,0
579,TRANSFER,2593.2,C8131923452,3336.38,743.18,C3470617247,80488.98,80488.98,1,0.006666666666666667,0
582,PAYMENT,48.71,C4928783441,125.41,76.7,M7717262223,0.0,0.0,0,0.0,0
146,PAYMENT,1.0,C7648059419,0.0,0.0,M9558906999,0.0,0.0,0,0.0,0
368,PAYMENT,354.33,C5419627962,535.92,181.59,M1811839103,0.0,0.0,0,0.0,0
72,TRANSFER,663.03,C3334938378,707.28,44.25,M7230477043,0.0,0.0,1,0.17666666666666667,0
550,TRANSFER,9939.89,C4538382315,19061.38,9121.49,C4207337120,71.61,10011.5,0,0.006666666666666667,0
505,PAYMENT,3.23,C6596578419,11.44,8.21,M7282885927,0.0,0.0,0,0.0,0
495,CASH_OUT,2101.78,C4526242854,2800.99,699.21,C2627677155,0.97,0.97,1,0.03,0
331,PAYMENT,127.77,C1487258103,154.21,26.44,M6583604299,0.0,0.0,0,0.0,0
74,PAYMENT,20.17,C4853479481,23.11,2.94,M1504729135,0.0,0.0,0,0.0,0
491,PAYMENT,5.16,C7508522951,7.03,1.87,M8058679999,0.0,0.0,0,0.0,0
16,CASH_OUT,1.0,C6287793163,0.0,0.0,C6572436051,425.66,425.66,0,0.006666666666666667,0
50,PAYMENT,52.15,C6300607425,422.78,370.63,M2187592160,0.0,0.0,0,0.0,0
405,PAYMENT,1.0,C5403510324,0.0,0.0,M9576264323,0.0,0.0,0,0.0,0
482,PAYMENT,26.6,C1664847319,45464.58,45437.98,M3636366799,0.0,0.0,0,0.0,0
301,PAYMENT,457.51,C6329589780,185294.78,184837.27,M4306983924,0.0,0.0,0,0.0,0
237,TRANSFER,1.0,C2349406919,0.0,0.0,C5750815980,1420.05,1421.05,0,0.01,0
348,DEBIT,1.14,C8987073217,2.75,1.61,M8728631945,0.0,0.0,0,0.03666666666666667,0
543,DEBIT,508.82,C8880184233,1387.43,878.61,M9977193987,0.0,0.0,0,0.03,0
365,DEBIT,150.11,C2780136605,465.57,315.46,M9822499208,0.0,0.0,0,0.016666666666666666,0
168,PAYMENT,20.39,C6415031531,22.24,1.85,M9620935604,0.0,0.0,0,0.0,0
120,CASH_OUT,2.26,C8841851495,2.63,0.37,C2752536389,164.83,164.83,0,0.0,0
627,CASH_OUT,2.63,C8055515912,6.28,3.65,C7979466538,0.0,0.0,0,0.043333333333333335,0
551,PAYMENT,3.82,C8506931282,5.13,1.31,M5380159400,0.0,0.0,0,0.0,0
352,CASH_OUT,4087.29,C9912233947,4245.73,158.44,C5510938155,206.62,206.62,1,0.006666666666666667,0
52,CASH_OUT,365.22,C1045302356,313.58,0.0,C5666504394,0.0,0.0,1,0.0033333333333333335,0
43,PAYMENT,379.11,C4558302256,802.58,423.47,M4554178984,0.0,0.0,0,0.0,0
296,TRANSFER,1.0,C4990452762,0.0,0.0,C6313758032,12.07,13.07,0,0.19,0
80,PAYMENT,712.19,C8755749566,1370.8,658.61,M1908459040,0.0,0.0,0,0.0,0
621,PAYMENT,5248.5,C4877520294,12287.98,7039.48,M2869931869,0.0,0.0,0,0.0,0
98,PAYMENT,38.18,C5523703900,63.08,24.9,M3965860354,0.0,0.0,0,0.0,0
423,CASH_IN,17884.03,C2052811909,0.0,17884.03,C7627266377,1605.12,1605.12,0,0.0,0
453,PAYMENT,4022.11,C9611537583,90772.2,86750.09,M4160161496,0.0,0.0,0,0.0,0
585,PAYMENT,1.0,C2926780541,0.0,0.0,M1466305100,0.0,0.0,0,0.0,0
599,CASH_OUT,504.74,C9085085822,670.6,165.86,M7948094928,0.0,0.0,1,0.03,0
273,CASH_OUT,101.6,C2079770569,171.95,70.35,C2149938334,3.35,3.35,0,0.0,0
172,TRANSFER,1.0,C6986770879,0.0,0.0,C3746317213,1.03,2.03,0,0.22,0
110,CASH_OUT,384.53,C1710924824,350.08,0.0,M4522855590,0.0,0.0,1,0.01,0
429,CASH_OUT,64454.45,C2613385303,83533.71,19079.26,C8106401208,0.0,0.0,1,0.02,0
702,CASH_OUT,104.73,C3791815554,90196.0,90091.27,C1553155490,52.61,52.61,0,0.01,0
491,TRANSFER,1844.44,C6583444930,1960.31,115.87,C6562434335,103.2,103.2,1,0.22,0
15,CASH_OUT,5952.72,C9957813353,13506.93,7554.21,C2020262123,0.0,0.0,0,0.0,0
110,CASH_IN,3009.94,C2905584866,115.6,3125.54,C9115282784,11.72,11.72,0,0.0,0
464,CASH_OUT,1.0,C6204041308,0.0,0.0,C7949795085,9.63,9.63,0,0.08666666666666667,0
455,PAYMENT,1.0,C7979466538,0.0,0.0,M4329446784,0.0,0.0,0,0.0,0
360,CASH_OUT,103.12,C9428056968,90.34,0.0,M7514017540,0.0,0.0,1,0.043333333333333335,0
419,PAYMENT,113.2,C4564751926,159.71,46.51,M9590331226,0.0,0.0,0,0.0,0
63,TRANSFER,990.48,C9711080868,998.39,7.91,C5334769475,0.0,0.0,1,0.21,0
199,CASH_OUT,3402.03,C1340272119,3131.75,0.0,M5937271321,0.0,0.0,1,0.05333333333333334,0
326,CASH_OUT,417.87,C3098948446,506.01,88.14,M6199197408,0.0,0.0,1,0.02,0
336,PAYMENT,1.0,C7979466538,0.0,0.0,M4306983924,0.0,0.0,0,0.0,0
193,TRANSFER,1.0,C1614685938,0.0,0.0,C2591589823,234.41,235.41,0,0.04666666666666667,0
612,TRANSFER,662.87,C6929897032,864.33,201.46,M5815678365,0.0,0.0,1,0.15333333333333332,0
400,CASH_OUT,1.0,C1415802902,0.0,0.0,C6875597607,0.0,0.0,0,0.03666666666666667,0
163,CASH_OUT,2305.54,C7462972995,2874.74,569.2,C3746317213,2.03,2.03,0,0.0,0
541,CASH_OUT,2521.16,C4460967357,2102.29,0.0,C8612747444,0.0,0.0,1,0.16333333333333333,0
162,PAYMENT,1.16,C7059591606,1.99,0.83,M8869140487,0.0,0.0,0,0.0,0
275,TRANSFER,3689.0,C2268006448,15007.22,11318.22,C1660370908,1.0,3690.0,0,0.0,0
263,PAYMENT,29.96,C9503597301,46.43,16.47,M4122901114,0.0,0.0,0,0.0,0
683,PAYMENT,1.0,C7839819230,0.0,0.0,M2187592160,0.0,0.0,0,0.0,0
82,TRANSFER,1.0,C1799718923,0.0,0.0,C9451577335,41.76,42.76,0,0.15,0
718,CASH_OUT,41897.05,C9392515666,301462.23,259565.18,C7935554354,275.32,275.32,0,0.0033333333333333335,0
360,TRANSFER,199.89,C6576395496,206.65,6.76,C6877052039,394.07,394.07,1,0.01,0
341,DEBIT,459.83,C1817804383,491.61,31.78,M9444143872,0.0,0.0,0,0.023333333333333334,0
244,PAYMENT,1.0,C9553561889,0.0,0.0,M6790024996,0.0,0.0,0,0.0,0
346,TRANSFER,560.63,C8199372599,694.82,134.19,C4440904834,276.24,836.87,0,0.0,0
76,CASH_OUT,35.69,C2178158203,42.35,6.66,C3553440342,12.94,12.94,0,0.0033333333333333335,0
718,TRANSFER,643.72,C4655730355,755.82,112.1,M4125758723,0.0,0.0,1,0.16666666666666666,0
65,PAYMENT,138.44,C4524233168,146.43,7.99,M9404002665,0.0,0.0,0,0.0,0
431,TRANSFER,2608.62,C9924456994,2603.96,0.0,M7948094928,0.0,0.0,1,0.86,1
142,PAYMENT,38.75,C1659663750,89.35,50.6,M8667946580,0.0,0.0,0,0.0,0
241,CASH_OUT,76.77,C7022683808,81.7,4.93,M6865994703,0.0,0.0,1,0.02,0
546,CASH_OUT,896.11,C6102144947,2355.0,1458.89,C4311931853,1015.95,1015.95,0,0.01,0
138,CASH_OUT,442.22,C1378134712,832.92,390.7,C3738900744,46.8,46.8,0,0.006666666666666667,0
291,TRANSFER,2515.25,C5659161352,3019.79,504.54,M5449848690,0.0,0.0,1,0.17666666666666667,0
158,CASH_OUT,1.0,C2960432117,0.0,0.0,C7581349462,11.15,11.15,0,0.013333333333333334,0
298,CASH_OUT,4602.57,C8110054933,4136.79,0.0,M5067400473,0.0,0.0,1,0.11,0
209,PAYMENT,15.95,C6065662867,28.72,12.77,M7678293431,0.0,0.0,0,0.0,0
188,PAYMENT,46.13,C1717346250,159.3,113.17,M6401844042,0.0,0.0,0,0.0,0
522,TRANSFER,3246.17,C7706193636,3856.23,610.06,C6704841644,904.25,904.25,1,0.05,0
110,PAYMENT,1.0,C6710338189,0.0,0.0,M9068916300,0.0,0.0,0,0.0033333333333333335,0
56,TRANSFER,213.21,C3280805846,259.2,45.99,C9218363978,63.69,63.69,1,0.09,0
455,CASH_OUT,265.7,C1792214339,422.74,157.04,C1225953184,0.0,0.0,0,0.043333333333333335,0
147,TRANSFER,8036.32,C9981691030,8762.36,726.04,C5381866906,75.83,8112.15,0,0.0033333333333333335,0
207,PAYMENT,3.92,C2647489402,9.74,5.82,M6992094064,0.0,0.0,0,0.0,0
705,TRANSFER,2267.1,C4696689457,2029.06,0.0,M6865994703,0.0,0.0,1,0.74,1
627,TRANSFER,114.0,C6000952470,132.84,18.84,C4356175095,928.0,928.0,1,0.05333333333333334,0
381,TRANSFER,2964.69,C8168394616,2498.57,0.0,M6846530109,0.0,0.0,1,0.7266666666666667,1
640,TRANSFER,549.34,C5201221330,475.18,0.0,M1343875431,0.0,0.0,1,0.24666666666666667,0
346,PAYMENT,16.56,C7311011808,23.7,7.14,M7270955446,0.0,0.0,0,0.0,0
433,CASH_OUT,2.01,C8316648259,2.6,0.59,C8880184233,878.61,878.61,0,0.07,0
119,TRANSFER,20.9,C9451577335,42.76,21.86,C4683585586,0.0,20.9,0,0.15666666666666668,0
27,PAYMENT,1.0,C2633177480,0.0,0.0,M3831598303,0.0,0.0,0,0.0,0
49,PAYMENT,1.0,C6645808194,0.0,0.0,M8626371177,0.0,0.0,0,0.0,0
400,TRANSFER,131728.98,C1264739091,119185.49,0.0,M7366396017,0.0,0.0,1,0.9133333333333333,1
149,TRANSFER,3491.79,C5118430494,4695.16,1203.37,C1513003815,64.95,64.95,1,0.09666666666666666,0
694,PAYMENT,1.0,C4405620755,0.0,0.0,M6820149016,0.0,0.0,0,0.0,0
350,CASH_OUT,1941.14,C7772180882,2678.72,737.58,C9470922075,2780.26,2780.26,1,0.0033333333333333335,0
157,PAYMENT,2903.63,C2905584866,3125.54,221.91,M5067400473,0.0,0.0,0,0.0,0
138,DEBIT,16962.45,C2979958124,77067.96,60105.51,M3534186676,0.0,0.0,0,0.006666666666666667,0
90,TRANSFER,2631.73,C9995834531,3263.31,631.58,C6173344564,628.05,628.05,1,0.006666666666666667,0
695,TRANSFER,118.58,C2818381356,167.13,48.55,C6299224734,16285.0,16285.0,1,0.0,0
641,TRANSFER,283.68,C5883933127,347.62,63.94,M2885370603,0.0,0.0,1,0.17333333333333334,0
99,DEBIT,20877.06,C3791815554,90091.27,69214.21,M5000316394,0.0,0.0,0,0.006666666666666667,0
440,CASH_OUT,1.0,C9441018790,0.86,0.0,C9123207735,28190.71,28190.71,0,0.05,0
321,PAYMENT,1.0,C7371573279,0.0,0.0,M9900829971,0.0,0.0,0,0.0,0
252,CASH_OUT,2183.55,C2486744752,3035.85,852.3,C4466589567,0.0,0.0,1,0.0033333333333333335,0
204,PAYMENT,24.81,C7760554363,38.21,13.4,M7948094928,0.0,0.0,0,0.0,0
466,PAYMENT,1.0,C8168394616,0.0,0.0,M6525576685,0.0,0.0,0,0.0,0
252,CASH_OUT,9508.22,C2268006448,11318.22,1810.0,C5201221330,0.0,0.0,1,0.0033333333333333335,0
539,CASH_OUT,5124.59,C3115806625,4440.84,0.0,M2187592160,0.0,0.0,1,0.21666666666666667,0
673,CASH_OUT,1.0,C7596745715,0.0,0.0,C1553753599,0.0,0.0,0,0.056666666666666664,0
365,PAYMENT,207.73,C2274350418,534.86,327.13,M8727805468,0.0,0.0,0,0.0,0
634,TRANSFER,1371.96,C6687206971,1915.41,543.45,C4642197907,22381.55,23753.51,0,0.006666666666666667,0
305,TRANSFER,258.17,C9035194895,226.25,0.0,C3316277000,1092.3,1350.47,1,0.01,0
65,CASH_IN,7003.58,C8339176912,7136.82,14140.4,C4972536230,10.02,10.02,0,0.0,0
126,DEBIT,1.0,C9633533290,0.0,0.0,M5794335854,0.0,0.0,0,0.023333333333333334,0
618,PAYMENT,1.0,C6566372886,0.0,0.0,M6515490818,0.0,0.0,0,0.0,0
393,PAYMENT,1.0,C6947080764,0.0,0.0,M3208200227,0.0,0.0,0,0.0,0
585,PAYMENT,1536.61,C3088517710,10627.05,9090.44,M5570190774,0.0,0.0,0,0.0,0
53,PAYMENT,1.0,C1662976399,0.74,0.0,M6894024976,0.0,0.0,0,0.0,0
491,PAYMENT,1.0,C6587537178,0.0,0.0,M6275155878,0.0,0.0,0,0.0,0
250,TRANSFER,10703.16,C8684026200,22749.67,12046.51,C4635552887,0.0,10703.16,0,0.0,0
661,TRANSFER,24589.47,C5578929439,26280.94,1691.47,C1664885408,5.14,24594.61,0,0.023333333333333334,0
526,PAYMENT,1.0,C8252816758,0.0,0.0,M1343875431,0.0,0.0,0,0.0,0
431,TRANSFER,356.26,C1510289448,317.02,0.0,M3469205576,0.0,0.0,1,0.21666666666666667,0
294,DEBIT,1.0,C5083595988,0.0,0.0,M8768773991,0.0,0.0,0,0.04,0
681,PAYMENT,2295.79,C2076151332,3010.89,715.1,M7532669066,0.0,0.0,0,0.0,0
296,CASH_IN,7921.36,C5150090143,102.49,8023.85,C6717963562,0.0,0.0,0,0.0,0
687,TRANSFER,3025.69,C7316122432,3984.97,959.28,M3846182436,0.0,0.0,1,0.2966666666666667,0
533,CASH_OUT,1495.28,C7321180787,2059.47,564.19,M9398575277,0.0,0.0,1,0.02666666666666667,0
467,PAYMENT,20.97,C2072355594,45.37,24.4,M7512767226,0.0,0.0,0,0.0,0
444,TRANSFER,1.0,C4466589567,0.0,0.0,C1099541460,36.39,37.39,0,0.18,0
627,TRANSFER,60.86,C3293560436,56.61,0.0,M2541015125,0.0,0.0,1,0.23666666666666666,0
276,CASH_OUT,1.0,C7483366056,0.0,0.0,C8199372599,134.19,134.19,0,0.01,0
584,TRANSFER,1.0,C5879617459,0.23,0.0,C5884391502,1.28,2.28,0,0.23,0
672,TRANSFER,5.85,C2068687175,7.49,1.64,C6880115912,0.0,5.85,0,0.18,0
54,TRANSFER,75.71,C8086527181,103.46,27.75,M1240140248,0.0,0.0,1,0.16333333333333333,0
304,PAYMENT,26.3,C8796286443,33.35,7.05,M8910440683,0.0,0.0,0,0.0,0
549,CASH_OUT,10298.91,C1248704157,30446.83,20147.92,C5141285960,0.0,0.0,0,0.013333333333333334,0
491,PAYMENT,1.0,C6491309593,0.84,0.0,M5985331805,0.0,0.0,0,0.0,0
637,TRANSFER,12253.34,C1798112150,11389.69,0.0,M3297681898,0.0,0.0,1,0.8966666666666666,1
473,CASH_OUT,567.63,C2602884797,523.77,0.0,M3322580659,0.0,0.0,1,0.19666666666666666,0
130,TRANSFER,87.51,C5272119095,105.83,18.32,C5870891270,166502.95,166502.95,1,0.0033333333333333335,0
564,PAYMENT,1.86,C5855415646,2.0,0.14,M2418407139,0.0,0.0,0,0.0,0
517,TRANSFER,50770.57,C4847761430,54705.5,3934.93,M1811839103,0.0,0.0,1,0.3233333333333333,0
282,CASH_OUT,119.89,C1792214339,157.04,37.15,C1446457642,0.0,0.0,0,0.01,0
67,TRANSFER,1005.57,C6576426590,1199.23,193.66,C1439427140,21.25,1026.82,0,0.0033333333333333335,0
552,PAYMENT,8.69,C6638034087,13.95,5.26,M1647181551,0.0,0.0,0,0.0,0
293,PAYMENT,49.7,C6884333221,119.83,70.13,M3469205576,0.0,0.0,0,0.0,0
489,TRANSFER,1.0,C7845366946,0.0,0.0,C6054421752,0.0,1.0,0,0.23,0
113,TRANSFER,7.56,C4767539382,20.07,12.51,C6663846005,13728.39,13735.95,0,0.0,0
674,TRANSFER,1.0,C7483366056,0.0,0.0,C7243352390,5516.22,5517.22,0,0.04,0
662,PAYMENT,181.15,C7579604766,291.36,110.21,M9021793855,0.0,0.0,0,0.0,0
13,CASH_OUT,1.0,C6288227800,0.0,0.0,C3412365931,0.0,0.0,0,0.006666666666666667,0
185,CASH_OUT,1.0,C2566942273,0.0,0.0,C7805745017,46722.23,46722.23,0,0.0,0
341,PAYMENT,158.23,C8532327465,233.49,75.26,M1306420495,0.0,0.0,0,0.0,0
297,TRANSFER,3875.58,C3597724331,3265.57,0.0,C4997866845,278.5,278.5,1,0.21333333333333335,0
652,PAYMENT,1.0,C8236980551,0.0,0.0,M1647181551,0.0,0.0,0,0.0,0
509,TRANSFER,212.67,C7452729913,243.36,30.69,C2464137110,40.85,40.85,1,0.13,0
700,CASH_OUT,3304.77,C5536224717,18002.75,14697.98,C2041349374,23352.34,23352.34,0,0.0,0
689,DEBIT,43.2,C7227593033,186.38,143.18,M6200141898,0.0,0.0,0,0.02666666666666667,0
384,PAYMENT,24.78,C5220094152,68.49,43.71,M2303835765,0.0,0.0,0,0.0,0
175,TRANSFER,15808.37,C3605585995,135235.2,119426.83,C8730507757,24.82,15833.19,0,0.0,0
333,PAYMENT,4129.77,C3178995337,114659.76,110529.99,M8869140487,0.0,0.0,0,0.0,0
199,PAYMENT,48.19,C5161807235,163.64,115.45,M8768773991,0.0,0.0,0,0.0,0
71,PAYMENT,224.52,C7154795660,8468.06,8243.54,M2328736852,0.0,0.0,0,0.0,0
345,DEBIT,162.23,C9957643727,822.63,660.4,M7664045502,0.0,0.0,0,0.016666666666666666,0
81,CASH_OUT,1.3,C5407856339,2.03,0.73,C2232285036,0.0,0.0,0,0.006666666666666667,0
37,PAYMENT,135.21,C9085085822,165.86,30.65,M7050091525,0.0,0.0,0,0.0,0
190,PAYMENT,2.7,C4853479481,2.94,0.24,M7512767226,0.0,0.0,0,0.0,0
538,PAYMENT,5712.19,C6642266247,47682.07,41969.88,M6763471833,0.0,0.0,0,0.0,0
62,TRANSFER,1.0,C9553561889,0.0,0.0,C9711080868,7.91,8.91,0,0.2,0
111,CASH_OUT,40825.98,C8517413631,92355.08,51529.1,C4659306670,574.68,574.68,0,0.0,0
444,CASH_OUT,8884.89,C2020395327,7552.85,0.0,C8287542751,101296.92,101296.92,1,0.06333333333333334,0
376,CASH_OUT,682.04,C7988845536,639.3,0.0,M4093474499,0.0,0.0,1,0.19333333333333333,0
485,CASH_OUT,1942.83,C3910678913,1673.33,0.0,M6284297249,0.0,0.0,1,0.2866666666666667,0
174,PAYMENT,117.22,C3951331472,135.32,18.1,M9098037639,0.0,0.0,0,0.0,0
709,PAYMENT,6170.88,C3893976444,11630.08,5459.2,M6606958660,0.0,0.0,0,0.0,0
273,DEBIT,2.78,C8575707116,10.2,7.42,M2839566253,0.0,0.0,0,0.02,0
250,TRANSFER,182.78,C1375899416,314.81,132.03,C7114223633,0.6,183.38,0,0.043333333333333335,0
590,TRANSFER,239.89,C6591038760,339.89,100.0,C1306702926,15310.39,15550.28,0,0.0033333333333333335,0
447,CASH_OUT,1.0,C8527715219,0.18,0.0,C5856127658,40.93,40.93,0,0.08,0
348,PAYMENT,155.74,C4492602049,320.46,164.72,M4892544235,0.0,0.0,0,0.0,0
608,DEBIT,17.47,C9451577335,21.86,4.39,M8790289305,0.0,0.0,0,0.043333333333333335,0
385,TRANSFER,15.4,C4325878813,21.22,5.82,C9579064478,0.0,15.4,0,0.15666666666666668,0
182,PAYMENT,117.25,C1551395583,273.92,156.67,M4952177946,0.0,0.0,0,0.0,0
535,TRANSFER,169.04,C6576426590,193.66,24.62,M3811254192,0.0,0.0,1,0.17333333333333334,0
489,TRANSFER,98.95,C7857580528,93.61,0.0,C4473306055,299.78,299.78,1,0.11,0
147,PAYMENT,1.0,C2139027119,0.99,0.0,M7928143230,0.0,0.0,0,0.0,0
478,PAYMENT,76.82,C4492602049,164.72,87.9,M4125758723,0.0,0.0,0,0.0,0
356,CASH_OUT,3813.7,C3258354191,4634.93,821.23,M3595066420,0.0,0.0,1,0.013333333333333334,0
11,PAYMENT,16266.47,C7576309274,165016.69,148750.22,M3019265031,0.0,0.0,0,0.0,0
576,PAYMENT,368.98,C9741628563,911.51,542.53,M4035639663,0.0,0.0,0,0.0,0
148,TRANSFER,539.58,C7988845536,756.23,216.65,M9916475897,0.0,0.0,1,0.07333333333333333,0
139,PAYMENT,123.66,C3515167269,479.67,356.01,M7537130187,0.0,0.0,0,0.0033333333333333335,0
113,CASH_OUT,1.0,C6792661894,0.0,0.0,C6797436140,0.0,0.0,0,0.0033333333333333335,0
77,TRANSFER,6.42,C1643611097,7.43,1.01,C5714169271,77.73,84.15,0,0.10333333333333333,0
551,PAYMENT,436.07,C7150970643,777.89,341.82,M4896576569,0.0,0.0,0,0.0,0
364,PAYMENT,16013.01,C8076527214,53237.36,37224.35,M6525576685,0.0,0.0,0,0.0,0
328,PAYMENT,25.09,C9147736635,34.48,9.39,M8144352013,0.0,0.0,0,0.0,0
613,TRANSFER,1.0,C5078551333,0.24,0.0,C9546021691,0.0,1.0,0,0.23333333333333334,0
161,PAYMENT,1.0,C3383331379,0.52,0.0,M8768773991,0.0,0.0,0,0.0,0
162,PAYMENT,3549.76,C9098129449,15618.13,12068.37,M2839566253,0.0,0.0,0,0.0,0
177,CASH_OUT,1962.28,C1233079614,6394.76,4432.48,C2126077199,2.45,2.45,0,0.0,0
373,DEBIT,133.66,C9805620900,230.8,97.14,M5815678365,0.0,0.0,0,0.02,0
595,PAYMENT,1.0,C7208619610,0.0,0.0,M9068916300,0.0,0.0,0,0.0,0
111,CASH_OUT,570.03,C5569145346,629.23,59.2,M6846530109,0.0,0.0,1,0.0033333333333333335,0
65,PAYMENT,1.0,C2445662585,0.0,0.0,M6992094064,0.0,0.0,0,0.0,0
50,PAYMENT,3621.79,C5870891270,166502.95,162881.16,M9404002665,0.0,0.0,0,0.0,0
392,PAYMENT,1.0,C6287793163,0.0,0.0,M3536590481,0.0,0.0,0,0.0,0
362,CASH_OUT,3229.94,C3923823693,3908.72,678.78,M6659847491,0.0,0.0,1,0.01,0
564,TRANSFER,1.0,C5870268582,0.0,0.0,C9285415473,459.1,460.1,0,0.09333333333333334,0
579,PAYMENT,17.69,C5306459450,64.66,46.97,M3469205576,0.0,0.0,0,0.0,0
487,CASH_OUT,287.93,C8316205130,252.89,0.0,C5785481124,1057.18,1057.18,1,0.07333333333333333,0
102,CASH_OUT,72837.96,C2181241943,78791.57,5953.61,M9444143872,0.0,0.0,1,0.0,0
228,TRANSFER,1809.31,C7608153267,2145.15,335.84,M2228388623,0.0,0.0,1,0.18333333333333332,0
470,PAYMENT,1.0,C7389111087,0.0,0.0,M1122712790,0.0,0.0,0,0.0,0
129,DEBIT,7.36,C7760554363,13.4,6.04,M2571632270,0.0,0.0,0,0.016666666666666666,0
529,PAYMENT,183.66,C3923823693,678.78,495.12,M5959736235,0.0,0.0,0,0.0,0
3,DEBIT,4.13,C7760554363,6.04,1.91,M2155671697,0.0,0.0,0,0.03,0
551,TRANSFER,294.42,C6879428703,340.05,45.63,C3923699745,0.0,294.42,0,0.07666666666666666,0
652,PAYMENT,1.0,C7757700186,0.0,0.0,M8366710477,0.0,0.0,0,0.0,0
50,TRANSFER,5.88,C2174793230,12.88,7.0,C5613655595,0.0,5.88,0,0.16,0
17,CASH_OUT,4601.28,C4681264539,4655.7,54.42,C4152835101,2079.76,2079.76,1,0.0,0
143,CASH_OUT,950.98,C7333678472,1035.26,84.28,M3119908041,0.0,0.0,1,0.0,0
269,PAYMENT,1.0,C9776185998,0.0,0.0,M2695447268,0.0,0.0,0,0.0,0
319,TRANSFER,22.37,C3520417815,29.83,7.46,C8178927766,766.71,789.08,0,0.006666666666666667,0
270,TRANSFER,887.9,C4440904834,836.87,0.0,C4274958945,598.07,598.07,1,0.07333333333333333,0
163,TRANSFER,62.61,C1494287462,56.71,0.0,C6317889312,14172.25,14172.25,1,0.0,0
396,TRANSFER,3158.69,C3660223333,2879.88,0.0,C1696846464,161.57,161.57,1,0.24666666666666667,0
398,CASH_OUT,48.86,C8382963909,58.49,9.63,M3580582653,0.0,0.0,1,0.013333333333333334,0
156,CASH_OUT,1.0,C8106401208,0.0,0.0,C2014766981,4.9,4.9,0,0.013333333333333334,0
652,PAYMENT,2.41,C6046864799,3.03,0.62,M6200141898,0.0,0.0,0,0.0,0
536,TRANSFER,239.75,C6534540349,260.5,20.75,M7453081889,0.0,0.0,1,0.17333333333333334,0
516,TRANSFER,5.02,C6611356986,11.17,6.15,C3392080953,2.01,7.03,0,0.16666666666666666,0
32,TRANSFER,266632.94,C9392515666,259565.18,0.0,M3566125120,0.0,0.0,1,0.9566666666666667,1
315,PAYMENT,1.0,C1370292681,0.0,0.0,M1504729135,0.0,0.0,0,0.0,0
703,PAYMENT,14114.41,C5087357728,38704.97,24590.56,M2910594463,0.0,0.0,0,0.0,0
204,CASH_OUT,2022.29,C7010379415,1967.1,0.0,M3495411322,0.0,0.0,1,0.04666666666666667,0
102,PAYMENT,17.0,C2145921803,51.26,34.26,M6361225622,0.0,0.0,0,0.0,0
633,TRANSFER,75.76,C4492602049,87.9,12.14,M2586712032,0.0,0.0,1,0.18,0
300,PAYMENT,1.73,C7473868020,2.24,0.51,M6932365592,0.0,0.0,0,0.0,0
500,CASH_OUT,4981.82,C8133593748,4408.19,0.0,C1613549255,0.0,0.0,1,0.26,0
327,TRANSFER,2442.0,C6894808149,3151.98,709.98,M2156184315,0.0,0.0,1,0.18333333333333332,0
561,TRANSFER,821.31,C8184602688,916.33,95.02,M9776500600,0.0,0.0,1,0.22333333333333333,0
220,PAYMENT,9891.4,C2237386857,57002.05,47110.65,M9631695368,0.0,0.0,0,0.0,0
314,CASH_OUT,1695.27,C3361388464,1667.09,0.0,M9590331226,0.0,0.0,1,0.11666666666666667,0
655,PAYMENT,1.0,C4719780110,0.0,0.0,M7570511906,0.0,0.0,0,0.0,0
343,TRANSFER,1958.67,C5871743247,2195.97,237.3,M9933702652,0.0,0.0,1,0.18333333333333332,0
7,CASH_IN,35533.32,C2513206988,0.0,35533.32,C9837912162,594.21,594.21,0,0.0,0
406,CASH_IN,64295.19,C1756345332,5.7,64300.89,C8243746556,3118.39,3118.39,0,0.0,0
633,PAYMENT,398.25,C4274958945,598.07,199.82,M4306983924,0.0,0.0,0,0.0,0
210,PAYMENT,1.0,C3667292043,0.0,0.0,M3476758136,0.0,0.0,0,0.0,0
214,TRANSFER,1168.68,C7665963761,1010.55,0.0,M8366710477,0.0,0.0,1,0.34,0
710,TRANSFER,1.0,C8527715219,0.0,0.0,C7664258343,29.75,30.75,0,0.17333333333333334,0
621,TRANSFER,1.0,C7183058541,0.0,0.0,C4700855390,1.0,2.0,0,0.23333333333333334,0
288,PAYMENT,1.0,C1981049082,0.0,0.0,M6790024996,0.0,0.0,0,0.0,0
462,CASH_IN,2.43,C2870403050,0.0,2.43,C9318010743,227.17,227.17,0,0.016666666666666666,0
694,PAYMENT,1.0,C3380064537,0.0,0.0,M7282885927,0.0,0.0,0,0.0,0
359,DEBIT,302.6,C7801948900,116898.88,116596.28,M7230477043,0.0,0.0,0,0.006666666666666667,0
186,CASH_OUT,566.82,C7374810067,1027.34,460.52,C3849232839,0.0,0.0,0,0.0033333333333333335,0
360,TRANSFER,738.31,C9919491730,905.61,167.3,C4231729466,2658.93,2658.93,1,0.0,0
674,CASH_OUT,4261.62,C1233079614,4432.48,170.86,M2604788242,0.0,0.0,1,0.03333333333333333,0
503,TRANSFER,3.23,C4631048029,3.94,0.71,C9953941533,472.51,475.74,0,0.08666666666666667,0
235,CASH_OUT,116.4,C5703357871,112.41,0.0,M7678293431,0.0,0.0,1,0.02666666666666667,0
296,CASH_OUT,13496.24,C6471691689,22535.01,9038.77,C4638577630,276.64,276.64,0,0.0033333333333333335,0
195,PAYMENT,32.65,C7166868574,34.37,1.72,M8667946580,0.0,0.0,0,0.0,0
240,TRANSFER,456.07,C4633257620,1690.57,1234.5,C2905584866,221.91,677.98,0,0.0,0
259,PAYMENT,1.62,C2424706705,228.85,227.23,M2249831874,0.0,0.0,0,0.0,0
14,TRANSFER,11754.84,C6515369278,25456.43,13701.59,C9741628563,542.53,12297.37,0,0.0,0
238,PAYMENT,329.57,C6687206971,543.45,213.88,M3517195150,0.0,0.0,0,0.0,0
237,TRANSFER,5773.93,C3893976444,5459.2,0.0,M7230477043,0.0,0.0,1,0.8233333333333334,1
190,CASH_OUT,120.99,C7074050517,113.67,0.0,C5728765136,8.01,8.01,1,0.016666666666666666,0
460,CASH_IN,1555.53,C2683446724,3.46,1558.99,C9941564880,0.74,0.74,0,0.0,0
277,CASH_OUT,56.5,C5569145346,59.2,2.7,C2476831585,530968.91,530968.91,1,0.0,0
206,PAYMENT,1.0,C6237376063,0.0,0.0,M7282885927,0.0,0.0,0,0.0,0
432,PAYMENT,1.0,C5931025271,0.0,0.0,M5815678365,0.0,0.0,0,0.0,0
675,PAYMENT,22.33,C9479654136,28.07,5.74,M6999146585,0.0,0.0,0,0.0,0
251,TRANSFER,568.57,C4526242854,699.21,130.64,M1811839103,0.0,0.0,1,0.15666666666666668,0
622,PAYMENT,2.75,C2647489402,5.82,3.07,M7951820749,0.0,0.0,0,0.0,0
497,PAYMENT,5.35,C3476426797,5.99,0.64,M7282885927,0.0,0.0,0,0.0,0
29,CASH_OUT,6533.41,C7337225482,7357.64,824.23,M8102481401,0.0,0.0,1,0.0033333333333333335,0
41,TRANSFER,308.54,C4256292393,306.39,0.0,C6402580787,0.0,0.0,1,0.23,0
453,CASH_OUT,1.95,C1417436465,3.43,1.48,C5638860656,0.13,0.13,0,0.07,0
339,TRANSFER,857.7,C7575259637,3341.83,2484.13,C4332894265,199.91,1057.61,0,0.0,0
219,PAYMENT,1420.91,C3291226621,3403.93,1983.02,M2695447268,0.0,0.0,0,0.0,0
389,PAYMENT,1.0,C3420671425,0.0,0.0,M1676220116,0.0,0.0,0,0.0,0
496,TRANSFER,19570.89,C5087357728,24590.56,5019.67,C3815389788,0.0,0.0,1,0.31333333333333335,0
591,DEBIT,758.33,C3623588379,2198.54,1440.21,M6401844042,0.0,0.0,0,0.03,0
507,PAYMENT,373.43,C5182110973,494.34,120.91,M1458227039,0.0,0.0,0,0.0,0
444,CASH_OUT,1.0,C6046864799,0.62,0.0,C1051354601,311.61,311.61,0,0.08333333333333333,0
329,CASH_OUT,176.68,C7248258423,287.68,111.0,C9409682410,190.76,190.76,0,0.0033333333333333335,0
46,CASH_OUT,4554.5,C8669484644,4954.76,400.26,M7951820749,0.0,0.0,1,0.0,0
533,DEBIT,4.96,C7620473079,17.26,12.3,M1357561213,0.0,0.0,0,0.03,0
360,PAYMENT,5.65,C3783009621,8.22,2.57,M7366396017,0.0,0.0,0,0.0,0
692,CASH_OUT,37.75,C2250949136,51.77,14.02,C2183906581,0.31,0.31,0,0.02666666666666667,0
483,TRANSFER,1.0,C2183906581,0.31,0.0,C3694860228,0.0,1.0,0,0.23,0
260,TRANSFER,89.16,C6469458472,78.81,0.0,C1785418196,46.95,46.95,1,0.14333333333333334,0
293,PAYMENT,217.36,C3923699745,294.42,77.06,M4306983924,0.0,0.0,0,0.0,0
450,TRANSFER,57.21,C9981691030,726.04,668.83,C8109891300,0.0,57.21,0,0.11,0
171,PAYMENT,7.45,C4907446848,26.05,18.6,M6200141898,0.0,0.0,0,0.0,0
570,CASH_OUT,2648.49,C8261111839,2716.17,67.68,M8874242713,0.0,0.0,1,0.05,0
675,PAYMENT,1.0,C4930438209,0.0,0.0,M3636366799,0.0,0.0,0,0.0,0
504,PAYMENT,8.98,C7340498236,13.48,4.5,M9068916300,0.0,0.0,0,0.0,0
48,CASH_OUT,4602.51,C4564751926,4372.51,0.0,C9155819200,56.2,56.2,1,0.03666666666666667,0
595,PAYMENT,1.0,C3821211202,0.0,0.0,M6651020291,0.0,0.0,0,0.0,0
360,TRANSFER,477.47,C6572436051,425.66,0.0,M9921025990,0.0,0.0,1,0.23666666666666666,0
365,TRANSFER,124.44,C8942167666,173.03,48.59,C4070964768,0.0,124.44,0,0.09666666666666666,0
211,PAYMENT,387.57,C3853978147,530.62,143.05,M9043367776,0.0,0.0,0,0.0,0
255,CASH_OUT,248.94,C4713453204,222.28,0.0,M8235474949,0.0,0.0,1,0.03666666666666667,0
261,CASH_OUT,402.72,C2905584866,677.98,275.26,C1590985753,169226.64,169226.64,0,0.0033333333333333335,0
5,CASH_OUT,425.0,C1039262289,651.95,226.95,C3369305560,0.0,0.0,0,0.023333333333333334,0
499,CASH_OUT,87462.87,C5789617427,76730.27,0.0,C8471762590,347.55,347.55,1,0.25333333333333335,0
639,PAYMENT,1.0,C8417757797,0.0,0.0,M9918338001,0.0,0.0,0,0.0,0
228,CASH_OUT,72132.51,C5058691146,161481.9,89349.39,C1036351450,15.95,15.95,0,0.0,0
390,DEBIT,14.99,C5135595227,17.74,2.75,M9933702652,0.0,0.0,0,0.03666666666666667,0
548,CASH_OUT,2720.16,C6986770879,2960.0,239.84,C3163970710,18.54,18.54,1,0.023333333333333334,0
430,PAYMENT,1.0,C8468071953,0.0,0.0,M6498703287,0.0,0.0,0,0.0,0
217,TRANSFER,22.08,C6027311960,37.63,15.55,C5996775663,0.0,22.08,0,0.16,0
27,PAYMENT,482.15,C3874432021,550.58,68.43,M2187592160,0.0,0.0,0,0.0,0
355,PAYMENT,157.87,C2613385303,19079.26,18921.39,M5564953924,0.0,0.0,0,0.0,0
670,TRANSFER,4818.71,C4062777850,4140.53,0.0,C7561728644,495.18,495.18,1,0.45666666666666667,0
426,TRANSFER,53.9,C8761956684,104.88,50.98,C2428156550,466.34,520.24,0,0.04666666666666667,0
163,PAYMENT,1.0,C9863781331,0.0,0.0,M3566125120,0.0,0.0,0,0.0,0
267,CASH_OUT,71.45,C1083651970,165.86,94.41,C9597198563,118.47,118.47,0,0.0,0
154,TRANSFER,10.41,C7625389037,24.34,13.93,C1439427140,1026.82,1037.23,0,0.006666666666666667,0
524,CASH_OUT,1153.27,C3423086220,971.17,0.0,M9916475897,0.0,0.0,1,0.20333333333333334,0
19,CASH_OUT,1.0,C7832220535,0.0,0.0,C5646880148,0.0,0.0,0,0.0033333333333333335,0
677,PAYMENT,1.0,C1558631501,0.0,0.0,M4522855590,0.0,0.0,0,0.0,0
580,PAYMENT,1.0,C5935852056,0.0,0.0,M9068916300,0.0,0.0,0,0.0,0
67,TRANSFER,3511.01,C8760642358,3931.3,420.29,M7230477043,0.0,0.0,1,0.20333333333333334,0
637,CASH_OUT,1.0,C2756070122,0.0,0.0,C4037270171,31.55,31.55,0,0.05,0
628,DEBIT,1.0,C2962750929,0.0,0.0,M5714658227,0.0,0.0,0,0.05333333333333334,0
134,CASH_OUT,116.52,C6461974809,132.32,15.8,C6496933442,0.0,0.0,0,0.01,0
306,TRANSFER,68.14,C8309221034,93.54,25.4,C3367665472,0.0,0.0,1,0.16,0
541,PAYMENT,175.68,C6000009225,188.09,12.41,M6199197408,0.0,0.0,0,0.0,0
439,CASH_OUT,1.0,C8303853049,0.0,0.0,C2099184899,29.33,29.33,0,0.08333333333333333,0
410,CASH_OUT,2970.56,C2950049698,3028.26,57.7,C4473306055,299.78,299.78,1,0.04666666666666667,0
189,CASH_OUT,1151.8,C3316277000,1350.47,198.67,M2916502228,0.0,0.0,1,0.0,0
242,PAYMENT,22.18,C1487258103,26.44,4.26,M4329446784,0.0,0.0,0,0.0,0
464,PAYMENT,1.0,C3910678913,0.0,0.0,M5937271321,0.0,0.0,0,0.0,0
310,CASH_OUT,67681.22,C4289233844,103071.81,35390.59,C8468071953,0.0,0.0,0,0.0,0
78,TRANSFER,314.82,C7887950851,432.64,117.82,M1647181551,0.0,0.0,1,0.15,0
70,PAYMENT,56.04,C9621419224,203.23,147.19,M7192742877,0.0,0.0,0,0.0,0
614,PAYMENT,57.69,C9861449701,184.07,126.38,M2129491690,0.0,0.0,0,0.0,0
3,CASH_OUT,905.93,C2753617371,802.64,0.0,M2541015125,0.0,0.0,1,0.11,0
213,CASH_OUT,1.0,C1682781467,0.0,0.0,C2566942273,0.0,0.0,0,0.013333333333333334,0
591,CASH_IN,123265.31,C3874432021,68.43,123333.74,C9196564761,1097.85,1097.85,0,0.0,0
10,PAYMENT,3950.53,C4289233844,35390.59,31440.06,M2187592160,0.0,0.0,0,0.0,0
525,CASH_OUT,1149.16,C2017675569,998.75,0.0,C2073755632,1.0,1.0,1,0.20333333333333334,0
597,CASH_OUT,878.77,C1494287462,1024.75,145.98,M9444143872,0.0,0.0,1,0.02666666666666667,0
45,PAYMENT,16356.1,C3185089287,246502.39,230146.29,M7512767226,0.0,0.0,0,0.0,0
694,TRANSFER,3217.51,C1116402431,3100.81,0.0,M9918338001,0.0,0.0,1,0.88,1
648,PAYMENT,1.0,C7100408092,0.0,0.0,M9576264323,0.0,0.0,0,0.0,0
19,TRANSFER,37.0,C8093179263,47.77,10.77,C3362657890,0.0,37.0,0,0.15,0
257,TRANSFER,1620.8,C3667292043,1666.7,45.9,M5535650160,0.0,0.0,1,0.25666666666666665,0
145,PAYMENT,21787.95,C4873807154,30667.06,8879.11,M2155671697,0.0,0.0,0,0.0,0
525,CASH_OUT,5449.15,C7243352390,5517.22,68.07,C9333798503,54.38,54.38,1,0.056666666666666664,0
503,CASH_OUT,525.2,C3758823240,570.63,45.43,C8086527181,27.75,27.75,0,0.03,0
125,TRANSFER,7509.73,C4633987776,8701.26,1191.53,M8063693463,0.0,0.0,1,0.17,0
81,PAYMENT,71.75,C3846570058,88.67,16.92,M7351460539,0.0,0.0,0,0.0,0
319,CASH_OUT,1.0,C4239406957,0.0,0.0,C6884333221,70.13,70.13,0,0.016666666666666666,0
623,PAYMENT,1.75,C6329323383,5.02,3.27,M8144352013,0.0,0.0,0,0.0,0
575,DEBIT,1.0,C1613549255,0.0,0.0,M2604788242,0.0,0.0,0,0.04666666666666667,0
367,PAYMENT,529.54,C9995834531,631.58,102.04,M3107992942,0.0,0.0,0,0.0,0
666,PAYMENT,50.65,C5883933127,63.94,13.29,M3156792018,0.0,0.0,0,0.0,0
329,PAYMENT,8033.62,C5800633419,12180.46,4146.84,M2711123163,0.0,0.0,0,0.0,0
684,CASH_OUT,1.0,C5646880148,0.0,0.0,C1127978094,3.33,3.33,0,0.05333333333333334,0
712,PAYMENT,1.55,C8575707116,7.42,5.87,M9398575277,0.0,0.0,0,0.0,0
676,CASH_OUT,300.99,C9116428507,374.57,73.58,C6072939882,10.95,10.95,0,0.02666666666666667,0
642,PAYMENT,5.83,C8598503901,10.01,4.18,M5891831621,0.0,0.0,0,0.0,0
672,TRANSFER,5.33,C6313758032,13.07,7.74,C3639796200,0.0,5.33,0,0.16666666666666666,0
579,PAYMENT,1.0,C1939777262,0.0,0.0,M2869931869,0.0,0.0,0,0.0,0
657,PAYMENT,1.0,C7483366056,0.0,0.0,M7702529931,0.0,0.0,0,0.0,0
642,PAYMENT,1197.99,C9989642546,2644.01,1446.02,M7437168216,0.0,0.0,0,0.0,0
516,TRANSFER,178.62,C6691628146,495.02,316.4,C6470052645,3270.82,3449.44,0,0.02,0
21,PAYMENT,1.0,C5612645121,0.0,0.0,M7713758036,0.0,0.0,0,0.0,0
248,CASH_OUT,5743.5,C9858643842,6790.5,1047.0,C5151086814,203916.97,203916.97,0,0.0033333333333333335,0
605,CASH_OUT,1141.11,C6619138852,1023.84,0.0,M6846530109,0.0,0.0,1,0.19666666666666666,0
515,PAYMENT,1.0,C9581991473,0.0,0.0,M9404002665,0.0,0.0,0,0.0,0
527,TRANSFER,25.87,C2350701477,32.3,6.43,C3380064537,0.0,25.87,0,0.17,0
381,PAYMENT,86.1,C3051831252,257.7,171.6,M8643636805,0.0,0.0,0,0.0,0
601,TRANSFER,1983.53,C9697354961,2006.05,22.52,M4329446784,0.0,0.0,1,0.44333333333333336,0
337,TRANSFER,1.0,C9539945315,0.0,0.0,C7882206934,83.55,84.55,0,0.11333333333333333,0
641,TRANSFER,252.92,C7161887665,422.7,169.78,C9957643727,660.4,913.32,0,0.03333333333333333,0
506,CASH_OUT,1.0,C1194576436,0.0,0.0,C2982979741,0.0,0.0,0,0.06,0
383,TRANSFER,1596.69,C2390587865,1785.0,188.31,C2079501936,13.11,13.11,1,0.12,0
502,CASH_OUT,2048.51,C7670476743,2845.11,796.6,C1036351450,15.95,15.95,1,0.023333333333333334,0
77,CASH_OUT,493.89,C9953941533,475.74,0.0,C2940955281,8.63,8.63,1,0.043333333333333335,0
167,PAYMENT,61.92,C8178361487,67.17,5.25,M8058679999,0.0,0.0,0,0.0,0
509,TRANSFER,1.0,C8274219704,0.0,0.0,C8663837890,70044.9,70045.9,0,0.0033333333333333335,0
598,TRANSFER,856.19,C6464693977,1084.18,227.99,M2869931869,0.0,0.0,1,0.16333333333333333,0
5,PAYMENT,1.0,C7556046460,0.0,0.0,M2625035499,0.0,0.0,0,0.0,0
285,TRANSFER,235.71,C4638577630,276.64,40.93,C1818520766,135609.27,135609.27,1,0.0,0
489,CASH_OUT,1.88,C7529817193,23.61,21.73,C3645901955,0.0,0.0,0,0.043333333333333335,0
330,PAYMENT,1.0,C6566372886,0.0,0.0,M1666898313,0.0,0.0,0,0.0,0
353,PAYMENT,1.0,C1194576436,0.0,0.0,M4160161496,0.0,0.0,0,0.0,0
364,PAYMENT,252.52,C7640078465,385.8,133.28,M5194066484,0.0,0.0,0,0.0,0
672,TRANSFER,3.73,C8137764127,4.36,0.63,C8235363119,0.0,3.73,0,0.21,0
210,PAYMENT,1.0,C8117478955,0.0,0.0,M3831598303,0.0,0.0,0,0.0,0
267,PAYMENT,1.0,C5696548897,0.0,0.0,M8030400668,0.0,0.0,0,0.0,0
344,PAYMENT,2.05,C5884391502,2.28,0.23,M5794335854,0.0,0.0,0,0.0,0
388,CASH_OUT,1.0,C7146318035,0.0,0.0,C8517413631,51529.1,51529.1,0,0.0,0
286,DEBIT,56.1,C1691293717,108.15,52.05,M8058679999,0.0,0.0,0,0.023333333333333334,0
405,CASH_OUT,3.9,C6313758032,7.74,3.84,C3933213766,0.77,0.77,0,0.03,0
361,CASH_OUT,10.24,C8025152555,25.76,15.52,C9805620900,97.14,97.14,0,0.0033333333333333335,0
454,TRANSFER,3602.81,C1855256552,4728.86,1126.05,C7242730249,46.45,46.45,1,0.22333333333333333,0
199,CASH_OUT,340.89,C5567816720,399.69,58.8,C1112794026,1.76,1.76,0,0.0,0
377,TRANSFER,3429.25,C2020395327,4681.81,1252.56,M7230477043,0.0,0.0,1,0.21333333333333335,0
340,CASH_OUT,1375.5,C9437783771,1396.45,20.95,C6504099682,4035.35,4035.35,1,0.0,0
559,CASH_IN,87638.72,C7910439839,1.65,87640.37,C4264134512,0.0,0.0,0,0.0,0
518,DEBIT,1.0,C2770980600,0.0,0.0,M3495411322,0.0,0.0,0,0.043333333333333335,0
111,CASH_OUT,67.7,C1083651970,94.41,26.71,M6313472215,0.0,0.0,1,0.0033333333333333335,0
257,PAYMENT,98.1,C3667740351,148.29,50.19,M7948094928,0.0,0.0,0,0.0,0
543,PAYMENT,202.43,C7590302909,585.27,382.84,M6498703287,0.0,0.0,0,0.0,0
621,CASH_IN,85333.96,C8299146480,108.65,85442.61,C6928691380,101.82,101.82,0,0.0,0
420,CASH_OUT,19.74,C7488943393,22.65,2.91,C1446362270,423.71,423.71,0,0.07333333333333333,0
80,TRANSFER,2920.29,C8940731272,3537.9,617.61,C3933213766,0.77,0.77,1,0.2,0
544,CASH_OUT,1.0,C6186758088,0.0,0.0,C6687206971,213.88,213.88,0,0.05,0
598,TRANSFER,784.38,C9974165440,655.87,0.0,M5156392601,0.0,0.0,1,0.26666666666666666,0
87,TRANSFER,65.86,C8997701619,243.77,177.91,C6894699853,105.64,171.5,0,0.016666666666666666,0
204,PAYMENT,25.8,C7103588071,29.37,3.57,M3355504998,0.0,0.0,0,0.0,0
714,CASH_OUT,3039.8,C6340003593,2926.56,0.0,C4097887746,731.12,731.12,1,0.19666666666666666,0
680,TRANSFER,23982.62,C6178804925,42495.27,18512.65,C2720484983,4204.17,28186.79,0,0.0,0
417,PAYMENT,1.0,C6619138852,0.0,0.0,M5380159400,0.0,0.0,0,0.0,0
451,TRANSFER,2236.8,C7736142481,2078.4,0.0,M4242579642,0.0,0.0,1,0.75,1
214,TRANSFER,4747.21,C5633956194,6468.57,1721.36,C6773938304,27849.66,32596.87,1,0.0,0
328,TRANSFER,10758.76,C6588252632,75196.3,64437.54,C2075413763,0.46,10759.22,0,0.0033333333333333335,0
681,DEBIT,1.3,C7525240100,1.85,0.55,M2129491690,0.0,0.0,0,0.05,0
566,CASH_OUT,62.54,C4997866845,278.5,215.96,C4507822591,73.54,73.54,0,0.023333333333333334,0
326,PAYMENT,95.49,C7887950851,117.82,22.33,M7537130187,0.0,0.0,0,0.0,0
686,TRANSFER,4157.24,C6937704752,3761.83,0.0,C5294535887,133863.1,138020.34,1,0.02,0
110,PAYMENT,639.42,C4046558332,1162.63,523.21,M9918338001,0.0,0.0,0,0.0,0
161,TRANSFER,422.39,C9953941533,488.86,66.47,C9259157845,8375.2,8797.59,1,0.0,0
185,TRANSFER,2477.49,C2254516608,3149.98,672.49,C2382129132,0.0,0.0,1,0.14666666666666667,0
347,CASH_IN,31.53,C7467073633,10215.52,10247.05,C7452729913,30.69,30.69,0,0.0,0
703,TRANSFER,3493.09,C1112794026,3870.12,377.03,C5310195918,225.38,225.38,1,0.11,0
147,TRANSFER,4179.69,C1590838716,3490.31,0.0,M3192202822,0.0,0.0,1,0.7866666666666666,1
571,TRANSFER,92.02,C4274958945,199.82,107.8,C8854238082,11.29,103.31,0,0.11,0
622,CASH_OUT,3904.15,C4956362540,3874.95,0.0,M9444143872,0.0,0.0,1,0.21666666666666667,0
707,TRANSFER,3746.12,C3313993297,4793.08,1046.96,M5067400473,0.0,0.0,1,0.31333333333333335,0
125,PAYMENT,125.33,C8940731272,617.61,492.28,M3580582653,0.0,0.0,0,0.0,0
640,CASH_OUT,1088.13,C8257484586,1356.04,267.91,M6692705133,0.0,0.0,1,0.02666666666666667,0
693,PAYMENT,828.34,C9471306442,916.82,88.48,M1999913493,0.0,0.0,0,0.0,0
527,PAYMENT,510.3,C3147818256,551.97,41.67,M3438830691,0.0,0.0,0,0.0,0
487,PAYMENT,1.0,C3149533961,0.0,0.0,M1442421654,0.0,0.0,0,0.0,0
169,PAYMENT,273.2,C2041349374,23352.34,23079.14,M3297681898,0.0,0.0,0,0.0,0
399,TRANSFER,225.63,C6715705115,583.64,358.01,C9526836552,2101.81,2327.44,0,0.0033333333333333335,0
379,TRANSFER,4554.64,C3293560436,4976.25,421.61,C1613549255,0.0,4554.64,1,0.0033333333333333335,0
387,CASH_OUT,3745.9,C4714465905,3951.42,205.52,M9921025990,0.0,0.0,1,0.01,0
538,CASH_OUT,3020.54,C7581349462,2741.64,0.0,M1711271599,0.0,0.0,1,0.19,0
291,CASH_OUT,3.81,C8796286443,7.05,3.24,C6509985983,14.1,14.1,0,0.016666666666666666,0
459,CASH_OUT,2686.21,C7760554363,3444.9,758.69,M8869140487,0.0,0.0,1,0.05,0
679,PAYMENT,28.9,C3880327491,30.55,1.65,M8768773991,0.0,0.0,0,0.0,0
408,TRANSFER,649.79,C3095318649,1374.18,724.39,C5789633176,0.0,649.79,0,0.016666666666666666,0
105,CASH_OUT,46596.04,C3806215682,40083.61,0.0,M9020002737,0.0,0.0,1,0.02,0
72,PAYMENT,1.0,C2158638062,0.0,0.0,M9410569618,0.0,0.0,0,0.0,0
166,PAYMENT,21.26,C7638836058,46.28,25.02,M3595066420,0.0,0.0,0,0.0,0
474,TRANSFER,4492.15,C8684026200,12046.51,7554.36,C9409682410,190.76,4682.91,0,0.016666666666666666,0
418,PAYMENT,59.84,C5861829469,67.84,8.0,M1647181551,0.0,0.0,0,0.0,0
157,TRANSFER,1.0,C8761469117,0.0,0.0,C5160575046,0.83,1.83,0,0.21666666666666667,0
495,TRANSFER,645.43,C5433722159,578.95,0.0,C5952894290,13441.79,14087.22,1,0.0033333333333333335,0
375,CASH_OUT,3166.5,C9963334018,4193.67,1027.17,C4310415016,0.0,0.0,1,0.01,0
552,CASH_OUT,2816.35,C1304205279,3570.06,753.71,M7282885927,0.0,0.0,1,0.02666666666666667,0
257,PAYMENT,1.0,C3214080278,0.0,0.0,M8366710477,0.0,0.0,0,0.0,0
5,CASH_OUT,3767.05,C1131671246,4977.86,1210.81,C9441018790,0.0,0.0,0,0.02,0
651,CASH_OUT,3334.06,C4627032705,4177.08,843.02,M1647181551,0.0,0.0,1,0.023333333333333334,0
682,PAYMENT,1.0,C7038841740,0.0,0.0,M5449848690,0.0,0.0,0,0.0,0
502,PAYMENT,375.31,C9894847574,471.4,96.09,M8858274691,0.0,0.0,0,0.0,0
376,PAYMENT,210.06,C9677466102,340.64,130.58,M7664045502,0.0,0.0,0,0.0,0
514,CASH_OUT,301.82,C8833889083,306.85,5.03,C9379439373,1658.3,1658.3,1,0.03,0
207,CASH_OUT,217.87,C9285415473,460.1,242.23,C3107125807,0.0,0.0,0,0.0,0
674,CASH_OUT,1328.29,C4231729466,2658.93,1330.64,C5275521470,0.0,0.0,0,0.02,0
188,TRANSFER,28.97,C9420979586,41.71,12.74,C4600630513,0.0,28.97,0,0.16,0
608,TRANSFER,24.34,C6879428703,45.63,21.29,C1662259333,0.0,24.34,0,0.17333333333333334,0
99,CASH_OUT,4394.82,C9618334441,4201.81,0.0,M3831598303,0.0,0.0,1,0.04666666666666667,0
570,CASH_OUT,1.0,C7979466538,0.0,0.0,C8295757364,25.03,25.03,0,0.05333333333333334,0
507,TRANSFER,2782.59,C3429019820,3722.89,940.3,M6515490818,0.0,0.0,1,0.27666666666666667,0
57,CASH_OUT,39.98,C1553155490,52.61,12.63,C8584566722,16674.84,16674.84,0,0.0,0
596,TRANSFER,1.0,C4239406957,0.0,0.0,C7801948900,116596.28,116597.28,0,0.0,0
461,CASH_IN,204.62,C2610237679,19.21,223.83,C2647489402,3.07,3.07,0,0.006666666666666667,0
527,TRANSFER,5199.69,C4786674545,5405.12,205.43,M1343875431,0.0,0.0,1,0.33666666666666667,0
357,CASH_IN,85651.18,C2416760621,552.36,86203.54,C3946766309,810.61,810.61,0,0.0,0
210,CASH_OUT,285.23,C2075321966,485.8,200.57,C5696548897,0.0,0.0,0,0.006666666666666667,0
40,TRANSFER,1.0,C9504724761,1.0,0.0,C2777816561,23.44,24.44,0,0.17,0
108,TRANSFER,2296.28,C2916728422,2745.51,449.23,C4734111722,103.82,2400.1,0,0.01,0
55,CASH_OUT,3.74,C6923206003,8.22,4.48,C8730507757,15833.19,15833.19,0,0.0,0
329,CASH_OUT,2115.79,C6756332150,116207.94,114092.15,C6837342064,21.66,21.66,0,0.0,0
260,CASH_OUT,2435.31,C5344083406,2874.43,439.12,C2777816561,24.44,24.44,1,0.0033333333333333335,0
333,DEBIT,280.67,C8075122626,552.22,271.55,M3476758136,0.0,0.0,0,0.016666666666666666,0
665,PAYMENT,157.84,C2869999754,1245.94,1088.1,M1783432867,0.0,0.0,0,0.0,0
419,PAYMENT,1.0,C7292376027,0.0,0.0,M8667946580,0.0,0.0,0,0.0,0
308,TRANSFER,2.63,C8833889083,5.03,2.4,C7161887665,169.78,172.41,0,0.023333333333333334,0
172,DEBIT,7574.19,C1818520766,135609.27,128035.08,M8058679999,0.0,0.0,0,0.006666666666666667,0
596,TRANSFER,1.0,C3363629219,0.0,0.0,C7226553010,21.3,22.3,0,0.19333333333333333,0
182,DEBIT,95.57,C7193532615,135.44,39.87,M2187592160,0.0,0.0,0,0.016666666666666666,0
214,PAYMENT,111.72,C5510938155,206.62,94.9,M7717262223,0.0,0.0,0,0.0,0
484,CASH_OUT,7.28,C2591414076,15.65,8.37,C2331039957,364.34,364.34,0,0.03666666666666667,0
402,CASH_OUT,1.0,C2926780541,0.0,0.0,C9741628563,12297.37,12297.37,0,0.0,0
306,PAYMENT,1.5,C5569145346,2.7,1.2,M9043367776,0.0,0.0,0,0.0,0
269,CASH_OUT,197.52,C9908115095,224.91,27.39,C8373547961,0.0,0.0,1,0.006666666666666667,0
287,CASH_OUT,212.86,C4750707607,234.08,21.22,M2115862756,0.0,0.0,1,0.013333333333333334,0
310,TRANSFER,1.0,C1625217504,0.0,0.0,C5783809766,14173.9,14174.9,0,0.0,0
354,CASH_OUT,1541.13,C8757570742,1774.99,233.86,M3965860354,0.0,0.0,1,0.01,0
228,CASH_OUT,16.4,C4907446848,18.6,2.2,C4735313433,172.87,172.87,0,0.0,0
595,PAYMENT,19.9,C6726515966,25.93,6.03,M8325043570,0.0,0.0,0,0.0,0
275,PAYMENT,93.53,C4776436931,108.18,14.65,M4390543744,0.0,0.0,0,0.0,0
696,CASH_OUT,3510.66,C6656646925,10136.18,6625.52,C9147687657,925.72,925.72,0,0.006666666666666667,0
265,PAYMENT,1.0,C5646880148,0.0,0.0,M9916475897,0.0,0.0,0,0.0,0
495,PAYMENT,1.0,C3303082117,0.0,0.0,M6558769264,0.0,0.0,0,0.0,0
583,CASH_OUT,3516.13,C4181102664,4246.38,730.25,M2303835765,0.0,0.0,1,0.023333333333333334,0
4,PAYMENT,24.34,C2914126243,25.85,1.51,M5959736235,0.0,0.0,0,0.0,0
99,CASH_OUT,2.62,C9857430687,3.09,0.47,C9954587710,7.48,7.48,0,0.0033333333333333335,0
19,PAYMENT,1.0,C9078786223,0.0,0.0,M9043367776,0.0,0.0,0,0.0,0
161,DEBIT,69.4,C3396953414,113.98,44.58,M5959736235,0.0,0.0,0,0.02,0
381,DEBIT,231.75,C7935554354,275.32,43.57,M8727805468,0.0,0.0,0,0.02,0
320,CASH_OUT,4011.93,C8293928340,3621.76,0.0,M1240140248,0.0,0.0,1,0.12,0
588,TRANSFER,43.04,C9116428507,73.58,30.54,C1857596764,19.57,62.61,0,0.14333333333333334,0
258,CASH_IN,12769.41,C6618965944,264.45,13033.86,C7376649850,14.03,14.03,0,0.0,0
254,PAYMENT,1.0,C7059591606,0.83,0.0,M7960713821,0.0,0.0,0,0.0,0
690,CASH_OUT,1.0,C2646331504,0.0,0.0,C8719734235,9.91,9.91,0,0.05,0
207,PAYMENT,32.58,C1741134891,35.07,2.49,M6846530109,0.0,0.0,0,0.0,0
415,TRANSFER,23058.6,C6961554653,41725.78,18667.18,C6402580787,0.0,23058.6,0,0.0033333333333333335,0
479,DEBIT,174.74,C9285415473,242.23,67.49,M4641902461,0.0,0.0,0,0.02666666666666667,0
269,CASH_OUT,1.0,C1955345537,0.0,0.0,C5933179746,8882.8,8882.8,0,0.0033333333333333335,0
627,CASH_OUT,1764.71,C7415801613,1769.56,4.85,C5789633176,649.79,649.79,1,0.08666666666666667,0
538,TRANSFER,6.81,C2099184899,29.33,22.52,C6687206971,213.88,220.69,0,0.07666666666666666,0
663,TRANSFER,1.0,C3363629219,0.0,0.0,C7287517250,76.94,77.94,0,0.16333333333333333,0
16,PAYMENT,799.83,C4106464319,1152.61,352.78,M6845287382,0.0,0.0,0,0.0,0
185,PAYMENT,5.99,C5728765136,8.01,2.02,M3566125120,0.0,0.0,0,0.0,0
130,CASH_OUT,1075.27,C3866755218,1238.97,163.7,M8144889126,0.0,0.0,1,0.0,0
603,TRANSFER,13.46,C7527316141,14.21,0.75,C5724657556,968.77,982.23,0,0.07666666666666666,0
635,TRANSFER,817.6,C5485387618,816.16,0.0,M8869140487,0.0,0.0,1,0.41,0
683,PAYMENT,73.14,C6928691380,101.82,28.68,M8030400668,0.0,0.0,0,0.0,0
662,TRANSFER,76.81,C1004665657,88.61,11.8,M9410569618,0.0,0.0,1,0.17333333333333334,0
197,PAYMENT,210.01,C5129478722,285.74,75.73,M8626371177,0.0,0.0,0,0.0,0
601,PAYMENT,72.51,C6583444930,115.87,43.36,M8964269909,0.0,0.0,0,0.0,0
429,PAYMENT,5.01,C3392080953,7.03,2.02,M3119908041,0.0,0.0,0,0.0,0
360,PAYMENT,15.76,C2099184899,22.52,6.76,M6583604299,0.0,0.0,0,0.0,0
444,TRANSFER,20.43,C6110943464,41.09,20.66,C5431267548,967.73,988.16,0,0.05,0
661,TRANSFER,25.51,C6628158856,64.45,38.94,C7166868574,1.72,27.23,0,0.16666666666666666,0
296,CASH_OUT,13.38,C2777816561,24.44,11.06,C4470591645,370.09,370.09,0,0.0033333333333333335,0
76,TRANSFER,17606.3,C9851745648,16755.99,0.0,C9894847574,96.09,96.09,1,0.4066666666666667,0
509,CASH_OUT,1.0,C9986353481,1.29,0.29,C3362657890,37.0,37.0,0,0.05,0
633,PAYMENT,24.33,C4683935600,33.86,9.53,M8044997538,0.0,0.0,0,0.0,0
511,PAYMENT,5.68,C5508149905,19.6,13.92,M1185303518,0.0,0.0,0,0.0,0
264,PAYMENT,1.0,C1654602021,0.31,0.0,M8548290298,0.0,0.0,0,0.0,0
159,PAYMENT,530.06,C8131923452,743.18,213.12,M4399143287,0.0,0.0,0,0.0,0
45,CASH_OUT,338.62,C3691864041,331.47,0.0,C2914590233,13.66,13.66,1,0.0033333333333333335,0
203,PAYMENT,55.15,C2176904638,219.9,164.75,M3119908041,0.0,0.0,0,0.0,0
533,CASH_OUT,1592.45,C7575259637,2484.13,891.68,C7705605962,32.14,32.14,0,0.023333333333333334,0
229,PAYMENT,1.0,C8691288568,0.0,0.0,M2156184315,0.0,0.0,0,0.0,0
516,TRANSFER,1.0,C7699500243,1.0,0.0,C1415802902,0.0,1.0,0,0.22333333333333333,0
337,PAYMENT,5.48,C3362657890,37.0,31.52,M4158643786,0.0,0.0,0,0.0,0
499,CASH_OUT,442.16,C5952163720,673.43,231.27,C9806189256,2.63,2.63,0,0.03333333333333333,0
190,DEBIT,1.06,C4655935832,2.34,1.28,M8861351706,0.0,0.0,0,0.02666666666666667,0
69,CASH_IN,698.2,C1939042955,0.04,698.24,C9861449701,126.38,126.38,0,0.0,0
206,CASH_OUT,1.38,C3776011793,5.44,4.06,C8831899893,342.53,342.53,0,0.0,0
129,PAYMENT,578.93,C7760554363,758.69,179.76,M1908459040,0.0,0.0,0,0.0,0
434,CASH_OUT,155.83,C4506639908,133.37,0.0,M6101516825,0.0,0.0,1,0.10666666666666667,0
31,CASH_OUT,865.93,C9592390865,1506.83,640.9,C3030106617,31607.13,31607.13,0,0.0,0
707,CASH_OUT,1953.77,C7805633786,2755.02,801.25,C8322868827,33.19,33.19,0,0.023333333333333334,0
647,PAYMENT,1.0,C3971203213,0.0,0.0,M3534186676,0.0,0.0,0,0.0,0
487,TRANSFER,570.51,C6065662867,570.61,0.1,C2224363672,43.87,43.87,1,0.20333333333333334,0
555,TRANSFER,3686.33,C4203205881,3490.96,0.0,M3508990774,0.0,0.0,1,0.9466666666666667,1
642,TRANSFER,289.2,C6300607425,370.63,81.43,C3316277000,198.67,198.67,1,0.07666666666666666,0
425,CASH_OUT,395.43,C3127657643,369.84,0.0,M9776500600,0.0,0.0,1,0.11,0
333,TRANSFER,1.0,C8969097897,0.0,0.0,C4734111722,2400.1,2401.1,0,0.0,0
552,DEBIT,1.0,C3109688769,0.0,0.0,M3094407076,0.0,0.0,0,0.043333333333333335,0
537,CASH_OUT,380.1,C1112794026,377.03,0.0,M5959736235,0.0,0.0,1,0.07666666666666666,0
674,PAYMENT,719.71,C2419931729,1257.92,538.21,M1185303518,0.0,0.0,0,0.0,0
477,PAYMENT,1.0,C4564751926,0.0,0.0,M4896576569,0.0,0.0,0,0.0,0
370,CASH_OUT,5278.6,C1643611097,4537.12,0.0,C1004665657,11.8,11.8,1,0.12666666666666668,0
602,TRANSFER,13.21,C6582557981,31.6,18.39,C1684598046,0.0,13.21,0,0.17333333333333334,0
412,TRANSFER,2361.59,C2082326234,3200.01,838.42,C6000009225,12.41,2374.0,1,0.02666666666666667,0
478,CASH_OUT,1.0,C2962750929,0.0,0.0,C4658080160,61.93,61.93,0,0.08333333333333333,0
71,PAYMENT,268.62,C8300300577,360.18,91.56,M7050091525,0.0,0.0,0,0.0,0
244,CASH_OUT,16.35,C5694806361,36.12,19.77,C2777816561,11.06,11.06,0,0.0,0
531,PAYMENT,818.62,C2721355673,1018.14,199.52,M8058679999,0.0,0.0,0,0.0,0
576,TRANSFER,64.79,C4178659381,54.74,0.0,M6606958660,0.0,0.0,1,0.23333333333333334,0
288,CASH_OUT,442.13,C4471642620,453.37,11.24,C1230624431,8401.62,8401.62,1,0.023333333333333334,0
45,TRANSFER,1.0,C8239941612,0.0,0.0,C6171239466,80.84,81.84,0,0.12333333333333334,0
590,CASH_OUT,5271.09,C1870644102,4667.39,0.0,M8910440683,0.0,0.0,1,0.20333333333333334,0
427,CASH_OUT,1.0,C1037811610,1.15,0.15,C6562144159,0.0,0.0,0,0.08666666666666667,0
698,TRANSFER,49.18,C7671625956,57.4,8.22,M8740820392,0.0,0.0,1,0.17,0
76,TRANSFER,357.21,C8823677798,466.13,108.92,C8015775567,36.29,393.5,0,0.016666666666666666,0
577,PAYMENT,303.76,C3205292512,1110.7,806.94,M6284297249,0.0,0.0,0,0.0,0
316,TRANSFER,1977.46,C3280805846,1779.74,0.0,C9981691030,668.83,668.83,1,0.09,0
320,TRANSFER,2361.87,C4655935832,3249.09,887.22,M6771941776,0.0,0.0,1,0.18666666666666668,0
402,PAYMENT,549.11,C2041349374,23079.14,22530.03,M3517195150,0.0,0.0,0,0.0,0
626,CASH_OUT,83.56,C9995834531,102.04,18.48,M6200141898,0.0,0.0,1,0.03333333333333333,0
2,PAYMENT,167.81,C4714465905,205.52,37.71,M7512767226,0.0,0.0,0,0.0,0
20,CASH_IN,97185.65,C7767834064,1323.68,98509.33,C8106906538,72.49,72.49,0,0.0,0
57,CASH_OUT,773.73,C3783290795,935.11,161.38,M2869931869,0.0,0.0,1,0.0033333333333333335,0
139,PAYMENT,1407.11,C3420721027,1654.76,247.65,M7437168216,0.0,0.0,0,0.0,0
364,TRANSFER,2587.83,C1311570307,2186.15,0.0,M4460319291,0.0,0.0,1,0.6466666666666666,1
178,TRANSFER,29.76,C7882206934,84.55,54.79,C6719736115,75.49,105.25,0,0.06333333333333334,0
509,CASH_OUT,1.0,C8382488970,0.0,0.0,C2811967841,755.46,755.46,0,0.06333333333333334,0
483,PAYMENT,1.0,C1510289448,0.0,0.0,M6041646576,0.0,0.0,0,0.0,0
476,CASH_OUT,6.5,C4427620889,16.22,9.72,C1234359689,1029.25,1029.25,0,0.04666666666666667,0
273,CASH_OUT,73.77,C1248786714,63.14,0.0,M3192202822,0.0,0.0,1,0.03333333333333333,0
631,CASH_IN,4958.81,C5641959772,310.67,5269.48,C5367513465,15612.56,15612.56,0,0.0,0
97,TRANSFER,124.23,C6687206971,220.69,96.46,C5728897164,726.53,850.76,0,0.01,0
301,PAYMENT,305.67,C4632522232,8644.49,8338.82,M2571632270,0.0,0.0,0,0.0,0
618,PAYMENT,1.0,C3821211202,0.0,0.0,M6313472215,0.0,0.0,0,0.0,0
487,PAYMENT,1.0,C3358880404,0.0,0.0,M1647181551,0.0,0.0,0,0.0,0
623,PAYMENT,1.0,C3597724331,0.0,0.0,M1694904767,0.0,0.0,0,0.0,0
675,TRANSFER,234.37,C6691628146,316.4,82.03,C6852312425,284.43,518.8,0,0.056666666666666664,0
688,CASH_OUT,343.61,C9392707144,709.28,365.67,C2616884203,0.0,0.0,0,0.02666666666666667,0
300,CASH_IN,77013.88,C3691864041,0.0,77013.88,C4022245086,676.83,676.83,0,0.0,0
295,CASH_OUT,1.0,C1754603440,0.0,0.0,C2214741296,0.0,0.0,0,0.03333333333333333,0
187,PAYMENT,360.09,C5269015757,655.51,295.42,M2328736852,0.0,0.0,0,0.0,0
577,CASH_OUT,96.65,C8012696455,119.52,22.87,C2183906581,0.0,0.0,1,0.04,0
627,PAYMENT,20320.87,C5870891270,162881.16,142560.29,M7514017540,0.0,0.0,0,0.0,0
311,PAYMENT,6.08,C3271361431,22.69,16.61,M3595066420,0.0,0.0,0,0.0,0
330,PAYMENT,3.99,C8719734235,9.91,5.92,M7713758036,0.0,0.0,0,0.0,0
67,TRANSFER,96.63,C4022360089,207.63,111.0,C2079501936,13.11,109.74,0,0.09333333333333334,0
452,PAYMENT,1.42,C2439622619,15914.75,15913.33,M1306420495,0.0,0.0,0,0.0,0
136,TRANSFER,233.0,C2818381356,317.02,84.02,C1600406558,39140.09,39140.09,1,0.0,0
149,CASH_OUT,1239.69,C9196564761,1097.85,0.0,C9292791081,78.63,78.63,1,0.03666666666666667,0
207,PAYMENT,1.18,C9165632300,3.33,2.15,M3960136787,0.0,0.0,0,0.0,0
524,TRANSFER,76.59,C9094089209,233.29,156.7,C3465883999,0.0,76.59,0,0.11666666666666667,0
676,TRANSFER,1.0,C6491309593,0.0,0.0,C7805633786,801.25,802.25,0,0.07333333333333333,0
240,PAYMENT,2211.75,C1818520766,128035.08,125823.33,M4896576569,0.0,0.0,0,0.0,0
550,TRANSFER,1611.75,C5031086659,1550.86,0.0,C2785736751,95.36,1707.11,1,0.26,0
651,CASH_OUT,1430.19,C2400094541,1475.75,45.56,M8276498637,0.0,0.0,1,0.03666666666666667,0
116,TRANSFER,269.8,C5489485517,902.44,632.64,C8709361138,0.0,269.8,0,0.02,0
36,PAYMENT,13.51,C7499349987,24.8,11.29,M1466305100,0.0,0.0,0,0.0,0
442,CASH_OUT,45263.33,C5268845844,49524.68,4261.35,C4264134512,0.0,0.0,0,0.013333333333333334,0
649,TRANSFER,1746.16,C6134840512,1901.31,155.15,M4329446784,0.0,0.0,1,0.2966666666666667,0
191,PAYMENT,288.48,C9433570024,351.18,62.7,M7230477043,0.0,0.0,0,0.0,0
624,PAYMENT,18062.63,C8796293088,26618.93,8556.3,M1504729135,0.0,0.0,0,0.0,0
441,CASH_IN,26723.06,C8995970241,5.2,26728.26,C9337145038,148.78,148.78,0,0.0,0
170,TRANSFER,154.96,C4508521152,167.16,12.2,M4035639663,0.0,0.0,1,0.15666666666666668,0
303,TRANSFER,2942.75,C2349406919,3067.17,124.42,M3208200227,0.0,0.0,1,0.39666666666666667,0
464,CASH_OUT,1.0,C3875303857,0.0,0.0,C8669484644,400.26,400.26,0,0.09333333333333334,0
658,CASH_OUT,4020.65,C5083595988,4983.64,962.99,M1647181551,0.0,0.0,1,0.03,0
432,CASH_OUT,15910.74,C8570850267,129153.33,113242.59,C6155234610,10805.85,10805.85,0,0.0,0
631,TRANSFER,1460.42,C5578929439,1691.47,231.05,C7135394336,0.0,1460.42,0,0.06,0
494,DEBIT,1.0,C8316205130,0.0,0.0,M3107992942,0.0,0.0,0,0.043333333333333335,0
654,PAYMENT,1.0,C9909257076,0.0,0.0,M3208200227,0.0,0.0,0,0.0,0
645,PAYMENT,1.83,C9922723063,2.77,0.94,M7764117705,0.0,0.0,0,0.0,0
249,CASH_OUT,18247.78,C8663837890,70045.9,51798.12,C1446362270,423.71,423.71,0,0.0,0
431,PAYMENT,2.18,C4361393222,9.76,7.58,M4665677395,0.0,0.0,0,0.0,0
334,PAYMENT,1.0,C8418332121,0.0,0.0,M3605446007,0.0,0.0,0,0.0,0
475,TRANSFER,2185.63,C3906611156,2853.75,668.12,M1357561213,0.0,0.0,1,0.29333333333333333,0
638,TRANSFER,105.97,C6887132821,100.24,0.0,C5659161352,504.54,504.54,1,0.11,0
30,CASH_OUT,26.78,C2452066459,36.97,10.19,C1470939445,0.0,0.0,0,0.0,0
663,TRANSFER,17.84,C5567816720,58.8,40.96,C9744120054,63.76,81.6,0,0.12,0
572,TRANSFER,792.77,C3423086220,1049.08,256.31,M9620935604,0.0,0.0,1,0.16333333333333333,0
112,CASH_OUT,81.97,C8854238082,103.31,21.34,M6790024996,0.0,0.0,1,0.0033333333333333335,0
342,CASH_OUT,2897.42,C6583444930,2731.7,0.0,M2155671697,0.0,0.0,1,0.13333333333333333,0
645,TRANSFER,7509.63,C4635552887,10703.16,3193.53,M8626371177,0.0,0.0,1,0.33,0
123,CASH_OUT,3660.59,C7660813178,10737.39,7076.8,C7575259637,891.68,891.68,0,0.0,0
550,PAYMENT,19.99,C7763765757,81.56,61.57,M8768773991,0.0,0.0,0,0.0,0
192,PAYMENT,1.0,C6710338189,0.0,0.0,M5985331805,0.0,0.0,0,0.0,0
523,PAYMENT,6.95,C9147736635,9.39,2.44,M6101516825,0.0,0.0,0,0.0,0
74,PAYMENT,1.0,C2770980600,0.0,0.0,M8058679999,0.0,0.0,0,0.0,0
63,TRANSFER,8201.78,C4877520294,7039.48,0.0,M7282885927,0.0,0.0,1,0.81,1
509,TRANSFER,146.34,C2349406919,124.42,0.0,M7861571879,0.0,0.0,1,0.23,0
720,PAYMENT,368.63,C3259520140,1736.83,1368.2,M8144889126,0.0,0.0,0,0.0,0
519,PAYMENT,3.57,C4242550727,14.29,10.72,M6200141898,0.0,0.0,0,0.0,0
44,PAYMENT,51.84,C3843139149,4761.17,4709.33,M8821456242,0.0,0.0,0,0.0,0
685,TRANSFER,136.65,C1041531046,176.57,39.92,M3660800029,0.0,0.0,1,0.16666666666666666,0
384,TRANSFER,3.43,C8503368512,15.04,11.61,C4110258855,109831.32,109834.75,0,0.0,0
251,TRANSFER,3476.15,C8901585274,4945.58,1469.43,C6576395496,6.76,3482.91,0,0.0,0
645,DEBIT,792.87,C6588316233,1074.32,281.45,M3223687972,0.0,0.0,0,0.03,0
134,TRANSFER,45.21,C5310195918,225.38,180.17,C4226113732,875.73,920.94,0,0.0033333333333333335,0
477,CASH_OUT,1.0,C9863781331,0.0,0.0,C6566372886,0.0,0.0,0,0.09333333333333334,0
430,CASH_OUT,24589.24,C3030106617,31607.13,7017.89,C5515628633,14.06,14.06,1,0.013333333333333334,0
480,CASH_IN,37136.54,C6974875750,93771.81,130908.35,C9660523876,0.0,0.0,0,0.0,0
582,CASH_OUT,1.0,C2191714875,0.0,0.0,C8351491401,38144.38,38144.38,0,0.023333333333333334,0
104,CASH_IN,61384.71,C8083175325,241.82,61626.53,C6562457052,61.25,61.25,0,0.0,0
117,CASH_OUT,1590.01,C5975196341,1452.13,0.0,M8366710477,0.0,0.0,1,0.05,0
536,TRANSFER,2864.86,C7380780055,2463.36,0.0,M5694439775,0.0,0.0,1,0.9333333333333333,1
80,PAYMENT,1.31,C1600566083,1.39,0.08,M4588312351,0.0,0.0,0,0.0,0
484,PAYMENT,35.0,C6884882440,88.99,53.99,M3094407076,0.0,0.0,0,0.0,0
156,TRANSFER,721.51,C9771848610,765.57,44.06,C9392707144,365.67,1087.18,0,0.006666666666666667,0
323,PAYMENT,21.81,C7027529118,140.96,119.15,M9822499208,0.0,0.0,0,0.0,0
201,CASH_OUT,215.17,C2905584866,275.26,60.09,C3169561289,672.81,672.81,1,0.01,0
91,TRANSFER,11.43,C6892752604,19.87,8.44,C5329194647,0.0,11.43,0,0.16333333333333333,0
310,CASH_OUT,11239.02,C9741628563,12297.37,1058.35,C9463197203,0.0,0.0,0,0.006666666666666667,0
357,TRANSFER,24.69,C3206955437,37.24,12.55,C1421776124,12.24,36.93,0,0.11666666666666667,0
603,TRANSFER,1568.71,C1415802902,1561.15,0.0,M5564953924,0.0,0.0,1,0.5233333333333333,1
131,PAYMENT,17333.71,C4647891535,129289.18,111955.47,M7651029165,0.0,0.0,0,0.0,0
236,TRANSFER,125.99,C8199372599,134.19,8.2,C8419590655,101.37,227.36,0,0.023333333333333334,0
467,CASH_OUT,145.6,C8057994126,133.99,0.0,M2778069478,0.0,0.0,1,0.10333333333333333,0
49,CASH_OUT,140.86,C1529290976,156.34,15.48,C8880184233,878.61,878.61,0,0.016666666666666666,0
432,PAYMENT,11.48,C5254923696,6696.6,6685.12,M3595066420,0.0,0.0,0,0.0,0
342,PAYMENT,574.54,C5199176431,753.75,179.21,M3438830691,0.0,0.0,0,0.0,0
161,PAYMENT,68.03,C5227828349,76.9,8.87,M8778927211,0.0,0.0,0,0.0,0
286,TRANSFER,7814.43,C8684026200,7554.36,0.0,M7341757401,0.0,0.0,1,0.7966666666666666,1
223,PAYMENT,17.96,C9467483275,49.41,31.45,M8144889126,0.0,0.0,0,0.0,0
439,DEBIT,2.85,C9597198563,118.47,115.62,M3846182436,0.0,0.0,0,0.02666666666666667,0
34,PAYMENT,175.19,C9611537583,86750.09,86574.9,M3534186676,0.0,0.0,0,0.0,0
666,PAYMENT,1.0,C4405620755,0.0,0.0,M8874242713,0.0,0.0,0,0.0,0
229,CASH_OUT,54.73,C3667740351,50.19,0.0,M7537130187,0.0,0.0,1,0.013333333333333334,0
179,PAYMENT,170.03,C2771211118,360.72,190.69,M6659847491,0.0,0.0,0,0.0,0
20,CASH_OUT,305.14,C3196545325,542.88,237.74,C5510938155,94.9,94.9,0,0.0033333333333333335,0
43,PAYMENT,17506.8,C7397963801,25224.43,7717.63,M7453081889,0.0,0.0,0,0.0,0
338,CASH_OUT,2801.43,C6619138852,2466.49,0.0,M2711123163,0.0,0.0,1,0.13666666666666666,0
441,TRANSFER,4799.39,C8235717104,4875.48,76.09,M6845287382,0.0,0.0,1,0.5,1
550,CASH_OUT,105.81,C9861449701,126.38,20.57,C9138644862,62.04,62.04,1,0.03666666666666667,0
242,TRANSFER,1076.06,C9147687657,925.72,0.0,C7928074841,0.0,0.0,1,0.3333333333333333,0
47,CASH_OUT,87.01,C7150970643,341.82,254.81,C4239406957,0.0,0.0,0,0.0033333333333333335,0
481,TRANSFER,4656.17,C1251837136,8667.29,4011.12,C7481631841,0.0,4656.17,0,0.05,0
340,CASH_IN,711.09,C2439622619,15913.33,16624.42,C4500557310,0.0,0.0,0,0.0,0
86,PAYMENT,1.0,C3815389788,0.0,0.0,M1096405016,0.0,0.0,0,0.0,0
237,TRANSFER,2408.74,C7640122370,2229.85,0.0,M2518433834,0.0,0.0,1,0.7766666666666666,1
14,PAYMENT,1.0,C7556046460,0.0,0.0,M2121448210,0.0,0.0,0,0.0,0
288,TRANSFER,3239.21,C5416031878,3696.12,456.91,M7282885927,0.0,0.0,1,0.22,0
292,CASH_OUT,163.5,C3866755218,163.7,0.2,C5409514899,166.23,166.23,1,0.02666666666666667,0
646,PAYMENT,1.0,C4700855390,2.0,1.0,M2625035499,0.0,0.0,0,0.0,0
486,CASH_OUT,3844.31,C9274189261,4506.21,661.9,M6282009986,0.0,0.0,1,0.03,0
650,CASH_OUT,239.85,C9376277483,256.12,16.27,C6952291828,92.59,92.59,0,0.03,0
150,DEBIT,1.0,C2247484671,0.0,0.0,M5869990861,0.0,0.0,0,0.02666666666666667,0
640,TRANSFER,170.15,C9229469952,179.87,9.72,C5283911723,9145.44,9315.59,0,0.006666666666666667,0
593,TRANSFER,3595.75,C6585609060,3587.88,0.0,C3821211202,0.0,0.0,1,0.9466666666666667,1
675,CASH_OUT,242.75,C3693985578,320.08,77.33,C1457632732,702.37,702.37,0,0.03,0
193,PAYMENT,3.59,C1487258103,4.26,0.67,M2115406331,0.0,0.0,0,0.0,0
312,CASH_OUT,1.0,C8239941612,0.0,0.0,C1322401182,0.0,0.0,0,0.03333333333333333,0
563,CASH_IN,72287.62,C1602569046,50.64,72338.26,C9621419224,147.19,147.19,0,0.0,0
323,CASH_OUT,1.0,C8373547961,0.0,0.0,C2452066459,10.19,10.19,0,0.02666666666666667,0
4,CASH_OUT,472.76,C9250327663,1028.38,555.62,C7710396573,0.0,0.0,0,0.02,0
170,PAYMENT,1.0,C2770980600,0.0,0.0,M9098037639,0.0,0.0,0,0.0,0
369,CASH_OUT,52.36,C8102515984,70.61,18.25,M3536590481,0.0,0.0,1,0.013333333333333334,0
301,TRANSFER,4224.08,C5268845844,4261.35,37.27,C3163970710,18.54,4242.62,0,0.013333333333333334,0
213,PAYMENT,1.0,C1276905285,0.0,0.0,M6199197408,0.0,0.0,0,0.0,0
307,TRANSFER,2483.29,C7660157097,3076.54,593.25,C7061419749,576.04,576.04,1,0.0,0
100,PAYMENT,1.0,C1682781467,0.0,0.0,M9523139706,0.0,0.0,0,0.0,0
313,CASH_OUT,1.0,C9553561889,0.0,0.0,C5604529187,595.27,595.27,0,0.03,0
236,PAYMENT,2471.5,C3567900251,22071.91,19600.41,M2115862756,0.0,0.0,0,0.0,0
127,CASH_IN,14.94,C8102515984,18.25,33.19,C2076151332,715.1,715.1,0,0.0033333333333333335,0
177,TRANSFER,1.0,C7183058541,0.0,0.0,C9894847574,96.09,97.09,0,0.06333333333333334,0
717,TRANSFER,9.12,C6000952470,18.84,9.72,C3057629778,0.0,9.12,0,0.16333333333333333,0
98,CASH_OUT,2775.94,C8160279830,4905.89,2129.95,C9677466102,130.58,130.58,0,0.0,0
185,TRANSFER,112.28,C2075321966,200.57,88.29,C2405746777,76.05,188.33,0,0.03,0
211,TRANSFER,3305.96,C7420846622,4273.91,967.95,M4306983924,0.0,0.0,1,0.21,0
618,CASH_IN,349.24,C9098129449,12068.37,12417.61,C7002076563,80949.41,80949.41,0,0.0,0
478,PAYMENT,1.44,C8285000265,2.69,1.25,M7537130187,0.0,0.0,0,0.0,0
241,TRANSFER,1131.87,C8625905455,1152.09,20.22,C3097302637,0.0,0.0,1,0.2,0
143,TRANSFER,444.24,C5476654128,373.19,0.0,M2778069478,0.0,0.0,1,0.22333333333333333,0
340,PAYMENT,1.0,C8377088167,1.0,0.0,M6786043791,0.0,0.0,0,0.0,0
667,CASH_OUT,201.68,C5199176431,179.21,0.0,C5972484792,21.06,21.06,1,0.06,0
639,TRANSFER,173.57,C9248574674,145.11,0.0,C5754363475,90.16,263.73,1,0.11333333333333333,0
483,TRANSFER,5.5,C5227828349,8.87,3.37,C3776011793,4.06,9.56,0,0.15,0
182,TRANSFER,1540.42,C5945359606,1903.96,363.54,C8137972345,901.32,2441.74,1,0.0033333333333333335,0
671,DEBIT,16.01,C5693307665,25.36,9.35,M4242579642,0.0,0.0,0,0.03,0
548,PAYMENT,1518.41,C2041349374,22530.03,21011.62,M1783432867,0.0,0.0,0,0.0,0
154,PAYMENT,2.03,C9503787171,3.36,1.33,M9631695368,0.0,0.0,0,0.0,0
127,PAYMENT,8.01,C1400330495,8.59,0.58,M9640701016,0.0,0.0,0,0.0,0
427,PAYMENT,16273.21,C2924568778,21166.13,4892.92,M4242579642,0.0,0.0,0,0.0,0
681,TRANSFER,2400.6,C3716924538,2761.35,360.75,C6868336102,0.0,0.0,1,0.29333333333333333,0
286,TRANSFER,89.46,C5510938155,94.9,5.44,C6204862411,0.0,0.0,1,0.16333333333333333,0
168,CASH_IN,16182.52,C6732648420,458.23,16640.75,C9081544414,0.0,0.0,0,0.0,0
574,PAYMENT,1.0,C8394198376,0.0,0.0,M2115862756,0.0,0.0,0,0.0,0
230,TRANSFER,183.82,C9738752801,383.57,199.75,C3597724331,0.0,183.82,0,0.013333333333333334,0
577,PAYMENT,1.51,C6415031531,1.85,0.34,M1676220116,0.0,0.0,0,0.0,0
617,PAYMENT,3.4,C5998623100,4.22,0.82,M2129491690,0.0,0.0,0,0.0,0
226,CASH_OUT,37.27,C7882206934,54.79,17.52,C9085085822,30.65,30.65,0,0.0,0
594,TRANSFER,886.89,C7670476743,796.6,0.0,C3465883999,76.59,963.48,1,0.22333333333333333,0
14,PAYMENT,21.05,C5567816720,40.96,19.91,M9398575277,0.0,0.0,0,0.0,0
334,CASH_OUT,4343.09,C1316756902,4039.58,0.0,C3297096148,7432.12,7432.12,1,0.03666666666666667,0
199,DEBIT,1.0,C9776185998,0.0,0.0,M6558769264,0.0,0.0,0,0.03,0
539,PAYMENT,23.37,C4600630513,28.97,5.6,M1368287033,0.0,0.0,0,0.0,0
210,CASH_OUT,162.99,C1233079614,170.86,7.87,M6732306182,0.0,0.0,1,0.013333333333333334,0
576,TRANSFER,1341.22,C7671041685,1204.52,0.0,C4633257620,1234.5,1234.5,1,0.22666666666666666,0
65,DEBIT,1.0,C7633342225,0.0,0.0,M8821456242,0.0,0.0,0,0.02666666666666667,0
594,PAYMENT,1.0,C5884391502,0.23,0.0,M8643636805,0.0,0.0,0,0.0,0
701,CASH_OUT,1.0,C7799567490,4.51,3.51,C6959501845,3383.41,3383.41,0,0.016666666666666666,0
665,PAYMENT,1.0,C5150074940,1.0,0.0,M7651029165,0.0,0.0,0,0.0,0
630,TRANSFER,37769.59,C4915196257,32168.77,0.0,M6284297249,0.0,0.0,1,0.94,1
129,PAYMENT,218.57,C2549748436,891.46,672.89,M2328736852,0.0,0.0,0,0.0,0
373,TRANSFER,1.0,C9147687657,0.0,0.0,C7824150224,3506.95,3507.95,0,0.0,0
186,PAYMENT,48.06,C7333678472,84.28,36.22,M6845287382,0.0,0.0,0,0.0,0
344,DEBIT,7.09,C9312085761,7.69,0.6,M8366710477,0.0,0.0,0,0.04,0
667,CASH_OUT,1.0,C7839819230,0.0,0.0,C5100282913,83.81,83.81,0,0.04666666666666667,0
300,CASH_OUT,2120.14,C4632522232,8338.82,6218.68,C3791815554,69214.21,69214.21,0,0.0,0
589,CASH_OUT,174253.45,C4602080228,232453.06,58199.61,C5695387521,0.0,0.0,1,0.013333333333333334,0
7,PAYMENT,1.0,C9909257076,0.0,0.0,M6495967005,0.0,0.0,0,0.0,0
531,TRANSFER,1.0,C2524751277,0.0,0.0,C5381866906,8112.15,8113.15,0,0.016666666666666666,0
693,CASH_OUT,6678.76,C4538382315,9121.49,2442.73,C7576309274,148750.22,148750.22,0,0.0,0
695,PAYMENT,525.25,C4574027737,1155.53,630.28,M5067400473,0.0,0.0,0,0.0,0
277,TRANSFER,182.38,C7150970643,254.81,72.43,C4647891535,111955.47,112137.85,0,0.0,0
656,TRANSFER,371.84,C7374810067,460.52,88.68,M4689605624,0.0,0.0,1,0.17333333333333334,0
202,CASH_OUT,8900.5,C6121801720,66241.27,57340.77,C1613549255,4554.64,4554.64,0,0.0,0
389,DEBIT,123.13,C8394040015,186.43,63.3,M9398575277,0.0,0.0,0,0.023333333333333334,0
534,PAYMENT,1.0,C5028688786,0.28,0.0,M4456193555,0.0,0.0,0,0.0,0
606,TRANSFER,3512.54,C8480622107,4043.33,530.79,C3343459102,3.76,3.76,1,0.25666666666666665,0
564,TRANSFER,1.0,C7633342225,0.0,0.0,C9019515562,90726.17,90727.17,0,0.0,0
713,CASH_OUT,363.7,C1489726608,526.84,163.14,C2327372855,7.01,7.01,0,0.023333333333333334,0
211,CASH_OUT,2007.1,C2188332531,2496.95,489.85,M9404002665,0.0,0.0,1,0.0,0
226,PAYMENT,374.66,C7070083150,769.77,395.11,M2303835765,0.0,0.0,0,0.0,0
374,TRANSFER,5678.08,C9392515666,4753.48,0.0,M5194066484,0.0,0.0,1,0.7366666666666667,1
145,PAYMENT,84.63,C8901585274,1469.43,1384.8,M4390543744,0.0,0.0,0,0.0,0
498,PAYMENT,766.25,C7316122432,959.28,193.03,M4329446784,0.0,0.0,0,0.0,0
161,CASH_IN,71652.78,C9663561486,144.28,71797.06,C1011759631,203.36,203.36,0,0.0,0
180,PAYMENT,219.0,C6173344564,628.05,409.05,M7750131975,0.0,0.0,0,0.0,0
580,CASH_OUT,3046.21,C7019900273,2671.09,0.0,M4820942294,0.0,0.0,1,0.17666666666666667,0
666,CASH_OUT,15154.82,C2041349374,21011.62,5856.8,C5485387618,0.0,0.0,0,0.02,0
170,TRANSFER,2386.67,C9922723063,2868.33,481.66,M8458323087,0.0,0.0,1,0.15333333333333332,0
3,PAYMENT,1.0,C6822870815,0.0,0.0,M5815678365,0.0,0.0,0,0.0,0
147,TRANSFER,3288.08,C8934097788,2929.37,0.0,C5400463094,13.9,13.9,1,0.7166666666666667,1
549,PAYMENT,1.0,C8293928340,0.0,0.0,M6401844042,0.0,0.0,0,0.0,0
476,TRANSFER,189.39,C3815235019,214.87,25.48,M3208200227,0.0,0.0,1,0.17333333333333334,0
578,TRANSFER,888.47,C8168036130,2536.3,1647.83,C1264739091,0.0,888.47,0,0.08,0
116,TRANSFER,108802.73,C9484167278,103959.07,0.0,M3605446007,0.0,0.0,1,0.9133333333333333,1
528,DEBIT,4.68,C2137651678,21.72,17.04,M1466305100,0.0,0.0,0,0.03,0
425,TRANSFER,4314.43,C9410288290,4094.03,0.0,C4098389895,0.0,4314.43,1,0.32,0
641,PAYMENT,1.0,C3707166618,1.0,0.0,M3536590481,0.0,0.0,0,0.0,0
402,PAYMENT,1.0,C3201397080,0.0,0.0,M1676220116,0.0,0.0,0,0.0,0
28,PAYMENT,10.39,C1041531046,39.92,29.53,M9026301048,0.0,0.0,0,0.0,0
361,PAYMENT,17.54,C7638836058,25.02,7.48,M8869140487,0.0,0.0,0,0.0,0
685,PAYMENT,23164.48,C7805745017,46722.23,23557.75,M1122712790,0.0,0.0,0,0.0,0
298,PAYMENT,7.82,C6178804925,18512.65,18504.83,M7537130187,0.0,0.0,0,0.0,0
173,DEBIT,378.38,C6244338653,501.44,123.06,M2518433834,0.0,0.0,0,0.02,0
671,PAYMENT,6.06,C9493209128,9.56,3.5,M6659847491,0.0,0.0,0,0.0,0
624,PAYMENT,15.52,C4403845222,46.98,31.46,M1888107487,0.0,0.0,0,0.0,0
117,PAYMENT,1.0,C9633533290,0.0,0.0,M4820942294,0.0,0.0,0,0.0,0
188,TRANSFER,1.0,C2836553621,0.0,0.0,C6566372886,0.0,1.0,0,0.23333333333333334,0
462,PAYMENT,6.59,C4361393222,7.58,0.99,M9896529524,0.0,0.0,0,0.0,0
41,TRANSFER,16902.37,C4642197907,23753.51,6851.14,C7420846622,967.95,17870.32,0,0.0,0
670,PAYMENT,1.0,C6947080764,0.0,0.0,M4125758723,0.0,0.0,0,0.0,0
99,CASH_OUT,22.07,C1099541460,37.39,15.32,C7561728644,495.18,495.18,0,0.0033333333333333335,0
474,PAYMENT,17.66,C9861449701,20.57,2.91,M6525576685,0.0,0.0,0,0.0,0
147,CASH_OUT,2270.18,C3744446292,3296.51,1026.33,C9856756553,12.72,12.72,0,0.0,0
112,TRANSFER,86.59,C2963288053,136.78,50.19,C1667779376,0.0,86.59,0,0.15666666666666668,0
582,PAYMENT,18.18,C8046300793,25.84,7.66,M8874242713,0.0,0.0,0,0.0,0
642,CASH_OUT,243.54,C2811967841,755.46,511.92,C6329323383,3.27,3.27,0,0.02666666666666667,0
454,PAYMENT,229.3,C6745958212,48049.19,47819.89,M6992094064,0.0,0.0,0,0.0,0
371,PAYMENT,172.09,C9318010743,227.17,55.08,M2518433834,0.0,0.0,0,0.0,0
476,PAYMENT,1.0,C5975196341,0.0,0.0,M3119908041,0.0,0.0,0,0.0,0
242,PAYMENT,129.06,C8015124886,153.45,24.39,M5000316394,0.0,0.0,0,0.0,0
252,CASH_OUT,110.59,C3853978147,143.05,32.46,C6837342064,21.66,21.66,1,0.0033333333333333335,0
177,CASH_OUT,1.0,C2616884203,0.0,0.0,C7961674558,131.64,131.64,0,0.0,0
669,CASH_OUT,744.45,C2254516608,672.49,0.0,C5183211669,6710.86,6710.86,1,0.04666666666666667,0
322,TRANSFER,34.62,C2825989011,283.72,249.1,C4736031885,180.45,215.07,0,0.006666666666666667,0
130,CASH_OUT,122.31,C9621419224,147.19,24.88,M8768773991,0.0,0.0,1,0.006666666666666667,0
409,CASH_OUT,1.0,C1870644102,0.0,0.0,C5151887478,12182.6,12182.6,0,0.013333333333333334,0
263,PAYMENT,367.0,C5036200310,600.65,233.65,M9026301048,0.0,0.0,0,0.0,0
421,PAYMENT,17.04,C4277581356,75.78,58.74,M7340036327,0.0,0.0,0,0.0,0
114,DEBIT,309.57,C1378134712,390.7,81.13,M4554178984,0.0,0.0,0,0.016666666666666666,0
118,PAYMENT,362.81,C8755749566,658.61,295.8,M6932365592,0.0,0.0,0,0.0,0
235,DEBIT,1457.1,C7470843264,2245.8,788.7,M6744039057,0.0,0.0,0,0.013333333333333334,0
596,DEBIT,1.0,C4566852761,0.0,0.0,M7948094928,0.0,0.0,0,0.04666666666666667,0
569,PAYMENT,1.0,C5269728610,3.94,2.94,M3811254192,0.0,0.0,0,0.0,0
89,TRANSFER,91.5,C2465576748,114.08,22.58,C7895255573,0.0,91.5,1,0.16333333333333333,0
409,TRANSFER,1807.2,C4143852021,2447.64,640.44,C7640078465,133.28,1940.48,0,0.03666666666666667,0
620,PAYMENT,1.0,C1870644102,0.0,0.0,M3208200227,0.0,0.0,0,0.0,0
441,CASH_IN,133249.79,C3694860228,1.0,133250.79,C9830946410,29.65,29.65,0,0.0,0
438,PAYMENT,170.15,C2390587865,188.31,18.16,M9620935604,0.0,0.0,0,0.0,0
378,CASH_OUT,150.86,C9255898264,134.9,0.0,M7537130187,0.0,0.0,1,0.05333333333333334,0
345,CASH_OUT,3.72,C7620473079,12.3,8.58,C1288335378,289.86,289.86,0,0.006666666666666667,0
249,PAYMENT,1.0,C6065662867,0.1,0.0,M2655546199,0.0,0.0,0,0.0,0
429,TRANSFER,3852.55,C2268523764,4080.06,227.51,C7685540186,0.0,3852.55,0,0.056666666666666664,0
713,TRANSFER,1.54,C2830154607,3.58,2.04,C6777263354,0.0,1.54,0,0.18,0
210,CASH_IN,115421.88,C1513003815,64.95,115486.83,C8313706299,6.0,6.0,0,0.0,0
530,CASH_OUT,3781.83,C4656572173,4492.45,710.62,M6247463262,0.0,0.0,1,0.02666666666666667,0
244,CASH_OUT,202957.62,C6329589780,184837.27,0.0,M4896576569,0.0,0.0,1,0.03,0
678,CASH_IN,14259.57,C3051831252,171.6,14431.17,C9857430687,0.47,0.47,0,0.0,0
553,CASH_OUT,1837.11,C2625792787,2471.05,633.94,M6846530109,0.0,0.0,1,0.02666666666666667,0
628,CASH_OUT,1932.14,C9470922075,2780.26,848.12,C2947476917,0.0,0.0,0,0.02666666666666667,0
553,CASH_OUT,2300.4,C2260326267,3021.07,720.67,C3206955437,12.55,12.55,1,0.02,0
399,TRANSFER,3835.18,C1197449658,4519.91,684.73,C8695129534,71034.73,74869.91,1,0.0,0
483,CASH_OUT,39996.29,C3587283948,37133.46,0.0,C1939042955,698.24,698.24,1,0.10666666666666667,0
378,PAYMENT,1.0,C5898890707,0.0,0.0,M5959736235,0.0,0.0,0,0.0,0
518,CASH_IN,12023.16,C3365835550,1.36,12024.52,C7858937483,38.8,38.8,0,0.0,0
169,CASH_OUT,16491.73,C8556573246,14718.07,0.0,M6045729129,0.0,0.0,1,0.06,0
599,TRANSFER,103.1,C9805620900,97.14,0.0,C8184602688,95.02,198.12,1,0.13333333333333333,0
470,CASH_OUT,67.15,C3294092753,67.54,0.39,M6651020291,0.0,0.0,1,0.1,0
140,CASH_OUT,1177.01,C3383331379,1462.95,285.94,M9255306810,0.0,0.0,1,0.0,0
97,PAYMENT,20.92,C4673457063,35.58,14.66,M5564953924,0.0,0.0,0,0.0,0
190,CASH_OUT,177.66,C6588316233,281.45,103.79,C8547068234,581.7,581.7,0,0.01,0
511,TRANSFER,13.93,C6673381261,22.45,8.52,C6777263354,1.54,15.47,0,0.17,0
587,PAYMENT,1742.3,C7685540186,3852.55,2110.25,M9441870024,0.0,0.0,0,0.0,0
224,PAYMENT,1.0,C3482206102,0.0,0.0,M2391874847,0.0,0.0,0,0.0,0
647,PAYMENT,17.42,C6169243284,60.54,43.12,M8276498637,0.0,0.0,0,0.0,0
612,PAYMENT,5631.48,C6515369278,13701.59,8070.11,M8874242713,0.0,0.0,0,0.0,0
442,PAYMENT,904.05,C7628981661,1221.45,317.4,M3566125120,0.0,0.0,0,0.0,0
173,PAYMENT,11164.43,C6317889312,14172.25,3007.82,M9523139706,0.0,0.0,0,0.0,0
158,PAYMENT,17.94,C7166868574,27.23,9.29,M1802753761,0.0,0.0,0,0.0,0
55,CASH_OUT,124.96,C6719736115,105.25,0.0,M5937271321,0.0,0.0,1,0.006666666666666667,0
501,CASH_IN,3350.46,C2617999521,63901.84,67252.3,C5269728610,2.94,2.94,0,0.0,0
445,CASH_OUT,130989.97,C4530959836,137914.29,6924.32,C3987248494,276.27,276.27,0,0.0,0
496,TRANSFER,55.62,C8331319481,79.41,23.79,M7050091525,0.0,0.0,1,0.17666666666666667,0
378,PAYMENT,1.0,C5407856339,0.73,0.0,M9752092528,0.0,0.0,0,0.0,0
472,CASH_OUT,1.0,C2068687175,1.64,0.64,C7620473079,8.58,8.58,0,0.06333333333333334,0
81,TRANSFER,3403.76,C7625389037,4603.49,1199.73,C8168036130,1647.83,1647.83,1,0.0033333333333333335,0
533,CASH_OUT,13.94,C3951331472,18.1,4.16,C2486744752,852.3,852.3,0,0.043333333333333335,0
598,CASH_OUT,2706.95,C8841851495,3838.55,1131.6,C7470843264,788.7,788.7,1,0.013333333333333334,0
143,TRANSFER,1557.9,C1293864877,1519.36,0.0,M1257854279,0.0,0.0,1,0.37333333333333335,0
266,TRANSFER,2505.09,C7825844140,2697.05,191.96,C8625774078,96.82,96.82,1,0.06333333333333334,0
296,TRANSFER,1.0,C6156843353,0.8,0.0,C1225953184,0.0,1.0,0,0.22666666666666666,0
292,PAYMENT,530.03,C7750819485,880.94,350.91,M5891831621,0.0,0.0,0,0.0,0
485,TRANSFER,107917.88,C4067919621,90074.25,0.0,M5891831621,0.0,0.0,1,0.8933333333333333,1
697,PAYMENT,18.48,C4928783441,76.7,58.22,M6401844042,0.0,0.0,0,0.0,0
545,PAYMENT,1.0,C2756070122,0.0,0.0,M6846530109,0.0,0.0,0,0.0,0
108,TRANSFER,36.63,C4638577630,40.93,4.3,C9033653743,10987.83,11024.46,0,0.0,0
511,CASH_OUT,1.0,C5275521470,0.0,0.0,C3421719519,484.44,484.44,0,0.06333333333333334,0
200,TRANSFER,477.28,C9844874547,581.94,104.66,C4895020135,0.0,0.0,1,0.16666666666666666,0
590,TRANSFER,796.34,C7799567490,870.32,73.98,C8418332121,0.0,0.0,1,0.22333333333333333,0
149,TRANSFER,198.76,C6789292252,188.06,0.0,C8325222092,30.32,30.32,1,0.15666666666666668,0
120,TRANSFER,3387.75,C6246716604,4412.77,1025.02,M6820149016,0.0,0.0,1,0.19666666666666666,0
422,TRANSFER,72.28,C6952291828,92.59,20.31,M6651020291,0.0,0.0,1,0.16666666666666666,0
480,CASH_OUT,9297.97,C6336171726,14155.11,4857.14,C4642197907,6851.14,6851.14,0,0.006666666666666667,0
156,CASH_OUT,231.12,C8709361138,269.8,38.68,C1417436465,1.48,1.48,0,0.0,0
506,PAYMENT,1.0,C9504724761,0.0,0.0,M5985331805,0.0,0.0,0,0.0,0
162,CASH_OUT,2.14,C5474951950,9.16,7.02,C9309500117,46576.97,46576.97,0,0.0,0
139,TRANSFER,219.49,C7896596272,502.88,283.39,C8370987661,1673.71,1893.2,0,0.0,0
594,PAYMENT,5.82,C9544423456,9.19,3.37,M3595066420,0.0,0.0,0,0.0,0
321,CASH_OUT,1.93,C5646751885,4.52,2.59,C6673381261,8.52,8.52,0,0.02,0
74,PAYMENT,1.8,C7045593274,8.88,7.08,M1442421654,0.0,0.0,0,0.0,0
186,PAYMENT,2.48,C3197757742,3.29,0.81,M6744039057,0.0,0.0,0,0.0,0
307,PAYMENT,8.59,C4427620889,9.72,1.13,M6744039057,0.0,0.0,0,0.0,0
521,TRANSFER,133.34,C7465834732,138.26,4.92,C1707196784,0.0,0.0,1,0.18,0
469,PAYMENT,1.0,C8282534126,1.0,0.0,M8458323087,0.0,0.0,0,0.0,0
170,PAYMENT,6.59,C4767539382,12.51,5.92,M9558906999,0.0,0.0,0,0.0,0
287,CASH_OUT,1.0,C4466589567,0.0,0.0,C3815389788,0.0,0.0,0,0.03666666666666667,0
102,PAYMENT,1.28,C6311894154,4.72,3.44,M3508990774,0.0,0.0,0,0.0,0
267,PAYMENT,1.0,C2111272861,0.0,0.0,M4460319291,0.0,0.0,0,0.0,0
631,TRANSFER,294.74,C8480622107,530.79,236.05,C3774110439,0.0,294.74,0,0.06333333333333334,0
547,CASH_OUT,17096.79,C3389594115,102359.97,85263.18,C4635552887,3193.53,3193.53,0,0.0,0
169,TRANSFER,4.83,C6509985983,14.1,9.27,C1399546384,6.17,11.0,0,0.12333333333333334,0
312,TRANSFER,8.26,C5212581851,13.37,5.11,C7059726570,43.66,51.92,0,0.09,0
31,TRANSFER,1582.19,C9626333315,1645.26,63.07,C7299420031,8.98,8.98,1,0.19,0
696,PAYMENT,1.0,C4131356954,1.0,0.0,M6515490818,0.0,0.0,0,0.0,0
349,PAYMENT,3517.25,C5686850445,57868.2,54350.95,M9640701016,0.0,0.0,0,0.0,0
326,DEBIT,14.66,C3651552513,25.64,10.98,M3297681898,0.0,0.0,0,0.023333333333333334,0
530,PAYMENT,2.25,C3639796200,5.33,3.08,M3297681898,0.0,0.0,0,0.0,0
360,CASH_OUT,86.06,C6691628146,82.03,0.0,C2801177461,89.34,89.34,1,0.023333333333333334,0
91,TRANSFER,1.21,C2149938334,3.35,2.14,C5082603360,51.85,53.06,0,0.10666666666666667,0
702,CASH_OUT,5572.62,C4632522232,6218.68,646.06,C3931997465,16.88,16.88,0,0.023333333333333334,0
183,TRANSFER,652.73,C5083595988,962.99,310.26,C1785418196,46.95,699.68,0,0.0,0
334,PAYMENT,2.57,C9981364488,4.63,2.06,M1083302600,0.0,0.0,0,0.0,0
660,PAYMENT,1.0,C5943324387,3.57,2.57,M3705237613,0.0,0.0,0,0.0,0
270,CASH_OUT,9449.82,C4207337120,10011.5,561.68,C6517150278,117.36,117.36,0,0.0033333333333333335,0
595,TRANSFER,235.22,C3196545325,237.74,2.52,C7004964045,0.0,0.0,1,0.18333333333333332,0
579,TRANSFER,1.0,C8239941612,0.0,0.0,C7340428136,78.35,79.35,0,0.17,0
326,TRANSFER,535.84,C7199283151,582.54,46.7,M7717262223,0.0,0.0,1,0.16333333333333333,0
470,PAYMENT,9.96,C6443749394,14.96,5.0,M7340036327,0.0,0.0,0,0.0,0
333,CASH_OUT,1.0,C1112794026,0.0,0.0,C6504099682,4035.35,4035.35,0,0.006666666666666667,0
479,CASH_OUT,3.93,C9455610447,7.05,3.12,C6081137534,156.21,156.21,0,0.06,0
73,TRANSFER,281.86,C3995732958,292.07,10.21,C5284391408,2209.6,2491.46,1,0.0033333333333333335,0
273,TRANSFER,1.0,C7038841740,0.0,0.0,C5625980561,2024.68,2025.68,0,0.01,0
669,TRANSFER,1284.79,C3667740351,1188.4,0.0,M1122712790,0.0,0.0,1,0.44333333333333336,0
329,TRANSFER,426.5,C7460728316,538.39,111.89,M3145756342,0.0,0.0,1,0.15333333333333332,0
694,PAYMENT,1.22,C1290050198,16269.48,16268.26,M2571632270,0.0,0.0,0,0.0,0
258,PAYMENT,1.0,C5868640848,0.0,0.0,M6606958660,0.0,0.0,0,0.0,0
641,PAYMENT,9633.29,C6922713963,16751.45,7118.16,M8727805468,0.0,0.0,0,0.0,0
628,CASH_OUT,80.39,C4274958945,107.8,27.41,C3030106617,7017.89,7017.89,1,0.02,0
57,PAYMENT,57.54,C6244338653,123.06,65.52,M8144352013,0.0,0.0,0,0.0,0
248,PAYMENT,178.26,C6929897032,201.46,23.2,M1240140248,0.0,0.0,0,0.0,0
103,TRANSFER,3511.58,C8274273035,3565.74,54.16,C8868054898,347.47,347.47,1,0.07,0
393,PAYMENT,5337.56,C5439176290,5592.95,255.39,M4908108692,0.0,0.0,0,0.0,0
459,CASH_OUT,1192.15,C3623588379,1440.21,248.06,M8646369354,0.0,0.0,1,0.06333333333333334,0
533,TRANSFER,63421.88,C3185089287,230146.29,166724.41,C4965395580,127452.38,190874.26,0,0.0,0
410,PAYMENT,88.39,C1106456634,230.73,142.34,M5919148165,0.0,0.0,0,0.0,0
438,CASH_OUT,2533.63,C6698759353,3132.07,598.44,M3960136787,0.0,0.0,1,0.04666666666666667,0
633,TRANSFER,1739.88,C5694848867,4358.21,2618.33,C5673482258,4.08,1743.96,0,0.05333333333333334,0
493,PAYMENT,265.34,C2877279755,416.31,150.97,M6771941776,0.0,0.0,0,0.0,0
76,CASH_OUT,4499.44,C4630196130,4028.42,0.0,C2390587865,18.16,18.16,1,0.043333333333333335,0
446,PAYMENT,1.0,C4939447721,0.0,0.0,M8443061472,0.0,0.0,0,0.0,0
178,PAYMENT,1.0,C1361845490,0.0,0.0,M3313346852,0.0,0.0,0,0.0,0
446,TRANSFER,28710.06,C4668931881,26295.0,0.0,M9977193987,0.0,0.0,1,0.95,1
488,PAYMENT,1.0,C1415802902,0.0,0.0,M7453081889,0.0,0.0,0,0.0,0
600,TRANSFER,2902.62,C2250949136,3336.19,433.57,C1513003815,115486.83,115486.83,1,0.006666666666666667,0
595,TRANSFER,2053.56,C6012067717,1768.83,0.0,C8211516617,9.09,9.09,1,0.5666666666666667,1
504,PAYMENT,16.77,C2180484299,17.74,0.97,M8861351706,0.0,0.0,0,0.0,0
96,TRANSFER,632.1,C7772180882,737.58,105.48,C4181102664,730.25,1362.35,0,0.01,0
499,PAYMENT,7.28,C6844582171,19.32,12.04,M2555936898,0.0,0.0,0,0.0,0
278,CASH_OUT,240.99,C2848792488,933.37,692.38,C4731897202,0.77,0.77,0,0.01,0
597,CASH_OUT,3608.03,C3030106617,7017.89,3409.86,C5704029171,0.0,0.0,0,0.023333333333333334,0
407,PAYMENT,20995.01,C1596471620,48994.7,27999.69,M2773408660,0.0,0.0,0,0.0,0
488,PAYMENT,562.13,C2266622851,1262.26,700.13,M5937271321,0.0,0.0,0,0.0,0
550,PAYMENT,1.0,C6910112521,0.0,0.0,M9581187661,0.0,0.0,0,0.0,0
43,PAYMENT,1.0,C5646880148,0.0,0.0,M7366396017,0.0,0.0,0,0.0,0
159,DEBIT,98.64,C8997701619,177.91,79.27,M7282885927,0.0,0.0,0,0.016666666666666666,0
470,DEBIT,67.78,C6231117883,123.36,55.58,M8144352013,0.0,0.0,0,0.02666666666666667,0
696,TRANSFER,402.45,C7488943393,525.02,122.57,C2214741296,0.0,0.0,1,0.15333333333333332,0
129,TRANSFER,3333.65,C2761091683,3634.18,300.53,M2391874847,0.0,0.0,1,0.18,0
539,PAYMENT,1.11,C3951331472,4.16,3.05,M4601406440,0.0,0.0,0,0.0,0
255,TRANSFER,343.51,C8015775567,393.5,49.99,C1684598046,13.21,356.72,0,0.023333333333333334,0
461,TRANSFER,3892.41,C5647317872,3253.39,0.0,C1121863227,26.14,26.14,1,0.7666666666666667,1
395,PAYMENT,1753.17,C4642197907,6851.14,5097.97,M2555936898,0.0,0.0,0,0.0,0
150,CASH_OUT,1.0,C5607762160,1.0,0.0,C1602569046,72338.26,72338.26,0,0.0,0
124,PAYMENT,18.16,C9292791081,78.63,60.47,M7343954769,0.0,0.0,0,0.0,0
450,PAYMENT,5.28,C9995834531,18.48,13.2,M6763471833,0.0,0.0,0,0.0,0
280,DEBIT,703.24,C3799264931,787.34,84.1,M6011842297,0.0,0.0,0,0.016666666666666666,0
427,PAYMENT,29.57,C5957341287,81.59,52.02,M6894024976,0.0,0.0,0,0.0,0
285,PAYMENT,5.98,C6038780151,8.48,2.5,M2885370603,0.0,0.0,0,0.0,0
720,CASH_OUT,52.74,C6244338653,65.52,12.78,M1694904767,0.0,0.0,1,0.03666666666666667,0
544,PAYMENT,1.0,C4427620889,1.13,0.13,M6846530109,0.0,0.0,0,0.0,0
371,PAYMENT,132.41,C9279291478,206.3,73.89,M4306983924,0.0,0.0,0,0.0,0
287,PAYMENT,80.53,C7534583219,94.79,14.26,M9441870024,0.0,0.0,0,0.0,0
416,PAYMENT,460.33,C2419931729,538.21,77.88,M1666898313,0.0,0.0,0,0.0,0
6,TRANSFER,50.86,C9433570024,62.7,11.84,M5325865521,0.0,0.0,1,0.15666666666666668,0
178,TRANSFER,29.08,C8102515984,33.19,4.11,C8377088167,0.0,29.08,0,0.16666666666666666,0
305,PAYMENT,62.57,C2419931729,77.88,15.31,M2328736852,0.0,0.0,0,0.0,0
162,CASH_OUT,18.78,C4413838650,23.88,5.1,C5067116918,521.39,521.39,0,0.0033333333333333335,0
636,TRANSFER,4037.64,C5354747485,3887.08,0.0,M3605446007,0.0,0.0,1,0.95,1
332,TRANSFER,1790.44,C5515628633,1861.05,70.61,M3636366799,0.0,0.0,1,0.2966666666666667,0
85,DEBIT,1.0,C4719780110,0.0,0.0,M1240140248,0.0,0.0,0,0.03,0
538,PAYMENT,1654.5,C2812140441,2035.57,381.07,M2586712032,0.0,0.0,0,0.0,0
346,PAYMENT,5.79,C5067245523,6.27,0.48,M6101516825,0.0,0.0,0,0.0,0
686,PAYMENT,19.02,C3815235019,25.48,6.46,M9576264323,0.0,0.0,0,0.0,0
367,CASH_OUT,200.07,C5358791907,511.41,311.34,C2625792787,633.94,633.94,0,0.02,0
447,DEBIT,1.0,C9945002229,0.0,0.0,M1783432867,0.0,0.0,0,0.04666666666666667,0
272,CASH_IN,32680.33,C8309221034,25.4,32705.73,C9903351330,5.16,5.16,0,0.0,0
349,CASH_OUT,3214.25,C1722124509,3128.89,0.0,M9098037639,0.0,0.0,1,0.15,0
3,PAYMENT,703.33,C7823288650,54522.46,53819.13,M7512767226,0.0,0.0,0,0.0,0
165,PAYMENT,8.78,C9579064478,15.4,6.62,M2839566253,0.0,0.0,0,0.0,0
192,PAYMENT,25.47,C7597996327,81.68,56.21,M9896529524,0.0,0.0,0,0.0,0
93,PAYMENT,215.88,C3591527330,507.76,291.88,M7861571879,0.0,0.0,0,0.0,0
581,TRANSFER,1.0,C6186758088,0.0,0.0,C7637761996,81992.66,81993.66,0,0.0,0
706,CASH_OUT,1.0,C3780439666,0.0,0.0,C2149938334,2.14,2.14,0,0.05333333333333334,0
420,PAYMENT,290.73,C9123612497,342.06,51.33,M3811254192,0.0,0.0,0,0.0,0
627,PAYMENT,1.0,C7451071432,0.0,0.0,M5959736235,0.0,0.0,0,0.0,0
145,TRANSFER,1457.7,C8118065825,1604.93,147.23,C2428156550,520.24,1977.94,1,0.006666666666666667,0
468,PAYMENT,50.63,C8300300577,91.56,40.93,M3192202822,0.0,0.0,0,0.0,0
356,CASH_OUT,3317.8,C4714465905,4243.67,925.87,C6634526139,0.0,0.0,1,0.013333333333333334,0
450,TRANSFER,1.0,C3746317213,2.03,1.03,C6463640105,305.25,306.25,0,0.07333333333333333,0
572,CASH_OUT,4.96,C7601519165,24.53,19.57,C1387652480,2794.09,2794.09,0,0.023333333333333334,0
452,CASH_OUT,1.0,C7665963761,0.0,0.0,C6405851839,169.22,169.22,0,0.08,0
312,TRANSFER,290.9,C9741628563,1058.35,767.45,C7166868574,9.29,300.19,0,0.006666666666666667,0
315,TRANSFER,83.11,C4751509023,263.68,180.57,C5754363475,263.73,346.84,0,0.0,0
424,CASH_OUT,7831.54,C3297096148,7432.12,0.0,M7537130187,0.0,0.0,1,0.31666666666666665,0
505,CASH_OUT,1830.96,C4564751926,2503.93,672.97,C6673381261,8.52,8.52,1,0.023333333333333334,0
347,TRANSFER,64.5,C8625774078,96.82,32.32,C6944371787,215.12,279.62,0,0.0033333333333333335,0
30,TRANSFER,4116.54,C5199176431,4099.71,0.0,M2695447268,0.0,0.0,1,0.7566666666666667,1
522,PAYMENT,13.48,C2789144223,17.77,4.29,M2156184315,0.0,0.0,0,0.0,0
77,CASH_OUT,6643.1,C5150090143,8023.85,1380.75,C2836553621,0.0,0.0,1,0.0,0
221,TRANSFER,1053.92,C5935852056,1319.41,265.49,M7713758036,0.0,0.0,1,0.11333333333333333,0
659,TRANSFER,1968.44,C9420979586,2029.95,61.51,C7846365089,10631.36,10631.36,1,0.023333333333333334,0
404,CASH_OUT,1129.67,C7608141858,1192.33,62.66,M3019265031,0.0,0.0,1,0.013333333333333334,0
362,CASH_OUT,1.0,C1965067727,0.0,0.0,C6173344564,409.05,409.05,0,0.02666666666666667,0
359,CASH_IN,34231.59,C2635231601,80976.51,115208.1,C8339176912,14140.4,14140.4,0,0.0,0
572,PAYMENT,1.0,C7473868020,0.51,0.0,M9977193987,0.0,0.0,0,0.0,0
692,PAYMENT,72.46,C7287517250,77.94,5.48,M3660800029,0.0,0.0,0,0.0,0
374,CASH_OUT,672.88,C4431078106,590.82,0.0,C5626388820,0.0,0.0,1,0.21666666666666667,0
251,PAYMENT,1.0,C1242425303,1.0,0.0,M8548290298,0.0,0.0,0,0.0,0
639,CASH_OUT,32985.79,C1367704871,38578.6,5592.81,M8858274691,0.0,0.0,1,0.013333333333333334,0
181,TRANSFER,224.6,C8203447752,205.63,0.0,C5728765136,2.02,2.02,1,0.22333333333333333,0
16,CASH_OUT,1563.47,C3464975279,1664.01,100.54,C4736031885,215.07,215.07,1,0.0,0
462,TRANSFER,797.09,C5724657556,982.23,185.14,M2249831874,0.0,0.0,1,0.15,0
626,TRANSFER,704.04,C9981691030,668.83,0.0,C5141593270,701.55,701.55,1,0.11333333333333333,0
208,TRANSFER,1061.53,C5600836559,1025.18,0.0,C7470843264,788.7,788.7,1,0.05333333333333334,0
516,CASH_OUT,2560.54,C7333316743,3628.83,1068.29,M1083302600,0.0,0.0,1,0.02666666666666667,0
245,DEBIT,11784.64,C4602080228,58199.61,46414.97,M1783432867,0.0,0.0,0,0.01,0
675,CASH_OUT,1.0,C3297096148,0.0,0.0,C8390631634,4103.91,4103.91,0,0.023333333333333334,0
338,PAYMENT,18.86,C9292791081,60.47,41.61,M9776500600,0.0,0.0,0,0.0,0
468,TRANSFER,1.0,C5666504394,0.0,0.0,C9842186844,505.51,506.51,0,0.09333333333333334,0
693,TRANSFER,4067.61,C1798112150,4913.12,845.51,M9558906999,0.0,0.0,1,0.31,0
58,DEBIT,33.35,C6069848439,57.61,24.26,M2328736852,0.0,0.0,0,0.016666666666666666,0
219,CASH_OUT,336.47,C5431267548,988.16,651.69,C9302705838,14469.4,14469.4,0,0.0033333333333333335,0
290,TRANSFER,1614.78,C1847275937,1773.31,158.53,M9558906999,0.0,0.0,1,0.15,0
629,CASH_OUT,1354.23,C9067664957,1606.35,252.12,M1083302600,0.0,0.0,1,0.02666666666666667,0
674,CASH_OUT,3333.24,C8293928340,4741.27,1408.03,C1037811610,0.15,0.15,1,0.02,0
168,TRANSFER,882.28,C5728897164,850.76,0.0,M4865979921,0.0,0.0,1,0.31,0
206,TRANSFER,2525.95,C9661615016,3449.84,923.89,C6244338653,12.78,2538.73,0,0.0,0
329,TRANSFER,67673.89,C1513003815,115486.83,47812.94,C4847761430,3934.93,71608.82,0,0.0,0
255,TRANSFER,2330.5,C5774080233,2928.07,597.57,M8102481401,0.0,0.0,1,0.19333333333333333,0
54,TRANSFER,63.6,C5724657556,185.14,121.54,C9245348297,0.0,63.6,0,0.14333333333333334,0
696,CASH_OUT,3123.78,C1981049082,2929.7,0.0,C9945002229,0.0,0.0,1,0.18333333333333332,0
634,DEBIT,655.42,C1264739091,888.47,233.05,M3846182436,0.0,0.0,0,0.03,0
163,CASH_OUT,37.22,C3884642366,147.83,110.61,C1230624431,8401.62,8401.62,0,0.0033333333333333335,0
151,PAYMENT,853.9,C6704841644,904.25,50.35,M6525576685,0.0,0.0,0,0.0,0
150,TRANSFER,4657.3,C5162260671,6197.53,1540.23,M8790289305,0.0,0.0,1,0.16333333333333333,0
196,PAYMENT,1806.27,C4067961943,2460.26,653.99,M4820942294,0.0,0.0,0,0.0,0
296,TRANSFER,1.0,C8906163641,0.0,0.0,C1446362270,423.71,424.71,0,0.01,0
476,TRANSFER,1161.6,C7481631841,4656.17,3494.57,C4248149900,0.0,1161.6,0,0.06666666666666667,0
207,CASH_OUT,1.0,C8418332121,0.0,0.0,C7608153267,335.84,335.84,0,0.0033333333333333335,0
506,TRANSFER,4293.71,C2854772804,3798.81,0.0,M2391874847,0.0,0.0,1,0.94,1
266,CASH_OUT,218.04,C4949801453,455.38,237.34,C5877639950,532.52,532.52,0,0.013333333333333334,0
566,PAYMENT,22743.29,C2476831585,530968.91,508225.62,M5270048042,0.0,0.0,0,0.0,0
152,DEBIT,20536.49,C2394868732,133404.93,112868.44,M2391874847,0.0,0.0,0,0.006666666666666667,0
485,PAYMENT,1.0,C2073108894,0.0,0.0,M3438830691,0.0,0.0,0,0.0,0
499,PAYMENT,589.22,C4181102664,1362.35,773.13,M7341757401,0.0,0.0,0,0.0,0
77,PAYMENT,1.0,C6448324230,0.0,0.0,M8366710477,0.0,0.0,0,0.0,0
357,TRANSFER,203.62,C1311570307,243.38,39.76,M4952177946,0.0,0.0,1,0.15,0
45,TRANSFER,2657.81,C2924568778,4892.92,2235.11,C1370292681,0.0,2657.81,0,0.0033333333333333335,0
222,PAYMENT,810.81,C6246716604,1025.02,214.21,M6771941776,0.0,0.0,0,0.0,0
167,TRANSFER,3696.44,C3532855799,4270.35,573.91,M3831598303,0.0,0.0,1,0.17333333333333334,0
514,TRANSFER,98.17,C6464693977,227.99,129.82,C4751509023,180.57,278.74,0,0.05333333333333334,0
167,PAYMENT,1.0,C3294092753,0.39,0.0,M1504729135,0.0,0.0,0,0.0,0
345,TRANSFER,26.91,C3142452709,116.42,89.51,C2377246195,83.05,109.96,0,0.056666666666666664,0
660,CASH_OUT,1.0,C7292376027,0.0,0.0,C7525240100,0.55,0.55,0,0.056666666666666664,0
94,TRANSFER,2454.09,C3780475472,2147.67,0.0,C8949781901,689.53,689.53,1,0.13666666666666666,0
535,CASH_OUT,2.34,C8199372599,8.2,5.86,C5315211627,314.0,314.0,0,0.02666666666666667,0
70,CASH_OUT,32896.8,C4602080228,46414.97,13518.17,C1281199333,120792.14,120792.14,1,0.006666666666666667,0
640,PAYMENT,4.21,C6161147047,17.35,13.14,M2778069478,0.0,0.0,0,0.0,0
580,TRANSFER,1.0,C6065662867,0.0,0.0,C6947080764,0.0,1.0,0,0.23,0
235,CASH_OUT,3004.15,C6317889312,3007.82,3.67,C2394868732,112868.44,112868.44,1,0.0,0
341,CASH_OUT,1.0,C2407863065,0.27,0.0,C6392415228,17120.13,17120.13,0,0.0,0
138,CASH_OUT,1591.05,C5160575046,1840.11,249.06,M5087280062,0.0,0.0,1,0.0,0
536,PAYMENT,187.69,C4098389895,4314.43,4126.74,M8144352013,0.0,0.0,0,0.0,0
706,DEBIT,19816.73,C9309500117,46576.97,26760.24,M1368287033,0.0,0.0,0,0.02666666666666667,0
176,DEBIT,3.03,C9711080868,8.91,5.88,M5959736235,0.0,0.0,0,0.02,0
553,CASH_OUT,2031.01,C3780475472,2007.23,0.0,C1977515194,664.03,664.03,1,0.17333333333333334,0
8,CASH_OUT,69598.67,C8458717057,79253.99,9655.32,C2610237679,223.83,223.83,1,0.0,0
339,PAYMENT,695.97,C6640801643,888.53,192.56,M3019265031,0.0,0.0,0,0.0,0
320,PAYMENT,796.56,C7598745558,892.96,96.4,M3580582653,0.0,0.0,0,0.0,0
601,PAYMENT,5.0,C3995732958,10.21,5.21,M7192742877,0.0,0.0,0,0.0,0
469,CASH_OUT,3.52,C7022683808,4.93,1.41,C3716924538,360.75,360.75,0,0.056666666666666664,0
646,PAYMENT,1.0,C8934097788,0.0,0.0,M6313472215,0.0,0.0,0,0.0,0
309,PAYMENT,20.06,C9467483275,31.45,11.39,M7651029165,0.0,0.0,0,0.0,0
237,TRANSFER,12978.22,C8730507757,15833.19,2854.97,C8109891300,57.21,57.21,1,0.16666666666666666,0
93,TRANSFER,1.0,C6947080764,1.0,0.0,C9237880732,14.22,15.22,0,0.2,0
407,PAYMENT,227.22,C6715705115,358.01,130.79,M2121448210,0.0,0.0,0,0.0,0
170,PAYMENT,57.27,C7579604766,110.21,52.94,M6846530109,0.0,0.0,0,0.0,0
80,CASH_OUT,1.0,C1510289448,0.0,0.0,C6415031531,0.34,0.34,0,0.006666666666666667,0
61,CASH_IN,143033.63,C4470591645,370.09,143403.72,C8468071953,0.0,0.0,0,0.0,0
56,TRANSFER,145.76,C1160913827,191.7,45.94,M6558769264,0.0,0.0,1,0.16333333333333333,0
124,PAYMENT,1.0,C2866092821,0.0,0.0,M4399143287,0.0,0.0,0,0.0,0
61,PAYMENT,1.0,C4518871744,0.0,0.0,M1099218439,0.0,0.0,0,0.0,0
217,PAYMENT,1.98,C5269728610,2.94,0.96,M6999146585,0.0,0.0,0,0.0,0
491,CASH_IN,115955.55,C6715705115,130.79,116086.34,C9274189261,661.9,661.9,0,0.0,0
467,PAYMENT,85.73,C4682870880,96641.8,96556.07,M2885370603,0.0,0.0,0,0.0,0
12,TRANSFER,1376.5,C2973888646,1263.58,0.0,C9557663181,0.0,0.0,1,0.31333333333333335,0
630,PAYMENT,40.21,C9343730920,348.3,308.09,M9900829971,0.0,0.0,0,0.0,0
33,PAYMENT,1.0,C5334769475,0.0,0.0,M1458227039,0.0,0.0,0,0.0,0
630,DEBIT,19397.0,C8309221034,32705.73,13308.73,M3119908041,0.0,0.0,0,0.03,0
74,TRANSFER,35389.66,C9032096058,48893.04,13503.38,M4211837506,0.0,0.0,1,0.24,0
157,TRANSFER,267.0,C2646331504,307.12,40.12,M2625035499,0.0,0.0,1,0.14666666666666667,0
84,TRANSFER,92.78,C7316122432,193.03,100.25,C4311931853,1015.95,1108.73,0,0.01,0
436,CASH_IN,5734.65,C5607762160,0.0,5734.65,C4997866845,215.96,215.96,0,0.0,0
193,CASH_OUT,171.93,C1589582865,244.73,72.8,C3799264931,84.1,84.1,1,0.0,0
459,PAYMENT,266.16,C9842186844,506.51,240.35,M9068916300,0.0,0.0,0,0.0,0
689,CASH_OUT,4275.91,C6496933442,4700.48,424.57,C7640078465,1940.48,1940.48,1,0.023333333333333334,0
635,TRANSFER,1.0,C5403510324,0.0,0.0,C4972536230,10.02,11.02,0,0.20333333333333334,0
489,TRANSFER,13.05,C3075362821,46.36,33.31,C2079770569,70.35,83.4,0,0.12666666666666668,0
640,TRANSFER,1.0,C4042413312,0.0,0.0,C8684942020,541.89,542.89,0,0.09,0
159,TRANSFER,553.1,C3169561289,672.81,119.71,C6955593943,2225.74,2778.84,0,0.0,0
81,PAYMENT,1.0,C1322401182,0.0,0.0,M1185303518,0.0,0.0,0,0.0,0
277,PAYMENT,1.0,C9147687657,0.0,0.0,M2391874847,0.0,0.0,0,0.0,0
659,TRANSFER,190.08,C7540301973,170.79,0.0,M5156392601,0.0,0.0,1,0.23666666666666666,0
13,PAYMENT,11.4,C6206015111,22.18,10.78,M9640701016,0.0,0.0,0,0.0,0
238,PAYMENT,24.23,C7199283151,46.7,22.47,M6651754819,0.0,0.0,0,0.0,0
279,PAYMENT,2.99,C4508521152,12.2,9.21,M6732306182,0.0,0.0,0,0.0,0
246,PAYMENT,143.06,C3987248494,276.27,133.21,M9916475897,0.0,0.0,0,0.0,0
613,CASH_OUT,2455.8,C7100408092,2527.16,71.36,M2916502228,0.0,0.0,1,0.03666666666666667,0
681,PAYMENT,1.0,C9463197203,0.0,0.0,M4306983924,0.0,0.0,0,0.0,0
290,DEBIT,1.54,C8033702319,3.96,2.42,M3369412470,0.0,0.0,0,0.03333333333333333,0
83,PAYMENT,13.1,C7376649850,14.03,0.93,M4035639663,0.0,0.0,0,0.0,0
295,PAYMENT,1.0,C2407863065,0.0,0.0,M8646369354,0.0,0.0,0,0.0,0
331,PAYMENT,1.57,C5903457537,6.53,4.96,M9068916300,0.0,0.0,0,0.0,0
412,TRANSFER,3.18,C1158998032,6.86,3.68,C6362597344,2.14,5.32,0,0.15666666666666668,0
338,CASH_OUT,193.82,C9481076448,722.41,528.59,C1572827654,277.81,277.81,0,0.02,0
407,TRANSFER,2666.43,C3951331472,3628.01,961.58,C6711463258,133.2,133.2,1,0.07666666666666666,0
458,TRANSFER,1.0,C2068687175,0.64,0.0,C3980491761,292.51,293.51,0,0.09,0
407,TRANSFER,55.4,C6562457052,61.25,5.85,C5879617459,0.0,55.4,0,0.17666666666666667,0
211,PAYMENT,1.0,C8418332121,0.0,0.0,M5734228580,0.0,0.0,0,0.0,0
364,PAYMENT,1.0,C6046864799,0.0,0.0,M7764117705,0.0,0.0,0,0.0,0
247,TRANSFER,6141.37,C8241550421,5825.61,0.0,C8012696455,22.87,22.87,1,0.6633333333333333,1
639,PAYMENT,1.0,C1484664056,0.0,0.0,M1466305100,0.0,0.0,0,0.0,0
214,TRANSFER,1.0,C2017675569,0.0,0.0,C7481631841,3494.57,3495.57,0,0.0,0
538,PAYMENT,24503.08,C6121801720,57340.77,32837.69,M3119908041,0.0,0.0,0,0.0,0
361,TRANSFER,1050.99,C7299420031,898.37,0.0,C5647317872,0.0,0.0,1,0.31,0
622,TRANSFER,2695.36,C7519578899,3757.84,1062.48,C3420671425,0.0,2695.36,1,0.05,0
714,PAYMENT,1.25,C5071897791,4.73,3.48,M4329446784,0.0,0.0,0,0.0,0
473,TRANSFER,1.0,C5666504394,0.0,0.0,C1197092148,67.59,68.59,0,0.16,0
565,TRANSFER,1063.21,C6859286614,1128.96,65.75,C5539308214,20308.2,20308.2,1,0.0033333333333333335,0
510,TRANSFER,59439.71,C2979958124,60105.51,665.8,C2087974350,0.0,59439.71,0,0.01,0
651,PAYMENT,2958.31,C1660370908,3690.0,731.69,M9918338001,0.0,0.0,0,0.0,0
37,PAYMENT,35.23,C3589530484,98.47,63.24,M5087280062,0.0,0.0,0,0.0,0
239,CASH_OUT,57.81,C3799264931,84.1,26.29,C1415802902,0.0,0.0,0,0.0033333333333333335,0
369,CASH_OUT,1558.04,C2633177480,2137.98,579.94,C7208619610,0.0,0.0,1,0.01,0
450,PAYMENT,60.86,C4735313433,172.87,112.01,M3438830691,0.0,0.0,0,0.0,0
187,PAYMENT,1.0,C3965572185,0.0,0.0,M9918338001,0.0,0.0,0,0.0,0
389,CASH_OUT,2695.31,C4268713302,2537.49,0.0,C7573442717,15.97,15.97,1,0.11666666666666667,0
143,PAYMENT,262.32,C6463640105,306.25,43.93,M2869931869,0.0,0.0,0,0.0,0
653,TRANSFER,80.04,C2570991899,106.93,26.89,M9625656293,0.0,0.0,1,0.18,0
658,CASH_IN,103590.15,C6618926823,0.0,103590.15,C5666504394,0.0,0.0,0,0.0,0
324,CASH_OUT,1.0,C1484664056,0.0,0.0,C7227593033,143.18,143.18,0,0.016666666666666666,0
77,TRANSFER,7118.94,C4873807154,8879.11,1760.17,M4522855590,0.0,0.0,1,0.19666666666666666,0
277,PAYMENT,14.4,C2646331504,40.12,25.72,M7512767226,0.0,0.0,0,0.0,0
339,CASH_OUT,634.17,C2777816561,636.16,1.99,M3534186676,0.0,0.0,1,0.13666666666666666,0
359,CASH_OUT,18.82,C5364727160,37.77,18.95,C3567900251,19600.41,19600.41,0,0.0,0
283,TRANSFER,86.74,C1065857791,253.23,166.49,C9903351330,5.16,91.9,0,0.06333333333333334,0
702,PAYMENT,480.36,C9250327663,555.62,75.26,M8366710477,0.0,0.0,0,0.0,0
523,CASH_OUT,1.0,C5334769475,0.0,0.0,C6488854841,1.0,1.0,0,0.06,0
651,CASH_OUT,1942.71,C3655790301,1868.93,0.0,M3072183247,0.0,0.0,1,0.17,0
64,PAYMENT,139.79,C6081137534,156.21,16.42,M1647181551,0.0,0.0,0,0.0,0
169,CASH_OUT,3276.06,C4130305126,2754.31,0.0,M5919148165,0.0,0.0,1,0.056666666666666664,0
284,TRANSFER,202.03,C9911329062,168.79,0.0,M7453081889,0.0,0.0,1,0.23666666666666666,0
633,PAYMENT,1.0,C3952295757,0.0,0.0,M1711271599,0.0,0.0,0,0.0,0
611,PAYMENT,12.77,C7226553010,22.3,9.53,M3831598303,0.0,0.0,0,0.0,0
543,CASH_OUT,216.22,C5269728610,259.62,43.4,M8790289305,0.0,0.0,1,0.03666666666666667,0
274,DEBIT,66.0,C7488943393,122.57,56.57,M5990749811,0.0,0.0,0,0.02,0
129,PAYMENT,1.0,C1547374338,0.0,0.0,M4125758723,0.0,0.0,0,0.0,0
460,PAYMENT,1.0,C2579206999,1.0,0.0,M6282009986,0.0,0.0,0,0.0,0
515,TRANSFER,79979.91,C7910439839,87640.37,7660.46,C7299420031,0.0,0.0,1,0.30666666666666664,0
418,PAYMENT,17173.15,C9354542654,134664.53,117491.38,M9933702652,0.0,0.0,0,0.0,0
226,CASH_OUT,3.07,C8991514523,3.6,0.53,C5271453859,6760.21,6760.21,0,0.0,0
589,PAYMENT,1.0,C5418232833,0.0,0.0,M4456193555,0.0,0.0,0,0.0,0
187,TRANSFER,187.84,C8131923452,213.12,25.28,C4574027737,630.28,818.12,0,0.006666666666666667,0
284,PAYMENT,1.0,C5993571693,0.0,0.0,M5067400473,0.0,0.0,0,0.0,0
606,PAYMENT,467.71,C4226113732,920.94,453.23,M9620935604,0.0,0.0,0,0.0,0
565,PAYMENT,26.07,C4486522557,37.37,11.3,M5985331805,0.0,0.0,0,0.0,0
363,CASH_OUT,3541.14,C4503614567,4910.22,1369.08,C2479679716,6015.82,6015.82,1,0.0,0
324,TRANSFER,280.81,C1471997674,323.85,43.04,C8137972345,2441.74,2722.55,0,0.0,0
708,CASH_OUT,450.84,C4207337120,561.68,110.84,C8275679594,19.21,19.21,0,0.02666666666666667,0
233,TRANSFER,1.0,C7371573279,0.0,0.0,C6955593943,2778.84,2779.84,0,0.0,0
677,CASH_OUT,2190.55,C4014119648,1937.37,0.0,M7948094928,0.0,0.0,1,0.17,0
478,PAYMENT,2.94,C6099808894,8.57,5.63,M7168105904,0.0,0.0,0,0.0,0
461,PAYMENT,155.48,C1234359689,1029.25,873.77,M6732306182,0.0,0.0,0,0.0,0
391,TRANSFER,4813.38,C6509985983,4802.81,0.0,C1717346250,113.17,113.17,1,0.28,0
625,PAYMENT,480.23,C9033653743,11024.46,10544.23,M6282009986,0.0,0.0,0,0.0,0
346,CASH_IN,3942.81,C9354542654,117491.38,121434.19,C7248258423,111.0,111.0,0,0.0,0
359,TRANSFER,1.66,C4110258855,109834.75,109833.09,C4473306055,299.78,301.44,0,0.006666666666666667,0
146,CASH_IN,61144.24,C1026224160,0.0,61144.24,C9392707144,1087.18,1087.18,0,0.0,0
390,TRANSFER,3320.89,C4098389895,4126.74,805.85,C5071897791,3.48,3324.37,0,0.0,0
412,PAYMENT,3703.33,C5536224717,14697.98,10994.65,M4601406440,0.0,0.0,0,0.0,0
45,TRANSFER,1456.95,C2683446724,1558.99,102.04,M5714658227,0.0,0.0,1,0.21333333333333335,0
599,CASH_OUT,237.39,C5512036684,263.58,26.19,M7713758036,0.0,0.0,1,0.04,0
176,PAYMENT,79.66,C9919491730,167.3,87.64,M6495967005,0.0,0.0,0,0.0,0
691,TRANSFER,1112.38,C7529817193,988.72,0.0,C3305069227,0.0,0.0,1,0.38333333333333336,0
161,TRANSFER,242.13,C5736462531,358.07,115.94,C4683935600,9.53,251.66,0,0.02,0
288,CASH_OUT,1984.33,C4471642620,1959.73,0.0,M4820942294,0.0,0.0,1,0.12,0
619,PAYMENT,2725.31,C7910439839,7660.46,4935.15,M9776500600,0.0,0.0,0,0.0,0
15,TRANSFER,8541.91,C7397963801,7717.63,0.0,M8768773991,0.0,0.0,1,0.71,1
286,PAYMENT,29.48,C9292791081,41.61,12.13,M3960136787,0.0,0.0,0,0.0,0
458,TRANSFER,473.82,C6719736115,476.02,2.2,M3508990774,0.0,0.0,1,0.18666666666666668,0
686,PAYMENT,48.32,C9786748825,216.32,168.0,M6011842297,0.0,0.0,0,0.0,0
536,CASH_OUT,4998.56,C8168394616,4284.77,0.0,C8285000265,1.25,1.25,1,0.22666666666666666,0
344,TRANSFER,1058.9,C2148679234,883.56,0.0,M1999913493,0.0,0.0,1,0.31333333333333335,0
493,CASH_OUT,125.22,C9259157845,8797.59,8672.37,C8934927891,0.0,0.0,0,0.023333333333333334,0
346,TRANSFER,129.28,C7227593033,143.18,13.9,C7430757004,2.84,132.12,0,0.09,0
33,PAYMENT,19.7,C9730449971,21.66,1.96,M3965860354,0.0,0.0,0,0.0,0
372,CASH_IN,27897.88,C8189916797,65.59,27963.47,C2050340486,47311.88,47311.88,0,0.0,0
527,TRANSFER,203.42,C1805492785,255.13,51.71,M5087280062,0.0,0.0,1,0.17,0
451,CASH_OUT,3792.61,C8650676663,4871.34,1078.73,M9043367776,0.0,0.0,1,0.03333333333333333,0
457,PAYMENT,3.24,C1798112150,845.51,842.27,M1676220116,0.0,0.0,0,0.0,0
86,TRANSFER,1765.36,C6320115677,2023.27,257.91,C3171050399,0.0,1765.36,1,0.01,0
718,CASH_OUT,1.0,C6572436051,0.0,0.0,C9270323795,53.27,53.27,0,0.056666666666666664,0
34,PAYMENT,1.0,C3978287288,1.14,0.14,M1458227039,0.0,0.0,0,0.0,0
135,PAYMENT,17.93,C6534540349,20.75,2.82,M1647181551,0.0,0.0,0,0.0,0
616,TRANSFER,70.62,C7243352390,68.07,0.0,M1257854279,0.0,0.0,1,0.24333333333333335,0
233,CASH_OUT,3197.08,C4345526911,3836.92,639.84,C2020395327,1252.56,1252.56,1,0.0,0
600,CASH_IN,60111.67,C7759781156,46.76,60158.43,C2486744752,852.3,852.3,0,0.0,0
198,TRANSFER,20.71,C8942167666,48.59,27.88,C1667483244,400.75,421.46,0,0.0033333333333333335,0
82,PAYMENT,257.94,C8471762590,347.55,89.61,M8063693463,0.0,0.0,0,0.0,0
501,PAYMENT,41.92,C7799567490,73.98,32.06,M9900829971,0.0,0.0,0,0.0,0
367,PAYMENT,77.13,C8791183272,152.5,75.37,M9631695368,0.0,0.0,0,0.0,0
566,CASH_OUT,4831.0,C4102872611,4920.26,89.26,M2635881694,0.0,0.0,1,0.05333333333333334,0
223,TRANSFER,6.28,C7045593274,7.08,0.8,C1051354601,311.61,317.89,0,0.006666666666666667,0
131,TRANSFER,1.0,C7529817193,0.0,0.0,C7174772035,318.38,319.38,0,0.006666666666666667,0
437,PAYMENT,1.0,C1981049082,0.0,0.0,M8768773991,0.0,0.0,0,0.0,0
629,PAYMENT,69.9,C6544063167,85.62,15.72,M9977193987,0.0,0.0,0,0.0,0
361,PAYMENT,557.73,C6955593943,2779.84,2222.11,M3495411322,0.0,0.0,0,0.0,0
340,CASH_OUT,208.49,C4026113008,224.16,15.67,C4668931881,0.0,0.0,0,0.02,0
123,TRANSFER,1346.85,C9703905715,1291.11,0.0,M2885370603,0.0,0.0,1,0.32666666666666666,0
600,CASH_OUT,139.27,C2752536389,164.83,25.56,M2839566253,0.0,0.0,1,0.04,0
193,CASH_OUT,1.0,C2579206999,0.0,0.0,C9080621072,148.5,148.5,0,0.0,0
332,CASH_IN,30596.5,C4022245086,676.83,31273.33,C1940684569,0.0,0.0,0,0.0,0
292,PAYMENT,103.15,C4655730355,112.1,8.95,M5156392601,0.0,0.0,0,0.0,0
49,TRANSFER,2574.9,C6792661894,2681.07,106.17,C1039262289,226.95,226.95,1,0.09333333333333334,0
484,PAYMENT,3011.01,C9957813353,7554.21,4543.2,M8858274691,0.0,0.0,0,0.0,0
522,PAYMENT,1.0,C8556573246,0.0,0.0,M9404002665,0.0,0.0,0,0.0,0
626,PAYMENT,2.15,C9798613995,3.14,0.99,M8144889126,0.0,0.0,0,0.0,0
353,CASH_OUT,41.65,C9573276057,54.58,12.93,M5564953924,0.0,0.0,1,0.01,0
76,PAYMENT,52.74,C7760554363,179.76,127.02,M9631695368,0.0,0.0,0,0.0,0
596,PAYMENT,1.0,C7792729530,0.0,0.0,M2243802345,0.0,0.0,0,0.0,0
413,CASH_OUT,1.0,C3866755218,0.2,0.0,C1290050198,16268.26,16268.26,0,0.043333333333333335,0
427,PAYMENT,1.0,C8282534126,0.0,0.0,M8768773991,0.0,0.0,0,0.0,0
479,CASH_OUT,189.24,C3163970710,4242.62,4053.38,C7763765757,61.57,61.57,0,0.03333333333333333,0
28,TRANSFER,1.0,C2960488639,0.0,0.0,C3376077463,0.0,1.0,0,0.22,0
308,PAYMENT,22.72,C6715961218,44986.18,44963.46,M4125758723,0.0,0.0,0,0.0,0
84,PAYMENT,1.0,C5667503195,0.56,0.0,M9558906999,0.0,0.0,0,0.0,0
13,PAYMENT,432.39,C3291226621,1983.02,1550.63,M3107992942,0.0,0.0,0,0.0,0
16,PAYMENT,1.0,C2351531223,0.0,0.0,M6498703287,0.0,0.0,0,0.0,0
494,TRANSFER,3543.23,C8211516617,4445.97,902.74,C9463197203,0.0,0.0,1,0.31,0
216,CASH_OUT,19.44,C7705605962,32.14,12.7,C4201225242,0.0,0.0,0,0.0,0
694,CASH_OUT,5730.33,C8235363119,4887.41,0.0,C3424843951,1.7,1.7,1,0.20666666666666667,0
451,TRANSFER,8.99,C6092773357,23.11,14.12,C6131005449,6.82,15.81,0,0.13333333333333333,0
268,TRANSFER,4601.61,C2879792991,4426.11,0.0,C3791027186,1281.68,1281.68,1,0.12,0
131,PAYMENT,17633.7,C7637761996,81993.66,64359.96,M5156392601,0.0,0.0,0,0.0,0
662,CASH_OUT,675.29,C2627677155,634.42,0.0,M5067400473,0.0,0.0,1,0.13333333333333333,0
203,TRANSFER,1838.01,C7620473079,1675.8,0.0,M3534186676,0.0,0.0,1,0.44333333333333336,0
181,TRANSFER,22659.64,C2513206988,35533.32,12873.68,C4026113008,15.67,22675.31,0,0.0,0
247,PAYMENT,382.1,C7061419749,576.04,193.94,M1857561275,0.0,0.0,0,0.0,0
261,TRANSFER,3734.06,C1251837136,4011.12,277.06,C7666869046,0.0,3734.06,0,0.0033333333333333335,0
162,DEBIT,26805.99,C7015992643,50698.57,23892.58,M5325865521,0.0,0.0,0,0.016666666666666666,0
172,CASH_OUT,28.88,C2317723211,124.09,95.21,C2503068227,0.0,0.0,0,0.0033333333333333335,0
38,TRANSFER,1.0,C6415031531,0.34,0.0,C2050340486,47311.88,47312.88,0,0.0,0
472,TRANSFER,59306.76,C4847761430,71608.82,12302.06,M7192742877,0.0,0.0,1,0.28,0
54,CASH_IN,76909.67,C3923699745,77.06,76986.73,C7560389844,436.87,436.87,0,0.0,0
561,PAYMENT,5.41,C5329194647,11.43,6.02,M3536590481,0.0,0.0,0,0.0,0
575,PAYMENT,31.42,C9894847574,97.09,65.67,M9900829971,0.0,0.0,0,0.0,0
615,CASH_OUT,156.07,C1657675888,291.73,135.66,C4956362540,0.0,0.0,0,0.03,0
122,CASH_IN,1335.66,C2227193073,77.55,1413.21,C2327372855,7.01,7.01,0,0.0,0
192,TRANSFER,1.0,C8527715219,0.0,0.0,C2148679234,0.0,1.0,0,0.23,0
602,PAYMENT,131.66,C2670036982,8532.79,8401.13,M6763471833,0.0,0.0,0,0.0,0
469,TRANSFER,407.8,C3293560436,421.61,13.81,M9631695368,0.0,0.0,1,0.16666666666666666,0
654,CASH_OUT,1.0,C2407863065,0.0,0.0,C9354711271,535.57,535.57,0,0.06,0
340,PAYMENT,1.0,C7977267911,0.0,0.0,M3495411322,0.0,0.0,0,0.0,0
185,PAYMENT,1344.05,C6121801720,32837.69,31493.64,M2136107759,0.0,0.0,0,0.0,0
122,CASH_IN,8679.36,C2173242669,1172.04,9851.4,C3316787198,1206.21,1206.21,0,0.0,0
485,CASH_IN,6784.31,C8666074487,0.0,6784.31,C3821211202,0.0,0.0,0,0.0,0
383,TRANSFER,62380.03,C8706093841,60666.05,0.0,C3115806625,0.0,0.0,1,0.84,1
551,TRANSFER,716.48,C6353758928,877.91,161.43,M4160161496,0.0,0.0,1,0.15,0
33,TRANSFER,1526.65,C3698343112,1681.33,154.68,M7570511906,0.0,0.0,1,0.12,0
693,CASH_OUT,5381.93,C7271954644,4937.8,0.0,M2136107759,0.0,0.0,1,0.21,0
171,PAYMENT,1.0,C3521300895,0.0,0.0,M8102481401,0.0,0.0,0,0.0,0
244,TRANSFER,3543.08,C8709361138,3845.22,302.14,M5315720088,0.0,0.0,1,0.23,0
516,CASH_OUT,159.43,C3698343112,154.68,0.0,C2145921803,34.26,34.26,1,0.06,0
229,CASH_OUT,1671.4,C6717963562,2222.09,550.69,M8727805468,0.0,0.0,1,0.0,0
274,PAYMENT,1.0,C3836517266,0.0,0.0,M2228388623,0.0,0.0,0,0.0,0
711,PAYMENT,102.19,C1717346250,113.17,10.98,M7702529931,0.0,0.0,0,0.0,0
3,CASH_OUT,60.63,C4658080160,61.93,1.3,M4242579642,0.0,0.0,1,0.03,0
326,PAYMENT,1.0,C9049270990,0.0,0.0,M7437168216,0.0,0.0,0,0.0,0
246,CASH_OUT,369.52,C1182758417,469.99,100.47,M3208200227,0.0,0.0,1,0.0033333333333333335,0
115,PAYMENT,52.81,C7464468567,67.48,14.67,M4122901114,0.0,0.0,0,0.0,0
548,PAYMENT,9614.62,C2052811909,17884.03,8269.41,M6846530109,0.0,0.0,0,0.0,0
91,DEBIT,24663.66,C6756332150,114092.15,89428.49,M8964269909,0.0,0.0,0,0.006666666666666667,0
539,PAYMENT,13.21,C3074232200,16.25,3.04,M6041646576,0.0,0.0,0,0.0,0
205,PAYMENT,23.86,C4037270171,31.55,7.69,M9410569618,0.0,0.0,0,0.0,0
500,PAYMENT,4.37,C5161807235,115.45,111.08,M4892544235,0.0,0.0,0,0.0,0
392,CASH_IN,700.94,C1271730355,0.0,700.94,C3003484425,11.95,11.95,0,0.0033333333333333335,0
432,TRANSFER,487.2,C3587283948,424.41,0.0,M7512767226,0.0,0.0,1,0.22,0
639,TRANSFER,3233.92,C3828935922,4464.37,1230.45,C5604529187,595.27,595.27,1,0.07,0
497,PAYMENT,1.0,C3875303857,0.0,0.0,M6313472215,0.0,0.0,0,0.0,0
320,TRANSFER,281.99,C4067961943,653.99,372.0,C9894264595,28450.8,28732.79,0,0.0,0
694,PAYMENT,349.31,C2173242669,9851.4,9502.09,M7351460539,0.0,0.0,0,0.0,0
107,PAYMENT,613.95,C6923301988,1241.4,627.45,M3313346852,0.0,0.0,0,0.0,0
67,DEBIT,1.0,C7019900273,0.0,0.0,M6992094064,0.0,0.0,0,0.02666666666666667,0
83,TRANSFER,133.75,C3713284816,123.63,0.0,M8964269909,0.0,0.0,1,0.24,0
376,TRANSFER,4567.67,C6362597344,4649.65,81.98,C2846465000,838.5,838.5,1,0.02666666666666667,0
688,PAYMENT,4929.32,C8953726023,5341.54,412.22,M3517195150,0.0,0.0,0,0.0,0
125,TRANSFER,99.98,C8505373158,119.74,19.76,M3313346852,0.0,0.0,1,0.15,0
360,DEBIT,179.28,C1039262289,226.95,47.67,M8548290298,0.0,0.0,0,0.02,0
225,TRANSFER,41.73,C8880079328,43.16,1.43,C8674224347,9.65,51.38,0,0.14333333333333334,0
98,PAYMENT,22.28,C7625464411,39.26,16.98,M4892544235,0.0,0.0,0,0.0,0
112,CASH_OUT,1.0,C8252045593,0.0,0.0,C5998623100,0.82,0.82,0,0.0033333333333333335,0
425,PAYMENT,76.66,C4579265601,140.02,63.36,M5959736235,0.0,0.0,0,0.0,0
263,TRANSFER,1950.14,C3615507143,1700.75,0.0,M3156792018,0.0,0.0,1,0.45,0
570,CASH_OUT,827.85,C3465883999,963.48,135.63,C9337145038,148.78,148.78,0,0.02666666666666667,0
709,CASH_OUT,360.23,C1459442845,496.4,136.17,C8139209752,0.0,0.0,0,0.02666666666666667,0
279,PAYMENT,1.0,C1045302356,0.0,0.0,M7969674420,0.0,0.0,0,0.0,0
459,CASH_OUT,1505.76,C9454207717,1849.51,343.75,M4399143287,0.0,0.0,1,0.05,0
608,CASH_OUT,368.78,C5416031878,456.91,88.13,C5736462531,115.94,115.94,0,0.03,0
309,TRANSFER,1191.63,C9376277483,1635.67,444.04,M2910594463,0.0,0.0,1,0.13,0
183,TRANSFER,389.27,C2041349374,5856.8,5467.53,C5913767020,21.7,410.97,0,0.0033333333333333335,0
465,TRANSFER,179.94,C3574081104,192.84,12.9,M6101516825,0.0,0.0,1,0.16666666666666666,0
51,TRANSFER,69.32,C6098775210,58.82,0.0,C5666504394,0.0,0.0,1,0.23,0
446,TRANSFER,1391.19,C5943324387,1637.82,246.63,M7168105904,0.0,0.0,1,0.19,0
689,PAYMENT,16.59,C7664258343,30.75,14.16,M3355504998,0.0,0.0,0,0.0,0
89,CASH_IN,22015.5,C9166381136,0.0,22015.5,C5626388820,0.0,0.0,0,0.0,0
244,PAYMENT,1.0,C8468071953,0.0,0.0,M1343875431,0.0,0.0,0,0.0,0
207,TRANSFER,2768.61,C7299420031,3771.91,1003.3,C1614685938,0.0,2768.61,1,0.0,0
239,CASH_OUT,4210.89,C6469458472,4936.62,725.73,M7514017540,0.0,0.0,1,0.0033333333333333335,0
399,TRANSFER,120.18,C8118065825,147.23,27.05,C5336127859,32.61,152.79,0,0.043333333333333335,0
288,CASH_OUT,2587.61,C6789292252,2255.97,0.0,M5959736235,0.0,0.0,1,0.12666666666666668,0
654,TRANSFER,2184.42,C7648059419,1984.86,0.0,M1802753761,0.0,0.0,1,0.78,1
168,PAYMENT,382.61,C5150090143,1380.75,998.14,M3107992942,0.0,0.0,0,0.0,0
396,PAYMENT,1346.11,C8160279830,2129.95,783.84,M7960713821,0.0,0.0,0,0.0,0
676,PAYMENT,6116.28,C6218484323,99462.99,93346.71,M5156392601,0.0,0.0,0,0.0033333333333333335,0
32,PAYMENT,13.85,C6544063167,15.72,1.87,M1413599241,0.0,0.0,0,0.0,0
432,CASH_OUT,1574.72,C5976777081,1392.26,0.0,M4665677395,0.0,0.0,1,0.38,0
278,PAYMENT,1.0,C1981049082,0.0,0.0,M8083396378,0.0,0.0,0,0.0,0
386,TRANSFER,108.4,C3987248494,133.21,24.81,M6101516825,0.0,0.0,1,0.15666666666666668,0
355,CASH_OUT,109.56,C4683935600,251.66,142.1,C1131671246,1210.81,1210.81,0,0.013333333333333334,0
612,CASH_OUT,1.0,C3772636814,0.0,0.0,C2188332531,489.85,489.85,0,0.06666666666666667,0
519,TRANSFER,1.0,C9650701349,0.0,0.0,C4807122420,0.0,1.0,0,0.22333333333333333,0
361,PAYMENT,1.0,C4282810353,0.0,0.0,M5067400473,0.0,0.0,0,0.0,0
111,TRANSFER,145022.01,C1590985753,169226.64,24204.63,C4949801453,237.34,145259.35,0,0.0,0
34,PAYMENT,29.71,C3147818256,41.67,11.96,M1413599241,0.0,0.0,0,0.0,0
24,CASH_OUT,1264.32,C3147818256,1768.74,504.42,M1504729135,0.0,0.0,1,0.0033333333333333335,0
547,CASH_OUT,1.0,C7527316141,0.75,0.0,C4662861038,78.71,78.71,0,0.05,0
494,TRANSFER,5.82,C1094115188,14.71,8.89,C3521300895,0.0,5.82,0,0.17,0
49,TRANSFER,506.18,C5659161352,504.54,0.0,C3783290795,161.38,161.38,1,0.09666666666666666,0
207,DEBIT,675.71,C4574027737,818.12,142.41,M1099218439,0.0,0.0,0,0.016666666666666666,0
233,PAYMENT,6.02,C9673185158,7.89,1.87,M1083302600,0.0,0.0,0,0.0,0
272,TRANSFER,2180.32,C2020262123,2723.64,543.32,C6201313620,0.0,0.0,1,0.19333333333333333,0
396,PAYMENT,8.83,C2953462417,21.12,12.29,M3107992942,0.0,0.0,0,0.0,0
569,PAYMENT,1659.45,C3465740756,77939.67,76280.22,M5156392601,0.0,0.0,0,0.0,0
628,PAYMENT,4.64,C6952291828,20.31,15.67,M3495411322,0.0,0.0,0,0.0,0
240,TRANSFER,1.54,C8178361487,5.25,3.71,C2224363672,43.87,45.41,0,0.1,0
416,PAYMENT,1.0,C1710924824,0.0,0.0,M9576264323,0.0,0.0,0,0.0,0
96,CASH_OUT,245.09,C8940731272,492.28,247.19,C5508149905,13.92,13.92,0,0.0033333333333333335,0
228,TRANSFER,94.88,C6168291913,92.71,0.0,M9404002665,0.0,0.0,1,0.24,0
441,PAYMENT,1.0,C9312085761,0.6,0.0,M1692044390,0.0,0.0,0,0.0,0
395,PAYMENT,172.9,C5160575046,249.06,76.16,M7168105904,0.0,0.0,0,0.0,0
446,TRANSFER,5.2,C5523703900,24.9,19.7,C4558302256,423.47,428.67,0,0.06,0
643,PAYMENT,135.39,C8757570742,233.86,98.47,M7366396017,0.0,0.0,0,0.0,0
172,TRANSFER,1403.44,C5872148707,1939.74,536.3,C7668801906,0.0,1403.44,1,0.0033333333333333335,0
240,CASH_OUT,12202.34,C6155234610,10805.85,0.0,M9625656293,0.0,0.0,1,0.11333333333333333,0
437,CASH_OUT,4899.69,C9457665185,4923.13,23.44,M9523139706,0.0,0.0,1,0.08333333333333333,0
633,TRANSFER,48079.51,C2343100352,50768.21,2688.7,C5694628398,609.79,609.79,1,0.07,0
639,TRANSFER,2041.94,C9780187424,2189.73,147.79,M2249831874,0.0,0.0,1,0.37,0
612,TRANSFER,8580.39,C2052811909,8269.41,0.0,C7937993287,235.15,235.15,1,0.5466666666666666,1
369,PAYMENT,204.75,C5269015757,295.42,90.67,M6732306182,0.0,0.0,0,0.0,0
652,TRANSFER,1.0,C3480920839,1.0,0.0,C1392245997,0.0,1.0,0,0.23,0
48,TRANSFER,6369.14,C9098129449,12417.61,6048.47,C2770980600,0.0,6369.14,0,0.0,0
431,CASH_IN,52448.61,C6691628146,0.0,52448.61,C5996775663,22.08,22.08,0,0.0,0
496,TRANSFER,4349.65,C7846365089,10631.36,6281.71,C9894264595,28732.79,33082.44,0,0.0033333333333333335,0
657,TRANSFER,4407.4,C2893321208,4955.54,548.14,M9068916300,0.0,0.0,1,0.33,0
264,PAYMENT,1.0,C4482238042,0.0,0.0,M7437168216,0.0,0.0,0,0.0,0
302,TRANSFER,1.0,C3294092753,0.0,0.0,C6265016831,0.0,1.0,0,0.22666666666666666,0
497,CASH_OUT,302.67,C3304560537,479.28,176.61,C7598745558,96.4,96.4,0,0.02666666666666667,0
557,PAYMENT,5.66,C3108307952,6.16,0.5,M5990749811,0.0,0.0,0,0.0,0
84,PAYMENT,1.89,C3343459102,3.76,1.87,M7537130187,0.0,0.0,0,0.0,0
25,CASH_OUT,6.03,C9292791081,12.13,6.1,C9691572571,0.0,0.0,0,0.006666666666666667,0
128,DEBIT,1.41,C3392080953,2.02,0.61,M1694904767,0.0,0.0,0,0.023333333333333334,0
592,PAYMENT,1.0,C7393195616,0.61,0.0,M9620935604,0.0,0.0,0,0.0,0
337,TRANSFER,5.77,C6596578419,8.21,2.44,C9403748506,12.6,18.37,0,0.12666666666666668,0
529,PAYMENT,1.0,C6110646714,0.47,0.0,M3457877922,0.0,0.0,0,0.0,0
47,PAYMENT,1.0,C6544063167,1.87,0.87,M9026301048,0.0,0.0,0,0.0,0
13,CASH_OUT,191.43,C8868054898,347.47,156.04,C8055515912,3.65,3.65,0,0.0033333333333333335,0
605,CASH_OUT,1.0,C7665963761,0.0,0.0,C9544423456,3.37,3.37,0,0.06,0
160,PAYMENT,1.0,C9752058817,0.0,0.0,M8276498637,0.0,0.0,0,0.0,0
305,DEBIT,16.5,C7193532615,39.87,23.37,M7168105904,0.0,0.0,0,0.02,0
248,PAYMENT,1.0,C4201225242,0.0,0.0,M6866146362,0.0,0.0,0,0.0,0
688,PAYMENT,1.0,C8316648259,0.59,0.0,M9581187661,0.0,0.0,0,0.0,0
666,CASH_OUT,2195.1,C5931025271,1915.77,0.0,C1722124509,0.0,0.0,1,0.17,0
529,PAYMENT,1.0,C8923555411,1.0,0.0,M6894024976,0.0,0.0,0,0.0,0
533,PAYMENT,2037.79,C6336171726,4857.14,2819.35,M2635881694,0.0,0.0,0,0.0,0
665,TRANSFER,3151.17,C5982744929,4139.9,988.73,C5482431018,0.0,0.0,1,0.3,0
645,PAYMENT,59.57,C6353758928,161.43,101.86,M7050091525,0.0,0.0,0,0.0,0
267,TRANSFER,69610.13,C4682870880,96556.07,26945.94,M3297681898,0.0,0.0,1,0.23666666666666666,0
394,TRANSFER,1.0,C8991514523,0.53,0.0,C6613888489,37236.62,37237.62,0,0.0,0
682,TRANSFER,53.8,C6464693977,129.82,76.02,C6923301988,627.45,681.25,0,0.05,0
226,PAYMENT,319.56,C6877052039,394.07,74.51,M4892544235,0.0,0.0,0,0.0,0
89,TRANSFER,2543.93,C3971203213,3348.53,804.6,M8858274691,0.0,0.0,1,0.16333333333333333,0
93,CASH_OUT,698.97,C1234359689,873.77,174.8,C1674555072,0.0,0.0,0,0.0033333333333333335,0
40,TRANSFER,1.0,C4658080160,1.3,0.3,C5913767020,410.97,411.97,0,0.013333333333333334,0
252,TRANSFER,856.95,C1471997674,858.13,1.18,C9957813353,4543.2,5400.15,1,0.0033333333333333335,0
452,CASH_OUT,7866.06,C8236361108,6743.08,0.0,M6992094064,0.0,0.0,1,0.2833333333333333,0
413,TRANSFER,89.37,C8867077130,120.4,31.03,M8728631945,0.0,0.0,1,0.15666666666666668,0
617,TRANSFER,8445.8,C1248704157,20147.92,11702.12,C5510938155,5.44,8451.24,0,0.01,0
481,TRANSFER,49.13,C2891100776,115.63,66.5,C7805745017,23557.75,23606.88,0,0.0033333333333333335,0
556,CASH_IN,38876.32,C5789633176,649.79,39526.11,C6715961218,44963.46,44963.46,0,0.0,0
80,PAYMENT,12.99,C4274958945,27.41,14.42,M4588312351,0.0,0.0,0,0.0,0
170,TRANSFER,567.72,C3906611156,668.12,100.4,C9433570024,11.84,11.84,1,0.12333333333333334,0
72,CASH_OUT,12930.04,C9309500117,26760.24,13830.2,C5150074940,0.0,0.0,0,0.0,0
224,TRANSFER,1785.42,C5633956194,1721.36,0.0,C9858643842,1047.0,1047.0,1,0.07,0
388,TRANSFER,2935.95,C4631048029,4120.85,1184.9,M6041646576,0.0,0.0,1,0.21333333333333335,0
227,CASH_OUT,1000.18,C4503614567,1369.08,368.9,C4106464319,352.78,352.78,1,0.0033333333333333335,0
376,PAYMENT,1.0,C7691931213,3.0,2.0,M9021793855,0.0,0.0,0,0.0,0
681,CASH_OUT,114.04,C3019214800,138.2,24.16,C5943324387,246.63,246.63,0,0.023333333333333334,0
514,PAYMENT,1.0,C8691288568,0.0,0.0,M9900829971,0.0,0.0,0,0.0,0
577,TRANSFER,943.62,C1439427140,1037.23,93.61,C6447717367,143039.5,143039.5,1,0.0033333333333333335,0
458,TRANSFER,1.0,C7431813987,0.0,0.0,C8706093841,0.0,1.0,0,0.22,0
499,TRANSFER,18.64,C8325222092,30.32,11.68,C5862655247,30.7,49.34,0,0.13,0
375,PAYMENT,6.83,C7829772942,26.7,19.87,M2249831874,0.0,0.0,0,0.0,0
160,TRANSFER,3777.51,C9954587710,4608.34,830.83,M6692705133,0.0,0.0,1,0.17333333333333334,0
105,TRANSFER,3593.51,C2214741296,3094.03,0.0,M2555936898,0.0,0.0,1,0.8166666666666667,1
198,TRANSFER,896.91,C9957643727,913.32,16.41,C2382129132,0.0,0.0,1,0.19666666666666666,0
526,CASH_OUT,1136.59,C1613549255,4554.64,3418.05,C5254923696,6685.12,6685.12,0,0.013333333333333334,0
259,CASH_OUT,9621.71,C2948728483,9812.09,190.38,C6272000062,20013.17,20013.17,1,0.0,0
479,TRANSFER,1.0,C8282534126,0.0,0.0,C8674224347,51.38,52.38,0,0.17666666666666667,0
605,PAYMENT,129.64,C3710566582,165.27,35.63,M3965860354,0.0,0.0,0,0.0,0
607,TRANSFER,1.0,C3614915281,1.0,0.0,C6963052185,108.76,109.76,0,0.13666666666666666,0
92,PAYMENT,1989.77,C2439622619,16624.42,14634.65,M8643636805,0.0,0.0,0,0.0,0
117,PAYMENT,1.98,C3436297208,2.19,0.21,M9921025990,0.0,0.0,0,0.0,0
641,PAYMENT,1.0,C1993998848,0.0,0.0,M6361225622,0.0,0.0,0,0.0,0
718,CASH_OUT,458.68,C2774884818,501.34,42.66,M4390543744,0.0,0.0,1,0.04,0
127,PAYMENT,28.66,C8235717104,76.09,47.43,M1466305100,0.0,0.0,0,0.0,0
440,CASH_OUT,11770.83,C6773938304,32596.87,20826.04,C2867302554,26.22,26.22,0,0.013333333333333334,0
283,CASH_OUT,3.04,C9711080868,5.88,2.84,C9285415473,67.49,67.49,0,0.01,0
274,PAYMENT,323.35,C4558302256,428.67,105.32,M3322580659,0.0,0.0,0,0.0,0
369,CASH_OUT,925.31,C6777263354,1173.16,247.85,M8727805468,0.0,0.0,1,0.01,0
455,TRANSFER,2725.72,C2247484671,3448.33,722.61,M6865994703,0.0,0.0,1,0.26,0
579,TRANSFER,4793.1,C1484664056,4736.21,0.0,C8182649048,6263.13,6263.13,1,0.25666666666666665,0
271,TRANSFER,21.96,C1792214339,37.15,15.19,C4794276323,1619.85,1641.81,0,0.0033333333333333335,0
234,PAYMENT,1.0,C4518871744,0.0,0.0,M3313346852,0.0,0.0,0,0.0,0
507,PAYMENT,1.0,C3424843951,1.7,0.7,M7512767226,0.0,0.0,0,0.0,0
11,CASH_OUT,8.85,C7882206934,17.52,8.67,C1862812038,27.46,27.46,0,0.0033333333333333335,0
641,PAYMENT,172.65,C7937993287,235.15,62.5,M3566125120,0.0,0.0,0,0.0,0
558,CASH_OUT,1.0,C2687477596,0.0,0.0,C4277561834,5.19,5.19,0,0.05333333333333334,0
68,PAYMENT,1.0,C1510289448,0.0,0.0,M7664045502,0.0,0.0,0,0.0,0
103,CASH_OUT,2810.77,C8039917766,3044.56,233.79,M5194066484,0.0,0.0,1,0.0,0
405,PAYMENT,18462.0,C5294535887,138020.34,119558.34,M1413599241,0.0,0.0,0,0.0,0
226,PAYMENT,7.15,C9437783771,20.95,13.8,M3536590481,0.0,0.0,0,0.0,0
316,PAYMENT,20.95,C7597996327,56.21,35.26,M9590331226,0.0,0.0,0,0.0,0
160,PAYMENT,16.84,C5272119095,18.32,1.48,M8740820392,0.0,0.0,0,0.0,0
81,TRANSFER,4800.09,C6317189421,4317.82,0.0,M7537130187,0.0,0.0,1,0.8133333333333334,1
647,CASH_OUT,4332.8,C4972536230,4597.04,264.24,M2586712032,0.0,0.0,1,0.03,0
220,TRANSFER,3861.8,C5035765954,3764.83,0.0,M6045729129,0.0,0.0,1,0.81,1
90,PAYMENT,147.17,C8868054898,156.04,8.87,M7713758036,0.0,0.0,0,0.0,0
685,PAYMENT,1.0,C3360791536,1.06,0.06,M3355504998,0.0,0.0,0,0.0,0
380,TRANSFER,65.2,C7374810067,88.68,23.48,M2695447268,0.0,0.0,1,0.16,0
365,DEBIT,1.0,C6448324230,0.0,0.0,M1199447370,0.0,0.0,0,0.04,0
111,TRANSFER,882.32,C7004964045,1020.75,138.43,M2555936898,0.0,0.0,1,0.16333333333333333,0
367,TRANSFER,2.81,C8598503901,4.18,1.37,C3792347639,65588.72,65591.53,0,0.0,0
83,DEBIT,1.0,C1340272119,0.0,0.0,M9921025990,0.0,0.0,0,0.03,0
162,TRANSFER,3741.36,C5625411308,3416.38,0.0,M1888107487,0.0,0.0,1,0.78,1
594,TRANSFER,6711.63,C6618965944,13033.86,6322.23,C2047905204,152.99,6864.62,0,0.02,0
705,CASH_IN,754.77,C6131005449,15.81,770.58,C5125568431,5503.25,5503.25,0,0.0,0
106,TRANSFER,1.0,C1322401182,0.0,0.0,C5028688786,0.0,1.0,0,0.22666666666666666,0
259,TRANSFER,1.0,C1293864877,0.0,0.0,C6509985983,0.0,1.0,0,0.23333333333333334,0
7,TRANSFER,1306.36,C6611356986,1178.85,0.0,M6200141898,0.0,0.0,1,0.31666666666666665,0
452,PAYMENT,356.36,C6852312425,518.8,162.44,M9822499208,0.0,0.0,0,0.0,0
490,TRANSFER,91.03,C1104906255,146.46,55.43,C5227828349,3.37,94.4,0,0.16,0
615,PAYMENT,2482.43,C3088517710,9090.44,6608.01,M1343875431,0.0,0.0,0,0.0,0
62,CASH_OUT,3201.88,C8394198376,3136.56,0.0,C9987064419,0.0,0.0,1,0.05,0
422,CASH_OUT,1.0,C5067245523,0.48,0.0,C8901585274,1384.8,1384.8,0,0.07333333333333333,0
129,CASH_OUT,3900.45,C9437783771,3398.47,0.0,M7664045502,0.0,0.0,1,0.05333333333333334,0
22,CASH_OUT,69.12,C6884333221,70.13,1.01,C1515024824,0.0,0.0,1,0.006666666666666667,0
622,TRANSFER,19.62,C6231117883,55.58,35.96,C5243939720,2718.94,2738.56,0,0.03333333333333333,0
101,CASH_OUT,1138.95,C9621419224,1074.93,0.0,C7465834732,4.92,4.92,1,0.06,0
687,TRANSFER,7448.03,C2670036982,8401.13,953.1,C5284391408,2491.46,9939.49,0,0.006666666666666667,0
500,TRANSFER,1489.8,C1662259333,1248.82,0.0,C6027311960,15.55,15.55,1,0.43,0
615,PAYMENT,1.0,C4302632494,0.0,0.0,M3476758136,0.0,0.0,0,0.0,0
152,CASH_OUT,1796.86,C4277561834,2356.0,559.14,M9441870024,0.0,0.0,1,0.0,0
180,TRANSFER,3671.43,C9248574674,3405.51,0.0,M6651020291,0.0,0.0,1,0.78,1
355,TRANSFER,328.47,C9354711271,535.57,207.1,C2020395327,1252.56,1581.03,0,0.0,0
520,TRANSFER,2383.5,C4524233168,2115.03,0.0,M6651754819,0.0,0.0,1,0.79,1
603,PAYMENT,55.28,C7608141858,62.66,7.38,M7717262223,0.0,0.0,0,0.0,0
329,CASH_OUT,661.23,C3245108207,741.84,80.61,C3363629219,0.0,0.0,1,0.02,0
198,PAYMENT,1.0,C1590838716,0.0,0.0,M3438830691,0.0,0.0,0,0.0,0
408,PAYMENT,7.65,C2940955281,8.63,0.98,M5194066484,0.0,0.0,0,0.0,0
87,CASH_OUT,6.93,C7887950851,22.33,15.4,C5996775663,22.08,22.08,0,0.0,0
567,TRANSFER,77.79,C7166868574,300.19,222.4,C5141593270,701.55,779.34,0,0.03666666666666667,0
365,PAYMENT,1.0,C8285000265,1.25,0.25,M4306983924,0.0,0.0,0,0.0,0
595,PAYMENT,5.07,C2267619081,5.45,0.38,M6771941776,0.0,0.0,0,0.0,0
106,CASH_OUT,6496.91,C6732648420,16640.75,10143.84,C8858766173,7.77,7.77,0,0.0,0
230,CASH_OUT,12696.28,C1602569046,72338.26,59641.98,C4345526911,639.84,639.84,0,0.0,0
438,TRANSFER,2868.66,C4361393222,2967.47,98.81,M8044997538,0.0,0.0,1,0.4766666666666667,0
184,PAYMENT,1305.33,C5891280823,2160.64,855.31,M5380159400,0.0,0.0,0,0.0,0
162,PAYMENT,1.0,C4914929023,0.0,0.0,M4160161496,0.0,0.0,0,0.0,0
616,PAYMENT,468.66,C9470922075,848.12,379.46,M2571632270,0.0,0.0,0,0.0,0
234,PAYMENT,505.0,C5162260671,1540.23,1035.23,M5714658227,0.0,0.0,0,0.0,0
195,TRANSFER,2657.46,C1730074215,2311.32,0.0,M6732306182,0.0,0.0,1,0.79,1
519,TRANSFER,105.11,C4361393222,98.81,0.0,C3197757742,0.81,0.81,1,0.23,0
616,TRANSFER,3906.07,C8923555411,3554.42,0.0,M3322580659,0.0,0.0,1,0.9466666666666667,1
720,DEBIT,1.0,C1965067727,0.0,0.0,M6558769264,0.0,0.0,0,0.04666666666666667,0
458,CASH_OUT,5185.37,C1036351450,4619.78,0.0,M2839566253,0.0,0.0,1,0.31333333333333335,0
5,TRANSFER,50137.42,C6548442140,45053.34,0.0,M2885370603,0.0,0.0,1,0.68,1
359,PAYMENT,220.85,C9067664957,252.12,31.27,M8667946580,0.0,0.0,0,0.0,0
383,CASH_OUT,41613.78,C1664847319,45437.98,3824.2,C5536224717,10994.65,10994.65,0,0.0,0
556,TRANSFER,187.36,C1050899550,158.58,0.0,C7751356568,0.0,0.0,1,0.23,0
402,PAYMENT,1.0,C4062777850,0.0,0.0,M5315720088,0.0,0.0,0,0.0,0
539,TRANSFER,5583.84,C6618965944,6322.23,738.39,C6231117883,35.96,5619.8,0,0.043333333333333335,0
418,TRANSFER,141.57,C7472806994,197.34,55.77,M8667946580,0.0,0.0,1,0.15333333333333332,0
6,PAYMENT,50.16,C7185179917,99.17,49.01,M7651029165,0.0,0.0,0,0.0,0
194,PAYMENT,1.0,C6329589780,0.0,0.0,M6659847491,0.0,0.0,0,0.0,0
110,PAYMENT,13331.11,C2050340486,47312.88,33981.77,M3145756342,0.0,0.0,0,0.0,0
60,PAYMENT,45.27,C8638763775,67.19,21.92,M3660800029,0.0,0.0,0,0.0,0
41,TRANSFER,1.0,C7019900273,0.0,0.0,C7895255573,91.5,92.5,0,0.07,0
663,CASH_IN,17957.07,C7965608188,24.72,17981.79,C3365835550,12024.52,12024.52,0,0.0,0
265,PAYMENT,131.83,C9786748825,168.0,36.17,M9576264323,0.0,0.0,0,0.0,0
575,CASH_OUT,72.68,C3142452709,89.51,16.83,C9438411468,8.08,8.08,1,0.03333333333333333,0
596,PAYMENT,3.57,C7887950851,15.4,11.83,M7951820749,0.0,0.0,0,0.0,0
646,CASH_IN,77763.4,C3612617557,2.13,77765.53,C4508521152,9.21,9.21,0,0.0,0
600,CASH_OUT,3829.53,C7710396573,4264.58,435.05,M3208200227,0.0,0.0,1,0.02666666666666667,0
637,TRANSFER,1.0,C6317189421,0.0,0.0,C3304560537,176.61,177.61,0,0.12666666666666668,0
321,PAYMENT,10939.31,C6272000062,20013.17,9073.86,M6651020291,0.0,0.0,0,0.0,0
293,PAYMENT,62.42,C1124331395,146.84,84.42,M9444143872,0.0,0.0,0,0.0,0
312,TRANSFER,1826.49,C7894019119,1674.24,0.0,C2970753705,1821.42,1821.42,1,0.056666666666666664,0
484,PAYMENT,1.83,C6673381261,8.52,6.69,M9977193987,0.0,0.0,0,0.0,0
549,CASH_OUT,2590.44,C2914126243,3188.82,598.38,C8867077130,31.03,31.03,1,0.023333333333333334,0
499,CASH_OUT,1.0,C4262396395,0.0,0.0,C1225953184,1.0,1.0,0,0.06,0
343,TRANSFER,814.98,C3106408413,1069.95,254.97,M4601406440,0.0,0.0,1,0.10333333333333333,0
241,CASH_OUT,58.68,C4662861038,78.71,20.03,C5759234471,32.47,32.47,0,0.0033333333333333335,0
596,PAYMENT,1.0,C6620138568,0.0,0.0,M2243802345,0.0,0.0,0,0.0,0
638,PAYMENT,295.64,C3188382776,454.28,158.64,M9444143872,0.0,0.0,0,0.0,0
460,PAYMENT,28.2,C2224363672,45.41,17.21,M9620935604,0.0,0.0,0,0.0,0
327,PAYMENT,160.52,C7838460497,172.32,11.8,M4456193555,0.0,0.0,0,0.0,0
115,PAYMENT,3941.34,C4490722186,7667.23,3725.89,M9043367776,0.0,0.0,0,0.0,0
353,PAYMENT,9852.55,C2613385303,18921.39,9068.84,M2129491690,0.0,0.0,0,0.0,0
343,TRANSFER,1913.73,C8832617672,1900.65,0.0,C4572433066,1.0,1.0,1,0.56,1
407,CASH_OUT,1.0,C4427620889,0.13,0.0,C9305502799,6.52,6.52,0,0.04666666666666667,0
566,TRANSFER,1047.21,C5150090143,998.14,0.0,M9977193987,0.0,0.0,1,0.4166666666666667,0
287,PAYMENT,1.0,C4500557310,0.0,0.0,M9026301048,0.0,0.0,0,0.0,0
694,TRANSFER,8.41,C3837784389,12.77,4.36,C8380507338,1450.87,1459.28,0,0.043333333333333335,0
479,TRANSFER,1.0,C5898890707,0.0,0.0,C9493209128,3.5,4.5,0,0.22333333333333333,0
361,TRANSFER,4853.04,C6204862411,4127.54,0.0,C5421592782,0.0,4853.04,1,0.03333333333333333,0
375,TRANSFER,117.54,C4574027737,142.41,24.87,C7671041685,0.0,117.54,1,0.1,0
221,PAYMENT,5306.66,C4647891535,112137.85,106831.19,M1783432867,0.0,0.0,0,0.0,0
403,PAYMENT,1.0,C1470939445,0.0,0.0,M5937271321,0.0,0.0,0,0.0,0
682,CASH_OUT,18.46,C2752536389,25.56,7.1,C8478529823,626.6,626.6,0,0.02666666666666667,0
105,TRANSFER,117.95,C1952396600,154.32,36.37,M5694439775,0.0,0.0,1,0.16333333333333333,0
677,TRANSFER,3365.68,C7832220535,2872.32,0.0,M5937271321,0.0,0.0,1,0.89,1
248,TRANSFER,1103.97,C1417436465,1485.22,381.25,M1694904767,0.0,0.0,1,0.11666666666666667,0
611,PAYMENT,254.41,C5358791907,311.34,56.93,M5325865521,0.0,0.0,0,0.0,0
701,CASH_OUT,159.75,C1772303297,193.22,33.47,C1643611097,0.0,0.0,0,0.03333333333333333,0
344,TRANSFER,460.49,C2188332531,489.85,29.36,C5735817014,1953.26,2413.75,0,0.0,0
700,TRANSFER,5405.52,C7403028869,4701.14,0.0,M9625656293,0.0,0.0,1,0.9133333333333333,1
166,PAYMENT,30.16,C7579604766,52.94,22.78,M1099218439,0.0,0.0,0,0.0,0
211,CASH_IN,11794.76,C1553753599,0.0,11794.76,C9147736635,2.44,2.44,0,0.0,0
108,PAYMENT,6.96,C9098129449,6048.47,6041.51,M6583604299,0.0,0.0,0,0.0,0
186,PAYMENT,87.54,C7895255573,92.5,4.96,M8821456242,0.0,0.0,0,0.0,0
56,TRANSFER,2.18,C2591414076,8.37,6.19,C3291226621,1550.63,1552.81,0,0.006666666666666667,0
12,CASH_IN,24032.7,C9318010743,55.08,24087.78,C8816681105,314.84,314.84,0,0.0,0
468,CASH_OUT,4.14,C6661014794,5.98,1.84,C5870891270,142560.29,142560.29,0,0.0033333333333333335,0
274,CASH_OUT,11.61,C5996775663,22.08,10.47,C7215110267,0.0,0.0,0,0.0,0
367,TRANSFER,1.0,C2571688961,0.0,0.0,C6134840512,155.15,156.15,0,0.04666666666666667,0
135,PAYMENT,1.0,C4405620755,0.0,0.0,M9558906999,0.0,0.0,0,0.0,0
302,CASH_OUT,1.0,C4660390742,0.0,0.0,C1855256552,1126.05,1126.05,0,0.016666666666666666,0
96,CASH_OUT,658.84,C5175416378,570.13,0.0,C6852312425,162.44,162.44,1,0.08333333333333333,0
71,TRANSFER,5.34,C9263135031,9.6,4.26,C5759234471,32.47,37.81,0,0.12333333333333334,0
677,PAYMENT,638.72,C4627032705,843.02,204.3,M7514017540,0.0,0.0,0,0.0,0
523,TRANSFER,2902.93,C2283298067,3925.16,1022.23,C4277561834,559.14,559.14,1,0.056666666666666664,0
320,TRANSFER,21.41,C2683446724,102.04,80.63,C7061419749,193.94,215.35,0,0.02,0
150,TRANSFER,432.74,C7635473142,413.64,0.0,M6771941776,0.0,0.0,1,0.22333333333333333,0
148,CASH_OUT,5528.55,C9618334441,4665.53,0.0,C2916728422,449.23,449.23,1,0.05333333333333334,0
278,PAYMENT,700.29,C8178927766,789.08,88.79,M3145756342,0.0,0.0,0,0.0,0
576,PAYMENT,1.0,C8417757797,0.0,0.0,M1676220116,0.0,0.0,0,0.0,0
341,PAYMENT,1.0,C9516893896,0.0,0.0,M8646369354,0.0,0.0,0,0.0,0
352,PAYMENT,792.47,C3946766309,810.61,18.14,M5535650160,0.0,0.0,0,0.0,0
408,CASH_IN,7689.42,C6509985983,1.0,7690.42,C1225052083,1121.28,1121.28,0,0.0,0
22,CASH_OUT,3428.41,C1083651970,3507.22,78.81,C6155234610,0.0,0.0,1,0.0,0
224,CASH_OUT,492.58,C2914126243,598.38,105.8,C2960488639,0.0,0.0,1,0.013333333333333334,0
186,TRANSFER,55753.24,C3791815554,69214.21,13460.97,M6786043791,0.0,0.0,1,0.21666666666666667,0
476,PAYMENT,1.0,C7736142481,0.0,0.0,M9576264323,0.0,0.0,0,0.0,0
61,TRANSFER,59.2,C6300607425,81.43,22.23,C3591527330,291.88,351.08,0,0.01,0
356,CASH_OUT,1.0,C2699887270,0.0,0.0,C5584288132,6.73,6.73,0,0.023333333333333334,0
365,PAYMENT,564.27,C4231729466,1330.64,766.37,M6282009986,0.0,0.0,0,0.0,0
578,PAYMENT,85.99,C7637761996,64359.96,64273.97,M8869140487,0.0,0.0,0,0.0,0
510,TRANSFER,6.79,C8015124886,24.39,17.6,C1855256552,1126.05,1132.84,0,0.05,0
540,CASH_OUT,1.0,C1590838716,0.0,0.0,C6122110529,107.86,107.86,0,0.05,0
349,TRANSFER,95391.14,C4921003983,117796.46,22405.32,C6792661894,106.17,95497.31,0,0.0,0
413,CASH_OUT,126005.78,C4949801453,145259.35,19253.57,C8675071314,0.0,0.0,0,0.016666666666666666,0
427,PAYMENT,1.0,C2409274786,0.0,0.0,M1083302600,0.0,0.0,0,0.0,0
168,TRANSFER,1.0,C9428056968,0.0,0.0,C2869999754,1088.1,1089.1,0,0.01,0
647,DEBIT,1.0,C4178659381,0.0,0.0,M5985331805,0.0,0.0,0,0.05333333333333334,0
238,TRANSFER,1457.9,C7079234115,1256.89,0.0,C5476654128,0.0,1457.9,1,0.09666666666666666,0
510,PAYMENT,2.51,C4172006012,5.54,3.03,M8276498637,0.0,0.0,0,0.0,0
63,TRANSFER,1.0,C6789448659,0.1,0.0,C8995045543,900.71,901.71,0,0.016666666666666666,0
394,TRANSFER,678.62,C6892752604,603.22,0.0,M8218146534,0.0,0.0,1,0.27666666666666667,0
69,PAYMENT,12.63,C8118065825,27.05,14.42,M4522855590,0.0,0.0,0,0.0,0
538,PAYMENT,29.53,C3693985578,77.33,47.8,M2571632270,0.0,0.0,0,0.0,0
339,TRANSFER,3822.65,C9457665185,4143.11,320.46,C9263135031,4.26,4.26,1,0.18,0
342,PAYMENT,1.0,C6822870815,0.0,0.0,M6846530109,0.0,0.0,0,0.0,0
53,DEBIT,68.47,C7316122432,100.25,31.78,M3119908041,0.0,0.0,0,0.02,0
694,TRANSFER,1631.8,C5150074940,2330.1,698.3,M9444143872,0.0,0.0,1,0.2833333333333333,0
479,PAYMENT,1.0,C4427620889,0.0,0.0,M3322580659,0.0,0.0,0,0.0,0
276,PAYMENT,2.46,C9806189256,2.63,0.17,M3960136787,0.0,0.0,0,0.0,0
712,CASH_OUT,2425.39,C5659161352,2166.36,0.0,C1730074215,0.0,0.0,1,0.16,0
709,TRANSFER,2588.14,C8458717057,9655.32,7067.18,C3095318649,724.39,3312.53,0,0.006666666666666667,0
7,CASH_OUT,7628.9,C6922713963,7118.16,0.0,C4302709858,0.0,0.0,1,0.06666666666666667,0
144,PAYMENT,1.0,C1293864877,0.0,0.0,M9255306810,0.0,0.0,0,0.0,0
177,TRANSFER,498.65,C6554972315,629.92,131.27,M4390543744,0.0,0.0,1,0.15333333333333332,0
587,PAYMENT,16189.23,C8517413631,51529.1,35339.87,M8235474949,0.0,0.0,0,0.0,0
113,TRANSFER,734.3,C6037168610,1408.14,673.84,C4102821948,1111.14,1845.44,0,0.0033333333333333335,0
5,PAYMENT,1.26,C5903457537,4.96,3.7,M7678293431,0.0,0.0,0,0.0,0
136,DEBIT,1.0,C3361388464,0.0,0.0,M8790289305,0.0,0.0,0,0.023333333333333334,0
362,TRANSFER,3485.3,C9409682410,4682.91,1197.61,M5694439775,0.0,0.0,1,0.21333333333333335,0
330,TRANSFER,5635.66,C2770980600,6369.14,733.48,M5815678365,0.0,0.0,1,0.21666666666666667,0
577,PAYMENT,1.0,C3338877621,3.11,2.11,M2121448210,0.0,0.0,0,0.0,0
124,TRANSFER,3286.05,C1311570307,2853.51,0.0,M9933702652,0.0,0.0,1,0.7566666666666667,1
262,PAYMENT,240.24,C1139082827,380.27,140.03,M6313472215,0.0,0.0,0,0.0,0
343,PAYMENT,4.62,C3995732958,5.21,0.59,M2136107759,0.0,0.0,0,0.0,0
66,CASH_OUT,20.26,C2952996248,83.98,63.72,C6168291913,0.0,0.0,0,0.0033333333333333335,0
390,DEBIT,16.52,C5879617459,55.4,38.88,M1099218439,0.0,0.0,0,0.023333333333333334,0
544,PAYMENT,167.79,C2916728422,449.23,281.44,M4588312351,0.0,0.0,0,0.0,0
266,PAYMENT,1.0,C5433722159,0.0,0.0,M5919148165,0.0,0.0,0,0.0,0
513,PAYMENT,254.47,C8831899893,342.53,88.06,M9631695368,0.0,0.0,0,0.0,0
8,CASH_OUT,1323.24,C2850820685,1346.31,23.07,M5869990861,0.0,0.0,1,0.0,0
546,CASH_OUT,1.0,C7249213370,0.0,0.0,C5600836559,0.0,0.0,0,0.06,0
614,PAYMENT,460.38,C6418365941,647.8,187.42,M2655546199,0.0,0.0,0,0.0,0
76,TRANSFER,2948.88,C1664847319,3824.2,875.32,M8548290298,0.0,0.0,1,0.2,0
682,CASH_IN,2767.9,C6756711494,1.93,2769.83,C3589530484,63.24,63.24,0,0.0,0
506,CASH_OUT,3201.29,C6959501845,3383.41,182.12,M1466305100,0.0,0.0,1,0.03333333333333333,0
548,PAYMENT,44.75,C4207337120,110.84,66.09,M7537130187,0.0,0.0,0,0.0,0
258,CASH_OUT,2867.55,C8236980551,2898.95,31.4,M3811254192,0.0,0.0,1,0.0033333333333333335,0
31,TRANSFER,148.25,C4070964768,124.44,0.0,M4601406440,0.0,0.0,1,0.23,0
127,PAYMENT,1.0,C3933213766,0.77,0.0,M8910440683,0.0,0.0,0,0.0,0
177,CASH_OUT,1.0,C1799718923,0.0,0.0,C5187948804,0.0,0.0,0,0.013333333333333334,0
373,CASH_OUT,106.98,C5778781449,126.39,19.41,C6691628146,52448.61,52448.61,1,0.01,0
604,TRANSFER,2035.73,C5539308214,20308.2,18272.47,C9697354961,22.52,2058.25,0,0.03,0
411,CASH_OUT,1.0,C6837975356,0.0,0.0,C7556078550,0.0,0.0,0,0.08,0
213,TRANSFER,2.16,C1127978094,3.33,1.17,C1749459431,0.0,2.16,0,0.17666666666666667,0
490,PAYMENT,2.51,C9292791081,6.1,3.59,M2916502228,0.0,0.0,0,0.0,0
410,DEBIT,1.0,C1361845490,0.0,0.0,M1647181551,0.0,0.0,0,0.04,0
586,TRANSFER,1927.96,C2627677155,2727.72,799.76,C3645901955,0.0,0.0,1,0.3,0
349,CASH_OUT,312.43,C1834624758,305.87,0.0,M6247463262,0.0,0.0,1,0.06333333333333334,0
438,PAYMENT,1415.56,C9663561486,71797.06,70381.5,M3192202822,0.0,0.0,0,0.0,0
4,TRANSFER,3646.35,C2308638549,4713.04,1066.69,C8982597239,22.44,22.44,1,0.14,0
405,CASH_IN,45376.4,C7536876169,0.0,45376.4,C9376277483,444.04,444.04,0,0.0,0
602,CASH_OUT,156478.86,C6974875750,130908.35,0.0,M3580582653,0.0,0.0,1,0.17333333333333334,0
221,CASH_OUT,2708.82,C7099469983,3264.06,555.24,C9908115095,27.39,27.39,1,0.0,0
208,TRANSFER,20.03,C1857596764,62.61,42.58,C7215110267,0.0,20.03,0,0.16,0
6,PAYMENT,1.26,C8624454880,1.64,0.38,M7437168216,0.0,0.0,0,0.0,0
717,TRANSFER,3278.03,C3878201524,3104.2,0.0,M8910440683,0.0,0.0,1,0.8466666666666667,1
232,TRANSFER,1689.87,C8527715219,1936.67,246.8,C8168204967,283.46,283.46,1,0.013333333333333334,0
549,PAYMENT,1.0,C8624454880,0.38,0.0,M5570190774,0.0,0.0,0,0.0,0
446,CASH_OUT,50.83,C3597724331,183.82,132.99,C2625792787,633.94,633.94,0,0.04,0
543,TRANSFER,1262.9,C1958682846,1312.86,49.96,C2283298067,1022.23,1022.23,1,0.07,0
308,PAYMENT,14.82,C5778781449,19.41,4.59,M7713758036,0.0,0.0,0,0.0,0
456,CASH_OUT,3430.24,C8854238082,4465.59,1035.35,C7648059419,0.0,0.0,1,0.043333333333333335,0
168,PAYMENT,1.0,C6910112521,0.0,0.0,M2869931869,0.0,0.0,0,0.0,0
283,CASH_OUT,39353.45,C7801948900,116597.28,77243.83,C2486744752,852.3,852.3,0,0.0,0
300,TRANSFER,2710.61,C4673457063,2527.46,0.0,C5064162365,136813.03,136813.03,1,0.01,0
517,DEBIT,1.36,C6089026099,1.69,0.33,M9020002737,0.0,0.0,0,0.043333333333333335,0
323,TRANSFER,2095.24,C3102209245,2153.39,58.15,M4329446784,0.0,0.0,1,0.3233333333333333,0
653,TRANSFER,469.56,C8106401208,426.0,0.0,M6992094064,0.0,0.0,1,0.24333333333333335,0
116,TRANSFER,2163.25,C7190276026,4635.94,2472.69,C6887132821,0.0,2163.25,0,0.01,0
700,DEBIT,4368.94,C7965608188,17981.79,13612.85,M8548290298,0.0,0.0,0,0.03333333333333333,0
440,CASH_OUT,1.0,C2836553621,0.0,0.0,C7154795660,8243.54,8243.54,0,0.05,0
617,TRANSFER,541.11,C8369792370,724.54,183.43,C9523104008,204.18,204.18,1,0.06,0
406,CASH_IN,67982.52,C2777816561,1.99,67984.51,C3035761595,1009.27,1009.27,0,0.0,0
453,PAYMENT,1485.75,C6097953682,2314.8,829.05,M5000316394,0.0,0.0,0,0.0,0
220,PAYMENT,393.13,C3045102506,465.2,72.07,M8740820392,0.0,0.0,0,0.0,0
705,DEBIT,77.5,C5269015757,90.67,13.17,M1413599241,0.0,0.0,0,0.03333333333333333,0
707,PAYMENT,3330.79,C5183211669,6710.86,3380.07,M2869931869,0.0,0.0,0,0.0,0
101,CASH_OUT,1.0,C6710338189,0.0,0.0,C7763765757,61.57,61.57,0,0.0,0
560,CASH_IN,45356.7,C6272000062,9073.86,54430.56,C6611356986,0.0,0.0,0,0.0,0
577,CASH_OUT,62.34,C6009268066,90.52,28.18,C6663846005,13735.95,13735.95,0,0.013333333333333334,0
271,TRANSFER,1.0,C2009317340,0.0,0.0,C7337225482,824.23,825.23,0,0.016666666666666666,0
106,TRANSFER,1060.36,C3483827971,920.61,0.0,M2303835765,0.0,0.0,1,0.3233333333333333,0
469,TRANSFER,3052.7,C5175416378,2581.77,0.0,M7651029165,0.0,0.0,1,0.8966666666666666,1
437,CASH_IN,20557.72,C1736086849,0.0,20557.72,C8612747444,0.0,0.0,0,0.0,0
357,CASH_OUT,1.0,C9437783771,0.0,0.0,C3589530484,63.24,63.24,0,0.013333333333333334,0
467,PAYMENT,1.0,C5272119095,1.48,0.48,M6692705133,0.0,0.0,0,0.0,0
398,CASH_OUT,1087.56,C8093179263,1301.39,213.83,C9798613995,0.99,0.99,1,0.01,0
555,CASH_OUT,1.0,C7670476743,0.0,0.0,C6710338189,0.0,0.0,0,0.06,0
542,PAYMENT,912.88,C5118430494,1203.37,290.49,M2121448210,0.0,0.0,0,0.0,0
115,PAYMENT,3.06,C3651552513,10.98,7.92,M1999913493,0.0,0.0,0,0.0,0
534,TRANSFER,366.81,C5344083406,439.12,72.31,C8083175325,61626.53,61993.34,0,0.0,0
520,CASH_OUT,133.93,C1408988968,152.21,18.28,C8833889083,2.4,2.4,1,0.04,0
464,CASH_OUT,15324.27,C6306523372,16298.89,974.62,M8874242713,0.0,0.0,1,0.02666666666666667,0
74,CASH_OUT,3423.71,C8503368512,3123.01,0.0,C7049001493,0.0,0.0,1,0.05,0
462,CASH_OUT,3647.35,C9381721143,13271.5,9624.15,C8833889083,2.4,2.4,0,0.02666666666666667,0
547,PAYMENT,6.19,C4683585586,20.9,14.71,M2910594463,0.0,0.0,0,0.0,0
580,TRANSFER,1850.1,C7186766399,1550.74,0.0,C4096932037,2.7,2.7,1,0.5233333333333333,1
14,CASH_OUT,15725.57,C4921003983,22405.32,6679.75,C4930438209,0.0,0.0,1,0.0,0
600,CASH_IN,10098.77,C6756332150,89428.49,99527.26,C3796581976,57.43,57.43,0,0.0,0
539,PAYMENT,211.74,C5774080233,597.57,385.83,M7366396017,0.0,0.0,0,0.0,0
549,DEBIT,3.01,C1717346250,10.98,7.97,M6401844042,0.0,0.0,0,0.03,0
360,PAYMENT,2301.7,C5183211669,3380.07,1078.37,M8869140487,0.0,0.0,0,0.0,0
304,CASH_IN,2177.24,C5536224717,10994.65,13171.89,C6075963527,0.0,0.0,0,0.0,0
19,PAYMENT,6565.67,C9354542654,121434.19,114868.52,M3107992942,0.0,0.0,0,0.0,0
701,DEBIT,93.23,C5952163720,231.27,138.04,M1783432867,0.0,0.0,0,0.02666666666666667,0
209,PAYMENT,1.0,C8612747444,0.0,0.0,M2910594463,0.0,0.0,0,0.0,0
42,TRANSFER,462.41,C8547068234,581.7,119.29,M1306420495,0.0,0.0,1,0.15,0
494,PAYMENT,1.0,C8372755146,0.81,0.0,M1368287033,0.0,0.0,0,0.0,0
259,CASH_OUT,505.24,C8180620422,462.44,0.0,C9514255777,40.92,40.92,1,0.02666666666666667,0
504,DEBIT,104.67,C9922723063,481.66,376.99,M8058679999,0.0,0.0,0,0.02666666666666667,0
15,CASH_OUT,1.0,C3849232839,0.0,0.0,C1340272119,0.0,0.0,0,0.006666666666666667,0
272,PAYMENT,2.03,C3142452709,16.83,14.8,M5869990861,0.0,0.0,0,0.0,0
336,CASH_IN,6080.47,C8841851495,1131.6,7212.07,C9533595495,11.9,11.9,0,0.0,0
621,TRANSFER,3205.63,C4574027737,4374.75,1169.12,C7431813987,0.0,0.0,1,0.31333333333333335,0
54,PAYMENT,2.75,C5092199300,297.06,294.31,M4093474499,0.0,0.0,0,0.0,0
314,PAYMENT,19579.52,C6613888489,37237.62,17658.1,M9441870024,0.0,0.0,0,0.0,0
400,PAYMENT,1.0,C1547374338,0.0,0.0,M4588312351,0.0,0.0,0,0.0,0
209,TRANSFER,1898.78,C1322401182,2610.99,712.21,C4097887746,731.12,731.12,1,0.0033333333333333335,0
478,PAYMENT,1.88,C5569295400,5.93,4.05,M9921025990,0.0,0.0,0,0.0,0
410,DEBIT,383.86,C1225052083,1121.28,737.42,M4641902461,0.0,0.0,0,0.02666666666666667,0
246,PAYMENT,52.71,C9919491730,87.64,34.93,M6498703287,0.0,0.0,0,0.0,0
430,CASH_OUT,2634.55,C5381866906,8113.15,5478.6,C5789617427,0.0,0.0,0,0.03,0
624,CASH_OUT,12474.82,C1306702926,15550.28,3075.46,M3469205576,0.0,0.0,1,0.02,0
417,PAYMENT,2.61,C5778781449,4.59,1.98,M3107992942,0.0,0.0,0,0.0,0
123,TRANSFER,466.06,C2224336336,452.25,0.0,M1257854279,0.0,0.0,1,0.21666666666666667,0
258,PAYMENT,5.4,C4325878813,5.82,0.42,M4689605624,0.0,0.0,0,0.0,0
156,PAYMENT,1.0,C2242377075,0.78,0.0,M1257854279,0.0,0.0,0,0.0,0
144,TRANSFER,1.0,C1558631501,0.0,0.0,C1939042955,698.24,699.24,0,0.013333333333333334,0
613,TRANSFER,950.39,C8543865915,1182.3,231.91,C7818568548,0.0,0.0,1,0.16333333333333333,0
655,TRANSFER,554.28,C9759180824,749.03,194.75,M9581187661,0.0,0.0,1,0.12,0
463,CASH_OUT,23.67,C1817804383,31.78,8.11,C5759272717,35.96,35.96,0,0.04666666666666667,0
637,CASH_OUT,1.0,C8373547961,0.0,0.0,C2780136605,315.46,315.46,0,0.05,0
551,CASH_IN,38304.83,C1375899416,132.03,38436.86,C5067116918,521.39,521.39,0,0.0,0
39,TRANSFER,168.45,C6640801643,192.56,24.11,C8055556030,203.82,372.27,0,0.0033333333333333335,0
665,PAYMENT,6.82,C7499349987,11.29,4.47,M9065458220,0.0,0.0,0,0.0,0
128,DEBIT,553.91,C5837082260,854.6,300.69,M8325043570,0.0,0.0,0,0.01,0
85,CASH_OUT,579.69,C6115750294,608.25,28.56,C8833399096,0.0,0.0,1,0.0033333333333333335,0
306,PAYMENT,30.17,C4145461251,47.91,17.74,M4125758723,0.0,0.0,0,0.0,0
619,PAYMENT,1.0,C8316648259,0.0,0.0,M1811839103,0.0,0.0,0,0.0,0
514,CASH_OUT,2283.54,C1707196784,2412.42,128.88,M4460319291,0.0,0.0,1,0.03666666666666667,0
638,TRANSFER,9995.45,C2050340486,33981.77,23986.32,C3776011793,9.56,10005.01,0,0.006666666666666667,0
445,TRANSFER,84335.75,C6618926823,103590.15,19254.4,M7343954769,0.0,0.0,1,0.3,0
218,PAYMENT,1.0,C9248046539,0.0,0.0,M9288057824,0.0,0.0,0,0.0,0
495,PAYMENT,29.94,C1288765093,70.33,40.39,M7651029165,0.0,0.0,0,0.0,0
582,TRANSFER,1.0,C1546696950,0.0,0.0,C5625411308,0.0,1.0,0,0.23,0
185,PAYMENT,1.0,C2960488639,0.0,0.0,M4035639663,0.0,0.0,0,0.0,0
144,CASH_OUT,1434.62,C6102144947,1458.89,24.27,C6583444930,0.0,0.0,1,0.0033333333333333335,0
703,TRANSFER,293.12,C8208584394,288.7,0.0,M1240140248,0.0,0.0,1,0.23,0
544,PAYMENT,72.2,C2067970820,117.87,45.67,M1802753761,0.0,0.0,0,0.0,0
175,TRANSFER,393.18,C9786748825,407.82,14.64,C2515672889,9637.47,9637.47,1,0.0,0
553,PAYMENT,1.0,C8493451569,0.0,0.0,M9043367776,0.0,0.0,0,0.0,0
65,PAYMENT,32.54,C2950049698,57.7,25.16,M7532669066,0.0,0.0,0,0.0,0
214,CASH_OUT,2.19,C8313706299,6.0,3.81,C5879617459,38.88,38.88,0,0.0,0
1,TRANSFER,232.89,C7242730249,259.27,26.38,M8144889126,0.0,0.0,1,0.15666666666666668,0
628,CASH_OUT,3339.6,C8719734235,2925.2,0.0,M9921025990,0.0,0.0,1,0.19,0
577,TRANSFER,1.0,C6491309593,0.0,0.0,C4752171298,1141.05,1142.05,0,0.08,0
674,CASH_IN,8555.61,C2173242669,9502.09,18057.7,C3297096148,0.0,0.0,0,0.0,0
608,CASH_OUT,1.0,C4735334423,0.0,0.0,C2867302554,26.22,26.22,0,0.05333333333333334,0
64,PAYMENT,6481.77,C2476831585,508225.62,501743.85,M6845287382,0.0,0.0,0,0.0,0
493,TRANSFER,1.57,C6534540349,2.82,1.25,C1408988968,18.28,19.85,0,0.15333333333333332,0
3,TRANSFER,960.4,C9333490239,1289.77,329.37,M7948094928,0.0,0.0,1,0.11,0
97,CASH_OUT,2222.4,C4538382315,2442.73,220.33,C6619138852,0.0,0.0,1,0.0,0
476,CASH_OUT,52677.81,C3691864041,77013.88,24336.07,C3651552513,7.92,7.92,0,0.013333333333333334,0
24,PAYMENT,9.44,C3479708607,11.01,1.57,M3605446007,0.0,0.0,0,0.0,0
528,TRANSFER,1.0,C4895020135,0.0,0.0,C3400244542,12581.06,12582.06,0,0.0033333333333333335,0
372,CASH_OUT,185.76,C5419627962,181.59,0.0,C1809283659,35.98,35.98,1,0.03333333333333333,0
521,TRANSFER,775.03,C1039887139,679.97,0.0,M9773795424,0.0,0.0,1,0.25666666666666665,0
618,TRANSFER,5015.58,C7266763552,4771.7,0.0,M2156184315,0.0,0.0,1,0.9633333333333334,1
48,TRANSFER,4.78,C5861829469,8.0,3.22,C8039917766,233.79,238.57,0,0.006666666666666667,0
632,PAYMENT,1.51,C7415801613,4.85,3.34,M4460319291,0.0,0.0,0,0.0,0
377,CASH_IN,63799.42,C7628981661,317.4,64116.82,C6596578419,2.44,2.44,0,0.0,0
537,CASH_IN,6842.52,C6572436051,0.0,6842.52,C1977515194,664.03,664.03,0,0.0,0
168,TRANSFER,1.0,C9303285822,0.0,0.0,C2554039848,3.44,4.44,0,0.21333333333333335,0
297,CASH_OUT,11766.03,C3400244542,12582.06,816.03,C7340498236,4.5,4.5,1,0.013333333333333334,0
513,PAYMENT,1.0,C2409274786,0.0,0.0,M8458323087,0.0,0.0,0,0.0,0
282,CASH_OUT,8332.87,C6715961218,44963.46,36630.59,C8243746556,3118.39,3118.39,0,0.0,0
649,TRANSFER,2695.25,C8318855178,3091.07,395.82,M6606958660,0.0,0.0,1,0.2966666666666667,0
255,PAYMENT,1.0,C2458198451,0.0,0.0,M7969674420,0.0,0.0,0,0.0,0
490,TRANSFER,887.6,C2752536389,798.79,0.0,M7351460539,0.0,0.0,1,0.4033333333333333,0
706,TRANSFER,114.5,C1173215225,126.51,12.01,M5564953924,0.0,0.0,1,0.17666666666666667,0
374,TRANSFER,675.85,C5184564874,619.45,0.0,C6640801643,24.11,699.96,1,0.08333333333333333,0
715,CASH_OUT,372.83,C9333490239,329.37,0.0,C8285786023,0.82,0.82,1,0.07333333333333333,0
355,CASH_OUT,1.0,C3910678913,0.0,0.0,C4590711152,18.99,18.99,0,0.02,0
645,TRANSFER,2332.32,C1862812038,2208.96,0.0,M9026301048,0.0,0.0,1,0.9066666666666666,1
277,TRANSFER,98.34,C3965676060,121.5,23.16,C5310195918,180.17,278.51,0,0.006666666666666667,0
162,PAYMENT,9.71,C2224363672,17.21,7.5,M3534186676,0.0,0.0,0,0.0,0
681,TRANSFER,2806.73,C2327372855,2656.56,0.0,M1306420495,0.0,0.0,1,0.87,1
463,TRANSFER,3207.73,C4419410162,4258.17,1050.44,M3595066420,0.0,0.0,1,0.2866666666666667,0
610,PAYMENT,1.0,C9860949331,0.0,0.0,M5869990861,0.0,0.0,0,0.0,0
551,PAYMENT,1.0,C2586568081,0.0,0.0,M1343875431,0.0,0.0,0,0.0,0
172,PAYMENT,1.0,C8691288568,0.0,0.0,M9773795424,0.0,0.0,0,0.0,0
664,CASH_OUT,508.42,C2076151332,715.1,206.68,C2464137110,40.85,40.85,1,0.02,0
393,CASH_OUT,296.46,C6320115677,257.91,0.0,M6284297249,0.0,0.0,1,0.056666666666666664,0
374,TRANSFER,727.97,C8901585274,1384.8,656.83,C1515024824,0.0,727.97,0,0.006666666666666667,0
8,PAYMENT,1.0,C6458544482,0.0,0.0,M8443061472,0.0,0.0,0,0.0,0
23,CASH_IN,1062.61,C7887950851,11.83,1074.44,C7467073633,10247.05,10247.05,0,0.0,0
592,CASH_OUT,187.24,C2948728483,190.38,3.14,M6744039057,0.0,0.0,1,0.05333333333333334,0
676,PAYMENT,16.84,C2072355594,24.4,7.56,M3960136787,0.0,0.0,0,0.0,0
544,TRANSFER,723.33,C7949795085,842.18,118.85,C2866092821,0.0,0.0,1,0.18666666666666668,0
579,TRANSFER,985.1,C8012696455,1222.88,237.78,M2695447268,0.0,0.0,1,0.16333333333333333,0
217,CASH_OUT,1.0,C3821211202,0.0,0.0,C1484664056,0.0,0.0,0,0.013333333333333334,0
267,TRANSFER,1.0,C6937704752,0.0,0.0,C4361393222,0.0,1.0,0,0.23333333333333334,0
133,CASH_OUT,1690.67,C6311894154,2107.81,417.14,C2181241943,5953.61,5953.61,1,0.0,0
335,DEBIT,60.04,C9094089209,156.7,96.66,M7351460539,0.0,0.0,0,0.02,0
555,TRANSFER,2080.75,C6102144947,2674.09,593.34,C1600566083,0.08,0.08,1,0.2966666666666667,0
642,CASH_OUT,1.0,C4524233168,0.0,0.0,C7070083150,395.11,395.11,0,0.05333333333333334,0
692,TRANSFER,593.74,C7389111087,742.16,148.42,M1413599241,0.0,0.0,1,0.14666666666666667,0
395,DEBIT,4904.72,C9894264595,33082.44,28177.72,M2555936898,0.0,0.0,0,0.013333333333333334,0
435,TRANSFER,4207.68,C3293560436,4771.06,563.38,M7951820749,0.0,0.0,1,0.2966666666666667,0
64,TRANSFER,3877.21,C5625411308,3347.07,0.0,M2916502228,0.0,0.0,1,0.8333333333333334,1
474,PAYMENT,21853.66,C7568980185,74511.68,52658.02,M6495967005,0.0,0.0,0,0.0,0
399,PAYMENT,1.43,C3144490990,1.92,0.49,M5270048042,0.0,0.0,0,0.0,0
317,PAYMENT,1135.9,C7640078465,1940.48,804.58,M7678293431,0.0,0.0,0,0.0,0
661,PAYMENT,10498.29,C3362646960,32434.92,21936.63,M6384311581,0.0,0.0,0,0.0,0
546,PAYMENT,47.17,C9903351330,91.9,44.73,M8861351706,0.0,0.0,0,0.0,0
30,PAYMENT,248.31,C2812140441,381.07,132.76,M3223687972,0.0,0.0,0,0.0,0
5,CASH_OUT,4076.49,C5187948804,4181.33,104.84,C4668931881,0.0,0.0,1,0.02,0
54,TRANSFER,152461.59,C4586139213,148055.92,0.0,C4633987776,1191.53,1191.53,1,0.29,0
375,CASH_OUT,1.0,C5184564874,0.0,0.0,C6804850108,5.59,5.59,0,0.023333333333333334,0
395,PAYMENT,1.0,C5898890707,0.0,0.0,M8058679999,0.0,0.0,0,0.0,0
530,CASH_OUT,4.36,C2099184899,6.76,2.4,C1005502537,102.95,102.95,0,0.03666666666666667,0
98,CASH_OUT,50.26,C7430757004,132.12,81.86,C5028688786,1.0,1.0,0,0.0033333333333333335,0
198,PAYMENT,1.0,C1600566083,0.08,0.0,M8626371177,0.0,0.0,0,0.0,0
277,PAYMENT,136.2,C8901585274,656.83,520.63,M8102481401,0.0,0.0,0,0.0,0
301,PAYMENT,10457.23,C8351491401,38144.38,27687.15,M5815678365,0.0,0.0,0,0.0,0
127,CASH_IN,39274.25,C4130305126,0.0,39274.25,C6596578419,2.44,2.44,0,0.0,0
321,CASH_OUT,4550.64,C8441393731,4655.66,105.02,C2139027119,0.0,0.0,1,0.01,0
100,CASH_OUT,5458.53,C2320763135,4663.38,0.0,M5990749811,0.0,0.0,1,0.04,0
291,TRANSFER,2408.09,C6929897032,2607.45,199.36,M7537130187,0.0,0.0,1,0.19333333333333333,0
590,PAYMENT,429.45,C4633257620,1234.5,805.05,M4820942294,0.0,0.0,0,0.0,0
706,PAYMENT,1.0,C7979466538,0.0,0.0,M7453081889,0.0,0.0,0,0.0,0
51,DEBIT,6.11,C3003484425,11.95,5.84,M1185303518,0.0,0.0,0,0.02,0
497,PAYMENT,82.12,C8178927766,88.79,6.67,M3536590481,0.0,0.0,0,0.0,0
568,CASH_OUT,1.0,C2579206999,0.0,0.0,C5184564874,0.0,0.0,0,0.06333333333333334,0
70,CASH_OUT,1.0,C8719734235,0.0,0.0,C2753617371,0.0,0.0,0,0.006666666666666667,0
609,TRANSFER,1.0,C6822870815,0.0,0.0,C1439921366,15.72,16.72,0,0.20333333333333334,0
640,CASH_OUT,282.02,C3694860228,133250.79,132968.77,C9503597301,16.47,16.47,0,0.01,0
4,CASH_IN,87433.29,C9697414638,6186.36,93619.65,C2854772804,0.0,0.0,0,0.0033333333333333335,0
136,TRANSFER,24591.69,C6773938304,20826.04,0.0,M3072183247,0.0,0.0,1,0.6966666666666667,1
560,PAYMENT,1.0,C4361393222,1.0,0.0,M1694904767,0.0,0.0,0,0.0,0
86,CASH_IN,100.38,C4600630513,5.6,105.98,C1674555072,0.0,0.0,0,0.0033333333333333335,0
16,PAYMENT,434.4,C4026379752,656.61,222.21,M2571632270,0.0,0.0,0,0.0,0
215,PAYMENT,1.0,C9546021691,1.0,0.0,M8325043570,0.0,0.0,0,0.0,0
453,PAYMENT,1.0,C3869963931,0.0,0.0,M1908459040,0.0,0.0,0,0.0,0
274,DEBIT,16.11,C3781569954,26.38,10.27,M4908108692,0.0,0.0,0,0.02,0
308,TRANSFER,935.52,C3971203213,804.6,0.0,C8134112721,923.2,923.2,1,0.05333333333333334,0
273,CASH_OUT,1.0,C5667503195,0.0,0.0,C1855256552,1132.84,1132.84,0,0.01,0
459,TRANSFER,1534.73,C4102821948,1845.44,310.71,C5696548897,0.0,1534.73,1,0.06666666666666667,0
196,TRANSFER,83.97,C2064803502,106.94,22.97,M7570511906,0.0,0.0,1,0.16333333333333333,0
349,CASH_IN,58855.89,C4322510552,0.0,58855.89,C9851745648,0.0,0.0,0,0.0,0
365,PAYMENT,1.0,C7417183769,0.0,0.0,M5714658227,0.0,0.0,0,0.0,0
700,PAYMENT,1.0,C6947080764,0.0,0.0,M8667946580,0.0,0.0,0,0.0,0
341,PAYMENT,1.0,C5569145346,1.2,0.2,M2391874847,0.0,0.0,0,0.0,0
381,CASH_OUT,1.0,C4037867512,0.0,0.0,C8497938394,930.76,930.76,0,0.013333333333333334,0
75,TRANSFER,1.0,C9035194895,0.0,0.0,C4683935600,142.1,143.1,0,0.05,0
485,CASH_OUT,89.63,C6720396142,166.55,76.92,C5625342041,31.69,31.69,0,0.03666666666666667,0
505,TRANSFER,1.0,C5033992825,0.0,0.0,C3476426797,0.64,1.64,0,0.22333333333333333,0
452,TRANSFER,3322.57,C4239406957,3175.23,0.0,M4306983924,0.0,0.0,1,0.8966666666666666,1
685,TRANSFER,1.0,C9553561889,0.0,0.0,C9147687657,0.0,1.0,0,0.22,0
38,TRANSFER,1.0,C2052811909,0.0,0.0,C7166868574,222.4,223.4,0,0.04666666666666667,0
290,PAYMENT,1.0,C3127657643,0.0,0.0,M2571632270,0.0,0.0,0,0.0,0
618,PAYMENT,855.18,C9411532909,1741.79,886.61,M9773795424,0.0,0.0,0,0.0,0
74,PAYMENT,1.0,C3412365931,0.0,0.0,M1306420495,0.0,0.0,0,0.0,0
661,PAYMENT,10.58,C9533595495,11.9,1.32,M4896576569,0.0,0.0,0,0.0,0
404,TRANSFER,68.72,C5871743247,237.3,168.58,C6720572969,81.03,149.75,0,0.02,0
216,PAYMENT,351.91,C2627677155,799.76,447.85,M2328736852,0.0,0.0,0,0.0,0
84,PAYMENT,6891.43,C7801948900,77243.83,70352.4,M8858274691,0.0,0.0,0,0.0,0
712,CASH_OUT,4223.62,C8584566722,16674.84,12451.22,C2602884797,0.0,0.0,0,0.02,0
523,TRANSFER,1.0,C9147687657,1.0,0.0,C1546696950,0.0,1.0,0,0.22333333333333333,0
19,PAYMENT,6.76,C9229469952,9.72,2.96,M9288057824,0.0,0.0,0,0.0,0
645,PAYMENT,76.45,C6554972315,131.27,54.82,M7341757401,0.0,0.0,0,0.0,0
669,TRANSFER,1.0,C6892752604,0.0,0.0,C5407856339,0.0,1.0,0,0.22,0
549,PAYMENT,1.0,C5403510324,0.0,0.0,M6199197408,0.0,0.0,0,0.0,0
394,TRANSFER,3139.68,C5307145891,3331.51,191.83,M8235474949,0.0,0.0,1,0.22333333333333333,0
412,PAYMENT,1623.08,C2479679716,6015.82,4392.74,M8768773991,0.0,0.0,0,0.0,0
391,PAYMENT,1.0,C6340003593,0.0,0.0,M9977193987,0.0,0.0,0,0.0,0
117,PAYMENT,1904.61,C8215470878,70207.79,68303.18,M7341757401,0.0,0.0,0,0.0,0
29,PAYMENT,275.55,C8507497883,304.63,29.08,M4665677395,0.0,0.0,0,0.0,0
42,CASH_OUT,19.77,C4274374218,58.33,38.56,C1112794026,0.0,0.0,0,0.0,0
6,CASH_OUT,386.44,C6496933442,424.57,38.13,C8046300793,7.66,7.66,1,0.006666666666666667,0
627,CASH_OUT,1650.67,C5694190173,1660.07,9.4,M6606958660,0.0,0.0,1,0.03666666666666667,0
383,TRANSFER,3848.83,C7340498236,3841.41,0.0,C4398953973,6584.12,6584.12,1,0.013333333333333334,0
420,PAYMENT,9650.53,C2075413763,10759.22,1108.69,M7340036327,0.0,0.0,0,0.0,0
473,PAYMENT,637.33,C5476654128,1457.9,820.57,M1694904767,0.0,0.0,0,0.0,0
94,TRANSFER,1592.36,C1834624758,1953.31,360.95,C6929897032,199.36,1791.72,1,0.006666666666666667,0
409,CASH_OUT,1.0,C4518871744,0.0,0.0,C1696846464,161.57,161.57,0,0.05333333333333334,0
223,CASH_OUT,22.17,C7127904756,33.09,10.92,C5310195918,278.51,278.51,0,0.0,0
626,CASH_IN,90752.08,C2079501936,109.74,90861.82,C5724657556,121.54,121.54,0,0.0,0
210,CASH_OUT,2971.28,C1626733282,3626.23,654.95,C1494287462,145.98,145.98,1,0.0,0
526,PAYMENT,1.0,C2407863065,0.0,0.0,M6992094064,0.0,0.0,0,0.0,0
689,TRANSFER,1.0,C7473868020,0.0,0.0,C9409682410,1197.61,1198.61,0,0.07,0
549,TRANSFER,4.81,C7059726570,51.92,47.11,C1225953184,1.0,5.81,0,0.16666666666666666,0
22,TRANSFER,59.06,C4026379752,222.21,163.15,C9147736635,2.44,61.5,0,0.08,0
403,TRANSFER,220.22,C8527715219,246.8,26.58,C8684942020,542.89,763.11,0,0.01,0
176,PAYMENT,1.0,C7292376027,0.0,0.0,M2910594463,0.0,0.0,0,0.0,0
507,CASH_OUT,65.4,C3878719791,72.49,7.09,C2050340486,23986.32,23986.32,0,0.013333333333333334,0
92,DEBIT,24.68,C7472806994,55.77,31.09,M1368287033,0.0,0.0,0,0.016666666666666666,0
153,TRANSFER,1.0,C6611356986,0.0,0.0,C9546021691,0.0,1.0,0,0.21666666666666667,0
180,CASH_IN,80345.5,C3108307952,0.5,80346.0,C1594312071,665.63,665.63,0,0.0,0
128,PAYMENT,181.28,C6691628146,52448.61,52267.33,M1343875431,0.0,0.0,0,0.0,0
348,CASH_OUT,5068.95,C8624454880,4487.03,0.0,C3693985578,47.8,47.8,1,0.11,0
580,CASH_OUT,3725.95,C7556078550,3262.35,0.0,C9844874547,104.66,104.66,1,0.18333333333333332,0
117,CASH_OUT,1156.32,C8382963909,1223.19,66.87,M2187592160,0.0,0.0,1,0.0,0
538,TRANSFER,747.33,C6306523372,974.62,227.29,C2525930586,435.9,435.9,1,0.06666666666666667,0
159,CASH_IN,22054.67,C6477862024,0.0,22054.67,C7483366056,0.0,0.0,0,0.0,0
615,CASH_OUT,118.91,C8168204967,283.46,164.55,C8867077130,31.03,31.03,0,0.03333333333333333,0
116,TRANSFER,155.97,C1459442845,136.17,0.0,M8858274691,0.0,0.0,1,0.23,0
680,TRANSFER,4127.34,C5275521470,3770.33,0.0,C8239941612,0.0,0.0,1,0.8966666666666666,1
144,CASH_OUT,5.64,C8015124886,17.6,11.96,C6178804925,18504.83,18504.83,0,0.0,0
619,PAYMENT,1.0,C8719734235,0.0,0.0,M8643636805,0.0,0.0,0,0.0,0
699,TRANSFER,3343.27,C5130589741,3540.44,197.17,C3550908958,11979.75,11979.75,1,0.006666666666666667,0
536,PAYMENT,53.21,C8763140509,91.4,38.19,M2249831874,0.0,0.0,0,0.0,0
7,DEBIT,1.0,C1643611097,0.0,0.0,M6199197408,0.0,0.0,0,0.023333333333333334,0
102,PAYMENT,167.89,C4538382315,220.33,52.44,M8548290298,0.0,0.0,0,0.0,0
619,PAYMENT,1.0,C3479708607,1.57,0.57,M1343875431,0.0,0.0,0,0.0,0
120,CASH_OUT,3.02,C8325222092,11.68,8.66,C1952396600,36.37,36.37,0,0.0,0
678,CASH_OUT,1.0,C1546696950,1.0,0.0,C5819946657,53.0,53.0,0,0.04666666666666667,0
659,TRANSFER,5260.7,C2479679716,4392.74,0.0,C5728897164,0.0,0.0,1,0.9533333333333334,1
542,TRANSFER,4102.59,C8666074487,6784.31,2681.72,C9434946584,0.18,4102.77,0,0.05,0
476,PAYMENT,135.58,C5183211669,1078.37,942.79,M2695447268,0.0,0.0,0,0.0,0
52,TRANSFER,3412.43,C5612645121,3831.94,419.51,M2869931869,0.0,0.0,1,0.19333333333333333,0
80,PAYMENT,1.0,C3479708607,0.57,0.0,M4865979921,0.0,0.0,0,0.0,0
654,CASH_IN,98827.13,C9922723063,376.99,99204.12,C7608153267,335.84,335.84,0,0.0,0
343,CASH_OUT,2879.03,C1955345537,2858.5,0.0,C7937993287,62.5,62.5,1,0.10333333333333333,0
462,PAYMENT,1.0,C2351531223,0.0,0.0,M3438830691,0.0,0.0,0,0.0,0
75,PAYMENT,2452.75,C8243746556,3118.39,665.64,M9752092528,0.0,0.0,0,0.0,0
537,TRANSFER,1.0,C2254516608,0.0,0.0,C8160279830,783.84,784.84,0,0.08,0
687,PAYMENT,26.49,C8831899893,88.06,61.57,M3508990774,0.0,0.0,0,0.0,0
36,PAYMENT,895.12,C8270110908,2016.27,1121.15,M8443061472,0.0,0.0,0,0.0,0
360,CASH_OUT,2909.33,C6837342064,2613.18,0.0,C9860949331,0.0,0.0,1,0.14333333333333334,0
66,PAYMENT,231.1,C6311894154,417.14,186.04,M2303835765,0.0,0.0,0,0.0,0
351,PAYMENT,3.73,C2812140441,132.76,129.03,M6763471833,0.0,0.0,0,0.0,0
648,PAYMENT,499.09,C4633987776,1191.53,692.44,M6200141898,0.0,0.0,0,0.0,0
128,TRANSFER,492.13,C8934927891,442.11,0.0,M8325043570,0.0,0.0,1,0.21,0
599,PAYMENT,13.25,C2145921803,34.26,21.01,M6275155878,0.0,0.0,0,0.0,0
1,DEBIT,240.44,C7645527239,282.13,41.69,M4665677395,0.0,0.0,0,0.023333333333333334,0
117,PAYMENT,4899.08,C3051831252,14431.17,9532.09,M9640701016,0.0,0.0,0,0.0,0
145,TRANSFER,467.27,C4693510920,544.99,77.72,M2695447268,0.0,0.0,1,0.15666666666666668,0
345,PAYMENT,13.4,C9830946410,29.65,16.25,M8030400668,0.0,0.0,0,0.0,0
488,CASH_OUT,1145.35,C9303765140,1151.73,6.38,C2627677155,447.85,447.85,1,0.08666666666666667,0
584,CASH_OUT,15327.43,C8995970241,26728.26,11400.83,C8684026200,0.0,0.0,0,0.016666666666666666,0
193,PAYMENT,537.01,C4143852021,640.44,103.43,M1122712790,0.0,0.0,0,0.0,0
627,PAYMENT,4.38,C5212581851,5.11,0.73,M8443061472,0.0,0.0,0,0.0,0
593,TRANSFER,1.0,C7451071432,0.0,0.0,C8199372599,5.86,6.86,0,0.2,0
682,CASH_OUT,8347.41,C3958590550,9084.1,736.69,M1458227039,0.0,0.0,1,0.023333333333333334,0
228,PAYMENT,1.0,C4361393222,0.0,0.0,M9026301048,0.0,0.0,0,0.0,0
350,DEBIT,1.0,C4386667704,0.0,0.0,M5694439775,0.0,0.0,0,0.04,0
127,PAYMENT,143.58,C8907752604,35757.89,35614.31,M5194066484,0.0,0.0,0,0.0,0
422,PAYMENT,1.0,C3725152347,0.0,0.0,M6744039057,0.0,0.0,0,0.0,0
650,TRANSFER,2207.0,C1870644102,2522.01,315.01,C3758823240,45.43,45.43,1,0.26,0
627,CASH_OUT,11.58,C4590711152,18.99,7.41,C2139078760,0.0,0.0,0,0.03333333333333333,0
373,CASH_OUT,1.0,C4039019230,0.0,0.0,C8325222092,8.66,8.66,0,0.023333333333333334,0
554,CASH_OUT,39.12,C2176904638,164.75,125.63,C7333316743,1068.29,1068.29,0,0.02666666666666667,0
574,CASH_OUT,2497.66,C9660523876,3007.41,509.75,M2136107759,0.0,0.0,1,0.023333333333333334,0
303,PAYMENT,10.25,C6092773357,14.12,3.87,M5564953924,0.0,0.0,0,0.0,0
406,TRANSFER,2039.72,C8151583833,2164.48,124.76,M1083302600,0.0,0.0,1,0.31,0
592,TRANSFER,1.0,C1799718923,0.0,0.0,C2620054076,313.48,314.48,0,0.10333333333333333,0
309,PAYMENT,6072.48,C6043349038,11787.09,5714.61,M6786043791,0.0,0.0,0,0.0,0
286,CASH_OUT,1.0,C9370133343,0.0,0.0,C6358023411,82.81,82.81,0,0.013333333333333334,0
538,CASH_OUT,3869.93,C2439622619,14634.65,10764.72,C8012696455,237.78,237.78,0,0.0033333333333333335,0
249,TRANSFER,7.5,C6161147047,13.14,5.64,C4231729466,766.37,773.87,0,0.01,0
262,DEBIT,62.7,C1667779376,86.59,23.89,M8869140487,0.0,0.0,0,0.02,0
31,TRANSFER,210.49,C1288335378,289.86,79.37,C1725783958,2.12,212.61,0,0.06,0
209,TRANSFER,1.71,C8178361487,3.71,2.0,C7568980185,52658.02,52659.73,0,0.0,0
707,CASH_OUT,1.0,C2579206999,0.0,0.0,C9704383251,103.32,103.32,0,0.05,0
72,TRANSFER,330.22,C7608153267,335.84,5.62,M3369412470,0.0,0.0,1,0.16666666666666666,0
39,PAYMENT,2683.88,C6761084958,5863.11,3179.23,M1185303518,0.0,0.0,0,0.0,0
687,PAYMENT,1.0,C7249213370,0.0,0.0,M7678293431,0.0,0.0,0,0.0,0
587,CASH_OUT,1514.24,C5735817014,2413.75,899.51,C3057629778,9.12,9.12,0,0.023333333333333334,0
43,CASH_OUT,230.57,C4880176825,258.12,27.55,M9098037639,0.0,0.0,1,0.0,0
548,CASH_OUT,1353.74,C6645808194,1520.7,166.96,C8987073217,1.61,1.61,1,0.03,0
601,TRANSFER,19938.82,C3691864041,24336.07,4397.25,M5714658227,0.0,0.0,1,0.32666666666666666,0
577,TRANSFER,472.41,C5785481124,1057.18,584.77,C3965676060,23.16,495.57,0,0.06,0
105,PAYMENT,9.37,C7838460497,11.8,2.43,M7750131975,0.0,0.0,0,0.0,0
657,PAYMENT,8.18,C4776436931,14.65,6.47,M6659847491,0.0,0.0,0,0.0,0
333,PAYMENT,1.0,C9539945315,0.0,0.0,M4329446784,0.0,0.0,0,0.0,0
107,CASH_OUT,4280.0,C7635473142,3649.19,0.0,C1664847319,875.32,875.32,1,0.03333333333333333,0
31,CASH_OUT,384.0,C4067961943,372.0,0.0,C2317723211,95.21,95.21,1,0.013333333333333334,0
289,PAYMENT,2103.01,C5952894290,14087.22,11984.21,M4456193555,0.0,0.0,0,0.0,0
604,CASH_OUT,259.33,C8953726023,412.22,152.89,C5710360983,526.12,526.12,0,0.03,0
371,TRANSFER,1.0,C2843567009,0.0,0.0,C6732648420,10143.84,10144.84,0,0.0,0
562,CASH_OUT,9.22,C3553440342,12.94,3.72,C1553753599,11794.76,11794.76,0,0.01,0
286,PAYMENT,3.15,C9579064478,6.62,3.47,M6865994703,0.0,0.0,0,0.0,0
405,PAYMENT,138.18,C3894673596,595.56,457.38,M6525576685,0.0,0.0,0,0.0,0
390,TRANSFER,365.47,C4102821948,310.71,0.0,C3965572185,0.0,0.0,1,0.23,0
709,TRANSFER,774.73,C5763350700,892.75,118.02,C7420493866,0.0,774.73,0,0.04666666666666667,0
362,PAYMENT,5832.05,C8458717057,7067.18,1235.13,M8138332494,0.0,0.0,0,0.0,0
585,TRANSFER,4368.94,C5759272717,3678.76,0.0,M8389750357,0.0,0.0,1,0.9466666666666667,1
669,PAYMENT,1.0,C7471636437,0.0,0.0,M6384311581,0.0,0.0,0,0.0,0
44,PAYMENT,1.0,C8086684009,0.0,0.0,M1888107487,0.0,0.0,0,0.0,0
702,CASH_OUT,1005.85,C6947080764,931.76,0.0,C7022683808,1.41,1.41,1,0.20333333333333334,0
276,CASH_OUT,245.19,C4972536230,264.24,19.05,C1691293717,52.05,52.05,1,0.01,0
87,TRANSFER,1149.67,C6642201119,1442.21,292.54,C3188382776,158.64,158.64,1,0.023333333333333334,0
115,TRANSFER,47.05,C8370987661,1893.2,1846.15,C4693510920,77.72,124.77,0,0.06666666666666667,0
421,PAYMENT,13312.48,C9019515562,90727.17,77414.69,M1802753761,0.0,0.0,0,0.0,0
436,CASH_OUT,1.0,C1662259333,0.0,0.0,C3169561289,119.71,119.71,0,0.08333333333333333,0
400,TRANSFER,73.14,C2801177461,89.34,16.2,M4588312351,0.0,0.0,1,0.16333333333333333,0
443,CASH_OUT,2758.09,C6206015111,3096.19,338.1,C3412273600,1492.81,1492.81,1,0.04666666666666667,0
439,CASH_OUT,21566.22,C3185089287,166724.41,145158.19,C4503614567,368.9,368.9,0,0.0,0
53,CASH_IN,118316.83,C9943959352,5.46,118322.29,C6242173772,2.37,2.37,0,0.0,0
112,PAYMENT,1.0,C3664052763,0.0,0.0,M2155671697,0.0,0.0,0,0.0033333333333333335,0
323,TRANSFER,25.89,C2377246195,109.96,84.07,C2625792787,633.94,659.83,0,0.006666666666666667,0
242,PAYMENT,7.43,C1094115188,8.89,1.46,M3690714075,0.0,0.0,0,0.0,0
470,CASH_OUT,2002.02,C1487258103,2053.36,51.34,M9752092528,0.0,0.0,1,0.09333333333333334,0
282,TRANSFER,2850.88,C8453283834,3506.67,655.79,C3639796200,3.08,3.08,1,0.21666666666666667,0
633,CASH_OUT,1.0,C1207916194,1.32,0.32,C7750819485,350.91,350.91,0,0.05,0
295,CASH_OUT,215.2,C5943324387,246.63,31.43,M9640701016,0.0,0.0,1,0.01,0
239,TRANSFER,2485.99,C3987248494,2571.5,85.51,C7287517250,5.48,5.48,1,0.32666666666666666,0
9,TRANSFER,1388.88,C5212581851,1848.32,459.44,C9630522755,438.96,438.96,1,0.0,0
523,PAYMENT,28.93,C9155819200,56.2,27.27,M5315720088,0.0,0.0,0,0.0,0
274,TRANSFER,19509.22,C7016293621,22434.0,2924.78,C7801948900,70352.4,89861.62,0,0.0,0
59,PAYMENT,58.81,C6963052185,109.76,50.95,M9441870024,0.0,0.0,0,0.0,0
226,CASH_IN,19860.86,C4302632494,0.0,19860.86,C8180620422,0.0,0.0,0,0.0,0
389,TRANSFER,65.41,C1139082827,140.03,74.62,C4949801453,19253.57,19318.98,0,0.0,0
254,CASH_OUT,11.47,C7664258343,14.16,2.69,C1662976399,0.0,0.0,0,0.02,0
53,CASH_OUT,1.0,C4203205881,0.0,0.0,C8318855178,395.82,395.82,0,0.0033333333333333335,0
109,TRANSFER,1.0,C5625411308,0.0,0.0,C3297096148,0.0,1.0,0,0.22666666666666666,0
185,TRANSFER,1.0,C1045302356,0.0,0.0,C1981049082,0.0,1.0,0,0.23333333333333334,0
65,CASH_OUT,59.16,C3045102506,72.07,12.91,C7568980185,52659.73,52659.73,1,0.006666666666666667,0
408,TRANSFER,1213.08,C7627266377,1605.12,392.04,C9621419224,0.0,0.0,1,0.15,0
142,CASH_OUT,117.7,C1707196784,128.88,11.18,C8453283834,655.79,655.79,1,0.023333333333333334,0
43,PAYMENT,1.0,C4159699467,0.0,0.0,M3705237613,0.0,0.0,0,0.0,0
105,PAYMENT,229.46,C6448001026,580.91,351.45,M7168105904,0.0,0.0,0,0.0,0
695,CASH_OUT,1156.34,C3030106617,3409.86,2253.52,C1248704157,11702.12,11702.12,0,0.01,0
551,TRANSFER,4273.47,C2041349374,5467.53,1194.06,M6790024996,0.0,0.0,1,0.31333333333333335,0
268,PAYMENT,6.0,C9433570024,11.84,5.84,M2228388623,0.0,0.0,0,0.0,0
62,PAYMENT,1.0,C7249213370,0.0,0.0,M4093474499,0.0,0.0,0,0.0,0
190,CASH_IN,52293.9,C3716924538,360.75,52654.65,C3958590550,736.69,736.69,0,0.0,0
145,PAYMENT,154.86,C2379592595,441.04,286.18,M2916502228,0.0,0.0,0,0.0,0
450,CASH_OUT,367.66,C7417183769,319.09,0.0,M6894024976,0.0,0.0,1,0.10333333333333333,0
65,CASH_OUT,834.98,C8377088167,1083.35,248.37,M4211837506,0.0,0.0,1,0.0,0
627,PAYMENT,1.0,C8933377472,0.0,0.0,M4456193555,0.0,0.0,0,0.0,0
610,TRANSFER,50.12,C2308496151,161.04,110.92,C6645808194,166.96,217.08,0,0.07666666666666666,0
156,TRANSFER,1.0,C8282534126,0.0,0.0,C4015479599,114.89,115.89,0,0.05333333333333334,0
648,TRANSFER,91.27,C7430757004,81.86,0.0,C5861829469,3.22,3.22,1,0.23,0
406,PAYMENT,6563.46,C2513206988,12873.68,6310.22,M5869990861,0.0,0.0,0,0.0,0
438,CASH_IN,9954.42,C5694628398,609.79,10564.21,C3645901955,0.0,0.0,0,0.0,0
362,PAYMENT,1.11,C9259157845,8672.37,8671.26,M5990749811,0.0,0.0,0,0.0,0
159,PAYMENT,8984.63,C6715705115,116086.34,107101.71,M6932365592,0.0,0.0,0,0.0,0
286,CASH_IN,106268.16,C1248704157,11702.12,117970.28,C2125089309,658.23,658.23,0,0.0,0
297,CASH_OUT,1.0,C6448324230,0.0,0.0,C2918260963,292.3,292.3,0,0.02,0
205,PAYMENT,256.24,C8055556030,372.27,116.03,M6495967005,0.0,0.0,0,0.0,0
591,TRANSFER,515.51,C8650676663,1078.73,563.22,C1625217504,0.0,515.51,0,0.03333333333333333,0
247,CASH_OUT,39.92,C1257324536,56.93,17.01,C2176904638,125.63,125.63,0,0.0,0
711,PAYMENT,46.91,C7460728316,111.89,64.98,M3438830691,0.0,0.0,0,0.0,0
373,TRANSFER,36.14,C6496933442,38.13,1.99,C9856756553,12.72,48.86,0,0.13666666666666666,0
389,TRANSFER,172.41,C8543865915,231.91,59.5,C7759781156,60158.43,60330.84,0,0.0,0
221,TRANSFER,122.22,C8779941999,143.51,21.29,C8139209752,0.0,0.0,1,0.16,0
4,CASH_OUT,2301.46,C5031086659,2818.91,517.45,C2524751277,0.0,0.0,1,0.016666666666666666,0
622,TRANSFER,816.81,C3259520140,1368.2,551.39,C5220094152,43.71,860.52,0,0.03,0
441,CASH_OUT,1.0,C1945826486,0.02,0.0,C1563524533,15.54,15.54,0,0.09,0
538,PAYMENT,41.41,C3589530484,63.24,21.83,M7969674420,0.0,0.0,0,0.0,0
381,CASH_OUT,1450.5,C3791027186,1281.68,0.0,C1485574228,0.0,0.0,1,0.14666666666666667,0
529,PAYMENT,107.6,C2268523764,227.51,119.91,M6651754819,0.0,0.0,0,0.0,0
556,CASH_OUT,726.92,C8388580360,691.95,0.0,C1772303297,33.47,33.47,1,0.11666666666666667,0
285,PAYMENT,85.37,C7961674558,131.64,46.27,M6275155878,0.0,0.0,0,0.0,0
686,TRANSFER,5.85,C2867302554,26.22,20.37,C7193532615,23.37,29.22,0,0.12666666666666668,0
660,CASH_OUT,1.0,C1037811610,0.15,0.0,C3400244542,816.03,816.03,0,0.05,0
323,TRANSFER,301.56,C6206015111,338.1,36.54,C1276905285,0.0,0.0,1,0.15,0
120,CASH_OUT,49.53,C3887823121,77.56,28.03,C6618926823,19254.4,19254.4,0,0.0033333333333333335,0
407,TRANSFER,172.89,C5837082260,300.69,127.8,C5695387521,0.0,172.89,0,0.056666666666666664,0
209,CASH_IN,102905.27,C4277581356,58.74,102964.01,C7271954644,0.0,0.0,0,0.0,0
3,TRANSFER,1.0,C9725528903,0.0,0.0,C3380064537,25.87,26.87,0,0.18,0
457,CASH_OUT,10839.72,C6732648420,10144.84,0.0,M5412437658,0.0,0.0,1,0.24333333333333335,0
646,TRANSFER,133.37,C7671041685,117.54,0.0,M4306983924,0.0,0.0,1,0.23333333333333334,0
537,TRANSFER,486.64,C5612645121,419.51,0.0,M3517195150,0.0,0.0,1,0.23,0
465,CASH_OUT,1.0,C1558631501,0.0,0.0,C5891280823,855.31,855.31,0,0.09,0
649,TRANSFER,78.28,C7085004726,99.28,21.0,C1662259333,0.0,78.28,0,0.17666666666666667,0
261,TRANSFER,1962.59,C2973888646,2524.09,561.5,C8133593748,0.0,0.0,1,0.19333333333333333,0
557,CASH_OUT,1.0,C6415031531,0.0,0.0,C3102209245,58.15,58.15,0,0.05,0
629,TRANSFER,1.0,C4939447721,0.0,0.0,C1613549255,3418.05,3419.05,0,0.06,0
120,PAYMENT,1.0,C7527316141,0.0,0.0,M2555936898,0.0,0.0,0,0.0,0
415,CASH_OUT,204.77,C1725783958,212.61,7.84,M8790289305,0.0,0.0,1,0.06666666666666667,0
8,TRANSFER,634.56,C4574027737,1169.12,534.56,C6415031531,0.0,634.56,0,0.0,0
637,PAYMENT,356.78,C5539308214,18272.47,17915.69,M3846182436,0.0,0.0,0,0.0,0
14,CASH_OUT,5225.52,C3780439666,4560.07,0.0,M6865994703,0.0,0.0,1,0.03,0
196,PAYMENT,19.79,C5025070544,29.25,9.46,M7969674420,0.0,0.0,0,0.0,0
560,TRANSFER,1.0,C4440904834,0.0,0.0,C1311570307,0.0,1.0,0,0.22333333333333333,0
705,TRANSFER,3898.2,C9771848610,4670.96,772.76,M7437168216,0.0,0.0,1,0.31,0
499,TRANSFER,3458.37,C8638763775,3708.91,250.54,C2867302554,20.37,20.37,1,0.25333333333333335,0
709,PAYMENT,55.33,C8047877267,14377.38,14322.05,M6651020291,0.0,0.0,0,0.0,0
541,CASH_IN,121947.48,C9123612497,51.33,121998.81,C7573691558,58.04,58.04,0,0.0,0
19,PAYMENT,63.61,C7114223633,183.38,119.77,M4665677395,0.0,0.0,0,0.0,0
251,PAYMENT,1.0,C2752536389,0.0,0.0,M9921025990,0.0,0.0,0,0.0,0
189,DEBIT,7.42,C7226553010,9.53,2.11,M5000316394,0.0,0.0,0,0.023333333333333334,0
284,PAYMENT,282.57,C8497938394,930.76,648.19,M3438830691,0.0,0.0,0,0.0,0
405,CASH_IN,9115.58,C8189916797,27963.47,37079.05,C6937704752,0.0,0.0,0,0.0,0
334,PAYMENT,31.28,C5819946657,53.0,21.72,M7282885927,0.0,0.0,0,0.0,0
635,CASH_OUT,174.53,C1367704871,5592.81,5418.28,C3933213766,0.0,0.0,0,0.023333333333333334,0
629,CASH_IN,2783.03,C5735817014,899.51,3682.54,C2428156550,1977.94,1977.94,0,0.0033333333333333335,0
117,TRANSFER,4481.08,C4907446848,4699.59,218.51,C2174793230,7.0,7.0,1,0.17,0
662,CASH_IN,33684.57,C4180599722,1.0,33685.57,C3893976444,0.0,0.0,0,0.0,0
258,TRANSFER,2978.18,C5567816720,2763.74,0.0,M2391874847,0.0,0.0,1,0.8166666666666667,1
176,PAYMENT,1.0,C5667503195,0.0,0.0,M7537130187,0.0,0.0,0,0.0,0
389,CASH_OUT,1.0,C5328166990,0.0,0.0,C3975704877,14.82,14.82,0,0.02666666666666667,0
680,PAYMENT,1.0,C1036351450,0.0,0.0,M2916502228,0.0,0.0,0,0.0,0
1,TRANSFER,4777.54,C2158638062,4315.52,0.0,C2660286914,0.0,0.0,1,0.74,1
613,TRANSFER,222.85,C1572827654,277.81,54.96,C6634526139,0.0,0.0,1,0.17333333333333334,0
697,PAYMENT,1.0,C4566852761,0.0,0.0,M3223687972,0.0,0.0,0,0.0,0
692,PAYMENT,17.4,C3205292512,806.94,789.54,M3072183247,0.0,0.0,0,0.0,0
138,TRANSFER,1.0,C3480920839,0.0,0.0,C7895255573,4.96,5.96,0,0.18,0
102,CASH_OUT,22.97,C6464693977,76.02,53.05,C8351491401,27687.15,27687.15,0,0.0033333333333333335,0
662,PAYMENT,1.0,C3893976444,0.0,0.0,M6894024976,0.0,0.0,0,0.0,0
496,TRANSFER,10297.02,C8991977937,12089.81,1792.79,C4972536230,19.05,10316.07,0,0.016666666666666666,0
302,TRANSFER,878.34,C6754503097,1043.59,165.25,C4930438209,0.0,0.0,1,0.10666666666666667,0
6,TRANSFER,1546.11,C8380507338,1459.28,0.0,C8953271391,292.76,292.76,1,0.10333333333333333,0
670,PAYMENT,6.32,C3781569954,10.27,3.95,M5891831621,0.0,0.0,0,0.0,0
208,PAYMENT,80.85,C1106456634,142.34,61.49,M3595066420,0.0,0.0,0,0.0,0
173,PAYMENT,1.0,C1276905285,0.0,0.0,M7651029165,0.0,0.0,0,0.0,0
534,TRANSFER,903.96,C9032096058,13503.38,12599.42,C3075362821,33.31,937.27,0,0.043333333333333335,0
376,CASH_OUT,3.98,C4776436931,6.47,2.49,C4714465905,925.87,925.87,0,0.013333333333333334,0
682,CASH_OUT,248.7,C3423086220,256.31,7.61,C5071897791,3324.37,3324.37,1,0.023333333333333334,0
688,CASH_OUT,1.0,C8664882079,0.0,0.0,C1392245997,1.0,1.0,0,0.056666666666666664,0
237,CASH_IN,125.81,C5600836559,0.0,125.81,C4039019230,0.0,0.0,0,0.0033333333333333335,0
620,PAYMENT,1.0,C3303082117,0.0,0.0,M9916475897,0.0,0.0,0,0.0,0
649,PAYMENT,1.0,C8675071314,0.0,0.0,M2555936898,0.0,0.0,0,0.0,0
559,PAYMENT,22.5,C6115750294,28.56,6.06,M6820149016,0.0,0.0,0,0.0,0
183,CASH_OUT,391.71,C1626733282,654.95,263.24,C5903457537,3.7,3.7,0,0.01,0
596,PAYMENT,1.0,C5667503195,0.0,0.0,M2625035499,0.0,0.0,0,0.0,0
382,PAYMENT,1.0,C4506639908,0.0,0.0,M1099218439,0.0,0.0,0,0.0,0
230,TRANSFER,4796.68,C6566372886,4311.8,0.0,C1110533960,1427.54,1427.54,1,0.12,0
296,PAYMENT,11.4,C1885113834,25.32,13.92,M8063693463,0.0,0.0,0,0.0,0
698,TRANSFER,5311.89,C6585609060,4887.01,0.0,C5891280823,855.31,855.31,1,0.4,0
32,CASH_OUT,5429.48,C1561417687,4988.26,0.0,C8287542751,101296.92,101296.92,1,0.03666666666666667,0
691,PAYMENT,1.0,C7371573279,0.0,0.0,M6200141898,0.0,0.0,0,0.0,0
106,TRANSFER,880.96,C5476654128,820.57,0.0,M6651020291,0.0,0.0,1,0.32,0
195,CASH_OUT,1.0,C6265016831,1.0,0.0,C4026379752,163.15,163.15,0,0.0,0
375,TRANSFER,4864.86,C1817804383,4504.84,0.0,C1387652480,2794.09,2794.09,1,0.07333333333333333,0
634,PAYMENT,1.0,C5455441991,0.0,0.0,M9900829971,0.0,0.0,0,0.0,0
100,PAYMENT,138.03,C1847275937,158.53,20.5,M3297681898,0.0,0.0,0,0.0,0
589,CASH_IN,26082.54,C3412273600,1492.81,27575.35,C5819946657,21.72,21.72,0,0.0,0
447,TRANSFER,1.0,C8506931282,1.31,0.31,C4642197907,5097.97,5098.97,0,0.04666666666666667,0
307,CASH_OUT,1269.17,C6725038117,1537.76,268.59,M9581187661,0.0,0.0,1,0.006666666666666667,0
179,PAYMENT,186.92,C1660370908,731.69,544.77,M8790289305,0.0,0.0,0,0.0,0
531,PAYMENT,1.0,C6054421752,1.0,0.0,M7366396017,0.0,0.0,0,0.0,0
371,DEBIT,27.59,C8086172302,42.47,14.88,M9752092528,0.0,0.0,0,0.023333333333333334,0
396,CASH_OUT,1087.08,C1287814151,6044.24,4957.16,C3338877621,2.11,2.11,0,0.0033333333333333335,0
628,CASH_OUT,381.75,C2612579345,350.67,0.0,M4892544235,0.0,0.0,1,0.07333333333333333,0
475,CASH_OUT,4.96,C7579604766,22.78,17.82,C3102209245,58.15,58.15,0,0.04666666666666667,0
532,CASH_OUT,2486.18,C2343100352,2688.7,202.52,C1870644102,315.01,315.01,0,0.013333333333333334,0
419,PAYMENT,18957.9,C2237386857,47110.65,28152.75,M1711271599,0.0,0.0,0,0.0,0
194,CASH_OUT,60.54,C4507822591,73.54,13.0,M3297681898,0.0,0.0,1,0.0033333333333333335,0
598,PAYMENT,21.44,C8291250562,26.32,4.88,M7948094928,0.0,0.0,0,0.0,0
449,TRANSFER,9.4,C6674372082,11.07,1.67,C4927019611,5.91,15.31,0,0.14666666666666667,0
353,PAYMENT,6694.97,C4180599722,33685.57,26990.6,M5087280062,0.0,0.0,0,0.0,0
199,TRANSFER,1064.13,C9858643842,1047.0,0.0,C4877520294,0.0,0.0,1,0.33,0
402,CASH_OUT,1.0,C2388450337,0.0,0.0,C5992908271,0.63,0.63,0,0.03666666666666667,0
413,PAYMENT,23.37,C2540492440,53.24,29.87,M9068916300,0.0,0.0,0,0.0,0
521,CASH_OUT,2721.76,C1470939445,2417.87,0.0,M2778069478,0.0,0.0,1,0.17333333333333334,0
387,CASH_IN,104023.88,C8265834251,0.0,104023.88,C7576309274,148750.22,148750.22,0,0.0,0
31,CASH_OUT,30.68,C2905584866,60.09,29.41,C5748253283,117.87,117.87,0,0.0033333333333333335,0
455,CASH_OUT,2.93,C7608153267,5.62,2.69,C7016293621,2924.78,2924.78,0,0.04666666666666667,0
366,TRANSFER,1.0,C3214080278,0.0,0.0,C2627677155,447.85,448.85,0,0.01,0
556,TRANSFER,25529.34,C1664885408,24594.61,0.0,M6732306182,0.0,0.0,1,0.9866666666666667,1
699,DEBIT,1.0,C5975196341,0.0,0.0,M8667946580,0.0,0.0,0,0.05,0
636,CASH_IN,12816.96,C7937993287,62.5,12879.46,C6591038760,100.0,100.0,0,0.0,0
411,CASH_OUT,72.16,C9677466102,130.58,58.42,C7805633786,802.25,802.25,0,0.03666666666666667,0
50,CASH_OUT,1.0,C6952554500,0.0,0.0,C3806215682,0.0,0.0,0,0.0033333333333333335,0
324,CASH_OUT,1473.39,C7668801906,1403.44,0.0,M6651020291,0.0,0.0,1,0.12,0
265,PAYMENT,1.0,C8229344434,0.0,0.0,M8821456242,0.0,0.0,0,0.0,0
102,PAYMENT,1.0,C3978287288,0.14,0.0,M7750131975,0.0,0.0,0,0.0033333333333333335,0
673,PAYMENT,23.13,C3853978147,32.46,9.33,M8548290298,0.0,0.0,0,0.0,0
185,TRANSFER,4673.97,C2350701477,4593.81,0.0,C4131575764,38606.42,43280.39,1,0.0033333333333333335,0
540,CASH_IN,3225.58,C1370292681,2657.81,5883.39,C1316756902,0.0,0.0,0,0.0,0
310,TRANSFER,741.36,C8880184233,878.61,137.25,C6756332150,99527.26,99527.26,1,0.0,0
682,TRANSFER,378.6,C2266622851,700.13,321.53,C2390587865,18.16,396.76,0,0.05,0
355,CASH_OUT,854.96,C1036351450,729.22,0.0,M8548290298,0.0,0.0,1,0.17,0
91,PAYMENT,1.0,C4431078106,0.0,0.0,M1711271599,0.0,0.0,0,0.0,0
129,TRANSFER,5412.11,C3128675098,6100.51,688.4,M1257854279,0.0,0.0,1,0.17,0
359,PAYMENT,1.66,C5728765136,2.02,0.36,M1857561275,0.0,0.0,0,0.0,0
717,DEBIT,1.0,C2554039848,4.44,3.44,M1099218439,0.0,0.0,0,0.043333333333333335,0
631,PAYMENT,1.0,C6562144159,0.0,0.0,M5449848690,0.0,0.0,0,0.0,0
458,PAYMENT,637.78,C9661615016,923.89,286.11,M6361225622,0.0,0.0,0,0.0,0
526,TRANSFER,283.28,C2390587865,396.76,113.48,C7487012742,7.17,290.45,0,0.07333333333333333,0
651,PAYMENT,2237.76,C1287814151,4957.16,2719.4,M9255306810,0.0,0.0,0,0.0,0
317,CASH_OUT,2846.79,C5071897791,3324.37,477.58,M3495411322,0.0,0.0,1,0.006666666666666667,0
635,PAYMENT,2.05,C3553440342,3.72,1.67,M1692044390,0.0,0.0,0,0.0,0
163,PAYMENT,1.0,C1195066088,0.14,0.0,M4242579642,0.0,0.0,0,0.0,0
594,TRANSFER,12.19,C3555656321,17.98,5.79,C5375461598,7.98,20.17,0,0.14333333333333334,0
302,CASH_OUT,4213.98,C8025152555,4164.13,0.0,M3960136787,0.0,0.0,1,0.11333333333333333,0
588,TRANSFER,1764.38,C4012917912,1773.75,9.37,M9026301048,0.0,0.0,1,0.3433333333333333,0
678,DEBIT,4.49,C6509985983,7690.42,7685.93,M8235474949,0.0,0.0,0,0.02666666666666667,0
1,CASH_IN,139832.58,C3147818256,504.42,140337.0,C2963288053,50.19,50.19,0,0.0,0
638,DEBIT,46.92,C4735313433,112.01,65.09,M5714658227,0.0,0.0,0,0.03,0
585,TRANSFER,74174.53,C3389594115,85263.18,11088.65,C7287517250,5.48,5.48,1,0.24,0
539,CASH_OUT,12.0,C2646331504,25.72,13.72,C7552812957,0.0,0.0,0,0.03333333333333333,0
412,PAYMENT,7.09,C2050340486,23986.32,23979.23,M6651020291,0.0,0.0,0,0.0,0
615,TRANSFER,32.12,C9514255777,40.92,8.8,C3655790301,0.0,32.12,0,0.17333333333333334,0
383,TRANSFER,2306.42,C8779941999,1968.9,0.0,C2308638549,1066.69,1066.69,1,0.09666666666666666,0
78,TRANSFER,85224.74,C8299146480,85442.61,217.87,M3457877922,0.0,0.0,1,0.30333333333333334,0
149,PAYMENT,1.0,C1383539822,0.0,0.0,M1083302600,0.0,0.0,0,0.0,0
319,PAYMENT,6261.57,C8841851495,7212.07,950.5,M7750131975,0.0,0.0,0,0.0,0
154,TRANSFER,1305.34,C3095318649,3312.53,2007.19,C1116402431,0.0,1305.34,0,0.0033333333333333335,0
637,PAYMENT,1042.59,C5673482258,1743.96,701.37,M8874242713,0.0,0.0,0,0.0,0
522,TRANSFER,1.0,C2349641712,0.0,0.0,C2916728422,281.44,282.44,0,0.09666666666666666,0
304,CASH_OUT,153.27,C3783290795,161.38,8.11,C3521166052,199.11,199.11,0,0.006666666666666667,0
671,DEBIT,427.56,C1304205279,753.71,326.15,M8964269909,0.0,0.0,0,0.02666666666666667,0
340,TRANSFER,303.91,C6944371787,279.62,0.0,C2350701477,0.0,0.0,1,0.23,0
380,PAYMENT,178.63,C8299146480,217.87,39.24,M7532669066,0.0,0.0,0,0.0,0
56,PAYMENT,431.7,C1660370908,544.77,113.07,M3192202822,0.0,0.0,0,0.0,0
144,CASH_IN,111835.27,C3667292043,45.9,111881.17,C6894808149,709.98,709.98,0,0.0,0
85,TRANSFER,30.38,C8543865915,59.5,29.12,C6289150149,1.28,31.66,0,0.16,0
431,PAYMENT,7.51,C6027311960,15.55,8.04,M1802753761,0.0,0.0,0,0.0,0
716,PAYMENT,931.98,C8458717057,1235.13,303.15,M7861571879,0.0,0.0,0,0.0,0
334,PAYMENT,1.0,C7406579219,0.0,0.0,M6845287382,0.0,0.0,0,0.0,0
25,TRANSFER,1.0,C7951902330,0.0,0.0,C4095476665,8333.21,8334.21,0,0.0,0
258,PAYMENT,1.0,C7471636437,0.0,0.0,M2655546199,0.0,0.0,0,0.0,0
185,CASH_OUT,3761.48,C5508149905,4959.99,1198.51,C6156843353,0.0,0.0,1,0.0,0
485,TRANSFER,3191.27,C4095476665,8334.21,5142.94,C9337145038,148.78,3340.05,0,0.023333333333333334,0
566,CASH_OUT,3952.52,C7019900273,3479.16,0.0,M6771941776,0.0,0.0,1,0.22,0
457,PAYMENT,191.55,C3958590550,736.69,545.14,M8058679999,0.0,0.0,0,0.0,0
66,TRANSFER,24.23,C4207337120,66.09,41.86,C9451577335,4.39,28.62,0,0.13333333333333333,0
274,TRANSFER,71.03,C9147736635,61.5,0.0,C1446362270,424.71,424.71,1,0.016666666666666666,0
16,TRANSFER,246.29,C2266622851,321.53,75.24,M2303835765,0.0,0.0,1,0.14333333333333334,0
469,CASH_OUT,1566.84,C4455798713,1839.98,273.14,M1783432867,0.0,0.0,1,0.05333333333333334,0
36,CASH_OUT,2858.46,C1039262289,3244.65,386.19,M3119908041,0.0,0.0,1,0.0,0
421,CASH_OUT,123.91,C1304205279,326.15,202.24,C7551874474,0.0,0.0,0,0.043333333333333335,0
538,CASH_OUT,1847.78,C1261903104,2016.41,168.63,C3836517266,0.0,0.0,1,0.03,0
697,TRANSFER,5648.7,C4095476665,5142.94,0.0,M8740820392,0.0,0.0,1,0.9033333333333333,1
162,TRANSFER,13443.3,C7805745017,23606.88,10163.58,C5515628633,70.61,13513.91,0,0.0,0
545,TRANSFER,78.24,C8382963909,66.87,0.0,M4522855590,0.0,0.0,1,0.23333333333333334,0
275,TRANSFER,37.66,C6464693977,53.05,15.39,M2869931869,0.0,0.0,1,0.16333333333333333,0
528,PAYMENT,3.39,C3781569954,3.95,0.56,M2243802345,0.0,0.0,0,0.0,0
540,CASH_OUT,66.15,C5344083406,72.31,6.16,C7645527239,41.69,41.69,0,0.03333333333333333,0
275,PAYMENT,1.0,C6448324230,0.0,0.0,M8325043570,0.0,0.0,0,0.0,0
559,PAYMENT,289.02,C2283298067,1022.23,733.21,M7532669066,0.0,0.0,0,0.0,0
207,TRANSFER,2155.52,C4776436931,1917.86,0.0,M5869990861,0.0,0.0,1,0.5933333333333334,1
77,CASH_OUT,154.03,C6959501845,182.12,28.09,M3636366799,0.0,0.0,1,0.006666666666666667,0
107,PAYMENT,1.0,C1600337712,1.0,0.0,M5449848690,0.0,0.0,0,0.0033333333333333335,0
341,CASH_OUT,1.0,C2351531223,0.0,0.0,C4242550727,10.72,10.72,0,0.023333333333333334,0
309,PAYMENT,1.0,C3528924461,0.0,0.0,M9410569618,0.0,0.0,0,0.0,0
594,PAYMENT,3334.75,C6572436051,6842.52,3507.77,M3469205576,0.0,0.0,0,0.0,0
379,CASH_OUT,1427.07,C4268713302,2011.15,584.08,C9573276057,12.93,12.93,1,0.006666666666666667,0
551,CASH_OUT,1218.41,C2554039848,1153.51,0.0,C2073108894,0.0,0.0,1,0.2,0
30,PAYMENT,19.61,C2818381356,84.02,64.41,M9410569618,0.0,0.0,0,0.0,0
684,CASH_OUT,1782.66,C6204862411,1525.5,0.0,C6110646714,0.0,0.0,1,0.16333333333333333,0
165,CASH_OUT,4916.38,C8721631198,4709.68,0.0,M5990749811,0.0,0.0,1,0.043333333333333335,0
299,PAYMENT,975.35,C6178804925,18504.83,17529.48,M7750131975,0.0,0.0,0,0.0,0
249,CASH_OUT,812.87,C2428156550,1977.94,1165.07,C4586784711,348.45,348.45,0,0.006666666666666667,0
404,CASH_OUT,136.24,C2268523764,119.91,0.0,C7640078465,804.58,804.58,1,0.05333333333333334,0
508,PAYMENT,1.0,C9806189256,0.17,0.0,M9590331226,0.0,0.0,0,0.0,0
125,TRANSFER,9643.48,C3412273600,27575.35,17931.87,C5759761714,8.92,9652.4,0,0.0033333333333333335,0
538,CASH_OUT,1100.58,C9981364488,981.91,0.0,M4125758723,0.0,0.0,1,0.20666666666666667,0
175,CASH_OUT,11.74,C3710566582,35.63,23.89,C4283432667,4754.3,4754.3,0,0.0,0
299,TRANSFER,270.04,C7316122432,343.34,73.3,M5000316394,0.0,0.0,1,0.15666666666666668,0
650,CASH_OUT,4053.08,C3667740351,3483.79,0.0,C6517150278,117.36,117.36,1,0.21666666666666667,0
418,DEBIT,37.95,C5358791907,56.93,18.98,M2910594463,0.0,0.0,0,0.03333333333333333,0
443,CASH_OUT,4202.81,C8795212264,4946.11,743.3,M7664045502,0.0,0.0,1,0.03666666666666667,0
296,TRANSFER,73.18,C3169561289,119.71,46.53,C8182649048,6263.13,6336.31,0,0.0033333333333333335,0
240,CASH_OUT,97.02,C6358023411,82.81,0.0,C6792661894,95497.31,95497.31,1,0.016666666666666666,0
237,TRANSFER,201.23,C7896596272,283.39,82.16,C8854238082,1035.35,1236.58,0,0.006666666666666667,0
572,PAYMENT,88.95,C7949795085,118.85,29.9,M6130446648,0.0,0.0,0,0.0,0
714,PAYMENT,1.0,C9182543558,0.0,0.0,M7192742877,0.0,0.0,0,0.0,0
555,PAYMENT,1.0,C5633956194,0.0,0.0,M9255306810,0.0,0.0,0,0.0,0
183,TRANSFER,14856.81,C8339176912,14140.4,0.0,C1955345537,0.0,0.0,1,0.9033333333333333,1
693,TRANSFER,2793.29,C8418332121,3786.69,993.4,M2249831874,0.0,0.0,1,0.2733333333333333,0
576,CASH_OUT,6.9,C5819946657,21.72,14.82,C4147025728,12.45,12.45,0,0.03,0
102,PAYMENT,2.9,C8868054898,8.87,5.97,M9026301048,0.0,0.0,0,0.0,0
262,CASH_OUT,1555.38,C8382488970,1723.18,167.8,C7801948900,89861.62,89861.62,1,0.0,0
681,CASH_OUT,171.23,C1430073711,155.16,0.0,M7678293431,0.0,0.0,1,0.07,0
303,TRANSFER,181.33,C8369792370,183.43,2.1,M5990749811,0.0,0.0,1,0.17333333333333334,0
143,TRANSFER,2948.23,C6099808894,3535.92,587.69,C8137764127,0.63,2948.86,1,0.0033333333333333335,0
459,PAYMENT,742.48,C2513206988,6310.22,5567.74,M4952177946,0.0,0.0,0,0.0,0
441,PAYMENT,518.27,C2979958124,665.8,147.53,M1357561213,0.0,0.0,0,0.0,0
327,TRANSFER,158.39,C4882343658,183.31,24.92,C2891100776,66.5,224.89,0,0.02666666666666667,0
240,PAYMENT,160.42,C4656572173,710.62,550.2,M7168105904,0.0,0.0,0,0.0,0
496,PAYMENT,12572.65,C5689870435,139487.53,126914.88,M7532669066,0.0,0.0,0,0.0,0
12,CASH_OUT,18.52,C7763765757,61.57,43.05,C3713284816,0.0,0.0,0,0.006666666666666667,0
409,DEBIT,2402.16,C7666869046,3734.06,1331.9,M9444143872,0.0,0.0,0,0.03,0
469,PAYMENT,1.0,C3346569443,0.0,0.0,M1306420495,0.0,0.0,0,0.0,0
626,PAYMENT,136.5,C9842186844,240.35,103.85,M3145756342,0.0,0.0,0,0.0,0
206,PAYMENT,127.38,C5695387521,172.89,45.51,M6498703287,0.0,0.0,0,0.0,0
101,PAYMENT,325.05,C9376277483,444.04,118.99,M2869931869,0.0,0.0,0,0.0,0
401,CASH_OUT,1437.12,C2647489402,1911.91,474.79,C7022683808,1.41,1.41,1,0.006666666666666667,0
284,TRANSFER,1.0,C4636537575,0.0,0.0,C3365835550,12024.52,12025.52,0,0.0,0
506,CASH_IN,125866.56,C9503597301,16.47,125883.03,C5694190173,9.4,9.4,0,0.0,0
642,TRANSFER,1.0,C5868640848,0.0,0.0,C4325878813,0.42,1.42,0,0.23,0
266,TRANSFER,3978.05,C7208619610,3442.26,0.0,M8443061472,0.0,0.0,1,0.83,1
553,TRANSFER,1.0,C9851745648,0.0,0.0,C1484230338,6840.67,6841.67,0,0.05333333333333334,0
495,DEBIT,1.0,C5570828113,0.0,0.0,M9026301048,0.0,0.0,0,0.043333333333333335,0
388,TRANSFER,1.0,C8180620422,0.0,0.0,C1422701550,534.99,535.99,0,0.013333333333333334,0
107,CASH_OUT,4792.04,C7226553010,4005.79,0.0,M2916502228,0.0,0.0,1,0.04,0
38,CASH_OUT,4805.91,C2612579345,4841.49,35.58,M1099218439,0.0,0.0,1,0.0033333333333333335,0
163,TRANSFER,373.39,C4659306670,574.68,201.29,C1834624758,360.95,734.34,0,0.0033333333333333335,0
720,CASH_OUT,9897.39,C3791815554,13460.97,3563.58,C3412273600,17931.87,17931.87,1,0.02666666666666667,0
487,TRANSFER,3254.63,C5735817014,3682.54,427.91,C2079501936,90861.82,90861.82,1,0.0033333333333333335,0
309,CASH_OUT,545.49,C2140169349,608.82,63.33,C5641959772,5269.48,5269.48,1,0.006666666666666667,0
241,CASH_OUT,42.52,C9138644862,62.04,19.52,C3698305085,100.28,100.28,0,0.0033333333333333335,0
306,TRANSFER,831.95,C2247484671,722.61,0.0,M9410569618,0.0,0.0,1,0.29333333333333333,0
89,PAYMENT,45.08,C3316277000,198.67,153.59,M6763471833,0.0,0.0,0,0.0,0
665,TRANSFER,578.65,C9327720702,2354.5,1775.85,C1306702926,3075.46,3654.11,0,0.03333333333333333,0
376,CASH_OUT,14654.55,C5536224717,13171.89,0.0,M6732306182,0.0,0.0,1,0.19,0
252,PAYMENT,21.41,C7070083150,395.11,373.7,M4554178984,0.0,0.0,0,0.0,0
416,CASH_OUT,2619.41,C1033015788,2217.87,0.0,C1316756902,0.0,0.0,1,0.37,0
314,TRANSFER,4279.7,C4630196130,4201.63,0.0,C2400094541,45.56,4325.26,1,0.04,0
714,PAYMENT,8.53,C3171050399,1765.36,1756.83,M9398575277,0.0,0.0,0,0.0,0
697,CASH_OUT,1.0,C2493660313,0.0,0.0,C6461974809,15.8,15.8,0,0.05,0
146,TRANSFER,1.0,C6241752544,1.0,0.0,C5829062179,122.41,123.41,0,0.05333333333333334,0
60,CASH_IN,134106.46,C2825989011,249.1,134355.56,C1674755608,0.0,0.0,0,0.0,0
633,PAYMENT,8.53,C2953462417,12.29,3.76,M9523139706,0.0,0.0,0,0.0,0
288,CASH_OUT,1.0,C1050899550,0.0,0.0,C6043349038,5714.61,5714.61,0,0.01,0
393,PAYMENT,1.0,C5789617427,0.0,0.0,M6558769264,0.0,0.0,0,0.0,0
39,DEBIT,490.34,C5215140451,980.18,489.84,M5891831621,0.0,0.0,0,0.01,0
349,TRANSFER,2479.58,C7186766399,2274.96,0.0,C3836517266,0.0,2479.58,1,0.24,0
711,TRANSFER,1340.03,C6470052645,3449.44,2109.41,C5130589741,197.17,1537.2,0,0.03,0
713,PAYMENT,8.37,C4927019611,15.31,6.94,M4554178984,0.0,0.0,0,0.0,0
353,CASH_OUT,167.68,C9470922075,379.46,211.78,C6048096802,1011.51,1011.51,0,0.02,0
629,TRANSFER,2519.05,C8973989997,2577.17,58.12,C4745927824,11549.05,14068.1,1,0.016666666666666666,0
709,TRANSFER,148464.8,C5689870435,126914.88,0.0,M5270048042,0.0,0.0,1,0.9633333333333334,1
45,TRANSFER,61.69,C3698305085,100.28,38.59,C2924568778,2235.11,2296.8,0,0.0033333333333333335,0
206,PAYMENT,1745.22,C1736086849,20557.72,18812.5,M6200141898,0.0,0.0,0,0.0,0
570,CASH_OUT,19.94,C8763140509,38.19,18.25,C9428056968,0.0,0.0,0,0.03333333333333333,0
16,PAYMENT,1.0,C1993998848,0.0,0.0,M1692044390,0.0,0.0,0,0.0,0
27,TRANSFER,1.0,C9437783771,0.0,0.0,C5035765954,0.0,1.0,0,0.22,0
37,CASH_OUT,55.26,C4681264539,54.42,0.0,C1293864877,0.0,0.0,1,0.0033333333333333335,0
33,CASH_OUT,1.0,C2320763135,0.0,0.0,C1173215225,12.01,12.01,0,0.0033333333333333335,0
601,TRANSFER,15871.7,C6961554653,18667.18,2795.48,C8684942020,763.11,763.11,1,0.07333333333333333,0
141,CASH_OUT,642.02,C4163119785,772.63,130.61,M3517195150,0.0,0.0,1,0.0033333333333333335,0
411,TRANSFER,1.0,C1754368373,0.0,0.0,C7146318035,0.0,1.0,0,0.2,0
675,PAYMENT,1.0,C1361845490,0.0,0.0,M8667946580,0.0,0.0,0,0.0,0
626,DEBIT,366.24,C8995045543,901.71,535.47,M7050091525,0.0,0.0,0,0.03,0
28,CASH_OUT,693.96,C8160279830,784.84,90.88,C5227828349,94.4,94.4,0,0.0033333333333333335,0
485,TRANSFER,27450.68,C2720484983,28186.79,736.11,M4665677395,0.0,0.0,1,0.34,0
77,PAYMENT,58.88,C6877052039,74.51,15.63,M9026301048,0.0,0.0,0,0.0,0
148,PAYMENT,1.26,C6991473746,19008.75,19007.49,M4242579642,0.0,0.0,0,0.0,0
717,CASH_IN,50458.54,C8487449580,0.0,50458.54,C3694860228,132968.77,132968.77,0,0.0,0
553,TRANSFER,12895.08,C1290050198,16268.26,3373.18,M5985331805,0.0,0.0,1,0.3233333333333333,0
395,PAYMENT,8.32,C8299146480,39.24,30.92,M6313472215,0.0,0.0,0,0.0,0
175,PAYMENT,303.42,C7590302909,382.84,79.42,M3156792018,0.0,0.0,0,0.0,0
110,CASH_OUT,2014.42,C6504099682,4035.35,2020.93,C9981691030,0.0,0.0,0,0.0,0
491,TRANSFER,1.0,C4070964768,0.0,0.0,C6089026099,0.33,1.33,0,0.22666666666666666,0
663,PAYMENT,1.0,C8493451569,0.0,0.0,M2839566253,0.0,0.0,0,0.0,0
109,CASH_OUT,1.0,C3587283948,0.0,0.0,C6415031531,634.56,634.56,0,0.006666666666666667,0
461,PAYMENT,9889.76,C5952894290,11984.21,2094.45,M4456193555,0.0,0.0,0,0.0,0
347,DEBIT,1.0,C1484664056,0.0,0.0,M8044997538,0.0,0.0,0,0.04,0
92,TRANSFER,4658.28,C8779941999,4647.19,0.0,C4683935600,143.1,143.1,1,0.2833333333333333,0
695,DEBIT,18.46,C9138644862,19.52,1.06,M4460319291,0.0,0.0,0,0.043333333333333335,0
291,CASH_OUT,68.99,C7027529118,119.15,50.16,C5879617459,38.88,38.88,0,0.0033333333333333335,0
305,PAYMENT,143.59,C5409514899,166.23,22.64,M5959736235,0.0,0.0,0,0.0,0
257,PAYMENT,5.07,C6656646925,6625.52,6620.45,M9068916300,0.0,0.0,0,0.0,0
211,CASH_OUT,15553.16,C7305101214,15247.27,0.0,M5694439775,0.0,0.0,1,0.08,0
634,PAYMENT,38.85,C3108307952,80346.0,80307.15,M2155671697,0.0,0.0,0,0.0,0
311,TRANSFER,28434.22,C1526723719,33094.26,4660.04,C6124453431,0.0,28434.22,0,0.0,0
79,PAYMENT,17.81,C7242730249,26.38,8.57,M6771941776,0.0,0.0,0,0.0,0
640,PAYMENT,2.73,C9229469952,2.96,0.23,M3438830691,0.0,0.0,0,0.0,0
116,CASH_IN,33050.0,C7462972995,569.2,33619.2,C8039917766,238.57,238.57,0,0.0,0
434,TRANSFER,3909.13,C7597996327,3385.59,0.0,C8418332121,993.4,4902.53,1,0.24,0
295,TRANSFER,1.0,C4102821948,0.0,0.0,C9462806178,8.28,9.28,0,0.19,0
261,PAYMENT,310.89,C3958590550,545.14,234.25,M1504729135,0.0,0.0,0,0.0,0
390,TRANSFER,66.57,C3987248494,85.51,18.94,M2711123163,0.0,0.0,1,0.16,0
325,CASH_OUT,339.91,C6640801643,699.96,360.05,C1710924824,0.0,0.0,0,0.013333333333333334,0
519,CASH_OUT,104.45,C3884642366,110.61,6.16,C3420721027,247.65,247.65,1,0.03,0
91,DEBIT,1.0,C2960432117,0.0,0.0,M5937271321,0.0,0.0,0,0.03,0
311,TRANSFER,2753.64,C5272119095,2812.1,58.46,M2571632270,0.0,0.0,1,0.39666666666666667,0
383,PAYMENT,47.47,C4026816435,174.6,127.13,M3322580659,0.0,0.0,0,0.0,0
308,CASH_OUT,1419.0,C2452066459,1621.78,202.78,C3667740351,0.0,0.0,1,0.006666666666666667,0
540,TRANSFER,1.0,C2654584280,0.0,0.0,C8991977937,1792.79,1793.79,0,0.07333333333333333,0
398,TRANSFER,1131.37,C4590711152,1085.28,0.0,M8903212516,0.0,0.0,1,0.31666666666666665,0
704,TRANSFER,12629.71,C5515628633,13513.91,884.2,C7287517250,5.48,5.48,1,0.26,0
83,TRANSFER,2.58,C5861829469,3.22,0.64,C4181102664,773.13,775.71,0,0.013333333333333334,0
284,TRANSFER,1.0,C8852676046,0.0,0.0,C4106464319,352.78,353.78,0,0.01,0
559,PAYMENT,568.63,C3128675098,688.4,119.77,M2604788242,0.0,0.0,0,0.0,0
112,PAYMENT,3.06,C8178927766,6.67,3.61,M2869931869,0.0,0.0,0,0.0,0
534,TRANSFER,252.2,C2916728422,282.44,30.24,C6710338189,0.0,0.0,1,0.17333333333333334,0
201,PAYMENT,301.75,C3923823693,495.12,193.37,M7270955446,0.0,0.0,0,0.0,0
537,PAYMENT,1.0,C2311597141,0.0,0.0,M9822499208,0.0,0.0,0,0.0,0
135,CASH_IN,70267.6,C7603978731,291.54,70559.14,C1682781467,0.0,0.0,0,0.0,0
235,PAYMENT,1.74,C9455610447,3.12,1.38,M8790289305,0.0,0.0,0,0.0,0
154,TRANSFER,4428.15,C5625342041,3940.45,0.0,M7537130187,0.0,0.0,1,0.77,1
555,CASH_OUT,3773.41,C5607762160,5734.65,1961.24,C4104309491,474.07,474.07,0,0.01,0
11,TRANSFER,74.94,C2079770569,83.4,8.46,C7640078465,804.58,804.58,1,0.013333333333333334,0
212,TRANSFER,91.92,C1696846464,161.57,69.65,C2846465000,838.5,930.42,0,0.006666666666666667,0
70,PAYMENT,516.73,C3258354191,821.23,304.5,M9558906999,0.0,0.0,0,0.0,0
52,PAYMENT,5508.22,C7576309274,148750.22,143242.0,M3846182436,0.0,0.0,0,0.0,0
327,TRANSFER,41.16,C2317723211,95.21,54.05,C8468071953,0.0,41.16,0,0.15,0
219,PAYMENT,2465.0,C5243939720,2738.56,273.56,M1504729135,0.0,0.0,0,0.0,0
537,PAYMENT,1.0,C5275521470,0.0,0.0,M6583604299,0.0,0.0,0,0.0,0
234,PAYMENT,1.0,C8274219704,0.0,0.0,M3534186676,0.0,0.0,0,0.0,0
646,PAYMENT,13039.23,C3185089287,145158.19,132118.96,M3580582653,0.0,0.0,0,0.0,0
74,PAYMENT,2.43,C9438411468,8.08,5.65,M2243802345,0.0,0.0,0,0.0,0
223,CASH_OUT,1043.14,C8691288568,907.78,0.0,M7341757401,0.0,0.0,1,0.08666666666666667,0
620,TRANSFER,1536.97,C8199372599,1355.18,0.0,M3369412470,0.0,0.0,1,0.4766666666666667,0
6,TRANSFER,495.31,C9909257076,469.5,0.0,M8778927211,0.0,0.0,1,0.24,0
262,TRANSFER,3780.02,C7602474923,4320.25,540.23,C1290050198,3373.18,7153.2,1,0.0033333333333333335,0
362,CASH_OUT,2898.47,C9098129449,6041.51,3143.04,C5334769475,0.0,0.0,0,0.0033333333333333335,0
313,DEBIT,1.0,C7374584386,0.0,0.0,M4460319291,0.0,0.0,0,0.04,0
577,PAYMENT,484.76,C4633987776,692.44,207.68,M6651754819,0.0,0.0,0,0.0,0
133,CASH_OUT,679.76,C2848792488,692.38,12.62,C1004665657,11.8,11.8,1,0.023333333333333334,0
425,TRANSFER,5958.77,C9957813353,5400.15,0.0,C1149460439,2.14,2.14,1,0.88,1
148,PAYMENT,979.17,C7824150224,3507.95,2528.78,M9576264323,0.0,0.0,0,0.0,0
704,TRANSFER,3604.87,C5344083406,3207.0,0.0,C9303285822,0.0,3604.87,1,0.37666666666666665,0
330,CASH_OUT,208.8,C8638763775,250.54,41.74,C2570991899,26.89,26.89,1,0.006666666666666667,0
646,TRANSFER,2049.92,C7092693247,1979.52,0.0,M6732306182,0.0,0.0,1,0.7733333333333333,1
704,PAYMENT,1.0,C5328166990,0.0,0.0,M7453081889,0.0,0.0,0,0.0,0
352,TRANSFER,293.51,C9202102595,378.41,84.9,M3536590481,0.0,0.0,1,0.15,0
107,CASH_IN,101752.47,C9409682410,1198.61,102951.08,C9911329062,0.0,0.0,0,0.0,0
105,CASH_OUT,532.55,C2647489402,474.79,0.0,M5315720088,0.0,0.0,1,0.03666666666666667,0
487,CASH_IN,13896.49,C6623360831,0.0,13896.49,C7452729913,30.69,30.69,0,0.0,0
651,PAYMENT,45.64,C1288335378,79.37,33.73,M2418407139,0.0,0.0,0,0.0,0
101,CASH_OUT,74254.7,C4470591645,143403.72,69149.02,C3521166052,199.11,199.11,0,0.0,0
294,DEBIT,20.36,C1659663750,50.6,30.24,M6894024976,0.0,0.0,0,0.02,0
206,TRANSFER,423.9,C6882074066,472.99,49.09,C2825957977,2324.85,2324.85,1,0.0,0
95,PAYMENT,1.0,C3880327491,1.65,0.65,M9977193987,0.0,0.0,0,0.0,0
698,TRANSFER,26.37,C7505693643,45.76,19.39,C3738900744,46.8,73.17,0,0.12333333333333334,0
463,TRANSFER,1.0,C7296658772,0.0,0.0,C2879792991,0.0,1.0,0,0.22,0
449,TRANSFER,4619.91,C1710924824,4166.07,0.0,M3690714075,0.0,0.0,1,0.9033333333333333,1
3,PAYMENT,1.0,C8180620422,0.0,0.0,M2187592160,0.0,0.0,0,0.0,0
407,CASH_OUT,18.42,C8505373158,19.76,1.34,C7199283151,22.47,22.47,0,0.03333333333333333,0
179,PAYMENT,1651.63,C8666074487,2681.72,1030.09,M5794335854,0.0,0.0,0,0.0,0
555,PAYMENT,1.0,C5647317872,0.0,0.0,M2303835765,0.0,0.0,0,0.0,0
172,CASH_OUT,393.53,C5872148707,536.3,142.77,C1387652480,2794.09,2794.09,0,0.013333333333333334,0
560,CASH_OUT,3262.71,C5201221330,2789.33,0.0,M1711271599,0.0,0.0,1,0.19,0
266,PAYMENT,137.42,C7389111087,148.42,11.0,M9558906999,0.0,0.0,0,0.0,0
419,PAYMENT,1.0,C6098775210,0.0,0.0,M8030400668,0.0,0.0,0,0.0,0
620,TRANSFER,1.0,C5993571693,0.0,0.0,C7022683808,1.41,2.41,0,0.23333333333333334,0
163,PAYMENT,1.0,C9981364488,0.0,0.0,M5985331805,0.0,0.0,0,0.0,0
288,CASH_OUT,1233.61,C1600337712,1530.0,296.39,C9337145038,3340.05,3340.05,1,0.0,0
87,CASH_OUT,1402.72,C2041349374,1194.06,0.0,C9410288290,0.0,0.0,1,0.05333333333333334,0
324,TRANSFER,720.48,C6844582171,680.76,0.0,M2869931869,0.0,0.0,1,0.2866666666666667,0
244,CASH_OUT,2331.02,C1600566083,2080.58,0.0,M3580582653,0.0,0.0,1,0.07666666666666666,0
76,TRANSFER,922.95,C4181102664,775.71,0.0,M9918338001,0.0,0.0,1,0.30666666666666664,0
685,TRANSFER,1.0,C7818568548,0.0,0.0,C8809871735,16.68,17.68,0,0.19,0
542,PAYMENT,1.0,C4820055862,0.0,0.0,M5087280062,0.0,0.0,0,0.0,0
112,PAYMENT,1.0,C7226553010,0.0,0.0,M5194066484,0.0,0.0,0,0.0033333333333333335,0
445,CASH_OUT,2737.07,C6789448659,2302.02,0.0,M8869140487,0.0,0.0,1,0.38666666666666666,0
417,CASH_OUT,1864.69,C6504099682,2020.93,156.24,C3734252963,1621.99,1621.99,0,0.05333333333333334,0
272,TRANSFER,516.88,C6887132821,2163.25,1646.37,C8953271391,292.76,809.64,0,0.0,0
21,PAYMENT,18.0,C7935554354,43.57,25.57,M9444143872,0.0,0.0,0,0.0,0
521,TRANSFER,2440.23,C8325222092,2296.32,0.0,C6369130994,7298.63,7298.63,1,0.24,0
174,PAYMENT,7035.33,C9259157845,8671.26,1635.93,M5000316394,0.0,0.0,0,0.0,0
324,PAYMENT,95.7,C7560389844,436.87,341.17,M4892544235,0.0,0.0,0,0.0,0
686,TRANSFER,2982.38,C9115282784,2877.42,0.0,M7453081889,0.0,0.0,1,0.88,1
588,PAYMENT,1.99,C6649827836,6.26,4.27,M2586712032,0.0,0.0,0,0.0,0
96,PAYMENT,776.19,C1387652480,2794.09,2017.9,M8083396378,0.0,0.0,0,0.0,0
123,PAYMENT,1.57,C6038780151,2.5,0.93,M7948094928,0.0,0.0,0,0.0,0
254,PAYMENT,14.45,C8012696455,237.78,223.33,M6846530109,0.0,0.0,0,0.0,0
121,CASH_OUT,1.0,C4658080160,0.3,0.0,C5943324387,31.43,31.43,0,0.0,0
43,DEBIT,64.11,C3738900744,73.17,9.06,M8144352013,0.0,0.0,0,0.023333333333333334,0
127,CASH_IN,56832.26,C7910817577,54.37,56886.63,C1182758417,100.47,100.47,0,0.0,0
512,PAYMENT,3.8,C3555656321,5.79,1.99,M4522855590,0.0,0.0,0,0.0,0
125,CASH_OUT,3885.04,C8086684009,3671.27,0.0,C1290050198,7153.2,7153.2,1,0.01,0
644,TRANSFER,1670.01,C7083067988,1397.99,0.0,M3322580659,0.0,0.0,1,0.49,0
662,CASH_OUT,3353.13,C5610783750,57425.71,54072.58,C3725152347,0.0,0.0,0,0.01,0
108,CASH_OUT,848.56,C8134112721,923.2,74.64,M5585110649,0.0,0.0,1,0.0,0
376,DEBIT,1.0,C3197757742,0.81,0.0,M6999146585,0.0,0.0,0,0.04,0
242,DEBIT,1.0,C7019900273,0.0,0.0,M4093474499,0.0,0.0,0,0.03666666666666667,0
419,PAYMENT,186.47,C5604529187,595.27,408.8,M7764117705,0.0,0.0,0,0.0,0
564,DEBIT,862.55,C7519578899,1062.48,199.93,M2541015125,0.0,0.0,0,0.03,0
288,CASH_OUT,69.22,C9420979586,61.51,0.0,M2655546199,0.0,0.0,1,0.043333333333333335,0
305,CASH_OUT,752.79,C3836517266,2479.58,1726.79,C3971203213,0.0,0.0,0,0.006666666666666667,0
169,PAYMENT,8.45,C9462806178,9.28,0.83,M6659847491,0.0,0.0,0,0.0,0
181,PAYMENT,11.15,C1439921366,16.72,5.57,M1857561275,0.0,0.0,0,0.0,0
496,PAYMENT,1.0,C9189503254,0.0,0.0,M8063693463,0.0,0.0,0,0.0,0
249,TRANSFER,77.92,C2377246195,84.07,6.15,M7702529931,0.0,0.0,1,0.16666666666666666,0
27,PAYMENT,9.47,C7389111087,11.0,1.53,M2187592160,0.0,0.0,0,0.0,0
334,PAYMENT,1.0,C3614915281,0.0,0.0,M9404002665,0.0,0.0,0,0.0,0
443,TRANSFER,22.82,C9919491730,34.93,12.11,C2428156550,1165.07,1187.89,0,0.05,0
290,TRANSFER,1075.62,C5474951950,1526.51,450.89,M2249831874,0.0,0.0,1,0.11333333333333333,0
387,CASH_OUT,24546.43,C7015992643,23892.58,0.0,M2249831874,0.0,0.0,1,0.06333333333333334,0
584,PAYMENT,1.0,C4681264539,0.0,0.0,M3605446007,0.0,0.0,0,0.0,0
589,TRANSFER,3865.12,C8015775567,4506.92,641.8,M1199447370,0.0,0.0,1,0.31666666666666665,0
351,DEBIT,10745.34,C4322510552,58855.89,48110.55,M3145756342,0.0,0.0,0,0.01,0
638,TRANSFER,659.81,C4656572173,550.2,0.0,M9404002665,0.0,0.0,1,0.27,0
254,PAYMENT,189.37,C7988845536,216.65,27.28,M3355504998,0.0,0.0,0,0.0,0
147,PAYMENT,18.77,C3710566582,23.89,5.12,M2839566253,0.0,0.0,0,0.0,0
77,DEBIT,1.0,C3587283948,0.0,0.0,M1413599241,0.0,0.0,0,0.03,0
94,CASH_OUT,3641.73,C3319936135,4159.12,517.39,C2627677155,448.85,448.85,1,0.0033333333333333335,0
116,CASH_OUT,72.32,C6859286614,65.75,0.0,C1051354601,317.89,317.89,1,0.01,0
90,PAYMENT,36.66,C9953941533,66.47,29.81,M8869140487,0.0,0.0,0,0.0,0
214,PAYMENT,1.0,C3791027186,0.0,0.0,M9631695368,0.0,0.0,0,0.0,0
709,TRANSFER,14.99,C8086527181,27.75,12.76,C2094024844,28.96,43.95,0,0.12333333333333334,0
703,CASH_OUT,6.52,C7949795085,29.9,23.38,C7573442717,15.97,15.97,0,0.023333333333333334,0
689,TRANSFER,269.83,C5673482258,701.37,431.54,C8796286443,3.24,273.07,0,0.05333333333333334,0
343,PAYMENT,552.36,C6921525436,748.82,196.46,M7651029165,0.0,0.0,0,0.0,0
630,PAYMENT,1.0,C8846861559,0.0,0.0,M9640701016,0.0,0.0,0,0.0,0
381,PAYMENT,596.72,C1855256552,1132.84,536.12,M8443061472,0.0,0.0,0,0.0,0
469,TRANSFER,1474.18,C6334440295,1307.19,0.0,M1694904767,0.0,0.0,1,0.4666666666666667,0
540,PAYMENT,362.84,C3841827734,7122.95,6760.11,M6651754819,0.0,0.0,0,0.0,0
9,PAYMENT,1.0,C6488854841,1.0,0.0,M6659847491,0.0,0.0,0,0.0,0
334,PAYMENT,1.0,C4696689457,0.0,0.0,M3317856944,0.0,0.0,0,0.0,0
272,PAYMENT,46.76,C9943959352,118322.29,118275.53,M7764117705,0.0,0.0,0,0.0,0
161,PAYMENT,37.24,C8997701619,79.27,42.03,M9020002737,0.0,0.0,0,0.0,0
238,PAYMENT,109.7,C5315211627,314.0,204.3,M9918338001,0.0,0.0,0,0.0,0
13,PAYMENT,1.0,C1033015788,0.0,0.0,M9288057824,0.0,0.0,0,0.0,0
262,CASH_OUT,1.0,C8252045593,0.0,0.0,C4710967433,0.0,0.0,0,0.02666666666666667,0
360,TRANSFER,107.7,C3591527330,351.08,243.38,C7579604766,17.82,125.52,0,0.043333333333333335,0
317,TRANSFER,2.04,C8211516617,902.74,900.7,C8940731272,247.19,249.23,0,0.0033333333333333335,0
255,TRANSFER,4083.13,C1149460439,3626.56,0.0,M1257854279,0.0,0.0,1,0.8333333333333334,1
196,CASH_IN,92286.27,C4748302739,72.33,92358.6,C7965608188,13612.85,13612.85,0,0.0,0
680,PAYMENT,291.02,C5140460939,554.12,263.1,M8646369354,0.0,0.0,0,0.0,0
18,PAYMENT,350.87,C6173344564,409.05,58.18,M6732306182,0.0,0.0,0,0.0,0
621,CASH_IN,17161.05,C8934097788,0.0,17161.05,C6986770879,239.84,239.84,0,0.0,0
264,PAYMENT,315.43,C8137764127,2948.86,2633.43,M6771941776,0.0,0.0,0,0.0,0
201,TRANSFER,114.95,C8588769565,130.54,15.59,M2778069478,0.0,0.0,1,0.16333333333333333,0
1,CASH_OUT,3100.03,C6572436051,3507.77,407.74,C4660390742,0.0,0.0,0,0.016666666666666666,0
495,TRANSFER,983.23,C4873807154,1760.17,776.94,C3429019820,940.3,1923.53,0,0.03,0
269,PAYMENT,2.27,C8833889083,2.4,0.13,M8626371177,0.0,0.0,0,0.0,0
280,PAYMENT,3.13,C3057629778,9.12,5.99,M2121448210,0.0,0.0,0,0.0,0
470,TRANSFER,34.94,C4163119785,130.61,95.67,C1643611097,0.0,34.94,0,0.16,0
182,CASH_OUT,1.0,C4524233168,0.0,0.0,C6628158856,38.94,38.94,0,0.0,0
337,CASH_OUT,33484.74,C6121801720,31493.64,0.0,M4460319291,0.0,0.0,1,0.02666666666666667,0
153,PAYMENT,1.0,C9255898264,0.0,0.0,M1306420495,0.0,0.0,0,0.0,0
8,PAYMENT,1.0,C4131356954,0.0,0.0,M3192202822,0.0,0.0,0,0.0,0
643,TRANSFER,91.63,C1182758417,100.47,8.84,C8867077130,31.03,122.66,0,0.11333333333333333,0
622,CASH_OUT,1.0,C4460967357,0.0,0.0,C7088949191,8.36,8.36,0,0.056666666666666664,0
245,TRANSFER,68092.13,C1026224160,61144.24,0.0,M3223687972,0.0,0.0,1,0.79,1
674,PAYMENT,71.18,C5129478722,75.73,4.55,M2655546199,0.0,0.0,0,0.0,0
324,PAYMENT,522.87,C2941289685,629.56,106.69,M3355504998,0.0,0.0,0,0.0,0
412,TRANSFER,1.0,C8779941999,0.0,0.0,C2065354117,0.0,1.0,0,0.20666666666666667,0
469,DEBIT,68.96,C7316122432,73.3,4.34,M1083302600,0.0,0.0,0,0.043333333333333335,0
551,PAYMENT,1.0,C3377702111,0.0,0.0,M1692044390,0.0,0.0,0,0.0,0
454,CASH_OUT,34.83,C5187948804,104.84,70.01,C4403845222,31.46,31.46,0,0.04666666666666667,0
474,PAYMENT,1.0,C7648059419,0.0,0.0,M7678293431,0.0,0.0,0,0.0,0
372,DEBIT,535.93,C3828935922,1230.45,694.52,M8768773991,0.0,0.0,0,0.013333333333333334,0
374,CASH_OUT,27857.84,C1600406558,39140.09,11282.25,M7764117705,0.0,0.0,1,0.0,0
162,TRANSFER,12.55,C7199283151,22.47,9.92,C4026816435,127.13,139.68,0,0.023333333333333334,0
63,TRANSFER,1672.47,C3438771483,2215.13,542.66,M7948094928,0.0,0.0,1,0.16666666666666666,0
425,CASH_OUT,1.2,C8598503901,1.37,0.17,C2047905204,6864.62,6864.62,0,0.04,0
595,PAYMENT,173.71,C2331039957,364.34,190.63,M3469205576,0.0,0.0,0,0.0,0
293,PAYMENT,1.0,C6320115677,0.0,0.0,M8821456242,0.0,0.0,0,0.0,0
716,TRANSFER,1.0,C7371573279,0.0,0.0,C3058982440,0.0,1.0,0,0.21333333333333335,0
56,TRANSFER,1.0,C7540301973,0.0,0.0,C7561728644,495.18,496.18,0,0.02,0
506,PAYMENT,1457.77,C1287814151,2719.4,1261.63,M2115862756,0.0,0.0,0,0.0,0
463,PAYMENT,13.1,C4403845222,31.46,18.36,M8458323087,0.0,0.0,0,0.0,0
641,TRANSFER,3490.94,C9691572571,3196.96,0.0,C8291250562,4.88,4.88,1,0.8566666666666667,1
226,TRANSFER,1525.79,C7415801613,1337.45,0.0,M4522855590,0.0,0.0,1,0.37666666666666665,0
259,TRANSFER,5635.5,C3389594115,11088.65,5453.15,C4470591645,69149.02,74784.52,0,0.0,0
652,TRANSFER,880.58,C7887950851,1074.44,193.86,M3636366799,0.0,0.0,1,0.16666666666666666,0
81,PAYMENT,1.0,C5492496998,0.0,0.0,M6845287382,0.0,0.0,0,0.0,0
92,CASH_OUT,414.69,C6289150149,398.56,0.0,M4122901114,0.0,0.0,1,0.03,0
192,PAYMENT,1.0,C2602884797,0.0,0.0,M3534186676,0.0,0.0,0,0.0,0
581,TRANSFER,1083.38,C3995732958,1335.38,252.0,C5641959772,5269.48,5269.48,1,0.02666666666666667,0
720,CASH_OUT,81.53,C3923823693,193.37,111.84,C3033747850,15.09,15.09,0,0.02666666666666667,0
447,PAYMENT,1.0,C4042413312,0.0,0.0,M4892544235,0.0,0.0,0,0.0,0
624,PAYMENT,5828.87,C2173242669,18057.7,12228.83,M7532669066,0.0,0.0,0,0.0,0
223,CASH_OUT,334.99,C5071897791,477.58,142.59,M4456193555,0.0,0.0,1,0.0,0
411,CASH_OUT,774.55,C2869999754,1089.1,314.55,C5884391502,0.0,0.0,0,0.05,0
113,CASH_OUT,2354.34,C3615507143,2079.1,0.0,M7341757401,0.0,0.0,1,0.05,0
16,TRANSFER,1.72,C6242173772,2.37,0.65,C7471636437,0.0,1.72,0,0.19333333333333333,0
130,TRANSFER,2324.92,C6115750294,2145.57,0.0,M7960713821,0.0,0.0,1,0.5866666666666667,1
545,PAYMENT,261.0,C5474951950,450.89,189.89,M4952177946,0.0,0.0,0,0.0,0
523,CASH_OUT,5.24,C4274958945,14.42,9.18,C3424843951,0.7,0.7,0,0.03333333333333333,0
56,CASH_OUT,1.0,C5419627962,0.0,0.0,C1547374338,0.0,0.0,0,0.0033333333333333335,0
587,PAYMENT,1.0,C3878201524,0.0,0.0,M6606958660,0.0,0.0,0,0.0,0
150,CASH_OUT,345.84,C8734449371,482.42,136.58,M7664045502,0.0,0.0,1,0.006666666666666667,0
478,PAYMENT,135.94,C9771848610,772.76,636.82,M4896576569,0.0,0.0,0,0.0,0
555,TRANSFER,6858.31,C6392415228,17120.13,10261.82,C9751963589,292.75,7151.06,0,0.01,0
159,CASH_OUT,1770.83,C7551874474,1482.55,0.0,C7838460497,2.43,2.43,1,0.05,0
227,CASH_OUT,1.0,C7305101214,0.0,0.0,C7321180787,564.19,564.19,0,0.006666666666666667,0
126,PAYMENT,2.51,C9432088993,8.1,5.59,M1306420495,0.0,0.0,0,0.0,0
610,CASH_OUT,2387.72,C4734111722,2401.1,13.38,M1711271599,0.0,0.0,1,0.04,0
169,DEBIT,1.0,C6922713963,0.0,0.0,M7948094928,0.0,0.0,0,0.03,0
200,PAYMENT,13.35,C1792214339,15.19,1.84,M2839566253,0.0,0.0,0,0.0,0
689,TRANSFER,232.05,C4921003983,6679.75,6447.7,C1225447588,0.0,232.05,0,0.12333333333333334,0
83,TRANSFER,1.0,C5868640848,0.0,0.0,C8734449371,136.58,137.58,0,0.05,0
455,CASH_OUT,2767.69,C5455441991,2682.45,0.0,M2391874847,0.0,0.0,1,0.38,0
600,TRANSFER,1369.08,C2168041588,1646.52,277.44,C9958044697,838.75,838.75,1,0.05333333333333334,0
56,TRANSFER,741.4,C7406579219,675.43,0.0,C5778781449,1.98,743.38,1,0.08,0
397,CASH_OUT,76869.07,C3792347639,65591.53,0.0,M4522855590,0.0,0.0,1,0.056666666666666664,0
688,CASH_OUT,1041.26,C5028688786,1042.73,1.47,M5815678365,0.0,0.0,1,0.11,0
457,CASH_OUT,4864.52,C2994056084,4575.45,0.0,C3196545325,2.52,2.52,1,0.31333333333333335,0
405,PAYMENT,9.11,C3574081104,12.9,3.79,M3019265031,0.0,0.0,0,0.0,0
527,TRANSFER,491.73,C4564751926,672.97,181.24,M4665677395,0.0,0.0,1,0.12,0
25,PAYMENT,1.0,C9508499533,0.0,0.0,M6932365592,0.0,0.0,0,0.0,0
167,DEBIT,7.93,C2914590233,13.66,5.73,M8058679999,0.0,0.0,0,0.02,0
422,TRANSFER,650.2,C2014766981,617.56,0.0,M4588312351,0.0,0.0,1,0.25,0
191,PAYMENT,1.0,C4282810353,0.0,0.0,M1099218439,0.0,0.0,0,0.0,0
333,PAYMENT,1.0,C6075963527,0.0,0.0,M8740820392,0.0,0.0,0,0.0,0
542,PAYMENT,448.69,C4655935832,887.22,438.53,M2711123163,0.0,0.0,0,0.0,0
375,PAYMENT,212.21,C8211516617,900.7,688.49,M7764117705,0.0,0.0,0,0.0,0
396,PAYMENT,1.0,C5868640848,0.0,0.0,M6992094064,0.0,0.0,0,0.0,0
653,CASH_OUT,86.27,C1662259333,78.28,0.0,C8168204967,164.55,164.55,1,0.056666666666666664,0
599,TRANSFER,147.97,C5092199300,294.31,146.34,C6338036681,0.0,147.97,0,0.07333333333333333,0
595,TRANSFER,6721.32,C3051831252,9532.09,2810.77,C5613655595,5.88,6727.2,1,0.043333333333333335,0
402,PAYMENT,1.0,C8503368512,0.0,0.0,M1694904767,0.0,0.0,0,0.0,0
219,TRANSFER,14811.29,C6178804925,17529.48,2718.19,C5945359606,363.54,15174.83,1,0.0,0
88,CASH_OUT,2136.84,C8879525611,2155.31,18.47,M9773795424,0.0,0.0,1,0.0033333333333333335,0
426,PAYMENT,1.0,C9516893896,0.0,0.0,M2695447268,0.0,0.0,0,0.0,0
104,PAYMENT,39.15,C6882074066,49.09,9.94,M7366396017,0.0,0.0,0,0.0,0
387,TRANSFER,110.78,C1230249217,152.05,41.27,C6169243284,43.12,153.9,0,0.03666666666666667,0
423,CASH_OUT,127542.85,C9354542654,114868.52,0.0,M9581187661,0.0,0.0,1,0.19,0
42,CASH_IN,10430.63,C3837784389,4.36,10434.99,C5474951950,189.89,189.89,0,0.0,0
343,PAYMENT,1.0,C9229469952,0.23,0.0,M2635881694,0.0,0.0,0,0.0,0
651,PAYMENT,280.63,C5461537013,487.98,207.35,M3690714075,0.0,0.0,0,0.0,0
320,TRANSFER,276.16,C5254923696,6685.12,6408.96,C1316756902,0.0,276.16,0,0.013333333333333334,0
685,TRANSFER,1321.95,C2479679716,1464.04,142.09,M5891831621,0.0,0.0,1,0.21,0
715,DEBIT,113.1,C6711463258,133.2,20.1,M4158643786,0.0,0.0,0,0.03,0
562,CASH_OUT,1.0,C1207916194,0.32,0.0,C9484167278,0.0,0.0,0,0.06,0
709,PAYMENT,1.0,C1726990714,1.57,0.57,M8044997538,0.0,0.0,0,0.0,0
711,CASH_IN,96589.9,C3271361431,16.61,96606.51,C4466589567,0.0,0.0,0,0.0,0
277,DEBIT,7.3,C8118065825,14.42,7.12,M2586712032,0.0,0.0,0,0.02,0
99,TRANSFER,1.0,C7529817193,0.0,0.0,C8047877267,14322.05,14323.05,0,0.0,0
402,PAYMENT,6.43,C7242730249,8.57,2.14,M8443061472,0.0,0.0,0,0.0,0
603,PAYMENT,1.0,C4735334423,0.0,0.0,M6846530109,0.0,0.0,0,0.0,0
546,CASH_OUT,14.91,C3019214800,24.16,9.25,C6065662867,0.0,0.0,0,0.03333333333333333,0
242,PAYMENT,1.0,C6089026099,1.33,0.33,M7192742877,0.0,0.0,0,0.0,0
292,PAYMENT,50.41,C6517150278,117.36,66.95,M7270955446,0.0,0.0,0,0.0,0
543,TRANSFER,2.32,C2914590233,5.73,3.41,C1209063208,3160.15,3162.47,0,0.04,0
149,PAYMENT,7.75,C2646331504,13.72,5.97,M4665677395,0.0,0.0,0,0.0,0
662,CASH_OUT,79.83,C7475684019,75.58,0.0,C8588769565,15.59,15.59,1,0.06,0
590,CASH_OUT,68.47,C4735313433,65.09,0.0,M6200141898,0.0,0.0,1,0.07,0
710,CASH_OUT,1.0,C8373547961,0.0,0.0,C5710360983,526.12,526.12,0,0.056666666666666664,0
384,TRANSFER,1.0,C6155234610,0.0,0.0,C6515369278,8070.11,8071.11,0,0.0,0
528,CASH_OUT,945.67,C5625342041,820.77,0.0,C7088451458,0.0,0.0,1,0.25,0
23,PAYMENT,685.78,C3470617247,80488.98,79803.2,M9640701016,0.0,0.0,0,0.0,0
368,PAYMENT,1.0,C2111272861,0.0,0.0,M3595066420,0.0,0.0,0,0.0,0
569,CASH_OUT,5750.89,C2699887270,4826.6,0.0,C6789292252,0.0,0.0,1,0.20333333333333334,0
405,DEBIT,3.22,C7895255573,5.96,2.74,M2115862756,0.0,0.0,0,0.04,0
439,PAYMENT,53.68,C6754503097,165.25,111.57,M7437168216,0.0,0.0,0,0.0,0
80,PAYMENT,933.84,C6385791669,1782.63,848.79,M8626371177,0.0,0.0,0,0.0,0
390,PAYMENT,71.91,C7340428136,79.35,7.44,M8102481401,0.0,0.0,0,0.0,0
689,PAYMENT,24.83,C9451577335,28.62,3.79,M5412437658,0.0,0.0,0,0.0,0
219,TRANSFER,570.68,C9592390865,640.9,70.22,C2416760621,86203.54,86774.22,1,0.0,0
361,TRANSFER,1929.61,C9919491730,1765.49,0.0,M4158643786,0.0,0.0,1,0.44333333333333336,0
591,TRANSFER,212.79,C8048810275,189.03,0.0,C5354747485,0.0,0.0,1,0.23666666666666666,0
37,TRANSFER,8.62,C7452729913,30.69,22.07,C4386667704,0.0,8.62,0,0.15666666666666668,0
287,TRANSFER,2229.9,C4700855390,2806.17,576.27,C1662976399,0.0,0.0,1,0.19333333333333333,0
369,CASH_OUT,5445.56,C5993571693,4918.46,0.0,C7852415525,654.79,654.79,1,0.11666666666666667,0
308,PAYMENT,1.0,C8719734235,0.0,0.0,M4588312351,0.0,0.0,0,0.0,0
426,PAYMENT,1.0,C7635473142,0.0,0.0,M8366710477,0.0,0.0,0,0.0,0
266,TRANSFER,26.55,C2941289685,106.69,80.14,C6591038760,100.0,126.55,0,0.03666666666666667,0
558,PAYMENT,2011.31,C2515672889,9637.47,7626.16,M5412437658,0.0,0.0,0,0.0,0
633,TRANSFER,126.24,C6276339732,109.6,0.0,C4956362540,0.0,0.0,1,0.23666666666666666,0
237,PAYMENT,2.8,C6562457052,5.85,3.05,M4390543744,0.0,0.0,0,0.0,0
352,CASH_OUT,127.12,C1234359689,174.8,47.68,M8058679999,0.0,0.0,1,0.013333333333333334,0
448,TRANSFER,1.0,C1484664056,0.0,0.0,C5175416378,0.0,1.0,0,0.22,0
333,PAYMENT,27.73,C2369705770,57.87,30.14,M1257854279,0.0,0.0,0,0.0,0
672,DEBIT,245.87,C3383331379,285.94,40.07,M6053489772,0.0,0.0,0,0.02666666666666667,0
622,TRANSFER,672.81,C1225953184,878.45,205.64,C7271954644,0.0,0.0,1,0.15333333333333332,0
54,PAYMENT,1.0,C9248574674,0.0,0.0,M2136107759,0.0,0.0,0,0.0,0
354,CASH_OUT,4400.78,C6110943464,4657.88,257.1,M5815678365,0.0,0.0,1,0.013333333333333334,0
378,PAYMENT,1.49,C5083595988,310.26,308.77,M5380159400,0.0,0.0,0,0.0,0
511,PAYMENT,1.0,C9547119184,0.0,0.0,M9977193987,0.0,0.0,0,0.0,0
148,CASH_OUT,3.44,C2789144223,4.29,0.85,C3271361431,96606.51,96606.51,0,0.0,0
270,DEBIT,4237.18,C6991473746,19007.49,14770.31,M9590331226,0.0,0.0,0,0.016666666666666666,0
591,CASH_IN,16224.01,C5293274004,0.0,16224.01,C7430757004,0.0,0.0,0,0.0,0
324,CASH_OUT,3461.43,C5802739154,3156.64,0.0,M9523139706,0.0,0.0,1,0.11333333333333333,0
668,CASH_OUT,1.0,C9420979586,0.0,0.0,C1563524533,15.54,15.54,0,0.05,0
332,PAYMENT,118.75,C1494287462,145.98,27.23,M9581187661,0.0,0.0,0,0.0033333333333333335,0
215,TRANSFER,2154.4,C4681264539,1885.23,0.0,M4306983924,0.0,0.0,1,0.5933333333333334,1
579,TRANSFER,1.0,C3780475472,0.0,0.0,C8295757364,25.03,26.03,0,0.19,0
688,TRANSFER,145.96,C9354711271,207.1,61.14,C8390631634,4103.91,4249.87,0,0.02,0
680,CASH_OUT,1.0,C6186758088,0.0,0.0,C8235363119,0.0,0.0,0,0.056666666666666664,0
413,PAYMENT,53.59,C9744120054,81.6,28.01,M8858274691,0.0,0.0,0,0.0,0
438,PAYMENT,1.0,C4550353803,0.0,0.0,M6284297249,0.0,0.0,0,0.0,0
6,TRANSFER,36.07,C3923823693,111.84,75.77,C5625411308,0.0,36.07,0,0.14666666666666667,0
40,CASH_IN,69801.62,C9471306442,88.48,69890.1,C4641561499,263.22,263.22,0,0.0,0
652,CASH_OUT,667.4,C8274219704,884.45,217.05,C5160575046,76.16,76.16,1,0.02666666666666667,0
51,CASH_IN,7453.46,C1127978094,1.17,7454.63,C8532327465,75.26,75.26,0,0.0,0
707,TRANSFER,4100.84,C4658080160,4659.09,558.25,M8144352013,0.0,0.0,1,0.31333333333333335,0
321,TRANSFER,70689.35,C6588252632,64437.54,0.0,M9752092528,0.0,0.0,1,0.8266666666666667,1
32,CASH_OUT,1099.82,C1045302356,1367.78,267.96,M9590331226,0.0,0.0,1,0.0,0
663,TRANSFER,1175.29,C7022683808,1192.39,17.1,M6313472215,0.0,0.0,1,0.25,0
427,PAYMENT,1.91,C3574081104,3.79,1.88,M1199447370,0.0,0.0,0,0.0,0
97,CASH_OUT,1568.21,C9379439373,1658.3,90.09,M5380159400,0.0,0.0,1,0.0033333333333333335,0
295,PAYMENT,52.16,C8441393731,105.02,52.86,M9918338001,0.0,0.0,0,0.0,0
637,PAYMENT,77.79,C8039917766,238.57,160.78,M4460319291,0.0,0.0,0,0.0,0
576,PAYMENT,1.0,C2524751277,0.0,0.0,M6865994703,0.0,0.0,0,0.0,0
313,TRANSFER,3274.89,C1039887139,4180.26,905.37,M9640701016,0.0,0.0,1,0.21666666666666667,0
587,PAYMENT,116.75,C2965254350,269.69,152.94,M6932365592,0.0,0.0,0,0.0,0
302,CASH_OUT,1.0,C5646880148,0.0,0.0,C2525930586,435.9,435.9,0,0.03,0
699,PAYMENT,1.0,C6317152031,0.0,0.0,M3355504998,0.0,0.0,0,0.0,0
304,CASH_OUT,354.52,C3389594115,5453.15,5098.63,C4820055862,0.0,0.0,0,0.0,0
599,CASH_OUT,1.0,C2586568081,0.0,0.0,C5710360983,526.12,526.12,0,0.06666666666666667,0
70,PAYMENT,1.0,C7620473079,0.0,0.0,M1466305100,0.0,0.0,0,0.0,0
694,PAYMENT,87.16,C2620054076,314.48,227.32,M2303835765,0.0,0.0,0,0.0,0
385,TRANSFER,1.0,C3483827971,0.0,0.0,C1939042955,699.24,700.24,0,0.013333333333333334,0
149,PAYMENT,1.0,C6710338189,0.0,0.0,M8144889126,0.0,0.0,0,0.0,0
715,PAYMENT,5.1,C1399546384,11.0,5.9,M9255306810,0.0,0.0,0,0.0,0
20,PAYMENT,23898.42,C6691628146,52267.33,28368.91,M2136107759,0.0,0.0,0,0.0,0
544,PAYMENT,1309.88,C6756332150,99527.26,98217.38,M8058679999,0.0,0.0,0,0.0,0
281,PAYMENT,4.32,C1847275937,20.5,16.18,M3107992942,0.0,0.0,0,0.0,0
344,CASH_OUT,4202.45,C8999963054,5397.71,1195.26,C1439921366,5.57,5.57,1,0.006666666666666667,0
324,CASH_IN,65703.91,C6054421752,0.0,65703.91,C1104906255,55.43,55.43,0,0.0,0
712,CASH_OUT,754.4,C2260326267,720.67,0.0,C4972536230,10316.07,10316.07,1,0.04666666666666667,0
99,TRANSFER,1.0,C6562144159,0.0,0.0,C4638577630,4.3,5.3,0,0.19666666666666666,0
198,TRANSFER,24.63,C1659663750,30.24,5.61,C5416031878,88.13,112.76,0,0.056666666666666664,0
405,PAYMENT,223.41,C5294535887,119558.34,119334.93,M1458227039,0.0,0.0,0,0.0,0
113,DEBIT,139.71,C1684598046,356.72,217.01,M2635881694,0.0,0.0,0,0.01,0
169,TRANSFER,1946.45,C4623960580,2593.12,646.67,M6932365592,0.0,0.0,1,0.15,0
376,PAYMENT,1950.16,C5283911723,9315.59,7365.43,M2518433834,0.0,0.0,0,0.0,0
121,CASH_OUT,3282.93,C8588769565,3183.52,0.0,C5667181604,0.0,0.0,1,0.05333333333333334,0
152,TRANSFER,1.0,C4203205881,0.0,0.0,C8001729836,98129.82,98130.82,0,0.0,0
600,PAYMENT,3.9,C3185386258,15.28,11.38,M5794335854,0.0,0.0,0,0.0,0
502,TRANSFER,75.68,C8115628227,65.9,0.0,C2379592595,286.18,361.86,1,0.1,0
61,CASH_OUT,1146.82,C9639245200,1254.29,107.47,M8790289305,0.0,0.0,1,0.0,0
437,TRANSFER,6.36,C1725783958,7.84,1.48,C2224363672,7.5,13.86,0,0.14666666666666667,0
60,TRANSFER,7081.31,C8689593739,9125.38,2044.07,M2391874847,0.0,0.0,1,0.2,0
429,PAYMENT,1.0,C2445662585,0.0,0.0,M1458227039,0.0,0.0,0,0.0,0
507,CASH_OUT,224.93,C1194576436,216.18,0.0,M7960713821,0.0,0.0,1,0.07333333333333333,0
130,CASH_OUT,1.0,C1276905285,0.0,0.0,C4283432667,4754.3,4754.3,0,0.0,0
434,PAYMENT,502.4,C3316787198,1206.21,703.81,M4122901114,0.0,0.0,0,0.0,0
277,PAYMENT,16.3,C2774884818,42.66,26.36,M2156184315,0.0,0.0,0,0.0,0
111,TRANSFER,2715.82,C5613655595,6727.2,4011.38,C3880327491,0.65,2716.47,0,0.01,0
5,PAYMENT,2193.8,C2515672889,7626.16,5432.36,M6101516825,0.0,0.0,0,0.0,0
242,TRANSFER,294.24,C5877639950,532.52,238.28,C5884080139,11861.62,12155.86,0,0.0,0
298,TRANSFER,2014.15,C2566942273,2325.38,311.23,M5734228580,0.0,0.0,1,0.19666666666666666,0
159,PAYMENT,1.95,C2377246195,6.15,4.2,M1857561275,0.0,0.0,0,0.0,0
537,TRANSFER,1.0,C8684026200,0.0,0.0,C6353758928,101.86,102.86,0,0.12666666666666668,0
558,CASH_OUT,1349.51,C5625980561,2025.68,676.17,C2087974350,59439.71,59439.71,0,0.016666666666666666,0
134,CASH_OUT,395.66,C3426709025,594.19,198.53,C9974165440,0.0,0.0,0,0.006666666666666667,0
281,CASH_OUT,19.08,C7452729913,22.07,2.99,C9461708554,72.95,72.95,0,0.01,0
166,PAYMENT,68.46,C4332894265,1057.61,989.15,M4035639663,0.0,0.0,0,0.0,0
552,PAYMENT,1.0,C6493800024,0.0,0.0,M8740820392,0.0,0.0,0,0.0,0
86,PAYMENT,1.0,C3346569443,0.0,0.0,M9752092528,0.0,0.0,0,0.0,0
531,TRANSFER,16.17,C3371357111,26.81,10.64,C8943866829,0.0,16.17,0,0.17,0
699,PAYMENT,1.37,C7292076361,3.36,1.99,M3145756342,0.0,0.0,0,0.0,0
40,PAYMENT,144.39,C8458717057,303.15,158.76,M8102481401,0.0,0.0,0,0.0,0
86,CASH_OUT,77105.33,C6218484323,93346.71,16241.38,C7596745715,0.0,0.0,0,0.0,0
225,PAYMENT,222.09,C8318855178,395.82,173.73,M1888107487,0.0,0.0,0,0.0,0
556,PAYMENT,1.0,C2445662585,0.0,0.0,M9576264323,0.0,0.0,0,0.0,0
547,TRANSFER,7536.91,C4602080228,13518.17,5981.26,C6922713963,0.0,7536.91,0,0.03333333333333333,0
249,PAYMENT,1.0,C8703867299,0.0,0.0,M5067400473,0.0,0.0,0,0.0,0
315,TRANSFER,2.48,C3185386258,11.38,8.9,C8203447752,0.0,2.48,0,0.15666666666666668,0
304,DEBIT,1.0,C5278201677,0.0,0.0,M6041646576,0.0,0.0,0,0.04,0
118,CASH_OUT,67847.81,C9611537583,86574.9,18727.09,C1322401182,712.21,712.21,1,0.0,0
592,PAYMENT,1.0,C3664052763,0.0,0.0,M9625656293,0.0,0.0,0,0.0,0
351,PAYMENT,2.1,C7088949191,8.36,6.26,M1811839103,0.0,0.0,0,0.0,0
310,TRANSFER,1917.21,C8719734235,1676.03,0.0,M3457877922,0.0,0.0,1,0.43666666666666665,0
676,CASH_OUT,98.65,C6405851839,169.22,70.57,C2254516608,0.0,0.0,0,0.02666666666666667,0
151,TRANSFER,22916.93,C4026113008,22675.31,0.0,C8907752604,35614.31,35614.31,1,0.0,0
48,CASH_OUT,1.0,C1662976399,0.0,0.0,C4026379752,163.15,163.15,0,0.0,0
201,CASH_OUT,1.0,C6242173772,0.65,0.0,C2940955281,0.98,0.98,0,0.013333333333333334,0
416,TRANSFER,1014.26,C2289624427,2352.24,1337.98,C4440904834,0.0,1014.26,0,0.06,0
412,CASH_OUT,1.0,C4566852761,0.0,0.0,C5474951950,189.89,189.89,0,0.09,0
478,PAYMENT,1.0,C3377702111,0.0,0.0,M6651020291,0.0,0.0,0,0.0,0
622,PAYMENT,5.27,C7227593033,13.9,8.63,M8790289305,0.0,0.0,0,0.0,0
524,PAYMENT,8.79,C8236980551,31.4,22.61,M7750131975,0.0,0.0,0,0.0,0
127,PAYMENT,1.0,C1725783958,1.48,0.48,M8102481401,0.0,0.0,0,0.0,0
529,PAYMENT,1.0,C5354747485,0.0,0.0,M6401844042,0.0,0.0,0,0.0,0
432,PAYMENT,461.2,C1271730355,700.94,239.74,M9896529524,0.0,0.0,0,0.0,0
660,PAYMENT,1.0,C5638860656,0.13,0.0,M4306983924,0.0,0.0,0,0.0,0
641,CASH_OUT,1833.42,C1586412136,2563.84,730.42,M9752092528,0.0,0.0,1,0.02666666666666667,0
63,TRANSFER,203.09,C9987064419,214.21,11.12,M2910594463,0.0,0.0,1,0.16666666666666666,0
654,PAYMENT,24.92,C8477300991,39.85,14.93,M5714658227,0.0,0.0,0,0.0,0
113,TRANSFER,4902.14,C8316648259,4085.28,0.0,C2570991899,26.89,26.89,1,0.62,1
340,CASH_OUT,1357.79,C4472312361,1532.1,174.31,C4997866845,215.96,215.96,1,0.006666666666666667,0
608,PAYMENT,2167.33,C5284391408,9939.49,7772.16,M4665677395,0.0,0.0,0,0.0,0
452,CASH_OUT,1.0,C2493660313,0.0,0.0,C7061419749,215.35,215.35,0,0.08,0
672,PAYMENT,1352.53,C2970753705,1821.42,468.89,M4952177946,0.0,0.0,0,0.0,0
577,TRANSFER,2514.81,C1084790270,3090.5,575.69,M5734228580,0.0,0.0,1,0.2866666666666667,0
470,TRANSFER,162.46,C2645272822,172.85,10.39,C3891796055,0.0,162.46,0,0.08666666666666667,0
227,TRANSFER,2321.25,C8588769565,2154.46,0.0,C5647317872,0.0,0.0,1,0.6766666666666666,1
136,PAYMENT,1.0,C9437783771,0.0,0.0,M9065458220,0.0,0.0,0,0.0,0
42,CASH_OUT,2543.86,C9433570024,2496.43,0.0,M5067400473,0.0,0.0,1,0.043333333333333335,0
521,TRANSFER,86.64,C5182110973,120.91,34.27,M2328736852,0.0,0.0,1,0.17333333333333334,0
423,PAYMENT,7.2,C5358791907,18.98,11.78,M9752092528,0.0,0.0,0,0.0,0
554,CASH_OUT,1996.21,C2349641712,1817.45,0.0,M6041646576,0.0,0.0,1,0.18333333333333332,0
698,TRANSFER,37.95,C3768901084,74.71,36.76,C7934137693,0.0,37.95,0,0.16666666666666666,0
534,PAYMENT,56.06,C8663837890,51798.12,51742.06,M6401844042,0.0,0.0,0,0.0,0
99,PAYMENT,1.0,C2349406919,0.0,0.0,M6845287382,0.0,0.0,0,0.0,0
177,CASH_OUT,484.62,C8243746556,665.64,181.02,M8790289305,0.0,0.0,1,0.016666666666666666,0
321,CASH_OUT,1897.7,C5025070544,1981.18,83.48,M2604788242,0.0,0.0,1,0.013333333333333334,0
557,TRANSFER,198.9,C1225447588,232.05,33.15,C3591527330,243.38,442.28,0,0.07,0
540,TRANSFER,3154.7,C3371357111,3940.16,785.46,M6651020291,0.0,0.0,1,0.2966666666666667,0
102,TRANSFER,1.0,C8252045593,0.0,0.0,C4693510920,124.77,125.77,0,0.06,0
560,CASH_IN,120207.17,C3710566582,5.12,120212.29,C6102144947,593.34,593.34,0,0.0,0
528,PAYMENT,93.15,C8318855178,173.73,80.58,M3438830691,0.0,0.0,0,0.0,0
692,PAYMENT,7250.74,C3694860228,132968.77,125718.03,M4160161496,0.0,0.0,0,0.0,0
38,PAYMENT,519.72,C2720484983,736.11,216.39,M3208200227,0.0,0.0,0,0.0,0
715,TRANSFER,6.97,C7799567490,32.06,25.09,C8322868827,33.19,40.16,0,0.12333333333333334,0
98,PAYMENT,456.98,C7706193636,610.06,153.08,M9523139706,0.0,0.0,0,0.0,0
450,CASH_OUT,4458.13,C7608153267,3753.34,0.0,C3815287619,0.0,0.0,1,0.4066666666666667,0
38,TRANSFER,10.12,C4882343658,24.92,14.8,C7818568548,0.0,10.12,0,0.16,0
424,TRANSFER,6758.99,C9381721143,9624.15,2865.16,C4419410162,1050.44,7809.43,0,0.0033333333333333335,0
682,CASH_OUT,139903.31,C7576309274,143242.0,3338.69,M7437168216,0.0,0.0,1,0.013333333333333334,0
344,CASH_OUT,1.0,C7757700186,0.0,0.0,C6710338189,0.0,0.0,0,0.03666666666666667,0
171,PAYMENT,1256.71,C5750815980,1421.05,164.34,M3536590481,0.0,0.0,0,0.0,0
344,PAYMENT,2.64,C7452729913,2.99,0.35,M3438830691,0.0,0.0,0,0.0,0
603,CASH_OUT,3928.09,C7038841740,3967.46,39.37,C4993808565,0.0,0.0,1,0.05,0
105,TRANSFER,1565.95,C7209571615,1526.95,0.0,M4689605624,0.0,0.0,1,0.38333333333333336,0
572,CASH_IN,86762.19,C4631048029,1184.9,87947.09,C5072538783,128.9,128.9,0,0.0,0
226,CASH_OUT,3607.25,C4642197907,5098.97,1491.72,M5694439775,0.0,0.0,1,0.0,0
417,CASH_OUT,87.08,C3843139149,4709.33,4622.25,C3142452709,14.8,14.8,0,0.03,0
518,PAYMENT,1.0,C9433570024,0.0,0.0,M8366710477,0.0,0.0,0,0.0,0
41,PAYMENT,1.0,C4518871744,0.0,0.0,M3192202822,0.0,0.0,0,0.0,0
419,TRANSFER,444.86,C9306142066,597.21,152.35,C9081544414,0.0,0.0,1,0.10666666666666667,0
347,CASH_OUT,1.0,C4073772623,0.0,0.0,C7597996327,0.0,0.0,0,0.03666666666666667,0
342,PAYMENT,1.0,C4482141802,0.0,0.0,M1442421654,0.0,0.0,0,0.0,0
434,PAYMENT,1.0,C9703905715,0.0,0.0,M9026301048,0.0,0.0,0,0.0,0
53,TRANSFER,1.1,C8313706299,3.81,2.71,C8370987661,1846.15,1847.25,0,0.0033333333333333335,0
247,DEBIT,660.74,C2082326234,838.42,177.68,M7351460539,0.0,0.0,0,0.01,0
680,PAYMENT,155.12,C6894699853,171.5,16.38,M2156184315,0.0,0.0,0,0.0,0
122,PAYMENT,547.17,C4302632494,19860.86,19313.69,M3660800029,0.0,0.0,0,0.0,0
354,PAYMENT,1.0,C2654584280,0.0,0.0,M9576264323,0.0,0.0,0,0.0,0
595,TRANSFER,390.75,C4586784711,348.45,0.0,M2541015125,0.0,0.0,1,0.23666666666666666,0
627,CASH_OUT,4439.56,C4656572173,3869.18,0.0,M1908459040,0.0,0.0,1,0.24666666666666667,0
671,PAYMENT,7.76,C7829772942,19.87,12.11,M7514017540,0.0,0.0,0,0.0,0
116,TRANSFER,134.88,C4277561834,559.14,424.26,C4470591645,74784.52,74919.4,0,0.0,0
198,CASH_OUT,3.11,C7316122432,4.34,1.23,C6955593943,2222.11,2222.11,0,0.0,0
709,CASH_OUT,361.9,C2125089309,658.23,296.33,C4172006012,3.03,3.03,0,0.02666666666666667,0
630,PAYMENT,1.0,C1682781467,0.0,0.0,M3223687972,0.0,0.0,0,0.0,0
510,CASH_OUT,3302.67,C8115628227,4668.87,1366.2,M5449848690,0.0,0.0,1,0.02,0
59,PAYMENT,1175.47,C2289624427,1337.98,162.51,M8861351706,0.0,0.0,0,0.0,0
599,CASH_OUT,48.48,C1197092148,68.59,20.11,C4332894265,989.15,989.15,1,0.03333333333333333,0
676,CASH_OUT,2023.42,C5694848867,2618.33,594.91,C3358880404,0.0,0.0,0,0.02666666666666667,0
510,PAYMENT,146.1,C2941508568,412.64,266.54,M9068916300,0.0,0.0,0,0.0,0
11,CASH_OUT,843.19,C5606736607,785.45,0.0,M4665677395,0.0,0.0,1,0.07333333333333333,0
250,TRANSFER,1.0,C1112794026,0.0,0.0,C9354711271,61.14,62.14,0,0.12,0
213,CASH_OUT,5635.03,C3088517710,6608.01,972.98,C6704841644,50.35,50.35,1,0.0,0
479,CASH_OUT,3830.54,C1547374338,4387.31,556.77,M4160161496,0.0,0.0,1,0.03666666666666667,0
369,PAYMENT,4858.7,C3776011793,10005.01,5146.31,M5449848690,0.0,0.0,0,0.0,0
635,PAYMENT,5.48,C3783290795,8.11,2.63,M6041646576,0.0,0.0,0,0.0,0
286,CASH_OUT,1113.87,C8833889083,1083.92,0.0,C6719736115,2.2,2.2,1,0.14666666666666667,0
222,DEBIT,180.62,C7536876169,45376.4,45195.78,M3145756342,0.0,0.0,0,0.006666666666666667,0
344,CASH_IN,4769.02,C2293434554,18.99,4788.01,C9752058817,0.0,0.0,0,0.0,0
232,CASH_OUT,1.0,C3965572185,0.0,0.0,C9270323795,53.27,53.27,0,0.0,0
253,TRANSFER,1.0,C3479708607,0.0,0.0,C3758823240,45.43,46.43,0,0.13666666666666666,0
357,PAYMENT,1.0,C6488854841,0.0,0.0,M8821456242,0.0,0.0,0,0.0,0
433,CASH_OUT,5287.66,C1913706213,4520.31,0.0,M3580582653,0.0,0.0,1,0.2733333333333333,0
460,DEBIT,1.0,C2994056084,0.0,0.0,M2518433834,0.0,0.0,0,0.04666666666666667,0
32,DEBIT,1.0,C3553440342,1.67,0.67,M5315720088,0.0,0.0,0,0.02666666666666667,0
443,CASH_OUT,103.13,C1626733282,263.24,160.11,C8366884200,0.0,0.0,0,0.04,0
716,PAYMENT,5.53,C9904586976,7.47,1.94,M8389750357,0.0,0.0,0,0.0,0
370,CASH_OUT,61.83,C8261111839,67.68,5.85,C7757700186,0.0,0.0,0,0.016666666666666666,0
158,TRANSFER,193.84,C4422700486,231.26,37.42,C1182758417,8.84,8.84,1,0.11333333333333333,0
678,PAYMENT,56.97,C2266622851,75.24,18.27,M6401844042,0.0,0.0,0,0.0,0
617,CASH_OUT,30739.36,C4180599722,26990.6,0.0,M6384311581,0.0,0.0,1,0.16,0
431,PAYMENT,86.82,C8995045543,535.47,448.65,M4641902461,0.0,0.0,0,0.0,0
362,PAYMENT,725.08,C7803990970,123476.49,122751.41,M5959736235,0.0,0.0,0,0.0,0
641,CASH_OUT,4553.16,C4386667704,3936.92,0.0,M3705237613,0.0,0.0,1,0.24333333333333335,0
358,CASH_OUT,298.49,C3316787198,703.81,405.32,C4765583254,0.0,0.0,0,0.016666666666666666,0
169,TRANSFER,75.6,C8991678061,230.27,154.67,C1091729577,0.0,75.6,0,0.07,0
382,PAYMENT,28.74,C9759180824,194.75,166.01,M8044997538,0.0,0.0,0,0.0,0
681,TRANSFER,3567.87,C8293453178,4628.61,1060.74,C4227004325,0.0,0.0,1,0.31333333333333335,0
138,TRANSFER,43641.97,C8215470878,68303.18,24661.21,C7961674558,46.27,43688.24,0,0.0,0
332,CASH_OUT,1.0,C8833399096,0.0,0.0,C6882074066,9.94,9.94,0,0.023333333333333334,0
661,TRANSFER,68.47,C1139082827,74.62,6.15,C1586412136,730.42,798.89,0,0.05333333333333334,0
358,TRANSFER,14734.33,C9032096058,12599.42,0.0,C4713453204,0.0,0.0,1,0.81,1
501,TRANSFER,25826.21,C7462972995,33619.2,7792.99,C7154795660,8243.54,8243.54,1,0.006666666666666667,0
102,TRANSFER,1.7,C9461708554,72.95,71.25,C8325222092,0.0,1.7,0,0.15666666666666668,0
382,PAYMENT,246.42,C7420493866,774.73,528.31,M2391874847,0.0,0.0,0,0.0,0
642,TRANSFER,25.34,C8151583833,124.76,99.42,C1667483244,421.46,446.8,0,0.07333333333333333,0
239,TRANSFER,1.0,C6287793163,0.0,0.0,C1399546384,5.9,6.9,0,0.19333333333333333,0
391,PAYMENT,47.98,C8948573913,123.09,75.11,M9977193987,0.0,0.0,0,0.0,0
283,TRANSFER,1665.1,C8137972345,2722.55,1057.45,C1124331395,84.42,1749.52,0,0.0033333333333333335,0
566,PAYMENT,1.0,C9455610447,1.38,0.38,M3156792018,0.0,0.0,0,0.0,0
389,PAYMENT,91.8,C5461537013,207.35,115.55,M9752092528,0.0,0.0,0,0.0,0
703,PAYMENT,1.0,C6548442140,0.0,0.0,M5570190774,0.0,0.0,0,0.0,0
71,PAYMENT,49.07,C8471762590,89.61,40.54,M9933702652,0.0,0.0,0,0.0,0
144,TRANSFER,27.32,C1772303297,33.47,6.15,C3799264931,26.29,53.61,0,0.10333333333333333,0
80,PAYMENT,21.92,C9085085822,30.65,8.73,M9933702652,0.0,0.0,0,0.0,0
30,CASH_OUT,11536.3,C3837784389,10434.99,0.0,M5564953924,0.0,0.0,1,0.04,0
268,PAYMENT,1.0,C2014766981,0.0,0.0,M6866146362,0.0,0.0,0,0.0,0
526,TRANSFER,1.0,C1674755608,0.0,0.0,C3047869247,20.86,21.86,0,0.18666666666666668,0
368,PAYMENT,2387.52,C4398953973,6584.12,4196.6,M4689605624,0.0,0.0,0,0.0,0
626,TRANSFER,470.96,C1149460439,625.09,154.13,C4655935832,438.53,438.53,1,0.05333333333333334,0
333,PAYMENT,457.72,C5641959772,5269.48,4811.76,M6790024996,0.0,0.0,0,0.0,0
596,CASH_OUT,3468.03,C6496933442,3554.95,86.92,C4693510920,125.77,125.77,1,0.043333333333333335,0
519,PAYMENT,1.0,C7376649850,0.93,0.0,M8366710477,0.0,0.0,0,0.0,0
49,CASH_OUT,109297.53,C9503597301,125883.03,16585.5,M6495967005,0.0,0.0,1,0.0,0
408,TRANSFER,2291.32,C8503368512,2433.32,142.0,M8325043570,0.0,0.0,1,0.36333333333333334,0
194,TRANSFER,86.63,C6942989052,83.25,0.0,C2825989011,134355.56,134355.56,1,0.006666666666666667,0
108,TRANSFER,1125.86,C3019214800,1339.26,213.4,C4131575764,43280.39,44406.25,1,0.0,0
33,CASH_OUT,42.15,C3693985578,47.8,5.65,C6974875750,0.0,0.0,0,0.0033333333333333335,0
567,PAYMENT,1.0,C7430757004,0.0,0.0,M6999146585,0.0,0.0,0,0.0,0
706,TRANSFER,44.4,C1106456634,61.49,17.09,C6009268066,28.18,72.58,0,0.13333333333333333,0
563,PAYMENT,1.0,C4277422858,0.53,0.0,M6732306182,0.0,0.0,0,0.0,0
542,CASH_OUT,1.0,C6098775210,0.0,0.0,C6544063167,0.87,0.87,0,0.06,0
412,PAYMENT,1.0,C5455441991,0.0,0.0,M8030400668,0.0,0.0,0,0.0,0
567,TRANSFER,516.08,C9333490239,502.56,0.0,M5714658227,0.0,0.0,1,0.27,0
186,TRANSFER,58593.86,C2617999521,67252.3,8658.44,C5275521470,0.0,0.0,1,0.23,0
143,TRANSFER,3482.14,C8299146480,4019.12,536.98,C7910439839,4935.15,4935.15,1,0.0033333333333333335,0
423,CASH_OUT,13.1,C1494287462,27.23,14.13,C9945002229,0.0,0.0,0,0.043333333333333335,0
710,PAYMENT,2.52,C6562457052,3.05,0.53,M9021793855,0.0,0.0,0,0.0,0
124,TRANSFER,62.53,C5714169271,84.15,21.62,C7403028869,0.0,62.53,0,0.14666666666666667,0
349,TRANSFER,21968.05,C8351491401,27687.15,5719.1,C4655730355,8.95,21977.0,1,0.0033333333333333335,0
3,PAYMENT,525.41,C3095318649,2007.19,1481.78,M9752092528,0.0,0.0,0,0.0,0
387,TRANSFER,7.67,C8086172302,14.88,7.21,C6168291913,0.0,7.67,0,0.15666666666666668,0
166,CASH_OUT,6.32,C8086527181,12.76,6.44,C2850820685,23.07,23.07,0,0.0033333333333333335,0
504,TRANSFER,1.0,C3127657643,0.0,0.0,C8117478955,0.0,1.0,0,0.22333333333333333,0
603,PAYMENT,384.73,C7784217828,543.91,159.18,M4554178984,0.0,0.0,0,0.0,0
470,PAYMENT,23.31,C4538382315,52.44,29.13,M9773795424,0.0,0.0,0,0.0,0
616,TRANSFER,15.67,C3931997465,16.88,1.21,C1225447588,33.15,48.82,0,0.15,0
365,TRANSFER,3599.75,C4040409964,4043.15,443.4,C6596578419,2.44,2.44,1,0.21666666666666667,0
492,TRANSFER,1.0,C8706093841,1.0,0.0,C3363629219,0.0,1.0,0,0.22333333333333333,0
719,PAYMENT,39.25,C1160913827,45.94,6.69,M2328736852,0.0,0.0,0,0.0,0
103,CASH_OUT,1.52,C6726515966,6.03,4.51,C9663561486,70381.5,70381.5,0,0.0,0
92,PAYMENT,409.32,C6131005449,770.58,361.26,M5449848690,0.0,0.0,0,0.0,0
529,TRANSFER,25262.94,C7823288650,53819.13,28556.19,C3169561289,46.53,25309.47,0,0.0033333333333333335,0
85,DEBIT,2563.73,C6961554653,2795.48,231.75,M7713758036,0.0,0.0,0,0.013333333333333334,0
477,CASH_OUT,792.41,C1785418196,699.68,0.0,C6206015111,36.54,36.54,1,0.17,0
691,TRANSFER,158.87,C5071897791,142.59,0.0,M6041646576,0.0,0.0,1,0.22666666666666666,0
541,CASH_OUT,3730.49,C7567496105,3808.58,78.09,M3595066420,0.0,0.0,1,0.05333333333333334,0
12,TRANSFER,79892.52,C3612617557,77765.53,0.0,M1343875431,0.0,0.0,1,0.48333333333333334,0
450,PAYMENT,20.4,C7799567490,25.09,4.69,M5815678365,0.0,0.0,0,0.0,0
646,PAYMENT,1.0,C4353689019,0.0,0.0,M3636366799,0.0,0.0,0,0.0,0
718,TRANSFER,410.02,C8719734235,424.13,14.11,C1306702926,3654.11,4064.13,1,0.02666666666666667,0
437,TRANSFER,10657.44,C3365835550,12025.52,1368.08,C8117478955,1.0,10658.44,0,0.016666666666666666,0
550,TRANSFER,26104.1,C6477862024,22054.67,0.0,M9916475897,0.0,0.0,1,0.8966666666666666,1
499,CASH_OUT,615.25,C9138644862,745.05,129.8,M4908108692,0.0,0.0,1,0.03,0
545,TRANSFER,2223.75,C7736142481,2483.19,259.44,C9484167278,0.0,2223.75,1,0.08666666666666667,0
350,PAYMENT,46.87,C9943959352,118275.53,118228.66,M1711271599,0.0,0.0,0,0.0,0
181,TRANSFER,421.89,C3589530484,397.0,0.0,M1413599241,0.0,0.0,1,0.23333333333333334,0
523,PAYMENT,1.0,C6714723660,0.0,0.0,M4892544235,0.0,0.0,0,0.0,0
675,TRANSFER,3018.77,C1613549255,3419.05,400.28,C5694628398,10564.21,13582.98,0,0.01,0
687,PAYMENT,2641.98,C2617999521,8658.44,6016.46,M2249831874,0.0,0.0,0,0.0,0
691,PAYMENT,146.9,C1225953184,205.64,58.74,M6498703287,0.0,0.0,0,0.0,0
692,TRANSFER,4164.57,C2570991899,4376.75,212.18,M3208200227,0.0,0.0,1,0.33,0
555,CASH_OUT,151.22,C5474951950,189.89,38.67,M2885370603,0.0,0.0,1,0.03666666666666667,0
419,CASH_OUT,687.53,C5695387521,693.9,6.37,C3343292475,18507.41,18507.41,1,0.04,0
466,TRANSFER,14.36,C2916728422,30.24,15.88,C2924568778,2296.8,2311.16,0,0.03,0
9,PAYMENT,1.0,C5328166990,0.0,0.0,M3536590481,0.0,0.0,0,0.0,0
68,PAYMENT,1.0,C7242730249,2.14,1.14,M7537130187,0.0,0.0,0,0.0,0
339,TRANSFER,104989.03,C4631048029,87947.09,0.0,C1209063208,3162.47,3162.47,1,0.13333333333333333,0
485,PAYMENT,1.0,C4630196130,0.0,0.0,M6845287382,0.0,0.0,0,0.0,0
651,PAYMENT,3084.19,C3389594115,5098.63,2014.44,M6199197408,0.0,0.0,0,0.0,0
278,PAYMENT,1.0,C2180484299,0.97,0.0,M2778069478,0.0,0.0,0,0.0,0
124,CASH_OUT,12587.91,C6663846005,13735.95,1148.04,M9921025990,0.0,0.0,1,0.0,0
655,CASH_IN,61071.25,C6317189421,0.0,61071.25,C7858937483,38.8,38.8,0,0.0,0
67,CASH_OUT,16421.16,C3362646960,21936.63,5515.47,M2604788242,0.0,0.0,1,0.0,0
640,PAYMENT,1.0,C4202607993,0.0,0.0,M7512767226,0.0,0.0,0,0.0,0
484,TRANSFER,28593.15,C7961674558,43688.24,15095.09,C8833399096,0.0,28593.15,0,0.0033333333333333335,0
411,CASH_OUT,154.34,C3623588379,248.06,93.72,C4586784711,0.0,0.0,0,0.03666666666666667,0
128,DEBIT,8.43,C6879428703,21.29,12.86,M4399143287,0.0,0.0,0,0.016666666666666666,0
66,PAYMENT,1.0,C2311597141,0.0,0.0,M6130446648,0.0,0.0,0,0.0,0
603,TRANSFER,94527.04,C4110258855,109833.09,15306.05,M3605446007,0.0,0.0,1,0.30666666666666664,0
712,PAYMENT,1.0,C4070964768,0.0,0.0,M9900829971,0.0,0.0,0,0.0,0
473,PAYMENT,1.0,C1415802902,0.0,0.0,M9288057824,0.0,0.0,0,0.0,0
56,TRANSFER,4278.23,C1446457642,4575.75,297.52,C9981364488,0.0,0.0,1,0.21666666666666667,0
221,PAYMENT,1.0,C5667181604,0.0,0.0,M3119908041,0.0,0.0,0,0.0,0
391,TRANSFER,1.0,C8934927891,0.0,0.0,C2633177480,579.94,580.94,0,0.013333333333333334,0
258,PAYMENT,71.71,C7248258423,111.0,39.29,M6763471833,0.0,0.0,0,0.0,0
474,CASH_OUT,1.0,C6425814872,0.0,0.0,C2139078760,0.0,0.0,0,0.09,0
517,DEBIT,1.0,C7296658772,0.0,0.0,M6992094064,0.0,0.0,0,0.043333333333333335,0
512,PAYMENT,1.0,C6098775210,0.0,0.0,M5194066484,0.0,0.0,0,0.0,0
414,TRANSFER,16589.84,C1736086849,18812.5,2222.66,C8995045543,448.65,17038.49,0,0.006666666666666667,0
384,PAYMENT,575.12,C4356175095,928.0,352.88,M9590331226,0.0,0.0,0,0.0,0
35,PAYMENT,1.0,C6204862411,0.0,0.0,M8366710477,0.0,0.0,0,0.0,0
534,PAYMENT,19.43,C7567496105,78.09,58.66,M1240140248,0.0,0.0,0,0.0,0
551,TRANSFER,3690.68,C1494287462,3375.97,0.0,C3258354191,304.5,304.5,1,0.48333333333333334,0
9,PAYMENT,1.0,C8285000265,0.25,0.0,M2187592160,0.0,0.0,0,0.0,0
38,TRANSFER,1.0,C8048810275,0.0,0.0,C4264134512,0.0,1.0,0,0.22333333333333333,0
368,TRANSFER,3540.76,C5694190173,4642.94,1102.18,M3317856944,0.0,0.0,1,0.21333333333333335,0
101,PAYMENT,1.0,C7229869819,0.0,0.0,M7951820749,0.0,0.0,0,0.0,0
457,TRANSFER,3378.89,C9909257076,3416.22,37.33,M3690714075,0.0,0.0,1,0.49666666666666665,0
267,CASH_IN,20958.14,C5829062179,123.41,21081.55,C6844582171,0.0,0.0,0,0.0,0
478,TRANSFER,614.48,C1939042955,700.24,85.76,M6820149016,0.0,0.0,1,0.17333333333333334,0
342,TRANSFER,546.41,C6618965944,738.39,191.98,C8556573246,0.0,546.41,0,0.0,0
387,TRANSFER,120.65,C9457665185,320.46,199.81,C8809871735,17.68,138.33,0,0.02,0
629,DEBIT,359.06,C9837912162,594.21,235.15,M1647181551,0.0,0.0,0,0.02666666666666667,0
356,CASH_OUT,1.0,C6619138852,0.0,0.0,C6358023411,0.0,0.0,0,0.03333333333333333,0
388,TRANSFER,383.11,C9776185998,435.08,51.97,C4471642620,0.0,383.11,1,0.023333333333333334,0
342,CASH_OUT,1791.99,C4405620755,1895.0,103.01,M1357561213,0.0,0.0,1,0.013333333333333334,0
384,PAYMENT,129.3,C5336127859,152.79,23.49,M1908459040,0.0,0.0,0,0.0,0
271,PAYMENT,454.73,C8684942020,763.11,308.38,M7514017540,0.0,0.0,0,0.0,0
573,TRANSFER,1303.58,C8730507757,2854.97,1551.39,C6882074066,9.94,1313.52,0,0.07,0
116,CASH_OUT,49774.14,C1818520766,125823.33,76049.19,C5638860656,0.0,0.0,0,0.0,0
434,CASH_OUT,1519.84,C3429019820,1923.53,403.69,C8901585274,520.63,520.63,0,0.03666666666666667,0
31,PAYMENT,377.15,C2283298067,733.21,356.06,M9098037639,0.0,0.0,0,0.0,0
606,PAYMENT,159.85,C7736142481,259.44,99.59,M3811254192,0.0,0.0,0,0.0,0
285,TRANSFER,437.8,C1417436465,381.25,0.0,M8858274691,0.0,0.0,1,0.23666666666666666,0
177,CASH_OUT,2728.28,C3781569954,3228.44,500.16,M9576264323,0.0,0.0,1,0.0,0
93,PAYMENT,1.0,C3127657643,0.0,0.0,M8821456242,0.0,0.0,0,0.0,0
241,CASH_OUT,2749.91,C6340003593,2712.71,0.0,C2416760621,86774.22,86774.22,1,0.013333333333333334,0
635,TRANSFER,31009.81,C9370133032,30969.73,0.0,M7664045502,0.0,0.0,1,0.9466666666666667,1
528,PAYMENT,4.78,C8261111839,5.85,1.07,M8910440683,0.0,0.0,0,0.0,0
219,CASH_OUT,87.83,C4600630513,105.98,18.15,M7570511906,0.0,0.0,1,0.0033333333333333335,0
274,TRANSFER,6215.68,C6982610835,10952.26,4736.58,C1710924824,0.0,6215.68,0,0.0,0
34,TRANSFER,3490.67,C1182758417,4028.81,538.14,M8667946580,0.0,0.0,1,0.18333333333333332,0
535,PAYMENT,1.04,C8987073217,1.61,0.57,M6845287382,0.0,0.0,0,0.0,0
264,DEBIT,1.0,C8285000265,0.0,0.0,M7861571879,0.0,0.0,0,0.03666666666666667,0
564,TRANSFER,5.86,C7215110267,20.03,14.17,C7083067988,0.0,5.86,0,0.17,0
297,PAYMENT,44.62,C8109891300,57.21,12.59,M2586712032,0.0,0.0,0,0.0,0
592,PAYMENT,2.03,C1158998032,3.68,1.65,M4820942294,0.0,0.0,0,0.0,0
199,DEBIT,44938.56,C3694860228,125718.03,80779.47,M9065458220,0.0,0.0,0,0.01,0
716,TRANSFER,534.61,C6698759353,598.44,63.83,C3338877621,2.11,2.11,1,0.16333333333333333,0
541,PAYMENT,64.33,C8093179263,213.83,149.5,M9581187661,0.0,0.0,0,0.0,0
537,PAYMENT,171.61,C9309500117,13830.2,13658.59,M9896529524,0.0,0.0,0,0.0,0
665,TRANSFER,54434.15,C1770278136,48484.8,0.0,C3667292043,111881.17,166315.32,1,0.02,0
10,TRANSFER,3792.88,C2646331504,4242.07,449.19,M8044997538,0.0,0.0,1,0.17,0
686,CASH_OUT,1856.76,C3738900744,1553.31,0.0,M4122901114,0.0,0.0,1,0.16,0
536,CASH_OUT,3661.67,C6288227800,4178.74,517.07,M6790024996,0.0,0.0,1,0.02666666666666667,0
395,CASH_OUT,125.84,C9759180824,166.01,40.17,M4306983924,0.0,0.0,1,0.016666666666666666,0
453,CASH_OUT,12.96,C3380064537,26.87,13.91,C8055515912,3.65,3.65,0,0.05,0
521,CASH_OUT,103.49,C8055556030,116.03,12.54,M8144889126,0.0,0.0,1,0.03666666666666667,0
344,PAYMENT,4.19,C8617360361,4.49,0.3,M9933702652,0.0,0.0,0,0.0,0
183,PAYMENT,95.15,C5439176290,255.39,160.24,M6384311581,0.0,0.0,0,0.0,0
366,PAYMENT,54.97,C6353758928,102.86,47.89,M9921025990,0.0,0.0,0,0.0,0
647,TRANSFER,2590.48,C6955593943,2222.11,0.0,M9776500600,0.0,0.0,1,0.9,1
525,CASH_OUT,1581.97,C3045102506,2116.89,534.92,M6763471833,0.0,0.0,1,0.02666666666666667,0
414,PAYMENT,6.3,C3423086220,7.61,1.31,M7537130187,0.0,0.0,0,0.0,0
661,PAYMENT,654.8,C5607762160,1961.24,1306.44,M2187592160,0.0,0.0,0,0.0,0
342,TRANSFER,4415.27,C7462972995,7792.99,3377.72,C3293560436,563.38,4978.65,0,0.0,0
453,PAYMENT,40.25,C5272119095,58.46,18.21,M2518433834,0.0,0.0,0,0.0,0
30,PAYMENT,1.0,C6562144159,0.0,0.0,M2156184315,0.0,0.0,0,0.0,0
540,TRANSFER,2121.38,C9581991473,2971.14,849.76,M9404002665,0.0,0.0,1,0.2866666666666667,0
153,CASH_OUT,4272.57,C7196439534,3703.82,0.0,M2604788242,0.0,0.0,1,0.05,0
22,TRANSFER,96.97,C3962452613,122.77,25.8,C9974165440,0.0,96.97,1,0.15333333333333332,0
164,TRANSFER,2894.13,C4239406957,3442.18,548.05,M6101516825,0.0,0.0,1,0.17333333333333334,0
561,CASH_OUT,356.89,C6313758032,439.28,82.39,C4928783441,58.22,58.22,1,0.03333333333333333,0
197,PAYMENT,43.97,C2479679716,142.09,98.12,M3811254192,0.0,0.0,0,0.0,0
101,PAYMENT,1.0,C6334440295,0.0,0.0,M7340036327,0.0,0.0,0,0.0,0
645,PAYMENT,39.14,C6353758928,47.89,8.75,M7951820749,0.0,0.0,0,0.0,0
192,PAYMENT,1.0,C6875597607,0.0,0.0,M2518433834,0.0,0.0,0,0.0,0
575,CASH_OUT,1731.42,C2020395327,1581.03,0.0,M8768773991,0.0,0.0,1,0.18,0
57,TRANSFER,2.86,C3884642366,6.16,3.3,C1065857791,166.49,169.35,0,0.03,0
31,TRANSFER,1104.04,C5130589741,1537.2,433.16,C9202102595,84.9,84.9,1,0.06333333333333334,0
472,TRANSFER,2432.29,C8316648259,2163.14,0.0,M5449848690,0.0,0.0,1,0.8033333333333333,1
175,PAYMENT,831.25,C6663846005,1148.04,316.79,M3094407076,0.0,0.0,0,0.0,0
544,TRANSFER,33213.16,C6642266247,41969.88,8756.72,M7717262223,0.0,0.0,1,0.2966666666666667,0
545,TRANSFER,1.0,C9546021691,1.0,0.0,C9433570024,0.0,1.0,0,0.22333333333333333,0
240,TRANSFER,491.89,C9771848610,636.82,144.93,M6041646576,0.0,0.0,1,0.15666666666666668,0
222,TRANSFER,14752.95,C5539308214,17915.69,3162.74,M2156184315,0.0,0.0,1,0.26,0
370,TRANSFER,124.64,C8991678061,154.67,30.03,C3841827734,6760.11,6760.11,1,0.0,0
154,PAYMENT,863.3,C9033653743,10544.23,9680.93,M3705237613,0.0,0.0,0,0.0,0
394,CASH_OUT,215.36,C9523104008,204.18,0.0,M6515490818,0.0,0.0,1,0.056666666666666664,0
430,TRANSFER,786.82,C6329589780,927.48,140.66,M2129491690,0.0,0.0,1,0.16666666666666666,0
368,PAYMENT,202.9,C5036200310,233.65,30.75,M5194066484,0.0,0.0,0,0.0,0
328,PAYMENT,91.39,C5872148707,142.77,51.38,M6763471833,0.0,0.0,0,0.0,0
25,TRANSFER,3337.39,C6576426590,3027.4,0.0,C3319936135,517.39,517.39,1,0.17333333333333334,0
462,PAYMENT,1.0,C9462806178,0.83,0.0,M6846530109,0.0,0.0,0,0.0,0
186,CASH_IN,42914.37,C3651552513,7.92,42922.29,C6353758928,8.75,8.75,0,0.0,0
54,CASH_OUT,98.91,C2452066459,202.78,103.87,C7311011808,7.14,7.14,0,0.0033333333333333335,0
331,PAYMENT,8570.89,C4531928910,14462.64,5891.75,M5937271321,0.0,0.0,0,0.0,0
217,TRANSFER,50.46,C8106906538,72.49,22.03,C8388580360,0.0,50.46,0,0.16,0
192,TRANSFER,3858.81,C3115806625,3270.79,0.0,M9590331226,0.0,0.0,1,0.8166666666666667,1
327,TRANSFER,2724.26,C7517938612,3573.28,849.02,M9900829971,0.0,0.0,1,0.17,0
596,DEBIT,18949.42,C6715961218,36630.59,17681.17,M6771941776,0.0,0.0,0,0.02666666666666667,0
244,TRANSFER,3909.77,C8317619798,4063.12,153.35,M7512767226,0.0,0.0,1,0.24333333333333335,0
56,CASH_OUT,669.75,C5489485517,632.64,0.0,C5646751885,2.59,2.59,1,0.09666666666666666,0
625,TRANSFER,1231.23,C2785736751,1707.11,475.88,C8291250562,4.88,1236.11,0,0.05,0
281,TRANSFER,2965.93,C1817804383,4060.72,1094.79,M4390543744,0.0,0.0,1,0.21666666666666667,0
421,PAYMENT,1.0,C4572433066,1.0,0.0,M7678293431,0.0,0.0,0,0.0,0
227,PAYMENT,1.0,C8832617672,0.0,0.0,M9410569618,0.0,0.0,0,0.0,0
502,DEBIT,579.96,C2846465000,930.42,350.46,M1442421654,0.0,0.0,0,0.02666666666666667,0
165,PAYMENT,1.0,C1195066088,0.0,0.0,M7750131975,0.0,0.0,0,0.0,0
684,CASH_OUT,91.63,C3128675098,119.77,28.14,C7246858055,14594.19,14594.19,0,0.013333333333333334,0
452,TRANSFER,2838.9,C7243352390,3752.55,913.65,C2283298067,356.06,3194.96,1,0.03333333333333333,0
24,PAYMENT,66.82,C3188382776,158.64,91.82,M2910594463,0.0,0.0,0,0.0,0
505,CASH_OUT,7.41,C1529290976,15.48,8.07,C7475684019,0.0,0.0,0,0.03666666666666667,0
129,TRANSFER,209.47,C4736031885,215.07,5.6,M1647181551,0.0,0.0,1,0.14,0
270,TRANSFER,91415.44,C1678500147,102621.5,11206.06,M9776500600,0.0,0.0,1,0.27,0
198,PAYMENT,17.78,C9116428507,30.54,12.76,M5959736235,0.0,0.0,0,0.0,0
574,TRANSFER,2353.12,C6585609060,3280.39,927.27,M4460319291,0.0,0.0,1,0.29,0
29,PAYMENT,1.0,C6317152031,0.0,0.0,M6865994703,0.0,0.0,0,0.0,0
657,CASH_OUT,472.26,C9954587710,830.83,358.57,C2866092821,0.0,0.0,0,0.04,0
670,PAYMENT,59.01,C5439176290,160.24,101.23,M9398575277,0.0,0.0,0,0.0,0
628,PAYMENT,1.0,C7369118672,0.0,0.0,M3192202822,0.0,0.0,0,0.0,0
691,TRANSFER,964.77,C3480920839,943.74,0.0,C5135595227,2.75,2.75,1,0.37666666666666665,0
637,TRANSFER,61.8,C5092199300,146.34,84.54,C1160913827,6.69,68.49,0,0.14,0
334,DEBIT,519.47,C3693916084,4485.26,3965.79,M7512767226,0.0,0.0,0,0.013333333333333334,0
496,TRANSFER,36.87,C6128695961,148.93,112.06,C1051354601,317.89,354.76,0,0.06666666666666667,0
476,TRANSFER,16354.69,C6613888489,17658.1,1303.41,M7651029165,0.0,0.0,1,0.33666666666666667,0
129,TRANSFER,222.11,C2610237679,223.83,1.72,M4665677395,0.0,0.0,1,0.15333333333333332,0
587,PAYMENT,2.44,C4767539382,5.92,3.48,M9255306810,0.0,0.0,0,0.0,0
389,DEBIT,4629.46,C5694628398,13582.98,8953.52,M2625035499,0.0,0.0,0,0.02,0
450,PAYMENT,48.88,C2941289685,80.14,31.26,M2711123163,0.0,0.0,0,0.0,0
103,PAYMENT,1574.79,C1526723719,4660.04,3085.25,M6284297249,0.0,0.0,0,0.0,0
258,CASH_IN,8096.88,C5729866281,19.62,8116.5,C1563524533,15.54,15.54,0,0.0,0
20,DEBIT,39816.62,C1818520766,76049.19,36232.57,M3322580659,0.0,0.0,0,0.006666666666666667,0
234,CASH_OUT,136.95,C6777263354,247.85,110.9,C5072538783,128.9,128.9,0,0.0033333333333333335,0
652,PAYMENT,1.0,C6358023411,0.0,0.0,M9410569618,0.0,0.0,0,0.0,0
24,TRANSFER,75.79,C9974165440,96.97,21.18,C7451071432,0.0,0.0,1,0.15666666666666668,0
156,PAYMENT,41.56,C9270323795,53.27,11.71,M1458227039,0.0,0.0,0,0.0,0
584,PAYMENT,80.13,C5243939720,273.56,193.43,M8861351706,0.0,0.0,0,0.0,0
654,CASH_OUT,527.49,C2973888646,561.5,34.01,M3469205576,0.0,0.0,1,0.03,0
513,TRANSFER,101.23,C4558302256,105.32,4.09,C6488854841,0.0,0.0,1,0.18333333333333332,0
324,CASH_OUT,1.0,C5344083406,0.0,0.0,C8575707116,5.87,5.87,0,0.02666666666666667,0
691,TRANSFER,5.13,C7287517250,5.48,0.35,C7579604766,125.52,130.65,0,0.12,0
218,CASH_OUT,3757.11,C9463197203,3150.26,0.0,M4242579642,0.0,0.0,1,0.05333333333333334,0
278,PAYMENT,1.0,C8906163641,0.0,0.0,M1692044390,0.0,0.0,0,0.0,0
586,PAYMENT,1.94,C2870403050,2.43,0.49,M3107992942,0.0,0.0,0,0.0,0
166,PAYMENT,1.0,C2965164102,2.68,1.68,M3469205576,0.0,0.0,0,0.0,0
141,TRANSFER,1.0,C6620138568,0.0,0.0,C7508522951,1.87,2.87,0,0.21666666666666667,0
664,PAYMENT,419.12,C5151887478,12182.6,11763.48,M6525576685,0.0,0.0,0,0.0,0
421,TRANSFER,1.0,C3667740351,0.0,0.0,C8880079328,1.43,2.43,0,0.20666666666666667,0
648,CASH_OUT,3620.8,C2224363672,4375.65,754.85,C2811967841,511.92,511.92,1,0.013333333333333334,0
223,PAYMENT,1.0,C2295574037,0.0,0.0,M3846182436,0.0,0.0,0,0.0,0
678,TRANSFER,4323.61,C4531928910,5891.75,1568.14,C6415031531,634.56,4958.17,0,0.02,0
256,PAYMENT,1.0,C1785418196,0.0,0.0,M3636366799,0.0,0.0,0,0.0,0
388,TRANSFER,1020.26,C1600566083,1406.22,385.96,C9467483275,11.39,1031.65,1,0.006666666666666667,0
667,PAYMENT,173.26,C5115980792,193.2,19.94,M8276498637,0.0,0.0,0,0.0,0
271,TRANSFER,1233.9,C1408988968,1536.26,302.36,M6894024976,0.0,0.0,1,0.13,0
658,CASH_OUT,2830.62,C5868640848,3922.13,1091.51,M9918338001,0.0,0.0,1,0.02,0
433,CASH_OUT,1.0,C4460967357,0.0,0.0,C7002076563,80949.41,80949.41,0,0.006666666666666667,0
244,CASH_OUT,3571.4,C3190227431,30392.87,26821.47,C1754603440,0.0,0.0,0,0.0,0
146,CASH_OUT,123.06,C8867077130,122.66,0.0,M9441870024,0.0,0.0,1,0.013333333333333334,0
177,PAYMENT,3037.04,C6576395496,3482.91,445.87,M9933702652,0.0,0.0,0,0.0,0
679,DEBIT,1.0,C8779941999,0.0,0.0,M4952177946,0.0,0.0,0,0.05,0
117,CASH_OUT,785.12,C2825957977,2324.85,1539.73,C6582557981,18.39,18.39,0,0.0,0
667,PAYMENT,2704.75,C9033653743,9680.93,6976.18,M1257854279,0.0,0.0,0,0.0,0
225,TRANSFER,95.54,C8902275119,93.13,0.0,M8790289305,0.0,0.0,1,0.24,0
202,TRANSFER,5343.42,C2870403050,4628.91,0.0,C9954587710,358.57,358.57,1,0.19333333333333333,0
596,CASH_OUT,24.21,C8527715219,26.58,2.37,C5625411308,36.07,36.07,0,0.03666666666666667,0
52,PAYMENT,1.0,C4864126433,0.0,0.0,M7366396017,0.0,0.0,0,0.0,0
410,TRANSFER,23098.47,C8833399096,28593.15,5494.68,C7839819230,0.0,0.0,1,0.2733333333333333,0
493,PAYMENT,2.97,C5903457537,3.7,0.73,M3297681898,0.0,0.0,0,0.0,0
274,PAYMENT,1.0,C7499349987,4.47,3.47,M7750131975,0.0,0.0,0,0.0,0
592,TRANSFER,72601.08,C7603978731,70559.14,0.0,M8144889126,0.0,0.0,1,0.9333333333333333,1
683,TRANSFER,208.49,C2918260963,292.3,83.81,C2940955281,0.98,209.47,0,0.09,0
5,TRANSFER,1.0,C7894019119,0.0,0.0,C3051831252,2810.77,2811.77,0,0.006666666666666667,0
610,CASH_OUT,57.32,C9677466102,58.42,1.1,M9444143872,0.0,0.0,1,0.04666666666666667,0
430,CASH_OUT,1.0,C9428056968,0.0,0.0,C8203447752,2.48,2.48,0,0.08333333333333333,0
148,CASH_OUT,220.74,C1271730355,239.74,19.0,M1099218439,0.0,0.0,1,0.0033333333333333335,0
588,TRANSFER,1.0,C3772636814,0.0,0.0,C5381866906,5478.6,5479.6,0,0.05333333333333334,0
397,CASH_OUT,78.06,C2452066459,103.87,25.81,C3910678913,0.0,0.0,0,0.016666666666666666,0
302,CASH_OUT,4.54,C1529290976,8.07,3.53,C4067919621,0.0,0.0,0,0.023333333333333334,0
300,TRANSFER,1714.66,C5996775663,1916.99,202.33,M9068916300,0.0,0.0,1,0.17333333333333334,0
502,TRANSFER,537.03,C2962491159,599.78,62.75,C3815287619,0.0,537.03,1,0.056666666666666664,0
279,TRANSFER,79983.38,C3178995337,110529.99,30546.61,M3517195150,0.0,0.0,1,0.25666666666666665,0
448,CASH_OUT,1.0,C3434757387,1.2,0.2,C4482141802,0.0,0.0,0,0.09,0
511,TRANSFER,2725.91,C1233079614,2886.91,161.0,C9711080868,2.84,2728.75,1,0.08,0
677,PAYMENT,90.38,C7579604766,130.65,40.27,M8643636805,0.0,0.0,0,0.0,0
293,PAYMENT,1.0,C4037867512,0.0,0.0,M4865979921,0.0,0.0,0,0.0,0
78,TRANSFER,116.33,C6128695961,112.06,0.0,C5272119095,18.21,18.21,1,0.2,0
273,PAYMENT,1.0,C3367665472,0.0,0.0,M4588312351,0.0,0.0,0,0.0,0
661,PAYMENT,1.0,C6425814872,0.0,0.0,M2243802345,0.0,0.0,0,0.0,0
208,CASH_OUT,1.0,C3645901955,0.0,0.0,C5328166990,0.0,0.0,0,0.013333333333333334,0
387,CASH_OUT,1.0,C1981049082,1.0,0.0,C3799620568,590.85,590.85,0,0.03,0
625,CASH_OUT,1.0,C2984460654,0.0,0.0,C2753617371,0.0,0.0,0,0.06,0
56,PAYMENT,3.93,C7083067988,5.86,1.93,M5714658227,0.0,0.0,0,0.0,0
384,CASH_OUT,8.74,C6711463258,20.1,11.36,C2095286033,5048.7,5048.7,0,0.0033333333333333335,0
458,PAYMENT,207.37,C2627677155,448.85,241.48,M5325865521,0.0,0.0,0,0.0,0
186,CASH_IN,108058.96,C4455798713,273.14,108332.1,C8570850267,113242.59,113242.59,0,0.0,0
101,CASH_OUT,85154.87,C4748302739,92358.6,7203.73,C3511301900,23002.36,23002.36,0,0.0,0
698,PAYMENT,430.97,C4574027737,534.56,103.59,M3508990774,0.0,0.0,0,0.0,0
76,CASH_OUT,1.65,C3343459102,1.87,0.22,C2953462417,3.76,3.76,0,0.006666666666666667,0
610,PAYMENT,3.78,C6879428703,12.86,9.08,M8366710477,0.0,0.0,0,0.0,0
461,PAYMENT,1.49,C8325222092,1.7,0.21,M7341757401,0.0,0.0,0,0.0,0
235,TRANSFER,336.64,C3258354191,304.5,0.0,C9557663181,0.0,0.0,1,0.23666666666666666,0
676,TRANSFER,3268.02,C3693916084,3965.79,697.77,M6384311581,0.0,0.0,1,0.3,0
600,TRANSFER,1.0,C5275521470,0.0,0.0,C4486522557,11.3,12.3,0,0.20333333333333334,0
361,CASH_OUT,4565.89,C9904586976,4969.82,403.93,M4306983924,0.0,0.0,1,0.01,0
84,PAYMENT,1.0,C3975418439,0.0,0.0,M1811839103,0.0,0.0,0,0.0,0
236,CASH_OUT,584.22,C2351531223,756.98,172.76,M1666898313,0.0,0.0,1,0.006666666666666667,0
149,PAYMENT,1.0,C4877520294,0.0,0.0,M5734228580,0.0,0.0,0,0.0,0
403,PAYMENT,108.39,C8503368512,142.0,33.61,M2910594463,0.0,0.0,0,0.0,0
79,PAYMENT,1.0,C2879792991,1.0,0.0,M6498703287,0.0,0.0,0,0.0,0
523,CASH_IN,141947.06,C9080621072,148.5,142095.56,C7208619610,0.0,0.0,0,0.0,0
5,PAYMENT,28.31,C1643611097,34.94,6.63,M4399143287,0.0,0.0,0,0.0,0
706,CASH_OUT,33.42,C2914126243,105.8,72.38,C1717346250,7.97,7.97,0,0.02666666666666667,0
520,CASH_IN,13188.39,C8229344434,0.0,13188.39,C8636525027,0.0,0.0,0,0.0,0
117,PAYMENT,1.0,C3725152347,0.0,0.0,M9043367776,0.0,0.0,0,0.0,0
687,TRANSFER,768.99,C9098129449,3143.04,2374.05,C1276905285,0.0,768.99,0,0.07333333333333333,0
98,TRANSFER,2154.27,C3815235019,2316.53,162.26,C8168036130,1647.83,3802.1,1,0.006666666666666667,0
508,PAYMENT,670.86,C2047905204,6864.62,6193.76,M5694439775,0.0,0.0,0,0.0,0
287,TRANSFER,24.75,C7472806994,31.09,6.34,C7910439839,4935.15,4959.9,0,0.0,0
458,CASH_OUT,1.0,C7525240100,0.55,0.0,C2188332531,29.36,29.36,0,0.08333333333333333,0
262,PAYMENT,1.16,C7389111087,1.53,0.37,M2228388623,0.0,0.0,0,0.0,0
461,PAYMENT,19845.12,C4289233844,31440.06,11594.94,M8144352013,0.0,0.0,0,0.0,0
233,TRANSFER,1.0,C7371573279,0.0,0.0,C6415031531,4958.17,4959.17,0,0.0,0
282,CASH_OUT,834.1,C1515024824,727.97,0.0,M4125758723,0.0,0.0,1,0.23,0
197,PAYMENT,21.69,C4605117440,81.7,60.01,M9444143872,0.0,0.0,0,0.0,0
466,DEBIT,2052.76,C6982610835,4736.58,2683.82,M5000316394,0.0,0.0,0,0.03,0
98,PAYMENT,1.0,C4181102664,0.0,0.0,M7453081889,0.0,0.0,0,0.0,0
33,CASH_OUT,22298.72,C6124453431,28434.22,6135.5,C3107125807,0.0,0.0,0,0.0,0
590,CASH_OUT,1857.03,C8638763775,2282.87,425.84,M8235474949,0.0,0.0,1,0.02666666666666667,0
579,CASH_OUT,3785.26,C4993808565,4896.58,1111.32,C1099541460,15.32,15.32,1,0.02,0
442,PAYMENT,1.0,C7049001493,0.0,0.0,M6606958660,0.0,0.0,0,0.0,0
672,CASH_OUT,1.0,C3423086220,1.31,0.31,C4638577630,5.3,5.3,0,0.05,0
468,PAYMENT,118.48,C9138644862,129.8,11.32,M5891831621,0.0,0.0,0,0.0,0
719,PAYMENT,1.0,C6892752604,0.0,0.0,M9021793855,0.0,0.0,0,0.0,0
535,PAYMENT,43.31,C9953716239,75.09,31.78,M2555936898,0.0,0.0,0,0.0,0
719,TRANSFER,1.0,C3479708607,0.0,0.0,C6306523372,227.29,228.29,0,0.1,0
284,TRANSFER,4099.54,C5364727160,3727.21,0.0,M6558769264,0.0,0.0,1,0.7966666666666666,1
546,PAYMENT,1.0,C5667181604,0.0,0.0,M1857561275,0.0,0.0,0,0.0,0
291,CASH_OUT,1451.62,C4642197907,1491.72,40.1,M2155671697,0.0,0.0,1,0.01,0
337,CASH_OUT,1.0,C4482238042,0.0,0.0,C6991473746,14770.31,14770.31,0,0.0,0
446,CASH_OUT,3177.77,C2524751277,4248.98,1071.21,C3799264931,53.61,53.61,1,0.04666666666666667,0
193,CASH_IN,2583.48,C5071218314,2649.87,5233.35,C8598503901,0.17,0.17,0,0.0,0
121,CASH_OUT,4034.34,C5455441991,3409.07,0.0,C1378134712,81.13,81.13,1,0.04,0
178,CASH_OUT,118.14,C1613549255,400.28,282.14,C6142469284,9898.01,9898.01,0,0.013333333333333334,0
410,TRANSFER,1676.28,C2924568778,2311.16,634.88,M9523139706,0.0,0.0,1,0.24666666666666667,0
452,CASH_OUT,14807.05,C7965608188,13612.85,0.0,M4588312351,0.0,0.0,1,0.23,0
659,PAYMENT,50.68,C8318855178,80.58,29.9,M7713758036,0.0,0.0,0,0.0,0
625,DEBIT,1.0,C5951406973,0.0,0.0,M7230477043,0.0,0.0,0,0.05333333333333334,0
701,TRANSFER,4298.15,C6241752544,4769.72,471.57,M9444143872,0.0,0.0,1,0.31333333333333335,0
186,PAYMENT,1.0,C6128695961,0.0,0.0,M5380159400,0.0,0.0,0,0.0,0
626,PAYMENT,1.0,C5570828113,0.0,0.0,M1504729135,0.0,0.0,0,0.0,0
362,TRANSFER,776.92,C7517938612,849.02,72.1,C9987064419,11.12,788.04,0,0.023333333333333334,0
464,PAYMENT,1.0,C1485574228,0.0,0.0,M9441870024,0.0,0.0,0,0.0,0
91,CASH_OUT,426.71,C4239406957,548.05,121.34,C1519709079,5.96,5.96,1,0.006666666666666667,0
87,PAYMENT,1.0,C9437783771,0.0,0.0,M8218146534,0.0,0.0,0,0.0,0
516,TRANSFER,2424.19,C8737025391,2701.77,277.58,M2156184315,0.0,0.0,1,0.31,0
521,DEBIT,27.57,C3758823240,46.43,18.86,M5815678365,0.0,0.0,0,0.03,0
171,PAYMENT,34.66,C8674224347,52.38,17.72,M6525576685,0.0,0.0,0,0.0,0
292,TRANSFER,507.16,C8795212264,743.3,236.14,C5837082260,127.8,634.96,0,0.0,0
461,PAYMENT,15583.78,C1281199333,120792.14,105208.36,M9098037639,0.0,0.0,0,0.0,0
430,CASH_IN,8616.58,C2843567009,0.0,8616.58,C8942167666,27.88,27.88,0,0.0,0
533,PAYMENT,7.97,C7193532615,29.22,21.25,M1185303518,0.0,0.0,0,0.0,0
345,PAYMENT,1.0,C3258354191,0.0,0.0,M6053489772,0.0,0.0,0,0.0,0
193,PAYMENT,3365.13,C3691864041,4397.25,1032.12,M4641902461,0.0,0.0,0,0.0,0
122,PAYMENT,1.0,C9516893896,0.0,0.0,M1666898313,0.0,0.0,0,0.0,0
501,PAYMENT,460.21,C4046558332,523.21,63.0,M3438830691,0.0,0.0,0,0.0,0
386,PAYMENT,5.3,C7949795085,23.38,18.08,M6495967005,0.0,0.0,0,0.0,0
331,PAYMENT,897.1,C1209063208,3162.47,2265.37,M3846182436,0.0,0.0,0,0.0,0
472,TRANSFER,799.68,C3655790301,1048.75,249.07,C7882206934,8.67,808.35,1,0.03666666666666667,0
604,TRANSFER,438.09,C3894673596,457.38,19.29,M2115406331,0.0,0.0,1,0.17666666666666667,0
626,TRANSFER,183.05,C8419590655,227.36,44.31,C6341783555,42847.24,43030.29,0,0.0,0
172,TRANSFER,2944.79,C1772303297,2508.69,0.0,C3343459102,0.22,0.22,1,0.7633333333333333,1
385,TRANSFER,119.12,C4143852021,103.43,0.0,M1694904767,0.0,0.0,1,0.23333333333333334,0
304,TRANSFER,1.0,C5354747485,0.0,0.0,C2076341629,0.0,1.0,0,0.22666666666666666,0
416,PAYMENT,27.44,C9660523876,509.75,482.31,M9098037639,0.0,0.0,0,0.0,0
308,PAYMENT,248.2,C2633177480,580.94,332.74,M1732578761,0.0,0.0,0,0.0,0
392,PAYMENT,920.33,C2428156550,1187.89,267.56,M7351460539,0.0,0.0,0,0.0,0
216,TRANSFER,123.27,C3597724331,132.99,9.72,M2328736852,0.0,0.0,1,0.16333333333333333,0
313,CASH_OUT,53585.8,C7808938880,65507.87,11922.07,M2155671697,0.0,0.0,1,0.0033333333333333335,0
187,CASH_OUT,2884.33,C5482431018,2643.64,0.0,C1471997674,1.18,1.18,1,0.06,0
152,PAYMENT,137.29,C6102144947,593.34,456.05,M2187592160,0.0,0.0,0,0.0,0
709,PAYMENT,348.92,C6717963562,550.69,201.77,M6606958660,0.0,0.0,0,0.0,0
528,TRANSFER,8.99,C9786748825,14.64,5.65,C8236980551,22.61,31.6,0,0.13,0
486,DEBIT,1.0,C3360791536,0.06,0.0,M9558906999,0.0,0.0,0,0.04666666666666667,0
637,TRANSFER,2.11,C2099184899,2.4,0.29,C6642266247,8756.72,8758.83,0,0.01,0
136,CASH_OUT,1.0,C8588769565,0.0,0.0,C4693510920,125.77,125.77,0,0.0,0
156,DEBIT,1432.34,C3163970710,4053.38,2621.04,M9410569618,0.0,0.0,0,0.013333333333333334,0
595,PAYMENT,2.58,C8178927766,3.61,1.03,M2243802345,0.0,0.0,0,0.0,0
569,PAYMENT,6761.26,C7823288650,28556.19,21794.93,M6651020291,0.0,0.0,0,0.0,0
323,PAYMENT,1.0,C7792729530,0.0,0.0,M6045729129,0.0,0.0,0,0.0,0
713,CASH_OUT,3719.22,C3553440342,3407.47,0.0,C3377702111,0.0,0.0,1,0.20333333333333334,0
114,TRANSFER,1.0,C3303082117,0.0,0.0,C1643611097,6.63,7.63,0,0.19,0
76,PAYMENT,1.0,C5455441991,0.0,0.0,M1199447370,0.0,0.0,0,0.0,0
429,DEBIT,27.23,C4405620755,103.01,75.78,M6845287382,0.0,0.0,0,0.02666666666666667,0
166,TRANSFER,1.0,C5667503195,0.0,0.0,C3098948446,88.14,89.14,0,0.09666666666666666,0
476,CASH_OUT,1915.04,C1124331395,1749.52,0.0,C3667740351,0.0,0.0,1,0.36,0
289,CASH_OUT,239.41,C1870644102,315.01,75.6,C4647891535,106831.19,106831.19,0,0.0033333333333333335,0
287,PAYMENT,1.0,C3664052763,0.0,0.0,M3476758136,0.0,0.0,0,0.0,0
448,PAYMENT,9.58,C4734111722,13.38,3.8,M2136107759,0.0,0.0,0,0.0,0
378,TRANSFER,325.56,C7473868020,350.92,25.36,M4952177946,0.0,0.0,1,0.15666666666666668,0
272,PAYMENT,346.26,C9274189261,661.9,315.64,M9773795424,0.0,0.0,0,0.0,0
322,PAYMENT,3.78,C4638577630,5.3,1.52,M8667946580,0.0,0.0,0,0.0,0
90,CASH_OUT,903.47,C8854238082,1236.58,333.11,C2914126243,72.38,72.38,0,0.0,0
251,PAYMENT,34.3,C5082603360,53.06,18.76,M5985331805,0.0,0.0,0,0.0,0
689,PAYMENT,1.0,C6619138852,0.0,0.0,M9255306810,0.0,0.0,0,0.0,0
570,TRANSFER,153.35,C6306523372,228.29,74.94,C6995554056,9.75,163.1,0,0.08666666666666667,0
329,PAYMENT,351.44,C5130589741,433.16,81.72,M7651029165,0.0,0.0,0,0.0,0
347,TRANSFER,26.2,C8387664437,32.21,6.01,C3962452613,25.8,52.0,0,0.1,0
286,DEBIT,250.37,C8293453178,1060.74,810.37,M6384311581,0.0,0.0,0,0.01,0
191,CASH_OUT,2.85,C6804850108,5.59,2.74,C4440904834,1014.26,1014.26,0,0.006666666666666667,0
388,PAYMENT,23.51,C9354711271,62.14,38.63,M4160161496,0.0,0.0,0,0.0,0
610,CASH_OUT,134.4,C6995554056,163.1,28.7,C4636537575,0.0,0.0,1,0.04,0
362,CASH_OUT,78007.39,C3108307952,80307.15,2299.76,C8468071953,41.16,41.16,0,0.0033333333333333335,0
280,TRANSFER,141.77,C1408988968,302.36,160.59,C8390631634,4249.87,4391.64,0,0.0,0
135,TRANSFER,1.0,C8048810275,0.0,0.0,C8417757797,0.0,1.0,0,0.19333333333333333,0
424,PAYMENT,14.47,C8471762590,40.54,26.07,M7969674420,0.0,0.0,0,0.0,0
675,TRANSFER,2165.51,C2073108894,2218.85,53.34,M3476758136,0.0,0.0,1,0.4866666666666667,0
290,TRANSFER,112269.53,C7803990970,122751.41,10481.88,M6999146585,0.0,0.0,1,0.28,0
223,CASH_OUT,2448.98,C8969097897,2122.25,0.0,C4419410162,7809.43,7809.43,1,0.01,0
161,TRANSFER,102125.71,C6447717367,143039.5,40913.79,M5815678365,0.0,0.0,1,0.24333333333333335,0
651,PAYMENT,1.0,C5482431018,0.0,0.0,M3595066420,0.0,0.0,0,0.0,0
561,CASH_OUT,3670.84,C4586139213,4967.88,1297.04,M5067400473,0.0,0.0,1,0.023333333333333334,0
584,PAYMENT,1.0,C7146318035,1.0,0.0,M2129491690,0.0,0.0,0,0.0,0
681,CASH_OUT,58250.01,C8570333548,116522.12,58272.11,C1364994639,0.0,0.0,0,0.013333333333333334,0
249,TRANSFER,3072.98,C3334938378,3838.48,765.5,M6011842297,0.0,0.0,1,0.21666666666666667,0
271,CASH_OUT,520.52,C3591527330,442.28,0.0,M8366710477,0.0,0.0,1,0.03333333333333333,0
542,DEBIT,1.0,C1722124509,0.0,0.0,M5570190774,0.0,0.0,0,0.043333333333333335,0
244,DEBIT,50.2,C8151583833,99.42,49.22,M7340036327,0.0,0.0,0,0.02,0
297,PAYMENT,141.45,C2289624427,162.51,21.06,M2303835765,0.0,0.0,0,0.0,0
403,TRANSFER,84.01,C2343100352,202.52,118.51,C3744446292,1026.33,1110.34,0,0.01,0
574,CASH_OUT,4896.87,C5646880148,4640.88,0.0,M2121448210,0.0,0.0,1,0.21333333333333335,0
59,PAYMENT,1.0,C8991514523,0.0,0.0,M2773408660,0.0,0.0,0,0.0,0
244,PAYMENT,219.24,C4040409964,443.4,224.16,M6790024996,0.0,0.0,0,0.0,0
381,CASH_OUT,15.65,C4600630513,18.15,2.5,C8239941612,0.0,0.0,0,0.023333333333333334,0
55,PAYMENT,1.79,C7088949191,6.26,4.47,M6992094064,0.0,0.0,0,0.0,0
659,PAYMENT,69.47,C6418365941,187.42,117.95,M9068916300,0.0,0.0,0,0.0,0
280,CASH_OUT,58642.44,C9019515562,77414.69,18772.25,M6790024996,0.0,0.0,1,0.0,0
571,CASH_OUT,2.15,C6329323383,3.27,1.12,C1696846464,69.65,69.65,0,0.03666666666666667,0
37,DEBIT,36.97,C9461708554,71.25,34.28,M9620935604,0.0,0.0,0,0.02,0
485,TRANSFER,4083.47,C3196545325,4990.72,907.25,M3846182436,0.0,0.0,1,0.31333333333333335,0
435,PAYMENT,895.61,C7628981661,64116.82,63221.21,M1692044390,0.0,0.0,0,0.0,0
131,TRANSFER,2903.26,C6121801720,2977.82,74.56,M4820942294,0.0,0.0,1,0.41,0
102,CASH_OUT,5523.29,C7803990970,10481.88,4958.59,C3906611156,100.4,100.4,0,0.0,0
715,CASH_OUT,1.0,C3574081104,1.88,0.88,C3294092753,0.0,0.0,0,0.04666666666666667,0
22,CASH_OUT,1.0,C5184564874,0.0,0.0,C8617360361,0.3,0.3,0,0.0033333333333333335,0
85,CASH_OUT,922.18,C1965067727,810.66,0.0,C2183906581,0.0,0.0,1,0.08333333333333333,0
720,PAYMENT,1.0,C1515024824,0.0,0.0,M1802753761,0.0,0.0,0,0.0,0
10,CASH_OUT,1.0,C3424843951,0.7,0.0,C9116428507,12.76,12.76,0,0.006666666666666667,0
656,PAYMENT,847.39,C6244338653,2538.73,1691.34,M3313346852,0.0,0.0,0,0.0,0
185,PAYMENT,138.13,C6961554653,231.75,93.62,M5959736235,0.0,0.0,0,0.0,0
264,PAYMENT,7717.56,C4110258855,15306.05,7588.49,M4035639663,0.0,0.0,0,0.0,0
486,TRANSFER,49.65,C2317723211,54.05,4.4,M7717262223,0.0,0.0,1,0.18333333333333332,0
8,CASH_OUT,1.0,C1494287462,0.0,0.0,C8083175325,61993.34,61993.34,0,0.0033333333333333335,0
17,PAYMENT,13.45,C2369705770,30.14,16.69,M3846182436,0.0,0.0,0,0.0,0
513,PAYMENT,89.06,C2424706705,227.23,138.17,M8235474949,0.0,0.0,0,0.0,0
14,CASH_OUT,1.0,C8703867299,0.0,0.0,C8880184233,137.25,137.25,0,0.0033333333333333335,0
369,CASH_OUT,21.19,C6206015111,36.54,15.35,C8261111839,1.07,1.07,0,0.01,0
492,TRANSFER,1.0,C8612747444,0.0,0.0,C9851745648,0.0,1.0,0,0.22333333333333333,0
416,DEBIT,1.0,C5870268582,0.0,0.0,M2249831874,0.0,0.0,0,0.05333333333333334,0
523,PAYMENT,1.0,C5150090143,0.0,0.0,M3369412470,0.0,0.0,0,0.0,0
319,PAYMENT,9531.12,C1818520766,36232.57,26701.45,M1694904767,0.0,0.0,0,0.0,0
524,DEBIT,1.0,C3480920839,0.0,0.0,M6999146585,0.0,0.0,0,0.043333333333333335,0
2,TRANSFER,407.94,C5913767020,411.97,4.03,M8389750357,0.0,0.0,1,0.17333333333333334,0
280,CASH_OUT,5.04,C3878719791,7.09,2.05,C5694806361,19.77,19.77,0,0.013333333333333334,0
13,TRANSFER,15506.23,C8995045543,17038.49,1532.26,C5870891270,142560.29,158066.52,1,0.0,0
302,DEBIT,1.0,C9189503254,0.0,0.0,M6866146362,0.0,0.0,0,0.04,0
92,DEBIT,1.0,C4361393222,0.0,0.0,M6744039057,0.0,0.0,0,0.03,0
456,PAYMENT,75.37,C7784217828,159.18,83.81,M8643636805,0.0,0.0,0,0.0,0
511,CASH_OUT,4544.49,C4662861038,4921.2,376.71,C6859286614,0.0,0.0,1,0.03,0
223,CASH_OUT,18.82,C6628158856,38.94,20.12,C6307626407,476.12,476.12,0,0.0,0
614,CASH_OUT,1397.4,C8370987661,1847.25,449.85,C7920516981,253.98,253.98,0,0.013333333333333334,0
208,TRANSFER,47.99,C9376277483,118.99,71.0,C7825844140,191.96,239.95,0,0.006666666666666667,0
570,TRANSFER,1.0,C5728765136,0.36,0.0,C7951902330,0.0,1.0,0,0.23,0
657,CASH_OUT,1.0,C8252816758,0.0,0.0,C1304205279,202.24,202.24,0,0.04666666666666667,0
564,CASH_OUT,357.08,C5625980561,676.17,319.09,C5403510324,0.0,0.0,0,0.03,0
321,CASH_OUT,1.53,C6515369278,8071.11,8069.58,C6991473746,14770.31,14770.31,0,0.0,0
610,PAYMENT,83.83,C1005502537,102.95,19.12,M9590331226,0.0,0.0,0,0.0,0
648,PAYMENT,1.0,C4310415016,0.0,0.0,M6790024996,0.0,0.0,0,0.0,0
38,CASH_OUT,1.0,C9369574998,1.0,0.0,C8265834251,104023.88,104023.88,0,0.0,0
152,CASH_OUT,112.42,C2308496151,110.92,0.0,C7832220535,0.0,0.0,1,0.023333333333333334,0
575,PAYMENT,21.11,C7038841740,39.37,18.26,M9444143872,0.0,0.0,0,0.0,0
181,CASH_OUT,7.87,C8763140509,18.25,10.38,C3515167269,356.01,356.01,0,0.0,0
558,CASH_OUT,66.38,C6591038760,126.55,60.17,C1515024824,0.0,0.0,0,0.03666666666666667,0
272,TRANSFER,706.29,C5515628633,884.2,177.91,M4390543744,0.0,0.0,1,0.10666666666666667,0
644,TRANSFER,2800.04,C7910439839,4959.9,2159.86,C3045102506,534.92,3334.96,0,0.04,0
262,PAYMENT,1.0,C7146318035,0.0,0.0,M6247463262,0.0,0.0,0,0.0,0
66,TRANSFER,21343.66,C2780016559,28573.74,7230.08,M4122901114,0.0,0.0,1,0.25,0
593,PAYMENT,1.0,C7552812957,0.0,0.0,M9752092528,0.0,0.0,0,0.0,0
232,PAYMENT,1.0,C9868845806,0.47,0.0,M5714658227,0.0,0.0,0,0.0,0
156,CASH_OUT,1.0,C7015992643,0.0,0.0,C7961674558,15095.09,15095.09,0,0.0,0
121,PAYMENT,1.0,C7229869819,0.0,0.0,M1413599241,0.0,0.0,0,0.0,0
292,PAYMENT,36.41,C9776185998,51.97,15.56,M8667946580,0.0,0.0,0,0.0,0
423,TRANSFER,1.0,C3614915281,0.0,0.0,C8826851692,810.99,811.99,0,0.07,0
301,TRANSFER,2422.69,C3792347639,2587.69,165.0,C4706249669,0.0,0.0,1,0.20333333333333334,0
155,CASH_OUT,2356.95,C2293434554,4788.01,2431.06,C8664882079,0.0,0.0,0,0.0,0
76,TRANSFER,7.81,C5400463094,13.9,6.09,C5297902885,72.76,80.57,0,0.09333333333333334,0
711,CASH_OUT,273.24,C8299146480,536.98,263.74,C4656572173,0.0,0.0,0,0.02666666666666667,0
600,CASH_OUT,2717.81,C2137651678,2389.41,0.0,C7838460497,2.43,2.43,1,0.16,0
579,CASH_OUT,24.38,C3188382776,91.82,67.44,C1664885408,0.0,0.0,0,0.03666666666666667,0
47,TRANSFER,1.0,C2579206999,0.0,0.0,C7508522951,2.87,3.87,0,0.22,0
480,CASH_IN,33920.67,C4466589567,0.0,33920.67,C6894808149,709.98,709.98,0,0.0,0
666,PAYMENT,41.58,C2952996248,63.72,22.14,M9752092528,0.0,0.0,0,0.0,0
418,TRANSFER,106.08,C4564751926,181.24,75.16,C8833889083,0.0,106.08,0,0.10333333333333333,0
700,CASH_OUT,9.73,C8055556030,12.54,2.81,C2566942273,311.23,311.23,0,0.02666666666666667,0
671,CASH_OUT,2737.87,C5033992825,2394.83,0.0,C4752171298,1142.05,1142.05,1,0.14,0
337,PAYMENT,1836.93,C5789633176,39526.11,37689.18,M9977193987,0.0,0.0,0,0.0,0
554,PAYMENT,1.0,C2327372855,0.0,0.0,M6659847491,0.0,0.0,0,0.0,0
627,PAYMENT,57.23,C6218484323,16241.38,16184.15,M3457877922,0.0,0.0,0,0.0,0
471,CASH_OUT,1557.59,C6415031531,4959.17,3401.58,C3190227431,26821.47,26821.47,0,0.03333333333333333,0
516,PAYMENT,621.04,C3075362821,937.27,316.23,M7282885927,0.0,0.0,0,0.0,0
17,CASH_OUT,200.36,C8274219704,217.05,16.69,C3674551397,111015.67,111015.67,0,0.01,0
595,PAYMENT,17984.03,C6715705115,107101.71,89117.68,M1122712790,0.0,0.0,0,0.0,0
613,TRANSFER,70.13,C2075321966,88.29,18.16,C8151583833,49.22,119.35,0,0.11,0
315,PAYMENT,22.94,C9744120054,28.01,5.07,M3636366799,0.0,0.0,0,0.0,0
194,TRANSFER,63.6,C1639509845,188.89,125.29,C2260326267,0.0,63.6,0,0.14666666666666667,0
544,TRANSFER,107.68,C8809871735,138.33,30.65,C6392415228,10261.82,10261.82,1,0.01,0
628,TRANSFER,4760.51,C3363629219,4138.73,0.0,M5570190774,0.0,0.0,1,0.95,1
221,TRANSFER,1392.39,C4820055862,1418.44,26.05,C9272277508,0.0,0.0,1,0.20666666666666667,0
139,CASH_OUT,1.0,C9462806178,0.0,0.0,C5613655595,4011.38,4011.38,0,0.0,0
565,TRANSFER,8.05,C1885113834,13.92,5.87,C5689870435,0.0,8.05,0,0.17,0
351,TRANSFER,8.91,C7248258423,39.29,30.38,C8325222092,0.21,9.12,0,0.14666666666666667,0
496,CASH_OUT,1.0,C8133593748,0.0,0.0,C7645527239,41.69,41.69,0,0.05,0
179,PAYMENT,1.0,C6334440295,0.0,0.0,M3566125120,0.0,0.0,0,0.0,0
79,PAYMENT,36.28,C2745958114,42.51,6.23,M9620935604,0.0,0.0,0,0.0,0
126,PAYMENT,37.73,C7161887665,172.41,134.68,M2115862756,0.0,0.0,0,0.0,0
128,CASH_OUT,2.93,C1529290976,3.53,0.6,C1561417687,0.0,0.0,0,0.0033333333333333335,0
149,CASH_OUT,88.34,C5748253283,117.87,29.53,M7270955446,0.0,0.0,1,0.0033333333333333335,0
517,TRANSFER,302.84,C7575259637,891.68,588.84,C4147025728,12.45,315.29,0,0.07,0
199,CASH_OUT,3369.28,C3574081104,4674.13,1304.85,C4322510552,48110.55,48110.55,1,0.0,0
305,TRANSFER,3474.25,C9941564880,3411.35,0.0,M3438830691,0.0,0.0,1,0.8066666666666666,1
115,PAYMENT,1.0,C1033015788,0.0,0.0,M8144352013,0.0,0.0,0,0.0,0
584,CASH_OUT,1.0,C1484664056,0.0,0.0,C5539308214,3162.74,3162.74,0,0.03,0
488,TRANSFER,2177.49,C3511301900,23002.36,20824.87,C4492602049,12.14,2189.63,0,0.023333333333333334,0
36,CASH_OUT,562.57,C9581991473,849.76,287.19,C2289624427,21.06,21.06,0,0.0033333333333333335,0
286,PAYMENT,1.0,C8372755146,0.0,0.0,M9288057824,0.0,0.0,0,0.0,0
576,PAYMENT,21.51,C6959501845,28.09,6.58,M9752092528,0.0,0.0,0,0.0,0
667,CASH_OUT,1.0,C3058982440,1.0,0.0,C3780439666,0.0,0.0,0,0.056666666666666664,0
39,TRANSFER,1.0,C9752058817,0.0,0.0,C9484167278,2223.75,2224.75,0,0.0,0
210,TRANSFER,1239.94,C7894019119,1503.55,263.61,M9933702652,0.0,0.0,1,0.11666666666666667,0
3,TRANSFER,2700.55,C6471691689,9038.77,6338.22,C1818112342,998.21,3698.76,0,0.013333333333333334,0
96,CASH_OUT,1134.45,C8867077130,1566.96,432.51,C4262396395,0.0,0.0,1,0.0,0
362,PAYMENT,1472.26,C4794276323,1641.81,169.55,M4035639663,0.0,0.0,0,0.0,0
148,TRANSFER,134.63,C4659306670,201.29,66.66,C3019214800,213.4,348.03,0,0.0033333333333333335,0
334,TRANSFER,8.4,C1282103057,13.37,4.97,C7226553010,0.0,8.4,0,0.15666666666666668,0
301,PAYMENT,1.0,C6098775210,0.0,0.0,M7750131975,0.0,0.0,0,0.0,0
457,PAYMENT,11.14,C5523703900,19.7,8.56,M9918338001,0.0,0.0,0,0.0,0
78,TRANSFER,129399.52,C5870891270,158066.52,28667.0,M5919148165,0.0,0.0,1,0.25,0
568,TRANSFER,1115.16,C1110533960,1427.54,312.38,C3739951076,0.0,0.0,1,0.17,0
562,PAYMENT,190.12,C7710396573,435.05,244.93,M6659847491,0.0,0.0,0,0.0,0
448,CASH_OUT,695.12,C6097953682,829.05,133.93,M9918338001,0.0,0.0,1,0.07666666666666666,0
143,PAYMENT,59.01,C9285415473,67.49,8.48,M5869990861,0.0,0.0,0,0.0,0
91,CASH_OUT,26275.2,C4022245086,31273.33,4998.13,C6922713963,7536.91,7536.91,1,0.006666666666666667,0
625,PAYMENT,211.84,C4748302739,7203.73,6991.89,M2869931869,0.0,0.0,0,0.0,0
108,PAYMENT,95.11,C2965718821,220.6,125.49,M6866146362,0.0,0.0,0,0.0,0
131,TRANSFER,5126.92,C9248046539,4279.71,0.0,C7685540186,2110.25,7237.17,1,0.01,0
305,PAYMENT,123.54,C8168204967,164.55,41.01,M6282009986,0.0,0.0,0,0.0,0
420,TRANSFER,3056.44,C5883933127,2811.94,0.0,C4015479599,115.89,115.89,1,0.5133333333333333,1
134,CASH_IN,84520.67,C5512036684,26.19,84546.86,C8796286443,273.07,273.07,0,0.0,0
318,PAYMENT,1.0,C1726990714,0.57,0.0,M5156392601,0.0,0.0,0,0.0,0
382,CASH_OUT,1106.51,C4207337120,1480.14,373.63,M3072183247,0.0,0.0,1,0.01,0
380,TRANSFER,1.0,C2753617371,0.0,0.0,C3995732958,252.0,253.0,0,0.013333333333333334,0
577,TRANSFER,48.82,C1487258103,51.34,2.52,M7764117705,0.0,0.0,1,0.18333333333333332,0
710,TRANSFER,237.0,C2891100776,224.89,0.0,C1290050198,7153.2,7153.2,1,0.04,0
321,PAYMENT,314.41,C8854238082,333.11,18.7,M3322580659,0.0,0.0,0,0.0,0
270,CASH_OUT,1.0,C2687477596,0.0,0.0,C8086684009,0.0,0.0,0,0.02666666666666667,0
277,TRANSFER,3784.29,C2973888646,3927.11,142.82,C2616884203,0.0,0.0,1,0.4,0
20,TRANSFER,1195.94,C8477300991,1685.1,489.16,M3313346852,0.0,0.0,1,0.11333333333333333,0
701,TRANSFER,1.0,C9924456994,0.0,0.0,C7637761996,64273.97,64274.97,0,0.006666666666666667,0
571,CASH_OUT,4.24,C3975704877,14.82,10.58,C3371357111,785.46,785.46,0,0.04,0
438,CASH_OUT,1528.95,C5625411308,1550.32,21.37,M5315720088,0.0,0.0,1,0.11333333333333333,0
325,TRANSFER,472.43,C6443749394,411.11,0.0,C8239941612,0.0,0.0,1,0.23333333333333334,0
541,CASH_OUT,1.0,C8168394616,0.0,0.0,C7508080884,611.83,611.83,0,0.06,0
643,PAYMENT,175.23,C1798112150,842.27,667.04,M2155671697,0.0,0.0,0,0.0,0
265,CASH_OUT,10871.33,C8117478955,10658.44,0.0,M2839566253,0.0,0.0,1,0.12,0
479,TRANSFER,389.32,C5774080233,385.83,0.0,M8102481401,0.0,0.0,1,0.24,0
442,TRANSFER,3448.62,C7374584386,3990.28,541.66,M2555936898,0.0,0.0,1,0.29,0
348,PAYMENT,2.79,C9285415473,8.48,5.69,M8044997538,0.0,0.0,0,0.0,0
180,PAYMENT,332.68,C6102144947,456.05,123.37,M1676220116,0.0,0.0,0,0.0,0
643,CASH_OUT,5297.18,C2752536389,4559.7,0.0,C8684942020,308.38,308.38,1,0.18666666666666668,0
60,CASH_OUT,416.69,C6288227800,517.07,100.38,C8281641403,0.0,0.0,0,0.006666666666666667,0
458,TRANSFER,3459.92,C8351491401,5719.1,2259.18,C6425814872,0.0,3459.92,0,0.03666666666666667,0
129,PAYMENT,4.89,C1885113834,5.87,0.98,M5585110649,0.0,0.0,0,0.0,0
582,DEBIT,1.0,C4070964768,0.0,0.0,M4601406440,0.0,0.0,0,0.04666666666666667,0
312,TRANSFER,1320.19,C1124331395,1103.09,0.0,C7670476743,0.0,0.0,1,0.35,0
558,CASH_OUT,1154.53,C8168394616,1169.72,15.19,M9404002665,0.0,0.0,1,0.04666666666666667,0
414,TRANSFER,191.04,C2247484671,251.35,60.31,C8584566722,12451.22,12451.22,1,0.0033333333333333335,0
506,DEBIT,1719.24,C7824150224,2528.78,809.54,M1783432867,0.0,0.0,0,0.03,0
221,TRANSFER,4300.71,C7596745715,4554.85,254.14,C3206955437,12.55,12.55,1,0.18,0
255,CASH_OUT,14.59,C5759234471,37.81,23.22,C1785418196,0.0,0.0,0,0.0,0
500,PAYMENT,393.41,C7958672456,574.51,181.1,M8218146534,0.0,0.0,0,0.0,0
422,CASH_OUT,25.16,C3098948446,89.14,63.98,C3377702111,0.0,0.0,0,0.043333333333333335,0
486,CASH_OUT,41.73,C8382488970,167.8,126.07,C8973989997,58.12,58.12,0,0.03,0
524,PAYMENT,3970.92,C5271453859,6760.21,2789.29,M5985331805,0.0,0.0,0,0.0,0
547,PAYMENT,1.0,C6128695961,0.0,0.0,M9581187661,0.0,0.0,0,0.0,0
616,TRANSFER,557.99,C1182758417,538.14,0.0,M5891831621,0.0,0.0,1,0.27,0
418,TRANSFER,1832.85,C7311011808,1640.46,0.0,M9065458220,0.0,0.0,1,0.5166666666666667,1
40,PAYMENT,26.43,C8831899893,61.57,35.14,M2916502228,0.0,0.0,0,0.0,0
571,CASH_OUT,778.05,C5778781449,743.38,0.0,C6493800024,0.0,0.0,1,0.14666666666666667,0
188,TRANSFER,4228.7,C6923206003,4851.73,623.03,C3598862507,0.0,0.0,1,0.19333333333333333,0
468,TRANSFER,1720.17,C8137764127,2633.43,913.26,C4131575764,44406.25,46126.42,0,0.013333333333333334,0
195,PAYMENT,1.0,C4930438209,0.0,0.0,M7340036327,0.0,0.0,0,0.0,0
500,TRANSFER,784.56,C6336171726,2819.35,2034.79,C8868054898,5.97,790.53,0,0.06,0
657,TRANSFER,83.37,C3420721027,247.65,164.28,C5082603360,18.76,102.13,0,0.08333333333333333,0
202,PAYMENT,1439.03,C3045102506,3334.96,1895.93,M6786043791,0.0,0.0,0,0.0,0
72,DEBIT,1.0,C5376302686,1.68,0.68,M6101516825,0.0,0.0,0,0.03,0
517,CASH_OUT,1.0,C6448324230,0.0,0.0,C3693985578,5.65,5.65,0,0.05333333333333334,0
227,PAYMENT,55.95,C3891796055,162.46,106.51,M2655546199,0.0,0.0,0,0.0,0
215,CASH_OUT,1.0,C6619138852,0.0,0.0,C6633778586,796.83,796.83,0,0.016666666666666666,0
625,TRANSFER,1.0,C2052811909,0.0,0.0,C2445662585,0.0,1.0,0,0.23333333333333334,0
376,TRANSFER,2.98,C9786748825,5.65,2.67,C4095476665,0.0,2.98,0,0.16666666666666666,0
473,PAYMENT,6.9,C7226553010,8.4,1.5,M1458227039,0.0,0.0,0,0.0,0
671,TRANSFER,47.58,C8394040015,63.3,15.72,M8768773991,0.0,0.0,1,0.17333333333333334,0
168,TRANSFER,2217.65,C8880079328,1996.18,0.0,C5421051452,74132.36,74132.36,1,0.013333333333333334,0
673,PAYMENT,1.0,C6558450990,0.0,0.0,M2916502228,0.0,0.0,0,0.0,0
519,CASH_OUT,1.0,C1033015788,0.0,0.0,C2224363672,754.85,754.85,0,0.06,0
37,CASH_OUT,292.84,C8755749566,295.8,2.96,C1209063208,2265.37,2265.37,1,0.006666666666666667,0
7,TRANSFER,1.0,C9523104008,0.0,0.0,C9702693937,10.55,11.55,0,0.17,0
579,TRANSFER,1.0,C7471636437,1.72,0.72,C1678500147,11206.06,11207.06,0,0.006666666666666667,0
231,PAYMENT,75.44,C7760554363,127.02,51.58,M2115862756,0.0,0.0,0,0.0,0
311,TRANSFER,1.0,C8636525027,0.0,0.0,C5647317872,0.0,1.0,0,0.22666666666666666,0
128,CASH_IN,121070.61,C7465834732,4.92,121075.53,C2148679234,1.0,1.0,0,0.0,0
333,PAYMENT,13.99,C6952291828,15.67,1.68,M8030400668,0.0,0.0,0,0.0,0
489,CASH_OUT,1.79,C4096932037,2.7,0.91,C6789292252,0.0,0.0,0,0.06,0
34,PAYMENT,13002.44,C9611537583,18727.09,5724.65,M5734228580,0.0,0.0,0,0.0,0
360,TRANSFER,1530.63,C9259157845,1635.93,105.3,C5416031878,112.76,1643.39,0,0.013333333333333334,0
85,CASH_OUT,2492.4,C4042413312,2562.48,70.08,C5871743247,168.58,168.58,1,0.0033333333333333335,0
52,TRANSFER,151.33,C5243939720,193.43,42.1,C1558631501,0.0,151.33,0,0.06666666666666667,0
637,CASH_OUT,1.0,C3971203213,0.0,0.0,C2232285036,0.0,0.0,0,0.06,0
620,PAYMENT,3.07,C8719734235,14.11,11.04,M9625656293,0.0,0.0,0,0.0,0
585,CASH_OUT,1155.32,C6477862024,1191.81,36.49,M5194066484,0.0,0.0,1,0.04,0
240,PAYMENT,101.38,C7920516981,253.98,152.6,M7437168216,0.0,0.0,0,0.0,0
55,PAYMENT,125.32,C2570991899,212.18,86.86,M2156184315,0.0,0.0,0,0.0,0
575,CASH_OUT,3948.34,C4735334423,3662.31,0.0,M4892544235,0.0,0.0,1,0.22,0
177,CASH_OUT,4538.04,C6947080764,4413.93,0.0,C2830154607,2.04,2.04,1,0.05,0
707,CASH_OUT,1.0,C9805620900,0.0,0.0,C7699500243,0.0,0.0,0,0.06,0
58,CASH_OUT,55.07,C2260326267,63.6,8.53,M5315720088,0.0,0.0,1,0.006666666666666667,0
595,TRANSFER,19252.75,C3190227431,26821.47,7568.72,M1185303518,0.0,0.0,1,0.3,0
695,PAYMENT,185.05,C7061419749,215.35,30.3,M6992094064,0.0,0.0,0,0.0,0
471,TRANSFER,9260.61,C7420846622,17870.32,8609.71,C4919706735,1.01,9261.62,0,0.01,0
572,TRANSFER,1882.95,C9957643727,2521.42,638.47,C2072355594,7.56,1890.51,1,0.06666666666666667,0
393,PAYMENT,632.62,C8122042835,1797.75,1165.13,M2773408660,0.0,0.0,0,0.0,0
103,CASH_OUT,1603.08,C1659663750,2254.71,651.63,M4689605624,0.0,0.0,1,0.0,0
678,CASH_OUT,23.69,C6477862024,36.49,12.8,C5336127859,23.49,23.49,0,0.023333333333333334,0
720,CASH_IN,98678.98,C6237376063,0.0,98678.98,C3245108207,80.61,80.61,0,0.0,0
562,TRANSFER,6514.81,C2515672889,5432.36,0.0,M5990749811,0.0,0.0,1,0.96,1
292,TRANSFER,53.36,C1572827654,54.96,1.6,M9916475897,0.0,0.0,1,0.17666666666666667,0
2,CASH_OUT,477.82,C7852415525,654.79,176.97,C2745958114,6.23,6.23,1,0.02,0
73,CASH_OUT,21.19,C8322868827,40.16,18.97,C8295757364,26.03,26.03,0,0.0,0
699,PAYMENT,1.0,C6587537178,0.0,0.0,M9640701016,0.0,0.0,0,0.0,0
589,TRANSFER,8.2,C8325222092,9.12,0.92,C5364727160,0.0,8.2,0,0.19333333333333333,0
437,DEBIT,514.39,C3438771483,542.66,28.27,M2773408660,0.0,0.0,0,0.03666666666666667,0
563,TRANSFER,1383.56,C1306702926,4064.13,2680.57,C8999963054,1195.26,2578.82,0,0.023333333333333334,0
373,CASH_OUT,21173.53,C1818520766,26701.45,5527.92,M1802753761,0.0,0.0,1,0.0,0
302,PAYMENT,1.0,C9786748825,2.67,1.67,M7366396017,0.0,0.0,0,0.0,0
516,PAYMENT,300.03,C4873807154,776.94,476.91,M5570190774,0.0,0.0,0,0.0,0
447,CASH_OUT,8304.41,C8229344434,13188.39,4883.98,C9703905715,0.0,0.0,0,0.02,0
345,CASH_OUT,4031.37,C4274374218,4137.69,106.32,M3811254192,0.0,0.0,1,0.016666666666666666,0
176,PAYMENT,126.37,C3980491761,293.51,167.14,M4160161496,0.0,0.0,0,0.0,0
255,PAYMENT,1.0,C5278201677,0.0,0.0,M3536590481,0.0,0.0,0,0.0,0
257,TRANSFER,168.66,C3482206102,227.45,58.79,M2778069478,0.0,0.0,1,0.16,0
103,CASH_OUT,1887.78,C9067664957,1882.58,0.0,C7465834732,121075.53,121075.53,1,0.0033333333333333335,0
176,PAYMENT,5123.81,C4131575764,46126.42,41002.61,M8768773991,0.0,0.0,0,0.0,0
505,DEBIT,4528.72,C9611537583,5724.65,1195.93,M5270048042,0.0,0.0,0,0.03666666666666667,0
639,PAYMENT,1.0,C8902275119,0.0,0.0,M9896529524,0.0,0.0,0,0.0,0
489,TRANSFER,153.04,C8039917766,160.78,7.74,C2687477596,0.0,153.04,0,0.09666666666666666,0
322,CASH_OUT,13.44,C7027529118,50.16,36.72,C7818568548,10.12,10.12,0,0.0033333333333333335,0
400,TRANSFER,188.24,C2627677155,241.48,53.24,C8366884200,0.0,0.0,1,0.15666666666666668,0
686,PAYMENT,1.0,C3739951076,0.0,0.0,M8626371177,0.0,0.0,0,0.0,0
191,TRANSFER,36.57,C3962452613,52.0,15.43,C8369792370,2.1,38.67,0,0.16,0
614,TRANSFER,78.8,C3923823693,75.77,0.0,M5869990861,0.0,0.0,1,0.24333333333333335,0
298,TRANSFER,1.0,C8350384902,0.0,0.0,C6623360831,13896.49,13897.49,0,0.0,0
53,PAYMENT,1.0,C8493451569,0.0,0.0,M8030400668,0.0,0.0,0,0.0,0
13,PAYMENT,28.99,C6687206971,96.46,67.47,M9921025990,0.0,0.0,0,0.0,0
368,TRANSFER,22.15,C4564751926,75.16,53.01,C9049270990,0.0,22.15,0,0.15666666666666668,0
10,CASH_OUT,2.06,C1282103057,4.97,2.91,C4201225242,0.0,0.0,0,0.006666666666666667,0
345,CASH_OUT,1.0,C2510308881,0.0,0.0,C5058691146,89349.39,89349.39,0,0.0,0
172,TRANSFER,4237.78,C7640122370,4079.94,0.0,C1264739091,233.05,4470.83,1,0.02,0
73,PAYMENT,1.0,C4014119648,0.0,0.0,M7969674420,0.0,0.0,0,0.0,0
145,TRANSFER,337.91,C5735817014,427.91,90.0,C3319936135,517.39,855.3,1,0.006666666666666667,0
26,PAYMENT,4.58,C4037270171,7.69,3.11,M1857561275,0.0,0.0,0,0.0,0
578,TRANSFER,5.58,C6027311960,8.04,2.46,C7374810067,23.48,29.06,0,0.14,0
421,PAYMENT,1121.94,C8291250562,1236.11,114.17,M4093474499,0.0,0.0,0,0.0,0
505,PAYMENT,1.0,C4310415016,0.0,0.0,M8144352013,0.0,0.0,0,0.0,0
25,PAYMENT,2816.25,C4919706735,9261.62,6445.37,M5564953924,0.0,0.0,0,0.0,0
667,PAYMENT,1.0,C4807122420,1.0,0.0,M4399143287,0.0,0.0,0,0.0,0
648,CASH_OUT,888.23,C9963334018,1027.17,138.94,M7969674420,0.0,0.0,1,0.023333333333333334,0
392,CASH_OUT,1.0,C5612645121,0.0,0.0,C7631970791,0.0,0.0,0,0.03666666666666667,0
105,PAYMENT,346.48,C6572436051,407.74,61.26,M6313472215,0.0,0.0,0,0.0,0
174,TRANSFER,1273.84,C5625411308,1457.26,183.42,C3149484176,39.12,39.12,1,0.07333333333333333,0
234,CASH_OUT,869.07,C7552812957,912.51,43.44,C4485356009,568.83,568.83,1,0.0,0
341,DEBIT,6509.62,C2843567009,8616.58,2106.96,M3495411322,0.0,0.0,0,0.02,0
193,TRANSFER,1.0,C1862812038,0.0,0.0,C8184602688,198.12,199.12,0,0.04666666666666667,0
353,TRANSFER,1.0,C3117951204,0.0,0.0,C3799264931,53.61,54.61,0,0.13,0
660,TRANSFER,12.69,C2905584866,29.41,16.72,C1039262289,386.19,398.88,0,0.07333333333333333,0
199,CASH_IN,45201.01,C7418301077,137.17,45338.18,C9067664957,0.0,0.0,0,0.0,0
449,CASH_OUT,1.0,C9941564880,0.0,0.0,C4283432667,4754.3,4754.3,0,0.04666666666666667,0
248,PAYMENT,31.72,C7904559790,124.19,92.47,M7951820749,0.0,0.0,0,0.0,0
270,TRANSFER,3097.75,C3837784389,4095.53,997.78,M4641902461,0.0,0.0,1,0.21666666666666667,0
306,CASH_OUT,576.38,C2486744752,852.3,275.92,C3396953414,44.58,44.58,0,0.01,0
191,TRANSFER,50.29,C5160575046,76.16,25.87,C1958682846,49.96,100.25,0,0.09333333333333334,0
460,DEBIT,177.08,C1011759631,203.36,26.28,M9581187661,0.0,0.0,0,0.02666666666666667,0
367,PAYMENT,3.93,C4274958945,9.18,5.25,M2711123163,0.0,0.0,0,0.0,0
272,TRANSFER,900.05,C9409682410,102951.08,102051.03,C2274350418,327.13,1227.18,0,0.0,0
351,TRANSFER,16.03,C8084809436,20.15,4.12,C8184602688,199.12,215.15,0,0.023333333333333334,0
333,PAYMENT,1.0,C6289150149,0.0,0.0,M6820149016,0.0,0.0,0,0.0,0
168,PAYMENT,1.0,C3109688769,0.0,0.0,M9404002665,0.0,0.0,0,0.0,0
601,PAYMENT,1.0,C1417436465,0.0,0.0,M8646369354,0.0,0.0,0,0.0,0
378,CASH_OUT,27.06,C8757570742,98.47,71.41,C4062777850,0.0,0.0,0,0.013333333333333334,0
522,TRANSFER,1.0,C2879792991,0.0,0.0,C2610237679,1.72,2.72,0,0.22333333333333333,0
693,PAYMENT,1.0,C2515672889,0.0,0.0,M6053489772,0.0,0.0,0,0.0,0
575,CASH_OUT,3709.38,C2095286033,5048.7,1339.32,C8987073217,0.57,0.57,1,0.023333333333333334,0
285,TRANSFER,4036.82,C7393195616,4521.34,484.52,M2155671697,0.0,0.0,1,0.22333333333333333,0
377,TRANSFER,30.9,C1288335378,33.73,2.83,C7635473142,0.0,30.9,0,0.16666666666666666,0
594,PAYMENT,2553.45,C6392415228,10261.82,7708.37,M9523139706,0.0,0.0,0,0.0,0
103,CASH_OUT,4020.9,C1036351450,3553.6,0.0,C5067245523,0.0,0.0,1,0.05333333333333334,0
201,PAYMENT,146.2,C7710396573,244.93,98.73,M9631695368,0.0,0.0,0,0.0,0
276,TRANSFER,3469.97,C9691572571,4073.83,603.86,C4252504650,0.0,0.0,1,0.21666666666666667,0
446,TRANSFER,673.23,C7805633786,802.25,129.02,C9523104008,0.0,673.23,0,0.04666666666666667,0
321,TRANSFER,140.79,C6921525436,196.46,55.67,C3655790301,249.07,389.86,1,0.0,0
314,PAYMENT,1.0,C1662976399,0.0,0.0,M6786043791,0.0,0.0,0,0.0,0
337,PAYMENT,35.86,C9963334018,138.94,103.08,M3317856944,0.0,0.0,0,0.0,0
715,PAYMENT,19.06,C8982597239,22.44,3.38,M1096405016,0.0,0.0,0,0.0,0
102,PAYMENT,1.0,C5078551333,0.0,0.0,M3192202822,0.0,0.0,0,0.0033333333333333335,0
63,CASH_OUT,3191.77,C7608141858,2979.61,0.0,C5439176290,101.23,101.23,1,0.03333333333333333,0
513,CASH_IN,16074.86,C7027529118,36.72,16111.58,C5344083406,0.0,0.0,0,0.0,0
705,TRANSFER,156.46,C9457665185,199.81,43.35,C9597198563,115.62,272.08,0,0.06666666666666667,0
664,PAYMENT,1902.66,C8168036130,3802.1,1899.44,M1694904767,0.0,0.0,0,0.0,0
614,PAYMENT,97.1,C1446457642,297.52,200.42,M9441870024,0.0,0.0,0,0.0,0
109,TRANSFER,3544.44,C7792729530,3085.79,0.0,M1306420495,0.0,0.0,1,0.8166666666666667,1
386,PAYMENT,6.15,C8086172302,7.21,1.06,M2625035499,0.0,0.0,0,0.0,0
38,PAYMENT,1.0,C2753617371,0.0,0.0,M8869140487,0.0,0.0,0,0.0,0
703,PAYMENT,1.0,C3739951076,0.0,0.0,M8058679999,0.0,0.0,0,0.0,0
44,TRANSFER,1546.05,C6464693977,1290.36,0.0,M7969674420,0.0,0.0,1,0.36,0
98,TRANSFER,4477.07,C8331319481,4420.47,0.0,C3297096148,1.0,1.0,1,0.8033333333333333,1
530,TRANSFER,528.92,C1225052083,737.42,208.5,M5449848690,0.0,0.0,1,0.12,0
492,PAYMENT,3185.02,C4921003983,6447.7,3262.68,M7651029165,0.0,0.0,0,0.0,0
257,CASH_OUT,36977.14,C9471306442,69890.1,32912.96,C7248258423,30.38,30.38,0,0.0,0
69,TRANSFER,479.79,C5482431018,644.11,164.32,M8389750357,0.0,0.0,1,0.08666666666666667,0
427,TRANSFER,120.26,C3891796055,106.51,0.0,M8083396378,0.0,0.0,1,0.21,0
533,TRANSFER,307.4,C2646331504,449.19,141.79,C2268523764,0.0,307.4,0,0.06,0
288,TRANSFER,47.23,C2963288053,50.19,2.96,M2391874847,0.0,0.0,1,0.17,0
373,PAYMENT,22342.13,C6557907251,77352.91,55010.78,M1732578761,0.0,0.0,0,0.0,0
222,CASH_OUT,3305.95,C2752536389,3177.46,0.0,M5694439775,0.0,0.0,1,0.06333333333333334,0
218,CASH_OUT,329.16,C5578056564,411.71,82.55,M1122712790,0.0,0.0,1,0.0,0
531,PAYMENT,2.21,C8033702319,2.42,0.21,M3355504998,0.0,0.0,0,0.0,0
356,CASH_OUT,3638.71,C5375461598,3304.33,0.0,M2115406331,0.0,0.0,1,0.14,0
608,TRANSFER,87.31,C8547068234,119.29,31.98,C4748302739,6991.89,6991.89,1,0.03333333333333333,0
452,TRANSFER,847.68,C5419627962,733.83,0.0,M5734228580,0.0,0.0,1,0.25666666666666665,0
107,TRANSFER,37.02,C4042413312,70.08,33.06,C6288227800,100.38,137.4,0,0.03,0
493,TRANSFER,2266.42,C8999963054,2578.82,312.4,M8138332494,0.0,0.0,1,0.31,0
206,PAYMENT,1.32,C4734111722,3.8,2.48,M1413599241,0.0,0.0,0,0.0,0
369,CASH_OUT,4260.66,C9493209128,3585.24,0.0,C4440904834,1014.26,1014.26,1,0.09,0
86,TRANSFER,1.0,C2579206999,0.0,0.0,C6884333221,1.01,2.01,0,0.23333333333333334,0
574,TRANSFER,94670.09,C9409682410,102051.03,7380.94,C8757570742,71.41,94741.5,1,0.0,0
204,CASH_OUT,12.29,C5269015757,13.17,0.88,C4531928910,1568.14,1568.14,0,0.0,0
684,PAYMENT,359.14,C1547374338,556.77,197.63,M3156792018,0.0,0.0,0,0.0,0
517,TRANSFER,3048.41,C7022683808,3576.7,528.29,C3484872186,0.0,3048.41,1,0.05,0
492,PAYMENT,58.76,C2683446724,80.63,21.87,M3072183247,0.0,0.0,0,0.0,0
443,PAYMENT,1.21,C9730449971,1.96,0.75,M6692705133,0.0,0.0,0,0.0,0
30,TRANSFER,2.12,C3783290795,2.63,0.51,C3553440342,0.0,2.12,0,0.22333333333333333,0
61,CASH_IN,80302.51,C8527715219,2.37,80304.88,C8215470878,24661.21,24661.21,0,0.0,0
36,CASH_IN,103623.91,C2962750929,0.0,103623.91,C3383331379,40.07,40.07,0,0.0,0
403,DEBIT,55.46,C8093179263,149.5,94.04,M4554178984,0.0,0.0,0,0.023333333333333334,0
237,CASH_OUT,5633.68,C1367704871,5418.28,0.0,M7969674420,0.0,0.0,1,0.07,0
481,PAYMENT,3675.22,C8695129534,74869.91,71194.69,M3107992942,0.0,0.0,0,0.0,0
685,CASH_OUT,3262.9,C7838460497,4064.39,801.49,C8261111839,1.07,1.07,1,0.023333333333333334,0
591,CASH_OUT,4181.57,C1494287462,3856.87,0.0,M4093474499,0.0,0.0,1,0.24,0
327,PAYMENT,12.92,C7464468567,14.67,1.75,M6498703287,0.0,0.0,0,0.0,0
367,CASH_OUT,29.83,C3098948446,63.98,34.15,C9432088993,5.59,5.59,0,0.006666666666666667,0
333,TRANSFER,1.38,C3639796200,3.08,1.7,C5774080233,0.0,1.38,0,0.16666666666666666,0
465,TRANSFER,4.54,C7403028869,62.53,57.99,C4712367625,3131.31,3135.85,0,0.03,0
61,PAYMENT,2273.36,C1248704157,117970.28,115696.92,M1413599241,0.0,0.0,0,0.0,0
299,PAYMENT,1.0,C1194576436,0.0,0.0,M9822499208,0.0,0.0,0,0.0,0
118,TRANSFER,15.13,C5872148707,51.38,36.25,C6986770879,239.84,254.97,0,0.006666666666666667,0
204,CASH_OUT,120.35,C4683935600,143.1,22.75,C6369130994,7298.63,7298.63,0,0.01,0
629,PAYMENT,1.0,C9941564880,0.0,0.0,M8063693463,0.0,0.0,0,0.0,0
282,CASH_OUT,91.86,C9842186844,103.85,11.99,C5375461598,0.0,0.0,0,0.01,0
113,CASH_OUT,1.0,C7340498236,0.0,0.0,C1489726608,163.14,163.14,0,0.0,0
323,CASH_OUT,71697.31,C6054421752,65703.91,0.0,M3208200227,0.0,0.0,1,0.06,0
64,TRANSFER,2720.75,C8133593748,2574.02,0.0,M6651020291,0.0,0.0,1,0.7933333333333333,1
120,PAYMENT,23035.63,C7418301077,45338.18,22302.55,M2541015125,0.0,0.0,0,0.0,0
263,TRANSFER,385.78,C2732553940,984.63,598.85,C4386667704,0.0,385.78,0,0.006666666666666667,0
708,PAYMENT,4.88,C2174793230,7.0,2.12,M6894024976,0.0,0.0,0,0.0033333333333333335,0
19,DEBIT,42.19,C8270110908,1121.15,1078.96,M8548290298,0.0,0.0,0,0.01,0
613,TRANSFER,18.83,C8106906538,22.03,3.2,C4574027737,103.59,122.42,0,0.1,0
153,PAYMENT,1858.41,C2293434554,2431.06,572.65,M2303835765,0.0,0.0,0,0.0,0
526,TRANSFER,1.0,C1392245997,1.0,0.0,C3019214800,348.03,349.03,0,0.09666666666666666,0
264,TRANSFER,1710.95,C8575707116,1429.74,0.0,M5156392601,0.0,0.0,1,0.38333333333333336,0
135,CASH_OUT,1233.72,C5275521470,1101.26,0.0,M8102481401,0.0,0.0,1,0.04666666666666667,0
394,PAYMENT,1.0,C4201225242,0.0,0.0,M5585110649,0.0,0.0,0,0.0,0
500,DEBIT,1.0,C5344083406,0.0,0.0,M3119908041,0.0,0.0,0,0.043333333333333335,0
125,PAYMENT,21.0,C7061419749,30.3,9.3,M2711123163,0.0,0.0,0,0.0,0
184,PAYMENT,26.56,C9218363978,63.69,37.13,M3846182436,0.0,0.0,0,0.0,0
664,PAYMENT,1.0,C3660223333,0.0,0.0,M9523139706,0.0,0.0,0,0.0,0
383,TRANSFER,41173.95,C5333183840,45103.16,3929.21,M8778927211,0.0,0.0,1,0.24666666666666667,0
474,CASH_OUT,811.42,C6461974809,881.05,69.63,C5759272717,0.0,0.0,1,0.08,0
459,PAYMENT,665.22,C3880327491,2716.47,2051.25,M2156184315,0.0,0.0,0,0.0,0
583,TRANSFER,111.76,C8833889083,106.08,0.0,M7340036327,0.0,0.0,1,0.24,0
273,PAYMENT,3290.03,C5087357728,5019.67,1729.64,M9098037639,0.0,0.0,0,0.0,0
144,PAYMENT,134.51,C2811967841,511.92,377.41,M6384311581,0.0,0.0,0,0.0,0
411,PAYMENT,1544.14,C1484230338,6841.67,5297.53,M6932365592,0.0,0.0,0,0.0,0
232,CASH_OUT,150.26,C1489726608,163.14,12.88,C4786674545,205.43,205.43,1,0.0033333333333333335,0
539,PAYMENT,1.0,C8706093841,0.0,0.0,M9255306810,0.0,0.0,0,0.0,0
100,TRANSFER,2842.98,C7190276026,2472.69,0.0,M1306420495,0.0,0.0,1,0.8166666666666667,1
31,CASH_OUT,406.65,C5898890707,481.77,75.12,M1711271599,0.0,0.0,1,0.023333333333333334,0
154,PAYMENT,3753.25,C8287542751,101296.92,97543.67,M9773795424,0.0,0.0,0,0.0,0
556,CASH_OUT,2.91,C6000952470,9.72,6.81,C7608153267,0.0,0.0,0,0.03666666666666667,0
90,PAYMENT,1.0,C1311570307,1.0,0.0,M3208200227,0.0,0.0,0,0.0,0
372,PAYMENT,21777.66,C8757570742,94741.5,72963.84,M4665677395,0.0,0.0,0,0.0,0
620,TRANSFER,219.47,C8638763775,425.84,206.37,C1099541460,15.32,234.79,0,0.06333333333333334,0
694,PAYMENT,179.12,C3521166052,199.11,19.99,M3960136787,0.0,0.0,0,0.0,0
659,CASH_OUT,191.3,C1885113834,245.5,54.2,M8030400668,0.0,0.0,1,0.03,0
661,PAYMENT,4.73,C7199283151,9.92,5.19,M7960713821,0.0,0.0,0,0.0,0
12,CASH_OUT,18.65,C8287542751,97543.67,97525.02,C9354711271,38.63,38.63,0,0.0,0
353,DEBIT,1.0,C8382963909,0.0,0.0,M7702529931,0.0,0.0,0,0.04,0
117,TRANSFER,256.14,C7174772035,319.38,63.24,C9337145038,3340.05,3596.19,0,0.0033333333333333335,0
66,TRANSFER,3100.98,C3396953414,2638.53,0.0,C9503787171,1.33,1.33,1,0.8033333333333333,1
610,CASH_OUT,1099.38,C4635552887,3193.53,2094.15,C7467073633,10247.05,10247.05,0,0.01,0
274,TRANSFER,8329.3,C6369130994,7298.63,0.0,M3495411322,0.0,0.0,1,0.82,1
124,TRANSFER,1.0,C6156843353,0.0,0.0,C2168041588,277.44,278.44,0,0.01,0
13,PAYMENT,315.4,C6894808149,709.98,394.58,M6846530109,0.0,0.0,0,0.0,0
279,PAYMENT,1.0,C3197757742,0.0,0.0,M1676220116,0.0,0.0,0,0.0,0
355,TRANSFER,2.13,C3521300895,5.82,3.69,C8761469117,0.0,2.13,0,0.16,0
36,PAYMENT,1.0,C6317152031,0.0,0.0,M6744039057,0.0,0.0,0,0.0,0
576,PAYMENT,1.0,C4638577630,1.52,0.52,M4160161496,0.0,0.0,0,0.0,0
122,TRANSFER,1354.87,C2452066459,1165.74,0.0,C2878930355,0.0,1354.87,1,0.08666666666666667,0
532,CASH_IN,117870.22,C9645619869,7114.88,124985.1,C2075321966,18.16,18.16,0,0.0,0
355,CASH_OUT,17.4,C4783282817,21.12,3.72,C1602569046,59641.98,59641.98,0,0.0,0
312,PAYMENT,1.0,C9376711497,0.0,0.0,M6771941776,0.0,0.0,0,0.0,0
660,CASH_OUT,1.0,C7316122432,1.23,0.23,C3185089287,132118.96,132118.96,0,0.0,0
326,PAYMENT,2533.7,C2400094541,4325.26,1791.56,M8728631945,0.0,0.0,0,0.0,0
54,TRANSFER,12519.41,C2439622619,10764.72,0.0,C3465883999,135.63,135.63,1,0.2866666666666667,0
236,CASH_OUT,337.87,C4662861038,376.71,38.84,C6353758928,8.75,8.75,1,0.0033333333333333335,0
509,DEBIT,118.6,C6448001026,351.45,232.85,M6692705133,0.0,0.0,0,0.02666666666666667,0
7,PAYMENT,1.0,C7015992643,0.0,0.0,M5087280062,0.0,0.0,0,0.0,0
237,PAYMENT,1.0,C3214080278,0.0,0.0,M4865979921,0.0,0.0,0,0.0,0
84,CASH_OUT,11.1,C8991678061,30.03,18.93,C4635552887,2094.15,2094.15,0,0.0,0
14,CASH_OUT,1279.8,C3783290795,1209.81,0.0,C5703357871,0.0,0.0,1,0.03666666666666667,0
496,PAYMENT,251.3,C3088517710,972.98,721.68,M1185303518,0.0,0.0,0,0.0,0
371,CASH_OUT,27.83,C5748253283,29.53,1.7,C6756711494,2769.83,2769.83,0,0.006666666666666667,0
125,DEBIT,88.61,C5600836559,125.81,37.2,M1811839103,0.0,0.0,0,0.02,0
626,CASH_OUT,3870.36,C5913767020,4685.72,815.36,C2237386857,28152.75,28152.75,1,0.006666666666666667,0
629,CASH_OUT,1902.55,C5569295400,2289.31,386.76,M2571632270,0.0,0.0,1,0.02666666666666667,0
664,PAYMENT,1750.13,C3550908958,11979.75,10229.62,M4588312351,0.0,0.0,0,0.0,0
259,TRANSFER,4035.58,C2224336336,3373.39,0.0,M1413599241,0.0,0.0,1,0.8333333333333334,1
271,TRANSFER,1550.82,C2423995953,1380.22,0.0,C6923893872,26.65,26.65,1,0.30333333333333334,0
38,TRANSFER,5929.44,C8758809005,6893.81,964.37,C9229469952,0.0,5929.44,0,0.0,0
621,PAYMENT,1.0,C5646880148,0.0,0.0,M3476758136,0.0,0.0,0,0.0,0
612,PAYMENT,1.0,C3097302637,0.0,0.0,M4122901114,0.0,0.0,0,0.0,0
619,PAYMENT,197.58,C9470922075,211.78,14.2,M2115406331,0.0,0.0,0,0.0,0
75,CASH_OUT,10.6,C2465576748,22.58,11.98,C3128675098,28.14,28.14,0,0.0,0
545,CASH_OUT,10.08,C4880176825,27.55,17.47,C8969097897,0.0,0.0,0,0.03333333333333333,0
588,TRANSFER,472.55,C1855256552,536.12,63.57,C2756070122,0.0,0.0,1,0.18,0
236,CASH_OUT,1.0,C7665963761,0.0,0.0,C5476654128,0.0,0.0,0,0.023333333333333334,0
431,PAYMENT,1.0,C9255898264,0.0,0.0,M6361225622,0.0,0.0,0,0.0,0
271,CASH_OUT,322.8,C9958044697,838.75,515.95,C5358791907,11.78,11.78,0,0.01,0
418,PAYMENT,1.0,C5666504394,0.0,0.0,M8858274691,0.0,0.0,0,0.0,0
498,PAYMENT,1041.3,C3171050399,1756.83,715.53,M4665677395,0.0,0.0,0,0.0,0
556,CASH_OUT,518.87,C7608153267,458.76,0.0,M1413599241,0.0,0.0,1,0.07333333333333333,0
427,CASH_OUT,1287.16,C7374810067,1090.93,0.0,M9590331226,0.0,0.0,1,0.38666666666666666,0
519,PAYMENT,68.39,C3792347639,165.0,96.61,M8276498637,0.0,0.0,0,0.0,0
87,TRANSFER,2842.69,C3884642366,3777.3,934.61,M9043367776,0.0,0.0,1,0.2,0
720,TRANSFER,2093.87,C9115282784,2946.2,852.33,C9837912162,235.15,235.15,1,0.09333333333333334,0
431,PAYMENT,1.0,C2879792991,0.0,0.0,M2155671697,0.0,0.0,0,0.0,0
285,CASH_OUT,14.57,C1857596764,42.58,28.01,C1664885408,0.0,0.0,0,0.006666666666666667,0
101,CASH_OUT,2469.96,C1011759631,2667.56,197.6,C7460728316,64.98,64.98,1,0.0,0
323,CASH_OUT,1.0,C3707166618,0.0,0.0,C3933213766,0.0,0.0,0,0.03333333333333333,0
403,PAYMENT,1.0,C9035194895,0.0,0.0,M4641902461,0.0,0.0,0,0.0,0
643,DEBIT,597.56,C1245522987,859.74,262.18,M8144352013,0.0,0.0,0,0.03,0
570,TRANSFER,1.0,C2836553621,0.0,0.0,C6038780151,0.93,1.93,0,0.23,0
187,PAYMENT,1.0,C6904897514,0.0,0.0,M9640701016,0.0,0.0,0,0.0,0
534,TRANSFER,1490.06,C4264134512,1911.69,421.63,C6204041308,0.0,0.0,1,0.2633333333333333,0
118,PAYMENT,19.15,C9759180824,40.17,21.02,M2328736852,0.0,0.0,0,0.0,0
203,TRANSFER,1.0,C5646880148,0.0,0.0,C6822870815,0.0,1.0,0,0.23,0
26,PAYMENT,374.95,C5913767020,815.36,440.41,M3534186676,0.0,0.0,0,0.0,0
17,TRANSFER,432.44,C4264134512,421.63,0.0,C2601198885,4.81,437.25,1,0.056666666666666664,0
89,CASH_OUT,66.1,C8151583833,119.35,53.25,C8083175325,61993.34,61993.34,0,0.006666666666666667,0
690,CASH_OUT,923.37,C4231729466,773.87,0.0,C9514255777,8.8,8.8,1,0.12666666666666668,0
474,PAYMENT,587.12,C8015775567,641.8,54.68,M8874242713,0.0,0.0,0,0.0,0
128,CASH_OUT,1.0,C5419627962,0.0,0.0,C6745958212,47819.89,47819.89,0,0.0,0
55,CASH_OUT,1313.47,C7135394336,1460.42,146.95,C1033015788,0.0,0.0,0,0.0033333333333333335,0
542,CASH_OUT,652.41,C9741628563,767.45,115.04,C5641959772,4811.76,4811.76,1,0.016666666666666666,0
179,PAYMENT,15.67,C2075321966,18.16,2.49,M4456193555,0.0,0.0,0,0.0,0
696,PAYMENT,1.45,C2389803385,3.04,1.59,M8778927211,0.0,0.0,0,0.0,0
37,TRANSFER,53.47,C1870644102,75.6,22.13,C8285000265,0.0,53.47,0,0.16,0
615,PAYMENT,1.0,C9248046539,0.0,0.0,M1442421654,0.0,0.0,0,0.0,0
397,PAYMENT,23.43,C8441393731,52.86,29.43,M5564953924,0.0,0.0,0,0.0,0
157,CASH_OUT,932.84,C9049270990,1308.97,376.13,M6515490818,0.0,0.0,1,0.0,0
507,PAYMENT,2668.53,C3776011793,5146.31,2477.78,M1908459040,0.0,0.0,0,0.0,0
642,PAYMENT,780.18,C6385791669,848.79,68.61,M7341757401,0.0,0.0,0,0.0,0
407,PAYMENT,5.21,C2480915452,11.02,5.81,M8218146534,0.0,0.0,0,0.0,0
649,CASH_OUT,1.0,C2493660313,0.0,0.0,C9019515562,18772.25,18772.25,0,0.013333333333333334,0
207,TRANSFER,32.15,C8831899893,35.14,2.99,C1529290976,0.6,32.75,0,0.17,0
124,CASH_OUT,1019.31,C1521521078,2656.29,1636.98,C2513206988,5567.74,5567.74,0,0.0,0
265,TRANSFER,78.63,C2479679716,98.12,19.49,C7818568548,10.12,10.12,1,0.12666666666666668,0
473,TRANSFER,4893.37,C9318010743,24087.78,19194.41,C5129478722,4.55,4897.92,0,0.0033333333333333335,0
29,CASH_IN,72965.57,C6131005449,361.26,73326.83,C5271453859,2789.29,2789.29,0,0.0,0
377,DEBIT,200.82,C1110533960,312.38,111.56,M3534186676,0.0,0.0,0,0.02,0
334,PAYMENT,180.4,C4104309491,474.07,293.67,M8903212516,0.0,0.0,0,0.0,0
470,TRANSFER,105.22,C1958682846,100.25,0.0,M7514017540,0.0,0.0,1,0.23,0
669,CASH_OUT,184.97,C4472312361,174.31,0.0,M9043367776,0.0,0.0,1,0.07,0
619,PAYMENT,27.11,C8809871735,30.65,3.54,M9441870024,0.0,0.0,0,0.0,0
431,TRANSFER,206.28,C5118430494,290.49,84.21,C5407856339,1.0,207.28,1,0.07666666666666666,0
84,CASH_OUT,10.67,C6463640105,43.93,33.26,C9618334441,0.0,0.0,0,0.0,0
94,DEBIT,103.45,C7004964045,138.43,34.98,M8821456242,0.0,0.0,0,0.016666666666666666,0
599,TRANSFER,1.0,C5403510324,0.0,0.0,C3667292043,166315.32,166316.32,0,0.0,0
164,PAYMENT,42.15,C3980491761,167.14,124.99,M1692044390,0.0,0.0,0,0.0,0
549,PAYMENT,14.12,C5160575046,25.87,11.75,M1185303518,0.0,0.0,0,0.0,0
39,TRANSFER,1.0,C4143852021,0.0,0.0,C4853479481,0.24,1.24,0,0.22333333333333333,0
697,PAYMENT,1.0,C5201221330,0.0,0.0,M9523139706,0.0,0.0,0,0.0,0
220,CASH_IN,89443.23,C8300300577,40.93,89484.16,C4507822591,13.0,13.0,0,0.0,0
624,TRANSFER,233.15,C3774110439,294.74,61.59,C8669484644,400.26,400.26,1,0.07,0
57,TRANSFER,1.0,C9986353481,0.29,0.0,C1654602021,0.0,1.0,0,0.23333333333333334,0
399,TRANSFER,47816.34,C5610783750,54072.58,6256.24,C1421776124,36.93,47853.27,0,0.0,0
548,PAYMENT,153.03,C6241752544,471.57,318.54,M1783432867,0.0,0.0,0,0.0,0
519,TRANSFER,670.15,C8868054898,790.53,120.38,M7570511906,0.0,0.0,1,0.18666666666666668,0
275,CASH_OUT,1.0,C4460967357,0.0,0.0,C3698343112,0.0,0.0,0,0.02666666666666667,0
529,TRANSFER,1.0,C8208643631,0.0,0.0,C9292791081,3.59,4.59,0,0.19333333333333333,0
367,PAYMENT,24.21,C6704841644,50.35,26.14,M1466305100,0.0,0.0,0,0.0,0
395,PAYMENT,13.91,C9155819200,27.27,13.36,M4896576569,0.0,0.0,0,0.0,0
522,PAYMENT,299.56,C6576395496,445.87,146.31,M1694904767,0.0,0.0,0,0.0,0
698,PAYMENT,1.0,C3783009621,2.57,1.57,M8276498637,0.0,0.0,0,0.0,0
601,CASH_OUT,75.76,C8902114913,312.18,236.42,C9457665185,43.35,43.35,0,0.023333333333333334,0
374,CASH_OUT,2002.97,C3380064537,2368.08,365.11,C6402580787,23058.6,23058.6,1,0.0,0
359,TRANSFER,1.0,C5748253283,1.7,0.7,C7215110267,14.17,15.17,0,0.18,0
155,CASH_OUT,4461.44,C2617999521,6016.46,1555.02,C9697354961,2058.25,2058.25,1,0.0,0
268,PAYMENT,1.0,C2349641712,0.0,0.0,M3831598303,0.0,0.0,0,0.0,0
62,PAYMENT,1.0,C9182543558,0.0,0.0,M2155671697,0.0,0.0,0,0.0,0
477,TRANSFER,96748.99,C3271361431,96606.51,0.0,C2267619081,0.38,0.38,1,0.9433333333333334,1
285,CASH_OUT,1.15,C6726515966,4.51,3.36,C6576426590,0.0,0.0,0,0.02666666666666667,0
643,PAYMENT,1083.25,C6982610835,2683.82,1600.57,M6041646576,0.0,0.0,0,0.0,0
562,TRANSFER,6.02,C9702693937,11.55,5.53,C1626733282,160.11,166.13,0,0.07666666666666666,0
459,PAYMENT,1.94,C9894847574,65.67,63.73,M8964269909,0.0,0.0,0,0.0,0
674,PAYMENT,645.01,C4455798713,108332.1,107687.09,M8643636805,0.0,0.0,0,0.0,0
151,CASH_OUT,883.56,C8758809005,964.37,80.81,C8503368512,33.61,33.61,0,0.0,0
345,CASH_OUT,69.52,C6517150278,66.95,0.0,M3595066420,0.0,0.0,1,0.04666666666666667,0
607,PAYMENT,611.32,C6469458472,725.73,114.41,M4665677395,0.0,0.0,0,0.0,0
705,PAYMENT,1.81,C4239406957,121.34,119.53,M8646369354,0.0,0.0,0,0.0,0
508,CASH_OUT,419.79,C2846465000,350.46,0.0,M7270955446,0.0,0.0,1,0.07666666666666666,0
630,PAYMENT,1.0,C2139027119,0.0,0.0,M6583604299,0.0,0.0,0,0.0,0
194,CASH_OUT,5726.48,C9428056968,4905.52,0.0,C8556573246,546.41,546.41,1,0.05333333333333334,0
702,TRANSFER,1987.55,C5695387521,2751.4,763.85,C8047877267,14323.05,14323.05,1,0.013333333333333334,0
32,CASH_OUT,3684.96,C7568861677,16554.65,12869.69,C8229344434,4883.98,4883.98,0,0.0,0
167,PAYMENT,19.61,C2952996248,22.14,2.53,M5156392601,0.0,0.0,0,0.0,0
709,CASH_OUT,1.0,C5634076661,0.0,0.0,C5819946657,14.82,14.82,0,0.04666666666666667,0
670,TRANSFER,234.1,C6448001026,232.85,0.0,M2555936898,0.0,0.0,1,0.22666666666666666,0
569,CASH_OUT,410.07,C2601198885,437.25,27.18,C9986353481,0.0,0.0,0,0.043333333333333335,0
379,PAYMENT,4.43,C9270323795,11.71,7.28,M6011842297,0.0,0.0,0,0.0,0
568,PAYMENT,1.0,C8208584394,0.0,0.0,M7341757401,0.0,0.0,0,0.0,0
412,PAYMENT,1.0,C6837342064,0.0,0.0,M5585110649,0.0,0.0,0,0.0,0
164,DEBIT,394.7,C3371357111,785.46,390.76,M1343875431,0.0,0.0,0,0.013333333333333334,0
268,CASH_OUT,3432.58,C4930438209,3708.92,276.34,M6992094064,0.0,0.0,1,0.0033333333333333335,0
491,CASH_OUT,1.0,C8394198376,0.0,0.0,C2173242669,12228.83,12228.83,0,0.02,0
501,PAYMENT,5.23,C2591414076,6.19,0.96,M2187592160,0.0,0.0,0,0.0,0
355,DEBIT,651.24,C8666074487,1030.09,378.85,M6763471833,0.0,0.0,0,0.013333333333333334,0
706,TRANSFER,14.81,C5272119095,18.21,3.4,C5588254555,11.98,26.79,0,0.15333333333333332,0
39,PAYMENT,139.04,C9780187424,147.79,8.75,M2541015125,0.0,0.0,0,0.0,0
691,PAYMENT,1.0,C4262396395,0.0,0.0,M4665677395,0.0,0.0,0,0.0,0
623,TRANSFER,1164.38,C3365835550,1368.08,203.7,C1039887139,905.37,2069.75,0,0.03666666666666667,0
29,TRANSFER,1432.92,C3521300895,1934.91,501.99,M2778069478,0.0,0.0,1,0.14,0
585,CASH_OUT,1037.97,C1940684569,1018.38,0.0,C4600630513,2.5,2.5,1,0.22666666666666666,0
202,CASH_OUT,85.12,C7736142481,99.59,14.47,C4403845222,18.36,18.36,0,0.0033333333333333335,0
415,TRANSFER,8.49,C7705605962,12.7,4.21,C6385791669,68.61,77.1,0,0.12,0
677,PAYMENT,134.51,C1039262289,398.88,264.37,M7960713821,0.0,0.0,0,0.0,0
704,CASH_OUT,81.38,C8299146480,263.74,182.36,C2409274786,0.0,0.0,0,0.023333333333333334,0
282,CASH_OUT,247.65,C5774080233,253.24,5.59,C3380064537,365.11,365.11,1,0.013333333333333334,0
467,TRANSFER,77.57,C4659306670,66.66,0.0,M9255306810,0.0,0.0,1,0.23,0
526,CASH_IN,77198.5,C2965254350,152.94,77351.44,C3878201524,0.0,0.0,0,0.0,0
556,PAYMENT,8.87,C1870644102,22.13,13.26,M1999913493,0.0,0.0,0,0.0,0
54,CASH_IN,44584.71,C8852676046,0.0,44584.71,C8086527181,6.44,6.44,0,0.0,0
358,PAYMENT,113.73,C6110943464,257.1,143.37,M6247463262,0.0,0.0,0,0.0,0
560,PAYMENT,35.81,C5306459450,46.97,11.16,M9933702652,0.0,0.0,0,0.0,0
581,PAYMENT,50.18,C2570991899,86.86,36.68,M6606958660,0.0,0.0,0,0.0,0
171,CASH_OUT,1237.19,C4735313433,1301.01,63.82,M4306983924,0.0,0.0,1,0.0,0
617,TRANSFER,6659.68,C5367513465,15612.56,8952.88,C8229344434,4883.98,11543.66,0,0.0033333333333333335,0
555,CASH_OUT,2.5,C6649827836,4.27,1.77,C6307626407,476.12,476.12,0,0.043333333333333335,0
63,CASH_IN,50247.89,C9035194895,0.0,50247.89,C9229469952,5929.44,5929.44,0,0.0,0
347,TRANSFER,47.81,C3188382776,67.44,19.63,C6892752604,0.0,0.0,1,0.15333333333333332,0
21,PAYMENT,118.08,C2965718821,125.49,7.41,M7861571879,0.0,0.0,0,0.0,0
405,CASH_OUT,1.0,C7376649850,0.0,0.0,C4662861038,38.84,38.84,0,0.02,0
245,CASH_OUT,4076.57,C9544423456,3605.59,0.0,M3960136787,0.0,0.0,1,0.08333333333333333,0
24,PAYMENT,244.56,C1045302356,267.96,23.4,M5891831621,0.0,0.0,0,0.0,0
682,TRANSFER,11.1,C1121863227,26.14,15.04,C8663837890,51742.06,51753.16,0,0.0033333333333333335,0
328,TRANSFER,3383.54,C6634526139,4299.3,915.76,M1343875431,0.0,0.0,1,0.21333333333333335,0
588,TRANSFER,58.9,C3384006407,61.5,2.6,M1999913493,0.0,0.0,1,0.18666666666666668,0
547,PAYMENT,110.03,C1099541460,234.79,124.76,M7351460539,0.0,0.0,0,0.0,0
353,TRANSFER,2666.96,C9437783771,3441.29,774.33,C5419627962,0.0,2666.96,1,0.0,0
263,TRANSFER,6585.23,C4419410162,7809.43,1224.2,C7845366946,0.0,0.0,1,0.22333333333333333,0
315,TRANSFER,922.13,C4098389895,805.85,0.0,M2303835765,0.0,0.0,1,0.3233333333333333,0
517,CASH_OUT,1500.29,C8293928340,1408.03,0.0,M1908459040,0.0,0.0,1,0.19,0
570,TRANSFER,1.0,C8703867299,0.0,0.0,C4277561834,424.26,425.26,0,0.10333333333333333,0
168,DEBIT,1.0,C5278201677,0.0,0.0,M9921025990,0.0,0.0,0,0.03,0
64,CASH_OUT,1.0,C1026224160,0.0,0.0,C5428082088,0.0,0.0,0,0.0033333333333333335,0
664,PAYMENT,1.0,C4098389895,0.0,0.0,M1783432867,0.0,0.0,0,0.0,0
679,TRANSFER,77900.97,C6715705115,89117.68,11216.71,C8791183272,75.37,77976.34,0,0.0,0
298,CASH_OUT,2967.38,C1045302356,4006.99,1039.61,M6041646576,0.0,0.0,1,0.006666666666666667,0
17,PAYMENT,566.41,C3035761595,1009.27,442.86,M6284297249,0.0,0.0,0,0.0,0
514,TRANSFER,84352.52,C4647891535,106831.19,22478.67,M8063693463,0.0,0.0,1,0.2966666666666667,0
397,CASH_OUT,1869.26,C1674555072,1709.96,0.0,M6692705133,0.0,0.0,1,0.12333333333333334,0
408,PAYMENT,55.95,C9771848610,144.93,88.98,M8910440683,0.0,0.0,0,0.0,0
145,PAYMENT,1.0,C1862812038,0.0,0.0,M4641902461,0.0,0.0,0,0.0,0
602,PAYMENT,1.0,C8033702319,0.21,0.0,M6361225622,0.0,0.0,0,0.0,0
646,PAYMENT,1.0,C4713453204,0.0,0.0,M5959736235,0.0,0.0,0,0.0,0
668,TRANSFER,1.0,C4039019230,0.0,0.0,C9842186844,11.99,12.99,0,0.19,0
541,PAYMENT,12239.54,C6715961218,17681.17,5441.63,M6515490818,0.0,0.0,0,0.0,0
609,PAYMENT,6148.94,C2825989011,134355.56,128206.62,M6999146585,0.0,0.0,0,0.0,0
61,TRANSFER,5001.5,C8133593748,4655.66,0.0,M1466305100,0.0,0.0,1,0.81,1
317,CASH_OUT,1.0,C1124331395,0.0,0.0,C3521166052,19.99,19.99,0,0.02666666666666667,0
676,CASH_OUT,4.8,C2867302554,20.37,15.57,C4633257620,805.05,805.05,0,0.02666666666666667,0
624,TRANSFER,302.41,C9935429720,333.53,31.12,C4361393222,0.0,0.0,1,0.17666666666666667,0
222,TRANSFER,1.0,C8779941999,0.0,0.0,C9752058817,0.0,1.0,0,0.23,0
642,CASH_OUT,1438.1,C4419410162,1224.2,0.0,M3469205576,0.0,0.0,1,0.18,0
140,CASH_OUT,509.87,C5215140451,489.84,0.0,M3355504998,0.0,0.0,1,0.13333333333333333,0
292,PAYMENT,91.97,C2351531223,172.76,80.79,M6659847491,0.0,0.0,0,0.0,0
127,DEBIT,226.33,C8418332121,4902.53,4676.2,M1185303518,0.0,0.0,0,0.01,0
450,CASH_OUT,112.24,C4693510920,125.77,13.53,M5990749811,0.0,0.0,1,0.056666666666666664,0
538,PAYMENT,59.03,C2405746777,188.33,129.3,M4093474499,0.0,0.0,0,0.0,0
128,PAYMENT,1402.08,C6929897032,1791.72,389.64,M1711271599,0.0,0.0,0,0.0,0
165,TRANSFER,4.23,C8274219704,16.69,12.46,C9503787171,1.33,5.56,0,0.15333333333333332,0
419,TRANSFER,73.51,C1378134712,81.13,7.62,C5315211627,204.3,204.3,1,0.06,0
688,TRANSFER,952.23,C8841851495,950.5,0.0,C5750815980,164.34,164.34,1,0.25,0
174,PAYMENT,1.0,C3280805846,0.0,0.0,M6732306182,0.0,0.0,0,0.0,0
19,PAYMENT,176.04,C4658080160,558.25,382.21,M4399143287,0.0,0.0,0,0.0,0
487,CASH_OUT,3.18,C6317889312,3.67,0.49,C6642201119,292.54,292.54,0,0.06666666666666667,0
501,CASH_OUT,424.12,C2268006448,1810.0,1385.88,C7420846622,8609.71,8609.71,0,0.013333333333333334,0
303,TRANSFER,642.99,C9503787171,667.78,24.79,C2948728483,3.14,3.14,1,0.16,0
283,TRANSFER,379.46,C4586139213,1297.04,917.58,C1127978094,7454.63,7834.09,0,0.0,0
579,PAYMENT,7.43,C2079770569,8.46,1.03,M8874242713,0.0,0.0,0,0.0,0
520,DEBIT,23.89,C8948573913,75.11,51.22,M3960136787,0.0,0.0,0,0.03,0
285,DEBIT,122.94,C7560389844,341.17,218.23,M6932365592,0.0,0.0,0,0.013333333333333334,0
710,TRANSFER,3476.02,C7196439534,4463.79,987.77,M9098037639,0.0,0.0,1,0.29333333333333333,0
129,CASH_OUT,1.0,C1730074215,0.0,0.0,C2067970820,45.67,45.67,0,0.0,0
195,PAYMENT,8.65,C9237880732,15.22,6.57,M7514017540,0.0,0.0,0,0.0,0
174,PAYMENT,1146.43,C8934097788,17161.05,16014.62,M3156792018,0.0,0.0,0,0.0,0
110,TRANSFER,1.0,C5789617427,0.0,0.0,C8531118333,0.0,1.0,0,0.22666666666666666,0
4,CASH_OUT,3875.5,C6714723660,3478.72,0.0,C6837342064,0.0,0.0,1,0.09666666666666666,0
541,TRANSFER,1.0,C1722124509,0.0,0.0,C7818568548,10.12,11.12,0,0.19333333333333333,0
315,CASH_OUT,6155.55,C7846365089,6281.71,126.16,C3532855799,573.91,573.91,1,0.0033333333333333335,0
509,TRANSFER,3128.29,C3612617557,3168.45,40.16,C2439622619,0.0,3128.29,1,0.16333333333333333,0
429,PAYMENT,8.38,C5292015249,20.9,12.52,M3811254192,0.0,0.0,0,0.0,0
282,CASH_OUT,1138.02,C9842186844,1507.73,369.71,M6659847491,0.0,0.0,1,0.01,0
411,CASH_OUT,27.75,C7100408092,71.36,43.61,C7561728644,496.18,496.18,0,0.04,0
562,TRANSFER,15.63,C3260842187,29.2,13.57,C6623360831,13897.49,13913.12,0,0.0033333333333333335,0
128,TRANSFER,13488.73,C8995970241,11400.83,0.0,M2228388623,0.0,0.0,1,0.69,1
134,CASH_OUT,3276.89,C6732648420,3383.05,106.16,C3605585995,119426.83,119426.83,1,0.0033333333333333335,0
214,TRANSFER,439.12,C9715314442,505.09,65.97,M3223687972,0.0,0.0,1,0.17333333333333334,0
292,TRANSFER,961.34,C7527316141,852.7,0.0,C3799620568,590.85,590.85,1,0.07333333333333333,0
85,PAYMENT,203.42,C7470843264,788.7,585.28,M1783432867,0.0,0.0,0,0.0,0
712,TRANSFER,34.19,C6687206971,67.47,33.28,C8380507338,0.0,34.19,0,0.16666666666666666,0
659,TRANSFER,769.26,C4623960580,646.67,0.0,C6338036681,147.97,147.97,1,0.15,0
124,PAYMENT,1.0,C6317889312,0.49,0.0,M5087280062,0.0,0.0,0,0.0,0
674,PAYMENT,33.39,C9715314442,65.97,32.58,M2885370603,0.0,0.0,0,0.0,0
446,PAYMENT,1776.17,C7077131430,4400.83,2624.66,M7969674420,0.0,0.0,0,0.0,0
349,PAYMENT,1.0,C7556046460,0.0,0.0,M1888107487,0.0,0.0,0,0.0,0
354,CASH_OUT,2888.01,C8417757797,3026.43,138.42,M1357561213,0.0,0.0,1,0.016666666666666666,0
159,CASH_OUT,3127.7,C4877520294,2687.75,0.0,M4456193555,0.0,0.0,1,0.056666666666666664,0
489,CASH_OUT,59.59,C8973989997,58.12,0.0,M1711271599,0.0,0.0,1,0.07666666666666666,0
290,CASH_OUT,1.0,C2174793230,2.12,1.12,C7472806994,6.34,6.34,0,0.023333333333333334,0
238,TRANSFER,241.2,C7560389844,218.23,0.0,M7678293431,0.0,0.0,1,0.23666666666666666,0
537,CASH_OUT,1511.61,C8394040015,1846.54,334.93,M6999146585,0.0,0.0,1,0.02666666666666667,0
628,PAYMENT,1.51,C9292791081,4.59,3.08,M6866146362,0.0,0.0,0,0.0,0
623,CASH_IN,53912.39,C5400463094,6.09,53918.48,C2683446724,21.87,21.87,0,0.0,0
699,PAYMENT,1.0,C4227004325,0.0,0.0,M7341757401,0.0,0.0,0,0.0,0
239,PAYMENT,1.0,C9860949331,0.0,0.0,M2778069478,0.0,0.0,0,0.0,0
587,CASH_IN,62755.77,C5913767020,440.41,63196.18,C3660223333,0.0,0.0,0,0.0,0
389,TRANSFER,5415.74,C8313706299,4931.55,0.0,M3476758136,0.0,0.0,1,0.73,1
352,PAYMENT,641.33,C6124453431,6135.5,5494.17,M7351460539,0.0,0.0,0,0.0,0
369,CASH_IN,65803.14,C5367513465,8952.88,74756.02,C3147818256,140337.0,140337.0,0,0.0,0
538,CASH_OUT,75.86,C6385791669,77.1,1.24,C8293453178,810.37,810.37,1,0.05,0
411,TRANSFER,1.0,C3746317213,1.03,0.03,C3515167269,356.01,357.01,0,0.04666666666666667,0
69,PAYMENT,1.0,C1770278136,0.0,0.0,M8138332494,0.0,0.0,0,0.0,0
106,DEBIT,12.32,C1225953184,58.74,46.42,M3019265031,0.0,0.0,0,0.016666666666666666,0
7,DEBIT,1.0,C4067919621,0.0,0.0,M2155671697,0.0,0.0,0,0.023333333333333334,0
222,TRANSFER,326.17,C1600566083,385.96,59.79,M6101516825,0.0,0.0,1,0.16,0
159,CASH_OUT,10.23,C7645527239,41.69,31.46,C6882074066,1313.52,1313.52,0,0.0033333333333333335,0
699,PAYMENT,37.74,C7185179917,49.01,11.27,M6992094064,0.0,0.0,0,0.0,0
637,DEBIT,1.0,C4550353803,0.0,0.0,M3438830691,0.0,0.0,0,0.05333333333333334,0
315,CASH_OUT,16.18,C9935429720,31.12,14.94,C6124453431,5494.17,5494.17,0,0.0033333333333333335,0
14,TRANSFER,3171.44,C1399546384,3884.66,713.22,C3367665472,0.0,0.0,1,0.16666666666666666,0
579,CASH_OUT,104.55,C5439176290,101.23,0.0,C8300300577,89484.16,89484.16,1,0.013333333333333334,0
384,PAYMENT,1486.83,C2400094541,1791.56,304.73,M9398575277,0.0,0.0,0,0.0,0
671,CASH_OUT,1.0,C7665963761,0.0,0.0,C6554972315,54.82,54.82,0,0.04666666666666667,0
358,DEBIT,892.2,C5913767020,63196.18,62303.98,M4820942294,0.0,0.0,0,0.006666666666666667,0
605,CASH_OUT,1668.13,C3931997465,1824.6,156.47,C9717175839,262.75,262.75,1,0.013333333333333334,0
550,TRANSFER,1362.83,C6582557981,1814.02,451.19,M3438830691,0.0,0.0,1,0.20666666666666667,0
379,TRANSFER,530.81,C9505085936,724.38,193.57,C1569113257,1061.68,1592.49,0,0.006666666666666667,0
416,CASH_OUT,3739.03,C2774884818,3563.74,0.0,M3566125120,0.0,0.0,1,0.37666666666666665,0
293,PAYMENT,1.0,C2327372855,0.0,0.0,M1083302600,0.0,0.0,0,0.0,0
417,PAYMENT,1.0,C6910112521,0.0,0.0,M9921025990,0.0,0.0,0,0.0,0
319,CASH_OUT,102.87,C1659663750,651.63,548.76,C3412273600,17931.87,17931.87,0,0.006666666666666667,0
446,TRANSFER,554.31,C1457632732,702.37,148.06,M7351460539,0.0,0.0,1,0.14333333333333334,0
327,PAYMENT,813.3,C7243352390,913.65,100.35,M2916502228,0.0,0.0,0,0.0,0
542,DEBIT,1.0,C4070964768,0.0,0.0,M5985331805,0.0,0.0,0,0.043333333333333335,0
322,TRANSFER,1.0,C3424843951,0.0,0.0,C9471306442,32912.96,32913.96,0,0.0,0
473,TRANSFER,191.26,C3190227431,7568.72,7377.46,C7483366056,0.0,191.26,0,0.13,0
64,PAYMENT,27.15,C6405851839,70.57,43.42,M3595066420,0.0,0.0,0,0.0,0
228,CASH_OUT,5803.18,C9573276057,4913.3,0.0,C6732648420,106.16,106.16,1,0.043333333333333335,0
317,CASH_OUT,4613.42,C2148679234,4284.84,0.0,M6790024996,0.0,0.0,1,0.11666666666666667,0
465,PAYMENT,1.0,C1282103057,2.91,1.91,M7764117705,0.0,0.0,0,0.0,0
470,TRANSFER,1052.95,C1553155490,935.86,0.0,M9523139706,0.0,0.0,1,0.4,0
600,PAYMENT,1.0,C5278201677,0.0,0.0,M6732306182,0.0,0.0,0,0.0,0
34,CASH_IN,116725.47,C6448324230,0.0,116725.47,C9953941533,29.81,29.81,0,0.0,0
137,TRANSFER,1128.47,C2926780541,1296.03,167.56,C9919491730,0.0,1128.47,1,0.0,0
132,CASH_IN,91.17,C1281199333,105208.36,105299.53,C9462806178,0.0,0.0,0,0.0,0
226,PAYMENT,82.89,C2176904638,125.63,42.74,M9921025990,0.0,0.0,0,0.0,0
658,PAYMENT,65.63,C8417757797,138.42,72.79,M9900829971,0.0,0.0,0,0.0,0
362,PAYMENT,11.93,C9354711271,38.63,26.7,M7717262223,0.0,0.0,0,0.0,0
63,TRANSFER,459.56,C8901585274,520.63,61.07,C6418365941,117.95,117.95,1,0.04666666666666667,0
413,TRANSFER,575.57,C7670476743,698.83,123.26,M6200141898,0.0,0.0,1,0.13666666666666666,0
613,TRANSFER,2708.07,C9376711497,2996.27,288.2,C3746317213,0.03,0.03,1,0.30333333333333334,0
431,CASH_OUT,1.0,C2020395327,0.0,0.0,C6745958212,47819.89,47819.89,0,0.056666666666666664,0
212,CASH_OUT,1.64,C2149938334,2.14,0.5,C5072538783,128.9,128.9,0,0.0,0
264,PAYMENT,490.2,C7022683808,528.29,38.09,M2121448210,0.0,0.0,0,0.0,0
204,TRANSFER,4537.56,C6991473746,14770.31,10232.75,C3866755218,0.0,4537.56,0,0.0,0
438,TRANSFER,2358.14,C7015992643,2620.85,262.71,C9611537583,1195.93,1195.93,1,0.06333333333333334,0
295,TRANSFER,2797.66,C8295757364,3667.12,869.46,C4713453204,0.0,0.0,1,0.17333333333333334,0
356,TRANSFER,611.1,C6099808894,587.69,0.0,C1667483244,446.8,1057.9,1,0.04666666666666667,0
118,TRANSFER,4.69,C9479654136,5.74,1.05,C6732648420,106.16,110.85,0,0.04666666666666667,0
68,PAYMENT,1.0,C8925520026,0.0,0.0,M8874242713,0.0,0.0,0,0.0,0
67,TRANSFER,5476.62,C3869963931,4838.77,0.0,M7230477043,0.0,0.0,1,0.8133333333333334,1
265,TRANSFER,1.0,C6773938304,0.0,0.0,C5064162365,136813.03,136814.03,0,0.0,0
561,TRANSFER,1.0,C1392245997,0.0,0.0,C2465576748,11.98,12.98,0,0.19333333333333333,0
615,CASH_IN,133727.93,C3780475472,0.0,133727.93,C9903351330,44.73,44.73,0,0.0,0
314,CASH_OUT,1501.88,C7666869046,1331.9,0.0,C3362646960,5515.47,5515.47,1,0.013333333333333334,0
620,TRANSFER,38766.57,C9035194895,50247.89,11481.32,C2916728422,15.88,38782.45,1,0.006666666666666667,0
28,PAYMENT,2313.86,C7027529118,16111.58,13797.72,M2115406331,0.0,0.0,0,0.0,0
154,PAYMENT,1.0,C6046864799,0.0,0.0,M3145756342,0.0,0.0,0,0.0,0
78,CASH_OUT,5.5,C5306459450,11.16,5.66,C5212581851,459.44,459.44,0,0.0,0
510,TRANSFER,335.84,C4895020135,375.2,39.36,M4865979921,0.0,0.0,1,0.17,0
355,PAYMENT,1.0,C3294092753,0.0,0.0,M9576264323,0.0,0.0,0,0.0,0
308,TRANSFER,1.67,C3553440342,2.12,0.45,C8953271391,809.64,811.31,0,0.013333333333333334,0
631,TRANSFER,365.68,C2250949136,433.57,67.89,M2773408660,0.0,0.0,1,0.17333333333333334,0
596,DEBIT,1.0,C5269015757,0.88,0.0,M1413599241,0.0,0.0,0,0.04666666666666667,0
499,PAYMENT,2.96,C7705605962,4.21,1.25,M7270955446,0.0,0.0,0,0.0,0
713,TRANSFER,3263.39,C3846570058,3153.69,0.0,C4470591645,74919.4,78182.79,1,0.023333333333333334,0
695,PAYMENT,10211.82,C8287542751,97525.02,87313.2,M8276498637,0.0,0.0,0,0.0,0
388,PAYMENT,193.97,C3958590550,234.25,40.28,M8389750357,0.0,0.0,0,0.0,0
628,TRANSFER,2063.12,C7061419749,1999.23,0.0,M8144352013,0.0,0.0,1,0.7766666666666666,1
683,CASH_OUT,1.0,C1415802902,0.0,0.0,C7487012742,290.45,290.45,0,0.04666666666666667,0
173,PAYMENT,1.0,C1459442845,0.0,0.0,M4329446784,0.0,0.0,0,0.0,0
129,CASH_OUT,1.0,C1033015788,0.0,0.0,C3933213766,0.0,0.0,0,0.0033333333333333335,0
537,TRANSFER,1218.7,C3589530484,1086.55,0.0,C5625980561,319.09,319.09,1,0.28,0
687,PAYMENT,1.0,C3653594796,0.0,0.0,M3690714075,0.0,0.0,0,0.0,0
386,PAYMENT,215.81,C2970753705,468.89,253.08,M2129491690,0.0,0.0,0,0.0,0
360,TRANSFER,25.47,C8901585274,61.07,35.6,C3369305560,0.0,25.47,0,0.15666666666666668,0
346,TRANSFER,2505.81,C3476426797,2537.48,31.67,C3698343112,0.0,0.0,1,0.39,0
578,CASH_OUT,51.74,C2627677155,53.24,1.5,M9776500600,0.0,0.0,1,0.04666666666666667,0
644,PAYMENT,446.42,C1110724913,10410.76,9964.34,M4211837506,0.0,0.0,0,0.0,0
221,PAYMENT,1.0,C2774884818,0.0,0.0,M9581187661,0.0,0.0,0,0.0,0
661,TRANSFER,229.06,C9987064419,788.04,558.98,C6246716604,214.21,443.27,0,0.06,0
549,TRANSFER,4887.44,C3653594796,4520.38,0.0,M7341757401,0.0,0.0,1,0.95,1
457,PAYMENT,131.78,C7852415525,176.97,45.19,M8144352013,0.0,0.0,0,0.0,0
482,PAYMENT,1.0,C2389803385,1.59,0.59,M6401844042,0.0,0.0,0,0.0,0
147,TRANSFER,182.94,C4786674545,205.43,22.49,C5913767020,62303.98,62486.92,0,0.0,0
157,CASH_OUT,3685.76,C7271954644,4218.64,532.88,C2785736751,475.88,475.88,1,0.0033333333333333335,0
675,PAYMENT,21.73,C9461708554,34.28,12.55,M8740820392,0.0,0.0,0,0.0,0
459,CASH_OUT,1597.56,C3045102506,1895.93,298.37,M4122901114,0.0,0.0,1,0.06,0
49,PAYMENT,45.9,C4274374218,106.32,60.42,M1096405016,0.0,0.0,0,0.0,0
685,TRANSFER,3582.55,C8373547961,3019.2,0.0,M2156184315,0.0,0.0,1,0.8866666666666667,1
414,CASH_OUT,1.0,C3975418439,0.0,0.0,C3346569443,0.0,0.0,0,0.1,0
103,TRANSFER,1826.22,C9432088993,2241.6,415.38,C1945826486,0.0,0.0,1,0.19333333333333333,0
24,CASH_OUT,2753.91,C6756711494,2769.83,15.92,M2391874847,0.0,0.0,1,0.006666666666666667,0
292,PAYMENT,574.55,C1586412136,798.89,224.34,M5270048042,0.0,0.0,0,0.0,0
624,TRANSFER,2741.32,C2191714875,3205.97,464.65,M6495967005,0.0,0.0,1,0.29,0
644,CASH_OUT,1.0,C5976777081,0.0,0.0,C2924568778,634.88,634.88,0,0.06,0
446,CASH_OUT,1.0,C4706249669,0.0,0.0,C7475684019,0.0,0.0,0,0.09,0
46,TRANSFER,1.0,C1676168421,0.13,0.0,C9098129449,2374.05,2375.05,0,0.0,0
334,TRANSFER,3024.72,C3971203213,3265.72,241.0,M7537130187,0.0,0.0,1,0.22333333333333333,0
225,PAYMENT,1.0,C2789144223,0.85,0.0,M6606958660,0.0,0.0,0,0.0,0
301,PAYMENT,8.3,C8854238082,18.7,10.4,M7366396017,0.0,0.0,0,0.0,0
657,TRANSFER,59.57,C9202102595,84.9,25.33,C5364727160,8.2,67.77,0,0.14666666666666667,0
507,TRANSFER,391.46,C1195066088,372.72,0.0,M5959736235,0.0,0.0,1,0.23,0
188,TRANSFER,1.0,C1654602021,1.0,0.0,C4586784711,0.0,1.0,0,0.23333333333333334,0
10,PAYMENT,1509.58,C8309221034,13308.73,11799.15,M2635881694,0.0,0.0,0,0.0,0
372,TRANSFER,1.0,C7551874474,0.0,0.0,C4455798713,107687.09,107688.09,0,0.0,0
221,CASH_OUT,1.0,C6797436140,0.0,0.0,C1361845490,0.0,0.0,0,0.013333333333333334,0
327,CASH_OUT,2803.12,C7763765757,3611.75,808.63,C1378134712,7.62,7.62,1,0.006666666666666667,0
228,PAYMENT,84.36,C1546957087,92.4,8.04,M5891831621,0.0,0.0,0,0.0,0
311,TRANSFER,10126.17,C6715705115,11216.71,1090.54,C6037168610,673.84,673.84,1,0.0,0
371,CASH_OUT,32528.23,C9123207735,28190.71,0.0,M8030400668,0.0,0.0,1,0.03666666666666667,0
90,TRANSFER,326.07,C9454207717,343.75,17.68,M2586712032,0.0,0.0,1,0.16666666666666666,0
85,TRANSFER,12734.29,C4745927824,14068.1,1333.81,C9995834531,13.2,13.2,1,0.19,0
654,TRANSFER,31.11,C4015479599,115.89,84.78,C1091729577,75.6,106.71,0,0.10666666666666667,0
561,CASH_IN,1839.35,C5067116918,521.39,2360.74,C8057994126,0.0,0.0,0,0.0,0
715,TRANSFER,1.0,C8048810275,0.0,0.0,C9697354961,2058.25,2059.25,0,0.056666666666666664,0
13,PAYMENT,374.82,C6305160342,740.55,365.73,M9444143872,0.0,0.0,0,0.0,0
182,TRANSFER,1132.91,C9909257076,1297.15,164.24,M3438830691,0.0,0.0,1,0.09333333333333334,0
290,TRANSFER,1.0,C5903457537,0.73,0.0,C3057629778,5.99,6.99,0,0.19,0
223,CASH_OUT,1.0,C7556078550,0.0,0.0,C9250327663,75.26,75.26,0,0.0,0
496,PAYMENT,1.0,C8691288568,0.0,0.0,M9933702652,0.0,0.0,0,0.0,0
434,PAYMENT,1.0,C8617360361,0.3,0.0,M3208200227,0.0,0.0,0,0.0,0
690,CASH_OUT,1689.87,C6955593943,1497.43,0.0,C1367704871,0.0,0.0,1,0.16,0
210,CASH_OUT,21535.83,C4949801453,19318.98,0.0,M8458323087,0.0,0.0,1,0.1,0
149,TRANSFER,75.28,C6777263354,110.9,35.62,C1004665657,11.8,87.08,0,0.11666666666666667,0
693,PAYMENT,1.0,C8303853049,0.0,0.0,M2869931869,0.0,0.0,0,0.0,0
226,TRANSFER,2605.11,C9403748506,2913.81,308.7,C7074050517,0.0,2605.11,1,0.01,0
310,TRANSFER,1366.54,C8055556030,1907.36,540.82,C8833889083,0.0,0.0,1,0.15666666666666668,0
166,PAYMENT,159.31,C4655935832,438.53,279.22,M8144889126,0.0,0.0,0,0.0,0
474,PAYMENT,1.0,C5903457537,0.0,0.0,M2155671697,0.0,0.0,0,0.0,0
55,TRANSFER,1.0,C9255898264,0.0,0.0,C4921003983,3262.68,3263.68,0,0.0033333333333333335,0
208,CASH_OUT,1.0,C7603978731,0.0,0.0,C6231117883,5619.8,5619.8,0,0.0,0
657,TRANSFER,110.57,C8796286443,273.07,162.5,C7573442717,15.97,126.54,0,0.08333333333333333,0
397,PAYMENT,1.0,C3821211202,0.0,0.0,M8858274691,0.0,0.0,0,0.0,0
677,CASH_OUT,2055.43,C5659161352,1998.21,0.0,M9410569618,0.0,0.0,1,0.17,0
186,CASH_OUT,1.0,C8575707116,0.0,0.0,C5072538783,128.9,128.9,0,0.0,0
602,CASH_OUT,124834.33,C2635231601,115208.1,0.0,C7242730249,1.14,1.14,1,0.19,0
698,TRANSFER,4105.68,C8531118333,3517.67,0.0,M1083302600,0.0,0.0,1,0.8833333333333333,1
631,PAYMENT,6.97,C7227593033,8.63,1.66,M1122712790,0.0,0.0,0,0.0,0
400,PAYMENT,5.57,C6673381261,6.69,1.12,M1306420495,0.0,0.0,0,0.0,0
194,TRANSFER,1.0,C3725152347,0.0,0.0,C5694848867,594.91,595.91,0,0.013333333333333334,0
160,CASH_OUT,314.21,C2125089309,296.33,0.0,C9639245200,107.47,107.47,1,0.006666666666666667,0
331,CASH_OUT,231.46,C6469318275,376.65,145.19,C3392080953,0.61,0.61,0,0.01,0
361,TRANSFER,348.66,C9660523876,482.31,133.65,C7934137693,37.95,386.61,0,0.013333333333333334,0
377,CASH_OUT,1.0,C2304963614,0.0,0.0,C6369130994,0.0,0.0,0,0.03333333333333333,0
517,TRANSFER,96.49,C2405746777,129.3,32.81,M6361225622,0.0,0.0,1,0.17333333333333334,0
605,CASH_OUT,1294.66,C1795212538,1643.32,348.66,M4306983924,0.0,0.0,1,0.02666666666666667,0
310,TRANSFER,1421.49,C3362657890,1727.07,305.58,M2155671697,0.0,0.0,1,0.14,0
317,TRANSFER,3889.23,C6038780151,3846.5,0.0,M7678293431,0.0,0.0,1,0.79,1
1,CASH_IN,130707.72,C4605117440,60.01,130767.73,C9503597301,16585.5,16585.5,0,0.0,0
292,TRANSFER,2641.83,C8991514523,3769.24,1127.41,C5333183840,3929.21,3929.21,1,0.0,0
149,TRANSFER,1.58,C8106906538,3.2,1.62,C4264134512,0.0,1.58,0,0.16,0
228,PAYMENT,31.52,C5862655247,49.34,17.82,M2249831874,0.0,0.0,0,0.0,0
600,CASH_OUT,1314.58,C5439176290,1327.62,13.04,M6498703287,0.0,0.0,1,0.04,0
238,TRANSFER,18.41,C9457665185,43.35,24.94,C3003484425,5.84,24.25,0,0.12333333333333334,0
641,CASH_OUT,193.73,C7934137693,386.61,192.88,C2137651678,0.0,0.0,0,0.02666666666666667,0
53,DEBIT,1.0,C2320763135,0.0,0.0,M1122712790,0.0,0.0,0,0.02666666666666667,0
500,PAYMENT,6.18,C6241752544,318.54,312.36,M4306983924,0.0,0.0,0,0.0,0
240,PAYMENT,1.0,C4713453204,0.0,0.0,M3536590481,0.0,0.0,0,0.0,0
258,PAYMENT,1.0,C7371573279,0.0,0.0,M2129491690,0.0,0.0,0,0.0,0
134,TRANSFER,3032.66,C5586143660,3379.94,347.28,M5714658227,0.0,0.0,1,0.17666666666666667,0
551,PAYMENT,19.18,C5759234471,23.22,4.04,M4641902461,0.0,0.0,0,0.0,0
639,DEBIT,542.84,C1834624758,734.34,191.5,M8276498637,0.0,0.0,0,0.02666666666666667,0
552,TRANSFER,451.41,C5539308214,3162.74,2711.33,C2620054076,227.32,678.73,0,0.05,0
600,DEBIT,1.0,C4431078106,0.0,0.0,M3705237613,0.0,0.0,0,0.05,0
418,PAYMENT,1.0,C6110646714,0.0,0.0,M9020002737,0.0,0.0,0,0.0,0
388,PAYMENT,2782.84,C5800633419,4146.84,1364.0,M6992094064,0.0,0.0,0,0.0,0
112,TRANSFER,10411.19,C9645619869,124985.1,114573.91,C3639796200,1.7,10412.89,0,0.0033333333333333335,0
558,CASH_OUT,28.1,C5736462531,115.94,87.84,C2369705770,16.69,16.69,0,0.03333333333333333,0
330,PAYMENT,100.82,C6110943464,143.37,42.55,M8144889126,0.0,0.0,0,0.0,0
397,PAYMENT,1.0,C9123207735,0.0,0.0,M3457877922,0.0,0.0,0,0.0,0
678,TRANSFER,3275.45,C2493660313,2892.63,0.0,C3207160929,0.0,3275.45,1,0.38333333333333336,0
236,CASH_IN,34650.39,C4131575764,41002.61,75653.0,C9650701349,0.0,0.0,0,0.0,0
269,CASH_OUT,1.3,C5028688786,1.47,0.17,C9919491730,1128.47,1128.47,0,0.01,0
229,PAYMENT,1.0,C6583444930,0.0,0.0,M7702529931,0.0,0.0,0,0.0,0
665,CASH_OUT,22.45,C7635473142,30.9,8.45,C3528924461,0.0,0.0,0,0.03,0
600,CASH_OUT,2867.13,C9553561889,2790.39,0.0,M3566125120,0.0,0.0,1,0.18,0
366,PAYMENT,1.0,C6710338189,0.0,0.0,M3595066420,0.0,0.0,0,0.0,0
9,TRANSFER,23961.03,C5151086814,203916.97,179955.94,C7010379415,0.0,23961.03,0,0.0,0
407,PAYMENT,1.0,C8505373158,1.34,0.34,M9977193987,0.0,0.0,0,0.0,0
82,PAYMENT,1.0,C7249213370,0.0,0.0,M2155671697,0.0,0.0,0,0.0,0
527,TRANSFER,1.0,C5855415646,0.14,0.0,C3115806625,0.0,1.0,0,0.22333333333333333,0
161,PAYMENT,1.0,C8995970241,0.0,0.0,M7570511906,0.0,0.0,0,0.0,0
475,PAYMENT,112.25,C2613385303,9068.84,8956.59,M8790289305,0.0,0.0,0,0.0,0
23,PAYMENT,1.0,C6583444930,0.0,0.0,M8030400668,0.0,0.0,0,0.0,0
128,CASH_OUT,3663.82,C4747699292,23738.85,20075.03,C1067198189,3007.3,3007.3,0,0.0,0
340,CASH_OUT,119.6,C4022360089,111.0,0.0,C8291250562,114.17,114.17,1,0.016666666666666666,0
569,PAYMENT,112.71,C5072538783,128.9,16.19,M6692705133,0.0,0.0,0,0.0,0
17,PAYMENT,1.0,C4039019230,0.0,0.0,M2586712032,0.0,0.0,0,0.0,0
439,PAYMENT,15.49,C2802141793,24.2,8.71,M3208200227,0.0,0.0,0,0.0,0
321,CASH_OUT,1638.25,C1306702926,2680.57,1042.32,C5150090143,0.0,0.0,0,0.006666666666666667,0
186,TRANSFER,524.18,C8650676663,563.22,39.04,C9166381136,22015.5,22539.68,0,0.0,0
11,TRANSFER,33980.06,C1375899416,38436.86,4456.8,C8973989997,0.0,33980.06,0,0.0,0
358,CASH_OUT,1.0,C2947476917,0.0,0.0,C9354542654,0.0,0.0,0,0.03333333333333333,0
19,CASH_OUT,3359.45,C5328166990,3614.06,254.61,M7764117705,0.0,0.0,1,0.0,0
69,TRANSFER,4.81,C5160575046,11.75,6.94,C5899025962,0.0,4.81,0,0.16333333333333333,0
702,PAYMENT,458.5,C2620054076,678.73,220.23,M3965860354,0.0,0.0,0,0.0,0
146,PAYMENT,1.0,C9147687657,0.0,0.0,M1908459040,0.0,0.0,0,0.0,0
132,CASH_OUT,4005.7,C8503368512,4937.57,931.87,M2243802345,0.0,0.0,1,0.0,0
381,PAYMENT,1.0,C2830154607,2.04,1.04,M2303835765,0.0,0.0,0,0.0,0
692,DEBIT,1.0,C8902275119,0.0,0.0,M9441870024,0.0,0.0,0,0.05,0
214,CASH_OUT,2779.15,C8387664437,3151.08,371.93,C9503787171,24.79,24.79,1,0.0,0
16,CASH_OUT,1.0,C5634076661,0.0,0.0,C8375996697,138.38,138.38,0,0.0033333333333333335,0
29,PAYMENT,21.89,C8468071953,41.16,19.27,M5535650160,0.0,0.0,0,0.0,0
602,CASH_OUT,75.92,C6241752544,312.36,236.44,C9467483275,1031.65,1031.65,0,0.023333333333333334,0
460,PAYMENT,1444.7,C9751963589,7151.06,5706.36,M5564953924,0.0,0.0,0,0.0,0
539,PAYMENT,428.29,C3828935922,694.52,266.23,M2885370603,0.0,0.0,0,0.0,0
149,TRANSFER,6523.92,C8182649048,6336.31,0.0,M9590331226,0.0,0.0,1,0.7666666666666667,1
280,PAYMENT,58.1,C9894847574,63.73,5.63,M2249831874,0.0,0.0,0,0.0,0
382,PAYMENT,1.0,C5485387618,0.0,0.0,M8058679999,0.0,0.0,0,0.0,0
19,TRANSFER,94.26,C3906611156,100.4,6.14,C4767539382,3.48,3.48,1,0.15,0
71,TRANSFER,3508.39,C2645272822,2969.93,0.0,M7532669066,0.0,0.0,1,0.8266666666666667,1
305,CASH_OUT,1.0,C9677466102,1.1,0.1,C2224336336,0.0,0.0,0,0.03333333333333333,0
163,PAYMENT,12.1,C4882343658,14.8,2.7,M5194066484,0.0,0.0,0,0.0,0
70,CASH_OUT,1.0,C7597996327,0.0,0.0,C6797436140,0.0,0.0,0,0.006666666666666667,0
638,PAYMENT,84.76,C2687477596,153.04,68.28,M2586712032,0.0,0.0,0,0.0,0
150,PAYMENT,738.68,C6634526139,915.76,177.08,M8646369354,0.0,0.0,0,0.0,0
720,CASH_OUT,2288.31,C2320763135,2128.66,0.0,M9288057824,0.0,0.0,1,0.21333333333333335,0
383,CASH_OUT,2914.6,C7059726570,3572.03,657.43,C7215110267,15.17,15.17,1,0.006666666666666667,0
453,PAYMENT,1.0,C4419410162,0.0,0.0,M3355504998,0.0,0.0,0,0.0,0
12,TRANSFER,1.0,C9558091177,0.0,0.0,C3412365931,0.0,1.0,0,0.19333333333333333,0
28,PAYMENT,1422.67,C8076527214,37224.35,35801.68,M8874242713,0.0,0.0,0,0.0,0
491,PAYMENT,128.9,C4473306055,301.44,172.54,M7764117705,0.0,0.0,0,0.0,0
605,TRANSFER,88.4,C7887950851,193.86,105.46,C6385791669,1.24,89.64,0,0.17,0
254,CASH_OUT,2582.89,C8180620422,2780.05,197.16,C5899025962,4.81,4.81,1,0.0033333333333333335,0
630,TRANSFER,1.0,C1248786714,0.0,0.0,C6582557981,451.19,452.19,0,0.10333333333333333,0
316,TRANSFER,19073.82,C3169561289,25309.47,6235.65,M6763471833,0.0,0.0,1,0.25333333333333335,0
464,TRANSFER,116.56,C8734449371,137.58,21.02,C4752171298,1142.05,1142.05,1,0.04666666666666667,0
485,TRANSFER,9751.98,C7154795660,8243.54,0.0,M9620935604,0.0,0.0,1,0.94,1
420,CASH_OUT,1.0,C6089026099,0.33,0.0,C4921003983,3263.68,3263.68,0,0.05333333333333334,0
296,DEBIT,1.0,C5428082088,0.0,0.0,M3297681898,0.0,0.0,0,0.04,0
393,PAYMENT,171.63,C7882206934,808.35,636.72,M9933702652,0.0,0.0,0,0.0,0
15,CASH_OUT,7824.23,C8934097788,16014.62,8190.39,C5736462531,87.84,87.84,0,0.0,0
16,PAYMENT,1.0,C8675071314,0.0,0.0,M6525576685,0.0,0.0,0,0.0,0
244,DEBIT,4.22,C7625464411,16.98,12.76,M6401844042,0.0,0.0,0,0.02,0
392,PAYMENT,21.97,C6572436051,61.26,39.29,M7764117705,0.0,0.0,0,0.0,0
699,CASH_OUT,806.78,C9611537583,1195.93,389.15,C8382488970,126.07,126.07,0,0.023333333333333334,0
334,CASH_OUT,42425.12,C7568980185,52659.73,10234.61,M3145756342,0.0,0.0,1,0.0,0
260,TRANSFER,1.0,C5078551333,0.0,0.0,C2137651678,0.0,1.0,0,0.23333333333333334,0
265,PAYMENT,1.0,C3846570058,0.0,0.0,M9625656293,0.0,0.0,0,0.0,0
452,PAYMENT,114.92,C8953726023,152.89,37.97,M2187592160,0.0,0.0,0,0.0,0
340,TRANSFER,30.94,C6732648420,110.85,79.91,C4921003983,3263.68,3294.62,0,0.0033333333333333335,0
106,PAYMENT,1.0,C8923555411,0.0,0.0,M1442421654,0.0,0.0,0,0.0033333333333333335,0
335,TRANSFER,2725.69,C1470939445,3051.51,325.82,C5135595227,2.75,2.75,1,0.18,0
343,DEBIT,2.68,C9780187424,8.75,6.07,M5734228580,0.0,0.0,0,0.023333333333333334,0
405,CASH_IN,20749.27,C9981691030,0.0,20749.27,C2094024844,43.95,43.95,0,0.0,0
562,TRANSFER,1878.87,C2994056084,2581.18,702.31,M3831598303,0.0,0.0,1,0.2966666666666667,0
617,CASH_OUT,1455.88,C9493209128,1824.15,368.27,M5794335854,0.0,0.0,1,0.02666666666666667,0
305,PAYMENT,3965.83,C1375899416,4456.8,490.97,M2773408660,0.0,0.0,0,0.0,0
184,CASH_OUT,502.8,C4659306670,425.81,0.0,M1811839103,0.0,0.0,1,0.023333333333333334,0
276,CASH_OUT,118.24,C7710396573,98.73,0.0,M4160161496,0.0,0.0,1,0.043333333333333335,0
581,PAYMENT,1.0,C1400330495,0.58,0.0,M7651029165,0.0,0.0,0,0.0,0
183,CASH_OUT,87.51,C6306523372,74.94,0.0,C8902275119,0.0,0.0,1,0.023333333333333334,0
519,CASH_OUT,25771.3,C4682870880,26945.94,1174.64,M8869140487,0.0,0.0,1,0.013333333333333334,0
181,PAYMENT,4072.61,C2047905204,6193.76,2121.15,M2869931869,0.0,0.0,0,0.0,0
461,CASH_OUT,258.51,C6663846005,316.79,58.28,C7249213370,0.0,0.0,0,0.05,0
265,PAYMENT,1.0,C5975196341,0.0,0.0,M2303835765,0.0,0.0,0,0.0,0
524,PAYMENT,410.6,C1264739091,4470.83,4060.23,M1122712790,0.0,0.0,0,0.0,0
126,PAYMENT,6.56,C3597724331,9.72,3.16,M6045729129,0.0,0.0,0,0.0,0
91,PAYMENT,1.02,C7150970643,72.43,71.41,M8144352013,0.0,0.0,0,0.0,0
629,TRANSFER,2713.65,C9123207735,2718.58,4.93,C4308701294,3286.87,3286.87,1,0.17,0
430,TRANSFER,122.48,C6311894154,186.04,63.56,C8274273035,54.16,176.64,0,0.06,0
479,TRANSFER,261.44,C9403748506,308.7,47.26,C9633533290,0.0,261.44,1,0.07666666666666666,0
8,CASH_OUT,1.0,C9941564880,0.0,0.0,C2439622619,3128.29,3128.29,0,0.0033333333333333335,0
416,TRANSFER,328.92,C9611537583,389.15,60.23,C3716924538,52654.65,52983.57,0,0.0,0
353,PAYMENT,72.23,C6496933442,86.92,14.69,M5869990861,0.0,0.0,0,0.0,0
410,CASH_OUT,46.04,C5735817014,90.0,43.96,C9370133032,0.0,0.0,0,0.03,0
135,CASH_OUT,1834.17,C7074050517,2605.11,770.94,C8458717057,158.76,158.76,1,0.0,0
127,DEBIT,14.59,C3047869247,21.86,7.27,M6200141898,0.0,0.0,0,0.016666666666666666,0
189,TRANSFER,1376.01,C1770278136,1665.61,289.6,C7059726570,657.43,2033.44,1,0.0033333333333333335,0
619,CASH_OUT,1680.48,C6868336102,1488.66,0.0,M6992094064,0.0,0.0,1,0.16666666666666666,0
181,CASH_OUT,3590.7,C2431779064,4582.04,991.34,M3457877922,0.0,0.0,1,0.0,0
68,CASH_OUT,2366.63,C2068687175,2252.02,0.0,C1257324536,17.01,17.01,1,0.04666666666666667,0
126,DEBIT,4347.99,C3843139149,4622.25,274.26,M8740820392,0.0,0.0,0,0.02,0
271,CASH_OUT,5537.31,C7645527239,4690.29,0.0,M5869990861,0.0,0.0,1,0.07666666666666666,0
581,TRANSFER,461.58,C8926438617,451.37,0.0,C3841827734,6760.11,6760.11,1,0.056666666666666664,0
122,PAYMENT,1.0,C7249213370,0.0,0.0,M8276498637,0.0,0.0,0,0.0,0
553,CASH_OUT,1131.81,C1287814151,1261.63,129.82,C6711463258,11.36,11.36,1,0.03333333333333333,0
82,PAYMENT,221.45,C9437783771,774.33,552.88,M5985331805,0.0,0.0,0,0.0,0
295,TRANSFER,63.53,C1099541460,124.76,61.23,C1141312095,0.0,63.53,0,0.15666666666666668,0
24,PAYMENT,71.07,C7420846622,8609.71,8538.64,M8044997538,0.0,0.0,0,0.0,0
561,PAYMENT,1.91,C2610237679,2.72,0.81,M8821456242,0.0,0.0,0,0.0,0
88,PAYMENT,1.0,C8493451569,0.0,0.0,M5156392601,0.0,0.0,0,0.0,0
483,PAYMENT,1.0,C7161404428,0.0,0.0,M1306420495,0.0,0.0,0,0.0,0
466,TRANSFER,1421.37,C5600836559,1752.39,331.02,C1660370908,113.07,113.07,1,0.11333333333333333,0
299,TRANSFER,10.17,C8734449371,21.02,10.85,C7243352390,100.35,110.52,0,0.03333333333333333,0
32,TRANSFER,1.0,C7229869819,0.0,0.0,C4431078106,0.0,1.0,0,0.22333333333333333,0
159,PAYMENT,1.0,C3480920839,0.0,0.0,M3192202822,0.0,0.0,0,0.0,0
66,CASH_OUT,178.0,C8168394616,245.75,67.75,M4952177946,0.0,0.0,1,0.0033333333333333335,0
288,PAYMENT,1.0,C4877520294,0.0,0.0,M3965860354,0.0,0.0,0,0.0,0
82,PAYMENT,1.0,C6110646714,0.0,0.0,M3517195150,0.0,0.0,0,0.0,0
68,TRANSFER,167.62,C8299146480,182.36,14.74,C7981077394,54.67,222.29,0,0.04666666666666667,0
399,PAYMENT,1.58,C4104309491,293.67,292.09,M3705237613,0.0,0.0,0,0.0,0
190,DEBIT,257.26,C9343730920,308.09,50.83,M6053489772,0.0,0.0,0,0.016666666666666666,0
681,PAYMENT,1.0,C7208619610,0.0,0.0,M6865994703,0.0,0.0,0,0.0,0
416,PAYMENT,1.0,C2510308881,0.0,0.0,M1466305100,0.0,0.0,0,0.0,0
98,TRANSFER,299.99,C3075362821,316.23,16.24,M1466305100,0.0,0.0,1,0.16666666666666666,0
556,CASH_OUT,304.66,C9433570024,432.6,127.94,M5535650160,0.0,0.0,1,0.03333333333333333,0
282,CASH_OUT,3792.27,C9508499533,4819.3,1027.03,M7050091525,0.0,0.0,1,0.01,0
256,PAYMENT,15.11,C3128675098,28.14,13.03,M6199197408,0.0,0.0,0,0.0,0
530,CASH_OUT,1738.34,C7215110267,1686.63,0.0,C7628981661,63221.21,63221.21,1,0.27666666666666667,0
200,PAYMENT,18.29,C2570991899,36.68,18.39,M9288057824,0.0,0.0,0,0.0,0
98,PAYMENT,9.26,C6877052039,15.63,6.37,M7168105904,0.0,0.0,0,0.0,0
657,PAYMENT,1108.74,C2825989011,128206.62,127097.88,M9068916300,0.0,0.0,0,0.0,0
704,CASH_OUT,1.0,C3821211202,0.0,0.0,C3362646960,5515.47,5515.47,0,0.02,0
32,PAYMENT,5.7,C2801177461,16.2,10.5,M3965860354,0.0,0.0,0,0.0,0
64,CASH_OUT,641.14,C8507497883,590.53,0.0,C1124331395,0.0,0.0,1,0.1,0
236,TRANSFER,75.71,C7887950851,105.46,29.75,C1160913827,68.49,144.2,0,0.03333333333333333,0
12,PAYMENT,107.54,C4356175095,352.88,245.34,M2916502228,0.0,0.0,0,0.0,0
175,TRANSFER,4123.31,C2052811909,4842.69,719.38,M1811839103,0.0,0.0,1,0.18,0
335,PAYMENT,1.0,C5870268582,0.0,0.0,M4035639663,0.0,0.0,0,0.0,0
326,TRANSFER,36.13,C5911625145,109.39,73.26,C5072538783,16.19,52.32,0,0.11333333333333333,0
128,TRANSFER,4802.18,C5254923696,6408.96,1606.78,C9908115095,27.39,4829.57,0,0.0033333333333333335,0
393,PAYMENT,15.28,C4490722186,3725.89,3710.61,M2778069478,0.0,0.0,0,0.0,0
661,CASH_IN,25349.99,C7174772035,63.24,25413.23,C6634526139,177.08,177.08,0,0.0,0
117,PAYMENT,3016.26,C1818112342,3698.76,682.5,M1199447370,0.0,0.0,0,0.0,0
75,CASH_OUT,12.33,C3962452613,15.43,3.1,C4566852761,0.0,0.0,0,0.0033333333333333335,0
181,TRANSFER,3425.66,C9725528903,4564.37,1138.71,M5959736235,0.0,0.0,1,0.17666666666666667,0
338,PAYMENT,1.0,C4143852021,0.0,0.0,M4242579642,0.0,0.0,0,0.0,0
564,PAYMENT,1.0,C7665963761,0.0,0.0,M2187592160,0.0,0.0,0,0.0,0
82,PAYMENT,76.25,C3792347639,96.61,20.36,M2839566253,0.0,0.0,0,0.0,0
650,TRANSFER,4624.95,C2409274786,4079.71,0.0,M2418407139,0.0,0.0,1,0.9466666666666667,1
660,TRANSFER,2581.6,C2753617371,3000.82,419.22,M7928143230,0.0,0.0,1,0.29333333333333333,0
344,TRANSFER,117.58,C1613549255,282.14,164.56,C4627032705,204.3,321.88,0,0.0033333333333333335,0
526,TRANSFER,1959.37,C8057994126,2236.78,277.41,M2571632270,0.0,0.0,1,0.31333333333333335,0
435,PAYMENT,1.0,C1392245997,0.0,0.0,M5000316394,0.0,0.0,0,0.0,0
327,TRANSFER,113.07,C6169243284,153.9,40.83,C7199283151,5.19,5.19,1,0.11333333333333333,0
245,PAYMENT,2.04,C2126077199,2.45,0.41,M9918338001,0.0,0.0,0,0.0,0
62,TRANSFER,585.6,C3952295757,522.2,0.0,C3088517710,721.68,721.68,1,0.043333333333333335,0
225,PAYMENT,1.0,C3297096148,1.0,0.0,M6284297249,0.0,0.0,0,0.0,0
185,CASH_OUT,3237.79,C7415801613,3556.51,318.72,C1590985753,24204.63,24204.63,1,0.0,0
330,CASH_OUT,1.0,C2579206999,0.0,0.0,C8480622107,236.05,236.05,0,0.016666666666666666,0
45,CASH_OUT,4203.82,C5862655247,4363.5,159.68,M3297681898,0.0,0.0,1,0.0,0
213,CASH_OUT,117.37,C6588316233,103.79,0.0,C6392415228,7708.37,7708.37,1,0.01,0
532,PAYMENT,1565.58,C8168036130,1899.44,333.86,M5990749811,0.0,0.0,0,0.0,0
44,PAYMENT,1.0,C8394198376,0.0,0.0,M3469205576,0.0,0.0,0,0.0,0
662,CASH_OUT,919.28,C7333316743,1068.29,149.01,C6392415228,7708.37,7708.37,1,0.006666666666666667,0
564,CASH_IN,7587.55,C5161807235,111.08,7698.63,C4776436931,0.0,0.0,0,0.0,0
165,PAYMENT,6949.94,C6392415228,7708.37,758.43,M3297681898,0.0,0.0,0,0.0,0
690,PAYMENT,188.55,C3965676060,495.57,307.02,M8458323087,0.0,0.0,0,0.0,0
28,PAYMENT,1.0,C2349641712,0.0,0.0,M3846182436,0.0,0.0,0,0.0,0
99,PAYMENT,2351.18,C6043349038,5714.61,3363.43,M7366396017,0.0,0.0,0,0.0,0
52,PAYMENT,13156.73,C9318010743,19194.41,6037.68,M1099218439,0.0,0.0,0,0.0,0
21,TRANSFER,1.0,C1674555072,0.0,0.0,C2407863065,0.0,1.0,0,0.21333333333333335,0
658,DEBIT,1.0,C6204041308,0.0,0.0,M4122901114,0.0,0.0,0,0.05333333333333334,0
374,CASH_OUT,257.83,C7015992643,262.71,4.88,C8239941612,0.0,0.0,1,0.03666666666666667,0
719,CASH_OUT,1.0,C4262396395,0.0,0.0,C8168204967,41.01,41.01,0,0.056666666666666664,0
340,PAYMENT,1.0,C5748253283,0.7,0.0,M8740820392,0.0,0.0,0,0.0,0
655,CASH_OUT,2557.37,C9392515666,3074.43,517.06,C9035194895,11481.32,11481.32,1,0.006666666666666667,0
163,PAYMENT,1.0,C9272277508,0.0,0.0,M5067400473,0.0,0.0,0,0.0,0
509,TRANSFER,4105.08,C7671041685,4200.75,95.67,M6732306182,0.0,0.0,1,0.5,1
25,PAYMENT,643.05,C9929101065,3252.25,2609.2,M6498703287,0.0,0.0,0,0.0,0
70,PAYMENT,776.59,C4714465905,925.87,149.28,M6845287382,0.0,0.0,0,0.0,0
37,PAYMENT,250.61,C6582557981,452.19,201.58,M5985331805,0.0,0.0,0,0.0,0
546,CASH_OUT,1115.3,C4037270171,1026.59,0.0,M1122712790,0.0,0.0,1,0.20333333333333334,0
494,PAYMENT,110.87,C3035761595,442.86,331.99,M9065458220,0.0,0.0,0,0.0,0
43,PAYMENT,1.0,C1515024824,0.0,0.0,M6846530109,0.0,0.0,0,0.0,0
68,TRANSFER,1208.37,C6000009225,2374.0,1165.63,C3849232839,0.0,1208.37,0,0.01,0
118,CASH_OUT,3711.53,C4656572173,3112.8,0.0,C5943324387,31.43,31.43,1,0.04666666666666667,0
470,CASH_OUT,2113.24,C4172006012,2268.11,154.87,C3615507143,0.0,0.0,1,0.06,0
164,TRANSFER,1.0,C3821211202,0.0,0.0,C5952163720,138.04,139.04,0,0.043333333333333335,0
553,CASH_OUT,1151.14,C9945002229,1222.69,71.55,C4242550727,10.72,10.72,1,0.043333333333333335,0
349,PAYMENT,1.0,C6710338189,0.0,0.0,M8138332494,0.0,0.0,0,0.0,0
6,CASH_OUT,765.85,C3196545325,907.25,141.4,C3951331472,961.58,961.58,0,0.016666666666666666,0
462,TRANSFER,39.14,C2247484671,60.31,21.17,C5695387521,763.85,802.99,0,0.05333333333333334,0
155,CASH_OUT,11005.84,C2173242669,12228.83,1222.99,C9248574674,0.0,0.0,0,0.0,0
80,TRANSFER,1.0,C6027311960,2.46,1.46,C4921003983,3294.62,3295.62,0,0.0033333333333333335,0
310,CASH_OUT,419.43,C5673482258,431.54,12.11,C7988845536,27.28,27.28,1,0.02,0
365,PAYMENT,102.06,C6102144947,123.37,21.31,M7570511906,0.0,0.0,0,0.0,0
52,PAYMENT,2636.04,C3716924538,52983.57,50347.53,M3223687972,0.0,0.0,0,0.0,0
264,TRANSFER,549.06,C3171050399,715.53,166.47,M3636366799,0.0,0.0,1,0.09333333333333334,0
535,CASH_OUT,222.46,C5310195918,278.51,56.05,C1364994639,0.0,0.0,0,0.03666666666666667,0
595,TRANSFER,1.0,C2295574037,0.0,0.0,C1083651970,78.81,79.81,0,0.17,0
715,PAYMENT,635.75,C1818112342,682.5,46.75,M7664045502,0.0,0.0,0,0.0,0
12,CASH_OUT,9254.87,C1596471620,27999.69,18744.82,C7092693247,0.0,0.0,0,0.0,0
250,TRANSFER,1205.46,C4682870880,1174.64,0.0,C6311894154,63.56,1269.02,1,0.07,0
673,PAYMENT,1.0,C7645527239,0.0,0.0,M9021793855,0.0,0.0,0,0.0,0
145,CASH_OUT,372.43,C7420493866,528.31,155.88,C6124453431,5494.17,5494.17,1,0.01,0
602,TRANSFER,3846.37,C5588254555,3800.78,0.0,M4896576569,0.0,0.0,1,0.9466666666666667,1
125,PAYMENT,209.74,C9493209128,368.27,158.53,M2187592160,0.0,0.0,0,0.0,0
256,TRANSFER,332.76,C9376711497,288.2,0.0,M8869140487,0.0,0.0,1,0.24,0
719,PAYMENT,1.0,C7190276026,0.0,0.0,M4820942294,0.0,0.0,0,0.0,0
644,TRANSFER,5341.29,C6715961218,5441.63,100.34,C6534540349,1.25,1.25,1,0.52,1
276,TRANSFER,4229.03,C5175416378,4835.3,606.27,C2075413763,1108.69,5337.72,1,0.0,0
531,PAYMENT,1.0,C5855415646,0.0,0.0,M2303835765,0.0,0.0,0,0.0,0
109,PAYMENT,255.98,C4131575764,75653.0,75397.02,M6894024976,0.0,0.0,0,0.0,0
131,PAYMENT,64.6,C5539308214,2711.33,2646.73,M3119908041,0.0,0.0,0,0.0,0
651,PAYMENT,6796.34,C5870891270,28667.0,21870.66,M9625656293,0.0,0.0,0,0.0,0
698,CASH_OUT,363.28,C2633177480,332.74,0.0,M3156792018,0.0,0.0,1,0.07,0
221,CASH_OUT,2052.69,C7292076361,2551.54,498.85,M8964269909,0.0,0.0,1,0.0,0
499,PAYMENT,1.0,C7340498236,0.0,0.0,M7702529931,0.0,0.0,0,0.0,0
28,TRANSFER,1621.85,C5952894290,2094.45,472.6,C5293274004,16224.01,16224.01,1,0.0,0
275,TRANSFER,152.59,C6576395496,146.31,0.0,M7270955446,0.0,0.0,1,0.24,0
656,PAYMENT,1.0,C3479708607,0.0,0.0,M6284297249,0.0,0.0,0,0.0,0
198,CASH_OUT,97.92,C3464975279,100.54,2.62,M5564953924,0.0,0.0,1,0.01,0
383,CASH_OUT,1361.06,C5087357728,1729.64,368.58,M1096405016,0.0,0.0,1,0.01,0
18,TRANSFER,14.39,C2071552532,28.37,13.98,C8317619798,153.35,167.74,0,0.023333333333333334,0
204,TRANSFER,230.28,C7627266377,392.04,161.76,C5911625145,73.26,303.54,0,0.0033333333333333335,0
421,CASH_OUT,1.0,C8394198376,0.0,0.0,C6131005449,73326.83,73326.83,0,0.016666666666666666,0
14,PAYMENT,1.0,C6942989052,0.0,0.0,M8325043570,0.0,0.0,0,0.0,0
173,CASH_OUT,1040.39,C8295757364,869.46,0.0,C2180484299,0.0,0.0,1,0.07666666666666666,0
507,PAYMENT,1.0,C5354747485,0.0,0.0,M1413599241,0.0,0.0,0,0.0,0
26,PAYMENT,260.57,C9115282784,852.33,591.76,M3119908041,0.0,0.0,0,0.0,0
603,CASH_OUT,1.0,C4877520294,0.0,0.0,C8275679594,19.21,19.21,0,0.05333333333333334,0
549,CASH_OUT,1.0,C9312085761,0.0,0.0,C3426665919,0.0,0.0,0,0.06,0
148,CASH_IN,8071.38,C3434757387,0.2,8071.58,C6276339732,0.0,0.0,0,0.0,0
593,DEBIT,27.37,C7022683808,38.09,10.72,M6820149016,0.0,0.0,0,0.03,0
322,DEBIT,17.34,C8131923452,25.28,7.94,M2115862756,0.0,0.0,0,0.023333333333333334,0
599,PAYMENT,1.0,C4180599722,0.0,0.0,M3322580659,0.0,0.0,0,0.0,0
608,TRANSFER,1356.67,C5078551333,1531.76,175.09,M9098037639,0.0,0.0,1,0.18666666666666668,0
713,CASH_OUT,2.1,C8663837890,51753.16,51751.06,C5297902885,80.57,80.57,0,0.01,0
251,PAYMENT,1.0,C8934927891,0.0,0.0,M9900829971,0.0,0.0,0,0.0,0
414,PAYMENT,5.36,C8039917766,7.74,2.38,M5325865521,0.0,0.0,0,0.0,0
288,CASH_OUT,1.0,C2320763135,0.0,0.0,C5626388820,0.0,0.0,0,0.03666666666666667,0
416,CASH_OUT,9.47,C5856127658,40.93,31.46,C7369118672,0.0,0.0,0,0.04666666666666667,0
617,CASH_OUT,1.0,C2579206999,0.0,0.0,C3698343112,0.0,0.0,0,0.06333333333333334,0
106,TRANSFER,1.0,C7648059419,0.0,0.0,C1639509845,125.29,126.29,0,0.06,0
652,PAYMENT,418.73,C2020262123,543.32,124.59,M2391874847,0.0,0.0,0,0.0,0
310,PAYMENT,1.0,C8925520026,0.0,0.0,M2916502228,0.0,0.0,0,0.0,0
509,PAYMENT,26.64,C6463640105,33.26,6.62,M4242579642,0.0,0.0,0,0.0,0
359,TRANSFER,66257.78,C2079501936,90861.82,24604.04,M4158643786,0.0,0.0,1,0.23666666666666666,0
610,CASH_OUT,1.0,C4807122420,0.0,0.0,C8926438617,0.0,0.0,0,0.06333333333333334,0
12,DEBIT,7197.25,C9894264595,28177.72,20980.47,M3517195150,0.0,0.0,0,0.01,0
417,PAYMENT,355.63,C5837082260,634.96,279.33,M8778927211,0.0,0.0,0,0.0,0
89,PAYMENT,32.98,C4965395580,190874.26,190841.28,M1811839103,0.0,0.0,0,0.0,0
390,PAYMENT,132.28,C2973888646,142.82,10.54,M1240140248,0.0,0.0,0,0.0,0
398,TRANSFER,728.3,C3880327491,2051.25,1322.95,C6329323383,1.12,729.42,0,0.006666666666666667,0
636,PAYMENT,1.0,C5375461598,0.0,0.0,M8740820392,0.0,0.0,0,0.0,0
519,PAYMENT,17.74,C2950049698,25.16,7.42,M7951820749,0.0,0.0,0,0.0,0
118,PAYMENT,1.0,C2579206999,0.0,0.0,M2155671697,0.0,0.0,0,0.0,0
56,PAYMENT,1.0,C1772303297,0.0,0.0,M7651029165,0.0,0.0,0,0.0,0
544,PAYMENT,12.59,C5819946657,14.82,2.23,M6361225622,0.0,0.0,0,0.0,0
229,PAYMENT,65.51,C1287814151,129.82,64.31,M7969674420,0.0,0.0,0,0.0,0
509,TRANSFER,1.0,C6952554500,0.0,0.0,C6329323383,729.42,730.42,0,0.08,0
144,DEBIT,1.0,C7079234115,0.0,0.0,M7514017540,0.0,0.0,0,0.02666666666666667,0
111,TRANSFER,134.25,C4655935832,279.22,144.97,C6102144947,21.31,155.56,0,0.04666666666666667,0
589,PAYMENT,137.95,C5078551333,175.09,37.14,M2115406331,0.0,0.0,0,0.0,0
621,PAYMENT,16.58,C2914126243,72.38,55.8,M6558769264,0.0,0.0,0,0.0,0
551,TRANSFER,26.52,C4895020135,39.36,12.84,C7640122370,0.0,26.52,0,0.17,0
401,PAYMENT,18.13,C5118430494,84.21,66.08,M5714658227,0.0,0.0,0,0.0,0
610,TRANSFER,4947.6,C6583444930,4937.87,0.0,C2756070122,0.0,0.0,1,0.9666666666666667,1
105,PAYMENT,269.29,C9392707144,1087.18,817.89,M8740820392,0.0,0.0,0,0.0,0
433,TRANSFER,2101.94,C5492496998,2795.66,693.72,M6525576685,0.0,0.0,1,0.28,0
23,TRANSFER,2799.31,C5523703900,2716.88,0.0,C8199372599,0.0,0.0,1,0.7233333333333334,1
697,PAYMENT,1.0,C3214080278,0.0,0.0,M3517195150,0.0,0.0,0,0.0,0
242,TRANSFER,92655.75,C3694860228,80779.47,0.0,M9916475897,0.0,0.0,1,0.85,1
435,PAYMENT,1382.39,C6515369278,8069.58,6687.19,M1357561213,0.0,0.0,0,0.0,0
386,PAYMENT,1.0,C7316122432,0.23,0.0,M2655546199,0.0,0.0,0,0.0,0
163,CASH_OUT,1.0,C9136780852,1.41,0.41,C8274219704,12.46,12.46,0,0.013333333333333334,0
56,CASH_OUT,4.26,C4398953973,4196.6,4192.34,C4660390742,0.0,0.0,0,0.0033333333333333335,0
92,TRANSFER,145.94,C8750840032,132.75,0.0,C6642201119,292.54,438.48,1,0.016666666666666666,0
535,PAYMENT,1.0,C3020939193,0.0,0.0,M8235474949,0.0,0.0,0,0.0,0
700,PAYMENT,1.0,C4431078106,1.0,0.0,M4306983924,0.0,0.0,0,0.0,0
78,TRANSFER,25264.98,C9086117171,26446.82,1181.84,M9620935604,0.0,0.0,1,0.25666666666666665,0
573,CASH_OUT,1632.59,C3095318649,1481.78,0.0,M2155671697,0.0,0.0,1,0.18333333333333332,0
200,TRANSFER,217.31,C9954587710,358.57,141.26,C4248149900,1161.6,1378.91,0,0.006666666666666667,0
577,CASH_OUT,3612.8,C3958590550,3441.99,0.0,C9437783771,552.88,552.88,1,0.20666666666666667,0
511,PAYMENT,37.32,C5297902885,80.57,43.25,M4125758723,0.0,0.0,0,0.0,0
83,TRANSFER,4364.44,C7988845536,4971.54,607.1,C7527316141,0.0,0.0,1,0.20333333333333334,0
623,TRANSFER,678.69,C8497938394,648.19,0.0,C9711080868,2728.75,2728.75,1,0.06666666666666667,0
655,CASH_OUT,8473.38,C6142469284,9898.01,1424.63,M2115406331,0.0,0.0,1,0.02,0
6,DEBIT,2172.24,C9711080868,2728.75,556.51,M7702529931,0.0,0.0,0,0.023333333333333334,0
640,TRANSFER,3237.75,C5975196341,3759.66,521.91,C6942989052,0.0,0.0,1,0.31333333333333335,0
604,PAYMENT,1.0,C9078786223,0.0,0.0,M8443061472,0.0,0.0,0,0.0,0
719,CASH_OUT,1.0,C9677466102,0.1,0.0,C9851745648,1.0,1.0,0,0.06666666666666667,0
687,PAYMENT,1.0,C2571688961,0.0,0.0,M3107992942,0.0,0.0,0,0.0,0
579,PAYMENT,1.0,C8505373158,0.34,0.0,M4689605624,0.0,0.0,0,0.0,0
573,CASH_OUT,1.0,C6155234610,0.0,0.0,C5183211669,942.79,942.79,0,0.04666666666666667,0
220,DEBIT,1.0,C2635231601,0.0,0.0,M3107992942,0.0,0.0,0,0.03,0
641,PAYMENT,1168.7,C5419627962,2666.96,1498.26,M3469205576,0.0,0.0,0,0.0,0
217,PAYMENT,160.37,C1547374338,197.63,37.26,M7168105904,0.0,0.0,0,0.0,0
203,PAYMENT,48.66,C4172006012,154.87,106.21,M2121448210,0.0,0.0,0,0.0,0
297,PAYMENT,4.08,C7098134112,8.62,4.54,M3317856944,0.0,0.0,0,0.0,0
552,PAYMENT,1.0,C6544063167,0.87,0.0,M2586712032,0.0,0.0,0,0.0,0
473,PAYMENT,1.0,C1392245997,0.0,0.0,M6651020291,0.0,0.0,0,0.0,0
570,PAYMENT,1.0,C3667740351,0.0,0.0,M1185303518,0.0,0.0,0,0.0,0
70,PAYMENT,25.56,C1529290976,32.75,7.19,M9933702652,0.0,0.0,0,0.0,0
38,PAYMENT,48.19,C2687477596,68.28,20.09,M1306420495,0.0,0.0,0,0.0,0
549,TRANSFER,15.05,C9974165440,21.18,6.13,C5294535887,119334.93,119349.98,0,0.0,0
536,CASH_IN,75892.87,C8674224347,17.72,75910.59,C5336127859,23.49,23.49,0,0.0,0
404,DEBIT,179.79,C7838460497,801.49,621.7,M5315720088,0.0,0.0,0,0.02,0
444,CASH_OUT,3301.69,C6098775210,4085.82,784.13,C8758809005,80.81,80.81,1,0.04,0
663,PAYMENT,88.99,C2578662692,124.43,35.44,M1694904767,0.0,0.0,0,0.0,0
528,CASH_OUT,5942.69,C8132531532,4997.25,0.0,M3317856944,0.0,0.0,1,0.20666666666666667,0
601,PAYMENT,1.0,C4096932037,0.91,0.0,M4211837506,0.0,0.0,0,0.0,0
625,PAYMENT,1.0,C4098389895,0.0,0.0,M3705237613,0.0,0.0,0,0.0,0
89,PAYMENT,3469.67,C9318010743,6037.68,2568.01,M4093474499,0.0,0.0,0,0.0,0
667,CASH_OUT,1686.86,C1050899550,2343.53,656.67,C5578056564,82.55,82.55,1,0.023333333333333334,0
193,PAYMENT,8.28,C3758823240,18.86,10.58,M8030400668,0.0,0.0,0,0.0,0
43,TRANSFER,1.0,C3958590550,0.0,0.0,C4659306670,0.0,1.0,0,0.22333333333333333,0
704,TRANSFER,141.85,C6852312425,162.44,20.59,C8493451569,0.0,141.85,0,0.09666666666666666,0
207,TRANSFER,4876.7,C2452066459,4637.96,0.0,M7050091525,0.0,0.0,1,0.8066666666666666,1
53,PAYMENT,25.56,C5856127658,31.46,5.9,M3536590481,0.0,0.0,0,0.0,0
435,PAYMENT,1.0,C2079770569,1.03,0.03,M6199197408,0.0,0.0,0,0.0,0
333,CASH_OUT,44272.54,C3465740756,76280.22,32007.68,C1197092148,20.11,20.11,0,0.0,0
88,TRANSFER,10036.07,C6991473746,10232.75,196.68,M4892544235,0.0,0.0,1,0.23,0
479,CASH_OUT,154.38,C5600836559,331.02,176.64,C8570850267,113242.59,113242.59,0,0.006666666666666667,0
167,PAYMENT,134.54,C2732553940,598.85,464.31,M9410569618,0.0,0.0,0,0.0,0
268,CASH_OUT,506.6,C1230249217,463.59,0.0,C1112794026,0.0,0.0,1,0.043333333333333335,0
519,PAYMENT,1.3,C7846365089,126.16,124.86,M7861571879,0.0,0.0,0,0.0,0
696,CASH_OUT,2422.7,C7292376027,2407.04,0.0,C7671625956,8.22,8.22,1,0.16333333333333333,0
166,DEBIT,11506.13,C6341783555,43030.29,31524.16,M8910440683,0.0,0.0,0,0.016666666666666666,0
319,TRANSFER,1.0,C4256292393,0.0,0.0,C9229469952,5929.44,5930.44,0,0.0,0
238,TRANSFER,2818.92,C8303853049,3551.24,732.32,M6651020291,0.0,0.0,1,0.21666666666666667,0
86,TRANSFER,96.86,C3971203213,241.0,144.14,C3874432021,123333.74,123430.6,0,0.0033333333333333335,0
425,TRANSFER,1.0,C7092693247,0.0,0.0,C7887950851,29.75,30.75,0,0.16666666666666666,0
7,DEBIT,91.92,C8274273035,176.64,84.72,M2571632270,0.0,0.0,0,0.013333333333333334,0
355,PAYMENT,870.92,C3163970710,2621.04,1750.12,M7960713821,0.0,0.0,0,0.0,0
512,PAYMENT,314.4,C7561728644,496.18,181.78,M9026301048,0.0,0.0,0,0.0,0
527,PAYMENT,5.06,C9303765140,6.38,1.32,M3536590481,0.0,0.0,0,0.0,0
196,PAYMENT,786.22,C9467483275,1031.65,245.43,M3094407076,0.0,0.0,0,0.0,0
22,PAYMENT,18.03,C1041531046,29.53,11.5,M8858274691,0.0,0.0,0,0.0,0
92,CASH_OUT,1.0,C9333490239,0.0,0.0,C2591589823,235.41,235.41,0,0.0033333333333333335,0
720,PAYMENT,249.81,C8684942020,308.38,58.57,M9098037639,0.0,0.0,0,0.0,0
367,PAYMENT,1.0,C5802739154,0.0,0.0,M2156184315,0.0,0.0,0,0.0,0
257,PAYMENT,8.36,C9503787171,24.79,16.43,M6053489772,0.0,0.0,0,0.0,0
327,TRANSFER,3830.85,C8106401208,3511.62,0.0,M5694439775,0.0,0.0,1,0.7666666666666667,1
588,DEBIT,13.85,C2064803502,22.97,9.12,M1357561213,0.0,0.0,0,0.03,0
391,TRANSFER,217.29,C9467483275,245.43,28.14,C8933377472,0.0,217.29,0,0.056666666666666664,0
199,CASH_OUT,1017.23,C8115628227,1366.2,348.97,M8235474949,0.0,0.0,1,0.0,0
645,PAYMENT,49.23,C1558631501,151.33,102.1,M8790289305,0.0,0.0,0,0.0,0
461,PAYMENT,1.0,C6587537178,0.0,0.0,M6651754819,0.0,0.0,0,0.0,0
47,PAYMENT,1.0,C1124331395,0.0,0.0,M1122712790,0.0,0.0,0,0.0,0
269,CASH_OUT,1.0,C7430757004,0.0,0.0,C6509985983,7685.93,7685.93,0,0.0033333333333333335,0
478,TRANSFER,6495.64,C9033653743,6976.18,480.54,M2839566253,0.0,0.0,1,0.32666666666666666,0
695,TRANSFER,3190.65,C8390631634,4391.64,1200.99,M8858274691,0.0,0.0,1,0.30666666666666664,0
29,CASH_OUT,1.0,C3115806625,1.0,0.0,C6715705115,1090.54,1090.54,0,0.0033333333333333335,0
75,PAYMENT,2525.7,C5064162365,136814.03,134288.33,M4908108692,0.0,0.0,0,0.0,0
112,PAYMENT,12.94,C5336127859,23.49,10.55,M9410569618,0.0,0.0,0,0.0,0
118,CASH_OUT,13.79,C3792347639,20.36,6.57,C5421051452,74132.36,74132.36,0,0.0,0
26,TRANSFER,4182.76,C3894673596,3760.69,0.0,M2541015125,0.0,0.0,1,0.7533333333333333,1
188,PAYMENT,1.0,C6458544482,0.0,0.0,M5412437658,0.0,0.0,0,0.0,0
314,CASH_IN,39969.04,C2178158203,6.66,39975.7,C4627032705,321.88,321.88,0,0.0,0
341,CASH_OUT,54836.55,C7637761996,64274.97,9438.42,M2418407139,0.0,0.0,1,0.0,0
109,PAYMENT,33.99,C6504099682,156.24,122.25,M3156792018,0.0,0.0,0,0.0,0
20,CASH_IN,1415.7,C5625980561,319.09,1734.79,C3806215682,0.0,0.0,0,0.0,0
435,TRANSFER,4314.04,C5879617459,4057.38,0.0,C3995732958,253.0,4567.04,1,0.2733333333333333,0
686,PAYMENT,166.19,C2224363672,754.85,588.66,M3508990774,0.0,0.0,0,0.0,0
334,TRANSFER,111.91,C9259157845,105.3,0.0,C6628158856,20.12,132.03,1,0.14666666666666667,0
594,TRANSFER,1.85,C6880115912,5.85,4.0,C5578056564,82.55,84.4,0,0.13666666666666666,0
371,TRANSFER,1.0,C9420979586,0.0,0.0,C7904559790,92.47,93.47,0,0.06666666666666667,0
545,TRANSFER,1.0,C6655089949,0.0,0.0,C9049270990,376.13,377.13,0,0.09666666666666666,0
715,PAYMENT,1.0,C3591527330,0.0,0.0,M3156792018,0.0,0.0,0,0.0,0
11,TRANSFER,3776.99,C6276339732,4505.86,728.87,M9444143872,0.0,0.0,1,0.17,0
539,DEBIT,42.2,C9945002229,71.55,29.35,M7537130187,0.0,0.0,0,0.03333333333333333,0
120,TRANSFER,252.13,C7166868574,223.4,0.0,C5870891270,21870.66,22122.79,1,0.0,0
479,DEBIT,1.0,C5992908271,0.63,0.0,M9752092528,0.0,0.0,0,0.05,0
359,PAYMENT,638.89,C6311894154,1269.02,630.13,M3690714075,0.0,0.0,0,0.0,0
302,TRANSFER,2165.13,C4645120421,3641.24,1476.11,C9909257076,164.24,2329.37,0,0.0,0
118,DEBIT,69.83,C4106464319,353.78,283.95,M2156184315,0.0,0.0,0,0.01,0
58,TRANSFER,1.0,C9370133032,0.0,0.0,C6336171726,2034.79,2035.79,0,0.01,0
391,CASH_OUT,2048.1,C3693985578,2525.01,476.91,M4122901114,0.0,0.0,1,0.01,0
372,TRANSFER,371.79,C7430757004,461.57,89.78,C9202102595,25.33,397.12,1,0.016666666666666666,0
43,PAYMENT,567.42,C1322401182,712.21,144.79,M9590331226,0.0,0.0,0,0.0,0
130,TRANSFER,2983.22,C3521166052,3939.17,955.95,C7487012742,290.45,290.45,1,0.01,0
470,PAYMENT,316.28,C5161807235,7698.63,7382.35,M3690714075,0.0,0.0,0,0.0,0
696,CASH_OUT,172.59,C4880176825,227.23,54.64,M8083396378,0.0,0.0,1,0.03,0
153,CASH_OUT,8109.2,C5933179746,8882.8,773.6,C5421592782,4853.04,4853.04,0,0.0,0
82,CASH_OUT,867.73,C7736142481,724.03,0.0,C7527316141,0.0,0.0,1,0.07333333333333333,0
58,PAYMENT,13.37,C1005502537,19.12,5.75,M7928143230,0.0,0.0,0,0.0,0
201,CASH_OUT,627.06,C8394198376,639.27,12.21,M2156184315,0.0,0.0,1,0.023333333333333334,0
290,CASH_OUT,456.49,C2293434554,572.65,116.16,M9523139706,0.0,0.0,1,0.02666666666666667,0
387,TRANSFER,13.41,C5182110973,34.27,20.86,C7627266377,161.76,175.17,0,0.023333333333333334,0
529,TRANSFER,1.0,C3958590550,0.0,0.0,C6837342064,0.0,1.0,0,0.22333333333333333,0
238,TRANSFER,28797.28,C3651552513,42922.29,14125.01,C6921525436,55.67,28852.95,0,0.0,0
454,CASH_OUT,32.92,C4526242854,130.64,97.72,C5751366455,0.0,0.0,0,0.043333333333333335,0
280,CASH_OUT,4816.22,C3660223333,4379.05,0.0,M2635881694,0.0,0.0,1,0.1,0
275,TRANSFER,20117.85,C7418301077,22302.55,2184.7,M7514017540,0.0,0.0,1,0.2733333333333333,0
473,CASH_IN,10219.43,C3482206102,58.79,10278.22,C1392245997,0.0,0.0,0,0.0,0
129,TRANSFER,2057.36,C8901585274,1957.28,0.0,C5751366455,0.0,2057.36,1,0.18,0
461,CASH_OUT,357.03,C6894808149,394.58,37.55,C3305069227,0.0,0.0,0,0.05,0
235,TRANSFER,243.02,C3693985578,476.91,233.89,C1674555072,0.0,243.02,0,0.0033333333333333335,0
109,PAYMENT,37.85,C1657675888,135.66,97.81,M3072183247,0.0,0.0,0,0.0,0
708,PAYMENT,1.0,C6358023411,0.0,0.0,M6732306182,0.0,0.0,0,0.0033333333333333335,0
10,TRANSFER,819.36,C1182758417,786.96,0.0,M9043367776,0.0,0.0,1,0.2833333333333333,0
101,CASH_OUT,1430.17,C7452729913,1639.5,209.33,M6820149016,0.0,0.0,1,0.0,0
178,CASH_OUT,965.34,C8203447752,944.82,0.0,M5380159400,0.0,0.0,1,0.08333333333333333,0
15,PAYMENT,55.66,C6122110529,107.86,52.2,M7664045502,0.0,0.0,0,0.0,0
238,PAYMENT,23778.75,C1654477195,137665.4,113886.65,M1343875431,0.0,0.0,0,0.0,0
69,PAYMENT,1.0,C4070964768,0.0,0.0,M3355504998,0.0,0.0,0,0.0,0
470,TRANSFER,1.0,C1494287462,0.0,0.0,C9505085936,193.57,194.57,0,0.11,0
526,TRANSFER,4624.19,C5215140451,4352.25,0.0,M5156392601,0.0,0.0,1,0.9533333333333334,1
148,TRANSFER,2594.41,C7208619610,2225.69,0.0,M8861351706,0.0,0.0,1,0.72,1
466,PAYMENT,17.95,C6732648420,79.91,61.96,M4093474499,0.0,0.0,0,0.0,0
344,PAYMENT,350.33,C7271954644,532.88,182.55,M4306983924,0.0,0.0,0,0.0,0
159,CASH_IN,47161.64,C9504724761,0.0,47161.64,C8809871735,3.54,3.54,0,0.0,0
68,CASH_IN,1.21,C4602080228,5981.26,5982.47,C9115282784,591.76,591.76,0,0.0,0
117,TRANSFER,3614.21,C4914929023,4589.0,974.79,M5570190774,0.0,0.0,1,0.19666666666666666,0
398,TRANSFER,1.0,C4566852761,0.0,0.0,C3313993297,1046.96,1047.96,0,0.01,0
245,DEBIT,154.85,C7882206934,636.72,481.87,M7717262223,0.0,0.0,0,0.013333333333333334,0
617,PAYMENT,466.49,C2181241943,5953.61,5487.12,M6846530109,0.0,0.0,0,0.0,0
522,PAYMENT,116.25,C1248704157,115696.92,115580.67,M9896529524,0.0,0.0,0,0.0,0
580,DEBIT,1.0,C4915196257,0.0,0.0,M9441870024,0.0,0.0,0,0.04666666666666667,0
579,DEBIT,1.0,C8380312396,0.0,0.0,M1732578761,0.0,0.0,0,0.04666666666666667,0
600,TRANSFER,479.76,C1084790270,575.69,95.93,C8388580360,50.46,50.46,1,0.13,0
199,PAYMENT,48.87,C3102209245,58.15,9.28,M7651029165,0.0,0.0,0,0.0,0
6,CASH_OUT,25385.15,C7010379415,23961.03,0.0,C1553753599,11794.76,11794.76,1,0.043333333333333335,0
647,CASH_OUT,587.21,C1422701550,535.99,0.0,M2136107759,0.0,0.0,1,0.13,0
199,PAYMENT,241.67,C4268713302,584.08,342.41,M8144889126,0.0,0.0,0,0.0,0
491,PAYMENT,1.9,C5819946657,2.23,0.33,M9590331226,0.0,0.0,0,0.0,0
175,TRANSFER,71.74,C6313758032,82.39,10.65,M1357561213,0.0,0.0,1,0.16333333333333333,0
656,TRANSFER,3338.84,C6548442140,4181.84,843.0,C3371357111,390.76,390.76,1,0.11333333333333333,0
287,CASH_OUT,34.68,C1099541460,61.23,26.55,C5201221330,0.0,0.0,0,0.01,0
296,PAYMENT,266.12,C2753617371,419.22,153.1,M4242579642,0.0,0.0,0,0.0,0
167,PAYMENT,1.9,C2952996248,2.53,0.63,M4125758723,0.0,0.0,0,0.0,0
607,TRANSFER,1580.15,C6142469284,1424.63,0.0,C9441018790,0.0,1580.15,1,0.27666666666666667,0
238,TRANSFER,3371.25,C9916336966,4750.06,1378.81,M3965860354,0.0,0.0,1,0.21666666666666667,0
544,CASH_OUT,1.0,C2960432117,0.0,0.0,C4503614567,368.9,368.9,0,0.05,0
94,CASH_OUT,1.87,C1439921366,5.57,3.7,C3142452709,14.8,14.8,0,0.0033333333333333335,0
338,PAYMENT,1.0,C6710338189,0.0,0.0,M7532669066,0.0,0.0,0,0.0,0
111,PAYMENT,1.0,C1195066088,0.0,0.0,M8083396378,0.0,0.0,0,0.0033333333333333335,0
619,CASH_OUT,361.98,C4386667704,385.78,23.8,M8458323087,0.0,0.0,1,0.04,0
530,CASH_OUT,828.48,C3698343112,1143.45,314.97,C3484872186,3048.41,3048.41,1,0.013333333333333334,0
663,TRANSFER,196.2,C5315211627,204.3,8.1,C5729866281,8116.5,8116.5,1,0.0033333333333333335,0
55,PAYMENT,1913.62,C2087974350,59439.71,57526.09,M9043367776,0.0,0.0,0,0.0,0
86,PAYMENT,306.2,C4888749350,423.75,117.55,M6045729129,0.0,0.0,0,0.0,0
505,PAYMENT,856.64,C1039887139,2069.75,1213.11,M1257854279,0.0,0.0,0,0.0,0
690,CASH_OUT,8963.57,C5510938155,8451.24,0.0,C9196564761,0.0,0.0,1,0.29333333333333333,0
697,TRANSFER,1.0,C6837975356,0.0,0.0,C6102144947,155.56,156.56,0,0.11,0
145,TRANSFER,1179.5,C1045302356,1039.61,0.0,M1199447370,0.0,0.0,1,0.3233333333333333,0
399,PAYMENT,1.0,C4990452762,0.0,0.0,M7948094928,0.0,0.0,0,0.0,0
106,DEBIT,1.57,C4820055862,26.05,24.48,M2839566253,0.0,0.0,0,0.016666666666666666,0
698,TRANSFER,97.56,C9388140708,146.55,48.99,C6859286614,0.0,97.56,0,0.16333333333333333,0
563,TRANSFER,15.86,C2653032484,44.83,28.97,C8868054898,120.38,136.24,0,0.07666666666666666,0
284,PAYMENT,517.64,C2924568778,634.88,117.24,M2586712032,0.0,0.0,0,0.0,0
219,CASH_OUT,461.4,C2670036982,953.1,491.7,C3587283948,0.0,0.0,0,0.013333333333333334,0
516,PAYMENT,77.14,C2771211118,190.69,113.55,M5937271321,0.0,0.0,0,0.0,0
179,CASH_OUT,1350.04,C7910439839,2159.86,809.82,C3515167269,357.01,357.01,0,0.0033333333333333335,0
298,PAYMENT,1.0,C3975418439,0.0,0.0,M7713758036,0.0,0.0,0,0.0,0
301,CASH_OUT,4500.08,C8189916797,37079.05,32578.97,C2065354117,1.0,1.0,0,0.0,0
249,PAYMENT,272.32,C2525930586,435.9,163.58,M3192202822,0.0,0.0,0,0.0,0
87,PAYMENT,1.0,C1311570307,0.0,0.0,M7960713821,0.0,0.0,0,0.0,0
193,CASH_IN,58434.42,C7801180691,0.0,58434.42,C2761091683,300.53,300.53,0,0.0,0
666,PAYMENT,1.0,C6562457052,0.53,0.0,M6313472215,0.0,0.0,0,0.0,0
241,TRANSFER,1379.54,C2464137110,1805.14,425.6,M7512767226,0.0,0.0,1,0.14,0
233,TRANSFER,71.04,C4526242854,97.72,26.68,C7019900273,0.0,71.04,0,0.16,0
289,TRANSFER,1.0,C5184564874,0.0,0.0,C3674551397,111015.67,111016.67,0,0.0,0
323,TRANSFER,759.48,C2549748436,672.89,0.0,M3831598303,0.0,0.0,1,0.2866666666666667,0
242,PAYMENT,29.71,C6122110529,52.2,22.49,M6313472215,0.0,0.0,0,0.0,0
54,TRANSFER,7.64,C1173215225,12.01,4.37,C2867302554,15.57,23.21,0,0.13666666666666666,0
498,PAYMENT,1.0,C8624454880,0.0,0.0,M2541015125,0.0,0.0,0,0.0,0
138,CASH_OUT,793.54,C1664847319,875.32,81.78,C6894808149,37.55,37.55,0,0.0,0
525,CASH_OUT,3980.16,C9123207735,4270.29,290.13,M8058679999,0.0,0.0,1,0.03,0
668,TRANSFER,381.08,C9958044697,515.95,134.87,M8858274691,0.0,0.0,1,0.14666666666666667,0
419,CASH_OUT,164.77,C4471642620,383.11,218.34,C1194576436,0.0,0.0,0,0.043333333333333335,0
447,PAYMENT,1737.31,C9229469952,5930.44,4193.13,M1083302600,0.0,0.0,0,0.0,0
202,PAYMENT,7.96,C9085085822,8.73,0.77,M5449848690,0.0,0.0,0,0.0,0
686,PAYMENT,1.0,C5184564874,0.0,0.0,M7340036327,0.0,0.0,0,0.0,0
464,PAYMENT,12.88,C5409514899,22.64,9.76,M1908459040,0.0,0.0,0,0.0,0
14,CASH_OUT,1.0,C1546696950,0.0,0.0,C8168204967,41.01,41.01,0,0.0033333333333333335,0
289,CASH_OUT,4494.3,C1264739091,4060.23,0.0,M9640701016,0.0,0.0,1,0.11333333333333333,0
504,PAYMENT,1.0,C3117951204,0.0,0.0,M6200141898,0.0,0.0,0,0.0,0
590,PAYMENT,195.08,C8669484644,400.26,205.18,M4601406440,0.0,0.0,0,0.0,0
670,TRANSFER,727.0,C1590985753,24204.63,23477.63,C5243939720,42.1,769.1,0,0.04666666666666667,0
98,CASH_OUT,6.27,C1541964762,20.65,14.38,C3293560436,4978.65,4978.65,0,0.0,0
709,PAYMENT,5.24,C8625905455,20.22,14.98,M8366710477,0.0,0.0,0,0.0,0
697,TRANSFER,13840.61,C9309500117,13658.59,0.0,C1785418196,0.0,13840.61,1,0.06666666666666667,0
402,TRANSFER,1272.13,C3587283948,1482.6,210.47,C4440904834,1014.26,2286.39,1,0.0033333333333333335,0
273,TRANSFER,1.0,C7371573279,0.0,0.0,C9935429720,14.94,15.94,0,0.19666666666666666,0
708,CASH_OUT,1.0,C5976777081,0.0,0.0,C3815235019,162.26,162.26,0,0.05,0
354,CASH_OUT,2151.1,C3878719791,2528.51,377.41,M8768773991,0.0,0.0,1,0.013333333333333334,0
361,PAYMENT,507.31,C5868640848,1091.51,584.2,M3534186676,0.0,0.0,0,0.0,0
546,TRANSFER,528.76,C9437783771,552.88,24.12,M6495967005,0.0,0.0,1,0.18333333333333332,0
530,TRANSFER,2552.57,C3484872186,3048.41,495.84,C3931997465,156.47,2709.04,0,0.03666666666666667,0
81,TRANSFER,1915.31,C6974875750,1930.28,14.97,M6999146585,0.0,0.0,1,0.3566666666666667,0
102,TRANSFER,146.59,C8709361138,302.14,155.55,C4034047118,30.74,177.33,0,0.02666666666666667,0
260,TRANSFER,71170.16,C5421051452,74132.36,2962.2,C1667779376,23.89,71194.05,1,0.0,0
662,PAYMENT,1.0,C5976777081,0.0,0.0,M8058679999,0.0,0.0,0,0.0,0
429,CASH_IN,10258.75,C4466589567,33920.67,44179.42,C4507822591,13.0,13.0,0,0.0,0
272,CASH_IN,143002.15,C3465883999,135.63,143137.78,C6415031531,3401.58,3401.58,0,0.0,0
598,CASH_OUT,245.3,C3521300895,501.99,256.69,C9503787171,16.43,16.43,0,0.02666666666666667,0
608,CASH_OUT,1.0,C7556078550,0.0,0.0,C1754368373,0.0,0.0,0,0.06333333333333334,0
360,CASH_OUT,45550.58,C1513003815,47812.94,2262.36,C3362657890,305.58,305.58,1,0.0,0
210,PAYMENT,1.0,C9303765140,1.32,0.32,M9065458220,0.0,0.0,0,0.0,0
103,CASH_OUT,487.49,C2052811909,719.38,231.89,C8299146480,14.74,14.74,0,0.006666666666666667,0
529,PAYMENT,1.23,C8106906538,1.62,0.39,M8443061472,0.0,0.0,0,0.0,0
359,PAYMENT,53.24,C5227828349,94.4,41.16,M4892544235,0.0,0.0,0,0.0,0
456,DEBIT,1.0,C5748253283,0.0,0.0,M9065458220,0.0,0.0,0,0.04666666666666667,0
542,PAYMENT,28.13,C8318855178,29.9,1.77,M1666898313,0.0,0.0,0,0.0,0
114,PAYMENT,19.27,C1885113834,54.2,34.93,M3705237613,0.0,0.0,0,0.0,0
377,CASH_OUT,3.96,C4736031885,5.6,1.64,C7186766399,0.0,0.0,0,0.02666666666666667,0
702,PAYMENT,221.5,C8453283834,655.79,434.29,M6659847491,0.0,0.0,0,0.0,0
629,CASH_OUT,1.0,C8506931282,0.31,0.0,C5284391408,7772.16,7772.16,0,0.02,0
595,PAYMENT,8067.64,C1281199333,105299.53,97231.89,M7514017540,0.0,0.0,0,0.0,0
443,TRANSFER,24677.3,C6557907251,55010.78,30333.48,C6171239466,81.84,24759.14,0,0.0,0
218,CASH_OUT,1.0,C7499349987,3.47,2.47,C5667181604,0.0,0.0,0,0.006666666666666667,0
114,CASH_OUT,4003.94,C6204862411,3442.89,0.0,C9730449971,0.75,0.75,1,0.056666666666666664,0
345,CASH_OUT,6.14,C2670036982,491.7,485.56,C4310415016,0.0,0.0,0,0.016666666666666666,0
666,PAYMENT,1.0,C4181102664,0.0,0.0,M8144889126,0.0,0.0,0,0.0,0
278,TRANSFER,65.97,C2293434554,116.16,50.19,C1378134712,7.62,73.59,0,0.12666666666666668,0
89,CASH_OUT,48.91,C1287814151,64.31,15.4,C9259157845,0.0,0.0,0,0.0033333333333333335,0
588,TRANSFER,367.24,C9274189261,315.64,0.0,C4062777850,0.0,0.0,1,0.23666666666666666,0
481,TRANSFER,1033.58,C6887132821,1646.37,612.79,C5433722159,0.0,1033.58,0,0.04,0
700,TRANSFER,3092.44,C9381721143,2865.16,0.0,C5292015249,12.52,3104.96,1,0.4266666666666667,0
176,TRANSFER,3675.75,C8934097788,8190.39,4514.64,C4915196257,0.0,3675.75,0,0.0,0
439,TRANSFER,803.85,C5141593270,779.34,0.0,C2653032484,28.97,832.82,1,0.13333333333333333,0
492,PAYMENT,3063.84,C5613655595,4011.38,947.54,M6692705133,0.0,0.0,0,0.0,0
515,PAYMENT,1.0,C4631048029,0.0,0.0,M1240140248,0.0,0.0,0,0.0,0
162,PAYMENT,23.24,C8441393731,29.43,6.19,M7453081889,0.0,0.0,0,0.0,0
198,DEBIT,1327.8,C7462972995,3377.72,2049.92,M8874242713,0.0,0.0,0,0.01,0
463,TRANSFER,2068.39,C9312085761,1910.55,0.0,M1692044390,0.0,0.0,1,0.7233333333333334,1
587,PAYMENT,9505.96,C9302705838,14469.4,4963.44,M6894024976,0.0,0.0,0,0.0,0
531,PAYMENT,16.71,C1857596764,28.01,11.3,M9558906999,0.0,0.0,0,0.0,0
629,CASH_OUT,3741.68,C9403748506,3279.63,0.0,C8350384902,0.0,0.0,1,0.20666666666666667,0
256,PAYMENT,1.0,C7059591606,0.0,0.0,M6894024976,0.0,0.0,0,0.0,0
457,DEBIT,29.03,C5078551333,37.14,8.11,M4158643786,0.0,0.0,0,0.02666666666666667,0
678,TRANSFER,1622.76,C6892752604,2036.32,413.56,M9410569618,0.0,0.0,1,0.26666666666666666,0
447,CASH_OUT,1314.85,C3142452709,1695.2,380.35,M7050091525,0.0,0.0,1,0.05,0
152,CASH_OUT,325.81,C4700855390,576.27,250.46,C6204862411,0.0,0.0,0,0.0033333333333333335,0
538,PAYMENT,10605.22,C3874432021,123430.6,112825.38,M7537130187,0.0,0.0,0,0.0,0
493,CASH_OUT,1.0,C8203447752,0.0,0.0,C7666869046,0.0,0.0,0,0.06,0
105,PAYMENT,1.0,C5570828113,0.0,0.0,M9590331226,0.0,0.0,0,0.0033333333333333335,0
314,CASH_OUT,248.03,C9115282784,591.76,343.73,C4026113008,0.0,0.0,0,0.013333333333333334,0
460,DEBIT,1.0,C9354542654,0.0,0.0,M6932365592,0.0,0.0,0,0.04666666666666667,0
566,TRANSFER,385.86,C9049270990,377.13,0.0,M9026301048,0.0,0.0,1,0.23666666666666666,0
671,PAYMENT,1.0,C6587537178,0.0,0.0,M4456193555,0.0,0.0,0,0.0,0
362,CASH_IN,23124.06,C6204041308,0.0,23124.06,C3106408413,254.97,254.97,0,0.0,0
73,CASH_OUT,562.33,C8303853049,732.32,169.99,C3698343112,314.97,314.97,0,0.006666666666666667,0
354,CASH_OUT,1539.88,C1722124509,1394.59,0.0,M9026301048,0.0,0.0,1,0.13333333333333333,0
202,TRANSFER,126.31,C7706193636,153.08,26.77,M4892544235,0.0,0.0,1,0.16,0
670,CASH_OUT,23164.22,C4747699292,20075.03,0.0,M1802753761,0.0,0.0,1,0.16666666666666666,0
488,DEBIT,1.0,C6649827836,1.77,0.77,M3145756342,0.0,0.0,0,0.043333333333333335,0
528,CASH_IN,711.16,C7838460497,621.7,1332.86,C5933179746,773.6,773.6,0,0.01,0
616,PAYMENT,1.0,C1546696950,0.0,0.0,M6247463262,0.0,0.0,0,0.0,0
646,CASH_OUT,1.0,C1799718923,0.0,0.0,C8303853049,169.99,169.99,0,0.04666666666666667,0
668,CASH_OUT,2865.61,C3271361431,3280.08,414.47,C9438411468,5.65,5.65,1,0.023333333333333334,0
33,CASH_OUT,2798.11,C8995970241,3340.9,542.79,M9398575277,0.0,0.0,1,0.0,0
393,CASH_IN,25940.35,C5778781449,0.0,25940.35,C6358023411,0.0,0.0,0,0.0,0
316,PAYMENT,774.55,C9989642546,1446.02,671.47,M9576264323,0.0,0.0,0,0.0,0
409,CASH_OUT,1.0,C5150090143,0.0,0.0,C2953462417,3.76,3.76,0,0.06333333333333334,0
395,CASH_OUT,1.77,C7961674558,15095.09,15093.32,C3612617557,40.16,40.16,0,0.0,0
376,TRANSFER,1812.53,C9337145038,3596.19,1783.66,C5035765954,1.0,1813.53,0,0.006666666666666667,0
574,TRANSFER,3530.46,C1417436465,4430.72,900.26,M1504729135,0.0,0.0,1,0.31333333333333335,0
373,PAYMENT,1.08,C7499349987,2.47,1.39,M7717262223,0.0,0.0,0,0.0,0
106,PAYMENT,1774.32,C8517413631,35339.87,33565.55,M3690714075,0.0,0.0,0,0.0,0
544,TRANSFER,6.32,C9457665185,24.94,18.62,C2570991899,18.39,24.71,0,0.14,0
618,TRANSFER,9164.14,C8047877267,14323.05,5158.91,C8833889083,0.0,9164.14,0,0.01,0
325,TRANSFER,41284.22,C5686850445,54350.95,13066.73,M6498703287,0.0,0.0,1,0.22666666666666666,0
676,DEBIT,48.77,C2343100352,118.51,69.74,M9625656293,0.0,0.0,0,0.03,0
651,TRANSFER,1.0,C7208619610,0.0,0.0,C6963052185,50.95,51.95,0,0.17666666666666667,0
581,DEBIT,181.1,C1446362270,424.71,243.61,M6275155878,0.0,0.0,0,0.023333333333333334,0
512,TRANSFER,1.0,C2388450337,0.0,0.0,C7292076361,498.85,499.85,0,0.09333333333333334,0
223,TRANSFER,3222.06,C5329194647,3152.39,0.0,M6199197408,0.0,0.0,1,0.8366666666666667,1
640,CASH_IN,8412.74,C2370592316,634.38,9047.12,C3142452709,380.35,380.35,0,0.0,0
583,TRANSFER,38.03,C5871743247,168.58,130.55,C2571688961,0.0,38.03,0,0.15,0
205,DEBIT,1.0,C3713284816,0.0,0.0,M3145756342,0.0,0.0,0,0.03,0
329,PAYMENT,1.0,C4178659381,0.0,0.0,M7969674420,0.0,0.0,0,0.0,0
515,PAYMENT,1.0,C7845366946,0.0,0.0,M9590331226,0.0,0.0,0,0.0,0
303,TRANSFER,25933.57,C6557907251,30333.48,4399.91,C6037168610,673.84,26607.41,0,0.0,0
665,PAYMENT,1.0,C4956362540,0.0,0.0,M8858274691,0.0,0.0,0,0.0,0
173,PAYMENT,8419.38,C2050340486,23979.23,15559.85,M8218146534,0.0,0.0,0,0.0,0
457,CASH_OUT,2673.16,C6161147047,2721.47,48.31,C6218955985,22109.21,22109.21,1,0.09666666666666666,0
568,TRANSFER,7692.68,C4748302739,6991.89,0.0,C8243746556,181.02,181.02,1,0.54,1
560,PAYMENT,2.05,C5899025962,4.81,2.76,M7512767226,0.0,0.0,0,0.0,0
298,DEBIT,6362.88,C1230624431,8401.62,2038.74,M7664045502,0.0,0.0,0,0.02,0
424,PAYMENT,109.77,C9717175839,262.75,152.98,M2115862756,0.0,0.0,0,0.0,0
49,TRANSFER,709.63,C7915226263,599.38,0.0,C6880115912,4.0,4.0,1,0.25,0
388,PAYMENT,780.94,C5421051452,2962.2,2181.26,M6732306182,0.0,0.0,0,0.0,0
451,DEBIT,516.26,C6633778586,796.83,280.57,M6894024976,0.0,0.0,0,0.03333333333333333,0
638,CASH_OUT,681.59,C3837784389,997.78,316.19,C3465740756,32007.68,32007.68,0,0.006666666666666667,0
114,TRANSFER,24.94,C2571688961,38.03,13.09,C2071552532,13.98,38.92,0,0.13,0
628,CASH_OUT,268.87,C2941508568,266.54,0.0,M5990749811,0.0,0.0,1,0.07333333333333333,0
221,TRANSFER,655.93,C3821211202,872.76,216.83,C6320115677,0.0,0.0,1,0.10666666666666667,0
560,PAYMENT,199.33,C3951331472,961.58,762.25,M8728631945,0.0,0.0,0,0.0,0
634,TRANSFER,1.0,C6054421752,0.0,0.0,C3946766309,18.14,19.14,0,0.20333333333333334,0
639,PAYMENT,1.0,C3615507143,0.0,0.0,M4820942294,0.0,0.0,0,0.0,0
195,CASH_OUT,3414.48,C8110054933,3683.65,269.17,M8910440683,0.0,0.0,1,0.0,0
49,PAYMENT,1.0,C9857430687,0.47,0.0,M1888107487,0.0,0.0,0,0.0,0
692,CASH_OUT,1.0,C2960432117,0.0,0.0,C2139027119,0.0,0.0,0,0.056666666666666664,0
561,PAYMENT,1196.13,C5067116918,2360.74,1164.61,M7453081889,0.0,0.0,0,0.0,0
637,PAYMENT,1.0,C1173215225,4.37,3.37,M1811839103,0.0,0.0,0,0.0,0
16,PAYMENT,1.0,C2660286914,0.0,0.0,M7532669066,0.0,0.0,0,0.0,0
684,CASH_OUT,410.73,C3429019820,403.69,0.0,M9576264323,0.0,0.0,1,0.08,0
125,PAYMENT,69.12,C7805633786,129.02,59.9,M3457877922,0.0,0.0,0,0.0,0
30,PAYMENT,47.44,C9306142066,152.35,104.91,M9255306810,0.0,0.0,0,0.0,0
123,PAYMENT,1.0,C8106401208,0.0,0.0,M7702529931,0.0,0.0,0,0.0,0
53,PAYMENT,1.0,C2407863065,1.0,0.0,M1811839103,0.0,0.0,0,0.0,0
448,CASH_OUT,265.72,C1795212538,348.66,82.94,M3705237613,0.0,0.0,1,0.05,0
402,CASH_OUT,1.0,C8313706299,0.0,0.0,C6613888489,1303.41,1303.41,0,0.016666666666666666,0
109,TRANSFER,2769.17,C8117478955,3515.49,746.32,C3365835550,203.7,2972.87,1,0.0033333333333333335,0
69,CASH_OUT,3485.22,C9462806178,3595.74,110.52,M6744039057,0.0,0.0,1,0.0033333333333333335,0
525,PAYMENT,3510.61,C3412273600,17931.87,14421.26,M9896529524,0.0,0.0,0,0.0,0
698,CASH_IN,15595.24,C2973888646,10.54,15605.78,C5694628398,8953.52,8953.52,0,0.0,0
12,PAYMENT,208.01,C8477300991,489.16,281.15,M6894024976,0.0,0.0,0,0.0,0
61,PAYMENT,5675.36,C8083175325,61993.34,56317.98,M5919148165,0.0,0.0,0,0.0,0
540,TRANSFER,1.0,C6099808894,0.0,0.0,C4820055862,24.48,25.48,0,0.18333333333333332,0
9,CASH_IN,18169.88,C4508521152,9.21,18179.09,C8417757797,72.79,72.79,0,0.0,0
555,CASH_OUT,2077.37,C6942989052,2488.02,410.65,M2136107759,0.0,0.0,1,0.02666666666666667,0
589,TRANSFER,1568.43,C8235717104,2163.99,595.56,C5367513465,74756.02,74756.02,1,0.006666666666666667,0
311,PAYMENT,22.55,C7887950851,30.75,8.2,M5891831621,0.0,0.0,0,0.0,0
349,DEBIT,1.0,C5976777081,0.0,0.0,M1802753761,0.0,0.0,0,0.04,0
430,TRANSFER,27.95,C6405851839,43.42,15.47,C1127978094,7834.09,7862.04,0,0.013333333333333334,0
79,PAYMENT,9.09,C1707196784,11.18,2.09,M4588312351,0.0,0.0,0,0.0,0
51,PAYMENT,1.0,C8841851495,0.0,0.0,M6498703287,0.0,0.0,0,0.0,0
101,TRANSFER,3126.69,C5333183840,3929.21,802.52,C1370292681,5883.39,9010.08,0,0.0,0
582,TRANSFER,12.29,C2905584866,16.72,4.43,C9639245200,107.47,119.76,0,0.09666666666666666,0
145,TRANSFER,2122.05,C9697354961,2059.25,0.0,C7402059279,749.25,749.25,1,0.12333333333333334,0
186,TRANSFER,389.46,C7597996327,417.58,28.12,M9640701016,0.0,0.0,1,0.16,0
661,CASH_IN,63821.38,C3774110439,61.59,63882.97,C3623588379,93.72,93.72,0,0.0,0
209,CASH_OUT,1.0,C1026224160,0.0,0.0,C9863781331,0.0,0.0,0,0.013333333333333334,0
621,PAYMENT,13634.87,C7823288650,21794.93,8160.06,M8443061472,0.0,0.0,0,0.0,0
250,CASH_OUT,561.42,C9989642546,671.47,110.05,C2283298067,3194.96,3194.96,1,0.0033333333333333335,0
551,PAYMENT,561.29,C2394868732,112868.44,112307.15,M6894024976,0.0,0.0,0,0.0,0
331,PAYMENT,1.0,C1510289448,0.0,0.0,M3965860354,0.0,0.0,0,0.0,0
392,CASH_IN,8816.06,C7380780055,0.0,8816.06,C8750840032,0.0,0.0,0,0.0,0
233,TRANSFER,1496.23,C6317889312,1299.87,0.0,C6186758088,0.0,0.0,1,0.38,0
595,TRANSFER,3.26,C6206015111,15.35,12.09,C1050899550,656.67,659.93,0,0.056666666666666664,0
424,PAYMENT,1.0,C2610237679,0.81,0.0,M8727805468,0.0,0.0,0,0.0,0
572,CASH_OUT,12823.73,C1785418196,13840.61,1016.88,C3271361431,414.47,414.47,0,0.006666666666666667,0
496,TRANSFER,1.0,C7792729530,0.0,0.0,C6306523372,0.0,1.0,0,0.22333333333333333,0
257,DEBIT,22.87,C7805633786,59.9,37.03,M3072183247,0.0,0.0,0,0.02,0
673,PAYMENT,1.0,C2349406919,0.0,0.0,M4820942294,0.0,0.0,0,0.0,0
592,PAYMENT,2.69,C9116428507,12.76,10.07,M7702529931,0.0,0.0,0,0.0,0
446,CASH_OUT,1281.95,C7979466538,1695.21,413.26,M8058679999,0.0,0.0,1,0.05,0
155,TRANSFER,1.0,C3978287288,0.0,0.0,C3434757387,8071.58,8072.58,0,0.0,0
19,PAYMENT,466.41,C9526836552,2327.44,1861.03,M9916475897,0.0,0.0,0,0.0,0
634,CASH_OUT,1.0,C9255898264,0.0,0.0,C1913706213,0.0,0.0,0,0.06,0
543,PAYMENT,77.99,C3045102506,298.37,220.38,M9933702652,0.0,0.0,0,0.0,0
231,CASH_OUT,510.81,C6642201119,438.48,0.0,M2328736852,0.0,0.0,1,0.03666666666666667,0
25,CASH_OUT,204.47,C7560389844,234.22,29.75,C5694848867,595.91,595.91,1,0.013333333333333334,0
697,CASH_OUT,3899.84,C5704029171,4149.1,249.26,M8102481401,0.0,0.0,1,0.03,0
664,CASH_IN,8480.45,C1624173500,3678.51,12158.96,C2612579345,35.58,35.58,0,0.0,0
484,PAYMENT,447.4,C7393195616,484.52,37.12,M8389750357,0.0,0.0,0,0.0,0
430,TRANSFER,2073.8,C5141285960,2098.92,25.12,M5194066484,0.0,0.0,1,0.41333333333333333,0
197,PAYMENT,29.03,C2914126243,55.8,26.77,M3536590481,0.0,0.0,0,0.0,0
264,PAYMENT,9.62,C7670476743,123.26,113.64,M3495411322,0.0,0.0,0,0.0,0
217,CASH_OUT,932.4,C3400244542,816.03,0.0,M5919148165,0.0,0.0,1,0.08333333333333333,0
565,TRANSFER,2231.74,C8178927766,1913.33,0.0,C6894808149,37.55,2269.29,1,0.35333333333333333,0
32,CASH_OUT,317.1,C5031086659,517.45,200.35,C2224363672,588.66,588.66,0,0.013333333333333334,0
630,TRANSFER,23.72,C1855256552,63.57,39.85,C7083067988,1.93,25.65,0,0.17333333333333334,0
8,CASH_OUT,177.06,C4226113732,453.23,276.17,C3328710672,4709.5,4709.5,0,0.013333333333333334,0
600,TRANSFER,30.66,C1110533960,111.56,80.9,C5344083406,0.0,30.66,0,0.17333333333333334,0
676,PAYMENT,30.42,C3245108207,80.61,50.19,M9752092528,0.0,0.0,0,0.0,0
387,TRANSFER,1195.35,C9274189261,1505.92,310.57,M1096405016,0.0,0.0,1,0.12,0
400,TRANSFER,37.01,C4239406957,119.53,82.52,C5431267548,651.69,688.7,0,0.013333333333333334,0
198,CASH_OUT,1.0,C5354747485,0.0,0.0,C4268713302,342.41,342.41,0,0.0033333333333333335,0
139,CASH_OUT,2.57,C6000952470,6.81,4.24,C9354711271,26.7,26.7,0,0.0,0
546,CASH_OUT,121.4,C2753617371,153.1,31.7,M5270048042,0.0,0.0,1,0.04,0
197,PAYMENT,98.77,C7099469983,555.24,456.47,M7168105904,0.0,0.0,0,0.0,0
132,TRANSFER,62.18,C1696846464,69.65,7.47,M8910440683,0.0,0.0,1,0.14333333333333334,0
109,TRANSFER,8755.34,C7805745017,10163.58,1408.24,C7551874474,0.0,8755.34,0,0.0,0
157,DEBIT,107.86,C1051354601,354.76,246.9,M3192202822,0.0,0.0,0,0.01,0
318,CASH_OUT,147.52,C7483366056,191.26,43.74,C4993808565,1111.32,1111.32,0,0.016666666666666666,0
627,DEBIT,1.0,C7736142481,0.0,0.0,M5985331805,0.0,0.0,0,0.05333333333333334,0
714,PAYMENT,5.62,C4110258855,7588.49,7582.87,M8443061472,0.0,0.0,0,0.0,0
611,TRANSFER,171.59,C4147025728,315.29,143.7,C6300607425,22.23,193.82,0,0.06666666666666667,0
685,TRANSFER,53.42,C7573691558,58.04,4.62,M2885370603,0.0,0.0,1,0.18333333333333332,0
676,PAYMENT,80.64,C6097953682,133.93,53.29,M9581187661,0.0,0.0,0,0.0,0
31,CASH_OUT,12850.85,C8083175325,56317.98,43467.13,C2905584866,4.43,4.43,0,0.0,0
384,TRANSFER,227.56,C8075122626,271.55,43.99,C7858937483,38.8,38.8,1,0.1,0
517,PAYMENT,126.84,C9954587710,141.26,14.42,M3566125120,0.0,0.0,0,0.0,0
14,PAYMENT,1.0,C2099184899,0.29,0.0,M5585110649,0.0,0.0,0,0.0,0
402,CASH_OUT,479.12,C1399546384,713.22,234.1,C3171050399,166.47,166.47,0,0.016666666666666666,0
463,CASH_OUT,1.0,C8139209752,0.0,0.0,C9639245200,119.76,119.76,0,0.08333333333333333,0
524,PAYMENT,589.11,C1594312071,665.63,76.52,M6583604299,0.0,0.0,0,0.0,0
114,PAYMENT,85.59,C5515628633,177.91,92.32,M8910440683,0.0,0.0,0,0.0,0
517,PAYMENT,88.36,C9958044697,134.87,46.51,M9288057824,0.0,0.0,0,0.0,0
54,TRANSFER,1.0,C5883933127,0.0,0.0,C2591589823,235.41,236.41,0,0.04666666666666667,0
45,TRANSFER,1.58,C2965164102,1.68,0.1,C1691293717,52.05,53.63,0,0.14,0
362,CASH_OUT,27.81,C1141312095,63.53,35.72,C9123612497,121998.81,121998.81,0,0.006666666666666667,0
376,DEBIT,1.0,C1939777262,0.0,0.0,M4399143287,0.0,0.0,0,0.04,0
337,PAYMENT,1.0,C2099184899,0.0,0.0,M2129491690,0.0,0.0,0,0.0,0
588,CASH_OUT,312.78,C1983297492,377.33,64.55,C9703905715,0.0,0.0,1,0.03666666666666667,0
51,TRANSFER,667.78,C8953271391,811.31,143.53,C5100282913,83.81,751.59,0,0.0033333333333333335,0
188,PAYMENT,433.6,C3484872186,495.84,62.24,M2228388623,0.0,0.0,0,0.0,0
564,CASH_OUT,1781.08,C7462972995,2049.92,268.84,C2850820685,23.07,23.07,1,0.02666666666666667,0
104,TRANSFER,214.95,C9935429720,234.46,19.51,M4035639663,0.0,0.0,1,0.16,0
50,PAYMENT,3.5,C6756711494,15.92,12.42,M6200141898,0.0,0.0,0,0.0,0
703,PAYMENT,3733.73,C6922713963,7536.91,3803.18,M4035639663,0.0,0.0,0,0.0,0
537,PAYMENT,1.0,C4256292393,0.0,0.0,M7341757401,0.0,0.0,0,0.0,0
331,PAYMENT,1.0,C5789617427,0.0,0.0,M6515490818,0.0,0.0,0,0.0,0
176,TRANSFER,3785.17,C5728765136,3951.02,165.85,M4158643786,0.0,0.0,1,0.2,0
18,CASH_IN,71580.53,C4015479599,84.78,71665.31,C3482206102,10278.22,10278.22,0,0.0,0
504,CASH_OUT,55.88,C8033062794,53.43,0.0,M3476758136,0.0,0.0,1,0.06,0
187,CASH_OUT,13.82,C2293434554,50.19,36.37,C6012067717,0.0,0.0,0,0.0,0
144,CASH_OUT,3.88,C6974875750,14.97,11.09,C7757700186,0.0,0.0,0,0.0,0
565,PAYMENT,137.25,C7487012742,290.45,153.2,M3636366799,0.0,0.0,0,0.0,0
48,CASH_OUT,5626.47,C5161807235,7382.35,1755.88,C8858766173,7.77,7.77,0,0.0,0
268,CASH_OUT,71.41,C5724657556,121.54,50.13,C7505693643,19.39,19.39,0,0.0033333333333333335,0
127,PAYMENT,1.0,C4202607993,0.0,0.0,M5325865521,0.0,0.0,0,0.0,0
111,TRANSFER,201386.74,C5151086814,179955.94,0.0,C6691628146,28368.91,28368.91,1,0.06333333333333334,0
34,TRANSFER,1.0,C2586568081,0.0,0.0,C6338036681,147.97,148.97,0,0.04666666666666667,0
609,TRANSFER,51.23,C5957341287,52.02,0.79,M6284297249,0.0,0.0,1,0.20666666666666667,0
310,TRANSFER,1842.45,C5489485517,2516.2,673.75,C3109688769,0.0,0.0,1,0.18666666666666668,0
633,TRANSFER,37.54,C9376277483,71.0,33.46,C8261111839,1.07,38.61,0,0.17666666666666667,0
502,TRANSFER,4858.59,C7645527239,4327.41,0.0,M3705237613,0.0,0.0,1,0.9466666666666667,1
200,TRANSFER,1120.32,C4752171298,1142.05,21.73,C1421776124,47853.27,47853.27,1,0.0,0
405,PAYMENT,1.0,C3555656321,1.99,0.99,M1692044390,0.0,0.0,0,0.0,0
365,PAYMENT,109.03,C8012696455,223.33,114.3,M6011842297,0.0,0.0,0,0.0,0
148,PAYMENT,1.0,C4590711152,0.0,0.0,M9558906999,0.0,0.0,0,0.0,0
713,PAYMENT,14.67,C6894699853,16.38,1.71,M5156392601,0.0,0.0,0,0.0,0
310,TRANSFER,177.95,C9493209128,158.53,0.0,M7532669066,0.0,0.0,1,0.23666666666666666,0
242,CASH_OUT,105.27,C8303853049,169.99,64.72,C1725783958,0.48,0.48,0,0.0,0
252,PAYMENT,48.84,C4993808565,1111.32,1062.48,M6992094064,0.0,0.0,0,0.0,0
691,CASH_OUT,30.65,C8532327465,75.26,44.61,C5144289583,223.29,223.29,0,0.02666666666666667,0
212,CASH_OUT,2107.15,C2295574037,1910.18,0.0,M9098037639,0.0,0.0,1,0.04666666666666667,0
322,PAYMENT,67.11,C1304205279,202.24,135.13,M6865994703,0.0,0.0,0,0.0,0
115,CASH_OUT,1.81,C1707196784,2.09,0.28,C5485387618,0.0,0.0,0,0.0033333333333333335,0
451,CASH_OUT,40876.9,C8791183272,77976.34,37099.44,C6557907251,4399.91,4399.91,0,0.0,0
612,CASH_OUT,1.0,C1664885408,0.0,0.0,C1051354601,246.9,246.9,0,0.05333333333333334,0
254,CASH_OUT,2425.48,C3207160929,3275.45,849.97,C6405851839,15.47,15.47,0,0.0033333333333333335,0
477,CASH_OUT,394.49,C5569295400,386.76,0.0,M2541015125,0.0,0.0,1,0.11666666666666667,0
413,CASH_OUT,343.54,C2400094541,304.73,0.0,M3636366799,0.0,0.0,1,0.11666666666666667,0
718,PAYMENT,1442.14,C8287542751,87313.2,85871.06,M9410569618,0.0,0.0,0,0.0,0
488,TRANSFER,703.51,C7337225482,825.23,121.72,C1589582865,72.8,776.31,0,0.043333333333333335,0
435,TRANSFER,2015.87,C4486522557,1938.54,0.0,M2655546199,0.0,0.0,1,0.7333333333333333,1
151,TRANSFER,104.88,C7430757004,89.78,0.0,M9043367776,0.0,0.0,1,0.22666666666666666,0
617,CASH_IN,6180.46,C5647317872,1.0,6181.46,C4631048029,0.0,0.0,0,0.0,0
161,PAYMENT,383.74,C1589582865,776.31,392.57,M3145756342,0.0,0.0,0,0.0,0
394,TRANSFER,1.0,C1799718923,0.0,0.0,C8578226896,56.41,57.41,0,0.11333333333333333,0
675,CASH_OUT,344.43,C4268713302,342.41,0.0,C3792347639,6.57,6.57,1,0.06333333333333334,0
703,CASH_OUT,27.15,C8953726023,37.97,10.82,C3380064537,365.11,365.11,0,0.02,0
720,PAYMENT,89.6,C1205082311,124.86,35.26,M1888107487,0.0,0.0,0,0.0,0
269,TRANSFER,2312.06,C8285786023,2290.17,0.0,M5794335854,0.0,0.0,1,0.7933333333333333,1
525,TRANSFER,1.0,C2704657157,0.0,0.0,C8012696455,114.3,115.3,0,0.12666666666666668,0
254,PAYMENT,1.0,C5281907480,0.0,0.0,M4390543744,0.0,0.0,0,0.0,0
547,PAYMENT,4.98,C6072939882,10.95,5.97,M1888107487,0.0,0.0,0,0.0,0
522,PAYMENT,1.0,C4037270171,0.0,0.0,M3495411322,0.0,0.0,0,0.0,0
435,CASH_OUT,446.73,C5975196341,521.91,75.18,M8458323087,0.0,0.0,1,0.056666666666666664,0
49,TRANSFER,458.88,C2072355594,1890.51,1431.63,C7910817577,56886.63,57345.51,0,0.0,0
237,CASH_OUT,64.14,C1233079614,161.0,96.86,C8926438617,0.0,0.0,0,0.0,0
139,DEBIT,27.49,C2020262123,124.59,97.1,M1908459040,0.0,0.0,0,0.02,0
430,TRANSFER,1.39,C9861449701,2.91,1.52,C1430073711,0.0,1.39,0,0.16666666666666666,0
508,CASH_OUT,606.22,C8478529823,626.6,20.38,M3313346852,0.0,0.0,1,0.03333333333333333,0
192,CASH_OUT,4773.0,C8418332121,4676.2,0.0,C1387652480,2017.9,2017.9,1,0.016666666666666666,0
160,TRANSFER,5.99,C6214917780,24.33,18.34,C9941564880,0.0,5.99,0,0.15,0
163,PAYMENT,201.52,C9274189261,310.57,109.05,M3297681898,0.0,0.0,0,0.0,0
568,CASH_OUT,198.26,C8902114913,236.42,38.16,M6053489772,0.0,0.0,1,0.03666666666666667,0
241,PAYMENT,7960.43,C2416760621,86774.22,78813.79,M2518433834,0.0,0.0,0,0.0,0
161,TRANSFER,50.09,C7896596272,82.16,32.07,C4256292393,0.0,50.09,0,0.15,0
99,CASH_IN,8238.26,C3975704877,10.58,8248.84,C2866092821,0.0,0.0,0,0.0,0
134,TRANSFER,3865.31,C1676168421,3796.32,0.0,C3424843951,0.0,0.0,1,0.7233333333333334,1
480,DEBIT,1.0,C7648059419,0.0,0.0,M9918338001,0.0,0.0,0,0.05,0
13,TRANSFER,8035.09,C8229344434,11543.66,3508.57,C2424706705,138.17,8173.26,0,0.0,0
115,PAYMENT,16.62,C4274374218,60.42,43.8,M1676220116,0.0,0.0,0,0.0,0
322,PAYMENT,1.0,C3660223333,0.0,0.0,M6790024996,0.0,0.0,0,0.0,0
47,CASH_IN,106372.15,C4503614567,368.9,106741.05,C5227828349,41.16,41.16,0,0.0,0
214,PAYMENT,15.4,C7601519165,19.57,4.17,M8821456242,0.0,0.0,0,0.0,0
322,PAYMENT,739.3,C5433722159,1033.58,294.28,M4896576569,0.0,0.0,0,0.0,0
240,CASH_OUT,10.78,C4956843441,21.02,10.24,C5829062179,21081.55,21081.55,0,0.0,0
160,PAYMENT,3.56,C8858766173,7.77,4.21,M3192202822,0.0,0.0,0,0.0,0
625,TRANSFER,48.08,C2020262123,97.1,49.02,C4696689457,0.0,48.08,0,0.17333333333333334,0
38,DEBIT,1.0,C3479708607,0.0,0.0,M6932365592,0.0,0.0,0,0.02666666666666667,0
251,TRANSFER,673.95,C8650676663,582.67,0.0,M7282885927,0.0,0.0,1,0.30333333333333334,0
208,CASH_IN,108253.46,C5646880148,0.0,108253.46,C6341783555,31524.16,31524.16,0,0.0,0
194,CASH_OUT,105790.97,C3674551397,111016.67,5225.7,M7750131975,0.0,0.0,1,0.0,0
626,TRANSFER,3243.82,C3360791536,3396.1,152.28,C1251837136,277.06,3520.88,1,0.05333333333333334,0
6,PAYMENT,801.21,C8991514523,1127.41,326.2,M1257854279,0.0,0.0,0,0.0,0
653,CASH_OUT,7.17,C8275679594,19.21,12.04,C6493800024,0.0,0.0,0,0.02666666666666667,0
487,CASH_IN,115126.51,C6317152031,0.0,115126.51,C8625774078,32.32,32.32,0,0.0,0
388,TRANSFER,4943.42,C5879617459,4245.45,0.0,C5334769475,0.0,0.0,1,0.73,1
609,TRANSFER,84.41,C5935852056,265.49,181.08,C6777263354,35.62,120.03,0,0.08333333333333333,0
444,PAYMENT,346.36,C8293453178,810.37,464.01,M6999146585,0.0,0.0,0,0.0,0
211,CASH_OUT,1.0,C1036351450,0.0,0.0,C2683446724,21.87,21.87,0,0.01,0
696,PAYMENT,1.0,C2111272861,0.0,0.0,M8058679999,0.0,0.0,0,0.0,0
332,TRANSFER,295.45,C7763765757,808.63,513.18,C3465740756,32007.68,32303.13,0,0.0,0
674,TRANSFER,2626.77,C2579206999,2281.78,0.0,C4026379752,163.15,163.15,1,0.5166666666666667,1
578,CASH_OUT,124.66,C9717175839,152.98,28.32,C5819946657,0.33,0.33,1,0.04,0
194,PAYMENT,162.56,C5704029171,249.26,86.7,M5535650160,0.0,0.0,0,0.0,0
690,CASH_OUT,12.44,C1121863227,15.04,2.6,C7590302909,79.42,79.42,0,0.03,0
699,PAYMENT,2298.82,C5271453859,2789.29,490.47,M2187592160,0.0,0.0,0,0.0,0
172,DEBIT,9024.22,C3550908958,10229.62,1205.4,M6732306182,0.0,0.0,0,0.02,0
557,TRANSFER,74166.39,C7002076563,80949.41,6783.02,C6287793163,0.0,0.0,1,0.32,0
70,TRANSFER,253.68,C7825844140,239.95,0.0,M5194066484,0.0,0.0,1,0.24,0
476,TRANSFER,4081.2,C5633956194,3454.85,0.0,M3192202822,0.0,0.0,1,0.9366666666666666,1
164,PAYMENT,33.59,C3316277000,153.59,120.0,M5869990861,0.0,0.0,0,0.0,0
110,PAYMENT,41.9,C5724657556,50.13,8.23,M7351460539,0.0,0.0,0,0.0,0
683,CASH_OUT,1.0,C7229869819,0.0,0.0,C2394868732,112307.15,112307.15,0,0.0,0
686,PAYMENT,1.0,C9650701349,0.0,0.0,M8218146534,0.0,0.0,0,0.0,0
183,CASH_OUT,4670.7,C8719734235,4664.05,0.0,C8934097788,4514.64,4514.64,1,0.0033333333333333335,0
200,CASH_OUT,1.0,C8106401208,0.0,0.0,C3429019820,0.0,0.0,0,0.013333333333333334,0
103,TRANSFER,7.16,C3260842187,13.57,6.41,C8953271391,143.53,150.69,0,0.02666666666666667,0
466,PAYMENT,19875.23,C7174772035,25413.23,5538.0,M9065458220,0.0,0.0,0,0.0,0
603,CASH_IN,500.5,C8131923452,7.94,508.44,C9935429720,19.51,19.51,0,0.0033333333333333335,0
126,CASH_OUT,519.9,C5296710795,888.56,368.66,C1551395583,156.67,156.67,0,0.0033333333333333335,0
226,TRANSFER,2466.38,C1415802902,2192.78,0.0,C5296710795,368.66,368.66,1,0.18,0
324,PAYMENT,1.0,C6583444930,0.0,0.0,M3705237613,0.0,0.0,0,0.0,0
699,CASH_OUT,2534.63,C3520417815,2509.64,0.0,C2789144223,0.0,0.0,1,0.17,0
596,DEBIT,7.26,C9759180824,21.02,13.76,M2228388623,0.0,0.0,0,0.03,0
709,CASH_OUT,4299.63,C2174793230,4461.72,162.09,M6045729129,0.0,0.0,1,0.03666666666666667,0
599,PAYMENT,1.0,C4765583254,0.0,0.0,M1666898313,0.0,0.0,0,0.0,0
263,CASH_OUT,1.0,C7161404428,0.0,0.0,C7174772035,5538.0,5538.0,0,0.0033333333333333335,0
487,PAYMENT,1.82,C8858766173,4.21,2.39,M4329446784,0.0,0.0,0,0.0,0
129,PAYMENT,1.0,C1654602021,0.0,0.0,M8044997538,0.0,0.0,0,0.0,0
448,PAYMENT,1.52,C5899025962,2.76,1.24,M7928143230,0.0,0.0,0,0.0,0
631,PAYMENT,10.87,C8261111839,38.61,27.74,M1857561275,0.0,0.0,0,0.0,0
495,PAYMENT,51.6,C2331039957,190.63,139.03,M8861351706,0.0,0.0,0,0.0,0
494,TRANSFER,127.72,C3843139149,274.26,146.54,C3304560537,177.61,305.33,0,0.05,0
718,PAYMENT,1.0,C6464693977,0.0,0.0,M6845287382,0.0,0.0,0,0.0,0
562,PAYMENT,1.0,C1383539822,0.0,0.0,M9444143872,0.0,0.0,0,0.0,0
447,PAYMENT,1.0,C6075963527,0.0,0.0,M2655546199,0.0,0.0,0,0.0,0
573,TRANSFER,4602.43,C2405746777,4892.74,290.31,C7763765757,513.18,513.18,1,0.09333333333333334,0
29,PAYMENT,101.78,C7114223633,119.77,17.99,M9410569618,0.0,0.0,0,0.0,0
638,TRANSFER,3697.09,C6054421752,4096.01,398.92,C4706249669,0.0,0.0,1,0.31666666666666665,0
409,PAYMENT,1.0,C6534540349,1.25,0.25,M1666898313,0.0,0.0,0,0.0,0
488,PAYMENT,1.0,C3664052763,0.0,0.0,M1096405016,0.0,0.0,0,0.0,0
320,TRANSFER,396.5,C1026224160,364.56,0.0,M3690714075,0.0,0.0,1,0.23666666666666666,0
88,TRANSFER,1.0,C9309500117,0.0,0.0,C7887950851,8.2,9.2,0,0.2,0
648,TRANSFER,1085.41,C1306702926,1042.32,0.0,C4794276323,169.55,1254.96,1,0.20333333333333334,0
688,TRANSFER,2774.71,C5694628398,8953.52,6178.81,C5748253283,0.0,2774.71,0,0.023333333333333334,0
316,CASH_OUT,6.83,C8299146480,14.74,7.91,C9916336966,1378.81,1378.81,0,0.006666666666666667,0
345,TRANSFER,1.0,C3528924461,0.0,0.0,C6115750294,0.0,1.0,0,0.22,0
101,CASH_IN,63590.31,C6089026099,0.0,63590.31,C1225953184,46.42,46.42,0,0.0,0
493,TRANSFER,366.89,C5296710795,368.66,1.77,M7764117705,0.0,0.0,1,0.18666666666666668,0
65,TRANSFER,152.28,C4147025728,143.7,0.0,C9639245200,119.76,119.76,1,0.07,0
245,CASH_OUT,64031.94,C2416760621,78813.79,14781.85,M2586712032,0.0,0.0,1,0.0,0
622,CASH_OUT,2094.82,C9155819200,2153.11,58.29,C8926438617,0.0,0.0,1,0.04,0
126,TRANSFER,1.0,C5403510324,0.0,0.0,C8282534126,0.0,1.0,0,0.20333333333333334,0
317,PAYMENT,11626.93,C1553753599,11794.76,167.83,M8861351706,0.0,0.0,0,0.0,0
466,PAYMENT,6709.46,C7660813178,7076.8,367.34,M8443061472,0.0,0.0,0,0.0,0
314,TRANSFER,57.1,C9741628563,115.04,57.94,C4710967433,0.0,57.1,0,0.15666666666666668,0
84,TRANSFER,10.43,C7640122370,26.52,16.09,C2017675569,0.0,10.43,0,0.16333333333333333,0
434,TRANSFER,1370.23,C2866092821,1832.84,462.61,M7270955446,0.0,0.0,1,0.23666666666666666,0
508,PAYMENT,146.66,C2191714875,464.65,317.99,M9822499208,0.0,0.0,0,0.0,0
295,CASH_OUT,1.0,C2982979741,0.0,0.0,C2242377075,0.0,0.0,0,0.03333333333333333,0
140,PAYMENT,1.0,C7369118672,0.0,0.0,M4554178984,0.0,0.0,0,0.0,0
191,CASH_IN,35738.6,C6362597344,81.98,35820.58,C6618926823,19254.4,19254.4,0,0.0,0
297,CASH_OUT,3438.99,C8033702319,3461.8,22.81,C1662976399,0.0,0.0,1,0.01,0
278,CASH_OUT,426.43,C5570828113,404.99,0.0,C7579604766,40.27,40.27,1,0.04666666666666667,0
479,TRANSFER,3443.98,C6789292252,3325.7,0.0,C9935429720,19.51,19.51,1,0.8066666666666666,1
491,TRANSFER,109.4,C9274189261,109.05,0.0,C2965718821,7.41,116.81,1,0.18333333333333332,0
231,TRANSFER,2941.54,C6837342064,2466.83,0.0,C6089026099,63590.31,66531.85,1,0.016666666666666666,0
446,TRANSFER,1.0,C5606736607,0.0,0.0,C7671041685,95.67,96.67,0,0.12666666666666668,0
48,CASH_OUT,266.9,C2173242669,1222.99,956.09,C5025070544,83.48,83.48,0,0.0033333333333333335,0
73,TRANSFER,1206.52,C8281641403,1267.49,60.97,C4102872611,89.26,89.26,1,0.11333333333333333,0
230,TRANSFER,106081.62,C8300300577,89484.16,0.0,C5862655247,159.68,106241.3,1,0.0033333333333333335,0
118,CASH_IN,74667.42,C3205292512,789.54,75456.96,C8417757797,72.79,72.79,0,0.0,0
568,PAYMENT,1.0,C2704657157,0.0,0.0,M6284297249,0.0,0.0,0,0.0,0
338,CASH_OUT,1.0,C5278201677,0.0,0.0,C3734252963,1621.99,1621.99,0,0.01,0
647,TRANSFER,80.44,C4163119785,95.67,15.23,C5201221330,0.0,0.0,1,0.18,0
151,TRANSFER,949.93,C5315211627,929.27,0.0,M4399143287,0.0,0.0,1,0.31,0
608,CASH_OUT,1818.18,C2960432117,2545.77,727.59,C1378134712,73.59,73.59,1,0.023333333333333334,0
618,DEBIT,76.01,C4106464319,283.95,207.94,M1240140248,0.0,0.0,0,0.023333333333333334,0
629,TRANSFER,368.06,C8168036130,333.86,0.0,C5957341287,0.79,0.79,1,0.23666666666666666,0
412,TRANSFER,831.51,C7736142481,1096.37,264.86,M2571632270,0.0,0.0,1,0.13333333333333333,0
658,CASH_OUT,24.95,C9250327663,75.26,50.31,C9957813353,0.0,0.0,0,0.03,0
649,TRANSFER,36.4,C2979958124,147.53,111.13,C1446362270,243.61,280.01,0,0.07,0
114,PAYMENT,2.73,C6353758928,8.75,6.02,M8144352013,0.0,0.0,0,0.0,0
569,PAYMENT,1478.98,C1484230338,5297.53,3818.55,M2328736852,0.0,0.0,0,0.0,0
398,CASH_OUT,148.6,C1553753599,167.83,19.23,C8867077130,432.51,432.51,1,0.02,0
714,TRANSFER,632.71,C1659663750,548.76,0.0,C4630196130,0.0,0.0,1,0.25,0
645,PAYMENT,226.85,C7465834732,121075.53,120848.68,M8821456242,0.0,0.0,0,0.0,0
334,CASH_OUT,453.95,C8925520026,548.14,94.19,C2188332531,29.36,29.36,1,0.016666666666666666,0
243,CASH_OUT,670.38,C9987064419,558.98,0.0,M2778069478,0.0,0.0,1,0.14333333333333334,0
239,PAYMENT,1.0,C1682781467,0.0,0.0,M6865994703,0.0,0.0,0,0.0,0
482,CASH_IN,14066.08,C9780187424,6.07,14072.15,C8372755146,0.0,0.0,0,0.0,0
109,CASH_OUT,1475.54,C4776677517,3823.6,2348.06,C7597996327,28.12,28.12,0,0.0,0
15,PAYMENT,124.82,C1834624758,191.5,66.68,M8821456242,0.0,0.0,0,0.0,0
139,PAYMENT,1.0,C2068687175,0.0,0.0,M9558906999,0.0,0.0,0,0.0,0
592,PAYMENT,1.0,C5976777081,0.0,0.0,M8325043570,0.0,0.0,0,0.0,0
183,PAYMENT,1.0,C2879792991,0.0,0.0,M4665677395,0.0,0.0,0,0.0,0
329,TRANSFER,3085.1,C4915196257,3675.75,590.65,C5694628398,6178.81,9263.91,0,0.0,0
276,TRANSFER,2242.33,C5570828113,2491.96,249.63,C8199372599,0.0,2242.33,1,0.01,0
512,TRANSFER,161.82,C4714465905,149.28,0.0,M6790024996,0.0,0.0,1,0.23,0
166,PAYMENT,12467.51,C2079501936,24604.04,12136.53,M4035639663,0.0,0.0,0,0.0,0
458,TRANSFER,1845.18,C4492602049,2189.63,344.45,C1264739091,0.0,1845.18,0,0.06666666666666667,0
175,DEBIT,1.0,C7699500243,0.0,0.0,M9404002665,0.0,0.0,0,0.03,0
215,DEBIT,1.0,C7061419749,0.0,0.0,M7928143230,0.0,0.0,0,0.03,0
529,TRANSFER,667.51,C5162260671,1035.23,367.72,C6072939882,5.97,673.48,0,0.03,0
94,PAYMENT,1.0,C2242377075,0.0,0.0,M8964269909,0.0,0.0,0,0.0,0
343,CASH_OUT,102.65,C9115282784,343.73,241.08,C2431779064,991.34,991.34,0,0.016666666666666666,0
20,PAYMENT,1009.54,C3365835550,2972.87,1963.33,M7532669066,0.0,0.0,0,0.0,0
577,PAYMENT,1.0,C3214080278,0.0,0.0,M8276498637,0.0,0.0,0,0.0,0
475,CASH_OUT,1.0,C1754603440,0.0,0.0,C7311011808,0.0,0.0,0,0.09333333333333334,0
123,PAYMENT,32.23,C7100408092,43.61,11.38,M7713758036,0.0,0.0,0,0.0,0
588,PAYMENT,286.27,C9202102595,397.12,110.85,M6525576685,0.0,0.0,0,0.0,0
460,CASH_OUT,46.7,C7460728316,64.98,18.28,C2214741296,0.0,0.0,0,0.05333333333333334,0
306,CASH_OUT,1263.18,C7691931213,1449.39,186.21,M2129491690,0.0,0.0,1,0.006666666666666667,0
332,CASH_OUT,1.99,C8761469117,2.13,0.14,C2770980600,733.48,733.48,0,0.023333333333333334,0
684,PAYMENT,1.0,C8252045593,0.0,0.0,M3536590481,0.0,0.0,0,0.0,0
444,TRANSFER,2816.31,C3667740351,2609.98,0.0,C2370592316,9047.12,9047.12,1,0.12666666666666668,0
687,CASH_OUT,1183.22,C5508149905,1198.51,15.29,M3690714075,0.0,0.0,1,0.03666666666666667,0
580,PAYMENT,12373.35,C7801948900,89861.62,77488.27,M8861351706,0.0,0.0,0,0.0,0
174,TRANSFER,1.0,C6710338189,0.0,0.0,C5951406973,0.0,1.0,0,0.22333333333333333,0
171,CASH_OUT,430.05,C5175416378,606.27,176.22,M2625035499,0.0,0.0,1,0.01,0
314,TRANSFER,2020.42,C5329194647,1796.99,0.0,M9896529524,0.0,0.0,1,0.46,0
629,DEBIT,1.0,C6340003593,0.0,0.0,M2555936898,0.0,0.0,0,0.05333333333333334,0
512,PAYMENT,9.8,C6153541642,12.58,2.78,M2625035499,0.0,0.0,0,0.0,0
379,TRANSFER,2523.68,C8478529823,3548.57,1024.89,C9660523876,133.65,133.65,1,0.04,0
16,PAYMENT,6154.28,C1624173500,12158.96,6004.68,M3094407076,0.0,0.0,0,0.0,0
337,TRANSFER,15353.59,C5945359606,15174.83,0.0,M2418407139,0.0,0.0,1,0.85,1
537,PAYMENT,1.0,C7190276026,0.0,0.0,M2228388623,0.0,0.0,0,0.0,0
92,CASH_OUT,7.8,C5141285960,25.12,17.32,C8252816758,0.0,0.0,0,0.0,0
166,TRANSFER,200.95,C1245522987,262.18,61.23,C8982597239,3.38,204.33,0,0.05,0
358,TRANSFER,4298.64,C1037811610,3625.91,0.0,M1694904767,0.0,0.0,1,0.7533333333333333,1
256,CASH_OUT,11.74,C4946081594,16.68,4.94,C1011759631,197.6,197.6,0,0.01,0
99,PAYMENT,1.0,C4431078106,0.0,0.0,M8874242713,0.0,0.0,0,0.0,0
160,TRANSFER,2356.17,C7226553010,2169.53,0.0,C5751366455,2057.36,4413.53,1,0.03,0
561,TRANSFER,1125.95,C5689870435,1256.01,130.06,M2328736852,0.0,0.0,1,0.20333333333333334,0
1,PAYMENT,44.17,C2174793230,162.09,117.92,M6284297249,0.0,0.0,0,0.0,0
521,PAYMENT,1.87,C2914590233,3.41,1.54,M5380159400,0.0,0.0,0,0.0,0
666,CASH_OUT,882.5,C3464975279,943.83,61.33,M8727805468,0.0,0.0,1,0.03666666666666667,0
42,CASH_OUT,80.31,C8274273035,84.72,4.41,M7537130187,0.0,0.0,1,0.006666666666666667,0
593,CASH_OUT,67861.95,C3923699745,76986.73,9124.78,C8318855178,1.77,1.77,0,0.016666666666666666,0
381,CASH_OUT,289.81,C4356175095,245.34,0.0,M3094407076,0.0,0.0,1,0.05333333333333334,0
477,CASH_OUT,474.42,C1600406558,11282.25,10807.83,C6075963527,0.0,0.0,0,0.03,0
135,PAYMENT,1.0,C1546696950,0.0,0.0,M1888107487,0.0,0.0,0,0.0,0
296,TRANSFER,1478.36,C4325878813,1520.28,41.92,C3597724331,3.16,3.16,1,0.20333333333333334,0
78,PAYMENT,7.58,C1541964762,14.38,6.8,M6651020291,0.0,0.0,0,0.0,0
205,TRANSFER,154.76,C2268523764,307.4,152.64,C6944371787,0.0,154.76,0,0.013333333333333334,0
223,TRANSFER,1562.66,C3030106617,2253.52,690.86,C7736142481,264.86,1827.52,0,0.0033333333333333335,0
61,PAYMENT,7.06,C3147818256,140337.0,140329.94,M1257854279,0.0,0.0,0,0.0,0
176,CASH_OUT,1.0,C4638577630,0.52,0.0,C8417757797,72.79,72.79,0,0.0,0
336,TRANSFER,2641.44,C7369118672,3044.76,403.32,M2773408660,0.0,0.0,1,0.17,0
462,TRANSFER,785.32,C6425814872,3459.92,2674.6,C5269728610,43.4,828.72,0,0.05,0
553,DEBIT,1.0,C1293864877,0.0,0.0,M1694904767,0.0,0.0,0,0.043333333333333335,0
681,TRANSFER,3710.66,C1422701550,4306.13,595.47,C9033653743,480.54,480.54,1,0.10333333333333333,0
284,CASH_OUT,2397.82,C8086172302,2958.75,560.93,C3821211202,216.83,216.83,1,0.006666666666666667,0
56,PAYMENT,146.1,C5868640848,584.2,438.1,M9043367776,0.0,0.0,0,0.0,0
65,PAYMENT,1.0,C2382129132,0.0,0.0,M2695447268,0.0,0.0,0,0.0,0
147,CASH_OUT,609.41,C5243939720,769.1,159.69,C8471762590,26.07,26.07,0,0.0033333333333333335,0
355,CASH_OUT,1.0,C6904897514,0.0,0.0,C2777816561,67984.51,67984.51,0,0.0,0
573,PAYMENT,134.65,C4022245086,4998.13,4863.48,M8858274691,0.0,0.0,0,0.0,0
664,TRANSFER,789.36,C2503068227,992.72,203.36,C6562434335,103.2,892.56,1,0.03333333333333333,0
52,PAYMENT,1.0,C3791027186,0.0,0.0,M7861571879,0.0,0.0,0,0.0,0
586,TRANSFER,1.0,C6443749394,0.0,0.0,C8948573913,51.22,52.22,0,0.17666666666666667,0
207,CASH_OUT,1.0,C1862812038,0.0,0.0,C2493660313,0.0,0.0,0,0.013333333333333334,0
477,CASH_IN,43417.07,C5161807235,1755.88,45172.95,C2654584280,0.0,0.0,0,0.0,0
477,CASH_OUT,2115.99,C5296710795,2284.78,168.79,C4131575764,75397.02,75397.02,1,0.02,0
595,CASH_OUT,68.62,C6469318275,145.19,76.57,C9611537583,60.23,60.23,0,0.03,0
73,PAYMENT,1.0,C8429141456,0.0,0.0,M2249831874,0.0,0.0,0,0.0,0
597,CASH_OUT,753.37,C4098389895,839.56,86.19,M3566125120,0.0,0.0,1,0.056666666666666664,0
652,PAYMENT,11.48,C7625464411,12.76,1.28,M2303835765,0.0,0.0,0,0.0,0
183,PAYMENT,186.24,C6717963562,201.77,15.53,M9098037639,0.0,0.0,0,0.0,0
384,CASH_OUT,6410.35,C7685540186,7237.17,826.82,C4070964768,0.0,0.0,1,0.013333333333333334,0
54,TRANSFER,571.18,C6072939882,673.48,102.3,C6923893872,26.65,597.83,0,0.01,0
374,CASH_OUT,1283.42,C2227193073,1413.21,129.79,C3651552513,14125.01,14125.01,1,0.0,0
353,PAYMENT,485.21,C1817804383,1094.79,609.58,M2773408660,0.0,0.0,0,0.0,0
440,DEBIT,185.35,C3304560537,305.33,119.98,M5194066484,0.0,0.0,0,0.023333333333333334,0
155,CASH_OUT,1.0,C8350384902,0.0,0.0,C5292015249,3104.96,3104.96,0,0.0,0
307,CASH_OUT,213.05,C2428156550,267.56,54.51,C6720572969,149.75,149.75,0,0.0033333333333333335,0
166,TRANSFER,1117.88,C9919491730,1128.47,10.59,C5087357728,368.58,1486.46,1,0.013333333333333334,0
151,DEBIT,199.67,C4079223686,831.05,631.38,M4399143287,0.0,0.0,0,0.01,0
283,TRANSFER,764.81,C8478529823,1024.89,260.08,M3960136787,0.0,0.0,1,0.10666666666666667,0
334,TRANSFER,6321.41,C2370592316,9047.12,2725.71,C5913767020,62486.92,68808.33,0,0.0,0
163,CASH_OUT,1531.54,C5667181604,1750.95,219.41,M1442421654,0.0,0.0,1,0.0,0
147,PAYMENT,1.0,C4673457063,0.0,0.0,M2243802345,0.0,0.0,0,0.0,0
428,TRANSFER,99989.37,C2394868732,112307.15,12317.78,C9558091177,0.0,99989.37,0,0.0,0
596,DEBIT,104.22,C3045102506,220.38,116.16,M2869931869,0.0,0.0,0,0.02666666666666667,0
214,DEBIT,9.72,C9354711271,26.7,16.98,M7192742877,0.0,0.0,0,0.02,0
599,PAYMENT,18.62,C2247484671,21.17,2.55,M6606958660,0.0,0.0,0,0.0,0
215,PAYMENT,1.0,C7292376027,0.0,0.0,M5959736235,0.0,0.0,0,0.0,0
346,CASH_IN,7869.07,C4919706735,6445.37,14314.44,C9981691030,20749.27,20749.27,0,0.0,0
325,CASH_OUT,1.0,C9677466102,0.0,0.0,C3057629778,6.99,6.99,0,0.02666666666666667,0
645,DEBIT,1.0,C8295757364,0.0,0.0,M3580582653,0.0,0.0,0,0.05333333333333334,0
330,PAYMENT,1.0,C2914590233,1.54,0.54,M2625035499,0.0,0.0,0,0.0,0
221,CASH_OUT,1474.22,C7664258343,1782.3,308.08,M8389750357,0.0,0.0,1,0.0,0
407,CASH_OUT,1.0,C5694190173,1102.18,1101.18,C9663561486,70381.5,70381.5,0,0.0,0
664,CASH_OUT,5011.96,C3149484176,4324.52,0.0,M7050091525,0.0,0.0,1,0.22,0
486,CASH_OUT,1.0,C9147736635,0.0,0.0,C6466597005,112.19,112.19,0,0.06666666666666667,0
651,CASH_OUT,35502.97,C8517413631,33565.55,0.0,M9065458220,0.0,0.0,1,0.12333333333333334,0
261,PAYMENT,301.89,C4311931853,1108.73,806.84,M4460319291,0.0,0.0,0,0.0,0
149,TRANSFER,1.0,C6576426590,0.0,0.0,C5284391408,7772.16,7773.16,0,0.0,0
293,CASH_OUT,57.82,C6663846005,58.28,0.46,C8001729836,98130.82,98130.82,1,0.0,0
319,CASH_OUT,1.0,C7161404428,0.0,0.0,C2771211118,113.55,113.55,0,0.016666666666666666,0
431,DEBIT,1.0,C6875597607,0.0,0.0,M6045729129,0.0,0.0,0,0.04666666666666667,0
519,PAYMENT,44.41,C5077921573,3273.66,3229.25,M5794335854,0.0,0.0,0,0.0,0
588,PAYMENT,1.0,C2311597141,0.0,0.0,M2910594463,0.0,0.0,0,0.0,0
396,CASH_IN,30784.63,C8505373158,0.0,30784.63,C5783809766,14174.9,14174.9,0,0.0,0
644,PAYMENT,134.83,C9123207735,290.13,155.3,M6820149016,0.0,0.0,0,0.0,0
280,CASH_OUT,83.61,C4655935832,144.97,61.36,C3384006407,2.6,2.6,0,0.0,0
133,TRANSFER,17887.13,C1590985753,23477.63,5590.5,C3587283948,210.47,18097.6,1,0.0,0
165,TRANSFER,1.0,C7645527239,0.0,0.0,C8695129534,71194.69,71195.69,0,0.0,0
314,TRANSFER,1.0,C7839819230,0.0,0.0,C9462806178,110.52,111.52,0,0.06,0
412,TRANSFER,156.87,C5667181604,219.41,62.54,C5419627962,1498.26,1655.13,0,0.02666666666666667,0
166,PAYMENT,4641.81,C7002076563,6783.02,2141.21,M2541015125,0.0,0.0,0,0.0,0
695,TRANSFER,470.35,C1106456634,518.87,48.52,C6554972315,54.82,525.17,1,0.056666666666666664,0
566,PAYMENT,1.0,C1662259333,0.0,0.0,M4242579642,0.0,0.0,0,0.0,0
680,CASH_OUT,45.91,C4928783441,58.22,12.31,M5919148165,0.0,0.0,1,0.02666666666666667,0
113,TRANSFER,68.68,C1795212538,82.94,14.26,C5315211627,0.0,0.0,1,0.16666666666666666,0
289,PAYMENT,165.62,C2405746777,290.31,124.69,M3369412470,0.0,0.0,0,0.0,0
337,CASH_OUT,3094.78,C5735817014,3900.27,805.49,C8160279830,90.88,90.88,1,0.006666666666666667,0
391,PAYMENT,458.23,C3951331472,762.25,304.02,M6763471833,0.0,0.0,0,0.0,0
514,TRANSFER,1.0,C7666869046,0.0,0.0,C7004964045,34.98,35.98,0,0.18333333333333332,0
560,PAYMENT,1.0,C3958590550,0.0,0.0,M3846182436,0.0,0.0,0,0.0,0
398,DEBIT,309.0,C5333183840,802.52,493.52,M3313346852,0.0,0.0,0,0.02,0
585,TRANSFER,5522.72,C7666869046,4870.63,0.0,C4252504650,0.0,5522.72,1,0.36333333333333334,0
27,PAYMENT,67.65,C4574027737,122.42,54.77,M6786043791,0.0,0.0,0,0.0,0
575,CASH_OUT,212.53,C2960432117,727.59,515.06,C6488854841,0.0,0.0,0,0.03,0
543,TRANSFER,1.0,C3910678913,0.0,0.0,C9553561889,0.0,1.0,0,0.22333333333333333,0
550,TRANSFER,1.0,C4231729466,0.0,0.0,C6009268066,72.58,73.58,0,0.16333333333333333,0
150,TRANSFER,99.97,C5515628633,92.32,0.0,C5759272717,0.0,99.97,1,0.22,0
258,PAYMENT,84.28,C3420721027,164.28,80.0,M3960136787,0.0,0.0,0,0.0,0
689,DEBIT,10.78,C3196545325,141.4,130.62,M9523139706,0.0,0.0,0,0.02666666666666667,0
158,CASH_OUT,375.36,C9842186844,369.71,0.0,M4689605624,0.0,0.0,1,0.03333333333333333,0
412,TRANSFER,1.0,C6534540349,0.25,0.0,C6892752604,413.56,414.56,0,0.06333333333333334,0
528,PAYMENT,1662.38,C9103115140,4224.28,2561.9,M3536590481,0.0,0.0,0,0.0,0
264,TRANSFER,537.05,C5212581851,459.44,0.0,M4588312351,0.0,0.0,1,0.24333333333333335,0
26,CASH_OUT,3.83,C4274958945,5.25,1.42,C6554972315,525.17,525.17,0,0.0033333333333333335,0
404,CASH_IN,3900.13,C7760554363,51.58,3951.71,C2370592316,2725.71,2725.71,0,0.0,0
220,PAYMENT,6222.2,C5283911723,7365.43,1143.23,M5000316394,0.0,0.0,0,0.0,0
415,CASH_OUT,2541.29,C8625905455,3438.86,897.57,C1662259333,0.0,0.0,1,0.04,0
611,PAYMENT,222.45,C5087357728,1486.46,1264.01,M8325043570,0.0,0.0,0,0.0,0
439,CASH_OUT,1144.28,C4645120421,1476.11,331.83,C7660157097,593.25,593.25,0,0.05,0
165,PAYMENT,1.0,C6320115677,0.0,0.0,M1306420495,0.0,0.0,0,0.0,0
32,PAYMENT,3.43,C8763140509,10.38,6.95,M3660800029,0.0,0.0,0,0.0,0
644,CASH_OUT,1850.56,C4067961943,2065.2,214.64,C3412365931,1.0,1.0,1,0.02666666666666667,0
263,TRANSFER,2.99,C1696846464,7.47,4.48,C8239941612,0.0,2.99,0,0.17,0
550,CASH_IN,18043.94,C8719734235,0.0,18043.94,C3376077463,1.0,1.0,0,0.0,0
14,TRANSFER,1695.59,C2254516608,1802.87,107.28,M5815678365,0.0,0.0,1,0.19333333333333333,0
650,CASH_OUT,156.42,C4997866845,215.96,59.54,C9780187424,14072.15,14072.15,1,0.01,0
85,PAYMENT,7.95,C1257324536,17.01,9.06,M6401844042,0.0,0.0,0,0.0,0
444,CASH_OUT,2569.58,C3875303857,2530.13,0.0,M2136107759,0.0,0.0,1,0.38666666666666666,0
187,PAYMENT,1.0,C7872873371,0.0,0.0,M2249831874,0.0,0.0,0,0.0,0
555,PAYMENT,1.0,C5269015757,0.0,0.0,M6865994703,0.0,0.0,0,0.0,0
202,TRANSFER,105.27,C6418365941,117.95,12.68,M4554178984,0.0,0.0,1,0.16666666666666666,0
18,TRANSFER,2307.07,C1209063208,2265.37,0.0,C6710338189,0.0,0.0,1,0.7433333333333333,1
537,CASH_IN,28754.65,C2926780541,167.56,28922.21,C3142452709,380.35,380.35,0,0.0,0
706,CASH_OUT,14.56,C4509456565,66.52,51.96,C7508080884,611.83,611.83,0,0.02666666666666667,0
44,CASH_OUT,1910.3,C6214917780,2078.03,167.73,C1506211965,0.0,0.0,1,0.0,0
20,PAYMENT,1.0,C4506639908,0.0,0.0,M6659847491,0.0,0.0,0,0.0,0
391,PAYMENT,1.0,C6186758088,0.0,0.0,M1711271599,0.0,0.0,0,0.0,0
59,CASH_OUT,179.66,C7910439839,809.82,630.16,C8325222092,0.92,0.92,0,0.0033333333333333335,0
135,CASH_OUT,1678.31,C8879525611,2314.36,636.05,C4767539382,3.48,3.48,1,0.0,0
132,CASH_OUT,29.18,C1106456634,48.52,19.34,C3605585995,119426.83,119426.83,0,0.0,0
422,TRANSFER,4171.45,C1288335378,3953.44,0.0,C4660390742,0.0,4171.45,1,0.32666666666666666,0
193,CASH_OUT,421.78,C2173242669,956.09,534.31,C8925520026,94.19,94.19,0,0.006666666666666667,0
289,PAYMENT,130.86,C8257484586,267.91,137.05,M8218146534,0.0,0.0,0,0.0,0
22,CASH_OUT,467.97,C4095476665,575.37,107.4,M7050091525,0.0,0.0,1,0.01,0
500,PAYMENT,1.0,C9479654136,1.05,0.05,M7570511906,0.0,0.0,0,0.0,0
415,PAYMENT,1516.83,C3836517266,1726.79,209.96,M7750131975,0.0,0.0,0,0.0,0
60,TRANSFER,717.72,C6613888489,1303.41,585.69,C3774110439,63882.97,64600.69,0,0.0,0
538,PAYMENT,1.0,C3197757742,0.0,0.0,M1908459040,0.0,0.0,0,0.0,0
557,CASH_OUT,876.38,C5933179746,773.6,0.0,C2431779064,991.34,991.34,1,0.12,0
140,PAYMENT,566.95,C5150074940,698.3,131.35,M6606958660,0.0,0.0,0,0.0,0
81,PAYMENT,4439.94,C4252504650,5522.72,1082.78,M6275155878,0.0,0.0,0,0.0,0
152,PAYMENT,1.0,C4147025728,0.0,0.0,M6790024996,0.0,0.0,0,0.0,0
350,TRANSFER,1388.23,C1230249217,1944.7,556.47,M1368287033,0.0,0.0,1,0.15333333333333332,0
377,TRANSFER,5685.79,C9908115095,4829.57,0.0,C5315211627,0.0,0.0,1,0.73,1
507,CASH_OUT,1.0,C2111272861,0.0,0.0,C6618965944,191.98,191.98,0,0.05,0
199,TRANSFER,3118.61,C3412365931,4353.5,1234.89,M9410569618,0.0,0.0,1,0.20333333333333334,0
630,CASH_OUT,1.0,C2458198451,0.0,0.0,C8131923452,508.44,508.44,0,0.06333333333333334,0
159,TRANSFER,8.48,C3774110439,64600.69,64592.21,C9963334018,103.08,111.56,0,0.013333333333333334,0
530,CASH_OUT,721.82,C4877520294,864.76,142.94,M5694439775,0.0,0.0,1,0.04,0
670,PAYMENT,32.93,C6121801720,74.56,41.63,M4125758723,0.0,0.0,0,0.0,0
183,CASH_OUT,3883.78,C2452066459,4110.67,226.89,M6275155878,0.0,0.0,1,0.0,0
573,TRANSFER,4282.5,C2458198451,4329.88,47.38,C3975418439,0.0,4282.5,1,0.14666666666666667,0
296,CASH_OUT,2349.87,C7508522951,2286.76,0.0,M4093474499,0.0,0.0,1,0.11666666666666667,0
268,CASH_OUT,195.98,C5482431018,164.32,0.0,C7417183769,0.0,0.0,1,0.03666666666666667,0
257,PAYMENT,145.21,C2960432117,515.06,369.85,M3019265031,0.0,0.0,0,0.0,0
199,DEBIT,1.0,C8636525027,0.0,0.0,M3438830691,0.0,0.0,0,0.03,0
351,PAYMENT,11.71,C6418365941,12.68,0.97,M6130446648,0.0,0.0,0,0.0,0
414,CASH_OUT,374.14,C7660813178,367.34,0.0,M1240140248,0.0,0.0,1,0.12666666666666668,0
338,TRANSFER,126.21,C1457632732,148.06,21.85,C7539399243,2395.12,2521.33,0,0.0,0
9,PAYMENT,47.93,C8638763775,206.37,158.44,M4865979921,0.0,0.0,0,0.0,0
43,TRANSFER,1863.96,C9526836552,1861.03,0.0,M2910594463,0.0,0.0,1,0.5666666666666667,1
210,TRANSFER,5115.81,C4731897202,4830.69,0.0,C8761469117,0.14,0.14,1,0.7966666666666666,1
248,CASH_OUT,24.66,C4325878813,41.92,17.26,C6311894154,630.13,630.13,0,0.0033333333333333335,0
418,PAYMENT,456.16,C7374584386,541.66,85.5,M4211837506,0.0,0.0,0,0.0,0
439,TRANSFER,1.0,C8025152555,0.0,0.0,C7625389037,1199.73,1200.73,0,0.08,0
529,CASH_IN,11962.61,C5819946657,0.33,11962.94,C8015775567,54.68,54.68,0,0.0,0
677,TRANSFER,5616.26,C5381866906,5479.6,0.0,M1732578761,0.0,0.0,1,0.9133333333333333,1
33,TRANSFER,9974.03,C9943959352,118228.66,108254.63,C5870268582,0.0,9974.03,0,0.0033333333333333335,0
545,CASH_OUT,515.04,C2579206999,538.64,23.6,C6317152031,115126.51,115126.51,1,0.0,0
109,CASH_OUT,136.75,C4104309491,292.09,155.34,C7575259637,588.84,588.84,0,0.013333333333333334,0
354,TRANSFER,250.91,C2173242669,534.31,283.4,C6548442140,843.0,1093.91,0,0.0033333333333333335,0
169,CASH_OUT,48548.4,C6272000062,54430.56,5882.16,C3713284816,0.0,0.0,0,0.0,0
170,PAYMENT,1.0,C8832617672,0.0,0.0,M8044997538,0.0,0.0,0,0.0,0
580,TRANSFER,1.0,C4643576871,0.0,0.0,C3361388464,0.0,1.0,0,0.23,0
161,PAYMENT,76.48,C5625980561,1734.79,1658.31,M1711271599,0.0,0.0,0,0.0,0
430,PAYMENT,1.0,C9479654136,0.05,0.0,M8903212516,0.0,0.0,0,0.0,0
441,PAYMENT,2236.17,C8189916797,32578.97,30342.8,M9288057824,0.0,0.0,0,0.0,0
448,TRANSFER,354.16,C6576426590,300.79,0.0,M4865979921,0.0,0.0,1,0.22666666666666666,0
121,TRANSFER,1163.1,C6619138852,1461.62,298.52,C5951406973,1.0,1.0,1,0.10333333333333333,0
512,TRANSFER,3835.57,C1173215225,4347.57,512.0,M2635881694,0.0,0.0,1,0.31,0
383,CASH_OUT,907.34,C1026224160,1123.13,215.79,C6588252632,0.0,0.0,1,0.01,0
38,TRANSFER,191.75,C1173215225,512.0,320.25,C5951406973,1.0,192.75,0,0.02666666666666667,0
638,TRANSFER,559.18,C5891280823,855.31,296.13,C7415801613,318.72,877.9,0,0.03666666666666667,0
623,TRANSFER,42.16,C7852415525,45.19,3.03,C1855256552,39.85,82.01,0,0.14333333333333334,0
432,PAYMENT,3.39,C9954587710,14.42,11.03,M8790289305,0.0,0.0,0,0.0,0
419,PAYMENT,277.16,C3019214800,349.03,71.87,M8790289305,0.0,0.0,0,0.0,0
325,TRANSFER,599.65,C9392515666,517.06,0.0,M7664045502,0.0,0.0,1,0.29,0
175,PAYMENT,176.1,C6305160342,365.73,189.63,M6992094064,0.0,0.0,0,0.0,0
446,TRANSFER,1.0,C3020939193,0.0,0.0,C9544423456,0.0,1.0,0,0.22,0
441,CASH_OUT,1986.93,C7481631841,3495.57,1508.64,C1756345332,64300.89,64300.89,0,0.03666666666666667,0
110,CASH_IN,67335.64,C1067198189,3007.3,70342.94,C8506931282,0.0,0.0,0,0.0,0
269,PAYMENT,309.3,C5696548897,1534.73,1225.43,M7351460539,0.0,0.0,0,0.0,0
423,TRANSFER,1.0,C6789448659,0.0,0.0,C7706193636,26.77,27.77,0,0.16666666666666666,0
186,CASH_OUT,1.0,C6287793163,0.0,0.0,C7896596272,32.07,32.07,0,0.0033333333333333335,0
442,PAYMENT,26.14,C5310195918,56.05,29.91,M7270955446,0.0,0.0,0,0.0,0
454,TRANSFER,228.49,C2503068227,203.36,0.0,C6463640105,6.62,6.62,1,0.19333333333333333,0
440,TRANSFER,1192.75,C6534540349,1209.13,16.38,M5194066484,0.0,0.0,1,0.24333333333333335,0
554,PAYMENT,3.53,C9285415473,5.69,2.16,M2635881694,0.0,0.0,0,0.0,0
455,TRANSFER,15.53,C1197449658,684.73,669.2,C3605585995,119426.83,119442.36,0,0.0,0
286,TRANSFER,3471.21,C9274189261,4492.05,1020.84,M7532669066,0.0,0.0,1,0.21666666666666667,0
221,CASH_IN,1328.23,C6691628146,28368.91,29697.14,C1547374338,37.26,37.26,0,0.0,0
588,PAYMENT,1.0,C3363629219,0.0,0.0,M1888107487,0.0,0.0,0,0.0,0
354,TRANSFER,6051.09,C1818520766,5527.92,0.0,C3030106617,690.86,690.86,1,0.14,0
374,TRANSFER,1.0,C2009317340,0.0,0.0,C3781569954,500.16,501.16,0,0.013333333333333334,0
380,CASH_OUT,2343.33,C6952291828,2331.95,0.0,C3362657890,305.58,305.58,1,0.11333333333333333,0
685,TRANSFER,1.0,C1036351450,0.0,0.0,C6611356986,0.0,1.0,0,0.22,0
606,TRANSFER,22.32,C8879525611,636.05,613.73,C2409274786,0.0,22.32,0,0.11666666666666667,0
290,TRANSFER,1746.66,C8650676663,2129.29,382.63,C6585609060,927.27,927.27,1,0.0033333333333333335,0
419,TRANSFER,509.43,C2785736751,475.88,0.0,M9444143872,0.0,0.0,1,0.22666666666666666,0
361,TRANSFER,62.75,C8925520026,94.19,31.44,C5269728610,828.72,891.47,0,0.013333333333333334,0
125,PAYMENT,3.61,C2571688961,13.09,9.48,M6401844042,0.0,0.0,0,0.0,0
1,PAYMENT,1.05,C3338877621,2.11,1.06,M4641902461,0.0,0.0,0,0.0,0
232,DEBIT,113.51,C5952163720,139.04,25.53,M6053489772,0.0,0.0,0,0.016666666666666666,0
487,CASH_OUT,4760.94,C5071218314,5233.35,472.41,C3480920839,0.0,0.0,0,0.02666666666666667,0
711,CASH_OUT,2.87,C3102209245,9.28,6.41,C3528924461,0.0,0.0,0,0.03,0
402,PAYMENT,1.0,C6947080764,0.0,0.0,M5585110649,0.0,0.0,0,0.0,0
700,CASH_IN,42925.87,C2349406919,0.0,42925.87,C3396953414,0.0,0.0,0,0.0,0
487,PAYMENT,1.0,C6868336102,0.0,0.0,M9410569618,0.0,0.0,0,0.0,0
23,DEBIT,1.0,C6046864799,0.0,0.0,M5937271321,0.0,0.0,0,0.023333333333333334,0
482,PAYMENT,1.0,C7620473079,0.0,0.0,M5067400473,0.0,0.0,0,0.0,0
214,CASH_OUT,378.37,C7805745017,1408.24,1029.87,C6805759868,2267.96,2267.96,0,0.01,0
669,PAYMENT,1.0,C5903457537,0.0,0.0,M3317856944,0.0,0.0,0,0.0,0
380,PAYMENT,1071.63,C8122042835,1165.13,93.5,M5449848690,0.0,0.0,0,0.0,0
227,TRANSFER,23.85,C1855256552,82.01,58.16,C6986770879,254.97,278.82,0,0.006666666666666667,0
120,PAYMENT,1.0,C6822870815,1.0,0.0,M6786043791,0.0,0.0,0,0.0,0
165,TRANSFER,3652.17,C7431813987,3468.37,0.0,M2604788242,0.0,0.0,1,0.7733333333333333,1
495,TRANSFER,985.27,C7229869819,981.11,0.0,C1422701550,595.47,595.47,1,0.20666666666666667,0
354,TRANSFER,143041.03,C7873709012,135688.02,0.0,C9989642546,110.05,110.05,1,0.4666666666666667,0
496,CASH_OUT,4059.9,C6115750294,4165.32,105.42,M5734228580,0.0,0.0,1,0.07333333333333333,0
59,CASH_OUT,221.46,C7575259637,588.84,367.38,C9943959352,108254.63,108254.63,0,0.0033333333333333335,0
112,CASH_OUT,5634.37,C1624173500,6004.68,370.31,M5990749811,0.0,0.0,1,0.0,0
653,CASH_OUT,3311.31,C5135595227,3429.26,117.95,M2115406331,0.0,0.0,1,0.03333333333333333,0
30,PAYMENT,18.12,C3369305560,25.47,7.35,M3317856944,0.0,0.0,0,0.0,0
614,CASH_OUT,297.28,C5433722159,294.28,0.0,M9576264323,0.0,0.0,1,0.07666666666666666,0
257,TRANSFER,2214.39,C7533932947,3124.43,910.04,M1466305100,0.0,0.0,1,0.19,0
313,TRANSFER,278.9,C7951902330,301.0,22.1,C8757570742,72963.84,73242.74,1,0.0,0
22,PAYMENT,1.0,C2407863065,0.0,0.0,M9773795424,0.0,0.0,0,0.0,0
381,CASH_OUT,1.0,C8316648259,0.0,0.0,C7430757004,0.0,0.0,0,0.03333333333333333,0
693,CASH_OUT,6206.84,C4110258855,7582.87,1376.03,M8768773991,0.0,0.0,1,0.023333333333333334,0
119,TRANSFER,12.22,C3147818256,140329.94,140317.72,C3713284816,0.0,12.22,0,0.09666666666666666,0
120,CASH_OUT,562.91,C8879525611,613.73,50.82,M9444143872,0.0,0.0,1,0.0033333333333333335,0
646,PAYMENT,340.23,C6244338653,1691.34,1351.11,M8276498637,0.0,0.0,0,0.0,0
137,PAYMENT,1.0,C7010379415,0.0,0.0,M5585110649,0.0,0.0,0,0.0,0
502,PAYMENT,108.33,C3045102506,116.16,7.83,M1694904767,0.0,0.0,0,0.0,0
378,TRANSFER,39440.93,C5064162365,134288.33,94847.4,C9508499533,1027.03,40467.96,0,0.0,0
622,CASH_OUT,387.18,C4600630513,423.82,36.64,C3376077463,1.0,1.0,1,0.03666666666666667,0
205,PAYMENT,1.0,C1945826486,0.0,0.0,M9410569618,0.0,0.0,0,0.0,0
42,PAYMENT,2.42,C5306459450,5.66,3.24,M9065458220,0.0,0.0,0,0.0,0
356,CASH_OUT,1109.48,C1124331395,932.47,0.0,C8997701619,42.03,42.03,1,0.13333333333333333,0
281,PAYMENT,1.58,C8086527181,6.44,4.86,M4211837506,0.0,0.0,0,0.0,0
689,CASH_IN,96373.57,C4572433066,0.0,96373.57,C8831899893,2.99,2.99,0,0.0,0
359,PAYMENT,28.26,C5187948804,70.01,41.75,M4399143287,0.0,0.0,0,0.0,0
387,TRANSFER,3.63,C7635473142,8.45,4.82,C9738752801,199.75,203.38,0,0.03,0
149,TRANSFER,133.03,C6618965944,191.98,58.95,C2854772804,0.0,133.03,0,0.09,0
443,TRANSFER,337.77,C5492496998,693.72,355.95,C4147025728,0.0,337.77,0,0.05,0
227,TRANSFER,280.67,C5151086814,295.37,14.7,M6790024996,0.0,0.0,1,0.16333333333333333,0
32,CASH_OUT,4913.34,C4882343658,4835.49,0.0,C4507822591,13.0,13.0,1,0.03,0
463,TRANSFER,5243.15,C9751963589,5706.36,463.21,C1457632732,21.85,5265.0,0,0.03666666666666667,0
171,TRANSFER,2872.79,C9935429720,2879.37,6.58,M6786043791,0.0,0.0,1,0.4866666666666667,0
197,PAYMENT,1.0,C8497938394,0.0,0.0,M9288057824,0.0,0.0,0,0.0,0
670,PAYMENT,1.0,C7540301973,0.0,0.0,M3355504998,0.0,0.0,0,0.0,0
401,TRANSFER,479.3,C9807209816,14425.2,13945.9,C7004964045,35.98,515.28,0,0.01,0
11,TRANSFER,49.25,C9592390865,70.22,20.97,C7229869819,0.0,0.0,1,0.14,0
181,TRANSFER,15.28,C2067970820,45.67,30.39,C1039887139,1213.11,1228.39,0,0.006666666666666667,0
533,TRANSFER,163.39,C5625411308,183.42,20.03,M3831598303,0.0,0.0,1,0.17333333333333334,0
276,TRANSFER,2.1,C9263135031,4.26,2.16,C7229869819,0.0,2.1,0,0.17333333333333334,0
538,PAYMENT,1.0,C1659663750,0.0,0.0,M2869931869,0.0,0.0,0,0.0,0
583,PAYMENT,186.34,C8669484644,205.18,18.84,M5694439775,0.0,0.0,0,0.0,0
579,CASH_OUT,1.0,C7389111087,0.37,0.0,C2419931729,15.31,15.31,0,0.056666666666666664,0
164,TRANSFER,1357.28,C6168291913,1417.9,60.62,M1908459040,0.0,0.0,1,0.18666666666666668,0
530,PAYMENT,71.97,C2076151332,206.68,134.71,M8740820392,0.0,0.0,0,0.0,0
317,PAYMENT,1.0,C4949801453,0.0,0.0,M2541015125,0.0,0.0,0,0.0,0
37,CASH_OUT,9.73,C4895020135,12.84,3.11,C1558631501,102.1,102.1,0,0.0,0
244,PAYMENT,1.0,C5482431018,0.0,0.0,M5412437658,0.0,0.0,0,0.0,0
273,PAYMENT,122.7,C3836517266,209.96,87.26,M3156792018,0.0,0.0,0,0.0,0
582,CASH_OUT,1.0,C6588316233,0.0,0.0,C7085004726,21.0,21.0,0,0.05333333333333334,0
260,PAYMENT,1.0,C3520417815,0.0,0.0,M7969674420,0.0,0.0,0,0.0,0
671,TRANSFER,553.73,C8503368512,931.87,378.14,C6837975356,0.0,553.73,0,0.03333333333333333,0
718,PAYMENT,4676.85,C6471691689,6338.22,1661.37,M2885370603,0.0,0.0,0,0.0,0
592,PAYMENT,1.0,C4713453204,0.0,0.0,M9558906999,0.0,0.0,0,0.0,0
490,PAYMENT,25.32,C4538382315,29.13,3.81,M6011842297,0.0,0.0,0,0.0,0
490,CASH_OUT,1.0,C4427620889,0.0,0.0,C8858766173,2.39,2.39,0,0.06666666666666667,0
533,CASH_OUT,946.29,C4642197907,1017.53,71.24,M6992094064,0.0,0.0,1,0.04666666666666667,0
464,PAYMENT,1.0,C8208643631,0.0,0.0,M8058679999,0.0,0.0,0,0.0,0
426,TRANSFER,133.03,C1551395583,156.67,23.64,M4865979921,0.0,0.0,1,0.15666666666666668,0
201,TRANSFER,590.32,C5694848867,595.91,5.59,M2869931869,0.0,0.0,1,0.19666666666666666,0
330,TRANSFER,700.28,C3334938378,765.5,65.22,M5412437658,0.0,0.0,1,0.16,0
645,TRANSFER,2022.63,C8199372599,2242.33,219.7,M3322580659,0.0,0.0,1,0.32666666666666666,0
634,PAYMENT,429.42,C6887132821,612.79,183.37,M8790289305,0.0,0.0,0,0.0,0
353,DEBIT,15140.92,C7759781156,60330.84,45189.92,M1357561213,0.0,0.0,0,0.01,0
204,CASH_OUT,299.32,C2191714875,317.99,18.67,C2578662692,35.44,35.44,1,0.0033333333333333335,0
697,TRANSFER,60.84,C1026224160,215.79,154.95,C3791027186,0.0,60.84,0,0.11666666666666667,0
375,PAYMENT,446.02,C6244338653,1351.11,905.09,M3072183247,0.0,0.0,0,0.0,0
471,CASH_IN,9381.33,C9455610447,0.38,9381.71,C3380064537,365.11,365.11,0,0.0,0
403,CASH_OUT,1758.73,C2423995953,1704.11,0.0,M3965860354,0.0,0.0,1,0.12666666666666668,0
628,PAYMENT,1.0,C7079234115,0.0,0.0,M1802753761,0.0,0.0,0,0.0,0
239,PAYMENT,58.41,C6072939882,102.3,43.89,M8903212516,0.0,0.0,0,0.0,0
671,PAYMENT,61.95,C7243352390,110.52,48.57,M4306983924,0.0,0.0,0,0.0,0
649,CASH_OUT,16.42,C6995554056,28.7,12.28,C7389111087,0.0,0.0,0,0.02666666666666667,0
136,PAYMENT,10.64,C3035761595,331.99,321.35,M4908108692,0.0,0.0,0,0.0,0
338,CASH_OUT,1.0,C1195066088,0.0,0.0,C4623960580,0.0,0.0,0,0.03333333333333333,0
498,CASH_IN,70587.33,C4518871744,0.0,70587.33,C4713453204,0.0,0.0,0,0.0,0
130,TRANSFER,62.88,C9279291478,73.89,11.01,M4242579642,0.0,0.0,1,0.14333333333333334,0
498,CASH_OUT,52.22,C2351531223,80.79,28.57,C9305502799,6.52,6.52,0,0.03333333333333333,0
493,DEBIT,1.0,C6576426590,0.0,0.0,M8548290298,0.0,0.0,0,0.043333333333333335,0
57,PAYMENT,244.2,C1050899550,659.93,415.73,M3495411322,0.0,0.0,0,0.0,0
324,CASH_OUT,14.46,C8322868827,18.97,4.51,C3346569443,0.0,0.0,0,0.023333333333333334,0
673,PAYMENT,1.0,C5588254555,0.0,0.0,M8778927211,0.0,0.0,0,0.0,0
585,PAYMENT,1.0,C4765583254,0.0,0.0,M7702529931,0.0,0.0,0,0.0,0
172,CASH_OUT,2.81,C6877052039,6.37,3.56,C7305101214,0.0,0.0,0,0.006666666666666667,0
413,CASH_OUT,65.2,C7488943393,56.57,0.0,C4440904834,2286.39,2286.39,1,0.08333333333333333,0
546,CASH_OUT,2.08,C4767539382,3.48,1.4,C6562144159,0.0,0.0,0,0.04666666666666667,0
514,PAYMENT,108.85,C5754363475,346.84,237.99,M8458323087,0.0,0.0,0,0.0,0
178,TRANSFER,128.82,C3815235019,162.26,33.44,M4122901114,0.0,0.0,1,0.15666666666666668,0
472,CASH_OUT,568.52,C6924716023,583.69,15.17,C2274350418,1227.18,1227.18,1,0.06,0
307,PAYMENT,17.54,C5667181604,62.54,45.0,M8626371177,0.0,0.0,0,0.0,0
612,DEBIT,1091.91,C3412365931,1234.89,142.98,M3965860354,0.0,0.0,0,0.03333333333333333,0
106,DEBIT,1.0,C1367704871,0.0,0.0,M7453081889,0.0,0.0,0,0.03,0
83,PAYMENT,1.0,C8675071314,0.0,0.0,M3495411322,0.0,0.0,0,0.0,0
465,TRANSFER,85.77,C8317619798,167.74,81.97,C7475684019,0.0,85.77,0,0.16,0
628,TRANSFER,1366.09,C9272277508,1151.92,0.0,C8858766173,2.39,2.39,1,0.45666666666666667,0
22,TRANSFER,191.82,C6991473746,196.68,4.86,M1676220116,0.0,0.0,1,0.16333333333333333,0
267,PAYMENT,16.98,C7552812957,43.44,26.46,M3595066420,0.0,0.0,0,0.0,0
715,PAYMENT,1.0,C3653594796,0.0,0.0,M9068916300,0.0,0.0,0,0.0,0
143,PAYMENT,1.0,C3667740351,0.0,0.0,M2228388623,0.0,0.0,0,0.0,0
444,TRANSFER,98.59,C6466597005,112.19,13.6,C9354711271,16.98,16.98,1,0.13666666666666666,0
507,PAYMENT,1.0,C2388450337,0.0,0.0,M6284297249,0.0,0.0,0,0.0,0
240,TRANSFER,10129.1,C1600406558,10807.83,678.73,M7366396017,0.0,0.0,1,0.24666666666666667,0
477,PAYMENT,194.98,C4873807154,476.91,281.93,M1199447370,0.0,0.0,0,0.0,0
609,TRANSFER,1.0,C4506639908,0.0,0.0,C8703867299,0.0,1.0,0,0.23333333333333334,0
463,CASH_OUT,2941.34,C6673381261,2997.89,56.55,M7230477043,0.0,0.0,1,0.10333333333333333,0
694,PAYMENT,939.31,C3995732958,4567.04,3627.73,M8389750357,0.0,0.0,0,0.0,0
422,CASH_OUT,16695.05,C2050340486,15559.85,0.0,C7935554354,25.57,25.57,1,0.24,0
137,TRANSFER,968.98,C2825957977,1539.73,570.75,C5933179746,0.0,968.98,0,0.0,0
463,TRANSFER,1.0,C2941508568,0.0,0.0,C8617360361,0.0,1.0,0,0.22,0
195,TRANSFER,1.0,C5269015757,0.0,0.0,C6069848439,24.26,25.26,0,0.16666666666666666,0
698,PAYMENT,634.49,C9103115140,2561.9,1927.41,M9620935604,0.0,0.0,0,0.0,0
410,TRANSFER,1.0,C5957341287,0.79,0.0,C5570828113,249.63,250.63,0,0.043333333333333335,0
285,PAYMENT,7.67,C6852312425,20.59,12.92,M6692705133,0.0,0.0,0,0.0,0
358,TRANSFER,928.6,C7199283151,1013.94,85.34,M9404002665,0.0,0.0,1,0.17333333333333334,0
215,PAYMENT,199.89,C3781569954,501.16,301.27,M9043367776,0.0,0.0,0,0.0,0
657,TRANSFER,15.88,C9437783771,24.12,8.24,C1039262289,264.37,280.25,0,0.07333333333333333,0
94,PAYMENT,4818.25,C3511301900,20824.87,16006.62,M2571632270,0.0,0.0,0,0.0,0
51,TRANSFER,4125.37,C9085085822,4830.43,705.06,M9444143872,0.0,0.0,1,0.19333333333333333,0
20,PAYMENT,4141.81,C2075413763,5337.72,1195.91,M6045729129,0.0,0.0,0,0.0,0
358,TRANSFER,4341.41,C7699500243,4290.82,0.0,M1368287033,0.0,0.0,1,0.7466666666666667,1
474,PAYMENT,24.47,C8417757797,72.79,48.32,M6045729129,0.0,0.0,0,0.0,0
210,TRANSFER,3146.91,C5945359606,3005.72,0.0,M6275155878,0.0,0.0,1,0.8366666666666667,1
673,CASH_OUT,3352.3,C5215140451,3176.73,0.0,M1676220116,0.0,0.0,1,0.20333333333333334,0
713,PAYMENT,1217.94,C5607762160,1306.44,88.5,M2249831874,0.0,0.0,0,0.0,0
640,CASH_OUT,4411.12,C7803990970,4958.59,547.47,C5694848867,5.59,5.59,1,0.02666666666666667,0
711,CASH_OUT,2101.47,C4990452762,2068.76,0.0,M8458323087,0.0,0.0,1,0.17,0
78,PAYMENT,1.0,C7668801906,0.0,0.0,M9558906999,0.0,0.0,0,0.0,0
489,TRANSFER,675.6,C7533932947,910.04,234.44,M6200141898,0.0,0.0,1,0.15,0
172,CASH_OUT,1589.07,C9916336966,1378.81,0.0,M6361225622,0.0,0.0,1,0.05,0
298,TRANSFER,68813.57,C8287542751,85871.06,17057.49,M6865994703,0.0,0.0,1,0.24,0
525,PAYMENT,1.0,C6128695961,0.0,0.0,M7270955446,0.0,0.0,0,0.0,0
575,CASH_OUT,1.0,C7079234115,0.0,0.0,C8624454880,0.0,0.0,0,0.06333333333333334,0
219,DEBIT,6975.95,C9455610447,9381.71,2405.76,M7341757401,0.0,0.0,0,0.02,0
446,PAYMENT,5.93,C9514255777,8.8,2.87,M1257854279,0.0,0.0,0,0.0,0
518,TRANSFER,1.0,C1494287462,0.0,0.0,C2962750929,103623.91,103624.91,0,0.0,0
282,PAYMENT,8.2,C9138644862,11.32,3.12,M9896529524,0.0,0.0,0,0.0,0
438,PAYMENT,1.0,C9248574674,0.0,0.0,M8821456242,0.0,0.0,0,0.0,0
26,PAYMENT,14.24,C6591038760,60.17,45.93,M1306420495,0.0,0.0,0,0.0,0
56,PAYMENT,1109.85,C7568861677,12869.69,11759.84,M8325043570,0.0,0.0,0,0.0,0
347,TRANSFER,1.0,C9798613995,0.99,0.0,C8858766173,2.39,3.39,0,0.21666666666666667,0
547,CASH_OUT,405.97,C2464137110,425.6,19.63,M4035639663,0.0,0.0,1,0.043333333333333335,0
124,TRANSFER,140.77,C4026379752,163.15,22.38,C4748302739,0.0,140.77,0,0.06,0
375,CASH_IN,49826.13,C2274350418,1227.18,51053.31,C9403748506,0.0,0.0,0,0.0,0
153,DEBIT,290.76,C2476831585,501743.85,501453.09,M8044997538,0.0,0.0,0,0.0033333333333333335,0
287,CASH_OUT,1.0,C6714723660,0.0,0.0,C5785481124,584.77,584.77,0,0.03,0
601,DEBIT,1.0,C2984460654,0.0,0.0,M4242579642,0.0,0.0,0,0.05333333333333334,0
137,CASH_OUT,131.11,C4040409964,224.16,93.05,C8299146480,7.91,7.91,0,0.0033333333333333335,0
220,PAYMENT,455.25,C2878930355,1354.87,899.62,M9255306810,0.0,0.0,0,0.0,0
448,CASH_OUT,1.0,C6620138568,0.0,0.0,C4227004325,0.0,0.0,0,0.09,0
337,TRANSFER,4114.35,C4660390742,4171.45,57.1,M7341757401,0.0,0.0,1,0.4166666666666667,0
634,CASH_OUT,1176.69,C5184564874,1462.88,286.19,C4820055862,25.48,25.48,1,0.023333333333333334,0
695,TRANSFER,99.73,C2646331504,141.79,42.06,M6041646576,0.0,0.0,1,0.16666666666666666,0
391,TRANSFER,3300.62,C4067919621,3256.55,0.0,C4422700486,37.42,37.42,1,0.5566666666666666,1
515,CASH_OUT,5954.85,C9730449971,4970.29,0.0,M3322580659,0.0,0.0,1,0.20666666666666667,0
231,CASH_OUT,3129.82,C9081544414,3044.38,0.0,M3495411322,0.0,0.0,1,0.08,0
34,PAYMENT,1.0,C2965164102,0.1,0.0,M7437168216,0.0,0.0,0,0.0,0
18,PAYMENT,7.03,C3521166052,955.95,948.92,M2129491690,0.0,0.0,0,0.0,0
478,PAYMENT,1.0,C6611356986,1.0,0.0,M6401844042,0.0,0.0,0,0.0,0
281,CASH_IN,47364.42,C6698759353,63.83,47428.25,C6313758032,10.65,10.65,0,0.0,0
178,PAYMENT,1.0,C1036351450,0.0,0.0,M3223687972,0.0,0.0,0,0.0,0
695,TRANSFER,1.0,C4361393222,0.0,0.0,C5993571693,0.0,1.0,0,0.22,0
59,CASH_IN,27113.0,C2948728483,3.14,27116.14,C7183058541,0.0,0.0,0,0.0,0
495,CASH_OUT,2947.4,C3768901084,2530.96,0.0,C6491309593,0.0,0.0,1,0.24666666666666667,0
677,CASH_OUT,1510.97,C6542943838,1326.11,0.0,M2249831874,0.0,0.0,1,0.17666666666666667,0
40,PAYMENT,128.23,C2720484983,216.39,88.16,M7192742877,0.0,0.0,0,0.0,0
30,TRANSFER,2534.8,C3476426797,2776.74,241.94,M7702529931,0.0,0.0,1,0.15333333333333332,0
483,CASH_IN,62811.75,C9420979586,0.0,62811.75,C8879525611,50.82,50.82,0,0.0,0
378,TRANSFER,3526.2,C5476654128,4230.82,704.62,M3156792018,0.0,0.0,1,0.21333333333333335,0
655,TRANSFER,361.7,C1099541460,379.54,17.84,C8703867299,1.0,362.7,1,0.08333333333333333,0
305,CASH_OUT,11470.83,C6623360831,13913.12,2442.29,C3555656321,0.99,0.99,1,0.006666666666666667,0
544,PAYMENT,1.0,C3846570058,0.0,0.0,M3965860354,0.0,0.0,0,0.0,0
9,CASH_OUT,25.16,C4040409964,93.05,67.89,C7801180691,58434.42,58434.42,0,0.006666666666666667,0
233,PAYMENT,1.0,C5010075517,0.0,0.0,M8144889126,0.0,0.0,0,0.0,0
470,CASH_OUT,2500.35,C3738900744,3037.75,537.4,C4645120421,331.83,331.83,1,0.03,0
10,TRANSFER,108486.36,C5646880148,108253.46,0.0,M4390543744,0.0,0.0,1,0.4766666666666667,0
533,CASH_OUT,1.63,C8055515912,3.65,2.02,C4956362540,0.0,0.0,0,0.04666666666666667,0
218,PAYMENT,3.19,C3792347639,6.57,3.38,M8063693463,0.0,0.0,0,0.0,0
63,CASH_IN,70229.6,C8625774078,32.32,70261.92,C3328710672,4709.5,4709.5,0,0.0,0
372,CASH_OUT,71.06,C7784217828,83.81,12.75,C1662976399,0.0,0.0,1,0.013333333333333334,0
340,PAYMENT,1.0,C3479708607,0.0,0.0,M1857561275,0.0,0.0,0,0.0,0
237,CASH_OUT,1.0,C1725783958,0.48,0.0,C1139082827,6.15,6.15,0,0.02,0
119,CASH_OUT,1392.18,C5416031878,1643.39,251.21,M8874242713,0.0,0.0,1,0.0,0
683,PAYMENT,36.05,C8684942020,58.57,22.52,M1666898313,0.0,0.0,0,0.0,0
550,PAYMENT,1995.16,C6415031531,3401.58,1406.42,M3811254192,0.0,0.0,0,0.0,0
667,CASH_OUT,10.16,C6922713963,3803.18,3793.02,C6043349038,3363.43,3363.43,0,0.01,0
46,TRANSFER,1783.47,C3346569443,2511.72,728.25,M9977193987,0.0,0.0,1,0.17333333333333334,0
341,TRANSFER,216.04,C8377088167,248.37,32.33,M3690714075,0.0,0.0,1,0.15,0
546,TRANSFER,234.84,C3316787198,405.32,170.48,C6369130994,0.0,234.84,0,0.06333333333333334,0
424,CASH_OUT,86398.82,C4572433066,96373.57,9974.75,M8030400668,0.0,0.0,1,0.02,0
390,TRANSFER,2714.15,C1643611097,3435.14,720.99,M3580582653,0.0,0.0,1,0.17333333333333334,0
428,TRANSFER,3900.53,C2409274786,4243.08,342.55,M4460319291,0.0,0.0,1,0.2866666666666667,0
290,TRANSFER,294.76,C9630522755,438.96,144.2,C5943324387,31.43,326.19,0,0.006666666666666667,0
432,PAYMENT,151.38,C8184602688,215.15,63.77,M6651754819,0.0,0.0,0,0.0,0
380,TRANSFER,7895.39,C4655730355,21977.0,14081.61,C9434946584,4102.77,11998.16,0,0.0,0
438,CASH_OUT,1979.03,C7736142481,1827.52,0.0,C6674372082,1.67,1.67,1,0.38666666666666666,0
294,CASH_OUT,142.11,C1149460439,154.13,12.02,C7092693247,0.0,0.0,1,0.013333333333333334,0
498,TRANSFER,277.44,C4751509023,278.74,1.3,M3660800029,0.0,0.0,1,0.18666666666666668,0
5,TRANSFER,1.0,C8517413631,0.0,0.0,C2756070122,0.0,1.0,0,0.23,0
355,TRANSFER,2681.59,C1965067727,3521.6,840.01,C3380064537,365.11,365.11,1,0.006666666666666667,0
632,TRANSFER,873.48,C7631970791,1082.76,209.28,C2525930586,163.58,1037.06,1,0.04,0
632,CASH_OUT,7.99,C8468071953,19.27,11.28,C8570333548,58272.11,58272.11,0,0.01,0
297,CASH_OUT,1636.28,C9249923427,1424.22,0.0,M9444143872,0.0,0.0,1,0.11666666666666667,0
574,DEBIT,56.99,C9245348297,63.6,6.61,M3297681898,0.0,0.0,0,0.03333333333333333,0
635,CASH_OUT,661.05,C2480915452,563.7,0.0,C8285786023,0.0,0.0,1,0.13333333333333333,0
585,TRANSFER,3593.94,C9851745648,2998.47,0.0,C6562434335,892.56,892.56,1,0.4166666666666667,0
369,TRANSFER,2160.86,C9136780852,1995.66,0.0,M5937271321,0.0,0.0,1,0.5866666666666667,1
509,PAYMENT,1065.97,C1251837136,3520.88,2454.91,M9918338001,0.0,0.0,0,0.0,0
539,TRANSFER,1284.62,C5800633419,1364.0,79.38,C4786674545,22.49,22.49,1,0.2,0
224,PAYMENT,1.0,C1124331395,0.0,0.0,M5270048042,0.0,0.0,0,0.0,0
319,CASH_OUT,3708.95,C3520417815,3366.02,0.0,M2249831874,0.0,0.0,1,0.11666666666666667,0
684,PAYMENT,1.01,C2173242669,283.4,282.39,M2121448210,0.0,0.0,0,0.0,0
574,PAYMENT,5.75,C7127904756,10.92,5.17,M9752092528,0.0,0.0,0,0.0,0
115,PAYMENT,60.59,C2979958124,111.13,50.54,M1694904767,0.0,0.0,0,0.0,0
681,CASH_OUT,338.58,C2866092821,462.61,124.03,M4399143287,0.0,0.0,1,0.02666666666666667,0
534,PAYMENT,1698.91,C7539399243,2521.33,822.42,M5585110649,0.0,0.0,0,0.0,0
462,CASH_OUT,1.0,C5199176431,0.0,0.0,C8991977937,1793.79,1793.79,0,0.07333333333333333,0
208,CASH_OUT,1.0,C3962452613,3.1,2.1,C1039887139,1228.39,1228.39,0,0.0033333333333333335,0
420,PAYMENT,1.0,C9309500117,0.0,0.0,M3313346852,0.0,0.0,0,0.0,0
252,PAYMENT,1.0,C3479708607,0.0,0.0,M3476758136,0.0,0.0,0,0.0,0
374,TRANSFER,3897.58,C3713284816,3694.72,0.0,C3965676060,307.02,307.02,1,0.17666666666666667,0
274,CASH_OUT,1.0,C1306702926,0.0,0.0,C8624454880,0.0,0.0,0,0.02666666666666667,0
505,TRANSFER,988.18,C8109891300,928.31,0.0,C9437783771,8.24,8.24,1,0.37,0
631,CASH_OUT,1.0,C8690920484,0.15,0.0,C6884882440,53.99,53.99,0,0.05,0
677,CASH_OUT,8.58,C6656646925,6620.45,6611.87,C4696689457,48.08,48.08,0,0.016666666666666666,0
213,TRANSFER,3541.44,C5724657556,3863.63,322.19,M4641902461,0.0,0.0,1,0.22333333333333333,0
498,TRANSFER,174.33,C1026224160,154.95,0.0,M4896576569,0.0,0.0,1,0.23,0
603,CASH_OUT,1.0,C1182758417,0.0,0.0,C7452729913,209.33,209.33,0,0.05333333333333334,0
426,CASH_OUT,1.0,C9547119184,0.0,0.0,C3615507143,0.0,0.0,0,0.08666666666666667,0
397,PAYMENT,1.0,C5802739154,0.0,0.0,M9398575277,0.0,0.0,0,0.0,0
546,TRANSFER,86.28,C1558631501,102.1,15.82,C9759180824,13.76,13.76,1,0.14333333333333334,0
429,CASH_OUT,2158.71,C8691288568,2955.08,796.37,M6045729129,0.0,0.0,1,0.04666666666666667,0
544,TRANSFER,40.47,C3426709025,198.53,158.06,C4386667704,23.8,64.27,0,0.09333333333333334,0
408,PAYMENT,6.28,C1717346250,7.97,1.69,M4460319291,0.0,0.0,0,0.0,0
635,TRANSFER,946.6,C3074232200,1174.81,228.21,M2115862756,0.0,0.0,1,0.16333333333333333,0
655,CASH_OUT,1170.24,C8203447752,1456.03,285.79,C5975196341,75.18,75.18,1,0.023333333333333334,0
196,TRANSFER,456.82,C5992908271,564.89,108.07,M9581187661,0.0,0.0,1,0.16666666666666666,0
266,PAYMENT,15.11,C4710967433,57.1,41.99,M6583604299,0.0,0.0,0,0.0,0
610,TRANSFER,10.9,C6405851839,15.47,4.57,C3791815554,3563.58,3574.48,0,0.04,0
616,CASH_OUT,1228.5,C5625980561,1658.31,429.81,M9590331226,0.0,0.0,1,0.02666666666666667,0
283,TRANSFER,1.23,C1430073711,1.39,0.16,C2111272861,0.0,1.23,0,0.22666666666666666,0
256,CASH_OUT,3874.27,C8934097788,4514.64,640.37,C7845366946,0.0,0.0,0,0.0033333333333333335,0
632,CASH_OUT,206.61,C9115282784,241.08,34.47,C3271361431,414.47,414.47,0,0.03,0
620,CASH_OUT,1413.63,C4110258855,1376.03,0.0,C8575707116,0.0,0.0,1,0.18,0
422,PAYMENT,1.0,C2546720356,0.0,0.0,M9043367776,0.0,0.0,0,0.0,0
418,CASH_OUT,1.0,C4037867512,0.0,0.0,C7556046460,0.0,0.0,0,0.09666666666666666,0
371,TRANSFER,2313.48,C7792729530,2722.26,408.78,M9977193987,0.0,0.0,1,0.19,0
146,CASH_OUT,326.39,C1600406558,678.73,352.34,C7590302909,79.42,79.42,0,0.0033333333333333335,0
560,PAYMENT,1.03,C5759234471,4.04,3.01,M6041646576,0.0,0.0,0,0.0,0
257,TRANSFER,4255.88,C3128675098,4319.79,63.91,C3776011793,2477.78,6733.66,1,0.0033333333333333335,0
488,TRANSFER,64.17,C1691293717,53.63,0.0,C9987064419,0.0,64.17,1,0.23,0
121,PAYMENT,1236.42,C8625774078,70261.92,69025.5,M4952177946,0.0,0.0,0,0.0,0
516,PAYMENT,1.0,C5945359606,0.0,0.0,M5000316394,0.0,0.0,0,0.0,0
622,PAYMENT,33.23,C4046558332,63.0,29.77,M7969674420,0.0,0.0,0,0.0,0
11,PAYMENT,22.9,C2818381356,64.41,41.51,M5585110649,0.0,0.0,0,0.0,0
28,PAYMENT,659.65,C6425814872,2674.6,2014.95,M6011842297,0.0,0.0,0,0.0,0
612,CASH_OUT,11.92,C6924716023,15.17,3.25,C7824150224,809.54,809.54,0,0.043333333333333335,0
717,PAYMENT,192.49,C8991514523,326.2,133.71,M1306420495,0.0,0.0,0,0.0,0
588,CASH_OUT,668.91,C2524751277,1071.21,402.3,C2405746777,124.69,124.69,0,0.03,0
720,TRANSFER,3556.74,C3109688769,4847.82,1291.08,M2136107759,0.0,0.0,1,0.3,0
233,PAYMENT,170.71,C6369130994,234.84,64.13,M5325865521,0.0,0.0,0,0.0,0
166,DEBIT,1.0,C3707166618,0.0,0.0,M9918338001,0.0,0.0,0,0.03,0
342,PAYMENT,85.14,C3843139149,146.54,61.4,M1504729135,0.0,0.0,0,0.0,0
552,TRANSFER,530.85,C8109891300,612.84,81.99,C1590985753,5590.5,5590.5,1,0.03,0
75,PAYMENT,26.77,C4042413312,33.06,6.29,M8144352013,0.0,0.0,0,0.0,0
206,TRANSFER,1417.54,C9463197203,1703.81,286.27,M7570511906,0.0,0.0,1,0.13666666666666666,0
263,PAYMENT,14737.71,C4470591645,78182.79,63445.08,M3660800029,0.0,0.0,0,0.0,0
73,CASH_OUT,142.41,C7470843264,585.28,442.87,C4605117440,130767.73,130767.73,0,0.01,0
652,PAYMENT,1593.91,C4518871744,70587.33,68993.42,M3156792018,0.0,0.0,0,0.0,0
695,CASH_OUT,417.28,C7882206934,481.87,64.59,C7209571615,0.0,0.0,0,0.043333333333333335,0
96,PAYMENT,803.51,C9725528903,1138.71,335.2,M6744039057,0.0,0.0,0,0.0,0
103,TRANSFER,237.57,C9597198563,272.08,34.51,C2625792787,659.83,897.4,0,0.01,0
68,PAYMENT,1384.17,C6218955985,22109.21,20725.04,M3192202822,0.0,0.0,0,0.0,0
64,TRANSFER,1.0,C3520417815,0.0,0.0,C5862655247,106241.3,106242.3,0,0.0,0
19,DEBIT,1.0,C3107125807,0.0,0.0,M2328736852,0.0,0.0,0,0.023333333333333334,0
468,TRANSFER,1.0,C7190276026,0.0,0.0,C1248704157,115580.67,115581.67,0,0.0,0
105,CASH_OUT,26816.89,C3470617247,79803.2,52986.31,C3464975279,61.33,61.33,0,0.0,0
646,CASH_OUT,6231.94,C7420846622,8538.64,2306.7,M5937271321,0.0,0.0,1,0.023333333333333334,0
700,TRANSFER,80.4,C9704383251,103.32,22.92,C4440904834,2286.39,2286.39,1,0.03,0
127,TRANSFER,2270.12,C5748253283,2774.71,504.59,C3774110439,64592.21,64592.21,1,0.0,0
285,PAYMENT,99.92,C7981077394,222.29,122.37,M2604788242,0.0,0.0,0,0.0,0
707,TRANSFER,218.45,C5083595988,308.77,90.32,M8030400668,0.0,0.0,1,0.17333333333333334,0
679,TRANSFER,370.98,C5271453859,490.47,119.49,M7969674420,0.0,0.0,1,0.15333333333333332,0
564,PAYMENT,1.0,C6142469284,0.0,0.0,M1185303518,0.0,0.0,0,0.0,0
609,TRANSFER,1.0,C2960488639,0.0,0.0,C7685540186,826.82,827.82,0,0.08333333333333333,0
275,TRANSFER,205.49,C6613888489,585.69,380.2,C8285786023,0.0,205.49,0,0.016666666666666666,0
628,TRANSFER,2600.06,C6156843353,3530.04,929.98,M8083396378,0.0,0.0,1,0.2866666666666667,0
391,TRANSFER,1772.41,C5035765954,1813.53,41.12,C1067198189,70342.94,72115.35,1,0.0,0
379,PAYMENT,3.99,C5856127658,5.9,1.91,M9581187661,0.0,0.0,0,0.0,0
389,TRANSFER,3297.86,C5035765954,4500.35,1202.49,C2752536389,0.0,0.0,1,0.21333333333333335,0
203,PAYMENT,1.0,C1741134891,2.49,1.49,M8083396378,0.0,0.0,0,0.0,0
29,PAYMENT,111.61,C5763350700,118.02,6.41,M1802753761,0.0,0.0,0,0.0,0
25,CASH_OUT,163.99,C5877639950,238.28,74.29,C1624173500,370.31,370.31,0,0.01,0
533,PAYMENT,1.0,C2183906581,0.0,0.0,M3355504998,0.0,0.0,0,0.0,0
636,TRANSFER,2115.1,C3783290795,2935.76,820.66,C1494287462,0.0,0.0,1,0.3,0
3,CASH_OUT,338.79,C7792729530,408.78,69.99,C8106906538,0.39,0.39,1,0.013333333333333334,0
441,TRANSFER,11.49,C9218363978,37.13,25.64,C3313993297,1047.96,1059.45,0,0.05,0
432,TRANSFER,1.0,C1036351450,0.0,0.0,C1561417687,0.0,1.0,0,0.21333333333333335,0
225,CASH_OUT,53.39,C8151583833,53.25,0.0,C8624454880,0.0,0.0,1,0.013333333333333334,0
29,CASH_IN,24772.43,C6804850108,2.74,24775.17,C8180620422,197.16,197.16,0,0.0,0
216,DEBIT,1.0,C5625342041,0.0,0.0,M9255306810,0.0,0.0,0,0.03,0
522,PAYMENT,23995.74,C5512036684,84546.86,60551.12,M8058679999,0.0,0.0,0,0.0,0
679,TRANSFER,85708.88,C5862655247,106242.3,20533.42,M9631695368,0.0,0.0,1,0.3,0
27,PAYMENT,1.0,C7710396573,0.0,0.0,M3297681898,0.0,0.0,0,0.0,0
638,TRANSFER,124.52,C2227193073,129.79,5.27,M3660800029,0.0,0.0,1,0.17666666666666667,0
45,TRANSFER,24128.67,C5789633176,37689.18,13560.51,C8638763775,158.44,24287.11,0,0.0,0
651,TRANSFER,10.99,C2867302554,23.21,12.22,C3259520140,551.39,562.38,0,0.056666666666666664,0
298,CASH_OUT,2075.44,C6974875750,1742.55,0.0,M7928143230,0.0,0.0,1,0.10666666666666667,0
661,CASH_OUT,1.0,C5455441991,0.0,0.0,C5162260671,367.72,367.72,0,0.04666666666666667,0
627,TRANSFER,3554.69,C3707166618,3190.7,0.0,M4456193555,0.0,0.0,1,0.95,1
224,TRANSFER,116.33,C6715961218,100.34,0.0,M9576264323,0.0,0.0,1,0.24,0
431,TRANSFER,3873.81,C3020939193,4016.66,142.85,M3831598303,0.0,0.0,1,0.3933333333333333,0
40,CASH_OUT,14968.79,C1596471620,18744.82,3776.03,C2770980600,733.48,733.48,1,0.0,0
381,TRANSFER,2779.39,C9370133343,3686.46,907.07,C8086527181,4.86,4.86,1,0.13333333333333333,0
83,TRANSFER,966.47,C9851745648,1049.08,82.61,M7340036327,0.0,0.0,1,0.18666666666666668,0
391,TRANSFER,59617.25,C8570333548,58272.11,0.0,C8139209752,0.0,59617.25,1,0.043333333333333335,0
603,CASH_OUT,78.26,C5144289583,223.29,145.03,C1506211965,0.0,0.0,0,0.02666666666666667,0
100,CASH_OUT,65.77,C6168291913,60.62,0.0,C4062777850,0.0,0.0,1,0.01,0
400,PAYMENT,1.0,C2014766981,0.0,0.0,M4160161496,0.0,0.0,0,0.0,0
267,CASH_OUT,443.27,C6613888489,380.2,0.0,M7764117705,0.0,0.0,1,0.06333333333333334,0
164,TRANSFER,1.0,C1430073711,0.16,0.0,C3655790301,389.86,390.86,0,0.01,0
471,TRANSFER,591.23,C9454207717,783.17,191.94,M6558769264,0.0,0.0,1,0.15,0
370,PAYMENT,132.9,C6305160342,189.63,56.73,M9021793855,0.0,0.0,0,0.0,0
582,TRANSFER,573.63,C5710360983,526.12,0.0,C3674551397,5225.7,5225.7,1,0.06,0
669,CASH_OUT,40.6,C7623575561,46.52,5.92,C2075413763,1195.91,1195.91,0,0.023333333333333334,0
281,PAYMENT,3.62,C2950049698,7.42,3.8,M2121448210,0.0,0.0,0,0.0,0
325,DEBIT,114.33,C8203447752,285.79,171.46,M1857561275,0.0,0.0,0,0.016666666666666666,0
477,PAYMENT,1.0,C5275521470,0.0,0.0,M3965860354,0.0,0.0,0,0.0,0
580,PAYMENT,21641.88,C3774110439,64592.21,42950.33,M7230477043,0.0,0.0,0,0.0,0
718,CASH_OUT,117.52,C2940955281,209.47,91.95,C7638836058,7.48,7.48,0,0.03333333333333333,0
9,TRANSFER,196.54,C5140460939,263.1,66.56,C6097953682,53.29,53.29,1,0.07666666666666666,0
674,PAYMENT,1.74,C8755749566,2.96,1.22,M4689605624,0.0,0.0,0,0.0,0
46,TRANSFER,2419.53,C8689593739,2044.07,0.0,M1185303518,0.0,0.0,1,0.6133333333333333,1
229,PAYMENT,331.49,C8293453178,464.01,132.52,M2655546199,0.0,0.0,0,0.0,0
215,CASH_OUT,1.0,C9621419224,0.0,0.0,C9455610447,2405.76,2405.76,0,0.0,0
27,TRANSFER,2661.01,C2645272822,3395.8,734.79,M6384311581,0.0,0.0,1,0.14333333333333334,0
402,TRANSFER,75.67,C9626333315,63.07,0.0,M8548290298,0.0,0.0,1,0.22666666666666666,0
479,PAYMENT,91.58,C7920516981,152.6,61.02,M3208200227,0.0,0.0,0,0.0,0
715,CASH_OUT,66.9,C6673381261,56.55,0.0,C6218955985,20725.04,20725.04,1,0.016666666666666666,0
369,TRANSFER,1969.45,C1955345537,2126.84,157.39,M4665677395,0.0,0.0,1,0.19,0
333,CASH_IN,2801.63,C6558450990,0.0,2801.63,C6655089949,0.0,0.0,0,0.0,0
363,PAYMENT,6.1,C9935429720,6.58,0.48,M3223687972,0.0,0.0,0,0.0,0
332,CASH_OUT,2743.14,C3206955437,2547.16,0.0,M3094407076,0.0,0.0,1,0.13,0
81,TRANSFER,1861.64,C9327720702,1775.85,0.0,C2546720356,0.0,1861.64,1,0.14333333333333334,0
566,PAYMENT,9.35,C6717963562,15.53,6.18,M5891831621,0.0,0.0,0,0.0,0
433,PAYMENT,56.83,C8285786023,205.49,148.66,M7514017540,0.0,0.0,0,0.0,0
428,CASH_OUT,1408.27,C2289624427,1362.53,0.0,M3660800029,0.0,0.0,1,0.38333333333333336,0
460,PAYMENT,2369.23,C4921003983,3295.62,926.39,M9398575277,0.0,0.0,0,0.0,0
90,CASH_OUT,1.0,C1546696950,0.0,0.0,C8458717057,158.76,158.76,0,0.0033333333333333335,0
526,CASH_OUT,3614.75,C9806189256,4987.38,1372.63,C3815389788,0.0,0.0,1,0.023333333333333334,0
439,CASH_OUT,58600.9,C8757570742,73242.74,14641.84,C3796581976,57.43,57.43,0,0.016666666666666666,0
480,PAYMENT,3.91,C3906611156,6.14,2.23,M1257854279,0.0,0.0,0,0.0,0
217,TRANSFER,54.13,C5996775663,202.33,148.2,C3185089287,132118.96,132173.09,0,0.0,0
291,TRANSFER,708.53,C6923206003,623.03,0.0,M3846182436,0.0,0.0,1,0.3,0
40,CASH_OUT,12.15,C8684942020,22.52,10.37,C5883933127,0.0,0.0,0,0.0,0
52,TRANSFER,241.91,C6640801643,360.05,118.14,C9432088993,415.38,657.29,0,0.006666666666666667,0
528,TRANSFER,112.53,C4877520294,142.94,30.41,C1725783958,0.0,112.53,0,0.12666666666666668,0
36,CASH_OUT,96.85,C3316787198,170.48,73.63,C2176904638,42.74,42.74,0,0.0033333333333333335,0
644,TRANSFER,17.35,C7858937483,38.8,21.45,C8313706299,0.0,17.35,0,0.17333333333333334,0
131,PAYMENT,2.9,C1519709079,5.96,3.06,M8044997538,0.0,0.0,0,0.0,0
155,PAYMENT,44.29,C9454207717,191.94,147.65,M2187592160,0.0,0.0,0,0.0,0
416,CASH_OUT,2549.73,C9909257076,2329.37,0.0,M6200141898,0.0,0.0,1,0.37,0
205,PAYMENT,289.48,C3780475472,133727.93,133438.45,M1888107487,0.0,0.0,0,0.0,0
385,PAYMENT,634.96,C5100282913,751.59,116.63,M4908108692,0.0,0.0,0,0.0,0
419,CASH_OUT,1.0,C7751356568,0.0,0.0,C9711080868,556.51,556.51,0,0.10666666666666667,0
386,TRANSFER,125.55,C8493451569,141.85,16.3,C4700855390,250.46,376.01,0,0.01,0
644,TRANSFER,1594.15,C1392245997,1957.95,363.8,M6200141898,0.0,0.0,1,0.27666666666666667,0
394,PAYMENT,116.56,C4748302739,140.77,24.21,M8790289305,0.0,0.0,0,0.0,0
223,CASH_OUT,4522.04,C4928783441,4019.33,0.0,M3566125120,0.0,0.0,1,0.056666666666666664,0
433,TRANSFER,628.1,C4594787485,543.19,0.0,C9935429720,0.48,0.48,1,0.25333333333333335,0
303,TRANSFER,11930.9,C4572433066,9974.75,0.0,C1039262289,280.25,280.25,1,0.21,0
454,CASH_IN,67876.9,C6246716604,443.27,68320.17,C8351491401,2259.18,2259.18,0,0.0,0
7,TRANSFER,1438.61,C5763350700,1656.48,217.87,C4256292393,50.09,50.09,1,0.07666666666666666,0
264,PAYMENT,220.77,C4079223686,631.38,410.61,M4125758723,0.0,0.0,0,0.0,0
698,CASH_OUT,1.0,C2180484299,0.0,0.0,C4427620889,0.0,0.0,0,0.056666666666666664,0
99,CASH_IN,2666.03,C9579064478,3.47,2669.5,C5607762160,88.5,88.5,0,0.0,0
508,TRANSFER,42.93,C2458198451,47.38,4.45,C7296658772,0.0,42.93,0,0.17666666666666667,0
9,PAYMENT,1.0,C6542943838,0.0,0.0,M6200141898,0.0,0.0,0,0.0,0
46,PAYMENT,13193.53,C5778781449,25940.35,12746.82,M4399143287,0.0,0.0,0,0.0,0
97,DEBIT,46216.81,C5064162365,94847.4,48630.59,M8910440683,0.0,0.0,0,0.01,0
340,PAYMENT,22.69,C4662861038,38.84,16.15,M7651029165,0.0,0.0,0,0.0,0
283,TRANSFER,128.04,C7271954644,182.55,54.51,C8906163641,0.0,128.04,0,0.09666666666666666,0
112,TRANSFER,1.0,C1430073711,0.0,0.0,C2591414076,0.96,1.96,0,0.22666666666666666,0
656,TRANSFER,1789.18,C1741134891,2170.96,381.78,M9558906999,0.0,0.0,1,0.2866666666666667,0
221,TRANSFER,7.52,C6879428703,9.08,1.56,C8721631198,0.0,7.52,0,0.17666666666666667,0
123,TRANSFER,2347.04,C2076341629,2603.74,256.7,C7965608188,0.0,0.0,1,0.16666666666666666,0
475,PAYMENT,1.0,C3338877621,1.06,0.06,M6053489772,0.0,0.0,0,0.0,0
675,CASH_OUT,10.05,C7858937483,21.45,11.4,C2400094541,0.0,0.0,0,0.02666666666666667,0
136,TRANSFER,5224.23,C5625411308,4663.91,0.0,C3815287619,537.03,537.03,1,0.15,0
187,TRANSFER,6.14,C8015124886,11.96,5.82,C4930438209,276.34,282.48,0,0.006666666666666667,0
405,TRANSFER,219.34,C5269728610,891.47,672.13,C2984460654,0.0,219.34,0,0.03666666666666667,0
538,TRANSFER,3179.42,C7760554363,3951.71,772.29,C8880079328,0.0,0.0,1,0.2966666666666667,0
447,PAYMENT,122.81,C3360791536,152.28,29.47,M3580582653,0.0,0.0,0,0.0,0
335,PAYMENT,3424.26,C1590985753,5590.5,2166.24,M5714658227,0.0,0.0,0,0.0,0
200,CASH_OUT,109.53,C5871743247,130.55,21.02,M2910594463,0.0,0.0,1,0.0033333333333333335,0
255,CASH_OUT,3799.38,C7248258423,3872.42,73.04,M8874242713,0.0,0.0,1,0.0033333333333333335,0
306,CASH_OUT,1.0,C8282534126,1.0,0.0,C6562144159,0.0,0.0,0,0.03333333333333333,0
393,CASH_OUT,2506.96,C8854238082,2846.6,339.64,C9894264595,20980.47,20980.47,1,0.0,0
33,CASH_OUT,1619.88,C7004510516,1592.02,0.0,C5759761714,9652.4,9652.4,1,0.0033333333333333335,0
626,TRANSFER,192.08,C5600836559,176.64,0.0,M3192202822,0.0,0.0,1,0.24,0
538,CASH_OUT,17092.04,C6218484323,16184.15,0.0,M1783432867,0.0,0.0,1,0.18,0
121,PAYMENT,4.29,C2017675569,10.43,6.14,M5694439775,0.0,0.0,0,0.0,0
24,CASH_OUT,90.39,C7627266377,175.17,84.78,C9303765140,0.32,0.32,0,0.006666666666666667,0
159,TRANSFER,862.44,C4712367625,3135.85,2273.41,C7296658772,42.93,905.37,0,0.0033333333333333335,0
693,TRANSFER,36.27,C4997866845,59.54,23.27,C1005502537,5.75,42.02,0,0.14,0
102,CASH_OUT,864.99,C7824150224,809.54,0.0,C3423086220,0.31,0.31,1,0.08,0
54,TRANSFER,80.45,C1004665657,87.08,6.63,C6777263354,120.03,120.03,1,0.043333333333333335,0
342,TRANSFER,192.3,C6619138852,298.52,106.22,C3698305085,38.59,230.89,0,0.03333333333333333,0
658,TRANSFER,2.55,C1149460439,12.02,9.47,C1749459431,2.16,4.71,0,0.17,0
661,CASH_OUT,483.45,C5329194647,646.94,163.49,M4896576569,0.0,0.0,1,0.02666666666666667,0
27,CASH_OUT,2.0,C7799567490,4.69,2.69,C6554972315,525.17,525.17,0,0.0033333333333333335,0
164,TRANSFER,2602.36,C1795212538,2678.17,75.81,M2303835765,0.0,0.0,1,0.38,0
127,PAYMENT,1.0,C8902275119,0.0,0.0,M1783432867,0.0,0.0,0,0.0,0
118,CASH_OUT,72.15,C3623588379,93.72,21.57,M8366710477,0.0,0.0,1,0.0033333333333333335,0
465,DEBIT,1003.8,C5067116918,1164.61,160.81,M9776500600,0.0,0.0,0,0.03333333333333333,0
563,TRANSFER,87.9,C7846365089,124.86,36.96,C9370133032,0.0,0.0,1,0.17333333333333334,0
630,DEBIT,12.43,C3612617557,40.16,27.73,M9776500600,0.0,0.0,0,0.03,0
141,CASH_OUT,1.0,C3095318649,0.0,0.0,C6069848439,25.26,25.26,0,0.0,0
277,PAYMENT,251.59,C8115628227,348.97,97.38,M3508990774,0.0,0.0,0,0.0,0
362,CASH_OUT,104.53,C8880184233,137.25,32.72,C3667292043,166316.32,166316.32,1,0.006666666666666667,0
17,CASH_OUT,1179.5,C5638860656,1536.56,357.06,M5156392601,0.0,0.0,1,0.0,0
233,PAYMENT,2.37,C9974165440,6.13,3.76,M3846182436,0.0,0.0,0,0.0,0
698,CASH_OUT,3644.09,C9434946584,11998.16,8354.07,C5646751885,2.59,2.59,0,0.016666666666666666,0
450,TRANSFER,421.8,C7004964045,515.28,93.48,C2928130926,0.0,0.0,1,0.17,0
431,PAYMENT,3669.18,C6131005449,73326.83,69657.65,M8235474949,0.0,0.0,0,0.0,0
596,CASH_IN,88020.91,C9432088993,657.29,88678.2,C8570850267,113242.59,113242.59,0,0.0,0
668,PAYMENT,7306.53,C9558091177,99989.37,92682.84,M7537130187,0.0,0.0,0,0.0,0
281,TRANSFER,1.0,C1182758417,0.0,0.0,C9533595495,1.32,2.32,0,0.23333333333333334,0
642,PAYMENT,3.85,C6477862024,12.8,8.95,M2115862756,0.0,0.0,0,0.0,0
528,PAYMENT,1.66,C5694848867,5.59,3.93,M2604788242,0.0,0.0,0,0.0,0
27,CASH_OUT,1.0,C5861829469,0.64,0.0,C3420721027,80.0,80.0,0,0.0,0
595,CASH_OUT,658.26,C2770980600,733.48,75.22,C5212581851,0.0,0.0,0,0.03333333333333333,0
634,TRANSFER,929.91,C6048096802,1011.51,81.6,M2328736852,0.0,0.0,1,0.22666666666666666,0
447,TRANSFER,2206.19,C7751356568,3049.63,843.44,C8755749566,1.22,1.22,1,0.2733333333333333,0
526,CASH_OUT,1.0,C2928130926,0.0,0.0,C4656572173,0.0,0.0,0,0.06,0
225,PAYMENT,123.47,C4658080160,382.21,258.74,M4460319291,0.0,0.0,0,0.0,0
382,PAYMENT,361.68,C7660157097,593.25,231.57,M4160161496,0.0,0.0,0,0.0,0
182,CASH_OUT,1279.74,C2617999521,1555.02,275.28,C2126077199,0.41,0.41,1,0.0,0
570,TRANSFER,365.87,C2780136605,315.46,0.0,C3799264931,54.61,420.48,1,0.10666666666666667,0
716,DEBIT,103.53,C9202102595,110.85,7.32,M6101516825,0.0,0.0,0,0.03333333333333333,0
290,TRANSFER,387.2,C6334440295,486.31,99.11,M7651029165,0.0,0.0,1,0.16,0
368,PAYMENT,13.09,C9776185998,15.56,2.47,M8768773991,0.0,0.0,0,0.0,0
310,CASH_OUT,78.45,C6805759868,2267.96,2189.51,C6491309593,0.0,0.0,0,0.006666666666666667,0
688,CASH_OUT,2317.06,C3075362821,2493.38,176.32,C2761091683,300.53,300.53,1,0.01,0
13,CASH_OUT,119394.31,C1654477195,113886.65,0.0,M6845287382,0.0,0.0,1,0.016666666666666666,0
656,TRANSFER,1.0,C8497938394,0.0,0.0,C6289150149,0.0,1.0,0,0.23,0
614,CASH_OUT,1.0,C1662976399,0.0,0.0,C3591527330,0.0,0.0,0,0.06333333333333334,0
581,PAYMENT,1.0,C4853479481,1.24,0.24,M9620935604,0.0,0.0,0,0.0,0
161,PAYMENT,634.22,C9318010743,2568.01,1933.79,M4158643786,0.0,0.0,0,0.0,0
467,CASH_OUT,2910.33,C2928130926,3507.99,597.66,M5891831621,0.0,0.0,1,0.043333333333333335,0
590,CASH_IN,2104.6,C7627266377,84.78,2189.38,C9410288290,0.0,0.0,0,0.0,0
682,PAYMENT,87.34,C8093179263,94.04,6.7,M3369412470,0.0,0.0,0,0.0,0
418,PAYMENT,1.0,C4026113008,0.0,0.0,M4242579642,0.0,0.0,0,0.0,0
594,CASH_OUT,1862.23,C1513003815,2262.36,400.13,C7174772035,5538.0,5538.0,0,0.006666666666666667,0
477,TRANSFER,26.5,C8547068234,31.98,5.48,C6618965944,58.95,85.45,0,0.12666666666666668,0
470,TRANSFER,1.0,C4039019230,0.0,0.0,C1569113257,1592.49,1593.49,0,0.07333333333333333,0
566,CASH_OUT,302.26,C2850820685,343.28,41.02,C3791815554,3574.48,3574.48,1,0.02666666666666667,0
366,TRANSFER,53.99,C1939042955,85.76,31.77,C2601198885,27.18,81.17,0,0.10666666666666667,0
164,CASH_OUT,637.37,C5409514899,581.58,0.0,C6656646925,6611.87,6611.87,1,0.03333333333333333,0
194,TRANSFER,5538.89,C7174772035,5538.0,0.0,C3792347639,3.38,3.38,1,0.79,1
325,TRANSFER,192.65,C8203447752,171.46,0.0,C4014119648,0.0,0.0,1,0.23,0
349,PAYMENT,1.0,C2295574037,0.0,0.0,M2115406331,0.0,0.0,0,0.0,0
13,PAYMENT,1179.39,C9229469952,4193.13,3013.74,M3297681898,0.0,0.0,0,0.0,0
463,TRANSFER,647.33,C8691288568,796.37,149.04,M6732306182,0.0,0.0,1,0.18,0
477,TRANSFER,161.59,C7561728644,181.78,20.19,C9717175839,28.32,28.32,1,0.13,0
677,TRANSFER,454.63,C8093179263,382.63,0.0,M4211837506,0.0,0.0,1,0.23,0
476,TRANSFER,918.15,C4662861038,1150.38,232.23,M7192742877,0.0,0.0,1,0.16,0
353,PAYMENT,369.0,C2370592316,2725.71,2356.71,M2571632270,0.0,0.0,0,0.0,0
260,PAYMENT,829.78,C6558450990,2801.63,1971.85,M6992094064,0.0,0.0,0,0.0,0
690,TRANSFER,101.06,C5162260671,367.72,266.66,C2830154607,1.04,102.1,0,0.09,0
399,CASH_OUT,2301.16,C4530959836,6924.32,4623.16,C6656646925,6611.87,6611.87,0,0.0,0
617,PAYMENT,2890.77,C2439622619,3128.29,237.52,M5315720088,0.0,0.0,0,0.0,0
216,PAYMENT,1.0,C6714723660,0.0,0.0,M1504729135,0.0,0.0,0,0.0,0
288,TRANSFER,2132.71,C4022360089,2604.9,472.19,M2121448210,0.0,0.0,1,0.19,0
288,CASH_OUT,359.26,C1977515194,664.03,304.77,C7150970643,71.41,71.41,0,0.01,0
627,PAYMENT,1.0,C4630196130,0.0,0.0,M1357561213,0.0,0.0,0,0.0,0
570,DEBIT,9.29,C1857596764,11.3,2.01,M3705237613,0.0,0.0,0,0.04,0
595,CASH_OUT,137.71,C5763350700,217.87,80.16,C4470591645,63445.08,63445.08,0,0.013333333333333334,0
564,PAYMENT,4.58,C9270323795,7.28,2.7,M8063693463,0.0,0.0,0,0.0,0
339,CASH_OUT,1.0,C8902275119,0.0,0.0,C9730449971,0.0,0.0,0,0.03333333333333333,0
337,CASH_OUT,4023.3,C2660286914,4844.31,821.01,M8276498637,0.0,0.0,1,0.01,0
497,CASH_IN,18838.62,C2780136605,0.0,18838.62,C8588769565,0.0,0.0,0,0.0,0
255,TRANSFER,1.0,C8517413631,0.0,0.0,C7061419749,0.0,1.0,0,0.23333333333333334,0
109,TRANSFER,42683.37,C5913767020,68808.33,26124.96,C2610237679,0.0,42683.37,0,0.0,0
90,CASH_IN,2005.35,C3875303857,0.0,2005.35,C2653032484,832.82,832.82,0,0.0,0
474,CASH_OUT,121.36,C4026816435,139.68,18.32,C2390587865,113.48,113.48,0,0.05,0
113,CASH_OUT,3812.25,C1561417687,3592.52,0.0,M4689605624,0.0,0.0,1,0.05,0
440,CASH_OUT,150.92,C9454207717,147.65,0.0,M3322580659,0.0,0.0,1,0.11,0
221,TRANSFER,5322.76,C4693510920,4936.22,0.0,C7988845536,607.1,607.1,1,0.16,0
226,TRANSFER,22743.77,C2237386857,28152.75,5408.98,M5990749811,0.0,0.0,1,0.25666666666666665,0
276,TRANSFER,14.91,C3612617557,27.73,12.82,C2771211118,113.55,128.46,0,0.03666666666666667,0
178,PAYMENT,207.3,C7751356568,843.44,636.14,M3297681898,0.0,0.0,0,0.0,0
177,TRANSFER,1.68,C4927019611,6.94,5.26,C1494287462,0.0,1.68,0,0.15666666666666668,0
559,PAYMENT,1.0,C1367704871,0.0,0.0,M6932365592,0.0,0.0,0,0.0,0
471,TRANSFER,3486.44,C5899025962,3569.4,82.96,C5296710795,168.79,3655.23,1,0.09666666666666666,0
598,CASH_OUT,1225.95,C6548442140,1093.91,0.0,M6558769264,0.0,0.0,1,0.18666666666666668,0
575,PAYMENT,201.32,C2970753705,253.08,51.76,M4892544235,0.0,0.0,0,0.0,0
441,PAYMENT,68.81,C2918260963,83.81,15.0,M1099218439,0.0,0.0,0,0.0,0
471,CASH_OUT,859.34,C2660286914,821.01,0.0,C5646880148,0.0,0.0,1,0.41,0
448,TRANSFER,1382.52,C8934927891,1850.75,468.23,C8942167666,27.88,27.88,1,0.19666666666666666,0
92,PAYMENT,1.0,C7287517250,0.35,0.0,M4211837506,0.0,0.0,0,0.0,0
624,DEBIT,4.77,C5584288132,6.73,1.96,M7340036327,0.0,0.0,0,0.043333333333333335,0
483,PAYMENT,7142.76,C7246858055,14594.19,7451.43,M8874242713,0.0,0.0,0,0.0,0
170,TRANSFER,1.0,C8168036130,0.0,0.0,C4696689457,48.08,49.08,0,0.12666666666666668,0
62,TRANSFER,716.05,C1945826486,917.4,201.35,M9896529524,0.0,0.0,1,0.10333333333333333,0
108,TRANSFER,49.59,C1805492785,51.71,2.12,M1692044390,0.0,0.0,1,0.17666666666666667,0
156,PAYMENT,1.0,C4864126433,0.0,0.0,M7861571879,0.0,0.0,0,0.0,0
314,PAYMENT,1.0,C8325222092,0.92,0.0,M4689605624,0.0,0.0,0,0.0,0
437,TRANSFER,284.92,C8477300991,281.15,0.0,C8506931282,0.0,0.0,1,0.22666666666666666,0
450,PAYMENT,1.0,C6715961218,0.0,0.0,M6130446648,0.0,0.0,0,0.0,0
259,TRANSFER,3486.01,C8133593748,4661.41,1175.4,C5935852056,181.08,3667.09,1,0.0,0
545,TRANSFER,492.51,C2994056084,702.31,209.8,C6469458472,114.41,114.41,1,0.06333333333333334,0
454,TRANSFER,2753.83,C8690920484,3594.61,840.78,M6866146362,0.0,0.0,1,0.26,0
251,CASH_IN,7517.54,C8189916797,30342.8,37860.34,C7608141858,0.0,0.0,0,0.0,0
72,CASH_OUT,950.0,C2546720356,1861.64,911.64,C5634076661,0.0,0.0,0,0.0,0
151,CASH_OUT,1.0,C7146318035,0.0,0.0,C4623960580,0.0,0.0,0,0.013333333333333334,0
483,TRANSFER,171.0,C6102144947,156.56,0.0,M5412437658,0.0,0.0,1,0.23666666666666666,0
688,CASH_OUT,34.67,C4405620755,75.78,41.11,C5829062179,21081.55,21081.55,0,0.01,0
131,TRANSFER,745.27,C1276905285,768.99,23.72,M3019265031,0.0,0.0,1,0.15333333333333332,0
26,CASH_OUT,1.0,C3667740351,0.0,0.0,C2952996248,0.63,0.63,0,0.006666666666666667,0
636,PAYMENT,10.24,C2914126243,26.77,16.53,M5937271321,0.0,0.0,0,0.0,0
242,TRANSFER,9904.03,C3639796200,10412.89,508.86,C3591527330,0.0,0.0,1,0.24666666666666667,0
77,PAYMENT,73.2,C5607762160,88.5,15.3,M8144352013,0.0,0.0,0,0.0,0
221,PAYMENT,14.62,C9457665185,18.62,4.0,M7969674420,0.0,0.0,0,0.0,0
682,CASH_OUT,1.0,C8477300991,0.0,0.0,C4203205881,0.0,0.0,0,0.056666666666666664,0
348,PAYMENT,330.44,C1589582865,392.57,62.13,M1185303518,0.0,0.0,0,0.0,0
8,PAYMENT,5.64,C1541964762,6.8,1.16,M9576264323,0.0,0.0,0,0.0,0
4,PAYMENT,1.0,C3127657643,0.0,0.0,M6247463262,0.0,0.0,0,0.0,0
208,TRANSFER,50.48,C3484872186,62.24,11.76,C4227004325,0.0,50.48,0,0.16333333333333333,0
403,TRANSFER,1027.42,C9411532909,886.61,0.0,M1676220116,0.0,0.0,1,0.30333333333333334,0
717,PAYMENT,46.92,C2962491159,62.75,15.83,M1694904767,0.0,0.0,0,0.0,0
59,CASH_OUT,1.0,C4693510920,0.0,0.0,C1091729577,106.71,106.71,0,0.0,0
254,PAYMENT,1.0,C4472312361,0.0,0.0,M4689605624,0.0,0.0,0,0.0,0
103,TRANSFER,1.0,C9621419224,0.0,0.0,C9514255777,2.87,3.87,0,0.22333333333333333,0
540,CASH_OUT,14.24,C7393195616,37.12,22.88,C3169561289,6235.65,6235.65,0,0.016666666666666666,0
423,TRANSFER,2682.87,C6591038760,2592.26,0.0,C2566942273,311.23,2994.1,1,0.30666666666666664,0
546,TRANSFER,11.64,C7333678472,36.22,24.58,C4682870880,0.0,11.64,0,0.17,0
245,PAYMENT,1.0,C4262396395,0.0,0.0,M8144352013,0.0,0.0,0,0.0,0
332,PAYMENT,1.0,C5281907480,0.0,0.0,M9752092528,0.0,0.0,0,0.0,0
571,TRANSFER,9788.21,C5151887478,11763.48,1975.27,C6649827836,0.77,9788.98,0,0.02,0
695,TRANSFER,11024.58,C5694628398,9263.91,0.0,C8750840032,0.0,0.0,1,0.8433333333333334,1
391,DEBIT,1.0,C8382963909,0.0,0.0,M1096405016,0.0,0.0,0,0.043333333333333335,0
28,DEBIT,1.0,C1862812038,0.0,0.0,M7678293431,0.0,0.0,0,0.02666666666666667,0
104,PAYMENT,1.0,C1282103057,1.91,0.91,M6606958660,0.0,0.0,0,0.0,0
630,DEBIT,5.75,C4145461251,17.74,11.99,M9776500600,0.0,0.0,0,0.03,0
540,CASH_IN,85642.43,C7581349462,0.0,85642.43,C9860949331,0.0,0.0,0,0.0,0
18,PAYMENT,15919.05,C3470617247,52986.31,37067.26,M2916502228,0.0,0.0,0,0.0,0
39,PAYMENT,570.2,C1197449658,669.2,99.0,M9576264323,0.0,0.0,0,0.0,0
551,TRANSFER,3551.97,C4022245086,4863.48,1311.51,M2228388623,0.0,0.0,1,0.31333333333333335,0
644,PAYMENT,1.0,C7316122432,0.0,0.0,M4952177946,0.0,0.0,0,0.0,0
589,CASH_IN,35576.07,C4482141802,0.0,35576.07,C3792347639,3.38,3.38,0,0.0,0
298,CASH_OUT,459.65,C3423086220,453.45,0.0,C5659161352,0.0,0.0,1,0.08666666666666667,0
183,TRANSFER,2327.83,C6789448659,2451.57,123.74,C3660223333,0.0,0.0,1,0.35333333333333333,0
656,CASH_OUT,1666.98,C7376649850,1671.27,4.29,C5078551333,8.11,8.11,1,0.08666666666666667,0
696,TRANSFER,1493.22,C6320115677,2034.36,541.14,M6786043791,0.0,0.0,1,0.26,0
176,TRANSFER,1.0,C6168291913,0.0,0.0,C4693510920,0.0,1.0,0,0.22333333333333333,0
454,CASH_OUT,16.07,C2579206999,23.6,7.53,C1792214339,1.84,1.84,0,0.05333333333333334,0
197,PAYMENT,1.0,C8497938394,0.0,0.0,M9444143872,0.0,0.0,0,0.0,0
430,CASH_OUT,14.59,C7640122370,16.09,1.5,C4130305126,39274.25,39274.25,0,0.02666666666666667,0
85,PAYMENT,129.17,C2409274786,342.55,213.38,M7453081889,0.0,0.0,0,0.0,0
278,CASH_OUT,17.9,C1197092148,20.11,2.21,C2515672889,0.0,0.0,0,0.02,0
273,CASH_IN,135356.4,C9270323795,2.7,135359.1,C3316277000,120.0,120.0,0,0.0,0
70,PAYMENT,1.0,C5744003377,0.0,0.0,M3469205576,0.0,0.0,0,0.0,0
596,PAYMENT,559.79,C4022245086,1311.51,751.72,M4122901114,0.0,0.0,0,0.0,0
635,TRANSFER,1.0,C9516893896,0.0,0.0,C3343459102,0.22,1.22,0,0.23333333333333334,0
711,CASH_OUT,1.0,C6795522649,0.0,0.0,C9618334441,0.0,0.0,0,0.05333333333333334,0
390,TRANSFER,1.0,C2073755632,1.0,0.0,C4308701294,3286.87,3287.87,0,0.0,0
91,PAYMENT,1.0,C6587537178,0.0,0.0,M4456193555,0.0,0.0,0,0.0,0
418,DEBIT,1.0,C2267619081,0.38,0.0,M7532669066,0.0,0.0,0,0.05333333333333334,0
254,PAYMENT,1.0,C4735334423,0.0,0.0,M4035639663,0.0,0.0,0,0.0,0
313,PAYMENT,117.15,C2513206988,5567.74,5450.59,M8874242713,0.0,0.0,0,0.0,0
94,PAYMENT,1.05,C8691288568,149.04,147.99,M7437168216,0.0,0.0,0,0.0,0
245,CASH_OUT,2772.84,C7010379415,3296.6,523.76,C6717963562,6.18,6.18,1,0.0033333333333333335,0
481,DEBIT,1.0,C7977267911,0.0,0.0,M7928143230,0.0,0.0,0,0.05,0
420,TRANSFER,423.77,C1624173500,370.31,0.0,C8208643631,0.0,0.0,1,0.21333333333333335,0
551,TRANSFER,2519.56,C1209063208,2320.33,0.0,C8760642358,420.29,420.29,1,0.4766666666666667,0
49,DEBIT,1938.28,C4776677517,2348.06,409.78,M3495411322,0.0,0.0,0,0.016666666666666666,0
139,CASH_OUT,1182.43,C1939777262,1652.22,469.79,C3291270703,744.41,744.41,1,0.0,0
420,PAYMENT,1858.02,C2047905204,2121.15,263.13,M3580582653,0.0,0.0,0,0.0,0
189,TRANSFER,3047.94,C3197757742,4117.49,1069.55,C3163970710,1750.12,1750.12,1,0.0,0
156,CASH_OUT,109.19,C2924568778,117.24,8.05,C8274273035,4.41,4.41,0,0.01,0
159,TRANSFER,3791.55,C3429019820,3265.23,0.0,C1958682846,0.0,3791.55,1,0.09333333333333334,0
494,TRANSFER,38161.03,C4322510552,48110.55,9949.52,M1357561213,0.0,0.0,1,0.30333333333333334,0
373,PAYMENT,1.0,C5993571693,1.0,0.0,M4329446784,0.0,0.0,0,0.0,0
440,TRANSFER,166.34,C7135394336,146.95,0.0,C7174772035,0.0,0.0,1,0.22666666666666666,0
560,TRANSFER,35.34,C6334440295,99.11,63.77,C3995732958,3627.73,3663.07,0,0.03666666666666667,0
421,TRANSFER,2405.09,C4939447721,2176.57,0.0,M1368287033,0.0,0.0,1,0.78,1
593,PAYMENT,7933.71,C9697414638,93619.65,85685.94,M8626371177,0.0,0.0,0,0.0,0
175,TRANSFER,374.4,C8493451569,377.41,3.01,M8235474949,0.0,0.0,1,0.17,0
571,PAYMENT,3.5,C6711463258,11.36,7.86,M2541015125,0.0,0.0,0,0.0,0
521,CASH_OUT,9697.24,C3587283948,18097.6,8400.36,C1304205279,135.13,135.13,0,0.013333333333333334,0
436,PAYMENT,1.0,C4882343658,0.0,0.0,M3322580659,0.0,0.0,0,0.0,0
557,TRANSFER,349.59,C1513003815,400.13,50.54,M9558906999,0.0,0.0,1,0.17,0
517,PAYMENT,1.0,C7757700186,0.0,0.0,M8083396378,0.0,0.0,0,0.0,0
107,PAYMENT,1.0,C2654584280,0.0,0.0,M5959736235,0.0,0.0,0,0.0033333333333333335,0
352,TRANSFER,1887.6,C5028688786,1925.28,37.68,M3107992942,0.0,0.0,1,0.31333333333333335,0
668,CASH_OUT,1.0,C8252816758,0.0,0.0,C5891280823,296.13,296.13,0,0.04666666666666667,0
720,PAYMENT,2086.16,C5058691146,89349.39,87263.23,M2916502228,0.0,0.0,0,0.0,0
365,TRANSFER,4249.27,C4102821948,4797.81,548.54,M8366710477,0.0,0.0,1,0.22,0
162,PAYMENT,4.53,C7340428136,7.44,2.91,M1185303518,0.0,0.0,0,0.0,0
574,TRANSFER,20.6,C1234359689,47.68,27.08,C4972536230,10316.07,10336.67,0,0.01,0
569,CASH_IN,25552.11,C9697414638,85685.94,111238.05,C2065354117,1.0,1.0,0,0.0,0
587,TRANSFER,3359.08,C8497938394,4313.92,954.84,M2839566253,0.0,0.0,1,0.31,0
377,PAYMENT,1.0,C5315211627,0.0,0.0,M5315720088,0.0,0.0,0,0.0,0
94,CASH_OUT,1.0,C7556046460,0.0,0.0,C5569145346,0.2,0.2,0,0.0033333333333333335,0
200,PAYMENT,2983.02,C1110724913,9964.34,6981.32,M9773795424,0.0,0.0,0,0.0,0
688,PAYMENT,45.56,C7475684019,85.77,40.21,M6384311581,0.0,0.0,0,0.0,0
555,TRANSFER,8718.91,C2613385303,8956.59,237.68,C6944371787,154.76,8873.67,1,0.03,0
423,PAYMENT,1.0,C9376711497,0.0,0.0,M9822499208,0.0,0.0,0,0.0,0
421,CASH_OUT,1.0,C9376711497,0.0,0.0,C3598862507,0.0,0.0,0,0.1,0
440,DEBIT,6.87,C5078551333,8.11,1.24,M5985331805,0.0,0.0,0,0.043333333333333335,0
269,PAYMENT,239.17,C5283911723,1143.23,904.06,M9065458220,0.0,0.0,0,0.0,0
253,PAYMENT,1.0,C3206955437,0.0,0.0,M5535650160,0.0,0.0,0,0.0,0
643,TRANSFER,112.27,C6272000062,5882.16,5769.89,C6588252632,0.0,112.27,0,0.22,0
615,CASH_IN,2864.06,C2789144223,0.0,2864.06,C9856756553,48.86,48.86,0,0.0,0
73,CASH_IN,115825.46,C1110724913,6981.32,122806.78,C2407863065,0.0,0.0,0,0.0,0
130,TRANSFER,12125.37,C4289233844,11594.94,0.0,C3389594115,2014.44,2014.44,1,0.12333333333333334,0
673,DEBIT,31.1,C6572436051,39.29,8.19,M7514017540,0.0,0.0,0,0.03,0
181,TRANSFER,160.03,C8868054898,136.24,0.0,M7861571879,0.0,0.0,1,0.23,0
583,TRANSFER,750.76,C7074050517,770.94,20.18,M1185303518,0.0,0.0,1,0.18666666666666668,0
713,TRANSFER,2617.4,C7376649850,3410.44,793.04,M1466305100,0.0,0.0,1,0.2633333333333333,0
518,PAYMENT,1.0,C3115806625,0.0,0.0,M9977193987,0.0,0.0,0,0.0,0
36,PAYMENT,1.0,C2602884797,0.0,0.0,M8768773991,0.0,0.0,0,0.0,0
266,TRANSFER,1.0,C8418332121,0.0,0.0,C4014119648,0.0,1.0,0,0.23333333333333334,0
234,PAYMENT,73.49,C8709361138,155.55,82.06,M4665677395,0.0,0.0,0,0.0,0
337,TRANSFER,49.47,C6369130994,64.13,14.66,M5815678365,0.0,0.0,1,0.15666666666666668,0
361,TRANSFER,361.94,C4277561834,425.26,63.32,C7467073633,10247.05,10247.05,1,0.0,0
624,CASH_OUT,8183.34,C5729866281,8116.5,0.0,C7668801906,0.0,0.0,1,0.27666666666666667,0
413,CASH_OUT,5.77,C9437783771,8.24,2.47,C4946081594,4.94,4.94,0,0.07333333333333333,0
662,TRANSFER,945.32,C7640122370,798.65,0.0,M5919148165,0.0,0.0,1,0.3933333333333333,0
442,PAYMENT,1.0,C6038780151,0.0,0.0,M7570511906,0.0,0.0,0,0.0,0
602,PAYMENT,1.0,C6201313620,0.0,0.0,M1692044390,0.0,0.0,0,0.0,0
438,CASH_OUT,4322.33,C2493660313,3670.59,0.0,M5869990861,0.0,0.0,1,0.39666666666666667,0
443,CASH_OUT,13338.82,C7027529118,13797.72,458.9,M9918338001,0.0,0.0,1,0.02666666666666667,0
515,TRANSFER,1865.28,C7638836058,2123.76,258.48,M9098037639,0.0,0.0,1,0.2866666666666667,0
307,CASH_OUT,235.62,C7824150224,235.08,0.0,M7537130187,0.0,0.0,1,0.05333333333333334,0
477,CASH_OUT,2445.28,C5182110973,3018.28,573.0,M2187592160,0.0,0.0,1,0.04,0
685,PAYMENT,181.57,C9633533290,261.44,79.87,M3960136787,0.0,0.0,0,0.0,0
625,CASH_OUT,2.22,C1529290976,7.19,4.97,C8796293088,8556.3,8556.3,0,0.016666666666666666,0
22,CASH_OUT,1.0,C8093179263,0.0,0.0,C8295757364,0.0,0.0,0,0.0033333333333333335,0
73,DEBIT,1.44,C9861449701,1.52,0.08,M9065458220,0.0,0.0,0,0.03,0
683,TRANSFER,1.0,C5033992825,0.0,0.0,C3483827971,0.0,1.0,0,0.22,0
92,PAYMENT,13809.42,C2178158203,39975.7,26166.28,M3580582653,0.0,0.0,0,0.0,0
666,CASH_OUT,85.92,C7979466538,413.26,327.34,C8570850267,113242.59,113242.59,0,0.0,0
398,DEBIT,107.49,C3698343112,314.97,207.48,M6651754819,0.0,0.0,0,0.02,0
188,PAYMENT,6.14,C6463640105,6.62,0.48,M1122712790,0.0,0.0,0,0.0,0
506,DEBIT,35327.4,C2274350418,51053.31,15725.91,M4865979921,0.0,0.0,0,0.023333333333333334,0
181,CASH_IN,104905.26,C6715961218,0.0,104905.26,C8703867299,362.7,362.7,0,0.0,0
641,TRANSFER,577.61,C3421719519,484.44,0.0,M9916475897,0.0,0.0,1,0.27,0
292,CASH_OUT,1.0,C7186766399,0.0,0.0,C1667779376,71194.05,71194.05,0,0.0,0
505,PAYMENT,63.68,C3420721027,80.0,16.32,M3636366799,0.0,0.0,0,0.0,0
583,CASH_IN,36604.83,C6161147047,48.31,36653.14,C4956843441,10.24,10.24,0,0.0,0
266,TRANSFER,2783.11,C7935554354,3650.66,867.55,M2910594463,0.0,0.0,1,0.17333333333333334,0
535,PAYMENT,793.98,C7296658772,905.37,111.39,M3355504998,0.0,0.0,0,0.0,0
680,TRANSFER,67.04,C7248258423,73.04,6.0,C2924568778,8.05,8.05,1,0.14333333333333334,0
480,CASH_OUT,1.0,C4853479481,0.24,0.0,C6134840512,156.15,156.15,0,0.07666666666666666,0
417,TRANSFER,553.02,C2825957977,570.75,17.73,M6744039057,0.0,0.0,1,0.16666666666666666,0
398,PAYMENT,39.68,C4509456565,51.96,12.28,M2885370603,0.0,0.0,0,0.0,0
352,CASH_OUT,866.08,C9274189261,1020.84,154.76,C3511301900,16006.62,16006.62,0,0.0,0
660,DEBIT,415.08,C3521166052,948.92,533.84,M8083396378,0.0,0.0,0,0.03,0
294,CASH_OUT,12162.76,C4302632494,19313.69,7150.93,C5891280823,296.13,296.13,0,0.0033333333333333335,0
318,TRANSFER,2495.59,C2283298067,3194.96,699.37,M8778927211,0.0,0.0,1,0.17333333333333334,0
550,TRANSFER,72.56,C2343100352,69.74,0.0,C4668931881,0.0,0.0,1,0.23333333333333334,0
614,TRANSFER,158.1,C7760554363,772.29,614.19,C9303765140,0.32,158.42,0,0.07,0
613,CASH_OUT,37.5,C3291270703,744.41,706.91,C5600836559,0.0,0.0,0,0.03,0
354,CASH_OUT,2812.65,C3144490990,3712.61,899.96,C5416031878,251.21,251.21,1,0.01,0
636,TRANSFER,3750.97,C3780475472,133438.45,129687.48,C6128695961,0.0,3750.97,0,0.0033333333333333335,0
710,TRANSFER,4758.47,C7316122432,4967.54,209.07,C2780016559,7230.08,7230.08,1,0.04,0
381,CASH_IN,19026.44,C7340498236,0.0,19026.44,C5033992825,0.0,0.0,0,0.0,0
384,PAYMENT,2.53,C1958682846,3791.55,3789.02,M4820942294,0.0,0.0,0,0.0,0
613,TRANSFER,1.0,C3713284816,0.0,0.0,C9484167278,2224.75,2225.75,0,0.07,0
234,CASH_OUT,2071.67,C7085004726,2546.78,475.11,C9807209816,13945.9,13945.9,1,0.0,0
91,CASH_OUT,1.0,C2079770569,0.03,0.0,C3693916084,697.77,697.77,0,0.01,0
497,TRANSFER,734.07,C6464693977,612.6,0.0,C5115980792,19.94,19.94,1,0.21666666666666667,0
1,CASH_OUT,4507.89,C3615507143,3942.83,0.0,C1885113834,34.93,34.93,1,0.07,0
664,CASH_OUT,2746.77,C2566942273,2994.1,247.33,C5899025962,82.96,82.96,0,0.02,0
194,CASH_OUT,1.0,C7242730249,1.14,0.14,C2771211118,128.46,128.46,0,0.0,0
402,CASH_OUT,285.42,C8394040015,334.93,49.51,C6385791669,89.64,89.64,0,0.01,0
678,PAYMENT,152.31,C9691572571,603.86,451.55,M5535650160,0.0,0.0,0,0.0,0
30,TRANSFER,1.0,C8282534126,0.0,0.0,C7805745017,1029.87,1030.87,0,0.01,0
387,TRANSFER,20.33,C4600630513,36.64,16.31,C1248704157,115581.67,115602.0,0,0.0,0
553,TRANSFER,41.52,C5898890707,75.12,33.6,C6504099682,122.25,163.77,0,0.08,0
39,CASH_OUT,12.19,C7460728316,18.28,6.09,C5354747485,0.0,0.0,0,0.0033333333333333335,0
37,TRANSFER,8.66,C2071552532,38.92,30.26,C9909257076,0.0,8.66,0,0.15666666666666668,0
183,CASH_OUT,204.56,C2617999521,275.28,70.72,M4554178984,0.0,0.0,1,0.0,0
228,CASH_OUT,2322.72,C3725152347,2970.91,648.19,M7750131975,0.0,0.0,1,0.0,0
444,DEBIT,1.0,C8507497883,0.0,0.0,M2115406331,0.0,0.0,0,0.05,0
597,CASH_OUT,3388.37,C2445662585,4776.57,1388.2,M5270048042,0.0,0.0,1,0.02,0
609,PAYMENT,1.0,C5315211627,0.0,0.0,M3369412470,0.0,0.0,0,0.0,0
177,PAYMENT,1.0,C6265016831,0.0,0.0,M7713758036,0.0,0.0,0,0.0,0
337,TRANSFER,1528.98,C7464468567,1905.57,376.59,C7575259637,367.38,367.38,1,0.0033333333333333335,0
647,PAYMENT,1.0,C3891796055,0.0,0.0,M8235474949,0.0,0.0,0,0.0,0
479,PAYMENT,15.82,C6963052185,51.95,36.13,M7664045502,0.0,0.0,0,0.0,0
334,TRANSFER,32186.4,C3667292043,166316.32,134129.92,C4287687478,0.0,32186.4,0,0.0,0
345,PAYMENT,1.0,C1293864877,0.0,0.0,M2773408660,0.0,0.0,0,0.0,0
122,TRANSFER,2.3,C4734111722,2.48,0.18,C6642266247,8758.83,8761.13,0,0.0,0
88,TRANSFER,33.78,C4239406957,82.52,48.74,C6822870815,0.0,33.78,0,0.16333333333333333,0
327,CASH_OUT,117.8,C8991514523,133.71,15.91,C8110054933,269.17,269.17,0,0.023333333333333334,0
371,TRANSFER,1.0,C7895255573,2.74,1.74,C4566852761,0.0,1.0,0,0.17333333333333334,0
633,PAYMENT,1.22,C4751509023,1.3,0.08,M4122901114,0.0,0.0,0,0.0,0
589,TRANSFER,147.12,C6892752604,414.56,267.44,C8373547961,0.0,147.12,0,0.07,0
197,PAYMENT,105.99,C4248149900,1378.91,1272.92,M4641902461,0.0,0.0,0,0.0,0
382,TRANSFER,4480.26,C1654477195,3892.24,0.0,C2846465000,0.0,0.0,1,0.7366666666666667,1
139,CASH_IN,18616.8,C7533932947,234.44,18851.24,C5439176290,13.04,13.04,0,0.0,0
511,PAYMENT,1.0,C2075321966,2.49,1.49,M5570190774,0.0,0.0,0,0.0,0
601,PAYMENT,1.0,C1311570307,0.0,0.0,M4460319291,0.0,0.0,0,0.0,0
675,DEBIT,1.0,C1654602021,0.0,0.0,M6401844042,0.0,0.0,0,0.05,0
687,TRANSFER,53985.09,C2087974350,57526.09,3541.0,C3250402001,51.53,54036.62,1,0.006666666666666667,0
122,TRANSFER,1.0,C9516893896,0.0,0.0,C7637761996,9438.42,9439.42,0,0.0,0
506,PAYMENT,96.83,C8272725281,614.96,518.13,M9288057824,0.0,0.0,0,0.0,0
605,TRANSFER,790.08,C9085085822,705.06,0.0,C4403845222,18.36,18.36,1,0.23666666666666666,0
358,TRANSFER,509.92,C4632522232,646.06,136.14,C3520417815,0.0,0.0,1,0.14333333333333334,0
311,TRANSFER,149.54,C4873807154,281.93,132.39,C4332894265,989.15,1138.69,0,0.0033333333333333335,0
322,CASH_OUT,2423.04,C2683446724,2664.68,241.64,M9822499208,0.0,0.0,1,0.006666666666666667,0
593,CASH_OUT,1.0,C7736142481,0.0,0.0,C8441393731,6.19,6.19,0,0.056666666666666664,0
704,TRANSFER,55.48,C7374584386,85.5,30.02,C7666129822,7487.17,7542.65,0,0.02666666666666667,0
535,DEBIT,2799.38,C6128695961,3750.97,951.59,M8144352013,0.0,0.0,0,0.03333333333333333,0
309,PAYMENT,1.0,C1659663750,0.0,0.0,M8144889126,0.0,0.0,0,0.0,0
434,TRANSFER,36.51,C7483366056,43.74,7.23,C2962491159,15.83,52.34,0,0.13333333333333333,0
638,PAYMENT,64.59,C7772180882,105.48,40.89,M7512767226,0.0,0.0,0,0.0,0
246,CASH_OUT,3555.58,C6797436140,3652.94,97.36,M2839566253,0.0,0.0,1,0.0033333333333333335,0
571,TRANSFER,1260.37,C9704383251,1093.63,0.0,M8643636805,0.0,0.0,1,0.4533333333333333,0
596,TRANSFER,1.0,C7699500243,0.0,0.0,C4647891535,22478.67,22479.67,0,0.0,0
638,CASH_OUT,511.75,C6329323383,730.42,218.67,C6287793163,0.0,0.0,0,0.02666666666666667,0
450,TRANSFER,281.04,C2869999754,314.55,33.51,C8236980551,31.6,312.64,0,0.06333333333333334,0
209,CASH_OUT,1.0,C4668931881,0.0,0.0,C1563524533,15.54,15.54,0,0.013333333333333334,0
625,PAYMENT,1.0,C4939447721,0.0,0.0,M9918338001,0.0,0.0,0,0.0,0
472,TRANSFER,8.04,C5268845844,37.27,29.23,C1600566083,59.79,67.83,0,0.12,0
290,CASH_OUT,2525.62,C4673457063,3328.66,803.04,M1257854279,0.0,0.0,1,0.01,0
610,TRANSFER,1442.53,C6880115912,1357.3,0.0,C1958682846,3789.02,3789.02,1,0.17,0
333,CASH_OUT,1.0,C5281907480,0.0,0.0,C2181241943,5487.12,5487.12,0,0.006666666666666667,0
45,TRANSFER,7507.54,C8215470878,24661.21,17153.67,C5125568431,5503.25,13010.79,0,0.0,0
563,TRANSFER,1.0,C3058982440,0.0,0.0,C2905584866,4.43,5.43,0,0.19333333333333333,0
186,PAYMENT,1.0,C7540301973,0.0,0.0,M6692705133,0.0,0.0,0,0.0,0
74,PAYMENT,1.0,C2407863065,0.0,0.0,M3705237613,0.0,0.0,0,0.0,0
104,PAYMENT,77.04,C8317619798,81.97,4.93,M4158643786,0.0,0.0,0,0.0,0
389,CASH_OUT,236.44,C7894019119,263.61,27.17,C2963288053,2.96,2.96,0,0.02,0
185,CASH_OUT,5393.41,C4302632494,7150.93,1757.52,M4554178984,0.0,0.0,1,0.0,0
323,CASH_OUT,4273.98,C3328710672,4709.5,435.52,C9354711271,16.98,16.98,0,0.006666666666666667,0
283,CASH_IN,144109.98,C8137972345,1057.45,145167.43,C1248786714,0.0,0.0,0,0.0,0
303,CASH_OUT,1.0,C1033015788,0.0,0.0,C3358880404,0.0,0.0,0,0.03333333333333333,0
67,TRANSFER,769.37,C2283298067,699.37,0.0,C4147025728,337.77,337.77,1,0.06666666666666667,0
618,CASH_OUT,2773.19,C5884391502,2974.24,201.05,C9318010743,1933.79,1933.79,1,0.013333333333333334,0
344,TRANSFER,7555.63,C2424706705,8173.26,617.63,M6651020291,0.0,0.0,1,0.21333333333333335,0
583,CASH_OUT,4.83,C4509456565,12.28,7.45,C7070083150,373.7,373.7,0,0.02666666666666667,0
174,DEBIT,26.46,C5872148707,36.25,9.79,M6845287382,0.0,0.0,0,0.02,0
298,TRANSFER,1253.99,C9411532909,1181.34,0.0,M9896529524,0.0,0.0,1,0.3566666666666667,0
156,TRANSFER,178.03,C8795212264,236.14,58.11,C9272277508,0.0,178.03,1,0.05333333333333334,0
494,TRANSFER,16968.64,C6618926823,19254.4,2285.76,C1485574228,0.0,0.0,1,0.3333333333333333,0
52,TRANSFER,325.93,C9661615016,286.11,0.0,M5067400473,0.0,0.0,1,0.23333333333333334,0
323,CASH_OUT,113.96,C9433570024,127.94,13.98,C5539308214,2646.73,2646.73,0,0.013333333333333334,0
347,CASH_OUT,3217.3,C9842186844,3079.01,0.0,M4122901114,0.0,0.0,1,0.13,0
606,PAYMENT,1.0,C1590838716,0.0,0.0,M2228388623,0.0,0.0,0,0.0,0
369,CASH_IN,110007.84,C2068687175,0.0,110007.84,C8046300793,7.66,7.66,0,0.0,0
89,TRANSFER,534.41,C5933179746,968.98,434.57,C3975704877,8248.84,8783.25,0,0.0,0
707,CASH_OUT,4843.21,C7471636437,4759.74,0.0,C2237386857,5408.98,5408.98,1,0.16666666666666666,0
3,PAYMENT,1.63,C5272119095,3.4,1.77,M8458323087,0.0,0.0,0,0.0,0
677,TRANSFER,1797.0,C7894019119,1558.19,0.0,C4130305126,39274.25,39274.25,1,0.04,0
294,TRANSFER,10717.26,C9807209816,13945.9,3228.64,M3636366799,0.0,0.0,1,0.2633333333333333,0
478,PAYMENT,1.0,C9924456994,0.0,0.0,M3566125120,0.0,0.0,0,0.0,0
388,PAYMENT,2.16,C4927019611,5.26,3.1,M3517195150,0.0,0.0,0,0.0,0
338,DEBIT,8.75,C5439176290,13.04,4.29,M3297681898,0.0,0.0,0,0.03333333333333333,0
613,PAYMENT,71.16,C7631970791,209.28,138.12,M9933702652,0.0,0.0,0,0.0,0
450,TRANSFER,2241.12,C5998623100,2460.84,219.72,M1666898313,0.0,0.0,1,0.29,0
464,DEBIT,7407.19,C2416760621,14781.85,7374.66,M6313472215,0.0,0.0,0,0.03,0
372,TRANSFER,55.37,C5689870435,130.06,74.69,C7633342225,0.0,55.37,0,0.15333333333333332,0
709,PAYMENT,1.0,C7556078550,0.0,0.0,M5959736235,0.0,0.0,0,0.0,0
191,TRANSFER,248.01,C8236980551,312.64,64.63,C6877052039,3.56,251.57,0,0.023333333333333334,0
662,TRANSFER,1235.14,C8033702319,1557.69,322.55,C2918260963,15.0,15.0,1,0.16333333333333333,0
136,PAYMENT,1.0,C8252045593,0.0,0.0,M7270955446,0.0,0.0,0,0.0,0
470,DEBIT,1022.74,C2095286033,1339.32,316.58,M1240140248,0.0,0.0,0,0.03,0
686,PAYMENT,10817.02,C8584566722,12451.22,1634.2,M5067400473,0.0,0.0,0,0.0,0
618,CASH_OUT,32892.21,C3178995337,30546.61,0.0,C4965395580,190841.28,190841.28,1,0.02,0
355,TRANSFER,3059.86,C3906611156,4090.42,1030.56,M2541015125,0.0,0.0,1,0.20666666666666667,0
657,DEBIT,2.77,C5306459450,3.24,0.47,M7351460539,0.0,0.0,0,0.05333333333333334,0
518,CASH_OUT,1.0,C7608141858,0.0,0.0,C7196439534,987.77,987.77,0,0.04666666666666667,0
43,PAYMENT,677.54,C9806189256,1372.63,695.09,M9773795424,0.0,0.0,0,0.0,0
263,TRANSFER,1441.87,C9954587710,1717.68,275.81,C9032096058,0.0,1441.87,1,0.0033333333333333335,0
312,TRANSFER,939.66,C9196564761,1173.55,233.89,C2617999521,70.72,70.72,1,0.06666666666666667,0
91,PAYMENT,1.0,C4110258855,0.0,0.0,M2773408660,0.0,0.0,0,0.0,0
144,PAYMENT,1465.9,C9441018790,1580.15,114.25,M2916502228,0.0,0.0,0,0.0,0
420,CASH_OUT,3944.46,C1799718923,3543.93,0.0,C5071218314,472.41,472.41,1,0.37666666666666665,0
498,TRANSFER,5247.79,C9434946584,8354.07,3106.28,C7660157097,231.57,5479.36,0,0.03,0
369,PAYMENT,68.37,C4106464319,207.94,139.57,M4522855590,0.0,0.0,0,0.0,0
366,PAYMENT,9.44,C2825957977,17.73,8.29,M9068916300,0.0,0.0,0,0.0,0
222,PAYMENT,1911.01,C7533932947,18851.24,16940.23,M7928143230,0.0,0.0,0,0.0,0
670,TRANSFER,2.09,C6425814872,2014.95,2012.86,C7420846622,2306.7,2308.79,0,0.02,0
675,PAYMENT,1.0,C6102144947,0.0,0.0,M7537130187,0.0,0.0,0,0.0,0
664,TRANSFER,510.46,C5431267548,688.7,178.24,C9467483275,28.14,538.6,0,0.03,0
443,CASH_OUT,1.0,C8575707116,0.0,0.0,C5884080139,12155.86,12155.86,0,0.05,0
146,CASH_OUT,32313.4,C6691628146,29697.14,0.0,M9021793855,0.0,0.0,1,0.01,0
161,CASH_OUT,57.79,C1795212538,75.81,18.02,C5783809766,14174.9,14174.9,0,0.0033333333333333335,0
381,CASH_OUT,56.77,C3698305085,230.89,174.12,C2620054076,220.23,220.23,0,0.0,0
683,TRANSFER,279.61,C8478529823,260.08,0.0,C2082326234,177.68,457.29,1,0.09,0
294,TRANSFER,1.0,C1195066088,0.0,0.0,C4302632494,1757.52,1758.52,0,0.006666666666666667,0
590,TRANSFER,1147.59,C1306702926,1309.53,161.94,C9411532909,0.0,0.0,1,0.16666666666666666,0
325,PAYMENT,21.15,C3438771483,28.27,7.12,M6606958660,0.0,0.0,0,0.0,0
23,TRANSFER,404.9,C5735817014,805.49,400.59,C9392515666,0.0,404.9,0,0.006666666666666667,0
608,PAYMENT,2.74,C4558302256,4.09,1.35,M2156184315,0.0,0.0,0,0.0,0
523,TRANSFER,45.28,C8879525611,50.82,5.54,M6894024976,0.0,0.0,1,0.17333333333333334,0
215,TRANSFER,139.81,C5785481124,584.77,444.96,C4102872611,89.26,229.07,0,0.01,0
505,CASH_OUT,168.36,C6329323383,218.67,50.31,C4067961943,214.64,214.64,0,0.03333333333333333,0
251,CASH_OUT,1858.36,C9136780852,2129.04,270.68,C1602569046,59641.98,59641.98,1,0.0,0
686,CASH_OUT,2668.14,C7389111087,3077.67,409.53,C1459442845,0.0,0.0,1,0.023333333333333334,0
662,TRANSFER,1523.43,C9557663181,1770.25,246.82,M6865994703,0.0,0.0,1,0.22333333333333333,0
77,PAYMENT,122.71,C7763765757,513.18,390.47,M7341757401,0.0,0.0,0,0.0,0
169,PAYMENT,1.0,C2947476917,0.0,0.0,M1857561275,0.0,0.0,0,0.0,0
332,TRANSFER,464.63,C1521521078,1636.98,1172.35,C4231729466,0.0,464.63,0,0.0033333333333333335,0
337,CASH_IN,93861.18,C8867077130,432.51,94293.69,C8588769565,0.0,0.0,0,0.0,0
381,CASH_OUT,1.0,C9752058817,1.0,0.0,C4490722186,3710.61,3710.61,0,0.0033333333333333335,0
332,CASH_OUT,8128.76,C9166381136,22539.68,14410.92,C1041531046,11.5,11.5,0,0.0,0
82,TRANSFER,1.0,C4747699292,0.0,0.0,C7059726570,2033.44,2034.44,0,0.01,0
23,CASH_OUT,1736.94,C7226553010,2450.68,713.74,M9933702652,0.0,0.0,1,0.0,0
590,DEBIT,1.0,C2014766981,0.0,0.0,M8058679999,0.0,0.0,0,0.04666666666666667,0
119,TRANSFER,45863.34,C5512036684,60551.12,14687.78,M7713758036,0.0,0.0,1,0.22333333333333333,0
140,CASH_OUT,2.91,C1149460439,9.47,6.56,C5354747485,0.0,0.0,0,0.0033333333333333335,0
329,TRANSFER,1233.13,C9547119184,1285.58,52.45,C8372755146,0.0,0.0,1,0.19,0
541,PAYMENT,18.53,C2293434554,36.37,17.84,M9020002737,0.0,0.0,0,0.0,0
301,PAYMENT,1.0,C8689593739,0.0,0.0,M3476758136,0.0,0.0,0,0.0,0
559,PAYMENT,392.83,C2082326234,457.29,64.46,M5734228580,0.0,0.0,0,0.0,0
210,CASH_OUT,3783.21,C6884333221,4167.6,384.39,C9165632300,2.15,2.15,1,0.0,0
380,TRANSFER,1.0,C1913706213,0.0,0.0,C5071897791,0.0,1.0,0,0.22,0
478,PAYMENT,1.0,C7894019119,0.0,0.0,M7717262223,0.0,0.0,0,0.0,0
491,TRANSFER,3540.72,C6947080764,4120.99,580.27,M9410569618,0.0,0.0,1,0.30333333333333334,0
670,TRANSFER,3.64,C2017675569,6.14,2.5,C2099184899,0.0,3.64,0,0.17666666666666667,0
125,PAYMENT,345.54,C4022360089,472.19,126.65,M8768773991,0.0,0.0,0,0.0,0
524,CASH_OUT,1.0,C3384006407,2.6,1.6,C8075122626,43.99,43.99,0,0.03666666666666667,0
457,TRANSFER,108.88,C9274189261,154.76,45.88,C8948573913,52.22,52.22,1,0.11666666666666667,0
345,TRANSFER,4100.6,C6231117883,5619.8,1519.2,C2848792488,12.62,4113.22,0,0.0,0
141,TRANSFER,634.03,C2224363672,588.66,0.0,C4526242854,26.68,26.68,1,0.22333333333333333,0
580,TRANSFER,22.08,C3245108207,50.19,28.11,C4201225242,0.0,22.08,0,0.17333333333333334,0
297,CASH_OUT,1023.76,C7805745017,1030.87,7.11,C7475684019,40.21,40.21,1,0.03333333333333333,0
644,CASH_OUT,23.15,C5072538783,52.32,29.17,C2893321208,548.14,548.14,0,0.02666666666666667,0
105,TRANSFER,3463.84,C1197092148,3933.47,469.63,M4896576569,0.0,0.0,1,0.20333333333333334,0
409,PAYMENT,178.57,C6645808194,217.08,38.51,M6894024976,0.0,0.0,0,0.0,0
60,PAYMENT,1.21,C6153541642,2.78,1.57,M8646369354,0.0,0.0,0,0.0,0
662,TRANSFER,1921.81,C4180599722,2680.15,758.34,C3019214800,71.87,71.87,1,0.21333333333333335,0
74,CASH_OUT,232.13,C8033702319,322.55,90.42,M2129491690,0.0,0.0,1,0.0,0
649,PAYMENT,63.07,C2940955281,91.95,28.88,M3965860354,0.0,0.0,0,0.0,0
268,TRANSFER,1.0,C6491309593,0.0,0.0,C1654477195,0.0,1.0,0,0.23333333333333334,0
261,PAYMENT,39.45,C8948573913,52.22,12.77,M3580582653,0.0,0.0,0,0.0,0
460,PAYMENT,1.0,C5381866906,0.0,0.0,M3508990774,0.0,0.0,0,0.0,0
302,CASH_OUT,5933.86,C3841827734,6760.11,826.25,C5416031878,251.21,251.21,0,0.01,0
217,TRANSFER,1.0,C9553561889,1.0,0.0,C8737025391,277.58,278.58,0,0.01,0
9,DEBIT,20586.6,C3205292512,75456.96,54870.36,M1343875431,0.0,0.0,0,0.006666666666666667,0
6,TRANSFER,2.52,C8084809436,4.12,1.6,C8394040015,49.51,52.03,0,0.09666666666666666,0
539,TRANSFER,1.0,C5666504394,0.0,0.0,C4751509023,0.08,1.08,0,0.22333333333333333,0
226,PAYMENT,182.16,C5935852056,3667.09,3484.93,M9410569618,0.0,0.0,0,0.0,0
317,CASH_OUT,29577.63,C2349406919,42925.87,13348.24,C1614685938,2768.61,2768.61,0,0.0,0
681,PAYMENT,1.0,C2020395327,0.0,0.0,M7270955446,0.0,0.0,0,0.0,0
693,TRANSFER,64.97,C6009268066,73.58,8.61,C6928691380,28.68,28.68,1,0.13,0
487,TRANSFER,3060.42,C3095318649,2691.97,0.0,M8058679999,0.0,0.0,1,0.9266666666666666,1
217,TRANSFER,8.4,C4163119785,15.23,6.83,C2416760621,7374.66,7383.06,0,0.0,0
273,DEBIT,347.98,C5785481124,444.96,96.98,M6053489772,0.0,0.0,0,0.016666666666666666,0
256,TRANSFER,753.81,C3343292475,18507.41,17753.6,C2620054076,220.23,974.04,0,0.0033333333333333335,0
26,TRANSFER,1.0,C5789617427,0.0,0.0,C7389111087,409.53,410.53,0,0.013333333333333334,0
106,DEBIT,8.53,C9953716239,31.78,23.25,M5000316394,0.0,0.0,0,0.016666666666666666,0
329,TRANSFER,2777.32,C5879617459,3160.38,383.06,C7190276026,0.0,2777.32,1,0.0033333333333333335,0
693,CASH_OUT,828.98,C5403510324,856.09,27.11,M6790024996,0.0,0.0,1,0.03666666666666667,0
401,PAYMENT,81.36,C9505085936,194.57,113.21,M1802753761,0.0,0.0,0,0.0,0
127,PAYMENT,674.72,C6761084958,3179.23,2504.51,M7050091525,0.0,0.0,0,0.0,0
511,CASH_OUT,255.24,C1600337712,296.39,41.15,C9786748825,1.67,1.67,1,0.03666666666666667,0
84,TRANSFER,2907.8,C4163119785,2898.61,0.0,M3369412470,0.0,0.0,1,0.8566666666666667,1
278,CASH_OUT,1.0,C9868845806,0.0,0.0,C8650676663,382.63,382.63,0,0.013333333333333334,0
508,PAYMENT,34.49,C3108307952,2299.76,2265.27,M5985331805,0.0,0.0,0,0.0,0
129,PAYMENT,9.77,C1885113834,34.93,25.16,M8102481401,0.0,0.0,0,0.0,0
39,TRANSFER,6837.33,C6515369278,6687.19,0.0,C6773938304,0.0,0.0,1,0.7766666666666666,1
568,DEBIT,1.0,C2480915452,0.0,0.0,M2635881694,0.0,0.0,0,0.04666666666666667,0
10,PAYMENT,1.0,C8282534126,0.0,0.0,M5585110649,0.0,0.0,0,0.0,0
436,TRANSFER,182.05,C1470939445,325.82,143.77,C2409274786,213.38,395.43,0,0.043333333333333335,0
166,TRANSFER,2734.27,C3115806625,3246.63,512.36,M6045729129,0.0,0.0,1,0.13,0
3,PAYMENT,129.91,C5996775663,148.2,18.29,M8667946580,0.0,0.0,0,0.0,0
90,CASH_OUT,1.0,C7049001493,0.0,0.0,C7645527239,0.0,0.0,0,0.006666666666666667,0
658,CASH_OUT,7.22,C2825957977,8.29,1.07,C2424706705,617.63,617.63,0,0.03666666666666667,0
13,CASH_OUT,3265.67,C1551395583,3757.33,491.66,C5763350700,80.16,80.16,1,0.0,0
453,CASH_OUT,747.94,C7418301077,2184.7,1436.76,C3781569954,301.27,301.27,0,0.04,0
8,TRANSFER,4388.82,C6576395496,3979.44,0.0,C1160913827,144.2,144.2,1,0.2633333333333333,0
287,PAYMENT,1.0,C7757700186,0.0,0.0,M3831598303,0.0,0.0,0,0.0,0
115,DEBIT,47293.55,C8001729836,98130.82,50837.27,M3580582653,0.0,0.0,0,0.01,0
661,PAYMENT,1.0,C2304963614,0.0,0.0,M7702529931,0.0,0.0,0,0.0,0
224,CASH_OUT,1.0,C4656572173,0.0,0.0,C5215140451,0.0,0.0,0,0.013333333333333334,0
271,CASH_OUT,298.34,C1805492785,269.75,0.0,C3725152347,648.19,648.19,1,0.03666666666666667,0
589,CASH_OUT,10737.44,C9166381136,14410.92,3673.48,M7678293431,0.0,0.0,1,0.016666666666666666,0
154,CASH_IN,32397.9,C3470617247,37067.26,69465.16,C4767539382,1.4,1.4,0,0.0,0
234,CASH_OUT,163.34,C5750815980,164.34,1.0,C6000009225,1165.63,1165.63,1,0.02,0
49,TRANSFER,1324.67,C9337145038,1783.66,458.99,C1487258103,2.52,2.52,1,0.12,0
28,PAYMENT,2.63,C5693307665,9.35,6.72,M2187592160,0.0,0.0,0,0.0,0
631,PAYMENT,1.0,C2647489402,0.0,0.0,M7351460539,0.0,0.0,0,0.0,0
261,TRANSFER,34.07,C1855256552,58.16,24.09,C3806215682,0.0,34.07,0,0.15666666666666668,0
501,CASH_OUT,320.63,C3380064537,365.11,44.48,C4965395580,190841.28,190841.28,0,0.0033333333333333335,0
20,CASH_OUT,69937.11,C9558091177,92682.84,22745.73,C9738752801,203.38,203.38,0,0.0,0
670,DEBIT,1.0,C9428056968,0.0,0.0,M1122712790,0.0,0.0,0,0.05,0
249,PAYMENT,8.27,C5972484792,21.06,12.79,M8626371177,0.0,0.0,0,0.0,0
65,TRANSFER,43.03,C7517938612,72.1,29.07,C4482141802,35576.07,35619.1,0,0.0033333333333333335,0
633,PAYMENT,1.0,C4594787485,0.0,0.0,M4865979921,0.0,0.0,0,0.0,0
369,TRANSFER,980.98,C9437783771,962.47,0.0,C5877639950,74.29,74.29,1,0.2,0
243,TRANSFER,2459.74,C6046864799,2495.16,35.42,C9274189261,45.88,2505.62,1,0.07,0
3,CASH_IN,23057.81,C6674372082,1.67,23059.48,C1696846464,4.48,4.48,0,0.0033333333333333335,0
10,PAYMENT,273.91,C7685540186,827.82,553.91,M5891831621,0.0,0.0,0,0.0,0
624,CASH_OUT,380.21,C8468071953,354.22,0.0,M9900829971,0.0,0.0,1,0.07333333333333333,0
213,TRANSFER,3330.22,C4636537575,2848.92,0.0,M3156792018,0.0,0.0,1,0.8133333333333334,1
661,PAYMENT,1.0,C5646880148,0.0,0.0,M6525576685,0.0,0.0,0,0.0,0
531,TRANSFER,1.0,C7161404428,0.0,0.0,C7839819230,0.0,1.0,0,0.22333333333333333,0
83,TRANSFER,7748.91,C8309221034,11799.15,4050.24,C5783809766,14174.9,21923.81,0,0.0,0
24,TRANSFER,1109.32,C2647489402,1110.32,1.0,C9730449971,0.0,0.0,1,0.22666666666666666,0
559,PAYMENT,1.0,C7603978731,0.0,0.0,M3019265031,0.0,0.0,0,0.0,0
77,TRANSFER,426.11,C5333183840,493.52,67.41,C2570991899,24.71,450.82,1,0.03,0
463,PAYMENT,491.02,C3734252963,1621.99,1130.97,M3208200227,0.0,0.0,0,0.0,0
182,CASH_OUT,17994.37,C5293274004,16224.01,0.0,M1504729135,0.0,0.0,1,0.08333333333333333,0
655,TRANSFER,2821.2,C5774080233,3276.73,455.53,M1185303518,0.0,0.0,1,0.31333333333333335,0
133,PAYMENT,1.0,C6576395496,0.0,0.0,M1504729135,0.0,0.0,0,0.0,0
3,PAYMENT,10.94,C9558091177,22745.73,22734.79,M4896576569,0.0,0.0,0,0.0,0
333,PAYMENT,3338.76,C8215470878,17153.67,13814.91,M8646369354,0.0,0.0,0,0.0,0
62,TRANSFER,640.52,C7988845536,607.1,0.0,C8934927891,468.23,468.23,1,0.06333333333333334,0
708,PAYMENT,49.23,C3980491761,124.99,75.76,M3595066420,0.0,0.0,0,0.0033333333333333335,0
365,PAYMENT,1.0,C9189503254,0.0,0.0,M4093474499,0.0,0.0,0,0.0,0
66,PAYMENT,231.89,C3799264931,420.48,188.59,M1096405016,0.0,0.0,0,0.0,0
349,CASH_OUT,1.0,C8316205130,0.0,0.0,C8235717104,595.56,595.56,0,0.03333333333333333,0
704,CASH_OUT,3601.37,C2687477596,3160.03,0.0,C7664258343,308.08,308.08,1,0.18,0
71,CASH_OUT,282.21,C1234359689,243.55,0.0,C9954587710,275.81,275.81,1,0.016666666666666666,0
453,PAYMENT,9.55,C3612617557,12.82,3.27,M7453081889,0.0,0.0,0,0.0,0
578,TRANSFER,143213.33,C9123612497,121998.81,0.0,M6999146585,0.0,0.0,1,0.95,1
428,PAYMENT,48.29,C5031086659,200.35,152.06,M9581187661,0.0,0.0,0,0.0,0
397,DEBIT,185.08,C8703867299,362.7,177.62,M7351460539,0.0,0.0,0,0.02,0
344,CASH_OUT,94.09,C5899025962,82.96,0.0,M1306420495,0.0,0.0,1,0.04666666666666667,0
360,CASH_OUT,17.38,C6687206971,33.28,15.9,C6276339732,728.87,728.87,0,0.01,0
553,PAYMENT,49.88,C2250949136,67.89,18.01,M8643636805,0.0,0.0,0,0.0,0
714,CASH_OUT,838.12,C3144490990,899.96,61.84,C7452729913,209.33,209.33,0,0.03666666666666667,0
685,TRANSFER,196.59,C4473306055,172.54,0.0,C6887132821,183.37,183.37,1,0.11,0
636,PAYMENT,1102.43,C7568861677,11759.84,10657.41,M3072183247,0.0,0.0,0,0.0,0
53,TRANSFER,398.49,C1230249217,556.47,157.98,C5536224717,0.0,0.0,1,0.08333333333333333,0
258,PAYMENT,869.53,C8570850267,113242.59,112373.06,M2418407139,0.0,0.0,0,0.0,0
490,PAYMENT,1.0,C9376711497,0.0,0.0,M3517195150,0.0,0.0,0,0.0,0
690,TRANSFER,2477.4,C2067970820,2211.53,0.0,C1515024824,0.0,0.0,1,0.84,1
356,TRANSFER,1.0,C2870403050,0.0,0.0,C4877520294,30.41,31.41,0,0.16,0
691,PAYMENT,603.51,C3783290795,820.66,217.15,M7570511906,0.0,0.0,0,0.0,0
292,TRANSFER,2732.75,C9461708554,2825.98,93.23,M6894024976,0.0,0.0,1,0.3933333333333333,0
442,PAYMENT,1.0,C1124331395,0.0,0.0,M6732306182,0.0,0.0,0,0.0,0
48,TRANSFER,23927.74,C9558091177,22734.79,0.0,M7340036327,0.0,0.0,1,0.8233333333333334,1
395,PAYMENT,486.35,C8086172302,560.93,74.58,M9581187661,0.0,0.0,0,0.0,0
525,PAYMENT,1.0,C6611356986,0.0,0.0,M4892544235,0.0,0.0,0,0.0,0
417,CASH_OUT,10.23,C5268845844,29.23,19.0,C6542943838,0.0,0.0,0,0.05333333333333334,0
223,TRANSFER,1.0,C2947476917,0.0,0.0,C9941564880,5.99,6.99,0,0.19333333333333333,0
381,CASH_OUT,1.0,C2224363672,0.0,0.0,C7316122432,209.07,209.07,0,0.013333333333333334,0
330,PAYMENT,2.59,C4783282817,3.72,1.13,M8102481401,0.0,0.0,0,0.0,0
428,CASH_IN,44107.31,C9166381136,3673.48,47780.79,C3365835550,1963.33,1963.33,0,0.0033333333333333335,0
88,PAYMENT,11.05,C4682870880,11.64,0.59,M7717262223,0.0,0.0,0,0.0,0
720,PAYMENT,58.76,C7333316743,149.01,90.25,M9640701016,0.0,0.0,0,0.0,0
637,PAYMENT,1.0,C6493800024,0.0,0.0,M5937271321,0.0,0.0,0,0.0,0
478,TRANSFER,64.09,C8033702319,90.42,26.33,C6591038760,0.0,64.09,0,0.17333333333333334,0
419,TRANSFER,3.03,C4946081594,4.94,1.91,C8132531532,0.0,3.03,0,0.16666666666666666,0
124,CASH_IN,58926.66,C3799620568,590.85,59517.51,C5022964382,0.0,0.0,0,0.0,0
663,PAYMENT,95.95,C2771211118,128.46,32.51,M3369412470,0.0,0.0,0,0.0,0
706,PAYMENT,1.0,C8617360361,1.0,0.0,M4665677395,0.0,0.0,0,0.0,0
317,PAYMENT,103.12,C8375996697,138.38,35.26,M5869990861,0.0,0.0,0,0.0,0
439,TRANSFER,11299.46,C7568980185,10234.61,0.0,M6247463262,0.0,0.0,1,0.8766666666666667,1
48,TRANSFER,23.73,C8417757797,48.32,24.59,C1541964762,1.16,24.89,0,0.15666666666666668,0
581,PAYMENT,2.23,C6805759868,2189.51,2187.28,M1908459040,0.0,0.0,0,0.0,0
707,CASH_OUT,1.0,C8598503901,0.17,0.0,C7059591606,0.0,0.0,0,0.06,0
277,TRANSFER,158.16,C5998623100,219.72,61.56,M1199447370,0.0,0.0,1,0.16,0
142,CASH_OUT,38.19,C3426709025,158.06,119.87,C6837975356,553.73,553.73,0,0.01,0
379,DEBIT,29.22,C1083651970,79.81,50.59,M9098037639,0.0,0.0,0,0.023333333333333334,0
202,TRANSFER,157.39,C2994056084,209.8,52.41,M7512767226,0.0,0.0,1,0.16,0
263,DEBIT,124.47,C1955345537,157.39,32.92,M1096405016,0.0,0.0,0,0.016666666666666666,0
459,TRANSFER,1117.57,C6000009225,1165.63,48.06,C5354747485,0.0,0.0,1,0.23333333333333334,0
303,CASH_IN,123005.49,C2752536389,0.0,123005.49,C1233079614,96.86,96.86,0,0.0,0
423,PAYMENT,2026.86,C4308701294,3287.87,1261.01,M6053489772,0.0,0.0,0,0.0,0
488,TRANSFER,2549.9,C5899025962,3421.97,872.07,C8906163641,128.04,128.04,1,0.14,0
201,TRANSFER,4941.38,C4026816435,4218.73,0.0,M1083302600,0.0,0.0,1,0.8,1
394,PAYMENT,1.0,C6714723660,0.0,0.0,M8063693463,0.0,0.0,0,0.0,0
308,TRANSFER,52474.38,C1667779376,71194.05,18719.67,C4163119785,0.0,52474.38,0,0.0,0
40,PAYMENT,183.12,C4471642620,218.34,35.22,M2121448210,0.0,0.0,0,0.0,0
431,TRANSFER,126.96,C7958672456,181.1,54.14,C5182110973,573.0,573.0,1,0.04666666666666667,0
506,PAYMENT,23.94,C8303853049,64.72,40.78,M6732306182,0.0,0.0,0,0.0,0
577,TRANSFER,1520.91,C1662259333,1318.91,0.0,C9218363978,25.64,25.64,1,0.43,0
607,PAYMENT,23.86,C5763350700,80.16,56.3,M6692705133,0.0,0.0,0,0.0,0
128,CASH_IN,4592.5,C3470617247,69465.16,74057.66,C5868640848,438.1,438.1,0,0.0,0
554,TRANSFER,204.48,C2878930355,899.62,695.14,C2266622851,18.27,222.75,0,0.08,0
541,PAYMENT,1.0,C6358023411,0.0,0.0,M8235474949,0.0,0.0,0,0.0,0
55,TRANSFER,56.72,C6097953682,53.29,0.0,C8666074487,378.85,378.85,1,0.016666666666666666,0
579,TRANSFER,9.13,C1547374338,37.26,28.13,C4706249669,0.0,9.13,0,0.17333333333333334,0
358,TRANSFER,1163.86,C7196439534,987.77,0.0,M1732578761,0.0,0.0,1,0.3233333333333333,0
175,TRANSFER,75070.36,C3470617247,74057.66,0.0,C7560389844,29.75,75100.11,1,0.03666666666666667,0
492,PAYMENT,83.72,C2486744752,275.92,192.2,M6515490818,0.0,0.0,0,0.0,0
591,CASH_OUT,886.06,C5254923696,1606.78,720.72,C2087974350,3541.0,3541.0,0,0.01,0
505,CASH_OUT,710.56,C9067664957,956.28,245.72,M1368287033,0.0,0.0,1,0.04,0
577,PAYMENT,37.06,C6110943464,42.55,5.49,M8874242713,0.0,0.0,0,0.0,0
112,CASH_OUT,48.76,C9741628563,57.94,9.18,C8852676046,44584.71,44584.71,1,0.0,0
471,PAYMENT,136.91,C6892752604,267.44,130.53,M2711123163,0.0,0.0,0,0.0,0
476,TRANSFER,40.11,C2254516608,107.28,67.17,C7316122432,209.07,249.18,0,0.07,0
182,CASH_OUT,1.0,C3893976444,0.0,0.0,C8285000265,53.47,53.47,0,0.0,0
80,TRANSFER,13.65,C4403845222,18.36,4.71,C2082326234,64.46,78.11,0,0.09666666666666666,0
520,CASH_IN,12275.07,C7340498236,19026.44,31301.51,C6000009225,48.06,48.06,0,0.0,0
539,TRANSFER,181.86,C1225052083,208.5,26.64,M1096405016,0.0,0.0,1,0.17333333333333334,0
595,DEBIT,1.0,C2549748436,0.0,0.0,M1811839103,0.0,0.0,0,0.04666666666666667,0
133,DEBIT,1903.88,C7077131430,2624.66,720.78,M4896576569,0.0,0.0,0,0.016666666666666666,0
371,TRANSFER,925.7,C4311931853,806.84,0.0,M3119908041,0.0,0.0,1,0.31,0
638,TRANSFER,26150.71,C4130305126,39274.25,13123.54,C5891280823,296.13,26446.84,0,0.0,0
267,TRANSFER,1798.06,C1736086849,2222.66,424.6,M6247463262,0.0,0.0,1,0.18333333333333332,0
98,TRANSFER,140.8,C1399546384,234.1,93.3,C7481631841,1508.64,1649.44,0,0.006666666666666667,0
615,PAYMENT,1.0,C2111272861,1.23,0.23,M2910594463,0.0,0.0,0,0.0,0
110,TRANSFER,1.83,C9165632300,2.15,0.32,C2041349374,0.0,1.83,0,0.22666666666666666,0
403,DEBIT,110.27,C5951406973,192.75,82.48,M4601406440,0.0,0.0,0,0.023333333333333334,0
486,PAYMENT,1.0,C5199176431,0.0,0.0,M4641902461,0.0,0.0,0,0.0,0
399,TRANSFER,7078.27,C5610783750,6256.24,0.0,C6027311960,1.46,1.46,1,0.7233333333333334,1
175,CASH_OUT,103.02,C4632522232,136.14,33.12,M7717262223,0.0,0.0,1,0.0033333333333333335,0
412,DEBIT,28.68,C6000009225,48.06,19.38,M4460319291,0.0,0.0,0,0.03333333333333333,0
618,PAYMENT,6.0,C6000009225,19.38,13.38,M7050091525,0.0,0.0,0,0.0,0
232,PAYMENT,1.21,C2168041588,278.44,277.23,M6651754819,0.0,0.0,0,0.0,0
324,TRANSFER,1215.95,C6471691689,1661.37,445.42,M7713758036,0.0,0.0,1,0.13333333333333333,0
365,CASH_OUT,2096.01,C3376077463,1870.52,0.0,M3536590481,0.0,0.0,1,0.12333333333333334,0
190,DEBIT,4874.38,C8047877267,5158.91,284.53,M9444143872,0.0,0.0,0,0.02,0
175,PAYMENT,48.91,C1945826486,201.35,152.44,M7702529931,0.0,0.0,0,0.0,0
200,DEBIT,1.4,C9285415473,2.16,0.76,M6692705133,0.0,0.0,0,0.02666666666666667,0
322,PAYMENT,1070.87,C3918046336,1599.4,528.53,M2303835765,0.0,0.0,0,0.0,0
49,DEBIT,1.0,C6306523372,1.0,0.0,M3223687972,0.0,0.0,0,0.02666666666666667,0
683,CASH_OUT,21.75,C9953716239,23.25,1.5,C6884882440,53.99,53.99,0,0.03,0
596,CASH_OUT,1.0,C7668801906,0.0,0.0,C9245348297,6.61,6.61,0,0.056666666666666664,0
259,PAYMENT,24.96,C3815235019,33.44,8.48,M1676220116,0.0,0.0,0,0.0,0
620,PAYMENT,1.0,C3363629219,0.0,0.0,M4896576569,0.0,0.0,0,0.0,0
206,PAYMENT,1.04,C6402580787,23058.6,23057.56,M3660800029,0.0,0.0,0,0.0,0
491,PAYMENT,1.0,C5903457537,0.0,0.0,M3508990774,0.0,0.0,0,0.0,0
332,TRANSFER,1.0,C3780439666,0.0,0.0,C2369705770,16.69,17.69,0,0.17666666666666667,0
317,CASH_OUT,1350.75,C6012067717,1508.3,157.55,C1039887139,1228.39,1228.39,1,0.0,0
418,CASH_OUT,13482.66,C8663837890,51751.06,38268.4,C4993808565,1062.48,1062.48,0,0.0033333333333333335,0
522,TRANSFER,181.93,C9272277508,178.03,0.0,M5564953924,0.0,0.0,1,0.23,0
255,PAYMENT,1.0,C7249213370,0.0,0.0,M2885370603,0.0,0.0,0,0.0,0
635,CASH_IN,143396.51,C2761091683,300.53,143697.04,C9248046539,0.0,0.0,0,0.0,0
142,PAYMENT,1.0,C8033062794,0.0,0.0,M8778927211,0.0,0.0,0,0.0,0
503,CASH_OUT,2949.01,C2586568081,3550.89,601.88,M1732578761,0.0,0.0,1,0.02666666666666667,0
581,TRANSFER,2750.4,C7190276026,2777.32,26.92,M9255306810,0.0,0.0,1,0.5166666666666667,1
561,CASH_IN,1096.63,C2283298067,0.0,1096.63,C9392707144,817.89,817.89,0,0.0,0
523,TRANSFER,1.0,C4895020135,3.11,2.11,C4471642620,35.22,36.22,0,0.14,0
421,TRANSFER,235.98,C2424706705,617.63,381.65,C7590302909,79.42,315.4,0,0.04,0
601,PAYMENT,1.0,C9650701349,0.0,0.0,M4158643786,0.0,0.0,0,0.0,0
101,PAYMENT,5.1,C2283298067,1096.63,1091.53,M5959736235,0.0,0.0,0,0.0,0
671,TRANSFER,132.58,C6469458472,114.41,0.0,M6992094064,0.0,0.0,1,0.22333333333333333,0
40,PAYMENT,1.0,C6289150149,1.0,0.0,M3960136787,0.0,0.0,0,0.0,0
30,PAYMENT,277.49,C8760642358,420.29,142.8,M2155671697,0.0,0.0,0,0.0,0
157,CASH_OUT,93023.96,C3667292043,134129.92,41105.96,C5992908271,108.07,108.07,0,0.0,0
587,PAYMENT,1.0,C9924456994,0.0,0.0,M3811254192,0.0,0.0,0,0.0,0
40,CASH_OUT,21.95,C4997866845,23.27,1.32,C7576309274,3338.69,3338.69,0,0.0,0
118,CASH_IN,1179.25,C8734449371,10.85,1190.1,C3776011793,6733.66,6733.66,0,0.0,0
238,CASH_OUT,322.96,C8816681105,314.84,0.0,M4865979921,0.0,0.0,1,0.03666666666666667,0
238,TRANSFER,1314.58,C8991977937,1793.79,479.21,M5985331805,0.0,0.0,1,0.14,0
401,PAYMENT,6.87,C9279291478,11.01,4.14,M8366710477,0.0,0.0,0,0.0,0
310,PAYMENT,1.0,C5306459450,0.47,0.0,M3690714075,0.0,0.0,0,0.0,0
521,PAYMENT,1.0,C6155234610,0.0,0.0,M3317856944,0.0,0.0,0,0.0,0
307,PAYMENT,692.59,C1116402431,1305.34,612.75,M2839566253,0.0,0.0,0,0.0,0
54,TRANSFER,2180.98,C4264134512,2812.86,631.88,M4158643786,0.0,0.0,1,0.17666666666666667,0
177,DEBIT,51.11,C1470939445,143.77,92.66,M4456193555,0.0,0.0,0,0.016666666666666666,0
328,PAYMENT,1.0,C9182543558,0.0,0.0,M2418407139,0.0,0.0,0,0.0,0
73,CASH_OUT,3305.09,C4577406847,3762.84,457.75,M2604788242,0.0,0.0,1,0.0,0
696,TRANSFER,280.41,C5952894290,472.6,192.19,C5092199300,84.54,364.95,0,0.05,0
669,CASH_OUT,1294.48,C2283298067,1091.53,0.0,M5919148165,0.0,0.0,1,0.18,0
70,PAYMENT,8.93,C1205082311,35.26,26.33,M3019265031,0.0,0.0,0,0.0,0
508,TRANSFER,15224.62,C3567900251,19600.41,4375.79,C1792214339,1.84,1.84,1,0.32666666666666666,0
361,TRANSFER,1.0,C8106906538,0.39,0.0,C1484230338,3818.55,3819.55,0,0.0,0
282,PAYMENT,174.89,C9954587710,275.81,100.92,M5869990861,0.0,0.0,0,0.0,0
318,DEBIT,1.0,C5883933127,0.0,0.0,M2541015125,0.0,0.0,0,0.04,0
488,PAYMENT,243.71,C8991977937,479.21,235.5,M9255306810,0.0,0.0,0,0.0,0
717,PAYMENT,188.96,C5254923696,720.72,531.76,M6361225622,0.0,0.0,0,0.0,0
514,CASH_OUT,108.85,C6777263354,120.03,11.18,C1600406558,352.34,352.34,1,0.03333333333333333,0
371,PAYMENT,416.69,C3521166052,533.84,117.15,M3476758136,0.0,0.0,0,0.0,0
337,PAYMENT,24.49,C6963052185,36.13,11.64,M7168105904,0.0,0.0,0,0.0,0
224,TRANSFER,15792.91,C2780136605,18838.62,3045.71,M6744039057,0.0,0.0,1,0.26,0
200,CASH_OUT,28578.14,C8505373158,30784.63,2206.49,C7077131430,720.78,720.78,1,0.0033333333333333335,0
457,PAYMENT,2009.62,C9579064478,2669.5,659.88,M4456193555,0.0,0.0,0,0.0,0
699,TRANSFER,1.0,C4990452762,0.0,0.0,C4668931881,0.0,1.0,0,0.22,0
75,CASH_OUT,5528.99,C4602080228,5982.47,453.48,C5667503195,0.0,0.0,1,0.0,0
692,PAYMENT,2605.59,C4490722186,3710.61,1105.02,M4211837506,0.0,0.0,0,0.0,0
294,DEBIT,2.0,C2064803502,9.12,7.12,M8821456242,0.0,0.0,0,0.023333333333333334,0
335,PAYMENT,11.86,C7706193636,27.77,15.91,M6865994703,0.0,0.0,0,0.0,0
468,CASH_OUT,1.0,C4693510920,1.0,0.0,C6572436051,8.19,8.19,0,0.08333333333333333,0
535,TRANSFER,2896.49,C8991514523,2979.66,83.17,C5354747485,0.0,0.0,1,0.5033333333333333,1
21,DEBIT,1.0,C4311931853,0.0,0.0,M2655546199,0.0,0.0,0,0.023333333333333334,0
161,CASH_OUT,1.0,C9248046539,0.0,0.0,C5275521470,0.0,0.0,0,0.013333333333333334,0
452,PAYMENT,273.55,C2811967841,377.41,103.86,M1442421654,0.0,0.0,0,0.0,0
703,CASH_OUT,3117.37,C7451071432,4192.2,1074.83,M3605446007,0.0,0.0,1,0.02666666666666667,0
574,PAYMENT,3.07,C7623575561,5.92,2.85,M7537130187,0.0,0.0,0,0.0,0
647,PAYMENT,2.65,C8322868827,4.51,1.86,M5449848690,0.0,0.0,0,0.0,0
405,TRANSFER,82.93,C6012067717,157.55,74.62,C1110533960,80.9,163.83,0,0.04666666666666667,0
661,TRANSFER,207.19,C8110054933,269.17,61.98,C3030106617,690.86,898.05,0,0.04666666666666667,0
148,CASH_IN,108849.96,C4405620755,41.11,108891.07,C1547374338,28.13,28.13,0,0.0,0
664,TRANSFER,3484.25,C5433722159,2992.34,0.0,M1343875431,0.0,0.0,1,0.9233333333333333,1
643,TRANSFER,177.17,C5431267548,178.24,1.07,C3894673596,0.0,0.0,1,0.19333333333333333,0
345,PAYMENT,3.16,C6572436051,8.19,5.03,M5194066484,0.0,0.0,0,0.0,0
287,PAYMENT,87.09,C7691931213,186.21,99.12,M6275155878,0.0,0.0,0,0.0,0
674,PAYMENT,2365.48,C6745958212,47819.89,45454.41,M9896529524,0.0,0.0,0,0.0,0
715,PAYMENT,3.07,C7248258423,6.0,2.93,M6495967005,0.0,0.0,0,0.0,0
632,TRANSFER,2316.63,C5160575046,3026.71,710.08,M9065458220,0.0,0.0,1,0.29333333333333333,0
516,CASH_OUT,13.54,C7561728644,20.19,6.65,C2554039848,0.0,0.0,0,0.03666666666666667,0
357,CASH_OUT,1.0,C2232285036,0.0,0.0,C6218955985,20725.04,20725.04,0,0.0,0
209,PAYMENT,319.15,C2424706705,381.65,62.5,M7750131975,0.0,0.0,0,0.0,0
69,TRANSFER,1.22,C1519709079,3.06,1.84,C7340428136,2.91,4.13,0,0.17333333333333334,0
447,PAYMENT,275.31,C4147025728,337.77,62.46,M8728631945,0.0,0.0,0,0.0,0
165,CASH_OUT,1.0,C1311570307,0.0,0.0,C9630522755,144.2,144.2,0,0.0,0
476,TRANSFER,37541.17,C9504724761,47161.64,9620.47,M8874242713,0.0,0.0,1,0.30333333333333334,0
442,TRANSFER,1.0,C8236361108,0.0,0.0,C7061419749,1.0,2.0,0,0.22,0
399,TRANSFER,1.74,C2227193073,5.27,3.53,C5115980792,19.94,21.68,0,0.12,0
687,PAYMENT,15.82,C9592390865,20.97,5.15,M8874242713,0.0,0.0,0,0.0,0
408,TRANSFER,82.11,C5704029171,86.7,4.59,C7467073633,10247.05,10329.16,0,0.0033333333333333335,0
453,TRANSFER,76.17,C8180620422,197.16,120.99,C5829062179,21081.55,21157.72,0,0.0,0
686,TRANSFER,207.54,C1011759631,197.6,0.0,M1666898313,0.0,0.0,1,0.22666666666666666,0
489,CASH_OUT,1582.64,C9032096058,1441.87,0.0,C3313993297,1059.45,1059.45,1,0.27666666666666667,0
131,PAYMENT,10.34,C7038841740,18.26,7.92,M9410569618,0.0,0.0,0,0.0,0
411,TRANSFER,1676.12,C1772303297,1542.03,0.0,C5036200310,30.75,1706.87,1,0.17333333333333334,0
101,PAYMENT,9054.18,C4466589567,44179.42,35125.24,M9065458220,0.0,0.0,0,0.0,0
266,PAYMENT,830.71,C5035765954,1202.49,371.78,M9590331226,0.0,0.0,0,0.0,0
200,PAYMENT,2.68,C8547068234,5.48,2.8,M2187592160,0.0,0.0,0,0.0,0
567,CASH_OUT,2195.92,C4783282817,2246.66,50.74,C3019214800,71.87,71.87,1,0.04666666666666667,0
613,PAYMENT,1.0,C8761469117,0.14,0.0,M4641902461,0.0,0.0,0,0.0,0
595,PAYMENT,8349.38,C4508521152,18179.09,9829.71,M3313346852,0.0,0.0,0,0.0,0
420,PAYMENT,9.76,C7074050517,20.18,10.42,M7713758036,0.0,0.0,0,0.0,0
42,CASH_OUT,302.9,C9463197203,286.27,0.0,C6894699853,1.71,1.71,1,0.0033333333333333335,0
111,PAYMENT,16.37,C2771211118,32.51,16.14,M2555936898,0.0,0.0,0,0.0,0
654,CASH_OUT,663.67,C2653032484,832.82,169.15,M6041646576,0.0,0.0,1,0.03333333333333333,0
341,TRANSFER,107.71,C2965718821,116.81,9.1,C8106401208,0.0,107.71,0,0.09666666666666666,0
580,TRANSFER,168.34,C2613385303,237.68,69.34,M7270955446,0.0,0.0,1,0.17333333333333334,0
241,PAYMENT,6.09,C2064803502,7.12,1.03,M6525576685,0.0,0.0,0,0.0,0
136,TRANSFER,45.56,C7691931213,99.12,53.56,C2379592595,361.86,407.42,0,0.006666666666666667,0
545,CASH_OUT,62.06,C8293453178,132.52,70.46,C9411532909,0.0,0.0,0,0.03333333333333333,0
92,PAYMENT,1.0,C1553155490,0.0,0.0,M4211837506,0.0,0.0,0,0.0,0
641,PAYMENT,1114.93,C6982610835,1600.57,485.64,M8667946580,0.0,0.0,0,0.0,0
236,PAYMENT,31.83,C2850820685,41.02,9.19,M9640701016,0.0,0.0,0,0.0,0
356,TRANSFER,1211.6,C6795522649,1071.04,0.0,M7343954769,0.0,0.0,1,0.3333333333333333,0
153,TRANSFER,164.91,C3142452709,380.35,215.44,C8923555411,0.0,164.91,0,0.01,0
637,PAYMENT,2220.1,C2780136605,3045.71,825.61,M8626371177,0.0,0.0,0,0.0,0
405,TRANSFER,6723.86,C5884080139,12155.86,5432.0,C2721355673,199.52,6923.38,0,0.0033333333333333335,0
402,TRANSFER,306.92,C9751963589,463.21,156.29,C3866755218,4537.56,4844.48,0,0.0,0
13,TRANSFER,3879.89,C2317723211,3598.56,0.0,M3145756342,0.0,0.0,1,0.6833333333333333,1
535,TRANSFER,2371.24,C9856756553,2235.76,0.0,M5194066484,0.0,0.0,1,0.9233333333333333,1
414,TRANSFER,2670.77,C6623360831,2442.29,0.0,M6199197408,0.0,0.0,1,0.8366666666666667,1
215,TRANSFER,1.0,C9697354961,0.0,0.0,C6317189421,61071.25,61072.25,0,0.0,0
675,PAYMENT,397.89,C3841827734,826.25,428.36,M5694439775,0.0,0.0,0,0.0,0
170,TRANSFER,488.08,C6471691689,445.42,0.0,C2771211118,16.14,16.14,1,0.19333333333333333,0
195,TRANSFER,641.91,C2320763135,829.96,188.05,C8809871735,3.54,3.54,1,0.08333333333333333,0
133,PAYMENT,1.0,C8478529823,0.0,0.0,M6045729129,0.0,0.0,0,0.0,0
315,CASH_OUT,1615.02,C9411532909,1804.5,189.48,C6027311960,1.46,1.46,1,0.006666666666666667,0
25,CASH_IN,5042.21,C3995732958,3663.07,8705.28,C7150970643,71.41,71.41,0,0.0,0
294,PAYMENT,31.92,C2254516608,67.17,35.25,M3831598303,0.0,0.0,0,0.0,0
72,TRANSFER,1.0,C5610783750,0.0,0.0,C4750707607,21.22,22.22,0,0.18,0
488,TRANSFER,4162.92,C5694848867,4563.21,400.29,M8063693463,0.0,0.0,1,0.31666666666666665,0
29,TRANSFER,3274.12,C5421592782,4853.04,1578.92,C9516893896,0.0,3274.12,0,0.0,0
658,PAYMENT,1.0,C5789617427,0.0,0.0,M7764117705,0.0,0.0,0,0.0,0
462,CASH_OUT,2550.71,C5935852056,3484.93,934.22,C9337145038,458.99,458.99,1,0.04,0
483,CASH_OUT,84.32,C6582557981,201.58,117.26,C2948728483,27116.14,27116.14,0,0.01,0
297,PAYMENT,1.0,C3520417815,0.0,0.0,M8548290298,0.0,0.0,0,0.0,0
577,TRANSFER,487.6,C6320115677,541.14,53.54,C2247484671,2.55,490.15,0,0.07666666666666666,0
469,TRANSFER,1.0,C1207916194,0.0,0.0,C8380312396,0.0,1.0,0,0.22,0
521,TRANSFER,44.07,C8122042835,93.5,49.43,C1613549255,164.56,208.63,0,0.07666666666666666,0
351,PAYMENT,101.83,C9392515666,404.9,303.07,M4399143287,0.0,0.0,0,0.0,0
561,PAYMENT,1.0,C3149484176,0.0,0.0,M3705237613,0.0,0.0,0,0.0,0
487,TRANSFER,5025.73,C3169561289,6235.65,1209.92,C5871743247,21.02,5046.75,1,0.043333333333333335,0
302,TRANSFER,3096.41,C9189503254,3779.78,683.37,C3033747850,15.09,3111.5,1,0.0,0
580,TRANSFER,6.94,C9741628563,9.18,2.24,C8257484586,137.05,143.99,0,0.09,0
462,TRANSFER,538.89,C4042413312,538.99,0.1,C6875597607,0.0,0.0,1,0.26,0
266,CASH_OUT,2101.87,C2879792991,2553.34,451.47,M9921025990,0.0,0.0,1,0.0033333333333333335,0
531,TRANSFER,1.0,C9147736635,0.0,0.0,C5064162365,48630.59,48631.59,0,0.01,0
377,PAYMENT,308.39,C5071218314,472.41,164.02,M1199447370,0.0,0.0,0,0.0,0
6,PAYMENT,1.0,C3528924461,0.0,0.0,M2541015125,0.0,0.0,0,0.0,0
496,CASH_OUT,5.49,C1541964762,24.89,19.4,C5334769475,0.0,0.0,0,0.03333333333333333,0
482,PAYMENT,408.21,C4022245086,751.72,343.51,M7437168216,0.0,0.0,0,0.0,0
206,CASH_OUT,1.0,C3746317213,0.03,0.0,C9558091177,0.0,0.0,0,0.013333333333333334,0
297,PAYMENT,1.0,C5431267548,1.07,0.07,M5000316394,0.0,0.0,0,0.0,0
152,TRANSFER,1.0,C5433722159,0.0,0.0,C3980491761,75.76,76.76,0,0.10666666666666667,0
663,TRANSFER,14.8,C2578662692,35.44,20.64,C8211516617,688.49,703.29,0,0.05333333333333334,0
589,CASH_OUT,12204.06,C3482206102,10278.22,0.0,M1122712790,0.0,0.0,1,0.18,0
137,PAYMENT,723.86,C4248149900,1272.92,549.06,M6525576685,0.0,0.0,0,0.0,0
319,TRANSFER,1815.12,C1264739091,1845.18,30.06,M6744039057,0.0,0.0,1,0.32,0
544,TRANSFER,1.0,C7645527239,0.0,0.0,C3304560537,119.98,120.98,0,0.12666666666666668,0
588,TRANSFER,479.51,C3725152347,648.19,168.68,C2854772804,133.03,133.03,1,0.06666666666666667,0
450,TRANSFER,1.21,C1696846464,4.48,3.27,C1643611097,720.99,722.2,0,0.06,0
10,PAYMENT,1.0,C7824150224,0.0,0.0,M3580582653,0.0,0.0,0,0.0,0
58,PAYMENT,1.0,C9249923427,0.0,0.0,M9916475897,0.0,0.0,0,0.0,0
702,PAYMENT,1.0,C4668931881,1.0,0.0,M3317856944,0.0,0.0,0,0.0,0
422,TRANSFER,1.0,C6613888489,0.0,0.0,C5625342041,0.0,1.0,0,0.20666666666666667,0
278,CASH_OUT,1841.64,C3057629778,1700.01,0.0,M9441870024,0.0,0.0,1,0.08666666666666667,0
356,TRANSFER,2963.75,C2073755632,2816.85,0.0,M9977193987,0.0,0.0,1,0.7533333333333333,1
322,CASH_IN,64334.31,C5729866281,0.0,64334.31,C6904897514,0.0,0.0,0,0.0,0
133,CASH_OUT,22.05,C9597198563,34.51,12.46,C5077921573,3229.25,3229.25,0,0.0,0
719,PAYMENT,1.0,C4110258855,0.0,0.0,M1692044390,0.0,0.0,0,0.0,0
505,TRANSFER,1.0,C8331319481,0.0,0.0,C3389594115,2014.44,2015.44,0,0.07333333333333333,0
202,TRANSFER,841.09,C8902275119,983.57,142.48,C6663846005,0.46,0.46,1,0.16666666666666666,0
7,DEBIT,225.5,C3828935922,266.23,40.73,M3145756342,0.0,0.0,0,0.013333333333333334,0
449,PAYMENT,2.62,C3815235019,8.48,5.86,M4896576569,0.0,0.0,0,0.0,0
44,CASH_OUT,719.52,C7420846622,2308.79,1589.27,C2732553940,464.31,464.31,0,0.0033333333333333335,0
340,PAYMENT,345.7,C3371357111,390.76,45.06,M9410569618,0.0,0.0,0,0.0,0
684,CASH_OUT,2583.81,C1862812038,2584.46,0.65,C7406579219,0.0,0.0,1,0.12333333333333334,0
38,CASH_OUT,4956.41,C1993998848,4638.04,0.0,C1569113257,1593.49,1593.49,1,0.016666666666666666,0
562,TRANSFER,1644.58,C2267619081,2220.94,576.36,M9773795424,0.0,0.0,1,0.29333333333333333,0
62,CASH_OUT,3787.92,C2848792488,4113.22,325.3,C5512036684,14687.78,14687.78,0,0.0,0
487,TRANSFER,17947.43,C2274350418,15725.91,0.0,M4641902461,0.0,0.0,1,0.93,1
583,PAYMENT,266.28,C2173242669,282.39,16.11,M6498703287,0.0,0.0,0,0.0,0
312,TRANSFER,2362.2,C6470052645,2109.41,0.0,C6317189421,61072.25,63434.45,1,0.01,0
686,CASH_OUT,1.0,C2180484299,0.0,0.0,C4022245086,343.51,343.51,0,0.04666666666666667,0
181,CASH_OUT,148.49,C4022360089,126.65,0.0,M9933702652,0.0,0.0,1,0.02,0
634,PAYMENT,170.89,C8131923452,508.44,337.55,M6771941776,0.0,0.0,0,0.0,0
197,TRANSFER,86.63,C1657675888,97.81,11.18,C7736142481,0.0,0.0,1,0.16666666666666666,0
234,CASH_OUT,62.95,C6859286614,97.56,34.61,C6265016831,0.0,0.0,0,0.0033333333333333335,0
146,DEBIT,1125.69,C3849232839,1208.37,82.68,M8728631945,0.0,0.0,0,0.016666666666666666,0
517,CASH_OUT,4632.44,C2283298067,3987.01,0.0,M1083302600,0.0,0.0,1,0.24666666666666667,0
316,PAYMENT,15.71,C4422700486,37.42,21.71,M8790289305,0.0,0.0,0,0.0,0
173,CASH_OUT,3233.3,C8750840032,2695.55,0.0,C9943959352,108254.63,108254.63,1,0.0,0
399,PAYMENT,442.72,C3815287619,537.03,94.31,M6011842297,0.0,0.0,0,0.0,0
138,TRANSFER,2951.27,C6822870815,3305.13,353.86,C1311570307,0.0,0.0,1,0.18666666666666668,0
321,PAYMENT,235.33,C9581991473,287.19,51.86,M6999146585,0.0,0.0,0,0.0,0
421,PAYMENT,1.0,C2982979741,0.0,0.0,M9590331226,0.0,0.0,0,0.0,0
612,PAYMENT,128.98,C3906611156,1030.56,901.58,M8458323087,0.0,0.0,0,0.0,0
348,CASH_OUT,9627.47,C5819946657,11962.94,2335.47,M9918338001,0.0,0.0,1,0.013333333333333334,0
265,PAYMENT,1.0,C5515628633,0.0,0.0,M1368287033,0.0,0.0,0,0.0,0
625,CASH_OUT,8768.78,C7666129822,7542.65,0.0,M6200141898,0.0,0.0,1,0.30333333333333334,0
589,DEBIT,27.54,C4256292393,50.09,22.55,M8740820392,0.0,0.0,0,0.03,0
271,TRANSFER,126.95,C1639509845,126.29,0.0,M4892544235,0.0,0.0,1,0.24,0
626,TRANSFER,1.0,C2064803502,1.03,0.03,C7949795085,18.08,19.08,0,0.20333333333333334,0
651,CASH_OUT,1.02,C8084809436,1.6,0.58,C9547119184,52.45,52.45,0,0.03,0
138,CASH_OUT,216.76,C1667483244,1057.9,841.14,C2867302554,12.22,12.22,0,0.0033333333333333335,0
258,TRANSFER,124.0,C2331039957,139.03,15.03,M1442421654,0.0,0.0,1,0.16333333333333333,0
621,PAYMENT,4.88,C6110943464,5.49,0.61,M2328736852,0.0,0.0,0,0.0,0
595,CASH_OUT,144.88,C8902275119,142.48,0.0,C1036351450,0.0,0.0,1,0.07666666666666666,0
458,PAYMENT,1.0,C7417183769,0.0,0.0,M6786043791,0.0,0.0,0,0.0,0
549,TRANSFER,1.0,C6879428703,1.56,0.56,C1110533960,163.83,164.83,0,0.11666666666666667,0
589,PAYMENT,62.9,C6892752604,130.53,67.63,M8218146534,0.0,0.0,0,0.0,0
33,PAYMENT,1.33,C8831899893,2.99,1.66,M7351460539,0.0,0.0,0,0.0,0
440,TRANSFER,336.13,C8949781901,689.53,353.4,C1940684569,0.0,336.13,0,0.05,0
490,PAYMENT,1.0,C2407863065,0.0,0.0,M8858274691,0.0,0.0,0,0.0,0
118,PAYMENT,1.0,C4956362540,0.0,0.0,M7343954769,0.0,0.0,0,0.0,0
697,CASH_OUT,1.0,C2073755632,0.0,0.0,C2549748436,0.0,0.0,0,0.056666666666666664,0
232,CASH_OUT,1.0,C1194576436,0.0,0.0,C2846465000,0.0,0.0,0,0.016666666666666666,0
69,CASH_OUT,1.0,C2111272861,0.23,0.0,C2811967841,103.86,103.86,0,0.0,0
82,CASH_OUT,3303.02,C2388450337,3268.88,0.0,C1311570307,0.0,0.0,1,0.056666666666666664,0
382,TRANSFER,86.77,C6588252632,112.27,25.5,C2095286033,316.58,403.35,0,0.01,0
161,TRANSFER,115.99,C7981077394,122.37,6.38,C3780475472,129687.48,129803.47,0,0.0033333333333333335,0
673,PAYMENT,1.68,C3045102506,7.83,6.15,M3517195150,0.0,0.0,0,0.0,0
507,PAYMENT,1.0,C6789292252,0.0,0.0,M9255306810,0.0,0.0,0,0.0,0
634,PAYMENT,26.72,C4574027737,54.77,28.05,M7960713821,0.0,0.0,0,0.0,0
369,CASH_OUT,2025.58,C5626388820,2724.3,698.72,M8458323087,0.0,0.0,1,0.01,0
614,DEBIT,1.0,C4203205881,0.0,0.0,M6786043791,0.0,0.0,0,0.05333333333333334,0
130,CASH_OUT,1972.83,C6043349038,3363.43,1390.6,C5283911723,904.06,904.06,0,0.0,0
343,TRANSFER,1591.09,C9463197203,1933.99,342.9,C4630196130,0.0,0.0,1,0.16666666666666666,0
136,PAYMENT,166.2,C1116402431,612.75,446.55,M6282009986,0.0,0.0,0,0.0,0
276,TRANSFER,43317.43,C3716924538,50347.53,7030.1,C5150090143,0.0,0.0,1,0.25,0
607,PAYMENT,89.32,C1408988968,160.59,71.27,M5067400473,0.0,0.0,0,0.0,0
59,DEBIT,1.0,C6340003593,0.0,0.0,M8727805468,0.0,0.0,0,0.02666666666666667,0
706,CASH_OUT,316.18,C8370987661,449.85,133.67,C9945002229,29.35,29.35,0,0.023333333333333334,0
299,CASH_OUT,2040.86,C7154795660,2485.77,444.91,C7935554354,867.55,867.55,1,0.0,0
295,TRANSFER,4842.75,C7374584386,4648.83,0.0,C2148679234,0.0,4842.75,1,0.04,0
340,CASH_IN,30036.66,C7208619610,0.0,30036.66,C4735313433,63.82,63.82,0,0.0,0
189,PAYMENT,607.52,C3734252963,1130.97,523.45,M4242579642,0.0,0.0,0,0.0,0
466,CASH_OUT,2401.57,C3591527330,2162.03,0.0,C5035765954,371.78,371.78,1,0.3233333333333333,0
696,CASH_OUT,9.08,C3360791536,29.47,20.39,C5992908271,108.07,108.07,0,0.023333333333333334,0
590,PAYMENT,240.32,C5254923696,531.76,291.44,M6932365592,0.0,0.0,0,0.0,0
355,TRANSFER,121.62,C1644608746,148.83,27.21,C8382963909,0.0,0.0,1,0.15,0
499,DEBIT,345.81,C9392707144,817.89,472.08,M4952177946,0.0,0.0,0,0.03333333333333333,0
684,TRANSFER,1.0,C9618334441,0.0,0.0,C9451577335,3.79,4.79,0,0.19,0
317,TRANSFER,2026.59,C3931997465,2709.04,682.45,C3878719791,377.41,377.41,1,0.0033333333333333335,0
314,CASH_IN,165.32,C1091729577,106.71,272.03,C7772180882,40.89,40.89,0,0.0,0
517,CASH_OUT,376.7,C6982610835,485.64,108.94,C4590711152,0.0,0.0,0,0.03333333333333333,0
342,PAYMENT,1.0,C1033015788,0.0,0.0,M9068916300,0.0,0.0,0,0.0,0
142,TRANSFER,90.35,C7598745558,96.4,6.05,C4574027737,28.05,118.4,1,0.08666666666666667,0
341,PAYMENT,1.0,C7666869046,0.0,0.0,M4242579642,0.0,0.0,0,0.0,0
17,TRANSFER,1.0,C7471636437,0.0,0.0,C6792661894,95497.31,95498.31,0,0.0,0
420,TRANSFER,686.04,C7539399243,822.42,136.38,C4037270171,0.0,686.04,0,0.043333333333333335,0
39,CASH_OUT,4.21,C7098134112,4.54,0.33,C6496596008,61077.96,61077.96,0,0.0,0
150,PAYMENT,116.73,C8257484586,143.99,27.26,M2916502228,0.0,0.0,0,0.0,0
75,DEBIT,24285.67,C5058691146,87263.23,62977.56,M8778927211,0.0,0.0,0,0.006666666666666667,0
607,TRANSFER,276.32,C8453283834,434.29,157.97,C1271730355,19.0,295.32,0,0.056666666666666664,0
368,PAYMENT,1.0,C3614915281,0.0,0.0,M7366396017,0.0,0.0,0,0.0,0
578,CASH_OUT,3276.66,C5606736607,3875.13,598.47,C3591527330,0.0,0.0,1,0.023333333333333334,0
566,TRANSFER,1.0,C9857430687,0.0,0.0,C3412273600,14421.26,14422.26,0,0.0033333333333333335,0
301,CASH_OUT,76.71,C9318010743,1933.79,1857.08,C4586784711,1.0,1.0,0,0.01,0
417,PAYMENT,7646.71,C5870268582,9974.03,2327.32,M4158643786,0.0,0.0,0,0.0,0
381,PAYMENT,1.0,C3214080278,0.0,0.0,M7570511906,0.0,0.0,0,0.0,0
184,CASH_OUT,304.86,C3035761595,321.35,16.49,C4735313433,63.82,63.82,0,0.0033333333333333335,0
646,TRANSFER,92.94,C9989642546,110.05,17.11,C5913767020,26124.96,26217.9,0,0.0033333333333333335,0
560,TRANSFER,2466.95,C3045102506,3258.4,791.45,C7460728316,6.09,6.09,1,0.23,0
405,TRANSFER,126.5,C3878719791,377.41,250.91,C5310195918,29.91,156.41,0,0.03,0
606,TRANSFER,3769.63,C5403510324,5011.44,1241.81,M1357561213,0.0,0.0,1,0.32,0
238,TRANSFER,1380.91,C9457665185,1783.05,402.14,M7453081889,0.0,0.0,1,0.14,0
563,CASH_OUT,60.61,C5144289583,145.03,84.42,C4633987776,207.68,207.68,0,0.03,0
668,PAYMENT,1.0,C1094115188,1.46,0.46,M6894024976,0.0,0.0,0,0.0,0
622,PAYMENT,7.72,C2578662692,20.64,12.92,M2136107759,0.0,0.0,0,0.0,0
217,PAYMENT,12741.38,C5778781449,12746.82,5.44,M7651029165,0.0,0.0,0,0.0,0
365,CASH_OUT,2.95,C6924716023,3.25,0.3,C7895255573,1.74,1.74,0,0.03333333333333333,0
485,TRANSFER,1.0,C6358023411,0.0,0.0,C2720484983,88.16,89.16,0,0.16,0
607,DEBIT,113.76,C6720572969,149.75,35.99,M7960713821,0.0,0.0,0,0.02666666666666667,0
410,PAYMENT,1.0,C8969097897,0.0,0.0,M4399143287,0.0,0.0,0,0.0,0
177,CASH_OUT,75.01,C2770980600,75.22,0.21,M6525576685,0.0,0.0,1,0.023333333333333334,0
326,PAYMENT,11.46,C1855256552,24.09,12.63,M3297681898,0.0,0.0,0,0.0,0
71,PAYMENT,1188.76,C7568861677,10657.41,9468.65,M7664045502,0.0,0.0,0,0.0,0
225,TRANSFER,6.71,C9697414638,111238.05,111231.34,C5022964382,0.0,6.71,0,0.11666666666666667,0
480,PAYMENT,48.75,C1834624758,66.68,17.93,M6651020291,0.0,0.0,0,0.0,0
403,TRANSFER,4600.88,C8122042835,4992.33,391.45,C9908115095,0.0,4600.88,1,0.0033333333333333335,0
181,TRANSFER,57.27,C8015775567,54.68,0.0,M5380159400,0.0,0.0,1,0.22666666666666666,0
291,PAYMENT,82.5,C9303765140,158.42,75.92,M7664045502,0.0,0.0,0,0.0,0
344,CASH_IN,43027.52,C1417436465,900.26,43927.78,C6663846005,0.46,0.46,0,0.0,0
70,PAYMENT,2.68,C2465576748,12.98,10.3,M3495411322,0.0,0.0,0,0.0,0
31,PAYMENT,2.35,C9138644862,3.12,0.77,M6992094064,0.0,0.0,0,0.0,0
119,PAYMENT,1.0,C6663846005,0.46,0.0,M2655546199,0.0,0.0,0,0.0,0
219,CASH_OUT,351.27,C7369118672,403.32,52.05,M2156184315,0.0,0.0,1,0.0,0
565,PAYMENT,5.8,C6797174636,7.75,1.95,M1240140248,0.0,0.0,0,0.0,0
702,TRANSFER,2203.8,C8517413631,2571.91,368.11,C3768901084,0.0,0.0,1,0.29333333333333333,0
333,PAYMENT,1.0,C1340272119,0.0,0.0,M8964269909,0.0,0.0,0,0.0,0
270,CASH_OUT,1.0,C4731897202,0.0,0.0,C6415031531,1406.42,1406.42,0,0.006666666666666667,0
491,PAYMENT,1.7,C2979958124,50.54,48.84,M9933702652,0.0,0.0,0,0.0,0
258,CASH_OUT,615.05,C9166381136,47780.79,47165.74,C2879792991,451.47,451.47,0,0.0,0
417,CASH_IN,627.51,C5077921573,3229.25,3856.76,C7801180691,58434.42,58434.42,0,0.0033333333333333335,0
475,CASH_OUT,20.24,C4067213499,78.78,58.54,C3781569954,301.27,301.27,0,0.043333333333333335,0
198,TRANSFER,2360.23,C5976777081,2742.18,381.95,C8570333548,0.0,0.0,1,0.18,0
637,CASH_OUT,19.06,C6928691380,28.68,9.62,C3768901084,0.0,0.0,0,0.03,0
648,CASH_OUT,2655.85,C9479654136,3707.06,1051.21,C6673381261,0.0,0.0,1,0.02666666666666667,0
664,PAYMENT,113.76,C8453283834,157.97,44.21,M4158643786,0.0,0.0,0,0.0,0
582,CASH_OUT,1.0,C6655089949,0.0,0.0,C6311894154,630.13,630.13,0,0.06333333333333334,0
74,PAYMENT,5.59,C2260326267,8.53,2.94,M1096405016,0.0,0.0,0,0.0,0
417,DEBIT,14210.24,C8265834251,104023.88,89813.64,M6846530109,0.0,0.0,0,0.016666666666666666,0
692,PAYMENT,1.0,C5710360983,0.0,0.0,M4908108692,0.0,0.0,0,0.0,0
461,PAYMENT,1.0,C6463640105,0.48,0.0,M1888107487,0.0,0.0,0,0.0,0
55,PAYMENT,2.64,C2465576748,10.3,7.66,M8778927211,0.0,0.0,0,0.0,0
302,CASH_IN,32458.27,C9780187424,14072.15,46530.42,C1288335378,0.0,0.0,0,0.0,0
355,TRANSFER,3474.67,C9953941533,3531.46,56.79,M7532669066,0.0,0.0,1,0.41333333333333333,0
622,DEBIT,1.95,C2099184899,3.64,1.69,M7537130187,0.0,0.0,0,0.04666666666666667,0
456,PAYMENT,1.0,C8901585274,0.0,0.0,M7537130187,0.0,0.0,0,0.0,0
704,CASH_OUT,97.27,C9463197203,342.9,245.63,C3369305560,7.35,7.35,0,0.02,0
251,TRANSFER,43.66,C1083651970,50.59,6.93,C9903351330,44.73,88.39,0,0.09333333333333334,0
512,TRANSFER,539.41,C5819946657,2335.47,1796.06,C6353758928,6.02,545.43,0,0.06666666666666667,0
416,CASH_OUT,50697.44,C9663561486,70381.5,19684.06,M5815678365,0.0,0.0,1,0.013333333333333334,0
202,PAYMENT,400.92,C9392707144,472.08,71.16,M4689605624,0.0,0.0,0,0.0,0
706,TRANSFER,1198.96,C9546021691,1406.85,207.89,M8458323087,0.0,0.0,1,0.16666666666666666,0
276,TRANSFER,947.36,C7576309274,3338.69,2391.33,C1225953184,46.42,993.78,0,0.0,0
132,CASH_OUT,12612.21,C1417436465,43927.78,31315.57,C1340272119,0.0,0.0,0,0.0,0
568,TRANSFER,624.0,C3589530484,680.77,56.77,C9725528903,335.2,959.2,1,0.05,0
669,CASH_OUT,193.12,C9806189256,695.09,501.97,C8208643631,0.0,0.0,0,0.02666666666666667,0
309,CASH_OUT,2414.41,C6868336102,2731.8,317.39,C6710338189,0.0,0.0,1,0.006666666666666667,0
507,CASH_OUT,1.0,C8706093841,0.0,0.0,C4202607993,0.0,0.0,0,0.06,0
394,PAYMENT,22.08,C6474354351,23.53,1.45,M2839566253,0.0,0.0,0,0.0,0
149,CASH_OUT,2377.09,C3746317213,2258.13,0.0,C3058982440,0.0,0.0,1,0.06,0
119,CASH_OUT,2459.17,C2407863065,2582.88,123.71,C4248149900,549.06,549.06,1,0.0,0
701,PAYMENT,1.0,C4714465905,0.0,0.0,M8443061472,0.0,0.0,0,0.0,0
421,PAYMENT,25.3,C5884080139,5432.0,5406.7,M6200141898,0.0,0.0,0,0.0,0
56,PAYMENT,534.48,C1817804383,609.58,75.1,M3580582653,0.0,0.0,0,0.0,0
520,CASH_IN,73684.94,C2647489402,1.0,73685.94,C8236361108,0.0,0.0,0,0.0,0
532,PAYMENT,10.18,C3383331379,40.07,29.89,M8218146534,0.0,0.0,0,0.0,0
134,TRANSFER,2469.93,C6844582171,2768.08,298.15,C7150970643,71.41,71.41,1,0.09,0
299,PAYMENT,3314.89,C8907752604,35614.31,32299.42,M2518433834,0.0,0.0,0,0.0,0
504,TRANSFER,1834.99,C7573691558,1701.58,0.0,M9404002665,0.0,0.0,1,0.5766666666666667,1
242,TRANSFER,1.75,C5439176290,4.29,2.54,C5187948804,41.75,43.5,0,0.10333333333333333,0
624,TRANSFER,1.0,C3482206102,0.0,0.0,C4642197907,71.24,72.24,0,0.17333333333333334,0
548,PAYMENT,43.76,C6157617867,109.07,65.31,M9576264323,0.0,0.0,0,0.0,0
314,TRANSFER,1.0,C4631048029,0.0,0.0,C3097302637,0.0,1.0,0,0.22666666666666666,0
493,PAYMENT,252.63,C5492496998,355.95,103.32,M6744039057,0.0,0.0,0,0.0,0
54,PAYMENT,20.06,C2073108894,53.34,33.28,M2328736852,0.0,0.0,0,0.0,0
277,PAYMENT,1.0,C2242377075,0.0,0.0,M4242579642,0.0,0.0,0,0.0,0
531,CASH_OUT,1464.26,C1242425303,1449.04,0.0,M9441870024,0.0,0.0,1,0.19,0
653,CASH_OUT,6618.62,C6642266247,8761.13,2142.51,M3705237613,0.0,0.0,1,0.023333333333333334,0
557,PAYMENT,206.01,C8497938394,954.84,748.83,M2187592160,0.0,0.0,0,0.0,0
500,CASH_OUT,855.08,C1276905285,828.87,0.0,M4689605624,0.0,0.0,1,0.30333333333333334,0
507,DEBIT,2.76,C2950049698,3.8,1.04,M6744039057,0.0,0.0,0,0.04,0
690,PAYMENT,1.0,C4747699292,0.0,0.0,M3322580659,0.0,0.0,0,0.0,0
126,PAYMENT,1.0,C3894673596,0.0,0.0,M8626371177,0.0,0.0,0,0.0,0
32,TRANSFER,329.58,C2780136605,825.61,496.03,C9725528903,959.2,1288.78,0,0.0,0
112,CASH_OUT,2184.84,C7576309274,2391.33,206.49,C3107125807,0.0,0.0,1,0.0,0
263,TRANSFER,1100.57,C9479654136,1051.21,0.0,C9343730920,50.83,50.83,1,0.24333333333333335,0
389,PAYMENT,6.13,C3369305560,7.35,1.22,M2518433834,0.0,0.0,0,0.0,0
126,PAYMENT,1.0,C1754603440,0.0,0.0,M1676220116,0.0,0.0,0,0.0,0
413,CASH_OUT,69.9,C6012067717,74.62,4.72,M5380159400,0.0,0.0,1,0.08333333333333333,0
411,CASH_IN,138373.47,C5871743247,5046.75,143420.22,C6218484323,0.0,0.0,0,0.0,0
60,CASH_OUT,195.97,C1770278136,289.6,93.63,C4700855390,376.01,376.01,0,0.0033333333333333335,0
366,CASH_IN,73107.47,C4736031885,1.64,73109.11,C5485387618,0.0,0.0,0,0.0,0
211,CASH_OUT,1.0,C3358880404,0.0,0.0,C8252045593,0.0,0.0,0,0.013333333333333334,0
597,PAYMENT,1.0,C2515672889,0.0,0.0,M8778927211,0.0,0.0,0,0.0,0
118,PAYMENT,651.47,C7637761996,9439.42,8787.95,M6732306182,0.0,0.0,0,0.0,0
633,TRANSFER,27.88,C7296658772,111.39,83.51,C3436297208,0.21,28.09,0,0.17333333333333334,0
637,TRANSFER,1.0,C3739951076,0.0,0.0,C6099808894,0.0,1.0,0,0.23333333333333334,0
443,TRANSFER,23557.29,C7340498236,31301.51,7744.22,M2187592160,0.0,0.0,1,0.2866666666666667,0
616,TRANSFER,7928.37,C3587283948,8400.36,471.99,M7340036327,0.0,0.0,1,0.32666666666666666,0
662,PAYMENT,465.29,C1375899416,490.97,25.68,M3107992942,0.0,0.0,0,0.0,0
298,CASH_IN,396.57,C6534540349,16.38,412.95,C7397963801,0.0,0.0,0,0.0,0
507,CASH_OUT,1.0,C6142469284,0.0,0.0,C5439176290,2.54,2.54,0,0.056666666666666664,0
210,PAYMENT,6.93,C3188382776,19.63,12.7,M6313472215,0.0,0.0,0,0.0,0
597,CASH_OUT,2182.07,C3420721027,2909.48,727.41,M8861351706,0.0,0.0,1,0.02666666666666667,0
214,TRANSFER,2508.62,C4262396395,2211.33,0.0,M5714658227,0.0,0.0,1,0.72,1
658,TRANSFER,3206.82,C8471762590,3578.24,371.42,M7969674420,0.0,0.0,1,0.31666666666666665,0
120,PAYMENT,1.0,C9354542654,0.0,0.0,M6820149016,0.0,0.0,0,0.0,0
36,TRANSFER,3499.6,C8309221034,4050.24,550.64,C5634076661,0.0,3499.6,0,0.0033333333333333335,0
457,CASH_OUT,1.0,C9986353481,0.0,0.0,C3095318649,0.0,0.0,0,0.09333333333333334,0
144,CASH_OUT,964.42,C8826851692,811.99,0.0,C8669484644,18.84,18.84,1,0.07333333333333333,0
588,TRANSFER,3081.28,C1225052083,3550.7,469.42,C9454207717,0.0,0.0,1,0.30666666666666664,0
96,DEBIT,1.0,C8868054898,0.0,0.0,M1802753761,0.0,0.0,0,0.02666666666666667,0
105,TRANSFER,7518.47,C6509985983,7685.93,167.46,C8441393731,6.19,6.19,1,0.17666666666666667,0
291,TRANSFER,2767.54,C8317619798,3881.98,1114.44,M5325865521,0.0,0.0,1,0.17666666666666667,0
438,TRANSFER,26306.76,C8076527214,35801.68,9494.92,C1691293717,0.0,0.0,1,0.29333333333333333,0
712,TRANSFER,93.77,C5150074940,131.35,37.58,C7529817193,0.0,93.77,1,0.16,0
577,PAYMENT,2.25,C1439921366,3.7,1.45,M9916475897,0.0,0.0,0,0.0,0
431,TRANSFER,443.18,C3828935922,465.29,22.11,M4522855590,0.0,0.0,1,0.16,0
413,CASH_OUT,84.45,C9379439373,90.09,5.64,C2075321966,1.49,1.49,0,0.06333333333333334,0
409,TRANSFER,1144.65,C6882074066,1313.52,168.87,M5734228580,0.0,0.0,1,0.13,0
499,TRANSFER,61.61,C6157617867,65.31,3.7,M3297681898,0.0,0.0,1,0.18333333333333332,0
592,TRANSFER,4910.32,C8588769565,4127.57,0.0,M1099218439,0.0,0.0,1,0.95,1
199,PAYMENT,1.0,C8325222092,0.0,0.0,M9773795424,0.0,0.0,0,0.0,0
324,TRANSFER,1.0,C5455441991,0.0,0.0,C8133593748,1175.4,1176.4,0,0.01,0
337,DEBIT,33.62,C4660390742,57.1,23.48,M7664045502,0.0,0.0,0,0.02,0
179,CASH_IN,51563.62,C5220094152,860.52,52424.14,C3479708607,0.0,0.0,0,0.0,0
325,PAYMENT,116.87,C8373547961,147.12,30.25,M2711123163,0.0,0.0,0,0.0,0
664,CASH_OUT,510.74,C3201397080,516.52,5.78,M3469205576,0.0,0.0,1,0.05,0
650,CASH_OUT,57531.76,C1602569046,59641.98,2110.22,M8768773991,0.0,0.0,1,0.013333333333333334,0
11,CASH_OUT,4089.11,C7505693643,4742.81,653.7,C6952291828,0.0,0.0,1,0.0,0
264,PAYMENT,1.0,C5375461598,0.0,0.0,M6200141898,0.0,0.0,0,0.0,0
114,TRANSFER,246.35,C6725038117,268.59,22.24,M9098037639,0.0,0.0,1,0.16,0
683,TRANSFER,442.7,C3587283948,471.99,29.29,C5268845844,19.0,19.0,1,0.13666666666666666,0
156,PAYMENT,36.3,C3849232839,82.68,46.38,M3322580659,0.0,0.0,0,0.0,0
625,TRANSFER,107.93,C8823677798,108.92,0.99,C6583444930,0.0,107.93,1,0.15666666666666668,0
133,TRANSFER,3661.82,C9958044697,3646.99,0.0,C6169243284,40.83,3702.65,1,0.08,0
655,CASH_OUT,2517.11,C4882343658,3245.47,728.36,C5872148707,9.79,9.79,1,0.023333333333333334,0
318,PAYMENT,801.18,C2525930586,1037.06,235.88,M8874242713,0.0,0.0,0,0.0,0
353,TRANSFER,24218.63,C5870891270,22122.79,0.0,M3536590481,0.0,0.0,1,0.77,1
449,CASH_OUT,73.83,C5951406973,82.48,8.65,M4689605624,0.0,0.0,1,0.056666666666666664,0
63,CASH_OUT,154.27,C4067961943,214.64,60.37,C8282534126,0.0,0.0,1,0.0033333333333333335,0
563,PAYMENT,83.68,C3304560537,120.98,37.3,M3107992942,0.0,0.0,0,0.0,0
554,TRANSFER,1.0,C2704657157,0.0,0.0,C3768901084,0.0,1.0,0,0.22333333333333333,0
273,PAYMENT,4461.66,C3412273600,14422.26,9960.6,M6011842297,0.0,0.0,0,0.0,0
30,PAYMENT,11.81,C3828935922,22.11,10.3,M1413599241,0.0,0.0,0,0.0,0
98,CASH_OUT,1.03,C6027311960,1.46,0.43,C3725152347,168.68,168.68,0,0.0,0
714,TRANSFER,3921.18,C1726990714,3505.4,0.0,C9165632300,0.32,0.32,1,0.8433333333333334,1
235,TRANSFER,3626.35,C8991678061,4166.78,540.43,C6844582171,298.15,298.15,1,0.013333333333333334,0
109,CASH_OUT,39.17,C5144289583,84.42,45.25,C8282534126,0.0,0.0,0,0.0033333333333333335,0
375,PAYMENT,121.43,C7536876169,45195.78,45074.35,M5380159400,0.0,0.0,0,0.0,0
126,PAYMENT,6.19,C3047869247,7.27,1.08,M5919148165,0.0,0.0,0,0.0,0
346,TRANSFER,4399.21,C3555656321,3760.18,0.0,M6401844042,0.0,0.0,1,0.75,1
145,PAYMENT,759.34,C8674224347,75910.59,75151.25,M5959736235,0.0,0.0,0,0.0,0
547,DEBIT,1.0,C9272277508,0.0,0.0,M3517195150,0.0,0.0,0,0.043333333333333335,0
38,PAYMENT,39.08,C8997701619,42.03,2.95,M2228388623,0.0,0.0,0,0.0,0
191,CASH_OUT,5108.09,C8901585274,4813.32,0.0,M2910594463,0.0,0.0,1,0.043333333333333335,0
613,PAYMENT,1.0,C9403748506,0.0,0.0,M2155671697,0.0,0.0,0,0.0,0
338,CASH_OUT,2514.76,C3846570058,2518.41,3.65,C7475684019,40.21,40.21,1,0.06,0
70,PAYMENT,1.0,C6937704752,0.0,0.0,M3960136787,0.0,0.0,0,0.0,0
87,PAYMENT,260.32,C3951331472,304.02,43.7,M7512767226,0.0,0.0,0,0.0,0
695,CASH_OUT,37.37,C3464975279,61.33,23.96,C6952291828,0.0,0.0,0,0.03,0
271,CASH_OUT,101095.1,C7767834064,98509.33,0.0,M9444143872,0.0,0.0,1,0.03666666666666667,0
695,TRANSFER,19573.92,C8287542751,17057.49,0.0,C8133593748,1176.4,1176.4,1,0.31333333333333335,0
272,DEBIT,2.96,C1004665657,6.63,3.67,M1099218439,0.0,0.0,0,0.03,0
394,PAYMENT,38.96,C5144289583,45.25,6.29,M9576264323,0.0,0.0,0,0.0,0
163,PAYMENT,5.53,C7074050517,10.42,4.89,M8235474949,0.0,0.0,0,0.0,0
152,CASH_OUT,573511.55,C2476831585,501453.09,0.0,M4665677395,0.0,0.0,1,0.28,0
38,PAYMENT,146.34,C8995970241,542.79,396.45,M6845287382,0.0,0.0,0,0.0,0
564,CASH_OUT,39.39,C1104906255,55.43,16.04,M6845287382,0.0,0.0,1,0.03333333333333333,0
165,TRANSFER,3957.65,C3828935922,4275.95,318.3,M4035639663,0.0,0.0,1,0.18666666666666668,0
174,PAYMENT,1.0,C3258354191,0.0,0.0,M1442421654,0.0,0.0,0,0.0,0
452,PAYMENT,1.0,C7417183769,0.0,0.0,M1732578761,0.0,0.0,0,0.0,0
195,DEBIT,1.0,C3424843951,0.0,0.0,M3223687972,0.0,0.0,0,0.03,0
113,CASH_IN,608.39,C8934097788,640.37,1248.76,C8137764127,913.26,913.26,0,0.0,0
378,TRANSFER,664.26,C5899025962,872.07,207.81,C3894673596,0.0,664.26,0,0.006666666666666667,0
587,CASH_IN,1952.56,C6362597344,35820.58,37773.14,C1281199333,97231.89,97231.89,0,0.0,0
305,CASH_OUT,1088.75,C6069848439,982.06,0.0,C8689593739,0.0,0.0,1,0.13666666666666666,0
453,CASH_OUT,619.58,C7321180787,564.19,0.0,C3653594796,0.0,0.0,1,0.21,0
335,CASH_OUT,347.69,C3362657890,305.58,0.0,M4390543744,0.0,0.0,1,0.05333333333333334,0
238,CASH_OUT,2171.08,C4572433066,2952.95,781.87,M2129491690,0.0,0.0,1,0.0033333333333333335,0
481,TRANSFER,841.44,C7620473079,814.35,0.0,C1600566083,67.83,67.83,1,0.3333333333333333,0
363,CASH_OUT,281.12,C4853479481,337.22,56.1,M5919148165,0.0,0.0,1,0.013333333333333334,0
487,CASH_IN,110981.1,C9103115140,1927.41,112908.51,C8322868827,1.86,1.86,0,0.0,0
568,TRANSFER,1.0,C9911329062,0.0,0.0,C7767834064,0.0,1.0,0,0.23,0
41,PAYMENT,1.0,C4719780110,0.0,0.0,M1413599241,0.0,0.0,0,0.0,0
508,TRANSFER,3628.47,C2480915452,3307.33,0.0,C6276339732,728.87,728.87,1,0.4166666666666667,0
466,CASH_OUT,1088.55,C5714169271,1441.58,353.03,M4125758723,0.0,0.0,1,0.043333333333333335,0
159,CASH_OUT,106.75,C3691864041,1032.12,925.37,C3051831252,2811.77,2811.77,0,0.01,0
477,CASH_IN,43620.24,C3843139149,61.4,43681.64,C8650676663,382.63,382.63,0,0.0,0
66,TRANSFER,1.0,C5215140451,0.0,0.0,C2419931729,15.31,16.31,0,0.2,0
383,DEBIT,12.96,C7243352390,48.57,35.61,M5194066484,0.0,0.0,0,0.023333333333333334,0
443,CASH_IN,44227.95,C6336171726,2035.79,46263.74,C7430757004,0.0,0.0,0,0.0,0
129,PAYMENT,850.61,C5292015249,3104.96,2254.35,M7948094928,0.0,0.0,0,0.0,0
60,DEBIT,1.0,C8178927766,0.0,0.0,M6130446648,0.0,0.0,0,0.02666666666666667,0
718,PAYMENT,35.47,C2818381356,41.51,6.04,M9255306810,0.0,0.0,0,0.0,0
596,CASH_OUT,587.37,C9957643727,638.47,51.1,M6865994703,0.0,0.0,1,0.03333333333333333,0
643,TRANSFER,685.43,C2918260963,621.35,0.0,M3965860354,0.0,0.0,1,0.26666666666666666,0
487,CASH_IN,62839.63,C3098948446,34.15,62873.78,C3655790301,390.86,390.86,0,0.0,0
195,TRANSFER,1029.55,C9138644862,1144.57,115.02,C8236980551,64.63,64.63,1,0.12333333333333334,0
491,CASH_OUT,316.56,C7590302909,315.4,0.0,M9558906999,0.0,0.0,1,0.08,0
71,PAYMENT,1.11,C2041349374,1.83,0.72,M7928143230,0.0,0.0,0,0.0,0
699,TRANSFER,2.87,C4242550727,10.72,7.85,C6884333221,384.39,387.26,0,0.06666666666666667,0
643,TRANSFER,1454.74,C5087357728,1264.01,0.0,C1367704871,0.0,0.0,1,0.47,0
559,TRANSFER,1718.18,C2094024844,1671.5,0.0,M8063693463,0.0,0.0,1,0.5533333333333333,1
587,PAYMENT,86.62,C6353758928,545.43,458.81,M1857561275,0.0,0.0,0,0.0,0
488,PAYMENT,6357.71,C5783809766,21923.81,15566.1,M1185303518,0.0,0.0,0,0.0,0
603,TRANSFER,11.15,C6000009225,13.38,2.23,C4356175095,0.0,11.15,0,0.18666666666666668,0
321,CASH_OUT,1.53,C1004665657,3.67,2.14,C7460728316,6.09,6.09,0,0.02,0
522,TRANSFER,43.61,C3849232839,46.38,2.77,C2510308881,0.0,43.61,0,0.17666666666666667,0
551,PAYMENT,91.65,C3316277000,120.0,28.35,M6999146585,0.0,0.0,0,0.0,0
11,PAYMENT,449.57,C5613655595,947.54,497.97,M5794335854,0.0,0.0,0,0.0,0
232,TRANSFER,199.57,C5704029171,217.9,18.33,C6447717367,40913.79,40913.79,1,0.0,0
64,PAYMENT,65.31,C2617999521,70.72,5.41,M8366710477,0.0,0.0,0,0.0,0
249,PAYMENT,9.23,C6122110529,22.49,13.26,M9620935604,0.0,0.0,0,0.0,0
25,CASH_OUT,1.76,C8178361487,2.0,0.24,C6576426590,0.0,0.0,0,0.006666666666666667,0
25,CASH_OUT,12.48,C3987248494,18.94,6.46,C1248704157,115602.0,115602.0,0,0.0,0
256,TRANSFER,36.64,C7633342225,55.37,18.73,C4880176825,54.64,91.28,0,0.09,0
707,PAYMENT,1.0,C9935429720,0.48,0.0,M3094407076,0.0,0.0,0,0.0033333333333333335,0
305,TRANSFER,21.04,C7846365089,36.96,15.92,C1084790270,95.93,116.97,0,0.03333333333333333,0
469,CASH_OUT,132.63,C1197092148,469.63,337.0,C5647317872,6181.46,6181.46,0,0.02,0
602,TRANSFER,58.6,C9987064419,64.17,5.57,C3361388464,1.0,1.0,1,0.17666666666666667,0
61,TRANSFER,1591.94,C4712367625,2273.41,681.47,C4632522232,33.12,1625.06,0,0.01,0
322,TRANSFER,2398.43,C2843567009,2106.96,0.0,C3424843951,0.0,0.0,1,0.6233333333333333,1
335,PAYMENT,1.0,C7872090713,0.0,0.0,M2541015125,0.0,0.0,0,0.0,0
403,TRANSFER,148.71,C5184564874,286.19,137.48,C4386667704,64.27,212.98,0,0.03333333333333333,0
374,PAYMENT,1.0,C1792214339,1.84,0.84,M2635881694,0.0,0.0,0,0.0,0
345,CASH_OUT,4980.22,C3396953414,4673.69,0.0,M2604788242,0.0,0.0,1,0.12333333333333334,0
602,PAYMENT,173.34,C3521300895,256.69,83.35,M7948094928,0.0,0.0,0,0.0,0
77,CASH_OUT,397.89,C9086117171,1181.84,783.95,C1173215225,320.25,320.25,0,0.013333333333333334,0
33,TRANSFER,4706.93,C1287814151,4136.17,0.0,M8458323087,0.0,0.0,1,0.76,1
475,TRANSFER,849.15,C7935554354,867.55,18.4,M9776500600,0.0,0.0,1,0.23,0
324,CASH_OUT,3.63,C5778781449,5.44,1.81,C9539945315,0.0,0.0,0,0.02666666666666667,0
458,TRANSFER,404.72,C2670036982,485.56,80.84,C5130589741,81.72,81.72,1,0.12,0
142,PAYMENT,675.46,C4847761430,12302.06,11626.6,M4306983924,0.0,0.0,0,0.0,0
86,TRANSFER,682.17,C2924568778,643.69,0.0,C5510938155,0.0,0.0,1,0.3,0
258,CASH_IN,88.04,C9451577335,4.79,92.83,C3965676060,307.02,307.02,0,0.0,0
601,PAYMENT,1263.56,C1569113257,1593.49,329.93,M5570190774,0.0,0.0,0,0.0,0
499,PAYMENT,1.0,C3482206102,0.0,0.0,M5412437658,0.0,0.0,0,0.0,0
433,CASH_OUT,2.84,C6012067717,4.72,1.88,C9147736635,0.0,0.0,0,0.07,0
280,CASH_OUT,2011.17,C1230624431,2038.74,27.57,C6995554056,12.28,12.28,1,0.0033333333333333335,0
593,PAYMENT,1.0,C5199176431,0.0,0.0,M7512767226,0.0,0.0,0,0.0,0
359,PAYMENT,3534.4,C1596471620,3776.03,241.63,M7340036327,0.0,0.0,0,0.0,0
616,PAYMENT,4.73,C6777263354,11.18,6.45,M3208200227,0.0,0.0,0,0.0,0
305,PAYMENT,70.5,C3698343112,207.48,136.98,M3960136787,0.0,0.0,0,0.0,0
405,PAYMENT,92.42,C3828935922,318.3,225.88,M1083302600,0.0,0.0,0,0.0,0
253,PAYMENT,1.0,C3614915281,0.0,0.0,M8144352013,0.0,0.0,0,0.0,0
388,PAYMENT,1.29,C5272119095,1.77,0.48,M2228388623,0.0,0.0,0,0.0,0
705,TRANSFER,45.66,C6732648420,61.96,16.3,C2877279755,150.97,150.97,1,0.08,0
85,PAYMENT,1.0,C2020395327,0.0,0.0,M5815678365,0.0,0.0,0,0.0,0
483,TRANSFER,261.31,C5162260671,266.66,5.35,C9912233947,158.44,419.75,1,0.07,0
689,CASH_OUT,1894.14,C8236361108,2572.64,678.5,C5035765954,371.78,371.78,1,0.013333333333333334,0
54,PAYMENT,1.0,C5536224717,0.0,0.0,M9026301048,0.0,0.0,0,0.0,0
592,CASH_IN,61509.72,C7825844140,0.0,61509.72,C1194576436,0.0,0.0,0,0.0,0
278,PAYMENT,1.0,C3878201524,0.0,0.0,M9631695368,0.0,0.0,0,0.0,0
347,TRANSFER,1.0,C2602884797,0.0,0.0,C9354542654,0.0,1.0,0,0.22,0
494,PAYMENT,841.67,C3574081104,1304.85,463.18,M5535650160,0.0,0.0,0,0.0,0
600,PAYMENT,2.54,C5759234471,3.01,0.47,M9921025990,0.0,0.0,0,0.0,0
462,PAYMENT,61.35,C6048096802,81.6,20.25,M3636366799,0.0,0.0,0,0.0,0
483,PAYMENT,11.54,C8261111839,27.74,16.2,M3469205576,0.0,0.0,0,0.0,0
299,PAYMENT,3.75,C7074050517,4.89,1.14,M4211837506,0.0,0.0,0,0.0,0
171,TRANSFER,1197.45,C2914590233,1534.71,337.26,M3965860354,0.0,0.0,1,0.1,0
80,CASH_OUT,6.02,C7100408092,11.38,5.36,C9626333315,0.0,0.0,0,0.0033333333333333335,0
517,CASH_OUT,1.0,C7045593274,0.8,0.0,C7894019119,0.0,0.0,0,0.06,0
108,TRANSFER,1.11,C1696846464,3.27,2.16,C9505085936,113.21,114.32,0,0.04666666666666667,0
300,TRANSFER,3378.95,C3887823121,3240.66,0.0,C6959501845,6.58,3385.53,1,0.13666666666666666,0
262,PAYMENT,1.0,C7895255573,1.74,0.74,M3145756342,0.0,0.0,0,0.0,0
456,CASH_OUT,3246.05,C3987248494,3468.53,222.48,M5000316394,0.0,0.0,1,0.06,0
195,TRANSFER,11.17,C2867302554,12.22,1.05,C6358023411,0.0,11.17,0,0.17666666666666667,0
51,DEBIT,1.28,C6894699853,1.71,0.43,M9068916300,0.0,0.0,0,0.02666666666666667,0
22,CASH_OUT,3617.94,C4747699292,4801.11,1183.17,C4566852761,1.0,1.0,1,0.0,0
237,TRANSFER,67.13,C7487012742,153.2,86.07,C7751356568,636.14,703.27,0,0.006666666666666667,0
15,TRANSFER,74.2,C2320763135,188.05,113.85,C4566852761,1.0,75.2,0,0.13333333333333333,0
326,CASH_OUT,947.71,C4914929023,974.79,27.08,M8768773991,0.0,0.0,1,0.013333333333333334,0
151,TRANSFER,369.68,C6054421752,398.92,29.24,C5763350700,56.3,56.3,1,0.07666666666666666,0
569,PAYMENT,1.0,C2139027119,0.0,0.0,M1083302600,0.0,0.0,0,0.0,0
328,TRANSFER,56.7,C9303765140,75.92,19.22,M3019265031,0.0,0.0,1,0.15333333333333332,0
605,TRANSFER,61.14,C5333183840,67.41,6.27,M6651020291,0.0,0.0,1,0.18,0
104,TRANSFER,4741.37,C1311570307,4852.28,110.91,M1357561213,0.0,0.0,1,0.43333333333333335,0
689,TRANSFER,1.0,C4361393222,0.0,0.0,C6206015111,12.09,13.09,0,0.19,0
172,TRANSFER,1.0,C8025152555,0.0,0.0,C5297902885,43.25,44.25,0,0.12666666666666668,0
120,CASH_OUT,71248.06,C4518871744,68993.42,0.0,M9404002665,0.0,0.0,1,0.05,0
406,TRANSFER,7.96,C9919491730,10.59,2.63,C1626733282,166.13,174.09,0,0.04,0
409,PAYMENT,1.0,C4659306670,1.0,0.0,M3072183247,0.0,0.0,0,0.0,0
93,PAYMENT,1.0,C6418365941,0.97,0.0,M1099218439,0.0,0.0,0,0.0,0
101,PAYMENT,1.0,C4131356954,0.0,0.0,M6992094064,0.0,0.0,0,0.0,0
17,PAYMENT,21676.61,C8570850267,112373.06,90696.45,M7717262223,0.0,0.0,0,0.0,0
268,PAYMENT,4.97,C1173215225,320.25,315.28,M6011842297,0.0,0.0,0,0.0,0
213,CASH_OUT,2754.75,C7660813178,2616.54,0.0,M5937271321,0.0,0.0,1,0.056666666666666664,0
344,TRANSFER,4541.09,C3869963931,4436.6,0.0,M8964269909,0.0,0.0,1,0.75,1
169,PAYMENT,1667.61,C7808938880,11922.07,10254.46,M6692705133,0.0,0.0,0,0.0,0
145,CASH_OUT,2391.35,C8997701619,2455.67,64.32,M5067400473,0.0,0.0,1,0.0033333333333333335,0
148,PAYMENT,14.2,C4750707607,22.22,8.02,M3636366799,0.0,0.0,0,0.0,0
500,TRANSFER,38037.4,C6362597344,37773.14,0.0,M7713758036,0.0,0.0,1,0.9366666666666666,1
484,CASH_OUT,1.0,C7186766399,0.0,0.0,C3758823240,10.58,10.58,0,0.07,0
72,CASH_OUT,64.97,C7487012742,86.07,21.1,C8477300991,0.0,0.0,1,0.0033333333333333335,0
205,CASH_OUT,2899.45,C4022360089,3026.76,127.31,M1711271599,0.0,0.0,1,0.0,0
693,CASH_IN,94983.73,C6338036681,148.97,95132.7,C2866092821,124.03,124.03,0,0.0,0
452,PAYMENT,4.64,C2617999521,5.41,0.77,M1732578761,0.0,0.0,0,0.0,0
115,CASH_OUT,7386.5,C9981691030,20749.27,13362.77,C7705605962,1.25,1.25,0,0.0,0
12,CASH_OUT,58032.7,C2647489402,73685.94,15653.24,M1999913493,0.0,0.0,1,0.0,0
620,PAYMENT,60.95,C3088517710,721.68,660.73,M7678293431,0.0,0.0,0,0.0,0
104,PAYMENT,65.08,C6797436140,97.36,32.28,M4588312351,0.0,0.0,0,0.0,0
296,CASH_OUT,2629.58,C8429141456,2554.47,0.0,M4211837506,0.0,0.0,1,0.11666666666666667,0
19,PAYMENT,1.0,C6611356986,0.0,0.0,M2115406331,0.0,0.0,0,0.0,0
700,PAYMENT,1.0,C3058982440,0.0,0.0,M4896576569,0.0,0.0,0,0.0,0
269,PAYMENT,1.0,C2941508568,0.0,0.0,M9576264323,0.0,0.0,0,0.0,0
97,CASH_OUT,1704.75,C7473868020,1882.48,177.73,M3223687972,0.0,0.0,1,0.0,0
306,CASH_OUT,1.0,C9553561889,0.0,0.0,C4719780110,0.0,0.0,0,0.03333333333333333,0
632,PAYMENT,1.0,C2009317340,0.0,0.0,M3517195150,0.0,0.0,0,0.0,0
237,TRANSFER,2563.56,C8055515912,3560.99,997.43,M4896576569,0.0,0.0,1,0.17333333333333334,0
688,PAYMENT,58.68,C9392707144,71.16,12.48,M7948094928,0.0,0.0,0,0.0,0
679,TRANSFER,4215.37,C1141312095,4508.88,293.51,M6558769264,0.0,0.0,1,0.3333333333333333,0
515,TRANSFER,827.22,C5957341287,997.91,170.69,C4471642620,36.22,863.44,1,0.03333333333333333,0
186,TRANSFER,736.45,C3906611156,901.58,165.13,C9333490239,0.0,0.0,1,0.09,0
570,CASH_IN,4756.63,C8934097788,1248.76,6005.39,C1439427140,93.61,93.61,0,0.0,0
55,CASH_OUT,181.69,C9136780852,270.68,88.99,C8351491401,2259.18,2259.18,0,0.006666666666666667,0
377,TRANSFER,53.4,C6288227800,137.4,84.0,C4386667704,212.98,266.38,0,0.006666666666666667,0
557,TRANSFER,3245.9,C7311011808,2738.92,0.0,C2493660313,0.0,0.0,1,0.9366666666666666,1
308,CASH_IN,124533.55,C9626333315,0.0,124533.55,C7823288650,8160.06,8160.06,0,0.0,0
536,TRANSFER,591.31,C9086117171,783.95,192.64,C8570850267,90696.45,91287.76,1,0.0033333333333333335,0
716,TRANSFER,125.8,C7337225482,121.72,0.0,M8790289305,0.0,0.0,1,0.22,0
505,CASH_OUT,2240.16,C9573276057,1963.99,0.0,M9288057824,0.0,0.0,1,0.20666666666666667,0
52,TRANSFER,1.0,C7406579219,0.0,0.0,C3792347639,3.38,4.38,0,0.22,0
36,DEBIT,1.0,C9248574674,0.0,0.0,M1257854279,0.0,0.0,0,0.02666666666666667,0
579,TRANSFER,12097.94,C9503597301,16585.5,4487.56,C6875597607,0.0,12097.94,0,0.013333333333333334,0
373,TRANSFER,3334.01,C9908115095,4600.88,1266.87,M9590331226,0.0,0.0,1,0.21333333333333335,0
320,PAYMENT,12.82,C2320763135,113.85,101.03,M7340036327,0.0,0.0,0,0.0,0
350,CASH_OUT,2302.74,C5418232833,3148.17,845.43,M7168105904,0.0,0.0,1,0.013333333333333334,0
612,TRANSFER,3163.71,C1834624758,4480.42,1316.71,C4097887746,731.12,3894.83,1,0.03333333333333333,0
531,TRANSFER,972.61,C3553440342,989.81,17.2,C5375461598,0.0,0.0,1,0.23333333333333334,0
173,CASH_OUT,620.17,C8902275119,746.11,125.94,C1225052083,469.42,469.42,1,0.006666666666666667,0
139,CASH_OUT,3676.09,C5077921573,3856.76,180.67,M3457877922,0.0,0.0,1,0.0,0
655,TRANSFER,1.0,C5610783750,0.0,0.0,C9279291478,4.14,5.14,0,0.2,0
466,TRANSFER,1.0,C9369574998,0.0,0.0,C2947476917,0.0,1.0,0,0.22,0
694,TRANSFER,98247.02,C8570850267,91287.76,0.0,C9303765140,19.22,98266.24,1,0.08333333333333333,0
192,DEBIT,7.08,C7858937483,11.4,4.32,M4665677395,0.0,0.0,0,0.023333333333333334,0
683,TRANSFER,72.31,C6619138852,106.22,33.91,C8394040015,52.03,124.34,0,0.1,0
61,PAYMENT,2.95,C8086527181,4.86,1.91,M7713758036,0.0,0.0,0,0.0,0
207,CASH_OUT,41353.0,C9166381136,47165.74,5812.74,C2075413763,1195.91,1195.91,1,0.0033333333333333335,0
253,PAYMENT,28.13,C9806189256,501.97,473.84,M9620935604,0.0,0.0,0,0.0,0
175,TRANSFER,10219.27,C6875597607,12097.94,1878.67,M9398575277,0.0,0.0,1,0.22,0
446,CASH_OUT,99.37,C8902275119,125.94,26.57,C2268523764,152.64,152.64,1,0.05,0
437,CASH_OUT,1.0,C4586784711,1.0,0.0,C5344083406,30.66,30.66,0,0.08333333333333333,0
588,DEBIT,1.0,C2635231601,0.0,0.0,M6313472215,0.0,0.0,0,0.04666666666666667,0
341,TRANSFER,1.0,C6201313620,0.0,0.0,C2510308881,43.61,44.61,0,0.13,0
515,PAYMENT,1.0,C3117951204,0.0,0.0,M3846182436,0.0,0.0,0,0.0,0
169,PAYMENT,1.1,C1004665657,2.14,1.04,M8643636805,0.0,0.0,0,0.0,0
451,CASH_OUT,4318.93,C9166381136,5812.74,1493.81,C5694848867,400.29,400.29,0,0.023333333333333334,0
222,TRANSFER,92.89,C5800633419,79.38,0.0,C9650701349,0.0,0.0,1,0.24,0
38,PAYMENT,331.37,C5868640848,438.1,106.73,M1466305100,0.0,0.0,0,0.0,0
682,CASH_OUT,1252.51,C5508149905,1086.84,0.0,M5270048042,0.0,0.0,1,0.18,0
265,TRANSFER,1.0,C9650701349,0.0,0.0,C9392515666,303.07,304.07,0,0.013333333333333334,0
333,TRANSFER,4484.06,C2317723211,4539.0,54.94,M2228388623,0.0,0.0,1,0.43333333333333335,0
219,CASH_OUT,54.1,C4880176825,91.28,37.18,C4847761430,11626.6,11626.6,0,0.0033333333333333335,0
279,TRANSFER,100.78,C6582557981,117.26,16.48,M9021793855,0.0,0.0,1,0.16666666666666666,0
455,PAYMENT,147.67,C1643611097,722.2,574.53,M3965860354,0.0,0.0,0,0.0,0
584,TRANSFER,3464.0,C4202607993,4186.33,722.33,M6558769264,0.0,0.0,1,0.30333333333333334,0
475,TRANSFER,98.72,C5868640848,106.73,8.01,C4403845222,4.71,4.71,1,0.14333333333333334,0
344,PAYMENT,30.51,C1809283659,35.98,5.47,M6894024976,0.0,0.0,0,0.0,0
340,TRANSFER,1449.86,C9318010743,1857.08,407.22,M4892544235,0.0,0.0,1,0.16333333333333333,0
696,TRANSFER,3431.57,C9715314442,3916.23,484.66,M3508990774,0.0,0.0,1,0.3,0
717,DEBIT,1.0,C7767834064,1.0,0.0,M6845287382,0.0,0.0,0,0.04666666666666667,0
583,PAYMENT,29.93,C5297902885,44.25,14.32,M2541015125,0.0,0.0,0,0.0,0
609,PAYMENT,99.0,C7539399243,136.38,37.38,M3313346852,0.0,0.0,0,0.0,0
467,PAYMENT,12.43,C5607762160,15.3,2.87,M6992094064,0.0,0.0,0,0.0,0
600,CASH_OUT,1.0,C1993998848,0.0,0.0,C7525240100,0.0,0.0,0,0.06333333333333334,0
36,CASH_OUT,48.76,C7904559790,93.47,44.71,C1399546384,93.3,93.3,0,0.0033333333333333335,0
322,TRANSFER,7095.3,C4655730355,14081.61,6986.31,C5334769475,0.0,7095.3,0,0.0,0
518,CASH_OUT,947.2,C6161147047,36653.14,35705.94,C2067970820,0.0,0.0,0,0.01,0
451,TRANSFER,177.06,C1065857791,169.35,0.0,C2458198451,4.45,4.45,1,0.19333333333333333,0
618,PAYMENT,785.84,C7660157097,5479.36,4693.52,M8728631945,0.0,0.0,0,0.0,0
642,CASH_OUT,98.97,C9306142066,104.91,5.94,M2115406331,0.0,0.0,1,0.03666666666666667,0
216,CASH_OUT,132.28,C4034047118,177.33,45.05,M6130446648,0.0,0.0,1,0.0,0
25,PAYMENT,82.42,C9457665185,402.14,319.72,M1442421654,0.0,0.0,0,0.0,0
700,CASH_OUT,2.81,C3597724331,3.16,0.35,C1817804383,75.1,75.1,0,0.04666666666666667,0
185,PAYMENT,5.74,C9189503254,683.37,677.63,M7717262223,0.0,0.0,0,0.0,0
169,CASH_OUT,24.18,C1230624431,27.57,3.39,C2848792488,325.3,325.3,0,0.0,0
553,CASH_OUT,2.29,C4927019611,3.1,0.81,C9516893896,3274.12,3274.12,0,0.023333333333333334,0
509,PAYMENT,1.0,C5482431018,0.0,0.0,M6199197408,0.0,0.0,0,0.0,0
277,CASH_OUT,1200.34,C1590985753,2166.24,965.9,C6072939882,43.89,43.89,0,0.0033333333333333335,0
654,TRANSFER,1.0,C7573691558,0.0,0.0,C7016293621,2924.78,2925.78,0,0.056666666666666664,0
548,PAYMENT,5.34,C9392707144,12.48,7.14,M5919148165,0.0,0.0,0,0.0,0
173,TRANSFER,5912.54,C8282534126,4979.95,0.0,M5449848690,0.0,0.0,1,0.7633333333333333,1
96,DEBIT,1.21,C8858766173,3.39,2.18,M6361225622,0.0,0.0,0,0.023333333333333334,0
453,TRANSFER,3231.19,C5028688786,3077.48,0.0,M4093474499,0.0,0.0,1,0.8966666666666666,1
367,PAYMENT,1.0,C3470617247,0.0,0.0,M1999913493,0.0,0.0,0,0.0,0
632,TRANSFER,2474.68,C6097953682,3173.26,698.58,M4896576569,0.0,0.0,1,0.2866666666666667,0
531,PAYMENT,1183.8,C4503614567,106741.05,105557.25,M9822499208,0.0,0.0,0,0.0,0
675,CASH_OUT,1.0,C7666129822,0.0,0.0,C5403510324,1241.81,1241.81,0,0.03666666666666667,0
646,TRANSFER,1.0,C8300300577,0.0,0.0,C2836553621,0.0,1.0,0,0.23,0
77,TRANSFER,470.78,C5625980561,429.81,0.0,M8964269909,0.0,0.0,1,0.24666666666666667,0
220,TRANSFER,2.43,C1149460439,6.56,4.13,C5560712830,0.0,2.43,0,0.17,0
368,TRANSFER,386.02,C5483308751,1559.3,1173.28,C9123612497,0.0,386.02,0,0.01,0
567,PAYMENT,61.39,C8867077130,94293.69,94232.3,M1458227039,0.0,0.0,0,0.0,0
117,PAYMENT,1.0,C5141593270,0.0,0.0,M5985331805,0.0,0.0,0,0.0,0
156,TRANSFER,294.55,C8471762590,371.42,76.87,M7168105904,0.0,0.0,1,0.14333333333333334,0
141,PAYMENT,1.0,C5523703900,0.0,0.0,M3145756342,0.0,0.0,0,0.0,0
566,CASH_OUT,1.0,C9454207717,0.0,0.0,C1106456634,19.34,19.34,0,0.05333333333333334,0
598,TRANSFER,66.54,C1470939445,92.66,26.12,C9553561889,0.0,66.54,1,0.17666666666666667,0
143,PAYMENT,1.0,C8178361487,0.24,0.0,M7341757401,0.0,0.0,0,0.0,0
178,PAYMENT,244.04,C9715314442,484.66,240.62,M4093474499,0.0,0.0,0,0.0,0
304,PAYMENT,1.0,C1590838716,0.0,0.0,M2839566253,0.0,0.0,0,0.0,0
223,TRANSFER,5349.42,C5334769475,7095.3,1745.88,C6447717367,40913.79,46263.21,0,0.0,0
508,PAYMENT,1.0,C8316205130,0.0,0.0,M1368287033,0.0,0.0,0,0.0,0
132,TRANSFER,1.0,C1011759631,0.0,0.0,C8695129534,71195.69,71196.69,0,0.0,0
307,PAYMENT,6.12,C6358023411,11.17,5.05,M3192202822,0.0,0.0,0,0.0,0
357,PAYMENT,89.28,C3171050399,166.47,77.19,M2155671697,0.0,0.0,0,0.0,0
335,CASH_OUT,55.37,C5083595988,90.32,34.95,C7229869819,2.1,2.1,0,0.013333333333333334,0
568,DEBIT,23.06,C8991514523,83.17,60.11,M3107992942,0.0,0.0,0,0.03,0
56,TRANSFER,509.75,C7829772942,653.86,144.11,C6461974809,69.63,579.38,1,0.006666666666666667,0
63,TRANSFER,98.39,C5578056564,84.4,0.0,C1194576436,0.0,98.39,1,0.24,0
8,CASH_OUT,325.84,C4207337120,373.63,47.79,C3304560537,37.3,37.3,0,0.0033333333333333335,0
329,TRANSFER,677.44,C2645272822,734.79,57.35,C5281907480,0.0,677.44,0,0.013333333333333334,0
202,CASH_OUT,1626.42,C5610783750,1686.58,60.16,M2711123163,0.0,0.0,1,0.0,0
127,TRANSFER,57.01,C4873807154,132.39,75.38,C9963334018,111.56,168.57,0,0.02,0
373,PAYMENT,238.52,C1050899550,415.73,177.21,M4952177946,0.0,0.0,0,0.0,0
29,CASH_OUT,3568.8,C8417757797,3595.71,26.91,M6651020291,0.0,0.0,1,0.0033333333333333335,0
482,PAYMENT,1.0,C9703905715,0.0,0.0,M3595066420,0.0,0.0,0,0.0,0
424,TRANSFER,1.0,C8570850267,0.0,0.0,C6054421752,29.24,30.24,0,0.16666666666666666,0
74,TRANSFER,104.88,C6329589780,140.66,35.78,C3003484425,24.25,129.13,0,0.09333333333333334,0
531,PAYMENT,1.0,C7249213370,0.0,0.0,M9977193987,0.0,0.0,0,0.0,0
607,PAYMENT,1.0,C5306459450,0.0,0.0,M3107992942,0.0,0.0,0,0.0,0
59,TRANSFER,2615.87,C3978287288,3081.1,465.23,C9381721143,0.0,0.0,1,0.16666666666666666,0
468,PAYMENT,1.0,C3597724331,0.35,0.0,M8667946580,0.0,0.0,0,0.0,0
496,PAYMENT,35.63,C5689870435,74.69,39.06,M9410569618,0.0,0.0,0,0.0,0
354,PAYMENT,26.41,C4098389895,86.19,59.78,M9065458220,0.0,0.0,0,0.0,0
604,CASH_IN,1136.1,C3412365931,142.98,1279.08,C4485356009,568.83,568.83,0,0.0,0
125,PAYMENT,1.28,C1809283659,5.47,4.19,M9576264323,0.0,0.0,0,0.0,0
704,TRANSFER,3236.12,C3149533961,3316.06,79.94,C2148679234,4842.75,8078.87,1,0.02666666666666667,0
122,TRANSFER,36.91,C2317723211,54.94,18.03,C7625464411,1.28,38.19,0,0.14333333333333334,0
519,DEBIT,1.0,C2924568778,0.0,0.0,M1199447370,0.0,0.0,0,0.043333333333333335,0
448,DEBIT,43.16,C1322401182,144.79,101.63,M9918338001,0.0,0.0,0,0.023333333333333334,0
116,TRANSFER,976.22,C1541964762,1361.11,384.89,M3355504998,0.0,0.0,1,0.10666666666666667,0
157,TRANSFER,122.01,C7631970791,138.12,16.11,M1413599241,0.0,0.0,1,0.15,0
348,TRANSFER,15.4,C8033702319,26.33,10.93,C5508149905,0.0,15.4,0,0.15,0
615,CASH_OUT,133.64,C1160913827,144.2,10.56,M3595066420,0.0,0.0,1,0.04,0
551,PAYMENT,29.12,C1322401182,101.63,72.51,M4390543744,0.0,0.0,0,0.0,0
27,PAYMENT,3509.12,C3710566582,120212.29,116703.17,M8869140487,0.0,0.0,0,0.0,0
207,CASH_OUT,902.67,C6562434335,892.56,0.0,M3476758136,0.0,0.0,1,0.08333333333333333,0
125,PAYMENT,2095.4,C8487449580,50458.54,48363.14,M4460319291,0.0,0.0,0,0.0,0
146,CASH_OUT,4.61,C6711463258,7.86,3.25,C4482141802,35619.1,35619.1,0,0.0,0
487,CASH_OUT,221.24,C8131923452,337.55,116.31,C3587283948,29.29,29.29,0,0.03333333333333333,0
231,PAYMENT,1.0,C5409514899,0.0,0.0,M5937271321,0.0,0.0,0,0.0,0
291,TRANSFER,223.65,C1316756902,276.16,52.51,C1124331395,0.0,223.65,1,0.05,0
167,TRANSFER,445.5,C2625792787,897.4,451.9,C9786748825,1.67,447.17,0,0.006666666666666667,0
585,DEBIT,245.21,C6392415228,758.43,513.22,M2243802345,0.0,0.0,0,0.023333333333333334,0
285,PAYMENT,1.0,C4039019230,0.0,0.0,M3811254192,0.0,0.0,0,0.0,0
662,PAYMENT,2033.64,C6761084958,2504.51,470.87,M6999146585,0.0,0.0,0,0.0,0
197,PAYMENT,9.53,C8168204967,41.01,31.48,M5412437658,0.0,0.0,0,0.0,0
635,PAYMENT,1.0,C1993998848,0.0,0.0,M5794335854,0.0,0.0,0,0.0,0
547,CASH_OUT,243.9,C3965676060,307.02,63.12,M3595066420,0.0,0.0,1,0.03666666666666667,0
26,CASH_OUT,1.0,C4682870880,0.59,0.0,C6797174636,1.95,1.95,0,0.006666666666666667,0
682,CASH_IN,1212.45,C4466589567,35125.24,36337.69,C5750815980,1.0,1.0,0,0.0,0
669,CASH_OUT,2105.29,C4713453204,1783.71,0.0,M3508990774,0.0,0.0,1,0.16666666666666666,0
245,CASH_OUT,1097.1,C6661014794,1052.78,0.0,C9941564880,6.99,6.99,1,0.09666666666666666,0
363,CASH_OUT,2292.37,C2137651678,3076.89,784.52,M2187592160,0.0,0.0,1,0.01,0
197,PAYMENT,93.25,C4106464319,139.57,46.32,M7678293431,0.0,0.0,0,0.0,0
232,DEBIT,1.0,C8987073217,0.57,0.0,M1357561213,0.0,0.0,0,0.03333333333333333,0
181,TRANSFER,6.77,C3758823240,10.58,3.81,C9250327663,50.31,57.08,0,0.09666666666666666,0
463,PAYMENT,8.15,C1855256552,12.63,4.48,M4158643786,0.0,0.0,0,0.0,0
229,PAYMENT,29.65,C6046864799,35.42,5.77,M9590331226,0.0,0.0,0,0.0,0
206,PAYMENT,874.85,C8995045543,1532.26,657.41,M7969674420,0.0,0.0,0,0.0,0
98,TRANSFER,2091.73,C7430757004,2451.48,359.75,M6384311581,0.0,0.0,1,0.19,0
318,PAYMENT,1.0,C7895255573,0.74,0.0,M1647181551,0.0,0.0,0,0.0,0
686,PAYMENT,83.75,C7576309274,206.49,122.74,M8458323087,0.0,0.0,0,0.0,0
214,TRANSFER,5.88,C9202102595,7.32,1.44,C5578929439,231.05,236.93,0,0.03,0
260,PAYMENT,155.74,C5774080233,455.53,299.79,M9523139706,0.0,0.0,0,0.0,0
577,CASH_OUT,1.0,C9911329062,0.0,0.0,C5536224717,0.0,0.0,0,0.06333333333333334,0
452,PAYMENT,112.72,C4605117440,130767.73,130655.01,M7532669066,0.0,0.0,0,0.0,0
406,PAYMENT,1.0,C9410288290,0.0,0.0,M1783432867,0.0,0.0,0,0.0,0
145,PAYMENT,4.88,C8274219704,12.46,7.58,M5412437658,0.0,0.0,0,0.0,0
689,CASH_OUT,1748.65,C3436297208,1916.05,167.4,C2068687175,110007.84,110007.84,1,0.006666666666666667,0
673,PAYMENT,88.37,C8991977937,235.5,147.13,M9752092528,0.0,0.0,0,0.0,0
119,CASH_OUT,268.9,C5416031878,251.21,0.0,C2176904638,42.74,42.74,1,0.006666666666666667,0
501,PAYMENT,2123.71,C9922723063,99204.12,97080.41,M8964269909,0.0,0.0,0,0.0,0
490,TRANSFER,2.52,C5162260671,5.35,2.83,C8650676663,382.63,385.15,0,0.07666666666666666,0
467,TRANSFER,5447.58,C6038780151,4654.8,0.0,M8740820392,0.0,0.0,1,0.9066666666666666,1
234,TRANSFER,779.15,C4714465905,698.07,0.0,C4131356954,0.0,0.0,1,0.3,0
18,DEBIT,66.21,C6241752544,236.44,170.23,M2391874847,0.0,0.0,0,0.01,0
528,CASH_OUT,84.53,C9844874547,104.66,20.13,M6744039057,0.0,0.0,1,0.03666666666666667,0
446,PAYMENT,1.0,C8300300577,0.0,0.0,M6845287382,0.0,0.0,0,0.0,0
185,PAYMENT,34.56,C8281641403,60.97,26.41,M6820149016,0.0,0.0,0,0.0,0
427,PAYMENT,1.0,C1037811610,0.0,0.0,M8778927211,0.0,0.0,0,0.0,0
571,CASH_OUT,15879.07,C6804850108,24775.17,8896.1,C1408988968,71.27,71.27,0,0.013333333333333334,0
201,PAYMENT,1.0,C7872090713,0.0,0.0,M6790024996,0.0,0.0,0,0.0,0
228,DEBIT,1820.5,C9516893896,3274.12,1453.62,M3019265031,0.0,0.0,0,0.016666666666666666,0
643,TRANSFER,1.0,C5201221330,0.0,0.0,C3465740756,32303.13,32304.13,0,0.0,0
47,TRANSFER,1069.06,C2250949136,1333.61,264.55,M8063693463,0.0,0.0,1,0.10666666666666667,0
357,CASH_OUT,1237.95,C4262396395,1131.69,0.0,M6313472215,0.0,0.0,1,0.13333333333333333,0
606,CASH_IN,131819.32,C2627677155,1.5,131820.82,C7832220535,0.0,0.0,0,0.0,0
396,TRANSFER,1.0,C2846465000,0.0,0.0,C6204862411,0.0,1.0,0,0.22,0
477,PAYMENT,20.22,C9218363978,25.64,5.42,M7537130187,0.0,0.0,0,0.0,0
168,CASH_IN,42758.88,C7660157097,4693.52,47452.4,C4172006012,106.21,106.21,0,0.0,0
664,PAYMENT,1.0,C4178659381,0.0,0.0,M5412437658,0.0,0.0,0,0.0,0
694,CASH_OUT,100904.52,C6715961218,104905.26,4000.74,M3965860354,0.0,0.0,1,0.016666666666666666,0
593,PAYMENT,1.0,C4282810353,0.0,0.0,M6495967005,0.0,0.0,0,0.0,0
710,CASH_OUT,319.07,C5694848867,400.29,81.22,M5000316394,0.0,0.0,1,0.03,0
571,PAYMENT,109.01,C6134840512,156.15,47.14,M8869140487,0.0,0.0,0,0.0,0
41,CASH_OUT,14020.05,C3465740756,32304.13,18284.08,C6155234610,0.0,0.0,0,0.0,0
287,TRANSFER,102.32,C8906163641,128.04,25.72,M1694904767,0.0,0.0,1,0.15666666666666668,0
661,CASH_OUT,7.46,C7038841740,7.92,0.46,C8556573246,546.41,546.41,0,0.06,0
77,TRANSFER,6.26,C4914929023,27.08,20.82,C9481076448,528.59,534.85,0,0.01,0
360,TRANSFER,48.98,C6320115677,53.54,4.56,C4419410162,0.0,0.0,1,0.17,0
395,CASH_OUT,870.82,C6272000062,5769.89,4899.07,C3396953414,0.0,0.0,0,0.0033333333333333335,0
153,TRANSFER,86.26,C9903351330,88.39,2.13,C6566372886,0.0,0.0,1,0.16666666666666666,0
458,CASH_IN,111072.26,C6745958212,45454.41,156526.67,C9904586976,403.93,403.93,0,0.0,0
168,TRANSFER,2677.44,C6469458472,3607.49,930.05,C9123612497,386.02,386.02,1,0.0,0
53,CASH_IN,55146.63,C5358791907,11.78,55158.41,C2891100776,0.0,0.0,0,0.0,0
411,TRANSFER,1.0,C1430073711,0.0,0.0,C8322868827,1.86,2.86,0,0.2,0
396,PAYMENT,1.0,C1112794026,0.0,0.0,M4554178984,0.0,0.0,0,0.0,0
540,PAYMENT,2205.23,C3250402001,54036.62,51831.39,M5087280062,0.0,0.0,0,0.0,0
114,PAYMENT,21805.01,C6246716604,68320.17,46515.16,M8102481401,0.0,0.0,0,0.0,0
67,CASH_OUT,1.96,C1139082827,6.15,4.19,C6496933442,14.69,14.69,0,0.0033333333333333335,0
657,CASH_OUT,1.0,C5482431018,0.0,0.0,C2670036982,80.84,80.84,0,0.04666666666666667,0
507,PAYMENT,4.84,C2905584866,5.43,0.59,M3019265031,0.0,0.0,0,0.0,0
356,PAYMENT,1.0,C5010075517,0.0,0.0,M2695447268,0.0,0.0,0,0.0,0
50,CASH_OUT,656.16,C6923301988,681.25,25.09,M2303835765,0.0,0.0,1,0.0033333333333333335,0
340,DEBIT,1.0,C2905584866,0.59,0.0,M6790024996,0.0,0.0,0,0.04,0
366,TRANSFER,51.79,C9155819200,58.29,6.5,M7343954769,0.0,0.0,1,0.16,0
296,DEBIT,55.94,C9546021691,207.89,151.95,M5194066484,0.0,0.0,0,0.013333333333333334,0
164,PAYMENT,1.0,C7757700186,0.0,0.0,M7570511906,0.0,0.0,0,0.0,0
450,CASH_OUT,2223.28,C3951331472,2940.14,716.86,M6763471833,0.0,0.0,1,0.05,0
227,CASH_OUT,2895.96,C7915226263,3199.73,303.77,M3208200227,0.0,0.0,1,0.0,0
299,TRANSFER,30513.09,C8674224347,75151.25,44638.16,C2770980600,0.21,30513.3,0,0.0,0
377,DEBIT,34.93,C8168394616,67.75,32.82,M8044997538,0.0,0.0,0,0.023333333333333334,0
471,TRANSFER,162.22,C5899025962,207.81,45.59,M2121448210,0.0,0.0,1,0.16333333333333333,0
36,CASH_OUT,1.0,C7872873371,0.0,0.0,C9270323795,135359.1,135359.1,0,0.0,0
296,TRANSFER,1.0,C2349641712,0.0,0.0,C6317189421,63434.45,63435.45,0,0.0,0
215,PAYMENT,4312.54,C4919706735,14314.44,10001.9,M6495967005,0.0,0.0,0,0.0,0
357,PAYMENT,1.83,C9533595495,2.32,0.49,M1692044390,0.0,0.0,0,0.0,0
332,PAYMENT,2.53,C9597198563,12.46,9.93,M8044997538,0.0,0.0,0,0.0,0
224,CASH_OUT,1.0,C2224363672,0.0,0.0,C9909257076,8.66,8.66,0,0.013333333333333334,0
381,TRANSFER,1.0,C4713453204,0.0,0.0,C7465834732,120848.68,120849.68,0,0.0,0
74,TRANSFER,83592.74,C9432088993,88678.2,5085.46,C3377702111,0.0,83592.74,1,0.0,0
32,PAYMENT,611.83,C8236361108,678.5,66.67,M2625035499,0.0,0.0,0,0.0,0
509,CASH_OUT,2461.96,C1754368373,2585.07,123.11,M8063693463,0.0,0.0,1,0.03333333333333333,0
382,CASH_OUT,13.54,C6081137534,16.42,2.88,C6307626407,476.12,476.12,0,0.02,0
39,CASH_IN,125729.92,C7660157097,47452.4,173182.32,C7161887665,134.68,134.68,0,0.0,0
655,CASH_IN,141.07,C2168041588,277.23,418.3,C3420721027,727.41,727.41,0,0.006666666666666667,0
386,TRANSFER,1223.83,C3291226621,1552.81,328.98,M1504729135,0.0,0.0,1,0.13,0
70,TRANSFER,158.88,C1977515194,304.77,145.89,C4853479481,56.1,214.98,0,0.04,0
150,CASH_IN,31.7,C8991977937,147.13,178.83,C7949795085,19.08,19.08,0,0.0,0
422,PAYMENT,4.79,C9392707144,7.14,2.35,M2571632270,0.0,0.0,0,0.0,0
213,PAYMENT,16.75,C2351531223,28.57,11.82,M2695447268,0.0,0.0,0,0.0,0
607,CASH_OUT,44629.78,C2962750929,103624.91,58995.13,C3051831252,2811.77,2811.77,0,0.0,0
589,PAYMENT,606.7,C3319936135,855.3,248.6,M8728631945,0.0,0.0,0,0.0,0
667,TRANSFER,1.0,C3400244542,0.0,0.0,C3931997465,682.45,683.45,0,0.08,0
640,CASH_OUT,4065.07,C9717175839,3605.86,0.0,C4252504650,1082.78,1082.78,1,0.21333333333333335,0
185,TRANSFER,3974.29,C1730074215,4514.87,540.58,C1430073711,0.0,0.0,1,0.19666666666666666,0
105,PAYMENT,1.0,C5666504394,0.0,0.0,M2571632270,0.0,0.0,0,0.0033333333333333335,0
447,TRANSFER,963.62,C8373547961,914.42,0.0,C9958044697,0.0,0.0,1,0.4,0
27,PAYMENT,6.95,C5952163720,25.53,18.58,M9921025990,0.0,0.0,0,0.0,0
631,TRANSFER,1.0,C6340003593,0.0,0.0,C5118430494,66.08,67.08,0,0.17333333333333334,0
13,TRANSFER,9678.64,C1417436465,31315.57,21636.93,C2390587865,113.48,9792.12,0,0.0,0
387,PAYMENT,1.0,C4110258855,0.0,0.0,M8548290298,0.0,0.0,0,0.0,0
137,PAYMENT,78.67,C2877279755,150.97,72.3,M2243802345,0.0,0.0,0,0.0,0
280,PAYMENT,1.0,C3482206102,0.0,0.0,M3192202822,0.0,0.0,0,0.0,0
6,CASH_OUT,159.12,C5774080233,299.79,140.67,C6463640105,0.0,0.0,0,0.013333333333333334,0
621,PAYMENT,1.0,C4536306171,0.0,0.0,M8276498637,0.0,0.0,0,0.0,0
445,DEBIT,1.0,C6168291913,0.0,0.0,M2869931869,0.0,0.0,0,0.05,0
389,TRANSFER,40146.37,C8139209752,59617.25,19470.88,C4693510920,0.0,40146.37,0,0.0,0
46,DEBIT,1.0,C4353689019,0.0,0.0,M1096405016,0.0,0.0,0,0.02666666666666667,0
162,TRANSFER,2.79,C7088949191,4.47,1.68,C2947476917,1.0,3.79,0,0.17,0
194,PAYMENT,263.85,C8117478955,746.32,482.47,M2869931869,0.0,0.0,0,0.0,0
439,CASH_OUT,1.0,C5646880148,0.0,0.0,C4503614567,105557.25,105557.25,0,0.01,0
537,TRANSFER,2900.76,C3051831252,2811.77,0.0,M5194066484,0.0,0.0,1,0.9366666666666666,1
593,CASH_OUT,589.14,C4993808565,1062.48,473.34,C4130305126,13123.54,13123.54,0,0.006666666666666667,0
367,PAYMENT,1.72,C6719736115,2.2,0.48,M5000316394,0.0,0.0,0,0.0,0
635,PAYMENT,8.14,C7935554354,18.4,10.26,M7192742877,0.0,0.0,0,0.0,0
54,TRANSFER,2220.08,C2180484299,2633.79,413.71,M8366710477,0.0,0.0,1,0.18,0
368,CASH_OUT,2129.5,C2214741296,2265.97,136.47,M2839566253,0.0,0.0,1,0.013333333333333334,0
255,CASH_OUT,344.52,C3841827734,428.36,83.84,C7183058541,0.0,0.0,0,0.0033333333333333335,0
653,PAYMENT,1.0,C5201221330,0.0,0.0,M4160161496,0.0,0.0,0,0.0,0
655,TRANSFER,10.12,C3946766309,19.14,9.02,C1110533960,164.83,174.95,0,0.08,0
657,CASH_IN,22.46,C7487012742,21.1,43.56,C5673482258,12.11,12.11,0,0.006666666666666667,0
371,TRANSFER,3496.17,C1862812038,3774.08,277.91,M2635881694,0.0,0.0,1,0.22666666666666666,0
700,CASH_OUT,2562.89,C9842186844,2723.49,160.6,M9576264323,0.0,0.0,1,0.023333333333333334,0
152,CASH_IN,26002.54,C2067970820,0.0,26002.54,C5626388820,698.72,698.72,0,0.0,0
227,CASH_OUT,28126.15,C6161147047,35705.94,7579.79,C9370133343,907.07,907.07,1,0.0033333333333333335,0
23,CASH_OUT,1.0,C5033992825,0.0,0.0,C3587283948,29.29,29.29,0,0.0,0
341,TRANSFER,1.0,C4990452762,0.0,0.0,C3365835550,1963.33,1964.33,0,0.006666666666666667,0
382,TRANSFER,3810.73,C3878201524,4905.33,1094.6,C5693307665,6.72,3817.45,1,0.0,0
380,PAYMENT,34.61,C9953941533,56.79,22.18,M8728631945,0.0,0.0,0,0.0,0
57,CASH_OUT,202.87,C3207160929,849.97,647.1,C7561728644,6.65,6.65,0,0.0033333333333333335,0
683,DEBIT,1.0,C1112794026,0.0,0.0,M1711271599,0.0,0.0,0,0.05,0
262,TRANSFER,1556.56,C3380064537,1649.62,93.06,M2711123163,0.0,0.0,1,0.24333333333333335,0
691,PAYMENT,162.56,C2266622851,222.75,60.19,M8366710477,0.0,0.0,0,0.0,0
402,PAYMENT,147.65,C9963334018,168.57,20.92,M9581187661,0.0,0.0,0,0.0,0
219,PAYMENT,1.0,C5150090143,0.0,0.0,M6845287382,0.0,0.0,0,0.0,0
650,TRANSFER,451.41,C1116402431,446.55,0.0,C1041531046,11.5,11.5,1,0.21,0
119,PAYMENT,4.22,C3815235019,5.86,1.64,M8389750357,0.0,0.0,0,0.0,0
542,TRANSFER,1211.89,C7015992643,1442.22,230.33,M7351460539,0.0,0.0,1,0.16333333333333333,0
257,CASH_OUT,346.0,C1741134891,381.78,35.78,C7920516981,61.02,61.02,1,0.0033333333333333335,0
8,TRANSFER,10.1,C9963334018,20.92,10.82,C3319936135,248.6,258.7,0,0.006666666666666667,0
77,TRANSFER,561.92,C3313993297,1059.45,497.53,C1290050198,7153.2,7715.12,0,0.0,0
90,CASH_OUT,86.69,C1664847319,81.78,0.0,C1563524533,15.54,15.54,1,0.016666666666666666,0
44,CASH_OUT,1819.54,C7397963801,2501.82,682.28,C3479708607,0.0,0.0,1,0.0,0
93,TRANSFER,1.0,C3426665919,0.0,0.0,C3245108207,28.11,29.11,0,0.17666666666666667,0
287,CASH_OUT,139.15,C5100282913,116.63,0.0,M3313346852,0.0,0.0,1,0.04,0
522,CASH_OUT,239.65,C7505693643,653.7,414.05,C7561728644,6.65,6.65,0,0.02666666666666667,0
604,PAYMENT,936.86,C5151887478,1975.27,1038.41,M7651029165,0.0,0.0,0,0.0,0
341,PAYMENT,23376.31,C4503614567,105557.25,82180.94,M3313346852,0.0,0.0,0,0.0,0
573,PAYMENT,334.87,C6959501845,3385.53,3050.66,M1357561213,0.0,0.0,0,0.0,0
688,CASH_OUT,1.0,C2846465000,0.0,0.0,C5077921573,180.67,180.67,0,0.04666666666666667,0
538,PAYMENT,23918.87,C3874432021,112825.38,88906.51,M5564953924,0.0,0.0,0,0.0,0
580,PAYMENT,1.0,C8168036130,0.0,0.0,M3313346852,0.0,0.0,0,0.0,0
172,PAYMENT,1.0,C7371573279,0.0,0.0,M8728631945,0.0,0.0,0,0.0,0
290,CASH_OUT,207.45,C1965067727,840.01,632.56,C9945002229,29.35,29.35,0,0.01,0
568,TRANSFER,1253.26,C7059726570,2034.44,781.18,C3147818256,140317.72,141570.98,0,0.006666666666666667,0
281,PAYMENT,1.0,C9858643842,0.0,0.0,M3660800029,0.0,0.0,0,0.0,0
275,PAYMENT,1.0,C1654602021,0.0,0.0,M1676220116,0.0,0.0,0,0.0,0
153,TRANSFER,1848.4,C1526723719,3085.25,1236.85,C4605117440,130655.01,132503.41,0,0.0,0
270,PAYMENT,1.02,C7340428136,4.13,3.11,M9410569618,0.0,0.0,0,0.0,0
298,PAYMENT,1.0,C2423995953,0.0,0.0,M9404002665,0.0,0.0,0,0.0,0
377,PAYMENT,1.0,C1726990714,0.0,0.0,M3469205576,0.0,0.0,0,0.0,0
133,PAYMENT,148.01,C7010379415,523.76,375.75,M2115406331,0.0,0.0,0,0.0,0
338,TRANSFER,63.55,C5025070544,83.48,19.93,M9021793855,0.0,0.0,1,0.15333333333333332,0
563,CASH_OUT,534.48,C4302632494,1758.52,1224.04,C2771211118,16.14,16.14,0,0.023333333333333334,0
218,TRANSFER,1.48,C1717346250,1.69,0.21,C9318010743,407.22,408.7,0,0.01,0
402,PAYMENT,1.0,C4550353803,0.0,0.0,M6999146585,0.0,0.0,0,0.0,0
281,TRANSFER,2282.17,C3149484176,3045.55,763.38,M3107992942,0.0,0.0,1,0.18666666666666668,0
214,CASH_OUT,4257.05,C5569295400,3736.48,0.0,M9576264323,0.0,0.0,1,0.05,0
530,PAYMENT,1.0,C9919491730,2.63,1.63,M5315720088,0.0,0.0,0,0.0,0
159,CASH_IN,71697.67,C1809283659,4.19,71701.86,C1225052083,469.42,469.42,0,0.0,0
614,CASH_OUT,36521.5,C9471306442,32913.96,0.0,C4104309491,155.34,155.34,1,0.10666666666666667,0
51,PAYMENT,1.0,C7196439534,0.0,0.0,M6498703287,0.0,0.0,0,0.0,0
205,TRANSFER,1226.46,C5421592782,1578.92,352.46,C5129478722,4897.92,4897.92,1,0.0033333333333333335,0
446,TRANSFER,132915.89,C6745958212,156526.67,23610.78,M9640701016,0.0,0.0,1,0.32,0
11,PAYMENT,1.0,C8826851692,0.0,0.0,M6846530109,0.0,0.0,0,0.0,0
494,TRANSFER,1.0,C6470052645,0.0,0.0,C3707166618,0.0,1.0,0,0.22333333333333333,0
357,PAYMENT,36.53,C2052811909,231.89,195.36,M5315720088,0.0,0.0,0,0.0,0
576,PAYMENT,144.76,C6509985983,167.46,22.7,M7366396017,0.0,0.0,0,0.0,0
516,TRANSFER,1.0,C7161404428,0.0,0.0,C7305101214,0.0,1.0,0,0.22333333333333333,0
64,CASH_OUT,11668.55,C2079501936,12136.53,467.98,M2518433834,0.0,0.0,1,0.0,0
32,TRANSFER,4397.89,C3866755218,4844.48,446.59,C3480920839,0.0,0.0,1,0.18666666666666668,0
98,CASH_OUT,23.33,C6720396142,76.92,53.59,C6336171726,46263.74,46263.74,0,0.0033333333333333335,0
20,PAYMENT,37.4,C6305160342,56.73,19.33,M2518433834,0.0,0.0,0,0.0,0
437,DEBIT,1.0,C6952554500,0.0,0.0,M7951820749,0.0,0.0,0,0.05,0
125,CASH_OUT,5584.42,C3376077463,4882.73,0.0,M5000316394,0.0,0.0,1,0.04,0
321,PAYMENT,7651.28,C2777816561,67984.51,60333.23,M9773795424,0.0,0.0,0,0.0,0
386,PAYMENT,1.0,C6153541642,1.57,0.57,M5380159400,0.0,0.0,0,0.0,0
5,CASH_IN,81251.88,C9165632300,0.32,81252.2,C2254516608,35.25,35.25,0,0.0033333333333333335,0
520,TRANSFER,245.65,C7596745715,254.14,8.49,M8768773991,0.0,0.0,1,0.17333333333333334,0
369,PAYMENT,4.4,C8261111839,16.2,11.8,M8910440683,0.0,0.0,0,0.0,0
708,DEBIT,7.52,C4750707607,8.02,0.5,M2228388623,0.0,0.0,0,0.05333333333333334,0
630,PAYMENT,1.0,C9703905715,0.0,0.0,M7366396017,0.0,0.0,0,0.0,0
630,CASH_OUT,3441.82,C3694860228,3160.87,0.0,C7552812957,26.46,26.46,1,0.2,0
638,CASH_OUT,4537.38,C9752058817,4544.1,6.72,C8317619798,1114.44,1114.44,1,0.08,0
332,PAYMENT,34.65,C3639796200,508.86,474.21,M3566125120,0.0,0.0,0,0.0,0
532,TRANSFER,96.21,C3521300895,83.35,0.0,M1692044390,0.0,0.0,1,0.23333333333333334,0
399,PAYMENT,1.0,C3891796055,0.0,0.0,M2625035499,0.0,0.0,0,0.0,0
127,PAYMENT,3.19,C5333183840,6.27,3.08,M3322580659,0.0,0.0,0,0.0,0
175,TRANSFER,350.57,C2780136605,496.03,145.46,C4037270171,686.04,1036.61,0,0.006666666666666667,0
327,PAYMENT,1.0,C2400094541,0.0,0.0,M6763471833,0.0,0.0,0,0.0,0
85,CASH_OUT,1.0,C9677466102,0.0,0.0,C7625464411,38.19,38.19,0,0.0033333333333333335,0
105,TRANSFER,1.9,C1149460439,4.13,2.23,C7887950851,9.2,11.1,0,0.14333333333333334,0
102,PAYMENT,2916.17,C7380780055,8816.06,5899.89,M4390543744,0.0,0.0,0,0.0,0
285,PAYMENT,2.1,C1121863227,2.6,0.5,M1122712790,0.0,0.0,0,0.0,0
335,TRANSFER,4115.27,C4590711152,4089.89,0.0,M2778069478,0.0,0.0,1,0.75,1
113,PAYMENT,24.22,C7190276026,26.92,2.7,M3534186676,0.0,0.0,0,0.0,0
491,CASH_OUT,1.0,C2654584280,0.0,0.0,C5523703900,0.0,0.0,0,0.06666666666666667,0
614,CASH_OUT,72.62,C6288227800,84.0,11.38,C8691288568,147.99,147.99,0,0.03333333333333333,0
707,PAYMENT,25.28,C7597996327,28.12,2.84,M5570190774,0.0,0.0,0,0.0033333333333333335,0
174,PAYMENT,17713.81,C6448324230,116725.47,99011.66,M7050091525,0.0,0.0,0,0.0,0
116,TRANSFER,1508.18,C6102144947,1391.22,0.0,C2591589823,236.41,1744.59,1,0.056666666666666664,0
76,CASH_OUT,32.31,C7150970643,71.41,39.1,C8973989997,33980.06,33980.06,0,0.006666666666666667,0
388,TRANSFER,7558.9,C3190227431,7377.46,0.0,C4633257620,805.05,805.05,1,0.14,0
714,DEBIT,3.22,C9974165440,3.76,0.54,M3476758136,0.0,0.0,0,0.04666666666666667,0
182,TRANSFER,48.8,C8110054933,61.98,13.18,C8375996697,35.26,84.06,1,0.11333333333333333,0
200,CASH_OUT,1.0,C5150090143,0.0,0.0,C5694848867,81.22,81.22,0,0.0,0
558,PAYMENT,259.68,C4226113732,276.17,16.49,M2541015125,0.0,0.0,0,0.0,0
251,TRANSFER,37.61,C2140169349,63.33,25.72,C2780136605,145.46,183.07,0,0.023333333333333334,0
461,CASH_OUT,1278.7,C1602569046,2110.22,831.52,C5141593270,0.0,0.0,0,0.05,0
197,TRANSFER,230.69,C7452729913,209.33,0.0,M7341757401,0.0,0.0,1,0.23666666666666666,0
57,CASH_OUT,1.0,C9957813353,0.0,0.0,C2390587865,9792.12,9792.12,0,0.0,0
170,TRANSFER,4537.57,C7601519165,3783.49,0.0,M2655546199,0.0,0.0,1,0.7666666666666667,1
646,PAYMENT,25.95,C2613385303,69.34,43.39,M4460319291,0.0,0.0,0,0.0,0
649,TRANSFER,10254.15,C9035194895,11481.32,1227.17,C2227193073,3.53,10257.68,0,0.016666666666666666,0
713,DEBIT,1.0,C2041349374,0.72,0.0,M3690714075,0.0,0.0,0,0.04666666666666667,0
507,PAYMENT,973.38,C3744446292,1110.34,136.96,M2839566253,0.0,0.0,0,0.0,0
132,PAYMENT,1.0,C6955593943,0.0,0.0,M7678293431,0.0,0.0,0,0.0,0
43,TRANSFER,1.0,C3482206102,0.0,0.0,C5952163720,18.58,19.58,0,0.18333333333333332,0
215,CASH_OUT,1.0,C5710360983,0.0,0.0,C1158998032,1.65,1.65,0,0.013333333333333334,0
182,PAYMENT,1.0,C1045302356,0.0,0.0,M7192742877,0.0,0.0,0,0.0,0
669,TRANSFER,68.17,C9715314442,240.62,172.45,C5774080233,140.67,208.84,0,0.05333333333333334,0
242,PAYMENT,354.43,C9645619869,114573.91,114219.48,M8869140487,0.0,0.0,0,0.0,0
235,PAYMENT,1.0,C2311597141,0.0,0.0,M4460319291,0.0,0.0,0,0.0,0
16,PAYMENT,5619.27,C3412273600,9960.6,4341.33,M7270955446,0.0,0.0,0,0.0,0
533,CASH_OUT,1.0,C4956362540,0.0,0.0,C3698305085,174.12,174.12,0,0.05,0
302,TRANSFER,30.75,C1513003815,50.54,19.79,C5071218314,164.02,194.77,0,0.016666666666666666,0
367,TRANSFER,1.37,C5584288132,1.96,0.59,C8211516617,703.29,704.66,0,0.016666666666666666,0
257,PAYMENT,1.0,C6102144947,0.0,0.0,M7532669066,0.0,0.0,0,0.0,0
14,TRANSFER,1.0,C3664052763,0.0,0.0,C7185179917,11.27,12.27,0,0.17,0
181,PAYMENT,247.2,C1039262289,280.25,33.05,M8443061472,0.0,0.0,0,0.0,0
433,TRANSFER,2973.38,C3369305560,2840.84,0.0,C7625389037,1200.73,1200.73,1,0.3466666666666667,0
328,TRANSFER,41257.8,C8189916797,37860.34,0.0,C6961554653,93.62,93.62,1,0.31666666666666665,0
374,PAYMENT,1.0,C7895255573,0.0,0.0,M7341757401,0.0,0.0,0,0.0,0
67,TRANSFER,3508.58,C3591527330,4861.28,1352.7,M6894024976,0.0,0.0,1,0.2,0
627,PAYMENT,145.9,C5067116918,160.81,14.91,M4665677395,0.0,0.0,0,0.0,0
427,PAYMENT,44.77,C1408988968,71.27,26.5,M2129491690,0.0,0.0,0,0.0,0
18,PAYMENT,1.0,C6924716023,0.3,0.0,M9558906999,0.0,0.0,0,0.0,0
114,CASH_OUT,579.4,C6097953682,698.58,119.18,C5724657556,322.19,322.19,0,0.006666666666666667,0
446,TRANSFER,85.35,C1197449658,99.0,13.65,M2115862756,0.0,0.0,1,0.17,0
699,PAYMENT,54.36,C2877279755,72.3,17.94,M7270955446,0.0,0.0,0,0.0,0
259,TRANSFER,4727.5,C6566372886,4086.7,0.0,C8934927891,468.23,468.23,1,0.18333333333333332,0
401,PAYMENT,1.0,C5659161352,0.0,0.0,M6313472215,0.0,0.0,0,0.0,0
39,TRANSFER,972.45,C6244338653,905.09,0.0,C3515167269,357.01,1329.46,1,0.043333333333333335,0
559,TRANSFER,1188.11,C7872090713,1411.63,223.52,M6313472215,0.0,0.0,1,0.16666666666666666,0
30,PAYMENT,11.22,C2071552532,30.26,19.04,M9640701016,0.0,0.0,0,0.0,0
339,CASH_OUT,1.0,C9858643842,0.0,0.0,C2079770569,0.0,0.0,0,0.03333333333333333,0
24,PAYMENT,1.05,C8831899893,1.66,0.61,M5734228580,0.0,0.0,0,0.0,0
661,CASH_OUT,177.99,C9751963589,156.29,0.0,C2905584866,0.0,0.0,1,0.07,0
212,PAYMENT,8825.2,C2178158203,26166.28,17341.08,M9631695368,0.0,0.0,0,0.0,0
554,PAYMENT,3.58,C6000952470,4.24,0.66,M7453081889,0.0,0.0,0,0.0,0
693,CASH_OUT,46.62,C2994056084,52.41,5.79,C5151887478,1038.41,1038.41,1,0.023333333333333334,0
209,PAYMENT,4.7,C6311894154,630.13,625.43,M1357561213,0.0,0.0,0,0.0,0
459,TRANSFER,615.74,C9711080868,556.51,0.0,C6415031531,1406.42,1406.42,1,0.09333333333333334,0
401,CASH_OUT,45769.02,C7465834732,120849.68,75080.66,C6924716023,0.0,0.0,0,0.0,0
342,PAYMENT,189.6,C1862812038,277.91,88.31,M6247463262,0.0,0.0,0,0.0,0
165,TRANSFER,3195.25,C1506211965,3096.57,0.0,C2139078760,0.0,0.0,1,0.79,1
91,CASH_OUT,4332.44,C9302705838,4963.44,631.0,C8880184233,32.72,32.72,0,0.0,0
281,TRANSFER,1.0,C8241550421,0.0,0.0,C8995970241,396.45,397.45,0,0.013333333333333334,0
572,PAYMENT,1.0,C3424843951,0.0,0.0,M9631695368,0.0,0.0,0,0.0,0
232,TRANSFER,4373.72,C8331319481,4225.09,0.0,M3469205576,0.0,0.0,1,0.83,1
158,PAYMENT,1.0,C4181102664,0.0,0.0,M2249831874,0.0,0.0,0,0.0,0
217,PAYMENT,3816.59,C3995732958,8705.28,4888.69,M6284297249,0.0,0.0,0,0.0,0
532,CASH_IN,19570.18,C1644608746,27.21,19597.39,C4386667704,266.38,266.38,0,0.0,0
431,PAYMENT,28.67,C9547119184,52.45,23.78,M9065458220,0.0,0.0,0,0.0,0
560,TRANSFER,300.8,C9123612497,386.02,85.22,C6557907251,4399.91,4700.71,0,0.03,0
657,CASH_OUT,1.0,C8182649048,0.0,0.0,C4268713302,0.0,0.0,0,0.056666666666666664,0
124,CASH_OUT,1.0,C6242173772,0.0,0.0,C6092773357,3.87,3.87,0,0.0033333333333333335,0
695,TRANSFER,1.0,C3479708607,0.0,0.0,C2905584866,0.0,1.0,0,0.22,0
421,PAYMENT,4508.39,C3465883999,143137.78,138629.39,M7343954769,0.0,0.0,0,0.0,0
505,PAYMENT,1.0,C2635231601,0.0,0.0,M3495411322,0.0,0.0,0,0.0,0
27,CASH_OUT,4575.95,C4422700486,4964.13,388.18,M2635881694,0.0,0.0,1,0.0033333333333333335,0
694,CASH_OUT,81.85,C7333316743,90.25,8.4,C6313758032,10.65,10.65,0,0.03,0
18,DEBIT,1.0,C8612747444,0.0,0.0,M8389750357,0.0,0.0,0,0.023333333333333334,0
102,PAYMENT,1.0,C7045593274,0.0,0.0,M5380159400,0.0,0.0,0,0.0033333333333333335,0
288,CASH_OUT,1.0,C7873709012,0.0,0.0,C5759272717,99.97,99.97,0,0.013333333333333334,0
229,PAYMENT,1.0,C7135394336,0.0,0.0,M9404002665,0.0,0.0,0,0.0,0
329,TRANSFER,173.69,C1230249217,157.98,0.0,C3376077463,0.0,173.69,1,0.14,0
501,PAYMENT,2.07,C2458198451,4.45,2.38,M6041646576,0.0,0.0,0,0.0,0
615,CASH_OUT,26.18,C5364727160,67.77,41.59,C5523703900,0.0,0.0,0,0.03666666666666667,0
319,TRANSFER,35485.6,C1756345332,64300.89,28815.29,C5296710795,3655.23,39140.83,0,0.0,0
604,TRANSFER,3888.15,C6458544482,4756.13,867.98,M5919148165,0.0,0.0,1,0.32,0
693,PAYMENT,114.7,C9411532909,189.48,74.78,M8626371177,0.0,0.0,0,0.0,0
345,TRANSFER,1.0,C5375461598,0.0,0.0,C8991514523,60.11,61.11,0,0.11333333333333333,0
108,PAYMENT,7117.76,C5358791907,55158.41,48040.65,M9068916300,0.0,0.0,0,0.0,0
231,PAYMENT,1.0,C5010075517,0.0,0.0,M2869931869,0.0,0.0,0,0.0,0
155,PAYMENT,188.35,C4993808565,473.34,284.99,M6247463262,0.0,0.0,0,0.0,0
351,CASH_OUT,4.03,C1749459431,4.71,0.68,C6844582171,298.15,298.15,0,0.013333333333333334,0
297,CASH_OUT,295.06,C2379592595,407.42,112.36,C9379439373,5.64,5.64,1,0.0033333333333333335,0
482,TRANSFER,1.0,C5855415646,0.0,0.0,C1569113257,329.93,330.93,0,0.10333333333333333,0
575,PAYMENT,98.09,C6789448659,123.74,25.65,M2635881694,0.0,0.0,0,0.0,0
684,PAYMENT,54.9,C3965676060,63.12,8.22,M1888107487,0.0,0.0,0,0.0,0
698,PAYMENT,333.86,C8934927891,468.23,134.37,M8063693463,0.0,0.0,0,0.0,0
196,TRANSFER,2449.3,C1600337712,2858.82,409.52,C6466597005,13.6,2462.9,1,0.01,0
295,PAYMENT,1.0,C1662976399,0.0,0.0,M9043367776,0.0,0.0,0,0.0,0
617,CASH_OUT,54.69,C8180620422,120.99,66.3,C1091729577,272.03,272.03,0,0.03,0
265,PAYMENT,1.0,C1805492785,0.0,0.0,M6651020291,0.0,0.0,0,0.0,0
440,PAYMENT,1.0,C3400244542,0.0,0.0,M1442421654,0.0,0.0,0,0.0,0
506,CASH_IN,10825.93,C7249213370,0.0,10825.93,C8982597239,204.33,204.33,0,0.0,0
349,PAYMENT,5479.86,C6649827836,9788.98,4309.12,M6495967005,0.0,0.0,0,0.0,0
217,CASH_OUT,540.47,C3313993297,497.53,0.0,M7702529931,0.0,0.0,1,0.14,0
558,CASH_IN,14357.38,C2830154607,102.1,14459.48,C7560389844,75100.11,75100.11,0,0.0,0
182,DEBIT,1.0,C4486522557,0.0,0.0,M8768773991,0.0,0.0,0,0.03,0
552,CASH_OUT,352.48,C4079223686,410.61,58.13,C5998623100,61.56,61.56,1,0.03333333333333333,0
187,CASH_OUT,3.67,C7114223633,17.99,14.32,C1322401182,72.51,72.51,0,0.0,0
609,PAYMENT,15.0,C7904559790,44.71,29.71,M9933702652,0.0,0.0,0,0.0,0
174,TRANSFER,61.9,C1399546384,93.3,31.4,C1857596764,2.01,63.91,0,0.15333333333333332,0
507,PAYMENT,187.17,C1131267917,202.17,15.0,M1096405016,0.0,0.0,0,0.0,0
335,TRANSFER,30108.42,C3799620568,59517.51,29409.09,C5358791907,48040.65,78149.07,0,0.0,0
10,CASH_OUT,1.0,C2602884797,0.0,0.0,C5714169271,353.03,353.03,0,0.0033333333333333335,0
254,PAYMENT,4.28,C8261111839,11.8,7.52,M1666898313,0.0,0.0,0,0.0,0
397,TRANSFER,2336.26,C1749459431,2840.12,503.86,M2328736852,0.0,0.0,1,0.19333333333333333,0
40,CASH_OUT,612.16,C5160575046,710.08,97.92,C1281199333,97231.89,97231.89,0,0.0,0
693,DEBIT,1.69,C8547068234,2.8,1.11,M7340036327,0.0,0.0,0,0.043333333333333335,0
612,PAYMENT,1.0,C1004665657,1.04,0.04,M6284297249,0.0,0.0,0,0.0,0
39,CASH_OUT,306.93,C6687206971,403.58,96.65,C1590838716,0.0,0.0,1,0.0,0
616,TRANSFER,6.37,C3188382776,12.7,6.33,C1304205279,135.13,141.5,0,0.08,0
375,CASH_IN,8221.66,C4748302739,24.21,8245.87,C1614685938,2768.61,2768.61,0,0.0,0
50,CASH_OUT,2741.61,C6110646714,2647.43,0.0,C2416760621,7383.06,7383.06,1,0.0,0
606,TRANSFER,194.35,C7316122432,249.18,54.83,M8667946580,0.0,0.0,1,0.17333333333333334,0
417,TRANSFER,252.96,C9370133343,907.07,654.11,C3429019820,0.0,252.96,0,0.04666666666666667,0
681,TRANSFER,23644.82,C7208619610,30036.66,6391.84,C3511301900,16006.62,16006.62,1,0.0,0
110,PAYMENT,15442.73,C5871743247,143420.22,127977.49,M4125758723,0.0,0.0,0,0.0,0
538,CASH_OUT,138.12,C2439622619,237.52,99.4,C3358880404,0.0,0.0,0,0.03333333333333333,0
275,TRANSFER,1.0,C6491309593,0.0,0.0,C2645272822,57.35,58.35,0,0.12,0
511,TRANSFER,200.96,C5754363475,237.99,37.03,C7568861677,9468.65,9669.61,0,0.01,0
183,CASH_OUT,1537.92,C7627266377,2189.38,651.46,C9462806178,111.52,111.52,1,0.0,0
441,CASH_OUT,1.0,C3958590550,0.0,0.0,C5703357871,0.0,0.0,0,0.09666666666666666,0
130,PAYMENT,16.26,C3316277000,28.35,12.09,M2228388623,0.0,0.0,0,0.0,0
95,CASH_OUT,972.31,C3058982440,1019.35,47.04,M3508990774,0.0,0.0,1,0.0,0
178,TRANSFER,1615.89,C9958044697,1540.98,0.0,M7192742877,0.0,0.0,1,0.38,0
167,TRANSFER,1.0,C1364994639,0.0,0.0,C5492496998,103.32,104.32,0,0.056666666666666664,0
31,PAYMENT,2.74,C3693916084,697.77,695.03,M6045729129,0.0,0.0,0,0.0,0
600,PAYMENT,57.3,C8480622107,236.05,178.75,M6606958660,0.0,0.0,0,0.0,0
379,PAYMENT,1.0,C1485574228,0.0,0.0,M9640701016,0.0,0.0,0,0.0,0
173,CASH_OUT,1.0,C6474354351,1.45,0.45,C8366884200,0.0,0.0,0,0.013333333333333334,0
682,CASH_OUT,396.18,C9912233947,419.75,23.57,C4026816435,0.0,0.0,1,0.03666666666666667,0
695,CASH_OUT,1.0,C1288335378,0.0,0.0,C8303853049,40.78,40.78,0,0.04666666666666667,0
424,PAYMENT,1.0,C6470052645,0.0,0.0,M9900829971,0.0,0.0,0,0.0,0
359,PAYMENT,1.0,C9182543558,0.0,0.0,M7351460539,0.0,0.0,0,0.0,0
660,DEBIT,28.38,C4079223686,58.13,29.75,M7437168216,0.0,0.0,0,0.03,0
680,PAYMENT,1.0,C1696846464,2.16,1.16,M9776500600,0.0,0.0,0,0.0,0
445,PAYMENT,6142.22,C6792661894,95498.31,89356.09,M1466305100,0.0,0.0,0,0.0,0
273,TRANSFER,301.22,C2180484299,413.71,112.49,C5022964382,6.71,6.71,1,0.12,0
19,PAYMENT,1390.74,C2780016559,7230.08,5839.34,M3811254192,0.0,0.0,0,0.0,0
59,TRANSFER,4092.29,C2965164102,4568.37,476.08,C6448324230,99011.66,99011.66,1,0.0,0
47,TRANSFER,1.0,C4067919621,0.0,0.0,C8833889083,9164.14,9165.14,0,0.0,0
476,CASH_OUT,11.97,C7403028869,57.99,46.02,C2268523764,152.64,152.64,0,0.043333333333333335,0
698,CASH_OUT,1341.49,C5483308751,1173.28,0.0,M3208200227,0.0,0.0,1,0.17333333333333334,0
145,CASH_OUT,1.0,C5625980561,0.0,0.0,C1322401182,72.51,72.51,0,0.0,0
673,PAYMENT,57.34,C8760642358,142.8,85.46,M1676220116,0.0,0.0,0,0.0,0
371,TRANSFER,57920.97,C1067198189,72115.35,14194.38,M9625656293,0.0,0.0,1,0.25,0
384,CASH_OUT,1.0,C2633177480,0.0,0.0,C2761091683,143697.04,143697.04,0,0.0,0
197,TRANSFER,434.11,C5735817014,400.59,0.0,M2625035499,0.0,0.0,1,0.24,0
514,TRANSFER,347.07,C7077131430,720.78,373.71,C7872873371,0.0,347.07,0,0.056666666666666664,0
173,CASH_OUT,69.06,C7920516981,61.02,0.0,C4564751926,53.01,53.01,1,0.006666666666666667,0
533,TRANSFER,1559.32,C1510289448,2135.34,576.02,M9918338001,0.0,0.0,1,0.27,0
654,CASH_OUT,837.73,C3951331472,716.86,0.0,M9620935604,0.0,0.0,1,0.11666666666666667,0
391,PAYMENT,25.51,C5923940434,35.1,9.59,M7951820749,0.0,0.0,0,0.0,0
405,PAYMENT,15.85,C5975196341,75.18,59.33,M1908459040,0.0,0.0,0,0.0,0
588,PAYMENT,2210.71,C9780187424,46530.42,44319.71,M8964269909,0.0,0.0,0,0.0,0
270,TRANSFER,11056.68,C1667779376,18719.67,7662.99,C4046558332,29.77,11086.45,0,0.0,0
705,TRANSFER,1.0,C7705605962,1.25,0.25,C8235717104,595.56,596.56,0,0.08,0
620,PAYMENT,5.39,C8134112721,74.64,69.25,M8366710477,0.0,0.0,0,0.0,0
299,TRANSFER,652.99,C2377246195,888.79,235.8,M9620935604,0.0,0.0,1,0.10333333333333333,0
553,PAYMENT,3.12,C9702693937,5.53,2.41,M7948094928,0.0,0.0,0,0.0,0
317,CASH_OUT,1.0,C8316648259,0.0,0.0,C5364727160,41.59,41.59,0,0.016666666666666666,0
691,TRANSFER,150.15,C9546021691,151.95,1.8,M8548290298,0.0,0.0,1,0.18666666666666668,0
637,CASH_OUT,1972.4,C4026816435,2279.7,307.3,M2121448210,0.0,0.0,1,0.02666666666666667,0
595,CASH_OUT,60.91,C8760642358,85.46,24.55,C5778781449,1.81,1.81,1,0.03666666666666667,0
99,TRANSFER,2840.36,C7246858055,7451.43,4611.07,C1945826486,152.44,2992.8,0,0.0033333333333333335,0
76,DEBIT,1.0,C5607762160,2.87,1.87,M6498703287,0.0,0.0,0,0.023333333333333334,0
700,PAYMENT,1.0,C8318855178,1.77,0.77,M6200141898,0.0,0.0,0,0.0,0
608,TRANSFER,3646.27,C3975418439,4282.5,636.23,C6922713963,3793.02,3793.02,1,0.03,0
331,TRANSFER,1450.09,C6928691380,1351.85,0.0,M7514017540,0.0,0.0,1,0.36333333333333334,0
113,CASH_IN,2627.78,C2965254350,77351.44,79979.22,C2704657157,0.0,0.0,0,0.0,0
312,TRANSFER,1194.16,C9894847574,1107.18,0.0,C1251837136,2454.91,3649.07,1,0.013333333333333334,0
506,CASH_OUT,273.48,C6986770879,278.82,5.34,C4907446848,218.51,218.51,1,0.03666666666666667,0
487,CASH_IN,23.43,C6069848439,0.0,23.43,C3691864041,925.37,925.37,0,0.013333333333333334,0
257,PAYMENT,41.0,C7369118672,52.05,11.05,M6401844042,0.0,0.0,0,0.0,0
57,CASH_OUT,1.0,C1654602021,0.0,0.0,C3316787198,73.63,73.63,0,0.0,0
54,PAYMENT,1.0,C8468071953,0.0,0.0,M4588312351,0.0,0.0,0,0.0,0
45,PAYMENT,1.54,C8086527181,1.91,0.37,M2869931869,0.0,0.0,0,0.0,0
261,CASH_OUT,70.32,C3149533961,79.94,9.62,M7969674420,0.0,0.0,1,0.0033333333333333335,0
662,TRANSFER,453.82,C3047869247,380.44,0.0,M8366710477,0.0,0.0,1,0.23,0
93,TRANSFER,330.65,C5911625145,303.54,0.0,M9620935604,0.0,0.0,1,0.24,0
87,TRANSFER,1.0,C6418365941,0.0,0.0,C3710566582,116703.17,116704.17,0,0.0,0
707,CASH_OUT,57.33,C3019214800,71.87,14.54,C5584288132,0.59,0.59,1,0.03333333333333333,0
706,CASH_OUT,3391.08,C5067245523,4254.91,863.83,C9954587710,100.92,100.92,1,0.02,0
404,PAYMENT,1.0,C9856756553,0.0,0.0,M7192742877,0.0,0.0,0,0.0,0
299,PAYMENT,27.21,C8303853049,40.78,13.57,M9043367776,0.0,0.0,0,0.0,0
414,PAYMENT,1.0,C5428082088,0.0,0.0,M5815678365,0.0,0.0,0,0.0,0
125,PAYMENT,10.51,C9467483275,538.6,528.09,M2391874847,0.0,0.0,0,0.0,0
138,TRANSFER,2.01,C4403845222,4.71,2.7,C8239941612,2.99,5.0,0,0.16,0
38,PAYMENT,1.0,C4427620889,0.0,0.0,M2129491690,0.0,0.0,0,0.0,0
655,TRANSFER,779.55,C4882343658,728.36,0.0,M1676220116,0.0,0.0,1,0.26666666666666666,0
615,TRANSFER,1200.63,C7838460497,1332.86,132.23,M9776500600,0.0,0.0,1,0.20666666666666667,0
290,PAYMENT,1.0,C2242377075,0.0,0.0,M3705237613,0.0,0.0,0,0.0,0
316,TRANSFER,1329.95,C5625342041,1746.3,416.35,C7825844140,61509.72,61509.72,1,0.0,0
14,TRANSFER,1907.87,C6142469284,2267.03,359.16,M9921025990,0.0,0.0,1,0.16,0
446,CASH_OUT,553.26,C8556573246,546.41,0.0,M5985331805,0.0,0.0,1,0.21,0
383,PAYMENT,682.33,C4921003983,926.39,244.06,M1783432867,0.0,0.0,0,0.0,0
297,TRANSFER,3.13,C5508149905,15.4,12.27,C7100408092,5.36,8.49,0,0.12333333333333334,0
526,TRANSFER,708.91,C8826851692,654.67,0.0,M6199197408,0.0,0.0,1,0.26,0
510,PAYMENT,1.0,C7920516981,0.0,0.0,M2249831874,0.0,0.0,0,0.0,0
231,PAYMENT,1092.13,C1521521078,1172.35,80.22,M2418407139,0.0,0.0,0,0.0,0
235,TRANSFER,8.96,C2578662692,12.92,3.96,C2525930586,235.88,244.84,0,0.006666666666666667,0
63,TRANSFER,2866.9,C9327720702,3750.52,883.62,M7453081889,0.0,0.0,1,0.2,0
104,CASH_OUT,714.11,C1387652480,2017.9,1303.79,C2178884276,0.0,0.0,0,0.0033333333333333335,0
64,CASH_IN,14313.2,C3163970710,1750.12,16063.32,C6246716604,46515.16,46515.16,0,0.0,0
251,TRANSFER,1.0,C6548442140,0.0,0.0,C9941564880,6.99,7.99,0,0.19666666666666666,0
207,PAYMENT,83.56,C9123207735,155.3,71.74,M8063693463,0.0,0.0,0,0.0,0
219,CASH_OUT,4674.48,C6161147047,7579.79,2905.31,C9730449971,0.0,0.0,0,0.0,0
337,CASH_OUT,13.0,C5151086814,14.7,1.7,C1293864877,0.0,0.0,0,0.02666666666666667,0
406,PAYMENT,265.43,C3691864041,925.37,659.94,M8044997538,0.0,0.0,0,0.0,0
630,TRANSFER,11.74,C3019214800,14.54,2.8,C1625217504,515.51,527.25,0,0.06333333333333334,0
309,CASH_OUT,1.0,C1662976399,0.0,0.0,C7660813178,0.0,0.0,0,0.03333333333333333,0
658,CASH_OUT,3417.62,C8556573246,4132.01,714.39,C2416760621,7383.06,7383.06,1,0.006666666666666667,0
452,TRANSFER,5.11,C7100408092,8.49,3.38,C7333316743,8.4,13.51,0,0.14333333333333334,0
143,CASH_OUT,70.54,C1817804383,75.1,4.56,C1415802902,0.0,0.0,0,0.006666666666666667,0
452,CASH_IN,127021.39,C3482206102,0.0,127021.39,C3980491761,76.76,76.76,0,0.0,0
392,TRANSFER,2149.14,C7623575561,2722.81,573.67,C3426665919,0.0,0.0,1,0.19333333333333333,0
699,PAYMENT,1.0,C1415802902,0.0,0.0,M2635881694,0.0,0.0,0,0.0,0
262,CASH_OUT,140.32,C2405746777,124.69,0.0,M3566125120,0.0,0.0,1,0.03666666666666667,0
319,CASH_OUT,4.46,C7460728316,6.09,1.63,C2174793230,117.92,117.92,0,0.013333333333333334,0
628,PAYMENT,154.03,C7602474923,540.23,386.2,M6384311581,0.0,0.0,0,0.0,0
301,CASH_IN,14.89,C3020939193,142.85,157.74,C2254516608,35.25,35.25,0,0.0,0
89,CASH_OUT,552.78,C2331039957,474.04,0.0,C6562457052,0.0,0.0,1,0.04,0
194,PAYMENT,1.0,C5800633419,0.0,0.0,M1811839103,0.0,0.0,0,0.0,0
462,TRANSFER,53.3,C4655935832,61.36,8.06,C9136780852,88.99,142.29,0,0.07333333333333333,0
456,CASH_OUT,1.0,C6038780151,0.0,0.0,C3978287288,465.23,465.23,0,0.09333333333333334,0
565,PAYMENT,724.52,C4794276323,1254.96,530.44,M1666898313,0.0,0.0,0,0.0,0
537,PAYMENT,32.53,C6134840512,47.14,14.61,M6558769264,0.0,0.0,0,0.0,0
595,CASH_OUT,1.0,C2020395327,0.0,0.0,C5647317872,6181.46,6181.46,0,0.023333333333333334,0
700,PAYMENT,1.44,C9305502799,6.52,5.08,M6763471833,0.0,0.0,0,0.0,0
694,CASH_OUT,289.67,C5638860656,357.06,67.39,C2699887270,0.0,0.0,0,0.03,0
356,CASH_OUT,3639.2,C1158998032,3463.12,0.0,C6300607425,193.82,193.82,1,0.10666666666666667,0
89,PAYMENT,556.84,C3420721027,727.41,170.57,M1857561275,0.0,0.0,0,0.0,0
389,TRANSFER,22548.78,C8139209752,19470.88,0.0,M6790024996,0.0,0.0,1,0.72,1
701,TRANSFER,3899.25,C5750815980,4725.46,826.21,C3304560537,37.3,37.3,1,0.24333333333333335,0
273,TRANSFER,1340.63,C4864126433,1412.02,71.39,C7525240100,0.0,0.0,1,0.20333333333333334,0
308,PAYMENT,11006.44,C2178158203,17341.08,6334.64,M1692044390,0.0,0.0,0,0.0,0
402,TRANSFER,1.0,C2178884276,0.0,0.0,C3597724331,0.0,1.0,0,0.22,0
625,PAYMENT,1.0,C2480915452,0.0,0.0,M1368287033,0.0,0.0,0,0.0,0
494,TRANSFER,149.04,C5175416378,176.22,27.18,C4586139213,917.58,917.58,1,0.05,0
702,CASH_OUT,1.0,C6099808894,1.0,0.0,C1722124509,0.0,0.0,0,0.056666666666666664,0
115,PAYMENT,359.84,C7470843264,442.87,83.03,M4093474499,0.0,0.0,0,0.0,0
601,CASH_OUT,1.0,C1287814151,0.0,0.0,C5703357871,0.0,0.0,0,0.06333333333333334,0
56,PAYMENT,62.79,C6385791669,89.64,26.85,M7282885927,0.0,0.0,0,0.0,0
119,PAYMENT,137.66,C7154795660,444.91,307.25,M3595066420,0.0,0.0,0,0.0,0
472,PAYMENT,13.59,C6305160342,19.33,5.74,M4035639663,0.0,0.0,0,0.0,0
42,PAYMENT,1.0,C2308496151,0.0,0.0,M9590331226,0.0,0.0,0,0.0,0
659,CASH_OUT,412.33,C9806189256,473.84,61.51,C9147687657,0.0,0.0,1,0.03333333333333333,0
281,TRANSFER,1.0,C9857430687,0.0,0.0,C6289150149,0.0,1.0,0,0.23333333333333334,0
33,PAYMENT,2.73,C8299146480,7.91,5.18,M9398575277,0.0,0.0,0,0.0,0
463,CASH_IN,4802.42,C8943866829,16.17,4818.59,C7420493866,155.88,155.88,0,0.0,0
411,PAYMENT,414.73,C1625217504,527.25,112.52,M6790024996,0.0,0.0,0,0.0,0
511,TRANSFER,912.27,C8137764127,913.26,0.99,M5937271321,0.0,0.0,1,0.31,0
240,TRANSFER,3625.36,C2480915452,3803.17,177.81,C5704029171,18.33,3643.69,1,0.006666666666666667,0
202,TRANSFER,1694.32,C6231117883,1519.2,0.0,M7192742877,0.0,0.0,1,0.3933333333333333,0
698,CASH_OUT,1.0,C5150090143,0.0,0.0,C4509456565,7.45,7.45,0,0.05,0
332,PAYMENT,11.0,C2188332531,29.36,18.36,M2115406331,0.0,0.0,0,0.0,0
483,TRANSFER,72362.4,C6237376063,98678.98,26316.58,C6837975356,553.73,553.73,1,0.07333333333333333,0
572,CASH_OUT,350.03,C7915226263,303.77,0.0,M8325043570,0.0,0.0,1,0.07666666666666666,0
363,TRANSFER,209.95,C1446457642,200.42,0.0,C2267619081,576.36,786.31,1,0.013333333333333334,0
423,PAYMENT,410.56,C8211516617,704.66,294.1,M9288057824,0.0,0.0,0,0.0,0
390,PAYMENT,18.91,C7199283151,85.34,66.43,M5815678365,0.0,0.0,0,0.0,0
715,CASH_OUT,1165.54,C1104906255,1627.62,462.08,C8531118333,0.0,0.0,1,0.03,0
468,CASH_IN,10224.91,C4990452762,0.0,10224.91,C6726515966,3.36,3.36,0,0.0,0
334,CASH_OUT,1351.61,C7981077394,1421.21,69.6,C6443749394,0.0,0.0,1,0.016666666666666666,0
630,PAYMENT,1.0,C3555656321,0.0,0.0,M6790024996,0.0,0.0,0,0.0,0
272,CASH_OUT,106.45,C5135595227,117.95,11.5,C3791815554,3574.48,3574.48,1,0.0033333333333333335,0
569,TRANSFER,389.97,C1600406558,352.34,0.0,C6928691380,0.0,389.97,1,0.11666666666666667,0
48,TRANSFER,1.0,C9661615016,0.0,0.0,C6153541642,0.57,1.57,0,0.22333333333333333,0
185,CASH_OUT,208.27,C4102872611,229.07,20.8,C5227828349,41.16,41.16,1,0.0,0
622,PAYMENT,271.37,C3169561289,1209.92,938.55,M7651029165,0.0,0.0,0,0.0,0
186,PAYMENT,3271.67,C4972536230,10336.67,7065.0,M2604788242,0.0,0.0,0,0.0,0
79,TRANSFER,91.09,C2866092821,124.03,32.94,M4601406440,0.0,0.0,1,0.16666666666666666,0
167,PAYMENT,2276.78,C3420671425,2695.36,418.58,M8821456242,0.0,0.0,0,0.0,0
373,CASH_OUT,32440.09,C6447717367,46263.21,13823.12,C7668801906,0.0,0.0,0,0.0,0
62,PAYMENT,1.0,C6673381261,0.0,0.0,M8643636805,0.0,0.0,0,0.0,0
499,TRANSFER,1.0,C1293864877,0.0,0.0,C8690920484,840.78,841.78,0,0.07666666666666666,0
443,PAYMENT,5.14,C7935554354,10.26,5.12,M3517195150,0.0,0.0,0,0.0,0
262,CASH_OUT,1.0,C3480920839,0.0,0.0,C2591589823,1744.59,1744.59,0,0.0033333333333333335,0
386,CASH_OUT,17.95,C8906163641,25.72,7.77,C8507497883,0.0,0.0,0,0.016666666666666666,0
95,TRANSFER,354.98,C9166381136,1493.81,1138.83,C2308496151,0.0,354.98,0,0.02,0
236,PAYMENT,259.84,C3734252963,523.45,263.61,M7702529931,0.0,0.0,0,0.0,0
453,CASH_OUT,447.59,C9337145038,458.99,11.4,M2655546199,0.0,0.0,1,0.06,0
288,TRANSFER,587.52,C1290050198,7715.12,7127.6,C1039262289,33.05,620.57,0,0.0,0
243,DEBIT,1.86,C3185386258,8.9,7.04,M4329446784,0.0,0.0,0,0.02,0
476,CASH_OUT,1.0,C6879428703,0.56,0.0,C3389594115,2015.44,2015.44,0,0.07333333333333333,0
569,PAYMENT,1.0,C7242730249,0.14,0.0,M1857561275,0.0,0.0,0,0.0,0
202,TRANSFER,1.0,C3483827971,1.0,0.0,C9463197203,245.63,246.63,0,0.013333333333333334,0
34,TRANSFER,50631.67,C7759781156,45189.92,0.0,M4242579642,0.0,0.0,1,0.8033333333333333,1
10,PAYMENT,4616.48,C6272000062,4899.07,282.59,M2541015125,0.0,0.0,0,0.0,0
443,PAYMENT,1.0,C5625411308,0.0,0.0,M1466305100,0.0,0.0,0,0.0,0
71,PAYMENT,1.0,C3555656321,0.0,0.0,M8144889126,0.0,0.0,0,0.0,0
705,PAYMENT,1746.89,C3875303857,2005.35,258.46,M3208200227,0.0,0.0,0,0.0,0
3,PAYMENT,1.0,C6000952470,0.66,0.0,M7702529931,0.0,0.0,0,0.0,0
467,TRANSFER,2925.36,C4660390742,2538.75,0.0,C6157617867,3.7,3.7,1,0.8166666666666667,1
90,TRANSFER,45.82,C6720396142,53.59,7.77,C3768901084,1.0,46.82,0,0.16333333333333333,0
33,TRANSFER,196.35,C3074232200,228.21,31.86,C5975196341,59.33,255.68,0,0.013333333333333334,0
550,CASH_OUT,23.45,C1439427140,93.61,70.16,C3923823693,0.0,0.0,0,0.03666666666666667,0
39,CASH_OUT,1583.41,C1149460439,1510.49,0.0,M1096405016,0.0,0.0,1,0.04666666666666667,0
37,PAYMENT,87.04,C2268523764,152.64,65.6,M9921025990,0.0,0.0,0,0.0,0
92,TRANSFER,1665.9,C6732648420,1640.89,0.0,M5194066484,0.0,0.0,1,0.43,0
349,PAYMENT,2314.74,C5647317872,6181.46,3866.72,M3317856944,0.0,0.0,0,0.0,0
463,TRANSFER,10.64,C3464975279,23.96,13.32,C1558631501,15.82,26.46,0,0.13333333333333333,0
201,CASH_OUT,1453.04,C3412365931,1279.08,0.0,C4719780110,0.0,0.0,1,0.05,0
535,PAYMENT,1.0,C5646880148,0.0,0.0,M6495967005,0.0,0.0,0,0.0,0
597,PAYMENT,2.71,C9438411468,5.65,2.94,M6583604299,0.0,0.0,0,0.0,0
625,CASH_IN,86529.59,C6157617867,3.7,86533.29,C5071897791,1.0,1.0,0,0.0,0
697,CASH_OUT,2219.57,C7598745558,2017.75,0.0,C9851745648,82.61,82.61,1,0.14666666666666667,0
550,PAYMENT,10.19,C7296658772,83.51,73.32,M4665677395,0.0,0.0,0,0.0,0
256,PAYMENT,1.0,C8178361487,0.0,0.0,M9590331226,0.0,0.0,0,0.0,0
48,TRANSFER,2790.82,C3201397080,3666.99,876.17,C4256292393,22.55,22.55,1,0.10333333333333333,0
710,PAYMENT,3.77,C8274273035,4.41,0.64,M3317856944,0.0,0.0,0,0.0,0
190,CASH_OUT,334.72,C7070083150,373.7,38.98,M5087280062,0.0,0.0,1,0.0,0
500,CASH_OUT,1741.63,C8934097788,6005.39,4263.76,C6995554056,12.28,12.28,0,0.02,0
420,DEBIT,37.82,C8184602688,63.77,25.95,M1732578761,0.0,0.0,0,0.03333333333333333,0
135,PAYMENT,1.0,C1818520766,0.0,0.0,M5380159400,0.0,0.0,0,0.0,0
48,CASH_OUT,814.6,C7839819230,743.45,0.0,M3469205576,0.0,0.0,1,0.06666666666666667,0
414,PAYMENT,14.28,C2369705770,17.69,3.41,M7537130187,0.0,0.0,0,0.0,0
141,PAYMENT,116.37,C7934137693,192.88,76.51,M5734228580,0.0,0.0,0,0.0,0
44,CASH_OUT,1.0,C7049001493,0.0,0.0,C9924456994,0.0,0.0,0,0.0033333333333333335,0
587,TRANSFER,51.63,C7199283151,66.43,14.8,C3887823121,0.0,51.63,0,0.17666666666666667,0
577,CASH_OUT,1458.01,C6466597005,2462.9,1004.89,C7371573279,0.0,0.0,0,0.02666666666666667,0
52,PAYMENT,9.58,C2071552532,19.04,9.46,M1413599241,0.0,0.0,0,0.0,0
154,CASH_OUT,12513.05,C3843139149,43681.64,31168.59,C4928783441,0.0,0.0,0,0.0,0
138,CASH_OUT,1.0,C9312085761,0.0,0.0,C2125089309,0.0,0.0,0,0.0033333333333333335,0
149,CASH_OUT,1.0,C5306459450,0.0,0.0,C8110054933,13.18,13.18,0,0.0033333333333333335,0
717,PAYMENT,1843.16,C9929101065,2609.2,766.04,M1999913493,0.0,0.0,0,0.0,0
431,PAYMENT,1.0,C5215140451,0.0,0.0,M7437168216,0.0,0.0,0,0.0,0
395,TRANSFER,1519.07,C8706093841,1416.78,0.0,M7341757401,0.0,0.0,1,0.35,0
40,CASH_OUT,315.66,C4308701294,1261.01,945.35,C8180620422,66.3,66.3,0,0.0033333333333333335,0
287,TRANSFER,27.67,C3768901084,46.82,19.15,C6924716023,0.0,27.67,0,0.15333333333333332,0
116,PAYMENT,8.31,C4914929023,20.82,12.51,M1811839103,0.0,0.0,0,0.0,0
597,CASH_OUT,2736.29,C7483366056,3641.8,905.51,M1442421654,0.0,0.0,1,0.02666666666666667,0
200,PAYMENT,1.0,C7061419749,2.0,1.0,M3145756342,0.0,0.0,0,0.0,0
412,PAYMENT,6.57,C4012917912,9.37,2.8,M3846182436,0.0,0.0,0,0.0,0
337,TRANSFER,7.45,C3777580509,8.0,0.55,C8757570742,14641.84,14649.29,0,0.0,0
74,TRANSFER,7.3,C1375899416,25.68,18.38,C3615507143,0.0,7.3,0,0.16333333333333333,0
656,PAYMENT,32.94,C7567496105,58.66,25.72,M4896576569,0.0,0.0,0,0.0,0
720,TRANSFER,2814.61,C7805745017,2532.18,0.0,C2877279755,17.94,17.94,1,0.7333333333333333,1
291,PAYMENT,1.0,C7824150224,0.0,0.0,M9441870024,0.0,0.0,0,0.0,0
332,PAYMENT,97.54,C1311570307,110.91,13.37,M6041646576,0.0,0.0,0,0.0,0
137,PAYMENT,1.0,C6488854841,0.0,0.0,M5919148165,0.0,0.0,0,0.0,0
500,PAYMENT,103.56,C9623534576,303.55,199.99,M3580582653,0.0,0.0,0,0.0,0
618,CASH_IN,85348.72,C7371573279,0.0,85348.72,C7465834732,75080.66,75080.66,0,0.0,0
487,PAYMENT,91.22,C2320763135,101.03,9.81,M4641902461,0.0,0.0,0,0.0,0
3,PAYMENT,686.0,C6425814872,2012.86,1326.86,M1083302600,0.0,0.0,0,0.0,0
595,PAYMENT,501.43,C6585609060,927.27,425.84,M3690714075,0.0,0.0,0,0.0,0
528,CASH_OUT,21150.29,C1756345332,28815.29,7665.0,M7750131975,0.0,0.0,1,0.013333333333333334,0
125,TRANSFER,2.63,C4413838650,5.1,2.47,C5982744929,988.73,991.36,0,0.006666666666666667,0
10,TRANSFER,393.86,C9455610447,2405.76,2011.9,C9484167278,2225.75,2619.61,0,0.0,0
539,TRANSFER,1072.71,C4786674545,1375.05,302.34,M2885370603,0.0,0.0,1,0.16333333333333333,0
275,PAYMENT,36.24,C6128695961,951.59,915.35,M2115406331,0.0,0.0,0,0.0,0
663,PAYMENT,1.0,C8093179263,0.0,0.0,M8728631945,0.0,0.0,0,0.0,0
52,TRANSFER,339.81,C4422700486,388.18,48.37,M9068916300,0.0,0.0,1,0.16,0
672,TRANSFER,2911.51,C9717175839,2871.08,0.0,M8768773991,0.0,0.0,1,0.9033333333333333,1
328,TRANSFER,2613.32,C3108307952,2265.27,0.0,C2785736751,0.0,0.0,1,0.72,1
80,TRANSFER,4122.54,C3664052763,4947.66,825.12,C4419410162,0.0,0.0,1,0.20333333333333334,0
140,CASH_OUT,2988.64,C1676168421,3660.61,671.97,M4306983924,0.0,0.0,1,0.0,0
555,TRANSFER,1.0,C6566372886,0.0,0.0,C1234359689,0.0,1.0,0,0.22333333333333333,0
601,PAYMENT,2367.4,C8083175325,43467.13,41099.73,M1888107487,0.0,0.0,0,0.0,0
456,PAYMENT,9.93,C3587283948,29.29,19.36,M5570190774,0.0,0.0,0,0.0,0
589,TRANSFER,1.0,C3645901955,0.0,0.0,C9981364488,0.0,1.0,0,0.23,0
305,TRANSFER,1958.0,C3047869247,1847.86,0.0,C6124453431,5494.17,5494.17,1,0.016666666666666666,0
592,TRANSFER,2986.72,C1726990714,4116.26,1129.54,M1257854279,0.0,0.0,1,0.30333333333333334,0
135,TRANSFER,54.76,C8758809005,80.81,26.05,C7857580528,0.0,54.76,0,0.14,0
189,PAYMENT,2092.47,C1421776124,47853.27,45760.8,M3965860354,0.0,0.0,0,0.0,0
188,TRANSFER,91.42,C5243939720,159.69,68.27,C2020262123,49.02,140.44,0,0.03333333333333333,0
711,CASH_IN,513.78,C9403748506,0.0,513.78,C2950049698,1.04,1.04,0,0.0033333333333333335,0
109,TRANSFER,1.0,C4096932037,0.0,0.0,C5354747485,0.0,1.0,0,0.22666666666666666,0
640,PAYMENT,1.22,C2963288053,2.96,1.74,M4211837506,0.0,0.0,0,0.0,0
639,PAYMENT,700.09,C7451071432,1074.83,374.74,M1122712790,0.0,0.0,0,0.0,0
120,PAYMENT,176.56,C8272725281,518.13,341.57,M5990749811,0.0,0.0,0,0.0,0
369,TRANSFER,1.0,C3297096148,0.0,0.0,C7403028869,46.02,47.02,0,0.13,0
395,TRANSFER,1.0,C4538382315,3.81,2.81,C6877052039,251.57,252.57,0,0.01,0
438,DEBIT,1.0,C2111272861,0.0,0.0,M1466305100,0.0,0.0,0,0.05,0
686,PAYMENT,362.25,C2079501936,467.98,105.73,M6846530109,0.0,0.0,0,0.0,0
713,TRANSFER,108.77,C5160575046,97.92,0.0,C1684598046,217.01,217.01,1,0.11,0
596,CASH_OUT,1436.87,C9471306442,1372.11,0.0,C9730449971,0.0,0.0,1,0.18333333333333332,0
113,PAYMENT,4024.25,C8265834251,89813.64,85789.39,M5000316394,0.0,0.0,0,0.0,0
577,TRANSFER,4129.78,C9428056968,3997.16,0.0,M5585110649,0.0,0.0,1,0.9466666666666667,1
469,TRANSFER,308.81,C9987064419,260.53,0.0,M1096405016,0.0,0.0,1,0.22666666666666666,0
218,CASH_OUT,1.0,C6611356986,0.0,0.0,C8131923452,116.31,116.31,0,0.0,0
676,TRANSFER,1.0,C3421719519,0.0,0.0,C8854238082,339.64,340.64,0,0.09333333333333334,0
58,CASH_OUT,30.25,C8578226896,57.41,27.16,C9155819200,6.5,6.5,0,0.0,0
451,TRANSFER,1599.9,C6952554500,1846.98,247.08,C7823288650,8160.06,8160.06,1,0.023333333333333334,0
183,TRANSFER,9.21,C6704841644,26.14,16.93,C7710396573,0.0,9.21,0,0.15666666666666668,0
343,CASH_OUT,1812.03,C9437783771,1689.62,0.0,M8964269909,0.0,0.0,1,0.12666666666666668,0
387,DEBIT,151.06,C5421592782,352.46,201.4,M3072183247,0.0,0.0,0,0.02,0
528,CASH_OUT,4352.85,C2073755632,4848.16,495.31,M7282885927,0.0,0.0,1,0.03,0
511,TRANSFER,1.0,C4750707607,0.5,0.0,C7045593274,0.0,1.0,0,0.22333333333333333,0
677,TRANSFER,200.09,C8480622107,178.75,0.0,M2418407139,0.0,0.0,1,0.23,0
480,TRANSFER,1.0,C3777580509,0.55,0.0,C4332894265,1138.69,1139.69,0,0.08,0
444,PAYMENT,2.19,C3615507143,7.3,5.11,M7343954769,0.0,0.0,0,0.0,0
625,TRANSFER,5.33,C6305160342,5.74,0.41,C3841827734,83.84,89.17,0,0.17333333333333334,0
596,CASH_OUT,2193.7,C1112794026,2261.18,67.48,M3517195150,0.0,0.0,1,0.043333333333333335,0
130,PAYMENT,1.0,C6340003593,0.0,0.0,M2136107759,0.0,0.0,0,0.0,0
102,TRANSFER,60.08,C4735313433,63.82,3.74,M7764117705,0.0,0.0,1,0.17666666666666667,0
139,TRANSFER,1128.88,C4159699467,1115.92,0.0,C7668801906,0.0,1128.88,1,0.09333333333333334,0
376,CASH_OUT,133.83,C4130305126,13123.54,12989.71,C7083067988,25.65,25.65,0,0.0,0
166,TRANSFER,1.98,C7597996327,2.84,0.86,C9481076448,534.85,536.83,0,0.01,0
693,CASH_OUT,1.0,C3893976444,0.0,0.0,C7473868020,177.73,177.73,0,0.04666666666666667,0
223,CASH_OUT,2833.23,C2020395327,3542.55,709.32,M8102481401,0.0,0.0,1,0.0,0
207,PAYMENT,1.0,C7146318035,0.0,0.0,M6515490818,0.0,0.0,0,0.0,0
357,PAYMENT,71.31,C2407863065,123.71,52.4,M4641902461,0.0,0.0,0,0.0,0
85,TRANSFER,448.37,C1717346250,550.87,102.5,C6859286614,34.61,34.61,1,0.11333333333333333,0
61,PAYMENT,4.43,C1657675888,11.18,6.75,M3846182436,0.0,0.0,0,0.0,0
266,PAYMENT,2449.69,C9894264595,20980.47,18530.78,M4892544235,0.0,0.0,0,0.0,0
633,TRANSFER,5518.5,C6663846005,4939.71,0.0,C6358023411,5.05,5.05,1,0.8633333333333333,1
244,PAYMENT,14776.75,C7801180691,58434.42,43657.67,M5891831621,0.0,0.0,0,0.0,0
369,CASH_OUT,3461.34,C5162260671,4317.77,856.43,C9691572571,451.55,451.55,1,0.01,0
574,PAYMENT,1.0,C9661615016,0.0,0.0,M8727805468,0.0,0.0,0,0.0,0
370,TRANSFER,1053.07,C2546720356,911.64,0.0,M2249831874,0.0,0.0,1,0.31,0
270,CASH_IN,28453.47,C5703357871,0.0,28453.47,C2260326267,2.94,2.94,0,0.0,0
454,PAYMENT,11244.17,C3250402001,51831.39,40587.22,M8858274691,0.0,0.0,0,0.0,0
687,CASH_OUT,1.0,C9805620900,0.0,0.0,C2377246195,235.8,235.8,0,0.043333333333333335,0
224,CASH_OUT,152.18,C8243746556,181.02,28.84,C5364727160,41.59,41.59,1,0.0033333333333333335,0
112,PAYMENT,1.48,C6797174636,1.95,0.47,M3313346852,0.0,0.0,0,0.0033333333333333335,0
472,TRANSFER,24.35,C3245108207,29.11,4.76,C5778781449,1.81,26.16,0,0.17333333333333334,0
23,PAYMENT,71.85,C7838460497,132.23,60.38,M1711271599,0.0,0.0,0,0.0,0
217,TRANSFER,4833.7,C1547374338,4980.09,146.39,C2770980600,30513.3,30513.3,1,0.0,0
304,CASH_OUT,1188.82,C6959501845,3050.66,1861.84,C1039887139,1228.39,1228.39,0,0.0,0
308,PAYMENT,266.95,C6947080764,580.27,313.32,M5449848690,0.0,0.0,0,0.0,0
261,CASH_OUT,3187.99,C6562457052,3203.55,15.56,C2869999754,33.51,33.51,1,0.013333333333333334,0
371,PAYMENT,13.81,C8758809005,26.05,12.24,M3508990774,0.0,0.0,0,0.0,0
21,TRANSFER,4607.88,C5759234471,3936.32,0.0,M5380159400,0.0,0.0,1,0.7366666666666667,1
70,CASH_OUT,1.0,C2400094541,0.0,0.0,C7625389037,1200.73,1200.73,0,0.006666666666666667,0
447,TRANSFER,62287.42,C6792661894,89356.09,27068.67,C4070964768,0.0,62287.42,0,0.0,0
125,CASH_OUT,2436.33,C3245108207,3093.92,657.59,M9068916300,0.0,0.0,1,0.0,0
67,CASH_OUT,9.94,C5336127859,10.55,0.61,C9894264595,18530.78,18530.78,0,0.0,0
452,CASH_OUT,428.75,C3978287288,465.23,36.48,M9043367776,0.0,0.0,1,0.05333333333333334,0
276,CASH_OUT,1947.57,C9259157845,2080.87,133.3,M4242579642,0.0,0.0,1,0.0033333333333333335,0
381,TRANSFER,1152.71,C2139078760,1019.95,0.0,M9043367776,0.0,0.0,1,0.31666666666666665,0
211,PAYMENT,1.0,C4631048029,0.0,0.0,M3355504998,0.0,0.0,0,0.0,0
162,TRANSFER,112009.42,C9922723063,97080.41,0.0,C7229869819,2.1,2.1,1,0.88,1
508,CASH_OUT,1823.49,C3095318649,1545.26,0.0,M5714658227,0.0,0.0,1,0.20333333333333334,0
471,PAYMENT,1.0,C1004665657,0.04,0.0,M5919148165,0.0,0.0,0,0.0,0
110,PAYMENT,2269.98,C9432088993,5085.46,2815.48,M2625035499,0.0,0.0,0,0.0,0
446,TRANSFER,1.0,C1367704871,0.0,0.0,C6353758928,458.81,459.81,0,0.09,0
603,TRANSFER,395.6,C6884333221,387.26,0.0,M4601406440,0.0,0.0,1,0.24333333333333335,0
515,TRANSFER,1.0,C8531118333,0.0,0.0,C9333798503,54.38,55.38,0,0.17,0
207,TRANSFER,1.0,C9437783771,0.0,0.0,C9857430687,0.0,1.0,0,0.23,0
390,TRANSFER,31423.75,C8663837890,38268.4,6844.65,C7077131430,373.71,373.71,1,0.013333333333333334,0
617,PAYMENT,1.0,C6588316233,0.0,0.0,M2635881694,0.0,0.0,0,0.0,0
149,CASH_OUT,8085.57,C3716924538,7030.1,0.0,C1809283659,71701.86,71701.86,1,0.10666666666666667,0
462,CASH_OUT,890.4,C2075413763,1195.91,305.51,C6704841644,16.93,16.93,0,0.056666666666666664,0
503,TRANSFER,15981.87,C9019515562,18772.25,2790.38,M8138332494,0.0,0.0,1,0.32666666666666666,0
212,TRANSFER,1.0,C5945359606,0.0,0.0,C5334769475,1745.88,1746.88,0,0.006666666666666667,0
280,CASH_OUT,318.93,C8995970241,397.45,78.52,C7465834732,75080.66,75080.66,0,0.0033333333333333335,0
286,TRANSFER,2722.85,C3280805846,2698.19,0.0,M6763471833,0.0,0.0,1,0.7533333333333333,1
462,TRANSFER,1106.41,C2389803385,1454.09,347.68,C5025070544,19.93,19.93,1,0.13333333333333333,0
263,CASH_OUT,148.04,C2452066459,226.89,78.85,C5800633419,0.0,0.0,0,0.0033333333333333335,0
239,TRANSFER,15558.38,C5125568431,13010.79,0.0,C3144490990,61.84,61.84,1,0.57,1
630,PAYMENT,5.52,C6206015111,13.09,7.57,M9410569618,0.0,0.0,0,0.0,0
634,CASH_OUT,14259.14,C6447717367,13823.12,0.0,C1725783958,112.53,112.53,1,0.22,0
655,PAYMENT,1.0,C4274958945,1.42,0.42,M3317856944,0.0,0.0,0,0.0,0
339,PAYMENT,4400.57,C6557907251,4700.71,300.14,M1466305100,0.0,0.0,0,0.0,0
598,TRANSFER,1.0,C2183906581,0.0,0.0,C9441018790,114.25,115.25,0,0.13666666666666666,0
450,PAYMENT,1.0,C2343100352,0.0,0.0,M5570190774,0.0,0.0,0,0.0,0
672,TRANSFER,1265.78,C2370592316,2356.71,1090.93,C5144289583,6.29,1272.07,0,0.06666666666666667,0
624,TRANSFER,4199.57,C2537965898,4762.2,562.63,C3772636814,0.0,0.0,1,0.32666666666666666,0
683,PAYMENT,5.02,C1484230338,3819.55,3814.53,M2129491690,0.0,0.0,0,0.0,0
436,CASH_OUT,1.0,C7431813987,0.0,0.0,C2390587865,9792.12,9792.12,0,0.043333333333333335,0
188,PAYMENT,1.0,C7049001493,0.0,0.0,M8874242713,0.0,0.0,0,0.0,0
224,CASH_OUT,1.0,C8252816758,0.0,0.0,C8684942020,10.37,10.37,0,0.013333333333333334,0
153,PAYMENT,1.0,C5354747485,1.0,0.0,M1783432867,0.0,0.0,0,0.0,0
158,PAYMENT,1.0,C2075321966,1.49,0.49,M5794335854,0.0,0.0,0,0.0,0
402,CASH_OUT,161.01,C3878719791,250.91,89.9,C1141312095,293.51,293.51,0,0.01,0
308,CASH_OUT,130.58,C3476426797,241.94,111.36,C9370133032,0.0,0.0,0,0.006666666666666667,0
389,TRANSFER,186.93,C8933377472,217.29,30.36,C7581349462,85642.43,85642.43,1,0.0,0
220,PAYMENT,1.0,C5141593270,0.0,0.0,M1240140248,0.0,0.0,0,0.0,0
214,PAYMENT,51.26,C7560389844,75100.11,75048.85,M4306983924,0.0,0.0,0,0.0,0
652,PAYMENT,1.0,C5903457537,0.0,0.0,M8869140487,0.0,0.0,0,0.0,0
638,PAYMENT,324.3,C4919706735,10001.9,9677.6,M7717262223,0.0,0.0,0,0.0,0
597,CASH_OUT,777.85,C3931997465,683.45,0.0,C2250949136,264.55,264.55,1,0.12,0
110,CASH_OUT,324.32,C2586568081,601.88,277.56,C1945826486,2992.8,2992.8,0,0.01,0
430,TRANSFER,1068.73,C5759234471,1371.64,302.91,C4427620889,0.0,0.0,1,0.14666666666666667,0
455,PAYMENT,6.34,C4325878813,17.26,10.92,M2328736852,0.0,0.0,0,0.0,0
228,CASH_OUT,80.36,C1547374338,146.39,66.03,C5952894290,192.19,192.19,0,0.0,0
100,CASH_OUT,197.88,C2250949136,264.55,66.67,M7366396017,0.0,0.0,1,0.0,0
569,CASH_OUT,1006.13,C5800633419,1295.24,289.11,M9576264323,0.0,0.0,1,0.03,0
54,PAYMENT,83.34,C5307145891,191.83,108.49,M6846530109,0.0,0.0,0,0.0,0
531,PAYMENT,6502.09,C8215470878,13814.91,7312.82,M9822499208,0.0,0.0,0,0.0,0
319,CASH_IN,9791.13,C6619138852,33.91,9825.04,C7910817577,57345.51,57345.51,0,0.0,0
402,TRANSFER,7521.31,C8796293088,8556.3,1034.99,C6168291913,0.0,7521.31,0,0.0,0
281,TRANSFER,52010.65,C7825844140,61509.72,9499.07,M9900829971,0.0,0.0,1,0.22,0
124,PAYMENT,1.0,C3362657890,0.0,0.0,M2136107759,0.0,0.0,0,0.0,0
517,PAYMENT,378.5,C7505693643,414.05,35.55,M9933702652,0.0,0.0,0,0.0,0
35,PAYMENT,1.0,C3555656321,0.0,0.0,M1122712790,0.0,0.0,0,0.0,0
479,CASH_OUT,3.81,C8948573913,12.77,8.96,C8375996697,84.06,84.06,0,0.043333333333333335,0
217,TRANSFER,1.0,C7374810067,0.0,0.0,C4070964768,62287.42,62288.42,0,0.0,0
507,PAYMENT,9.2,C7567496105,25.72,16.52,M3469205576,0.0,0.0,0,0.0,0
348,CASH_OUT,110.88,C7473868020,177.73,66.85,C2180484299,112.49,112.49,0,0.0033333333333333335,0
97,PAYMENT,5.42,C7887950851,11.1,5.68,M1357561213,0.0,0.0,0,0.0,0
191,PAYMENT,146.43,C9318010743,408.7,262.27,M3476758136,0.0,0.0,0,0.0,0
672,CASH_IN,29220.28,C5945359606,0.0,29220.28,C7472806994,6.34,6.34,0,0.0,0
569,CASH_OUT,81822.62,C1809283659,71701.86,0.0,M2586712032,0.0,0.0,1,0.22,0
488,PAYMENT,1.0,C8339176912,0.0,0.0,M3469205576,0.0,0.0,0,0.0,0
362,DEBIT,1.0,C5515628633,0.0,0.0,M4641902461,0.0,0.0,0,0.04,0
159,CASH_OUT,18.81,C5898890707,33.6,14.79,C6392415228,513.22,513.22,0,0.0033333333333333335,0
113,DEBIT,66.41,C9461708554,93.23,26.82,M7168105904,0.0,0.0,0,0.02,0
451,PAYMENT,6.8,C2293434554,17.84,11.04,M3960136787,0.0,0.0,0,0.0,0
331,CASH_IN,3071.95,C1160913827,10.56,3082.51,C9661615016,0.0,0.0,0,0.0,0
563,PAYMENT,1.0,C4735334423,0.0,0.0,M2604788242,0.0,0.0,0,0.0,0
314,PAYMENT,1.0,C1234359689,1.0,0.0,M8144889126,0.0,0.0,0,0.0,0
76,PAYMENT,1.0,C7915226263,0.0,0.0,M7270955446,0.0,0.0,0,0.0,0
343,TRANSFER,507.73,C5819946657,1796.06,1288.33,C2073755632,495.31,1003.04,0,0.0,0
599,PAYMENT,88.05,C2439622619,99.4,11.35,M1676220116,0.0,0.0,0,0.0,0
704,TRANSFER,553.82,C7760554363,614.19,60.37,M7570511906,0.0,0.0,1,0.17333333333333334,0
720,PAYMENT,1.0,C5911625145,0.0,0.0,M9068916300,0.0,0.0,0,0.0,0
533,TRANSFER,3343.37,C4034047118,3070.77,0.0,C1364994639,0.0,0.0,1,0.9366666666666666,1
385,CASH_OUT,2.18,C8039917766,2.38,0.2,C3128675098,63.91,63.91,0,0.016666666666666666,0
589,CASH_OUT,1.0,C3815389788,0.0,0.0,C1036351450,0.0,0.0,0,0.06333333333333334,0
616,TRANSFER,304.66,C7556046460,346.02,41.36,M2228388623,0.0,0.0,1,0.17333333333333334,0
447,PAYMENT,95.69,C7872873371,347.07,251.38,M3019265031,0.0,0.0,0,0.0,0
297,CASH_OUT,851.57,C4710967433,760.35,0.0,C7249213370,10825.93,10825.93,1,0.02666666666666667,0
401,CASH_OUT,2769.09,C5375461598,3905.77,1136.68,M2655546199,0.0,0.0,1,0.006666666666666667,0
31,PAYMENT,680.69,C5283911723,904.06,223.37,M8727805468,0.0,0.0,0,0.0,0
361,PAYMENT,1.0,C7215110267,0.0,0.0,M1666898313,0.0,0.0,0,0.0,0
188,TRANSFER,78.15,C2268523764,65.6,0.0,C2503068227,0.0,0.0,1,0.24,0
674,TRANSFER,2157.77,C9455610447,2011.9,0.0,M8058679999,0.0,0.0,1,0.7466666666666667,1
287,CASH_OUT,144.4,C3698343112,136.98,0.0,C1541964762,384.89,384.89,1,0.043333333333333335,0
455,TRANSFER,111929.83,C1248704157,115602.0,3672.17,C9856756553,0.0,0.0,1,0.34,0
80,PAYMENT,4.49,C3722583581,20.71,16.22,M8276498637,0.0,0.0,0,0.0,0
198,PAYMENT,1.0,C4482238042,0.0,0.0,M8083396378,0.0,0.0,0,0.0,0
709,PAYMENT,1.0,C3338877621,0.06,0.0,M9020002737,0.0,0.0,0,0.0,0
83,CASH_OUT,486.7,C3088517710,660.73,174.03,C1209063208,0.0,0.0,1,0.01,0
446,TRANSFER,100.68,C4022360089,127.31,26.63,M9896529524,0.0,0.0,1,0.16666666666666666,0
158,PAYMENT,1.0,C8208643631,0.0,0.0,M9933702652,0.0,0.0,0,0.0,0
225,CASH_OUT,117.82,C1091729577,272.03,154.21,C3806215682,34.07,34.07,0,0.006666666666666667,0
419,PAYMENT,1.0,C2183906581,0.0,0.0,M6282009986,0.0,0.0,0,0.0,0
231,TRANSFER,55173.03,C6089026099,66531.85,11358.82,C1065857791,0.0,0.0,1,0.23,0
57,PAYMENT,507.29,C9908115095,1266.87,759.58,M6894024976,0.0,0.0,0,0.0,0
293,CASH_OUT,164.34,C3698305085,174.12,9.78,M3322580659,0.0,0.0,1,0.013333333333333334,0
526,TRANSFER,4324.64,C3434757387,8072.58,3747.94,C7958672456,54.14,4378.78,0,0.03666666666666667,0
406,TRANSFER,1.0,C5010075517,0.0,0.0,C4776677517,409.78,410.78,0,0.02666666666666667,0
315,TRANSFER,1.0,C7186766399,0.0,0.0,C8372755146,0.0,1.0,0,0.22666666666666666,0
258,TRANSFER,23.82,C2266622851,60.19,36.37,C2704657157,0.0,23.82,0,0.16,0
95,CASH_OUT,31.51,C1233079614,96.86,65.35,C3725152347,168.68,168.68,0,0.0033333333333333335,0
305,CASH_IN,143943.98,C2480915452,177.81,144121.79,C9471306442,0.0,0.0,0,0.0,0
369,CASH_OUT,1.0,C1792214339,0.84,0.0,C5083595988,34.95,34.95,0,0.016666666666666666,0
319,TRANSFER,3178.36,C4110258855,3824.51,646.15,M8821456242,0.0,0.0,1,0.21666666666666667,0
122,PAYMENT,1.0,C7805745017,0.0,0.0,M5156392601,0.0,0.0,0,0.0,0
498,PAYMENT,181.91,C8076527214,9494.92,9313.01,M2586712032,0.0,0.0,0,0.0,0
480,CASH_OUT,3318.78,C1282103057,4083.72,764.94,M4399143287,0.0,0.0,1,0.03333333333333333,0
95,TRANSFER,3311.47,C9470922075,4612.9,1301.43,C3383331379,29.89,29.89,1,0.14333333333333334,0
79,PAYMENT,1.0,C1696846464,1.16,0.16,M5067400473,0.0,0.0,0,0.0,0
632,TRANSFER,2974.47,C4325878813,3473.14,498.67,M7651029165,0.0,0.0,1,0.31,0
611,PAYMENT,1.0,C1805492785,0.0,0.0,M2635881694,0.0,0.0,0,0.0,0
542,PAYMENT,1.0,C6204862411,1.0,0.0,M2249831874,0.0,0.0,0,0.0,0
89,DEBIT,2628.57,C6161147047,2905.31,276.74,M5990749811,0.0,0.0,0,0.013333333333333334,0
440,TRANSFER,1908.41,C7552812957,2233.08,324.67,C2617999521,0.77,0.77,1,0.2966666666666667,0
489,PAYMENT,197.4,C9691572571,451.55,254.15,M3322580659,0.0,0.0,0,0.0,0
705,TRANSFER,228.66,C3783290795,217.15,0.0,M5449848690,0.0,0.0,1,0.23,0
515,TRANSFER,121.04,C8211516617,294.1,173.06,C4079223686,29.75,150.79,0,0.06333333333333334,0
256,CASH_OUT,60.77,C7882206934,64.59,3.82,C7470843264,83.03,83.03,0,0.013333333333333334,0
434,TRANSFER,1251.2,C3343459102,1186.51,0.0,C9981364488,1.0,1252.2,1,0.25666666666666665,0
424,PAYMENT,15402.47,C2926780541,28922.21,13519.74,M3705237613,0.0,0.0,0,0.0,0
184,DEBIT,25.98,C2753617371,31.7,5.72,M8964269909,0.0,0.0,0,0.02,0
441,TRANSFER,409.31,C9479654136,567.32,158.01,M2555936898,0.0,0.0,1,0.11666666666666667,0
582,TRANSFER,2822.02,C7965608188,3887.15,1065.13,M2115862756,0.0,0.0,1,0.30333333333333334,0
157,TRANSFER,61.01,C2452066459,78.85,17.84,M7453081889,0.0,0.0,1,0.15333333333333332,0
311,DEBIT,66.66,C6754503097,111.57,44.91,M9752092528,0.0,0.0,0,0.023333333333333334,0
699,TRANSFER,60.3,C8795212264,58.11,0.0,C5409514899,0.0,0.0,1,0.22333333333333333,0
678,PAYMENT,34.06,C1225447588,48.82,14.76,M6820149016,0.0,0.0,0,0.0,0
291,CASH_OUT,3467.47,C9533595495,3314.77,0.0,M8325043570,0.0,0.0,1,0.11333333333333333,0
365,CASH_OUT,301.57,C8666074487,378.85,77.28,M2187592160,0.0,0.0,1,0.013333333333333334,0
273,CASH_OUT,22.17,C6307626407,476.12,453.95,C6868336102,317.39,317.39,0,0.0033333333333333335,0
30,CASH_OUT,1.0,C9312085761,0.0,0.0,C1955345537,32.92,32.92,0,0.0,0
473,PAYMENT,3357.21,C8852676046,44584.71,41227.5,M3636366799,0.0,0.0,0,0.0,0
84,TRANSFER,2230.93,C3338877621,2143.84,0.0,C7579604766,40.27,2271.2,1,0.17666666666666667,0
251,PAYMENT,547.51,C8137972345,145167.43,144619.92,M8667946580,0.0,0.0,0,0.0,0
640,TRANSFER,4400.35,C3412273600,4341.33,0.0,C1083651970,6.93,4407.28,1,0.38666666666666666,0
7,TRANSFER,5008.43,C8943866829,4818.59,0.0,M4865979921,0.0,0.0,1,0.71,1
160,TRANSFER,66.71,C8109891300,81.99,15.28,C9354711271,16.98,16.98,1,0.11666666666666667,0
175,TRANSFER,1.0,C9861449701,0.08,0.0,C8102515984,4.11,5.11,0,0.19,0
574,CASH_OUT,1.0,C5275521470,0.0,0.0,C7079234115,0.0,0.0,0,0.06333333333333334,0
428,TRANSFER,1.0,C5789617427,0.0,0.0,C2382129132,0.0,1.0,0,0.20666666666666667,0
203,PAYMENT,162.07,C7664258343,308.08,146.01,M6384311581,0.0,0.0,0,0.0,0
427,PAYMENT,1.0,C7186766399,0.0,0.0,M6763471833,0.0,0.0,0,0.0,0
371,TRANSFER,1.0,C6797174636,0.47,0.0,C6929897032,389.64,390.64,0,0.01,0
31,CASH_OUT,1.0,C9903351330,2.13,1.13,C4181102664,0.0,0.0,0,0.0033333333333333335,0
431,PAYMENT,1807.92,C5129478722,4897.92,3090.0,M2391874847,0.0,0.0,0,0.0,0
139,PAYMENT,1.65,C5759272717,99.97,98.32,M8910440683,0.0,0.0,0,0.0,0
228,PAYMENT,1384.81,C6921525436,28852.95,27468.14,M9773795424,0.0,0.0,0,0.0,0
541,PAYMENT,93.02,C5307145891,108.49,15.47,M4601406440,0.0,0.0,0,0.0,0
406,TRANSFER,3734.41,C4946081594,4008.17,273.76,M3605446007,0.0,0.0,1,0.24333333333333335,0
408,PAYMENT,8764.83,C5829062179,21157.72,12392.89,M6845287382,0.0,0.0,0,0.0,0
221,CASH_OUT,248.56,C1569113257,330.93,82.37,M9021793855,0.0,0.0,1,0.0,0
355,PAYMENT,1.0,C4659306670,0.0,0.0,M5694439775,0.0,0.0,0,0.0,0
282,TRANSFER,52.45,C8086172302,74.58,22.13,C8948573913,8.96,61.41,1,0.12666666666666668,0
263,TRANSFER,488.52,C3894673596,664.26,175.74,C1392245997,363.8,852.32,0,0.0,0
584,PAYMENT,1.0,C5150090143,0.0,0.0,M6992094064,0.0,0.0,0,0.0,0
282,PAYMENT,4.91,C8763140509,6.95,2.04,M8144889126,0.0,0.0,0,0.0,0
15,TRANSFER,1113.54,C3591527330,1352.7,239.16,C5328166990,254.61,1368.15,0,0.0,0
16,CASH_OUT,3383.37,C3371357111,4608.66,1225.29,M1357561213,0.0,0.0,1,0.0,0
533,PAYMENT,6399.2,C9080621072,142095.56,135696.36,M4158643786,0.0,0.0,0,0.0,0
309,CASH_OUT,2194.86,C5306459450,2633.99,439.13,C4287687478,32186.4,32186.4,1,0.0,0
238,TRANSFER,426.75,C7575259637,367.38,0.0,M5919148165,0.0,0.0,1,0.23666666666666666,0
410,PAYMENT,14257.72,C2962750929,58995.13,44737.41,M8964269909,0.0,0.0,0,0.0,0
632,CASH_OUT,866.14,C5428082088,883.23,17.09,M1357561213,0.0,0.0,1,0.04,0
657,CASH_OUT,7645.54,C7637761996,8787.95,1142.41,M4522855590,0.0,0.0,1,0.023333333333333334,0
147,PAYMENT,1.0,C5160575046,0.0,0.0,M5087280062,0.0,0.0,0,0.0,0
127,PAYMENT,5.21,C2419931729,16.31,11.1,M3355504998,0.0,0.0,0,0.0,0
185,PAYMENT,18.51,C5998623100,61.56,43.05,M7532669066,0.0,0.0,0,0.0,0
373,TRANSFER,2870.3,C2388450337,2648.94,0.0,C1281199333,97231.89,100102.19,1,0.01,0
199,PAYMENT,1.0,C2139027119,0.0,0.0,M3223687972,0.0,0.0,0,0.0,0
198,CASH_IN,110218.89,C7161404428,0.0,110218.89,C6875597607,1878.67,1878.67,0,0.0,0
60,PAYMENT,1.0,C1121863227,0.5,0.0,M8548290298,0.0,0.0,0,0.0,0
501,TRANSFER,61006.15,C7161404428,110218.89,49212.74,C8372755146,1.0,61007.15,0,0.0,0
483,PAYMENT,23.98,C9851745648,82.61,58.63,M6692705133,0.0,0.0,0,0.0,0
202,TRANSFER,8162.79,C8833889083,9165.14,1002.35,M4399143287,0.0,0.0,1,0.21666666666666667,0
479,PAYMENT,38.75,C4106464319,46.32,7.57,M8058679999,0.0,0.0,0,0.0,0
46,TRANSFER,4519.97,C6922713963,3793.02,0.0,C4647891535,22479.67,26999.64,1,0.0033333333333333335,0
691,TRANSFER,1.0,C5612645121,0.0,0.0,C6687206971,96.65,97.65,0,0.12333333333333334,0
639,TRANSFER,2.27,C7248258423,2.93,0.66,C7805633786,37.03,39.3,0,0.18,0
441,PAYMENT,1664.42,C9274189261,2505.62,841.2,M2155671697,0.0,0.0,0,0.0,0
345,TRANSFER,21223.85,C8638763775,24287.11,3063.26,C8015775567,0.0,21223.85,1,0.0,0
89,PAYMENT,3.57,C9237880732,6.57,3.0,M2129491690,0.0,0.0,0,0.0,0
684,PAYMENT,6656.3,C5358791907,78149.07,71492.77,M3072183247,0.0,0.0,0,0.0,0
544,TRANSFER,21.23,C3304560537,37.3,16.07,C4633987776,207.68,228.91,0,0.07333333333333333,0
541,CASH_OUT,80.6,C5724657556,322.19,241.59,C9438411468,2.94,2.94,0,0.02666666666666667,0
432,PAYMENT,349.2,C4345526911,639.84,290.64,M3846182436,0.0,0.0,0,0.0,0
104,TRANSFER,577.79,C3207160929,647.1,69.31,C1248704157,3672.17,3672.17,1,0.0033333333333333335,0
250,CASH_OUT,6.08,C2317723211,18.03,11.95,C9504724761,9620.47,9620.47,0,0.0,0
609,TRANSFER,166.1,C3894673596,175.74,9.64,C2168041588,418.3,584.4,0,0.056666666666666664,0
338,TRANSFER,28530.07,C8791183272,37099.44,8569.37,C6405851839,4.57,4.57,1,0.18,0
362,TRANSFER,1.27,C4735313433,3.74,2.47,C9703905715,0.0,1.27,0,0.16666666666666666,0
573,PAYMENT,1472.14,C9103115140,112908.51,111436.37,M8138332494,0.0,0.0,0,0.0,0
43,CASH_IN,289.81,C4042413312,0.1,289.91,C5485387618,0.0,0.0,0,0.0,0
530,TRANSFER,3995.41,C5751366455,4413.53,418.12,C1569113257,82.37,82.37,1,0.22333333333333333,0
210,TRANSFER,1.0,C9454207717,0.0,0.0,C5673482258,12.11,13.11,0,0.19333333333333333,0
377,CASH_OUT,377.32,C7430757004,359.75,0.0,M5714658227,0.0,0.0,1,0.05333333333333334,0
311,PAYMENT,526.6,C1526723719,1236.85,710.25,M9625656293,0.0,0.0,0,0.0,0
588,DEBIT,2831.29,C3033747850,3111.5,280.21,M8102481401,0.0,0.0,0,0.03666666666666667,0
589,CASH_IN,767.71,C9421518487,412.71,1180.42,C2224363672,0.0,0.0,0,0.0033333333333333335,0
276,PAYMENT,118.43,C9738752801,203.38,84.95,M7537130187,0.0,0.0,0,0.0,0
475,PAYMENT,1.0,C7004510516,0.0,0.0,M5564953924,0.0,0.0,0,0.0,0
398,TRANSFER,23.43,C6982610835,108.94,85.51,C3591527330,239.16,262.59,0,0.01,0
621,TRANSFER,8047.08,C8625774078,69025.5,60978.42,C8934927891,134.37,8181.45,0,0.0,0
231,TRANSFER,1.0,C7601519165,0.0,0.0,C1529290976,4.97,5.97,0,0.19333333333333333,0
457,CASH_OUT,32.5,C5130589741,81.72,49.22,C1282103057,764.94,764.94,0,0.05333333333333334,0
428,PAYMENT,206.33,C1590985753,965.9,759.57,M6011842297,0.0,0.0,0,0.0,0
173,CASH_IN,16570.75,C8189916797,0.0,16570.75,C7174772035,0.0,0.0,0,0.0,0
613,PAYMENT,1.0,C1415802902,0.0,0.0,M3457877922,0.0,0.0,0,0.0,0
575,TRANSFER,101.88,C1306702926,161.94,60.06,C9249923427,0.0,101.88,0,0.12666666666666668,0
286,CASH_OUT,23.32,C6583444930,107.93,84.61,C5283911723,223.37,223.37,0,0.0033333333333333335,0
302,PAYMENT,1.0,C5433722159,0.0,0.0,M8646369354,0.0,0.0,0,0.0,0
203,TRANSFER,131.09,C3639796200,474.21,343.12,C9516893896,1453.62,1584.71,0,0.0,0
360,PAYMENT,1.0,C3869963931,0.0,0.0,M3495411322,0.0,0.0,0,0.0,0
151,PAYMENT,1.0,C3653594796,0.0,0.0,M2249831874,0.0,0.0,0,0.0,0
577,TRANSFER,1268.08,C8118065825,1385.11,117.03,C9579064478,659.88,1927.96,1,0.04,0
53,CASH_OUT,294.53,C4658080160,258.74,0.0,C3392080953,0.61,0.61,1,0.0033333333333333335,0
281,CASH_OUT,1.0,C8841851495,0.0,0.0,C5539308214,2646.73,2646.73,0,0.006666666666666667,0
111,PAYMENT,36.19,C7691931213,53.56,17.37,M7351460539,0.0,0.0,0,0.0,0
698,PAYMENT,625.01,C4308701294,945.35,320.34,M3811254192,0.0,0.0,0,0.0,0
263,PAYMENT,45.99,C8995970241,78.52,32.53,M2328736852,0.0,0.0,0,0.0,0
373,CASH_OUT,755.13,C2137651678,784.52,29.39,M9620935604,0.0,0.0,1,0.02,0
298,PAYMENT,69.97,C6982610835,85.51,15.54,M1999913493,0.0,0.0,0,0.0,0
253,CASH_OUT,136.72,C2524751277,402.3,265.58,C9471306442,0.0,0.0,0,0.0033333333333333335,0
703,TRANSFER,823.67,C4673457063,803.04,0.0,C9645619869,114219.48,114219.48,1,0.01,0
170,TRANSFER,1.82,C6572436051,5.03,3.21,C3360791536,20.39,22.21,0,0.12,0
709,PAYMENT,1.0,C2846465000,0.0,0.0,M9026301048,0.0,0.0,0,0.0,0
580,TRANSFER,658.41,C9929101065,766.04,107.63,C8239941612,5.0,663.41,0,0.06,0
200,CASH_OUT,2163.73,C3520417815,1885.53,0.0,M2586712032,0.0,0.0,1,0.05,0
163,PAYMENT,209.82,C9837912162,235.15,25.33,M3811254192,0.0,0.0,0,0.0,0
206,PAYMENT,1.0,C9860949331,0.0,0.0,M4390543744,0.0,0.0,0,0.0,0
352,PAYMENT,1.0,C3660223333,0.0,0.0,M5959736235,0.0,0.0,0,0.0,0
625,PAYMENT,311.07,C7299420031,1003.3,692.23,M6771941776,0.0,0.0,0,0.0,0
627,CASH_IN,69995.36,C8858766173,2.18,69997.54,C3550908958,1205.4,1205.4,0,0.0,0
135,TRANSFER,29241.57,C6921525436,27468.14,0.0,M7664045502,0.0,0.0,1,0.7533333333333333,1
244,CASH_OUT,218.05,C4907446848,218.51,0.46,C8880184233,32.72,32.72,1,0.02,0
641,TRANSFER,6.9,C3003484425,129.13,122.23,C8151583833,0.0,6.9,0,0.15,0
147,DEBIT,604.71,C8556573246,714.39,109.68,M5794335854,0.0,0.0,0,0.016666666666666666,0
602,TRANSFER,1171.64,C8478529823,1189.04,17.4,C6542943838,0.0,1171.64,1,0.09,0
90,PAYMENT,385.33,C4794276323,530.44,145.11,M6313472215,0.0,0.0,0,0.0,0
56,TRANSFER,34902.36,C3250402001,40587.22,5684.86,C3965676060,8.22,8.22,1,0.19,0
336,CASH_OUT,1.0,C8331319481,0.0,0.0,C8282534126,0.0,0.0,0,0.03333333333333333,0
367,TRANSFER,1225.31,C5482431018,1217.66,0.0,C8719734235,18043.94,18043.94,1,0.0,0
366,CASH_OUT,1.0,C4927019611,0.81,0.0,C6754503097,44.91,44.91,0,0.013333333333333334,0
391,CASH_OUT,1113.34,C3147818256,141570.98,140457.64,C4096932037,0.0,0.0,0,0.0,0
710,CASH_OUT,157.88,C6628158856,132.03,0.0,M2129491690,0.0,0.0,1,0.06666666666666667,0
477,PAYMENT,1.0,C8093179263,0.0,0.0,M3690714075,0.0,0.0,0,0.0,0
59,TRANSFER,4599.93,C2513206988,5450.59,850.66,C8370987661,133.67,4733.6,0,0.0,0
406,TRANSFER,67.98,C4566852761,75.2,7.22,M1413599241,0.0,0.0,1,0.17666666666666667,0
490,CASH_OUT,54.13,C4277561834,63.32,9.19,C4526242854,26.68,26.68,0,0.04,0
176,PAYMENT,3.56,C5022964382,6.71,3.15,M3322580659,0.0,0.0,0,0.0,0
203,PAYMENT,1590.24,C3389594115,2015.44,425.2,M6744039057,0.0,0.0,0,0.0,0
678,CASH_OUT,1.34,C7887950851,5.68,4.34,C7645527239,0.0,0.0,0,0.04,0
66,TRANSFER,158.86,C3532855799,573.91,415.05,C6334440295,63.77,222.63,0,0.023333333333333334,0
458,DEBIT,8640.23,C4990452762,10224.91,1584.68,M1802753761,0.0,0.0,0,0.03666666666666667,0
361,PAYMENT,1.19,C5071218314,194.77,193.58,M8626371177,0.0,0.0,0,0.0,0
588,CASH_OUT,2580.54,C9974165440,2267.3,0.0,M3322580659,0.0,0.0,1,0.16333333333333333,0
619,CASH_OUT,1.0,C7759781156,0.0,0.0,C7266763552,0.0,0.0,0,0.06333333333333334,0
697,TRANSFER,207.72,C7519578899,199.93,0.0,M1694904767,0.0,0.0,1,0.22666666666666666,0
567,CASH_OUT,298.45,C1965067727,632.56,334.11,C8497938394,748.83,748.83,0,0.04,0
292,PAYMENT,46.74,C3574081104,463.18,416.44,M6744039057,0.0,0.0,0,0.0,0
5,TRANSFER,1841.64,C2687477596,2616.36,774.72,M1999913493,0.0,0.0,1,0.18,0
384,CASH_OUT,85.35,C5884391502,201.05,115.7,C7958672456,4378.78,4378.78,0,0.006666666666666667,0
575,PAYMENT,597.82,C4037270171,1036.61,438.79,M8667946580,0.0,0.0,0,0.0,0
478,TRANSFER,1003.6,C7415801613,877.9,0.0,C8369792370,38.67,38.67,1,0.35333333333333333,0
139,TRANSFER,37.1,C8471762590,76.87,39.77,C3426665919,0.0,37.1,0,0.15333333333333332,0
431,CASH_OUT,311.94,C4264134512,631.88,319.94,C9285415473,0.76,0.76,0,0.04666666666666667,0
687,TRANSFER,7.4,C5952163720,19.58,12.18,C4864126433,71.39,78.79,0,0.12333333333333334,0
683,CASH_OUT,1.0,C9558091177,0.0,0.0,C4927019611,0.0,0.0,0,0.056666666666666664,0
90,PAYMENT,1.0,C4067919621,0.0,0.0,M1306420495,0.0,0.0,0,0.0,0
332,CASH_IN,54835.53,C4143852021,0.0,54835.53,C6583444930,84.61,84.61,0,0.0,0
547,TRANSFER,48.33,C3887823121,51.63,3.3,C5686850445,13066.73,13066.73,1,0.0033333333333333335,0
206,PAYMENT,17.26,C8380507338,34.19,16.93,M4601406440,0.0,0.0,0,0.0,0
545,CASH_IN,21598.05,C3115806625,512.36,22110.41,C6947080764,313.32,313.32,0,0.0,0
131,CASH_OUT,51.86,C7838460497,60.38,8.52,M8646369354,0.0,0.0,1,0.006666666666666667,0
192,PAYMENT,1.0,C9438411468,2.94,1.94,M3705237613,0.0,0.0,0,0.0,0
79,TRANSFER,1.0,C7928074841,0.0,0.0,C2721355673,6923.38,6924.38,0,0.0,0
234,PAYMENT,30.8,C8131923452,116.31,85.51,M6101516825,0.0,0.0,0,0.0,0
176,CASH_OUT,2080.14,C1993998848,2246.54,166.4,M6771941776,0.0,0.0,1,0.0,0
145,DEBIT,1.0,C1361845490,0.0,0.0,M1343875431,0.0,0.0,0,0.02666666666666667,0
203,PAYMENT,1.0,C2635231601,0.0,0.0,M7050091525,0.0,0.0,0,0.0,0
15,CASH_OUT,1009.22,C5144289583,1272.07,262.85,M6845287382,0.0,0.0,1,0.0,0
218,CASH_OUT,884.71,C8015124886,1072.95,188.24,M5087280062,0.0,0.0,1,0.0,0
42,PAYMENT,1.0,C8816681105,0.0,0.0,M8646369354,0.0,0.0,0,0.0,0
68,CASH_OUT,1.0,C5883933127,0.0,0.0,C3424843951,0.0,0.0,0,0.0033333333333333335,0
460,CASH_OUT,65.06,C4864126433,78.79,13.73,C6982610835,15.54,15.54,0,0.05,0
531,TRANSFER,455.28,C1039262289,620.57,165.29,M7928143230,0.0,0.0,1,0.12,0
531,TRANSFER,3.25,C2317723211,11.95,8.7,C7772180882,40.89,44.14,0,0.12666666666666668,0
376,CASH_OUT,1.0,C6623360831,0.0,0.0,C7246858055,4611.07,4611.07,0,0.0033333333333333335,0
287,CASH_OUT,315.5,C4490722186,1105.02,789.52,C1257324536,9.06,9.06,0,0.013333333333333334,0
719,PAYMENT,1.0,C7092693247,0.0,0.0,M9752092528,0.0,0.0,0,0.0,0
615,TRANSFER,489.66,C8584566722,1634.2,1144.54,C2369705770,3.41,493.07,0,0.06666666666666667,0
1,TRANSFER,919.15,C8902275119,778.93,0.0,C6448324230,99011.66,99011.66,1,0.01,0
568,CASH_IN,2660.22,C5976777081,381.95,3042.17,C6663846005,0.0,0.0,0,0.0,0
690,PAYMENT,5.45,C5508149905,12.27,6.82,M2625035499,0.0,0.0,0,0.0,0
253,PAYMENT,3923.33,C7380780055,5899.89,1976.56,M2711123163,0.0,0.0,0,0.0,0
64,PAYMENT,321.56,C7602474923,386.2,64.64,M7351460539,0.0,0.0,0,0.0,0
636,DEBIT,7.99,C5952163720,12.18,4.19,M5794335854,0.0,0.0,0,0.043333333333333335,0
93,CASH_OUT,5.45,C6206015111,7.57,2.12,C2777816561,60333.23,60333.23,0,0.0,0
633,PAYMENT,1025.8,C9516893896,1584.71,558.91,M1413599241,0.0,0.0,0,0.0,0
613,PAYMENT,61.74,C9249923427,101.88,40.14,M7512767226,0.0,0.0,0,0.0,0
43,CASH_OUT,71.91,C8236980551,64.63,0.0,C2905584866,1.0,1.0,1,0.01,0
440,CASH_OUT,8.48,C2940955281,28.88,20.4,C5151887478,1038.41,1038.41,0,0.04666666666666667,0
251,PAYMENT,1.0,C2699887270,0.0,0.0,M9043367776,0.0,0.0,0,0.0,0
451,CASH_OUT,11730.85,C2394868732,12317.78,586.93,C5067116918,14.91,14.91,1,0.023333333333333334,0
1,PAYMENT,1.0,C5272119095,0.48,0.0,M1096405016,0.0,0.0,0,0.0,0
597,CASH_OUT,1453.49,C7846365089,1889.04,435.55,M2129491690,0.0,0.0,1,0.02666666666666667,0
663,CASH_OUT,57.1,C1051354601,246.9,189.8,C3906611156,165.13,165.13,0,0.02,0
267,DEBIT,1.0,C7183058541,0.0,0.0,M5815678365,0.0,0.0,0,0.03666666666666667,0
471,PAYMENT,18.44,C2464137110,19.63,1.19,M7764117705,0.0,0.0,0,0.0,0
475,CASH_OUT,1.0,C9894847574,0.0,0.0,C8441393731,6.19,6.19,0,0.08666666666666667,0
35,PAYMENT,1.53,C9744120054,5.07,3.54,M6606958660,0.0,0.0,0,0.0,0
697,PAYMENT,81.06,C3875303857,258.46,177.4,M6313472215,0.0,0.0,0,0.0,0
232,CASH_OUT,849.49,C1225953184,993.78,144.29,C1596471620,241.63,241.63,1,0.006666666666666667,0
221,PAYMENT,262.57,C7299420031,692.23,429.66,M2155671697,0.0,0.0,0,0.0,0
197,TRANSFER,1.0,C7186766399,0.0,0.0,C1590985753,759.57,760.57,0,0.013333333333333334,0
673,TRANSFER,698.35,C6218484323,797.59,99.24,C1383539822,0.0,698.35,1,0.08333333333333333,0
82,CASH_OUT,1.0,C2126077199,0.41,0.0,C9388140708,48.99,48.99,0,0.0033333333333333335,0
281,TRANSFER,710.25,C4022360089,970.22,259.97,C6844582171,298.15,298.15,1,0.006666666666666667,0
226,CASH_IN,131512.19,C3734252963,263.61,131775.8,C2224336336,0.0,0.0,0,0.0,0
216,TRANSFER,41.85,C3589530484,56.77,14.92,M5959736235,0.0,0.0,1,0.16333333333333333,0
529,TRANSFER,27131.78,C2752536389,123005.49,95873.71,C9229469952,3013.74,30145.52,0,0.0,0
361,PAYMENT,6.67,C2771211118,16.14,9.47,M6866146362,0.0,0.0,0,0.0,0
684,PAYMENT,7793.74,C3843139149,31168.59,23374.85,M8646369354,0.0,0.0,0,0.0,0
562,TRANSFER,1887.79,C7534583219,2526.91,639.12,M9043367776,0.0,0.0,1,0.2966666666666667,0
625,CASH_OUT,2366.82,C7406579219,2844.01,477.19,M4820942294,0.0,0.0,1,0.023333333333333334,0
673,PAYMENT,12450.38,C3710566582,116704.17,104253.79,M7678293431,0.0,0.0,0,0.0,0
111,CASH_OUT,10.03,C1106456634,19.34,9.31,C4386667704,266.38,266.38,0,0.0,0
392,TRANSFER,8.47,C8953726023,10.82,2.35,C2390587865,9792.12,9800.59,0,0.0,0
402,PAYMENT,14.86,C2646331504,42.06,27.2,M1857561275,0.0,0.0,0,0.0,0
158,TRANSFER,1.0,C8236980551,0.0,0.0,C2785736751,0.0,1.0,0,0.21666666666666667,0
4,TRANSFER,9.55,C2140169349,25.72,16.17,C2973888646,15605.78,15615.33,0,0.0,0
201,CASH_OUT,598.71,C7803990970,547.47,0.0,M7168105904,0.0,0.0,1,0.11333333333333333,0
397,PAYMENT,1.0,C7430757004,0.0,0.0,M9398575277,0.0,0.0,0,0.0,0
705,PAYMENT,7.39,C5951406973,8.65,1.26,M8740820392,0.0,0.0,0,0.0,0
344,PAYMENT,8.61,C7333316743,13.51,4.9,M7512767226,0.0,0.0,0,0.0,0
122,CASH_OUT,8.07,C4277561834,9.19,1.12,C8047877267,284.53,284.53,0,0.0,0
317,DEBIT,422.47,C1104906255,462.08,39.61,M9441870024,0.0,0.0,0,0.02,0
678,CASH_IN,1832.66,C3313993297,0.0,1832.66,C3710566582,104253.79,104253.79,0,0.0,0
616,CASH_OUT,19.18,C9115282784,34.47,15.29,C5567816720,0.0,0.0,0,0.03333333333333333,0
271,PAYMENT,535.23,C7402059279,749.25,214.02,M2115862756,0.0,0.0,0,0.0,0
444,CASH_OUT,4.99,C4145461251,11.99,7.0,C5077921573,180.67,180.67,0,0.05,0
160,PAYMENT,2717.61,C7246858055,4611.07,1893.46,M6866146362,0.0,0.0,0,0.0,0
667,TRANSFER,252.06,C4386667704,266.38,14.32,C1378134712,73.59,325.65,0,0.07,0
287,TRANSFER,1.0,C5588254555,0.0,0.0,C6124453431,5494.17,5495.17,0,0.0,0
213,PAYMENT,1.0,C8755749566,1.22,0.22,M2156184315,0.0,0.0,0,0.0,0
696,PAYMENT,26.73,C1983297492,64.55,37.82,M8548290298,0.0,0.0,0,0.0,0
124,TRANSFER,50579.29,C5358791907,71492.77,20913.48,M9020002737,0.0,0.0,1,0.20333333333333334,0
42,CASH_IN,36625.52,C7296658772,73.32,36698.84,C5400463094,53918.48,53918.48,0,0.0,0
284,PAYMENT,8.4,C2571688961,9.48,1.08,M3369412470,0.0,0.0,0,0.0,0
537,CASH_OUT,3474.75,C4398953973,4192.34,717.59,M7951820749,0.0,0.0,1,0.023333333333333334,0
637,CASH_OUT,2460.62,C5474951950,3140.53,679.91,C1674555072,243.02,243.02,1,0.013333333333333334,0
698,CASH_OUT,3734.19,C6206015111,4253.26,519.07,C9218363978,5.42,5.42,1,0.023333333333333334,0
665,PAYMENT,1.0,C7499349987,1.39,0.39,M8667946580,0.0,0.0,0,0.0,0
98,TRANSFER,6.14,C1422701550,595.47,589.33,C1952396600,36.37,42.51,0,0.06,0
59,TRANSFER,1.0,C4660390742,0.0,0.0,C1855256552,4.48,5.48,0,0.2,0
547,CASH_OUT,1.0,C3965572185,0.0,0.0,C2848792488,325.3,325.3,0,0.05,0
516,DEBIT,4.8,C9218363978,5.42,0.62,M8044997538,0.0,0.0,0,0.04,0
586,TRANSFER,766.34,C9470922075,1301.43,535.09,C4939447721,0.0,766.34,0,0.03666666666666667,0
720,PAYMENT,258.06,C4577406847,457.75,199.69,M2571632270,0.0,0.0,0,0.0,0
142,PAYMENT,1.0,C5201221330,0.0,0.0,M7343954769,0.0,0.0,0,0.0,0
640,PAYMENT,315.19,C1590985753,760.57,445.38,M1999913493,0.0,0.0,0,0.0,0
123,TRANSFER,14.91,C1818112342,46.75,31.84,C2158638062,0.0,14.91,0,0.14333333333333334,0
38,TRANSFER,130.01,C1050899550,177.21,47.2,C8763140509,2.04,2.04,1,0.15333333333333332,0
354,CASH_OUT,1356.35,C9392707144,1277.55,0.0,M7717262223,0.0,0.0,1,0.13333333333333333,0
584,TRANSFER,54.63,C2079501936,105.73,51.1,C6161147047,276.74,331.37,0,0.07333333333333333,0
101,CASH_OUT,1.0,C5667503195,0.0,0.0,C3843139149,23374.85,23374.85,0,0.0,0
547,TRANSFER,563.87,C5750815980,826.21,262.34,C9303285822,3604.87,4168.74,0,0.03,0
347,DEBIT,1.0,C4673457063,0.0,0.0,M4035639663,0.0,0.0,0,0.04,0
260,CASH_OUT,124.78,C5943324387,326.19,201.41,C8506931282,0.0,0.0,0,0.0033333333333333335,0
54,CASH_OUT,72.92,C5082603360,102.13,29.21,C1261903104,168.63,168.63,0,0.0033333333333333335,0
228,PAYMENT,60.05,C9463197203,246.63,186.58,M8667946580,0.0,0.0,0,0.0,0
264,CASH_OUT,184.5,C6634526139,177.08,0.0,C8706093841,0.0,0.0,1,0.03666666666666667,0
97,CASH_OUT,5835.95,C7838460497,4989.47,0.0,M7960713821,0.0,0.0,1,0.04,0
677,PAYMENT,1.0,C7620473079,0.0,0.0,M3145756342,0.0,0.0,0,0.0,0
512,TRANSFER,214.43,C4042413312,289.91,75.48,C6562144159,0.0,0.0,1,0.17,0
642,TRANSFER,1643.02,C1809283659,1577.1,0.0,C9922723063,0.0,0.0,1,0.5333333333333333,1
14,TRANSFER,4964.66,C4655730355,6986.31,2021.65,C3975418439,636.23,636.23,1,0.0033333333333333335,0
2,PAYMENT,1.0,C5201221330,0.0,0.0,M1999913493,0.0,0.0,0,0.0,0
522,PAYMENT,171.63,C4490722186,789.52,617.89,M6199197408,0.0,0.0,0,0.0,0
675,TRANSFER,78.01,C1521521078,80.22,2.21,C1546957087,8.04,86.05,1,0.15666666666666668,0
636,PAYMENT,1.0,C4460967357,0.0,0.0,M3536590481,0.0,0.0,0,0.0,0
45,DEBIT,543.89,C3245108207,657.59,113.7,M8903212516,0.0,0.0,0,0.016666666666666666,0
216,PAYMENT,1.0,C8236980551,0.0,0.0,M9933702652,0.0,0.0,0,0.0,0
530,CASH_OUT,1.0,C5951406973,1.26,0.26,C4659306670,0.0,0.0,0,0.06,0
148,CASH_OUT,26141.06,C3843139149,23374.85,0.0,M5585110649,0.0,0.0,1,0.02666666666666667,0
25,PAYMENT,48.08,C9333798503,55.38,7.3,M9620935604,0.0,0.0,0,0.0,0
241,CASH_OUT,40459.44,C5064162365,48631.59,8172.15,C7579604766,2271.2,2271.2,0,0.0033333333333333335,0
715,TRANSFER,5.62,C8274219704,7.58,1.96,C4734111722,0.18,5.8,0,0.18,0
473,CASH_OUT,5378.95,C8663837890,6844.65,1465.7,M9896529524,0.0,0.0,1,0.02666666666666667,0
230,DEBIT,4.32,C6717963562,6.18,1.86,M7532669066,0.0,0.0,0,0.023333333333333334,0
421,TRANSFER,2426.34,C6178804925,2718.19,291.85,M9773795424,0.0,0.0,1,0.28,0
479,CASH_OUT,200.07,C7895255573,221.58,21.51,C6585609060,425.84,425.84,1,0.04666666666666667,0
500,PAYMENT,1.0,C5028688786,0.0,0.0,M7537130187,0.0,0.0,0,0.0,0
19,PAYMENT,290.41,C3837784389,316.19,25.78,M4896576569,0.0,0.0,0,0.0,0
583,CASH_OUT,77714.85,C4277581356,102964.01,25249.16,C6488854841,0.0,0.0,1,0.016666666666666666,0
269,CASH_OUT,1864.22,C7579604766,2271.2,406.98,C9303765140,98266.24,98266.24,1,0.0,0
360,PAYMENT,1.0,C8316205130,0.0,0.0,M6200141898,0.0,0.0,0,0.0,0
69,CASH_OUT,1556.89,C9702693937,1535.24,0.0,C7635473142,4.82,4.82,1,0.05,0
110,TRANSFER,1.0,C6611356986,0.0,0.0,C6642266247,2142.51,2143.51,0,0.006666666666666667,0
190,CASH_OUT,2246.77,C8182649048,3119.85,873.08,C2653032484,169.15,169.15,1,0.0,0
75,DEBIT,93.5,C7670476743,113.64,20.14,M8646369354,0.0,0.0,0,0.02,0
501,PAYMENT,1.0,C1654477195,1.0,0.0,M5412437658,0.0,0.0,0,0.0,0
605,PAYMENT,130.48,C2683446724,241.64,111.16,M8366710477,0.0,0.0,0,0.0,0
197,CASH_OUT,1.0,C9428056968,0.0,0.0,C2926780541,13519.74,13519.74,0,0.0,0
348,CASH_OUT,1360.92,C3849232839,1314.41,0.0,C9433570024,13.98,13.98,1,0.12,0
119,TRANSFER,1933.96,C4440904834,2286.39,352.43,M7282885927,0.0,0.0,1,0.19333333333333333,0
513,PAYMENT,30.23,C5461537013,115.55,85.32,M1732578761,0.0,0.0,0,0.0,0
417,TRANSFER,4586.7,C2017675569,4034.89,0.0,M1732578761,0.0,0.0,1,0.8766666666666667,1
179,PAYMENT,1.0,C3424843951,0.0,0.0,M7861571879,0.0,0.0,0,0.0,0
20,PAYMENT,1.0,C7603978731,0.0,0.0,M3313346852,0.0,0.0,0,0.0,0
2,CASH_OUT,910.28,C7568861677,9669.61,8759.33,C3791027186,60.84,60.84,0,0.016666666666666666,0
74,PAYMENT,1.0,C3412273600,0.0,0.0,M6045729129,0.0,0.0,0,0.0,0
716,PAYMENT,26.19,C3144490990,61.84,35.65,M6790024996,0.0,0.0,0,0.0,0
435,TRANSFER,26057.47,C5913767020,26217.9,160.43,C3313993297,1832.66,1832.66,1,0.06333333333333334,0
606,PAYMENT,80.82,C6214917780,167.73,86.91,M6992094064,0.0,0.0,0,0.0,0
414,PAYMENT,72.64,C9633533290,79.87,7.23,M3580582653,0.0,0.0,0,0.0,0
641,PAYMENT,79.45,C4946081594,273.76,194.31,M3476758136,0.0,0.0,0,0.0,0
670,PAYMENT,1.03,C4264134512,319.94,318.91,M6894024976,0.0,0.0,0,0.0,0
649,PAYMENT,98.02,C1551395583,491.66,393.64,M9977193987,0.0,0.0,0,0.0,0
132,CASH_OUT,18.59,C1005502537,42.02,23.43,C4681264539,0.0,0.0,0,0.0,0
714,CASH_OUT,1.0,C9924456994,0.0,0.0,C3799264931,188.59,188.59,0,0.05,0
421,CASH_OUT,470.95,C1676168421,671.97,201.02,M8366710477,0.0,0.0,1,0.05333333333333334,0
28,TRANSFER,5.77,C6288227800,11.38,5.61,C4712367625,681.47,687.24,0,0.01,0
77,CASH_OUT,14.81,C7393195616,22.88,8.07,C1131267917,15.0,15.0,0,0.0033333333333333335,0
216,CASH_OUT,143.92,C6947080764,313.32,169.4,C1519709079,1.84,1.84,0,0.0,0
405,TRANSFER,1878.86,C6288227800,1799.73,0.0,M7948094928,0.0,0.0,1,0.45666666666666667,0
586,TRANSFER,4659.2,C7083067988,4461.66,0.0,C4386667704,14.32,14.32,1,0.8633333333333333,1
332,PAYMENT,6.53,C4356175095,11.15,4.62,M6199197408,0.0,0.0,0,0.0,0
612,CASH_OUT,3386.08,C7467073633,10329.16,6943.08,C2586568081,277.56,277.56,0,0.0033333333333333335,0
621,CASH_OUT,2.11,C6320115677,4.56,2.45,C8168204967,31.48,31.48,0,0.03666666666666667,0
630,TRANSFER,23060.72,C3482206102,127021.39,103960.67,C2801177461,10.5,23071.22,0,0.0033333333333333335,0
536,TRANSFER,25.31,C4880176825,37.18,11.87,C4888749350,117.55,142.86,0,0.07666666666666666,0
277,CASH_OUT,74404.6,C5729866281,64334.31,0.0,M1802753761,0.0,0.0,1,0.05,0
419,TRANSFER,2321.93,C8151583833,1935.82,0.0,C7882206934,3.82,3.82,1,0.6566666666666666,1
639,PAYMENT,35.46,C8369792370,38.67,3.21,M3517195150,0.0,0.0,0,0.0,0
337,PAYMENT,4987.17,C3923699745,9124.78,4137.61,M4160161496,0.0,0.0,0,0.0,0
579,PAYMENT,35.94,C2811967841,103.86,67.92,M6692705133,0.0,0.0,0,0.0,0
483,TRANSFER,441.34,C7299420031,429.66,0.0,C1602569046,831.52,831.52,1,0.08333333333333333,0
685,CASH_OUT,4804.79,C3178995337,4425.51,0.0,M5919148165,0.0,0.0,1,0.22,0
158,TRANSFER,454.81,C2020395327,709.32,254.51,C9033653743,480.54,935.35,0,0.0033333333333333335,0
176,TRANSFER,3045.01,C8638763775,3063.26,18.25,M1458227039,0.0,0.0,1,0.4533333333333333,0
657,TRANSFER,1003.24,C6493800024,1319.72,316.48,M3595066420,0.0,0.0,1,0.17,0
296,TRANSFER,236.72,C3591527330,262.59,25.87,C1383539822,698.35,935.07,0,0.0033333333333333335,0
393,TRANSFER,204.53,C6633778586,280.57,76.04,C8252045593,0.0,0.0,1,0.15666666666666668,0
688,TRANSFER,779.12,C2266622851,703.5,0.0,M8144352013,0.0,0.0,1,0.25666666666666665,0
132,CASH_IN,82936.86,C3358880404,0.0,82936.86,C8106401208,107.71,107.71,0,0.0,0
212,TRANSFER,1482.23,C2445662585,1388.2,0.0,M9896529524,0.0,0.0,1,0.37333333333333335,0
266,PAYMENT,112.46,C2020262123,140.44,27.98,M6361225622,0.0,0.0,0,0.0,0
217,PAYMENT,17.35,C1470939445,26.12,8.77,M4689605624,0.0,0.0,0,0.0,0
379,CASH_OUT,2933.81,C4353689019,2982.16,48.35,C4632522232,1625.06,1625.06,1,0.0033333333333333335,0
296,TRANSFER,1057.72,C7083067988,905.43,0.0,C4180599722,758.34,758.34,1,0.056666666666666664,0
701,PAYMENT,137.87,C9196564761,233.89,96.02,M7514017540,0.0,0.0,0,0.0,0
549,PAYMENT,2.36,C3846570058,3.65,1.29,M4820942294,0.0,0.0,0,0.0,0
475,TRANSFER,479.22,C9919491730,585.29,106.07,M2303835765,0.0,0.0,1,0.17666666666666667,0
77,CASH_OUT,1.0,C8168036130,0.0,0.0,C6582557981,16.48,16.48,0,0.006666666666666667,0
179,PAYMENT,727.49,C6959501845,1861.84,1134.35,M3322580659,0.0,0.0,0,0.0,0
523,PAYMENT,1.0,C3095318649,0.0,0.0,M7514017540,0.0,0.0,0,0.0,0
410,PAYMENT,255.06,C7226553010,713.74,458.68,M4122901114,0.0,0.0,0,0.0,0
303,TRANSFER,42.03,C2407863065,52.4,10.37,M7928143230,0.0,0.0,1,0.16,0
332,TRANSFER,15218.61,C7533932947,16940.23,1721.62,C2633177480,0.0,15218.61,1,0.0,0
437,CASH_OUT,358.32,C2965164102,476.08,117.76,C2424706705,62.5,62.5,0,0.04,0
290,CASH_OUT,1687.13,C1614685938,2768.61,1081.48,C7393195616,8.07,8.07,0,0.01,0
414,TRANSFER,1.0,C3958590550,0.0,0.0,C5071218314,193.58,194.58,0,0.09,0
690,TRANSFER,3133.35,C6231117883,2722.61,0.0,M1783432867,0.0,0.0,1,0.8733333333333333,1
329,PAYMENT,15.71,C6745958212,23610.78,23595.07,M7532669066,0.0,0.0,0,0.0,0
690,CASH_OUT,1.0,C9618334441,0.0,0.0,C6904897514,0.0,0.0,0,0.056666666666666664,0
13,CASH_OUT,3413.36,C3791815554,3574.48,161.12,M6732306182,0.0,0.0,1,0.0,0
361,TRANSFER,10.56,C3553440342,17.2,6.64,C8690920484,841.78,852.34,0,0.013333333333333334,0
641,PAYMENT,2753.61,C1667779376,7662.99,4909.38,M2187592160,0.0,0.0,0,0.0,0
589,CASH_OUT,706.28,C9953941533,933.58,227.3,M1466305100,0.0,0.0,1,0.03666666666666667,0
547,CASH_OUT,437.4,C2836553621,377.04,0.0,M3508990774,0.0,0.0,1,0.08,0
333,PAYMENT,2.0,C2953462417,3.76,1.76,M1306420495,0.0,0.0,0,0.0,0
693,TRANSFER,1.0,C8926438617,0.0,0.0,C2802141793,8.71,9.71,0,0.19,0
289,TRANSFER,2582.05,C6168291913,7521.31,4939.26,C8369792370,3.21,2585.26,0,0.0,0
443,CASH_OUT,480.44,C3259520140,562.38,81.94,M5734228580,0.0,0.0,1,0.056666666666666664,0
21,CASH_OUT,186.21,C2566942273,247.33,61.12,C8372755146,61007.15,61007.15,1,0.0,0
696,TRANSFER,29.94,C3334938378,65.22,35.28,C9533595495,0.0,29.94,0,0.16666666666666666,0
563,PAYMENT,1.0,C9856756553,0.0,0.0,M3476758136,0.0,0.0,0,0.0,0
184,TRANSFER,3567.85,C5376302686,3828.48,260.63,M1458227039,0.0,0.0,1,0.2,0
39,CASH_OUT,59.83,C9094089209,96.66,36.83,C4302632494,1224.04,1224.04,0,0.006666666666666667,0
3,CASH_OUT,1374.83,C1981049082,1616.57,241.74,M6401844042,0.0,0.0,1,0.016666666666666666,0
281,PAYMENT,1.0,C6289150149,1.0,0.0,M8083396378,0.0,0.0,0,0.0,0
711,TRANSFER,1.0,C4668931881,0.0,0.0,C3365835550,1964.33,1965.33,0,0.056666666666666664,0
113,PAYMENT,4.86,C2351531223,11.82,6.96,M9900829971,0.0,0.0,0,0.0,0
377,CASH_OUT,4000.22,C1083651970,4407.28,407.06,M8790289305,0.0,0.0,1,0.01,0
700,DEBIT,83.84,C9919491730,106.07,22.23,M9640701016,0.0,0.0,0,0.03333333333333333,0
680,PAYMENT,466.94,C9403748506,513.78,46.84,M6401844042,0.0,0.0,0,0.0,0
49,CASH_OUT,2568.11,C2017675569,3229.2,661.09,C6620138568,0.0,0.0,1,0.0,0
207,PAYMENT,32.4,C8293453178,70.46,38.06,M2228388623,0.0,0.0,0,0.0,0
694,CASH_OUT,196.9,C8208584394,249.25,52.35,C2389803385,347.68,347.68,1,0.023333333333333334,0
1,CASH_OUT,19.09,C6923301988,25.09,6.0,C4668931881,0.0,0.0,0,0.02666666666666667,0
445,DEBIT,18.05,C2612579345,35.58,17.53,M6199197408,0.0,0.0,0,0.03,0
570,TRANSFER,145.55,C9842186844,160.6,15.05,C5750815980,262.34,407.89,1,0.07333333333333333,0
533,PAYMENT,15.46,C5150074940,37.58,22.12,M1783432867,0.0,0.0,0,0.0,0
63,TRANSFER,677.97,C4252504650,1082.78,404.81,C7760554363,60.37,738.34,0,0.0033333333333333335,0
461,CASH_OUT,2554.39,C9379439373,2192.82,0.0,M1099218439,0.0,0.0,1,0.37333333333333335,0
82,CASH_OUT,4761.16,C3923823693,4352.35,0.0,M6247463262,0.0,0.0,1,0.043333333333333335,0
706,PAYMENT,7.9,C1005502537,23.43,15.53,M1802753761,0.0,0.0,0,0.0,0
311,PAYMENT,802.08,C4655730355,2021.65,1219.57,M8548290298,0.0,0.0,0,0.0,0
294,PAYMENT,1.0,C8295757364,0.0,0.0,M7341757401,0.0,0.0,0,0.0,0
35,CASH_OUT,167.66,C4427620889,201.11,33.45,M8389750357,0.0,0.0,1,0.006666666666666667,0
475,PAYMENT,68.18,C7004964045,93.48,25.3,M5535650160,0.0,0.0,0,0.0,0
106,PAYMENT,2.08,C3965676060,8.22,6.14,M4456193555,0.0,0.0,0,0.0,0
37,PAYMENT,1346.87,C1160913827,3082.51,1735.64,M3831598303,0.0,0.0,0,0.0,0
443,CASH_OUT,64.5,C3693985578,233.89,169.39,C2586568081,277.56,277.56,0,0.03333333333333333,0
691,CASH_IN,101776.88,C6656646925,6611.87,108388.75,C1691293717,0.0,0.0,0,0.0,0
610,TRANSFER,2886.14,C6134840512,3347.33,461.19,M2115406331,0.0,0.0,1,0.30666666666666664,0
479,CASH_OUT,1909.86,C5022964382,1992.41,82.55,M1257854279,0.0,0.0,1,0.08333333333333333,0
641,TRANSFER,238.02,C2848792488,325.3,87.28,M1647181551,0.0,0.0,1,0.17333333333333334,0
523,TRANSFER,590.91,C3738900744,537.4,0.0,M3705237613,0.0,0.0,1,0.26,0
113,PAYMENT,2.15,C2317723211,8.7,6.55,M7282885927,0.0,0.0,0,0.0,0
541,PAYMENT,46.15,C9581991473,51.86,5.71,M7928143230,0.0,0.0,0,0.0,0
79,PAYMENT,44.24,C8285000265,53.47,9.23,M6498703287,0.0,0.0,0,0.0,0
302,TRANSFER,70123.48,C8625774078,60978.42,0.0,C9155819200,6.5,6.5,1,0.68,1
105,CASH_OUT,241.04,C7077131430,373.71,132.67,C1847275937,16.18,16.18,0,0.0,0
10,PAYMENT,1.0,C2382129132,1.0,0.0,M8366710477,0.0,0.0,0,0.0,0
406,TRANSFER,1.0,C5416031878,0.0,0.0,C3465883999,138629.39,138630.39,0,0.0,0
705,CASH_OUT,1.0,C9776185998,2.47,1.47,C9974165440,0.0,0.0,0,0.04,0
513,PAYMENT,28.25,C8880184233,32.72,4.47,M3846182436,0.0,0.0,0,0.0,0
3,PAYMENT,1.0,C9248574674,0.0,0.0,M1442421654,0.0,0.0,0,0.0,0
447,TRANSFER,1.0,C1287814151,0.0,0.0,C4693510920,40146.37,40147.37,0,0.0,0
499,TRANSFER,1.0,C5272119095,0.0,0.0,C8370987661,4733.6,4734.6,0,0.05333333333333334,0
48,PAYMENT,120.02,C3436297208,167.4,47.38,M1647181551,0.0,0.0,0,0.0,0
299,DEBIT,67.64,C8458717057,158.76,91.12,M3508990774,0.0,0.0,0,0.02,0
106,PAYMENT,4.63,C9581991473,5.71,1.08,M2711123163,0.0,0.0,0,0.0,0
324,TRANSFER,4191.22,C5482431018,4180.68,0.0,C3190227431,0.0,0.0,1,0.7666666666666667,1
61,PAYMENT,126.58,C2369705770,493.07,366.49,M7651029165,0.0,0.0,0,0.0,0
428,CASH_OUT,2.3,C5333183840,3.08,0.78,C4152835101,2079.76,2079.76,0,0.05,0
171,CASH_OUT,3567.52,C1955345537,3158.82,0.0,M9026301048,0.0,0.0,1,0.05333333333333334,0
604,CASH_OUT,112725.28,C1281199333,100102.19,0.0,M6894024976,0.0,0.0,1,0.17666666666666667,0
588,DEBIT,1.0,C7920516981,0.0,0.0,M5869990861,0.0,0.0,0,0.04666666666666667,0
699,PAYMENT,448.37,C5476654128,704.62,256.25,M3534186676,0.0,0.0,0,0.0,0
204,TRANSFER,1611.9,C1251837136,3649.07,2037.17,C4731897202,0.0,1611.9,0,0.0,0
94,PAYMENT,1.0,C4361393222,0.0,0.0,M6932365592,0.0,0.0,0,0.0,0
69,TRANSFER,21522.33,C2770980600,30513.3,8990.97,C9147736635,0.0,21522.33,0,0.0033333333333333335,0
492,CASH_OUT,1.0,C6092773357,3.87,2.87,C6496933442,14.69,14.69,0,0.04,0
457,PAYMENT,69.14,C1725783958,112.53,43.39,M8138332494,0.0,0.0,0,0.0,0
136,TRANSFER,1053.4,C1387652480,1303.79,250.39,C4277422858,0.0,1053.4,0,0.0,0
280,PAYMENT,346.85,C8122042835,391.45,44.6,M4865979921,0.0,0.0,0,0.0,0
603,DEBIT,5.34,C7561728644,6.65,1.31,M6790024996,0.0,0.0,0,0.04666666666666667,0
520,PAYMENT,63.87,C6178804925,291.85,227.98,M2604788242,0.0,0.0,0,0.0,0
641,CASH_OUT,12.96,C1847275937,16.18,3.22,C8211516617,173.06,173.06,0,0.03333333333333333,0
400,PAYMENT,47.62,C3171050399,77.19,29.57,M2869931869,0.0,0.0,0,0.0,0
407,PAYMENT,2.83,C8809871735,3.54,0.71,M3313346852,0.0,0.0,0,0.0,0
216,TRANSFER,20.44,C5118430494,67.08,46.64,C7249213370,10825.93,10846.37,0,0.0033333333333333335,0
439,PAYMENT,1.0,C8382963909,0.0,0.0,M8058679999,0.0,0.0,0,0.0,0
550,TRANSFER,1.0,C7059591606,0.0,0.0,C1288335378,0.0,1.0,0,0.22333333333333333,0
439,PAYMENT,2020.9,C8215470878,7312.82,5291.92,M3965860354,0.0,0.0,0,0.0,0
330,PAYMENT,1439.28,C1945826486,2992.8,1553.52,M4865979921,0.0,0.0,0,0.0,0
138,CASH_OUT,77.28,C7829772942,144.11,66.83,C9505085936,114.32,114.32,0,0.0033333333333333335,0
269,CASH_OUT,84.51,C2683446724,111.16,26.65,M1676220116,0.0,0.0,1,0.0033333333333333335,0
520,TRANSFER,1.0,C4594787485,0.0,0.0,C1230624431,3.39,4.39,0,0.21666666666666667,0
520,TRANSFER,943.4,C2099184899,941.85,0.0,C4110258855,646.15,646.15,1,0.21,0
373,CASH_OUT,2813.18,C2771211118,3200.68,387.5,C9546021691,1.8,1.8,1,0.01,0
80,PAYMENT,2.1,C8879525611,5.54,3.44,M1676220116,0.0,0.0,0,0.0,0
537,CASH_OUT,1.0,C1361845490,0.0,0.0,C5215140451,0.0,0.0,0,0.06,0
665,PAYMENT,5.22,C7596745715,8.49,3.27,M6771941776,0.0,0.0,0,0.0,0
454,PAYMENT,1.0,C8880079328,0.0,0.0,M7664045502,0.0,0.0,0,0.0,0
285,CASH_OUT,80.27,C2720484983,89.16,8.89,C2139078760,0.0,0.0,0,0.016666666666666666,0
388,TRANSFER,429.89,C7226553010,458.68,28.79,M6284297249,0.0,0.0,1,0.15666666666666668,0
494,DEBIT,2.49,C4566852761,7.22,4.73,M7750131975,0.0,0.0,0,0.04,0
558,CASH_OUT,1306.67,C3869963931,1104.1,0.0,M8235474949,0.0,0.0,1,0.19333333333333333,0
306,CASH_OUT,3412.14,C9987064419,4505.98,1093.84,M1240140248,0.0,0.0,1,0.006666666666666667,0
563,TRANSFER,205.3,C6887132821,183.37,0.0,M3495411322,0.0,0.0,1,0.23,0
385,CASH_OUT,1.0,C6910112521,0.0,0.0,C8867077130,94232.3,94232.3,0,0.0,0
168,CASH_OUT,3589.61,C3343459102,4909.14,1319.53,C2068687175,110007.84,110007.84,1,0.0,0
451,CASH_OUT,4.05,C6995554056,12.28,8.23,C3260842187,6.41,6.41,0,0.05,0
597,CASH_OUT,1215.17,C2554039848,1549.04,333.87,M1458227039,0.0,0.0,1,0.02666666666666667,0
116,PAYMENT,133.71,C4888749350,142.86,9.15,M3536590481,0.0,0.0,0,0.0,0
149,TRANSFER,2190.38,C3436297208,2130.12,0.0,M6525576685,0.0,0.0,1,0.62,1
273,TRANSFER,1383.69,C5952163720,1575.27,191.58,M9523139706,0.0,0.0,1,0.13666666666666666,0
324,PAYMENT,1.0,C5381866906,0.0,0.0,M4125758723,0.0,0.0,0,0.0,0
213,PAYMENT,1.0,C2941508568,0.0,0.0,M6894024976,0.0,0.0,0,0.0,0
598,CASH_OUT,181.74,C1613549255,208.63,26.89,C2071552532,9.46,9.46,0,0.03666666666666667,0
399,TRANSFER,1.0,C5931025271,0.0,0.0,C8666074487,77.28,78.28,0,0.11333333333333333,0
97,PAYMENT,411.74,C5183211669,942.79,531.05,M3660800029,0.0,0.0,0,0.0,0
95,CASH_OUT,2755.45,C2140169349,3449.08,693.63,M7713758036,0.0,0.0,1,0.0,0
4,PAYMENT,1.0,C9776185998,1.47,0.47,M5270048042,0.0,0.0,0,0.0,0
503,PAYMENT,91.82,C8953271391,150.69,58.87,M2839566253,0.0,0.0,0,0.0,0
537,PAYMENT,108.76,C6161147047,331.37,222.61,M9020002737,0.0,0.0,0,0.0,0
645,PAYMENT,332.91,C5306459450,439.13,106.22,M9523139706,0.0,0.0,0,0.0,0
710,CASH_OUT,1.0,C3716924538,0.0,0.0,C9798613995,0.0,0.0,0,0.05333333333333334,0
54,CASH_OUT,6.58,C5297902885,14.32,7.74,C9837912162,25.33,25.33,0,0.0,0
565,PAYMENT,8.9,C1431494396,23.36,14.46,M5087280062,0.0,0.0,0,0.0,0
174,CASH_OUT,315.18,C9189503254,677.63,362.45,C2400094541,0.0,0.0,0,0.006666666666666667,0
73,TRANSFER,1.0,C9544423456,1.0,0.0,C6583444930,84.61,85.61,0,0.11333333333333333,0
351,CASH_OUT,1.0,C6242173772,0.0,0.0,C7452729913,0.0,0.0,0,0.03333333333333333,0
258,CASH_IN,130433.42,C2079770569,0.0,130433.42,C9411532909,74.78,74.78,0,0.0,0
339,CASH_OUT,105.27,C3426709025,119.87,14.6,C2308496151,354.98,354.98,1,0.016666666666666666,0
694,CASH_IN,28709.18,C5998623100,43.05,28752.23,C1526723719,710.25,710.25,0,0.0,0
243,PAYMENT,66.83,C9623534576,199.99,133.16,M8861351706,0.0,0.0,0,0.0,0
609,CASH_OUT,925.31,C8270110908,1078.96,153.65,M4093474499,0.0,0.0,1,0.02666666666666667,0
231,TRANSFER,1.0,C1639509845,0.0,0.0,C3521300895,0.0,1.0,0,0.23,0
294,PAYMENT,64.34,C5992908271,108.07,43.73,M9773795424,0.0,0.0,0,0.0,0
158,TRANSFER,1290.61,C6611356986,1516.25,225.64,M5564953924,0.0,0.0,1,0.08666666666666667,0
323,CASH_OUT,1.0,C8252816758,0.0,0.0,C7471636437,0.0,0.0,0,0.03333333333333333,0
545,TRANSFER,3066.5,C6305160342,3479.35,412.85,C6844582171,298.15,298.15,1,0.10666666666666667,0
394,TRANSFER,102.24,C9441018790,115.25,13.01,C5243939720,68.27,170.51,0,0.04,0
600,CASH_OUT,184.37,C5407856339,207.28,22.91,M6498703287,0.0,0.0,1,0.04,0
291,PAYMENT,619.67,C8690920484,852.34,232.67,M1343875431,0.0,0.0,0,0.0,0
632,PAYMENT,1.0,C9702693937,0.0,0.0,M9631695368,0.0,0.0,0,0.0,0
85,CASH_OUT,2196.97,C9844874547,3066.25,869.28,C3316787198,73.63,73.63,1,0.0,0
603,TRANSFER,1.0,C8902275119,0.0,0.0,C8366884200,0.0,1.0,0,0.23333333333333334,0
368,CASH_OUT,219.11,C2984460654,219.34,0.23,M9576264323,0.0,0.0,1,0.05333333333333334,0
289,PAYMENT,1.0,C5584288132,0.59,0.0,M9021793855,0.0,0.0,0,0.0,0
164,PAYMENT,12.73,C8761956684,50.98,38.25,M8138332494,0.0,0.0,0,0.0,0
695,CASH_OUT,3242.85,C6447717367,3809.07,566.22,C1643611097,574.53,574.53,1,0.01,0
612,CASH_IN,48358.89,C1121863227,0.0,48358.89,C4590711152,0.0,0.0,0,0.0,0
598,PAYMENT,326.27,C6554972315,525.17,198.9,M8740820392,0.0,0.0,0,0.0,0
181,PAYMENT,1.0,C9255898264,0.0,0.0,M8138332494,0.0,0.0,0,0.0,0
298,CASH_OUT,2119.98,C5175416378,1852.95,0.0,M1732578761,0.0,0.0,1,0.10666666666666667,0
525,CASH_OUT,121.5,C4577406847,199.69,78.19,C1282103057,764.94,764.94,0,0.03666666666666667,0
148,PAYMENT,2214.55,C5862655247,20533.42,18318.87,M8083396378,0.0,0.0,0,0.0,0
289,PAYMENT,1.0,C9202102595,1.44,0.44,M6651020291,0.0,0.0,0,0.0,0
372,CASH_OUT,168.11,C3875303857,177.4,9.29,C3815389788,0.0,0.0,0,0.02,0
31,PAYMENT,275.18,C7534583219,639.12,363.94,M5000316394,0.0,0.0,0,0.0,0
669,CASH_OUT,1.0,C2274350418,0.0,0.0,C5913767020,160.43,160.43,0,0.04666666666666667,0
655,TRANSFER,1.0,C2867302554,1.05,0.05,C9703905715,1.27,2.27,0,0.23,0
155,CASH_OUT,2080.44,C6102144947,2188.86,108.42,M2418407139,0.0,0.0,1,0.0,0
199,TRANSFER,34.17,C9250327663,57.08,22.91,C3464975279,13.32,47.49,0,0.12333333333333334,0
223,PAYMENT,980.59,C2268006448,1385.88,405.29,M3636366799,0.0,0.0,0,0.0,0
525,CASH_OUT,968.95,C6043349038,1390.6,421.65,C9661615016,0.0,0.0,0,0.02666666666666667,0
42,TRANSFER,343.15,C5254923696,291.44,0.0,C7825844140,9499.07,9499.07,1,0.0,0
588,CASH_OUT,14.15,C6385791669,26.85,12.7,C3906611156,165.13,165.13,0,0.03,0
288,CASH_OUT,1421.57,C2149938334,1539.23,117.66,M3156792018,0.0,0.0,1,0.013333333333333334,0
102,TRANSFER,101.19,C4574027737,118.4,17.21,C3434757387,3747.94,3849.13,0,0.006666666666666667,0
558,TRANSFER,74.78,C7529817193,93.77,18.99,C4252504650,404.81,479.59,0,0.07333333333333333,0
357,TRANSFER,3546.39,C6496933442,3817.09,270.7,M9933702652,0.0,0.0,1,0.22,0
160,PAYMENT,116.01,C4102821948,548.54,432.53,M7437168216,0.0,0.0,0,0.0,0
98,PAYMENT,5.25,C7022683808,10.72,5.47,M6525576685,0.0,0.0,0,0.0,0
21,CASH_OUT,1.0,C6289150149,0.0,0.0,C7305101214,1.0,1.0,0,0.0033333333333333335,0
507,TRANSFER,2506.21,C8281641403,2541.1,34.89,C7311011808,0.0,0.0,1,0.5033333333333333,1
638,CASH_IN,9671.1,C5686850445,13066.73,22737.83,C7529817193,18.99,18.99,0,0.0,0
10,TRANSFER,71.75,C3906611156,165.13,93.38,C4181102664,0.0,71.75,0,0.13,0
390,CASH_OUT,223.82,C2095286033,403.35,179.53,C5673482258,13.11,13.11,0,0.006666666666666667,0
577,PAYMENT,67.86,C8291250562,114.17,46.31,M8727805468,0.0,0.0,0,0.0,0
51,CASH_OUT,588.0,C5182110973,573.0,0.0,M2773408660,0.0,0.0,1,0.09666666666666666,0
230,PAYMENT,1.0,C6732648420,0.0,0.0,M5325865521,0.0,0.0,0,0.0,0
451,CASH_IN,60630.73,C4311931853,0.0,60630.73,C8317619798,1114.44,1114.44,0,0.0,0
224,TRANSFER,1567.11,C7430757004,1309.78,0.0,M3469205576,0.0,0.0,1,0.37666666666666665,0
481,DEBIT,33.63,C6329589780,35.78,2.15,M5794335854,0.0,0.0,0,0.043333333333333335,0
578,CASH_OUT,1278.67,C1654602021,1806.31,527.64,M2155671697,0.0,0.0,1,0.02666666666666667,0
2,CASH_IN,57.82,C1340272119,0.0,57.82,C5667503195,0.0,0.0,0,0.01,0
459,TRANSFER,1728.13,C4807122420,1619.42,0.0,M3355504998,0.0,0.0,1,0.5266666666666666,1
566,PAYMENT,1.0,C5802739154,0.0,0.0,M7678293431,0.0,0.0,0,0.0,0
507,PAYMENT,5.83,C2802141793,9.71,3.88,M6525576685,0.0,0.0,0,0.0,0
145,CASH_IN,92882.6,C7114223633,14.32,92896.92,C8624454880,0.0,0.0,0,0.0,0
672,TRANSFER,1.0,C8846861559,0.0,0.0,C1643611097,574.53,575.53,0,0.08,0
667,TRANSFER,4395.82,C8215470878,5291.92,896.1,C9858643842,0.0,4395.82,0,0.05,0
460,PAYMENT,1.1,C8117478955,482.47,481.37,M9776500600,0.0,0.0,0,0.0,0
449,CASH_OUT,53565.55,C7910817577,57345.51,3779.96,C2350701477,0.0,0.0,1,0.01,0
522,TRANSFER,49546.15,C7161404428,49212.74,0.0,M5156392601,0.0,0.0,1,0.9533333333333334,1
131,TRANSFER,3782.43,C6470052645,3839.23,56.8,M4456193555,0.0,0.0,1,0.4033333333333333,0
314,TRANSFER,78.9,C1717346250,102.5,23.6,C4067919621,0.0,0.0,1,0.16,0
548,PAYMENT,4.44,C7472806994,6.34,1.9,M4160161496,0.0,0.0,0,0.0,0
385,PAYMENT,323.82,C6959501845,1134.35,810.53,M4522855590,0.0,0.0,0,0.0,0
55,PAYMENT,420.52,C7418301077,1436.76,1016.24,M6651754819,0.0,0.0,0,0.0,0
153,PAYMENT,1.0,C4949801453,0.0,0.0,M3313346852,0.0,0.0,0,0.0,0
80,CASH_OUT,2819.94,C2914126243,3104.17,284.23,M3960136787,0.0,0.0,1,0.0,0
416,CASH_OUT,27.06,C4353689019,48.35,21.29,C3051831252,0.0,0.0,0,0.05333333333333334,0
478,CASH_OUT,1.8,C4895020135,2.11,0.31,C5187948804,43.5,43.5,0,0.08333333333333333,0
491,CASH_OUT,2688.21,C3555656321,2389.24,0.0,M8325043570,0.0,0.0,1,0.25,0
607,CASH_OUT,7.35,C1375899416,18.38,11.03,C2777816561,60333.23,60333.23,0,0.013333333333333334,0
74,TRANSFER,95.32,C3106408413,254.97,159.65,C8086172302,22.13,117.45,0,0.05,0
102,PAYMENT,1.0,C8625774078,0.0,0.0,M6932365592,0.0,0.0,0,0.0033333333333333335,0
377,TRANSFER,541.11,C2394868732,586.93,45.82,C9455610447,0.0,0.0,1,0.17,0
380,CASH_OUT,4315.35,C6517150278,3882.07,0.0,C8833399096,5494.68,5494.68,1,0.06333333333333334,0
704,CASH_OUT,8.13,C7710396573,9.21,1.08,C4145461251,7.0,7.0,0,0.03333333333333333,0
164,PAYMENT,324.99,C3328710672,435.52,110.53,M7664045502,0.0,0.0,0,0.0,0
172,PAYMENT,1.0,C1809283659,0.0,0.0,M9933702652,0.0,0.0,0,0.0,0
477,PAYMENT,15568.5,C9645619869,114219.48,98650.98,M2303835765,0.0,0.0,0,0.0,0
542,PAYMENT,1.0,C3698343112,0.0,0.0,M9065458220,0.0,0.0,0,0.0,0
703,TRANSFER,35.11,C6591038760,64.09,28.98,C5364727160,41.59,76.7,0,0.13,0
50,PAYMENT,1.0,C6937704752,0.0,0.0,M6282009986,0.0,0.0,0,0.0,0
560,CASH_OUT,147.99,C2095286033,179.53,31.54,C2866092821,32.94,32.94,0,0.03666666666666667,0
519,PAYMENT,1.83,C9703905715,2.27,0.44,M5194066484,0.0,0.0,0,0.0,0
516,TRANSFER,4138.81,C9081544414,4699.52,560.71,M2418407139,0.0,0.0,1,0.31333333333333335,0
686,CASH_OUT,53.08,C4946081594,194.31,141.23,C3653594796,0.0,0.0,0,0.023333333333333334,0
405,CASH_OUT,880.12,C5588254555,915.97,35.85,M8030400668,0.0,0.0,1,0.016666666666666666,0
454,TRANSFER,37.19,C8075122626,43.99,6.8,C4252504650,479.59,516.78,0,0.05333333333333334,0
631,TRANSFER,434.28,C1383539822,935.07,500.79,C5182110973,0.0,434.28,0,0.07,0
477,PAYMENT,1.0,C2224336336,0.0,0.0,M9065458220,0.0,0.0,0,0.0,0
312,CASH_OUT,764.07,C9438411468,975.27,211.2,M6200141898,0.0,0.0,1,0.01,0
315,PAYMENT,47.99,C9660523876,133.65,85.66,M7192742877,0.0,0.0,0,0.0,0
155,TRANSFER,883.57,C3030106617,898.05,14.48,M1368287033,0.0,0.0,1,0.17666666666666667,0
656,PAYMENT,1.0,C6443749394,0.0,0.0,M9043367776,0.0,0.0,0,0.0,0
224,PAYMENT,5.35,C1431494396,14.46,9.11,M3534186676,0.0,0.0,0,0.0,0
515,CASH_OUT,55242.81,C4015479599,71665.31,16422.5,M9098037639,0.0,0.0,1,0.01,0
465,PAYMENT,1.0,C4026113008,0.0,0.0,M9441870024,0.0,0.0,0,0.0,0
355,CASH_IN,32426.36,C9411532909,74.78,32501.14,C4147025728,62.46,62.46,0,0.0,0
376,TRANSFER,90.6,C3971203213,144.14,53.54,C6317189421,63435.45,63526.05,0,0.0,0
97,PAYMENT,1.0,C4550353803,0.0,0.0,M5891831621,0.0,0.0,0,0.0,0
530,PAYMENT,594.56,C8796293088,1034.99,440.43,M1504729135,0.0,0.0,0,0.0,0
661,TRANSFER,1111.3,C5625980561,1083.37,0.0,M2571632270,0.0,0.0,1,0.43,0
206,TRANSFER,324.74,C5714169271,353.03,28.29,C1439427140,70.16,70.16,1,0.08666666666666667,0
318,PAYMENT,22.34,C1939042955,31.77,9.43,M1666898313,0.0,0.0,0,0.0,0
613,PAYMENT,205.7,C2377246195,235.8,30.1,M9900829971,0.0,0.0,0,0.0,0
54,TRANSFER,488.9,C8117478955,481.37,0.0,M7928143230,0.0,0.0,1,0.25333333333333335,0
379,PAYMENT,1.0,C2232285036,0.0,0.0,M2655546199,0.0,0.0,0,0.0,0
273,CASH_OUT,2717.94,C7287517250,3531.9,813.96,M4689605624,0.0,0.0,1,0.0033333333333333335,0
617,PAYMENT,1.0,C6837342064,0.0,0.0,M8903212516,0.0,0.0,0,0.0,0
165,CASH_OUT,3448.82,C4239406957,4879.44,1430.62,M2518433834,0.0,0.0,1,0.0,0
441,TRANSFER,329.37,C8229344434,3508.57,3179.2,C5336127859,0.61,329.98,0,0.11333333333333333,0
603,PAYMENT,1.0,C3190227431,0.0,0.0,M3192202822,0.0,0.0,0,0.0,0
502,PAYMENT,1.0,C7597996327,0.86,0.0,M6199197408,0.0,0.0,0,0.0,0
309,CASH_OUT,972.11,C7625389037,1200.73,228.62,C1207916194,0.0,0.0,1,0.006666666666666667,0
350,CASH_OUT,2337.15,C3722583581,2133.44,0.0,C8991977937,178.83,178.83,1,0.09666666666666666,0
83,PAYMENT,327.71,C5695387521,802.99,475.28,M7570511906,0.0,0.0,0,0.0,0
105,TRANSFER,7775.3,C2349406919,13348.24,5572.94,C4509456565,7.45,7782.75,0,0.0,0
74,CASH_OUT,1.43,C8763140509,2.04,0.61,C6929897032,390.64,390.64,0,0.006666666666666667,0
311,CASH_OUT,3.93,C4566852761,4.73,0.8,C7085004726,475.11,475.11,0,0.023333333333333334,0
28,CASH_OUT,590.68,C2017675569,661.09,70.41,C8215470878,896.1,896.1,1,0.0033333333333333335,0
228,CASH_OUT,134.01,C3088517710,174.03,40.02,C8477300991,0.0,0.0,1,0.0,0
660,DEBIT,1.0,C5333183840,0.78,0.0,M1240140248,0.0,0.0,0,0.05333333333333334,0
385,CASH_OUT,1.0,C5710360983,0.0,0.0,C4600630513,16.31,16.31,0,0.02666666666666667,0
186,CASH_OUT,1.0,C3783290795,0.0,0.0,C4895020135,0.31,0.31,0,0.013333333333333334,0
547,CASH_IN,21370.36,C8093179263,0.0,21370.36,C1415802902,0.0,0.0,0,0.0,0
206,DEBIT,1.0,C7640122370,0.0,0.0,M8102481401,0.0,0.0,0,0.03,0
45,TRANSFER,99583.41,C9080621072,135696.36,36112.95,C8382488970,126.07,99709.48,0,0.0,0
534,PAYMENT,125.29,C3106408413,159.65,34.36,M9916475897,0.0,0.0,0,0.0,0
656,PAYMENT,3940.57,C4046558332,11086.45,7145.88,M5891831621,0.0,0.0,0,0.0,0
46,TRANSFER,4463.33,C6591038760,4345.12,0.0,M1466305100,0.0,0.0,1,0.7933333333333333,1
57,TRANSFER,1780.78,C6588316233,2083.91,303.13,M6845287382,0.0,0.0,1,0.16,0
206,PAYMENT,1.0,C9581991473,1.08,0.08,M9576264323,0.0,0.0,0,0.0,0
707,TRANSFER,101290.06,C9943959352,108254.63,6964.57,M2156184315,0.0,0.0,1,0.31333333333333335,0
447,CASH_OUT,1.0,C9078786223,0.0,0.0,C6929897032,390.64,390.64,0,0.08333333333333333,0
371,PAYMENT,2.24,C3894673596,9.64,7.4,M2555936898,0.0,0.0,0,0.0,0
369,PAYMENT,117.85,C2389803385,347.68,229.83,M1783432867,0.0,0.0,0,0.0,0
560,CASH_OUT,24.31,C9249923427,40.14,15.83,C3555656321,0.0,0.0,0,0.03333333333333333,0
132,CASH_OUT,239.02,C2586568081,277.56,38.54,C7374810067,0.0,0.0,1,0.0,0
69,PAYMENT,1.0,C2941508568,0.0,0.0,M2115862756,0.0,0.0,0,0.0,0
672,CASH_OUT,771.91,C2620054076,974.04,202.13,C5975196341,255.68,255.68,1,0.023333333333333334,0
470,CASH_OUT,3876.51,C5951406973,4206.34,329.83,C6642201119,0.0,0.0,1,0.04666666666666667,0
238,CASH_OUT,253.66,C2020395327,254.51,0.85,C6611356986,225.64,225.64,1,0.016666666666666666,0
9,CASH_OUT,283.28,C7579604766,406.98,123.7,C7846365089,435.55,435.55,0,0.006666666666666667,0
675,PAYMENT,390.34,C2893321208,548.14,157.8,M7928143230,0.0,0.0,0,0.0,0
15,TRANSFER,2735.18,C5625411308,2760.04,24.86,C1311570307,13.37,13.37,1,0.3,0
3,TRANSFER,60741.32,C4131575764,75397.02,14655.7,C6338036681,95132.7,155874.02,0,0.0,0
592,PAYMENT,117.14,C4079223686,150.79,33.65,M6515490818,0.0,0.0,0,0.0,0
709,CASH_OUT,3094.5,C2843567009,4082.16,987.66,C2047905204,263.13,263.13,1,0.013333333333333334,0
464,PAYMENT,475.78,C2878930355,695.14,219.36,M7750131975,0.0,0.0,0,0.0,0
94,CASH_OUT,153.7,C2052811909,195.36,41.66,C5082603360,29.21,29.21,0,0.0033333333333333335,0
59,TRANSFER,153.25,C6504099682,163.77,10.52,M8858274691,0.0,0.0,1,0.16666666666666666,0
532,TRANSFER,374.67,C6493800024,316.48,0.0,M1343875431,0.0,0.0,1,0.23,0
348,TRANSFER,247.67,C4921003983,244.06,0.0,C6611356986,225.64,225.64,1,0.05,0
256,TRANSFER,7062.74,C4046558332,7145.88,83.14,C6340003593,0.0,7062.74,1,0.0033333333333333335,0
376,TRANSFER,1.0,C2756070122,1.0,0.0,C5367513465,74756.02,74757.02,0,0.0,0
406,PAYMENT,91.03,C3476426797,111.36,20.33,M3605446007,0.0,0.0,0,0.0,0
209,TRANSFER,358.97,C3389594115,425.2,66.23,C8760642358,24.55,383.52,0,0.013333333333333334,0
463,TRANSFER,1039.59,C7637761996,1142.41,102.82,C5754363475,37.03,1076.62,0,0.07666666666666666,0
309,CASH_OUT,67.64,C3815287619,94.31,26.67,M1185303518,0.0,0.0,1,0.006666666666666667,0
269,TRANSFER,330.43,C3574081104,416.44,86.01,M3107992942,0.0,0.0,1,0.16,0
137,PAYMENT,687.58,C1290050198,7127.6,6440.02,M6525576685,0.0,0.0,0,0.0,0
465,CASH_OUT,1379.86,C2510308881,1610.89,231.03,M7282885927,0.0,0.0,1,0.056666666666666664,0
540,PAYMENT,320.64,C3511301900,16006.62,15685.98,M1694904767,0.0,0.0,0,0.0,0
149,TRANSFER,1948.17,C6477862024,2505.01,556.84,C9484167278,2619.61,2619.61,1,0.006666666666666667,0
560,PAYMENT,140.18,C4104309491,155.34,15.16,M8443061472,0.0,0.0,0,0.0,0
714,PAYMENT,1.0,C8151583833,0.0,0.0,M2391874847,0.0,0.0,0,0.0,0
702,CASH_OUT,1.0,C2464137110,1.19,0.19,C5296710795,39140.83,39140.83,0,0.02,0
64,PAYMENT,50.09,C3389594115,66.23,16.14,M5694439775,0.0,0.0,0,0.0,0
61,DEBIT,25.17,C3074232200,31.86,6.69,M9921025990,0.0,0.0,0,0.02,0
277,CASH_OUT,47.86,C2214741296,136.47,88.61,C7287517250,813.96,813.96,0,0.006666666666666667,0
118,CASH_OUT,6412.97,C4015479599,16422.5,10009.53,C3376077463,173.69,173.69,0,0.0,0
297,PAYMENT,1.0,C3952295757,0.0,0.0,M8874242713,0.0,0.0,0,0.0,0
370,PAYMENT,4.62,C7818568548,11.12,6.5,M8790289305,0.0,0.0,0,0.0,0
31,TRANSFER,19.92,C1322401182,72.51,52.59,C7896596272,32.07,51.99,0,0.11333333333333333,0
293,PAYMENT,15.03,C4877520294,31.41,16.38,M8044997538,0.0,0.0,0,0.0,0
4,CASH_IN,2635.55,C1862812038,88.31,2723.86,C6161147047,222.61,222.61,0,0.0033333333333333335,0
332,PAYMENT,1.15,C7561728644,1.31,0.16,M3317856944,0.0,0.0,0,0.0,0
79,CASH_OUT,1.0,C9935429720,0.0,0.0,C4026816435,307.3,307.3,0,0.006666666666666667,0
95,CASH_OUT,3694.38,C3567900251,4375.79,681.41,C5666504394,0.0,0.0,1,0.0,0
423,PAYMENT,113.02,C5058691146,62977.56,62864.54,M2910594463,0.0,0.0,0,0.0,0
54,CASH_OUT,44.88,C3799264931,188.59,143.71,C6982610835,15.54,15.54,0,0.0033333333333333335,0
717,PAYMENT,15.58,C1408988968,26.5,10.92,M7651029165,0.0,0.0,0,0.0,0
410,CASH_OUT,1.0,C2445662585,0.0,0.0,C6634526139,0.0,0.0,0,0.06666666666666667,0
641,PAYMENT,1.0,C3412365931,0.0,0.0,M3517195150,0.0,0.0,0,0.0,0
180,CASH_OUT,1.0,C1116402431,0.0,0.0,C2825989011,127097.88,127097.88,0,0.0,0
372,DEBIT,136.55,C5913767020,160.43,23.88,M7168105904,0.0,0.0,0,0.02,0
436,TRANSFER,38.1,C7470843264,83.03,44.93,C5367513465,74757.02,74795.12,0,0.0033333333333333335,0
174,CASH_OUT,244.05,C8047877267,284.53,40.48,C3412273600,0.0,0.0,0,0.0,0
22,PAYMENT,18656.55,C4455798713,107688.09,89031.54,M8740820392,0.0,0.0,0,0.0,0
105,TRANSFER,192.86,C1459442845,251.3,58.44,C6904897514,0.0,0.0,1,0.15666666666666668,0
572,TRANSFER,869.71,C1754603440,801.17,0.0,M8790289305,0.0,0.0,1,0.41,0
59,CASH_OUT,3921.34,C3127657643,4380.68,459.34,M5869990861,0.0,0.0,1,0.0,0
34,PAYMENT,172.31,C1674555072,243.02,70.71,M6865994703,0.0,0.0,0,0.0,0
304,PAYMENT,1.0,C9410288290,0.0,0.0,M3072183247,0.0,0.0,0,0.0,0
398,PAYMENT,48.55,C1112794026,67.48,18.93,M7678293431,0.0,0.0,0,0.0,0
206,PAYMENT,20.23,C6588252632,25.5,5.27,M5325865521,0.0,0.0,0,0.0,0
605,CASH_IN,18268.74,C4736031885,73109.11,91377.85,C2311597141,0.0,0.0,0,0.0,0
652,TRANSFER,86153.88,C8265834251,85789.39,0.0,M3223687972,0.0,0.0,1,0.95,1
355,CASH_OUT,59839.98,C4455798713,89031.54,29191.56,C5364727160,76.7,76.7,0,0.0033333333333333335,0
714,TRANSFER,54.65,C7015992643,230.33,175.68,C5569295400,0.0,54.65,0,0.11,0
239,TRANSFER,2062.28,C8624454880,2097.89,35.61,C3434757387,3849.13,3849.13,1,0.006666666666666667,0
40,CASH_OUT,5110.7,C2926780541,13519.74,8409.04,C1660370908,113.07,113.07,0,0.0,0
363,PAYMENT,7.76,C9597198563,9.93,2.17,M2910594463,0.0,0.0,0,0.0,0
657,CASH_OUT,456.31,C3532855799,415.05,0.0,M4665677395,0.0,0.0,1,0.08,0
247,TRANSFER,426.03,C9579064478,1927.96,1501.93,C1439921366,1.45,427.48,0,0.0033333333333333335,0
704,PAYMENT,1.0,C5278201677,0.0,0.0,M3297681898,0.0,0.0,0,0.0,0
183,PAYMENT,1.0,C3910678913,0.0,0.0,M1908459040,0.0,0.0,0,0.0,0
501,PAYMENT,1.0,C6923206003,0.0,0.0,M3438830691,0.0,0.0,0,0.0,0
631,PAYMENT,236.44,C5418232833,845.43,608.99,M4035639663,0.0,0.0,0,0.0,0
163,PAYMENT,10801.09,C8719734235,18043.94,7242.85,M1888107487,0.0,0.0,0,0.0,0
383,PAYMENT,1.0,C9539945315,0.0,0.0,M4641902461,0.0,0.0,0,0.0,0
35,TRANSFER,59567.69,C2965254350,79979.22,20411.53,M1711271599,0.0,0.0,1,0.23666666666666666,0
155,TRANSFER,59.73,C1194576436,98.39,38.66,C4997866845,1.32,61.05,0,0.14666666666666667,0
467,TRANSFER,3375.3,C3260842187,3967.7,592.4,C7185179917,12.27,12.27,1,0.23666666666666666,0
493,CASH_IN,53825.07,C8991514523,61.11,53886.18,C6307626407,453.95,453.95,0,0.0,0
58,TRANSFER,1454.24,C8380312396,1390.68,0.0,M6866146362,0.0,0.0,1,0.37333333333333335,0
7,TRANSFER,3404.73,C1722124509,3431.65,26.92,C6877052039,252.57,3657.3,1,0.013333333333333334,0
71,PAYMENT,49.12,C3380064537,93.06,43.94,M3019265031,0.0,0.0,0,0.0,0
285,CASH_IN,9038.11,C7403028869,47.02,9085.13,C1626733282,174.09,174.09,0,0.0,0
619,PAYMENT,1.0,C7608153267,0.0,0.0,M9288057824,0.0,0.0,0,0.0,0
542,TRANSFER,1708.23,C3365835550,1965.33,257.1,C4949801453,0.0,1708.23,0,0.07333333333333333,0
641,PAYMENT,4.4,C4145461251,7.0,2.6,M2228388623,0.0,0.0,0,0.0,0
41,CASH_OUT,3.8,C8684942020,10.37,6.57,C8795212264,0.0,0.0,0,0.0033333333333333335,0
528,TRANSFER,4086.8,C6244338653,3999.93,0.0,M6361225622,0.0,0.0,1,0.94,1
16,PAYMENT,1348.42,C6237376063,26316.58,24968.16,M9776500600,0.0,0.0,0,0.0,0
594,CASH_OUT,555.39,C2928130926,597.66,42.27,C1233079614,65.35,65.35,1,0.03,0
385,TRANSFER,1158.18,C8832617672,1597.17,438.99,C6054421752,30.24,30.24,1,0.1,0
363,CASH_OUT,637.75,C3532855799,816.27,178.52,M6732306182,0.0,0.0,1,0.013333333333333334,0
482,PAYMENT,2.14,C4012917912,2.8,0.66,M1306420495,0.0,0.0,0,0.0,0
119,PAYMENT,1.0,C4882343658,0.0,0.0,M7537130187,0.0,0.0,0,0.0,0
615,CASH_OUT,2798.05,C1817804383,2539.43,0.0,M8144352013,0.0,0.0,1,0.16,0
539,PAYMENT,1.0,C1033015788,0.0,0.0,M4329446784,0.0,0.0,0,0.0,0
339,TRANSFER,492.73,C9844874547,869.28,376.55,C1940684569,336.13,828.86,0,0.0,0
335,TRANSFER,196.63,C8999963054,312.4,115.77,C4353689019,21.29,217.92,0,0.03333333333333333,0
118,TRANSFER,4895.68,C5899025962,4502.73,0.0,M1122712790,0.0,0.0,1,0.79,1
549,TRANSFER,16.05,C9989642546,17.11,1.06,C4662861038,232.23,248.28,0,0.07666666666666666,0
493,TRANSFER,76654.76,C6157617867,86533.29,9878.53,C1551395583,393.64,77048.4,0,0.0,0
355,CASH_OUT,4190.95,C4566852761,3607.16,0.0,M6744039057,0.0,0.0,1,0.14,0
650,TRANSFER,79.01,C5638860656,67.39,0.0,C1399546384,31.4,31.4,1,0.19666666666666666,0
488,TRANSFER,1.0,C5600836559,0.0,0.0,C3783290795,0.0,1.0,0,0.23,0
14,CASH_OUT,47.35,C2848792488,87.28,39.93,C8261111839,7.52,7.52,0,0.006666666666666667,0
430,TRANSFER,32.36,C7161887665,134.68,102.32,C9645619869,98650.98,98683.34,0,0.0,0
685,TRANSFER,1412.99,C8636525027,1611.94,198.95,C9660523876,85.66,85.66,1,0.16,0
170,CASH_IN,129512.05,C1818520766,0.0,129512.05,C5035765954,371.78,371.78,0,0.0,0
548,PAYMENT,1.0,C2756070122,0.0,0.0,M9896529524,0.0,0.0,0,0.0,0
527,TRANSFER,1.0,C2350701477,0.0,0.0,C8493451569,3.01,4.01,0,0.21666666666666667,0
360,TRANSFER,1.0,C3178995337,0.0,0.0,C7226553010,28.79,29.79,0,0.16,0
298,PAYMENT,1.0,C5087357728,0.0,0.0,M3208200227,0.0,0.0,0,0.0,0
650,PAYMENT,1.0,C3412365931,0.0,0.0,M5815678365,0.0,0.0,0,0.0,0
134,PAYMENT,1.0,C5625980561,0.0,0.0,M9776500600,0.0,0.0,0,0.0,0
341,TRANSFER,103.26,C1754368373,123.11,19.85,C5187948804,43.5,146.76,1,0.03333333333333333,0
325,PAYMENT,469.01,C5281907480,677.44,208.43,M5535650160,0.0,0.0,0,0.0,0
472,TRANSFER,2088.61,C3383331379,2166.29,77.68,M8058679999,0.0,0.0,1,0.42,0
361,PAYMENT,2.17,C7935554354,5.12,2.95,M8964269909,0.0,0.0,0,0.0,0
70,CASH_OUT,1.0,C8750840032,0.0,0.0,C2704657157,23.82,23.82,0,0.0033333333333333335,0
177,DEBIT,2.57,C6572436051,3.21,0.64,M3208200227,0.0,0.0,0,0.03,0
439,CASH_OUT,852.82,C5972484792,1110.3,257.48,M7532669066,0.0,0.0,1,0.06,0
203,PAYMENT,1.0,C8033062794,0.0,0.0,M4306983924,0.0,0.0,0,0.0,0
393,TRANSFER,1.0,C8617360361,0.0,0.0,C6910112521,0.0,1.0,0,0.22,0
380,PAYMENT,457.87,C9516893896,558.91,101.04,M6515490818,0.0,0.0,0,0.0,0
710,PAYMENT,1.0,C2952996248,0.63,0.0,M6101516825,0.0,0.0,0,0.0,0
383,TRANSFER,1.0,C1004665657,0.0,0.0,C9894264595,18530.78,18531.78,0,0.0,0
433,CASH_OUT,57.44,C1981049082,241.74,184.3,C5856127658,1.91,1.91,0,0.04,0
420,CASH_IN,1308.67,C8556573246,109.68,1418.35,C6244338653,0.0,0.0,0,0.0,0
137,PAYMENT,4101.39,C8370987661,4734.6,633.21,M6786043791,0.0,0.0,0,0.0,0
240,TRANSFER,143.96,C9438411468,211.2,67.24,C3476426797,20.33,164.29,0,0.04,0
398,PAYMENT,1.0,C7699500243,0.0,0.0,M7532669066,0.0,0.0,0,0.0,0
279,PAYMENT,18610.21,C4736031885,91377.85,72767.64,M6692705133,0.0,0.0,0,0.0,0
379,CASH_OUT,1.0,C7146318035,0.0,0.0,C7517938612,29.07,29.07,0,0.016666666666666666,0
635,DEBIT,1.0,C6576426590,0.0,0.0,M3476758136,0.0,0.0,0,0.05333333333333334,0
538,CASH_OUT,598.88,C6959501845,810.53,211.65,C2140169349,693.63,693.63,0,0.03666666666666667,0
374,TRANSFER,4063.34,C5135595227,4877.5,814.16,C3389594115,16.14,16.14,1,0.16333333333333333,0
693,TRANSFER,3444.21,C6065662867,3357.79,0.0,C5125568431,0.0,0.0,1,0.88,1
630,CASH_OUT,7055.27,C5358791907,20913.48,13858.21,C7166868574,0.0,0.0,0,0.02,0
29,PAYMENT,1.57,C9673185158,1.87,0.3,M6932365592,0.0,0.0,0,0.0,0
465,TRANSFER,1.0,C9717175839,0.0,0.0,C6405851839,4.57,5.57,0,0.19,0
419,PAYMENT,107.96,C2486744752,192.2,84.24,M5564953924,0.0,0.0,0,0.0,0
693,CASH_OUT,69.04,C6583444930,85.61,16.57,C9912233947,23.57,23.57,0,0.02666666666666667,0
564,CASH_OUT,4190.4,C1717346250,3714.8,0.0,C5694848867,81.22,81.22,1,0.21333333333333335,0
6,TRANSFER,4279.08,C8578226896,4736.64,457.56,M7717262223,0.0,0.0,1,0.18666666666666668,0
110,TRANSFER,1.0,C4643576871,0.0,0.0,C2635231601,0.0,1.0,0,0.22666666666666666,0
49,CASH_OUT,19283.48,C6336171726,46263.74,26980.26,C6588252632,5.27,5.27,0,0.0,0
122,TRANSFER,806.81,C9292791081,814.81,8.0,M4306983924,0.0,0.0,1,0.18,0
147,PAYMENT,13201.93,C2801177461,23071.22,9869.29,M5325865521,0.0,0.0,0,0.0,0
217,CASH_OUT,381.44,C4231729466,464.63,83.19,C1682781467,0.0,0.0,1,0.0,0
299,TRANSFER,437.36,C8480622107,473.63,36.27,M8903212516,0.0,0.0,1,0.15666666666666668,0
117,TRANSFER,6332.89,C2721355673,6924.38,591.49,M5734228580,0.0,0.0,1,0.19666666666666666,0
10,TRANSFER,3296.43,C4807122420,2948.83,0.0,C8275679594,12.04,3308.47,1,0.15666666666666668,0
492,CASH_OUT,1872.94,C8906163641,2476.1,603.16,M2249831874,0.0,0.0,1,0.03,0
488,TRANSFER,79.73,C2174793230,117.92,38.19,C8750840032,0.0,79.73,0,0.17,0
58,CASH_OUT,16612.27,C2973888646,15615.33,0.0,M1199447370,0.0,0.0,1,0.07333333333333333,0
139,CASH_OUT,148.53,C7015992643,175.68,27.15,C8517413631,368.11,368.11,0,0.01,0
686,CASH_OUT,15340.67,C3651552513,14125.01,0.0,M5270048042,0.0,0.0,1,0.20333333333333334,0
331,TRANSFER,60.06,C2645272822,58.35,0.0,C6300607425,193.82,193.82,1,0.04666666666666667,0
94,PAYMENT,97.93,C6305160342,412.85,314.92,M8235474949,0.0,0.0,0,0.0,0
535,PAYMENT,1079.4,C4949801453,1708.23,628.83,M6786043791,0.0,0.0,0,0.0,0
176,DEBIT,67.63,C9123207735,71.74,4.11,M1122712790,0.0,0.0,0,0.02666666666666667,0
480,DEBIT,1.0,C7839819230,0.0,0.0,M8144352013,0.0,0.0,0,0.05,0
459,PAYMENT,3149.29,C1248704157,3672.17,522.88,M7664045502,0.0,0.0,0,0.0,0
430,DEBIT,443.97,C6761084958,470.87,26.9,M3536590481,0.0,0.0,0,0.02666666666666667,0
460,CASH_IN,11860.09,C8211516617,173.06,12033.15,C5694848867,81.22,81.22,0,0.0,0
351,TRANSFER,1.08,C3846570058,1.29,0.21,C9650701349,0.0,1.08,0,0.22,0
681,TRANSFER,5329.7,C4682870880,4857.99,0.0,M6771941776,0.0,0.0,1,0.9233333333333333,1
693,CASH_OUT,2987.59,C3758823240,4063.53,1075.94,M1692044390,0.0,0.0,1,0.02666666666666667,0
57,DEBIT,131.66,C5972484792,257.48,125.82,M8727805468,0.0,0.0,0,0.016666666666666666,0
546,CASH_OUT,3635.6,C6012067717,4023.88,388.28,M9581187661,0.0,0.0,1,0.02666666666666667,0
403,CASH_OUT,29.97,C8948573913,61.41,31.44,C3343292475,17753.6,17753.6,0,0.0033333333333333335,0
544,TRANSFER,1.0,C4073772623,0.0,0.0,C5272119095,0.0,1.0,0,0.22333333333333333,0
262,CASH_OUT,100.19,C3781569954,301.27,201.08,C4440904834,352.43,352.43,0,0.0033333333333333335,0
663,DEBIT,14.93,C7896596272,51.99,37.06,M5449848690,0.0,0.0,0,0.02666666666666667,0
293,PAYMENT,176.95,C9086117171,192.64,15.69,M9020002737,0.0,0.0,0,0.0,0
678,DEBIT,1.0,C6894699853,0.43,0.0,M7514017540,0.0,0.0,0,0.05,0
680,PAYMENT,1.0,C7059591606,0.0,0.0,M2773408660,0.0,0.0,0,0.0,0
293,PAYMENT,1.0,C1036351450,0.0,0.0,M3495411322,0.0,0.0,0,0.0,0
641,CASH_OUT,545.24,C8721631198,722.79,177.55,M1999913493,0.0,0.0,1,0.023333333333333334,0
91,PAYMENT,23.47,C7517938612,29.07,5.6,M3495411322,0.0,0.0,0,0.0,0
43,DEBIT,3467.65,C6124453431,5495.17,2027.52,M5959736235,0.0,0.0,0,0.02,0
157,TRANSFER,16.87,C4873807154,75.38,58.51,C2388450337,0.0,16.87,0,0.14333333333333334,0
190,CASH_OUT,2723.4,C7666129822,2715.83,0.0,M9098037639,0.0,0.0,1,0.056666666666666664,0
64,CASH_OUT,4087.66,C3362657890,3825.01,0.0,M3438830691,0.0,0.0,1,0.043333333333333335,0
564,PAYMENT,1339.44,C7380780055,1976.56,637.12,M5869990861,0.0,0.0,0,0.0,0
529,PAYMENT,8.76,C9337145038,11.4,2.64,M6744039057,0.0,0.0,0,0.0,0
125,CASH_OUT,78841.8,C6131005449,69657.65,0.0,M3536590481,0.0,0.0,1,0.03,0
221,PAYMENT,425.77,C4152835101,2079.76,1653.99,M4820942294,0.0,0.0,0,0.0,0
42,PAYMENT,7510.94,C5296710795,39140.83,31629.89,M8768773991,0.0,0.0,0,0.0,0
367,TRANSFER,611.34,C9081544414,560.71,0.0,C9776185998,0.47,611.81,1,0.09333333333333334,0
262,PAYMENT,54.59,C3376077463,173.69,119.1,M8903212516,0.0,0.0,0,0.0,0
417,TRANSFER,1.0,C5802739154,0.0,0.0,C5729866281,0.0,1.0,0,0.20333333333333334,0
563,CASH_IN,27896.31,C4203205881,0.0,27896.31,C7540301973,0.0,0.0,0,0.0,0
476,CASH_IN,15782.11,C7979466538,327.34,16109.45,C7763765757,390.47,390.47,0,0.0,0
610,PAYMENT,1.0,C2616884203,0.0,0.0,M3580582653,0.0,0.0,0,0.0,0
101,CASH_OUT,2812.75,C2493660313,2378.13,0.0,M4460319291,0.0,0.0,1,0.05333333333333334,0
231,TRANSFER,3444.97,C6797436140,4750.0,1305.03,C5512036684,14687.78,14687.78,1,0.0,0
602,CASH_OUT,8.16,C1513003815,19.79,11.63,C3837784389,25.78,25.78,0,0.03,0
474,TRANSFER,1.0,C1717346250,0.0,0.0,C4242550727,7.85,8.85,0,0.19,0
468,TRANSFER,1.0,C1696846464,0.16,0.0,C8949781901,353.4,354.4,0,0.09,0
63,PAYMENT,1.0,C7059591606,0.0,0.0,M6011842297,0.0,0.0,0,0.0,0
304,TRANSFER,8.68,C3875303857,9.29,0.61,C7665963761,0.0,8.68,0,0.21666666666666667,0
587,TRANSFER,2624.17,C6515369278,2974.59,350.42,M5380159400,0.0,0.0,1,0.29333333333333333,0
83,PAYMENT,3.77,C9245348297,6.61,2.84,M3660800029,0.0,0.0,0,0.0,0
351,DEBIT,15.41,C1795212538,18.02,2.61,M9640701016,0.0,0.0,0,0.03333333333333333,0
108,CASH_OUT,1733.27,C5125568431,1516.8,0.0,C1805492785,0.0,0.0,1,0.05333333333333334,0
70,PAYMENT,10.03,C9250327663,22.91,12.88,M8443061472,0.0,0.0,0,0.0,0
64,TRANSFER,119.73,C3020939193,157.74,38.01,C9437783771,0.0,119.73,0,0.11333333333333333,0
610,PAYMENT,367.54,C4239406957,1430.62,1063.08,M9068916300,0.0,0.0,0,0.0,0
99,CASH_OUT,571.43,C9717175839,798.9,227.47,M8235474949,0.0,0.0,1,0.0033333333333333335,0
429,DEBIT,15.98,C3768901084,19.15,3.17,M5380159400,0.0,0.0,0,0.04,0
204,PAYMENT,179.22,C8503368512,378.14,198.92,M2187592160,0.0,0.0,0,0.0,0
690,TRANSFER,2596.13,C8505373158,2206.49,0.0,C7760554363,738.34,738.34,1,0.38333333333333336,0
666,DEBIT,1.0,C7838460497,0.0,0.0,M6786043791,0.0,0.0,0,0.05333333333333334,0
206,TRANSFER,443.6,C5751366455,418.12,0.0,M3811254192,0.0,0.0,1,0.24,0
504,CASH_OUT,1.0,C9370133032,0.0,0.0,C3102209245,6.41,6.41,0,0.05333333333333334,0
208,TRANSFER,182.71,C7127904756,236.51,53.8,C7316122432,54.83,54.83,1,0.09,0
413,TRANSFER,3113.75,C7471636437,2686.04,0.0,C2379592595,112.36,112.36,1,0.5066666666666667,1
74,PAYMENT,1.09,C9263135031,2.16,1.07,M7717262223,0.0,0.0,0,0.0,0
244,CASH_OUT,342.45,C3866755218,446.59,104.14,C6276339732,728.87,728.87,0,0.013333333333333334,0
355,TRANSFER,252.62,C6952554500,247.08,0.0,C5903457537,0.0,0.0,1,0.23,0
124,CASH_OUT,1468.22,C4310415016,1902.42,434.2,C6110943464,0.61,0.61,1,0.0,0
418,CASH_OUT,25.5,C7475684019,40.21,14.71,C5455441991,0.0,0.0,0,0.05333333333333334,0
186,TRANSFER,144.47,C7664258343,146.01,1.54,C3880327491,1322.95,1322.95,1,0.006666666666666667,0
648,TRANSFER,945.71,C4274374218,1032.03,86.32,M6651020291,0.0,0.0,1,0.22666666666666666,0
540,CASH_OUT,1.0,C7525240100,0.0,0.0,C8318855178,0.77,0.77,0,0.06,0
685,PAYMENT,140.18,C3828935922,225.88,85.7,M9020002737,0.0,0.0,0,0.0,0
394,PAYMENT,1.0,C5728897164,0.0,0.0,M5449848690,0.0,0.0,0,0.0,0
420,CASH_OUT,1.0,C2836553621,0.0,0.0,C9138644862,115.02,115.02,0,0.08666666666666667,0
31,TRANSFER,46.36,C5763350700,56.3,9.94,M3019265031,0.0,0.0,1,0.16333333333333333,0
284,TRANSFER,1.0,C9333490239,0.0,0.0,C4130305126,12989.71,12990.71,0,0.0,0
703,PAYMENT,1.0,C6955593943,0.0,0.0,M7951820749,0.0,0.0,0,0.0,0
357,PAYMENT,178.72,C3033747850,280.21,101.49,M5959736235,0.0,0.0,0,0.0,0
35,PAYMENT,1.0,C2960488639,0.0,0.0,M2773408660,0.0,0.0,0,0.0,0
470,CASH_OUT,52354.17,C6246716604,46515.16,0.0,C6155234610,0.0,0.0,1,0.08,0
673,CASH_IN,8470.12,C9868845806,0.0,8470.12,C3019214800,2.8,2.8,0,0.0,0
241,TRANSFER,14.85,C7015992643,27.15,12.3,C8755749566,0.22,15.07,0,0.16,0
346,TRANSFER,17.39,C3144490990,35.65,18.26,C6923301988,6.0,23.39,0,0.11666666666666667,0
7,CASH_IN,3737.17,C7598745558,0.0,3737.17,C2612579345,17.53,17.53,0,0.0,0
374,CASH_OUT,1417.82,C6922713963,1991.96,574.14,C1674555072,70.71,70.71,1,0.006666666666666667,0
241,CASH_OUT,1.0,C2602884797,0.0,0.0,C8468071953,0.0,0.0,0,0.023333333333333334,0
471,PAYMENT,67.38,C1977515194,145.89,78.51,M3208200227,0.0,0.0,0,0.0,0
629,TRANSFER,1.0,C4638577630,0.0,0.0,C9626333315,124533.55,124534.55,0,0.0,0
75,PAYMENT,706.7,C6425814872,1326.86,620.16,M3534186676,0.0,0.0,0,0.0,0
523,TRANSFER,691.45,C8055515912,997.43,305.98,C7596745715,3.27,694.72,0,0.03666666666666667,0
170,TRANSFER,28201.72,C1551395583,77048.4,48846.68,C8046300793,7.66,28209.38,0,0.0,0
79,CASH_IN,9340.43,C9807209816,3228.64,12569.07,C1282103057,764.94,764.94,0,0.0,0
119,PAYMENT,18.58,C3106408413,34.36,15.78,M4035639663,0.0,0.0,0,0.0,0
547,CASH_OUT,580.54,C9155819200,654.95,74.41,C9856756553,0.0,0.0,1,0.03333333333333333,0
665,CASH_OUT,1.0,C5861829469,0.0,0.0,C5957341287,170.69,170.69,0,0.04666666666666667,0
472,TRANSFER,333.11,C7085004726,475.11,142.0,M3223687972,0.0,0.0,1,0.14333333333333334,0
414,PAYMENT,2.49,C3019214800,2.8,0.31,M5449848690,0.0,0.0,0,0.0,0
647,TRANSFER,6466.6,C2948728483,27116.14,20649.54,C7174772035,0.0,6466.6,0,0.016666666666666666,0
253,PAYMENT,1.0,C7556078550,0.0,0.0,M7717262223,0.0,0.0,0,0.0,0
548,PAYMENT,723.42,C1667483244,841.14,117.72,M5000316394,0.0,0.0,0,0.0,0
520,CASH_OUT,2696.01,C3965676060,3659.7,963.69,C5125568431,0.0,0.0,1,0.02666666666666667,0
707,CASH_OUT,2049.11,C7832220535,2364.05,314.94,C2073108894,33.28,33.28,1,0.02666666666666667,0
713,PAYMENT,1.18,C3962452613,2.1,0.92,M1240140248,0.0,0.0,0,0.0,0
44,CASH_OUT,158963.56,C4965395580,190841.28,31877.72,M8235474949,0.0,0.0,1,0.0,0
285,CASH_OUT,65.45,C8106401208,107.71,42.26,C6942989052,410.65,410.65,0,0.006666666666666667,0
70,CASH_OUT,1374.49,C8178927766,1399.63,25.14,M7951820749,0.0,0.0,1,0.0033333333333333335,0
536,TRANSFER,2076.0,C6369130994,2688.91,612.91,C3280805846,0.0,2076.0,1,0.07,0
10,CASH_OUT,125.8,C1660370908,113.07,0.0,M2910594463,0.0,0.0,1,0.01,0
83,DEBIT,9.13,C6761084958,26.9,17.77,M9590331226,0.0,0.0,0,0.02,0
403,CASH_OUT,1170.01,C1662259333,977.51,0.0,M3517195150,0.0,0.0,1,0.14333333333333334,0
299,CASH_OUT,56.74,C1316756902,52.51,0.0,M4329446784,0.0,0.0,1,0.03333333333333333,0
564,PAYMENT,9.41,C1489726608,12.88,3.47,M2228388623,0.0,0.0,0,0.0,0
342,CASH_OUT,1.0,C7803990970,0.0,0.0,C7166868574,0.0,0.0,0,0.03333333333333333,0
629,TRANSFER,602.48,C6156843353,929.98,327.5,C3933213766,0.0,602.48,0,0.04,0
18,CASH_OUT,70.56,C1233079614,65.35,0.0,C3660223333,0.0,0.0,1,0.01,0
198,PAYMENT,128.2,C1590985753,445.38,317.18,M9410569618,0.0,0.0,0,0.0,0
28,TRANSFER,2185.28,C5710360983,1863.6,0.0,M1811839103,0.0,0.0,1,0.56,1
130,TRANSFER,1.0,C3412365931,0.0,0.0,C1993998848,166.4,167.4,0,0.03666666666666667,0
292,PAYMENT,1028.11,C7420846622,1589.27,561.16,M2156184315,0.0,0.0,0,0.0,0
525,TRANSFER,150.26,C4353689019,217.92,67.66,C2620054076,202.13,352.39,0,0.06666666666666667,0
577,TRANSFER,1.0,C5646880148,0.0,0.0,C8317619798,1114.44,1115.44,0,0.08,0
398,PAYMENT,1715.27,C8046300793,28209.38,26494.11,M5815678365,0.0,0.0,0,0.0,0
496,PAYMENT,155.31,C3821211202,216.83,61.52,M1999913493,0.0,0.0,0,0.0,0
59,CASH_OUT,3464.31,C3528924461,4710.19,1245.88,C7573442717,126.54,126.54,1,0.0,0
79,PAYMENT,5.35,C1513003815,11.63,6.28,M6199197408,0.0,0.0,0,0.0,0
4,TRANSFER,14285.83,C5358791907,13858.21,0.0,C9798548049,5289.24,19575.07,1,0.013333333333333334,0
469,DEBIT,12.42,C6069848439,23.43,11.01,M2155671697,0.0,0.0,0,0.02666666666666667,0
6,PAYMENT,382.08,C5695387521,475.28,93.2,M4456193555,0.0,0.0,0,0.0,0
301,PAYMENT,1.0,C8617360361,0.0,0.0,M9398575277,0.0,0.0,0,0.0,0
600,TRANSFER,1.0,C5993571693,0.0,0.0,C5588254555,35.85,36.85,0,0.19333333333333333,0
394,CASH_OUT,82.84,C3828935922,85.7,2.86,M4035639663,0.0,0.0,1,0.03,0
449,PAYMENT,1.7,C3615507143,5.11,3.41,M1458227039,0.0,0.0,0,0.0,0
38,TRANSFER,126.49,C1304205279,141.5,15.01,M5564953924,0.0,0.0,1,0.16333333333333333,0
155,TRANSFER,3549.04,C6894699853,3780.15,231.11,C9085085822,0.0,0.0,1,0.17666666666666667,0
427,CASH_OUT,545.57,C3260842187,592.4,46.83,M4460319291,0.0,0.0,1,0.04666666666666667,0
113,TRANSFER,5611.58,C5087357728,4755.67,0.0,M1694904767,0.0,0.0,1,0.79,1
596,CASH_OUT,1683.74,C4605117440,132503.41,130819.67,C4419410162,0.0,0.0,0,0.01,0
76,TRANSFER,1.0,C5033992825,0.0,0.0,C9916336966,0.0,1.0,0,0.23333333333333334,0
117,TRANSFER,1.0,C5666504394,0.0,0.0,C7801180691,43657.67,43658.67,0,0.0,0
451,PAYMENT,1.0,C4594787485,0.0,0.0,M2418407139,0.0,0.0,0,0.0,0
712,PAYMENT,3.46,C6358023411,5.05,1.59,M7532669066,0.0,0.0,0,0.0,0
177,TRANSFER,3708.49,C2227193073,10257.68,6549.19,C2317723211,6.55,3715.04,0,0.0,0
714,TRANSFER,2363.51,C7567496105,2820.43,456.92,C8132531532,3.03,2366.54,1,0.043333333333333335,0
436,CASH_OUT,94.58,C1084790270,116.97,22.39,C5292015249,2254.35,2254.35,0,0.043333333333333335,0
495,TRANSFER,1964.84,C4274958945,2249.58,284.74,C5612645121,0.0,0.0,1,0.31333333333333335,0
15,PAYMENT,1.0,C8331319481,0.0,0.0,M1666898313,0.0,0.0,0,0.0,0
628,TRANSFER,10.14,C4877520294,16.38,6.24,C5031086659,152.06,162.2,0,0.08,0
119,PAYMENT,1.0,C2645272822,0.0,0.0,M8821456242,0.0,0.0,0,0.0,0
204,PAYMENT,30.12,C4207337120,47.79,17.67,M8778927211,0.0,0.0,0,0.0,0
314,CASH_OUT,20783.39,C2067970820,26002.54,5219.15,C4668931881,0.0,0.0,0,0.0,0
6,PAYMENT,2.86,C9759180824,13.76,10.9,M1732578761,0.0,0.0,0,0.0,0
371,PAYMENT,5.67,C4949801453,628.83,623.16,M7453081889,0.0,0.0,0,0.0,0
407,DEBIT,8893.22,C3465740756,18284.08,9390.86,M6130446648,0.0,0.0,0,0.023333333333333334,0
480,CASH_OUT,65.82,C3796581976,57.43,0.0,M9625656293,0.0,0.0,1,0.08666666666666667,0
248,TRANSFER,8.4,C3106408413,15.78,7.38,C9166381136,1138.83,1147.23,0,0.006666666666666667,0
701,TRANSFER,11386.07,C7249213370,10846.37,0.0,M1096405016,0.0,0.0,1,0.8233333333333334,1
153,CASH_OUT,1.0,C5455441991,0.0,0.0,C1230249217,0.0,0.0,0,0.013333333333333334,0
687,PAYMENT,46.97,C8458717057,91.12,44.15,M4952177946,0.0,0.0,0,0.0,0
248,PAYMENT,1.0,C1754603440,0.0,0.0,M9288057824,0.0,0.0,0,0.0,0
621,CASH_OUT,1.0,C6655089949,0.0,0.0,C6204041308,23124.06,23124.06,0,0.016666666666666666,0
442,PAYMENT,1.0,C6576395496,0.0,0.0,M9523139706,0.0,0.0,0,0.0,0
502,TRANSFER,199.34,C5283911723,223.37,24.03,C2617999521,0.77,200.11,0,0.09666666666666666,0
156,CASH_OUT,779.06,C9033653743,935.35,156.29,M3369412470,0.0,0.0,1,0.0033333333333333335,0
175,TRANSFER,91.62,C5785481124,96.98,5.36,C9660523876,85.66,85.66,1,0.07666666666666666,0
278,CASH_OUT,10451.93,C9981691030,13362.77,2910.84,C9166381136,1147.23,1147.23,0,0.0,0
154,CASH_OUT,22.81,C2020262123,27.98,5.17,C6942989052,410.65,410.65,0,0.0,0
580,CASH_IN,66377.19,C5998623100,28752.23,95129.42,C1513003815,6.28,6.28,0,0.0,0
481,PAYMENT,1.0,C7573691558,0.0,0.0,M5919148165,0.0,0.0,0,0.0,0
149,TRANSFER,1378.1,C9035194895,1227.17,0.0,C6792661894,27068.67,27068.67,1,0.0,0
329,CASH_OUT,15.06,C7193532615,21.25,6.19,C3338877621,0.0,0.0,0,0.013333333333333334,0
189,TRANSFER,1.0,C4656572173,0.0,0.0,C3645901955,0.0,1.0,0,0.23333333333333334,0
453,CASH_OUT,280.87,C4993808565,284.99,4.12,C8734449371,1190.1,1190.1,1,0.06666666666666667,0
249,PAYMENT,20498.0,C6237376063,24968.16,4470.16,M3145756342,0.0,0.0,0,0.0,0
380,PAYMENT,786.73,C1940684569,828.86,42.13,M7948094928,0.0,0.0,0,0.0,0
265,PAYMENT,1.0,C9957813353,0.0,0.0,M5270048042,0.0,0.0,0,0.0,0
226,TRANSFER,189.51,C4492602049,344.45,154.94,C6305160342,314.92,504.43,0,0.0033333333333333335,0
82,CASH_OUT,577.36,C6305160342,504.43,0.0,M9900829971,0.0,0.0,1,0.12,0
670,PAYMENT,8.44,C3698305085,9.78,1.34,M3517195150,0.0,0.0,0,0.0,0
351,TRANSFER,20.65,C9547119184,23.78,3.13,C2267619081,786.31,806.96,0,0.006666666666666667,0
448,CASH_OUT,661.56,C6276339732,728.87,67.31,C8325222092,0.0,0.0,0,0.05,0
20,TRANSFER,157.66,C8691288568,147.99,0.0,M5412437658,0.0,0.0,1,0.22,0
652,DEBIT,1027.21,C1484230338,3814.53,2787.32,M5067400473,0.0,0.0,0,0.02666666666666667,0
576,PAYMENT,127.71,C1051354601,189.8,62.09,M7537130187,0.0,0.0,0,0.0,0
613,TRANSFER,1176.63,C6415031531,1406.42,229.79,C6362597344,0.0,0.0,1,0.17,0
699,CASH_OUT,173.25,C1378134712,325.65,152.4,C1124331395,223.65,223.65,0,0.023333333333333334,0
208,PAYMENT,87.14,C3866755218,104.14,17.0,M4908108692,0.0,0.0,0,0.0,0
322,PAYMENT,9669.44,C6171239466,24759.14,15089.7,M5869990861,0.0,0.0,0,0.0,0
223,CASH_OUT,73.56,C6892752604,67.63,0.0,M9921025990,0.0,0.0,1,0.023333333333333334,0
494,CASH_OUT,368.81,C7475684019,471.36,102.55,M8276498637,0.0,0.0,1,0.03333333333333333,0
55,PAYMENT,2.6,C2720484983,8.89,6.29,M9021793855,0.0,0.0,0,0.0,0
670,PAYMENT,1.0,C4524233168,0.0,0.0,M5570190774,0.0,0.0,0,0.0,0
589,PAYMENT,1.0,C8318855178,0.77,0.0,M6282009986,0.0,0.0,0,0.0,0
484,CASH_IN,39310.8,C3107125807,0.0,39310.8,C8252816758,0.0,0.0,0,0.0,0
262,TRANSFER,725.52,C8995045543,657.41,0.0,C9579064478,1501.93,2227.45,1,0.006666666666666667,0
525,TRANSFER,1.0,C3521300895,1.0,0.0,C5272119095,1.0,2.0,0,0.22333333333333333,0
41,DEBIT,16.4,C7895255573,21.51,5.11,M6992094064,0.0,0.0,0,0.02,0
628,CASH_OUT,263.07,C6868336102,317.39,54.32,M8626371177,0.0,0.0,1,0.03333333333333333,0
6,DEBIT,1.0,C3190227431,0.0,0.0,M4641902461,0.0,0.0,0,0.03333333333333333,0
383,TRANSFER,2834.44,C5083595988,3418.71,584.27,M4125758723,0.0,0.0,1,0.21333333333333335,0
442,TRANSFER,336.33,C4915196257,590.65,254.32,C7567496105,456.92,793.25,0,0.03333333333333333,0
353,TRANSFER,1.0,C9182543558,0.0,0.0,C8318855178,0.0,1.0,0,0.22,0
363,PAYMENT,86.55,C7763765757,390.47,303.92,M5794335854,0.0,0.0,0,0.0,0
449,CASH_OUT,1.0,C6952291828,0.0,0.0,C3434757387,3849.13,3849.13,0,0.056666666666666664,0
570,TRANSFER,1394.78,C8758809005,1368.33,0.0,C5333183840,0.0,0.0,1,0.47333333333333333,0
594,CASH_OUT,1.0,C3698305085,1.34,0.34,C7920516981,0.0,0.0,0,0.06333333333333334,0
307,CASH_IN,108394.72,C7534583219,363.94,108758.66,C1383539822,500.79,500.79,0,0.0,0
325,PAYMENT,1.0,C7561728644,0.16,0.0,M8276498637,0.0,0.0,0,0.0,0
158,CASH_IN,142184.12,C7420493866,155.88,142340.0,C6155234610,0.0,0.0,0,0.0,0
515,TRANSFER,1.0,C6491309593,0.0,0.0,C1207916194,0.0,1.0,0,0.22333333333333333,0
528,PAYMENT,14022.65,C6338036681,155874.02,141851.37,M6199197408,0.0,0.0,0,0.0,0
410,PAYMENT,1.93,C7895255573,5.11,3.18,M8030400668,0.0,0.0,0,0.0,0
347,PAYMENT,25.56,C2176904638,42.74,17.18,M7230477043,0.0,0.0,0,0.0,0
216,CASH_OUT,31.47,C3383331379,77.68,46.21,C9663561486,19684.06,19684.06,0,0.0033333333333333335,0
208,CASH_OUT,2219.15,C8846861559,1891.18,0.0,M6763471833,0.0,0.0,1,0.05,0
431,PAYMENT,3.65,C9274189261,841.2,837.55,M9918338001,0.0,0.0,0,0.0,0
338,PAYMENT,76.91,C4492602049,154.94,78.03,M3965860354,0.0,0.0,0,0.0,0
42,CASH_OUT,2329.88,C4413838650,2647.51,317.63,M3438830691,0.0,0.0,1,0.0,0
109,PAYMENT,1.0,C7452729913,0.0,0.0,M9398575277,0.0,0.0,0,0.0033333333333333335,0
412,PAYMENT,28.02,C9851745648,58.63,30.61,M6495967005,0.0,0.0,0,0.0,0
159,TRANSFER,3.27,C3894673596,7.4,4.13,C4046558332,83.14,86.41,0,0.08666666666666667,0
532,TRANSFER,1198.72,C7858937483,1115.21,0.0,M4093474499,0.0,0.0,1,0.45,0
465,TRANSFER,1145.22,C4037867512,1499.32,354.1,M8138332494,0.0,0.0,1,0.16,0
13,TRANSFER,2621.94,C7935554354,2204.0,0.0,C7393195616,8.07,8.07,1,0.5166666666666667,1
580,TRANSFER,1.0,C7305101214,1.0,0.0,C7608141858,0.0,1.0,0,0.23,0
27,PAYMENT,1.02,C6884882440,53.99,52.97,M6101516825,0.0,0.0,0,0.0,0
375,TRANSFER,2851.52,C5215140451,2593.89,0.0,C2928130926,42.27,42.27,1,0.5233333333333333,1
286,CASH_OUT,223.87,C5418232833,608.99,385.12,C6358023411,1.59,1.59,0,0.016666666666666666,0
40,CASH_OUT,1.0,C9703905715,0.44,0.0,C3806215682,34.07,34.07,0,0.0,0
457,CASH_OUT,1.0,C6937704752,0.0,0.0,C7049001493,0.0,0.0,0,0.09333333333333334,0
567,CASH_OUT,12513.22,C6674372082,23059.48,10546.26,C1730074215,540.58,540.58,0,0.0033333333333333335,0
565,TRANSFER,1.0,C8689593739,0.0,0.0,C4040409964,67.89,68.89,0,0.16333333333333333,0
270,TRANSFER,225.3,C9067664957,245.72,20.42,C5227828349,41.16,266.46,0,0.013333333333333334,0
427,PAYMENT,1.0,C8382963909,0.0,0.0,M4158643786,0.0,0.0,0,0.0,0
644,PAYMENT,5116.38,C3874432021,88906.51,83790.13,M9916475897,0.0,0.0,0,0.0,0
334,PAYMENT,19.49,C4079223686,33.65,14.16,M8144889126,0.0,0.0,0,0.0,0
534,CASH_OUT,3459.18,C9182543558,3670.16,210.98,C6341783555,31524.16,31524.16,1,0.02,0
379,PAYMENT,1.0,C1590838716,0.0,0.0,M1647181551,0.0,0.0,0,0.0,0
503,PAYMENT,1.0,C8612747444,0.0,0.0,M1122712790,0.0,0.0,0,0.0,0
6,CASH_OUT,2678.7,C1484230338,2787.32,108.62,C8570333548,0.0,0.0,1,0.013333333333333334,0
126,TRANSFER,3.98,C7517938612,5.6,1.62,C9904586976,403.93,407.91,0,0.0033333333333333335,0
452,CASH_OUT,5127.68,C1487258103,4397.79,0.0,C1288335378,1.0,1.0,1,0.36,0
347,CASH_OUT,4987.42,C9218363978,4175.51,0.0,M3517195150,0.0,0.0,1,0.12666666666666668,0
418,PAYMENT,8.42,C8313706299,17.35,8.93,M5067400473,0.0,0.0,0,0.0,0
259,TRANSFER,1.0,C3962452613,0.92,0.0,C2052811909,41.66,42.66,0,0.14,0
312,PAYMENT,1.0,C7705605962,0.25,0.0,M6384311581,0.0,0.0,0,0.0,0
226,PAYMENT,2919.75,C1756345332,7665.0,4745.25,M7168105904,0.0,0.0,0,0.0,0
519,TRANSFER,154.17,C2893321208,157.8,3.63,C4419410162,0.0,0.0,1,0.18,0
270,PAYMENT,4.04,C7635473142,4.82,0.78,M5535650160,0.0,0.0,0,0.0,0
253,PAYMENT,1.0,C5071897791,1.0,0.0,M4865979921,0.0,0.0,0,0.0,0
272,PAYMENT,1.0,C9147687657,0.0,0.0,M5000316394,0.0,0.0,0,0.0,0
637,PAYMENT,1.0,C1515024824,0.0,0.0,M7437168216,0.0,0.0,0,0.0,0
283,PAYMENT,3.68,C9759180824,10.9,7.22,M4093474499,0.0,0.0,0,0.0,0
624,PAYMENT,5.73,C4104309491,15.16,9.43,M2187592160,0.0,0.0,0,0.0,0
714,PAYMENT,336.53,C6928691380,389.97,53.44,M7664045502,0.0,0.0,0,0.0,0
249,CASH_OUT,1391.57,C3109688769,1291.08,0.0,M8646369354,0.0,0.0,1,0.08666666666666667,0
10,CASH_OUT,1.0,C7292376027,0.0,0.0,C8316648259,0.0,0.0,0,0.006666666666666667,0
680,PAYMENT,171.88,C8055515912,305.98,134.1,M6053489772,0.0,0.0,0,0.0,0
289,PAYMENT,1000.43,C1370292681,9010.08,8009.65,M9977193987,0.0,0.0,0,0.0,0
156,PAYMENT,331.68,C1736086849,424.6,92.92,M3355504998,0.0,0.0,0,0.0,0
540,PAYMENT,1.0,C5728897164,0.0,0.0,M3072183247,0.0,0.0,0,0.0,0
463,CASH_OUT,4453.56,C6072939882,3930.92,0.0,C3716924538,0.0,0.0,1,0.41,0
716,CASH_OUT,7867.05,C7825844140,9499.07,1632.02,M9822499208,0.0,0.0,1,0.02666666666666667,0
485,TRANSFER,1119.9,C2388450337,1074.32,0.0,C3975704877,8783.25,8783.25,1,0.07333333333333333,0
346,TRANSFER,1.61,C6338036681,141851.37,141849.76,C9285415473,0.76,2.37,0,0.12,0
715,TRANSFER,1.0,C9202102595,0.44,0.0,C1834624758,1316.71,1317.71,0,0.06666666666666667,0
459,CASH_OUT,28.44,C8997701619,64.32,35.88,C1422701550,589.33,589.33,0,0.05,0
191,PAYMENT,1.0,C9392707144,0.0,0.0,M4952177946,0.0,0.0,0,0.0,0
717,CASH_OUT,483.44,C6206015111,519.07,35.63,C4509456565,7782.75,7782.75,1,0.02,0
388,CASH_IN,1028.17,C4877520294,6.24,1034.41,C5748253283,504.59,504.59,0,0.0033333333333333335,0
427,TRANSFER,1153.67,C3361388464,1265.31,111.64,C6884882440,52.97,52.97,1,0.17666666666666667,0
666,PAYMENT,79.25,C9196564761,96.02,16.77,M2885370603,0.0,0.0,0,0.0,0
4,TRANSFER,171.75,C6272000062,282.59,110.84,C3057629778,0.0,171.75,0,0.06,0
511,PAYMENT,1.0,C6288227800,0.0,0.0,M3369412470,0.0,0.0,0,0.0,0
347,PAYMENT,11.05,C7004964045,25.3,14.25,M8058679999,0.0,0.0,0,0.0,0
481,PAYMENT,1327.99,C6204041308,23124.06,21796.07,M1368287033,0.0,0.0,0,0.0,0
584,CASH_OUT,200.65,C8636525027,198.95,0.0,M3192202822,0.0,0.0,1,0.07666666666666666,0
289,TRANSFER,148.13,C3691864041,659.94,511.81,C3615507143,3.41,151.54,0,0.013333333333333334,0
284,CASH_OUT,1.0,C2050340486,0.0,0.0,C2283298067,0.0,0.0,0,0.03666666666666667,0
538,PAYMENT,1.0,C1515024824,0.0,0.0,M2885370603,0.0,0.0,0,0.0,0
424,CASH_OUT,764.06,C3965572185,862.2,98.14,M5869990861,0.0,0.0,1,0.09333333333333334,0
380,CASH_OUT,1.0,C3653594796,0.0,0.0,C5485387618,0.0,0.0,0,0.03333333333333333,0
477,PAYMENT,4816.47,C8934927891,8181.45,3364.98,M2303835765,0.0,0.0,0,0.0,0
670,PAYMENT,10.69,C1754368373,19.85,9.16,M2303835765,0.0,0.0,0,0.0,0
436,PAYMENT,1.0,C8033062794,0.0,0.0,M8910440683,0.0,0.0,0,0.0,0
653,TRANSFER,1614.4,C9410288290,2190.47,576.07,M5570190774,0.0,0.0,1,0.29333333333333333,0
349,CASH_OUT,134.0,C5031086659,162.2,28.2,M5985331805,0.0,0.0,1,0.02,0
550,PAYMENT,1.0,C9354542654,1.0,0.0,M1306420495,0.0,0.0,0,0.0,0
432,CASH_OUT,1369.35,C9428056968,1710.29,340.94,M8325043570,0.0,0.0,1,0.04666666666666667,0
12,PAYMENT,43.32,C1569113257,82.37,39.05,M7340036327,0.0,0.0,0,0.0,0
382,TRANSFER,212.29,C3271361431,414.47,202.18,C9702693937,0.0,212.29,0,0.023333333333333334,0
203,CASH_OUT,1.0,C6362597344,0.0,0.0,C6963052185,11.64,11.64,0,0.013333333333333334,0
268,PAYMENT,39.89,C8106401208,42.26,2.37,M6865994703,0.0,0.0,0,0.0,0
171,CASH_OUT,1.0,C3815235019,1.64,0.64,C3313993297,1832.66,1832.66,0,0.0,0
623,TRANSFER,1.0,C2242377075,0.0,0.0,C2591589823,1744.59,1745.59,0,0.07666666666666666,0
240,PAYMENT,1.0,C8106906538,0.0,0.0,M4456193555,0.0,0.0,0,0.0,0
456,CASH_OUT,206.35,C5578929439,236.93,30.58,C8949781901,354.4,354.4,1,0.04666666666666667,0
707,CASH_OUT,883.25,C4572433066,781.87,0.0,M3508990774,0.0,0.0,1,0.25333333333333335,0
73,CASH_OUT,4.54,C3587283948,19.36,14.82,C5354747485,0.0,0.0,0,0.0,0
537,PAYMENT,153.39,C6515369278,350.42,197.03,M4399143287,0.0,0.0,0,0.0,0
203,PAYMENT,1.01,C7772180882,44.14,43.13,M4035639663,0.0,0.0,0,0.0,0
386,PAYMENT,207.56,C9844874547,376.55,168.99,M7702529931,0.0,0.0,0,0.0,0
93,PAYMENT,32.85,C5461537013,85.32,52.47,M6284297249,0.0,0.0,0,0.0,0
355,TRANSFER,10.11,C6789448659,25.65,15.54,C5610783750,60.16,70.27,0,0.08333333333333333,0
177,CASH_OUT,3670.34,C6910112521,4036.95,366.61,M6041646576,0.0,0.0,1,0.0,0
519,PAYMENT,569.61,C3465740756,9390.86,8821.25,M3846182436,0.0,0.0,0,0.0,0
287,TRANSFER,3331.16,C8418332121,4031.13,699.97,M3019265031,0.0,0.0,1,0.21666666666666667,0
115,CASH_IN,66775.62,C6509985983,22.7,66798.32,C9103115140,111436.37,111436.37,0,0.0,0
578,CASH_OUT,2828.37,C3051831252,2683.86,0.0,C3297096148,0.0,0.0,1,0.17333333333333334,0
513,TRANSFER,35.3,C7772180882,43.13,7.83,C5461537013,52.47,87.77,0,0.12666666666666668,0
453,CASH_OUT,54.87,C2670036982,80.84,25.97,C9581991473,0.08,0.08,0,0.05,0
64,CASH_OUT,2593.28,C8795212264,3542.05,948.77,M2243802345,0.0,0.0,1,0.0,0
456,CASH_IN,5866.16,C8933377472,30.36,5896.52,C7470843264,44.93,44.93,0,0.0,0
388,PAYMENT,1.0,C2382129132,0.0,0.0,M1368287033,0.0,0.0,0,0.0,0
458,CASH_OUT,3485.86,C6009268066,3562.9,77.04,M7351460539,0.0,0.0,1,0.10666666666666667,0
712,PAYMENT,1.0,C1590838716,0.0,0.0,M5087280062,0.0,0.0,0,0.0,0
505,PAYMENT,1.0,C9711080868,0.0,0.0,M6361225622,0.0,0.0,0,0.0,0
526,CASH_OUT,1321.2,C3931997465,1708.54,387.34,C7660157097,173182.32,173182.32,1,0.0033333333333333335,0
369,PAYMENT,14.33,C9533595495,29.94,15.61,M2115406331,0.0,0.0,0,0.0,0
418,CASH_OUT,2579.34,C2178884276,2309.65,0.0,M8044997538,0.0,0.0,1,0.36666666666666664,0
420,TRANSFER,1379.06,C5064162365,8172.15,6793.09,C8015775567,21223.85,22602.91,0,0.0,0
543,TRANSFER,4003.93,C3389594115,4000.84,0.0,M9918338001,0.0,0.0,1,0.94,1
165,PAYMENT,1.0,C8995045543,0.0,0.0,M1096405016,0.0,0.0,0,0.0,0
606,CASH_OUT,3036.61,C1248786714,3206.77,170.16,C3946766309,9.02,9.02,1,0.023333333333333334,0
418,PAYMENT,648.44,C2513206988,850.66,202.22,M9404002665,0.0,0.0,0,0.0,0
664,TRANSFER,2155.14,C5976777081,3042.17,887.03,C9904586976,407.91,407.91,1,0.10333333333333333,0
550,PAYMENT,10.74,C9250327663,12.88,2.14,M6763471833,0.0,0.0,0,0.0,0
702,TRANSFER,2733.65,C8902114913,3743.27,1009.62,M1811839103,0.0,0.0,1,0.2733333333333333,0
455,CASH_OUT,223.09,C9410288290,576.07,352.98,C5028688786,0.0,0.0,0,0.043333333333333335,0
266,PAYMENT,1.0,C7074050517,1.14,0.14,M1083302600,0.0,0.0,0,0.0,0
645,CASH_OUT,1137.31,C8826851692,1265.15,127.84,M4601406440,0.0,0.0,1,0.03,0
102,TRANSFER,3.1,C8755749566,15.07,11.97,C8737025391,278.58,281.68,0,0.01,0
670,PAYMENT,1.0,C8761469117,0.0,0.0,M7453081889,0.0,0.0,0,0.0,0
530,TRANSFER,75.36,C2017675569,70.41,0.0,M2916502228,0.0,0.0,1,0.23333333333333334,0
160,DEBIT,1.0,C6634526139,0.0,0.0,M2625035499,0.0,0.0,0,0.03,0
687,PAYMENT,225.74,C8832617672,438.99,213.25,M6786043791,0.0,0.0,0,0.0,0
666,TRANSFER,25.7,C8995970241,32.53,6.83,C9237880732,3.0,28.7,0,0.16,0
165,TRANSFER,85.3,C1770278136,93.63,8.33,M6866146362,0.0,0.0,1,0.16,0
552,PAYMENT,698.29,C4736031885,72767.64,72069.35,M5794335854,0.0,0.0,0,0.0,0
498,PAYMENT,1.0,C7242730249,0.0,0.0,M4122901114,0.0,0.0,0,0.0,0
275,TRANSFER,2342.96,C8351491401,2259.18,0.0,M6786043791,0.0,0.0,1,0.7933333333333333,1
686,CASH_OUT,3057.19,C6995554056,3981.56,924.37,M4665677395,0.0,0.0,1,0.02666666666666667,0
598,CASH_IN,2041.62,C1945826486,1553.52,3595.14,C3367665472,0.0,0.0,0,0.0,0
542,PAYMENT,2966.79,C1958682846,3789.02,822.23,M9043367776,0.0,0.0,0,0.0,0
386,PAYMENT,1.0,C7508522951,0.0,0.0,M3297681898,0.0,0.0,0,0.0,0
537,CASH_OUT,4497.26,C2770980600,8990.97,4493.71,C7561728644,0.0,0.0,0,0.023333333333333334,0
265,PAYMENT,4.09,C9279291478,5.14,1.05,M7861571879,0.0,0.0,0,0.0,0
415,CASH_OUT,7634.34,C6674372082,10546.26,2911.92,M3223687972,0.0,0.0,1,0.02,0
120,TRANSFER,135.75,C3532855799,178.52,42.77,M4160161496,0.0,0.0,1,0.16,0
618,TRANSFER,13.78,C3128675098,63.91,50.13,C8046300793,26494.11,26507.89,0,0.0033333333333333335,0
694,TRANSFER,1431.86,C7803990970,1955.69,523.83,M2303835765,0.0,0.0,1,0.26,0
245,TRANSFER,67032.12,C3098948446,62873.78,0.0,M9288057824,0.0,0.0,1,0.82,1
695,PAYMENT,1.0,C1036351450,0.0,0.0,M8389750357,0.0,0.0,0,0.0,0
567,DEBIT,58.9,C1674555072,70.71,11.81,M9581187661,0.0,0.0,0,0.03333333333333333,0
509,PAYMENT,1.0,C3367665472,0.0,0.0,M3072183247,0.0,0.0,0,0.0,0
580,CASH_OUT,1428.53,C4706249669,1303.33,0.0,M4665677395,0.0,0.0,1,0.19,0
9,PAYMENT,51.19,C6469318275,76.57,25.38,M9640701016,0.0,0.0,0,0.0,0
292,PAYMENT,1.0,C6661014794,0.0,0.0,M4665677395,0.0,0.0,0,0.0,0
279,TRANSFER,1.0,C6904897514,0.0,0.0,C2158638062,14.91,15.91,0,0.19666666666666666,0
467,PAYMENT,124.0,C4037867512,354.1,230.1,M4689605624,0.0,0.0,0,0.0,0
1,TRANSFER,1845.59,C6952554500,2533.44,687.85,C5686850445,22737.83,22737.83,1,0.0033333333333333335,0
489,TRANSFER,215.52,C1124331395,223.65,8.13,M3297681898,0.0,0.0,1,0.17333333333333334,0
142,TRANSFER,463.51,C3420671425,418.58,0.0,C1421776124,45760.8,45760.8,1,0.0033333333333333335,0
492,PAYMENT,14.45,C2254516608,35.25,20.8,M3107992942,0.0,0.0,0,0.0,0
703,TRANSFER,393.95,C9935429720,525.66,131.71,C7829772942,66.83,66.83,1,0.11,0
388,TRANSFER,11440.47,C6037168610,26607.41,15166.94,C1541964762,384.89,11825.36,0,0.0,0
571,PAYMENT,607.98,C5135595227,814.16,206.18,M2869931869,0.0,0.0,0,0.0,0
456,TRANSFER,19.18,C1546957087,86.05,66.87,C9630522755,144.2,163.38,0,0.06666666666666667,0
444,TRANSFER,1.0,C7858937483,0.0,0.0,C6642201119,0.0,1.0,0,0.22,0
198,TRANSFER,421.06,C7389111087,410.53,0.0,M3476758136,0.0,0.0,1,0.24,0
559,PAYMENT,14.27,C1050899550,47.2,32.93,M5000316394,0.0,0.0,0,0.0,0
452,PAYMENT,15.84,C7316122432,54.83,38.99,M9916475897,0.0,0.0,0,0.0,0
528,PAYMENT,1.66,C6717963562,1.86,0.2,M2121448210,0.0,0.0,0,0.0,0
533,PAYMENT,1.0,C9558091177,0.0,0.0,M6558769264,0.0,0.0,0,0.0,0
73,TRANSFER,639.68,C6098775210,784.13,144.45,C5646880148,0.0,639.68,0,0.01,0
119,TRANSFER,2891.4,C6613888489,3836.61,945.21,M6692705133,0.0,0.0,1,0.19666666666666666,0
45,PAYMENT,1.0,C3651552513,0.0,0.0,M3457877922,0.0,0.0,0,0.0,0
47,TRANSFER,17.65,C8417757797,26.91,9.26,C4419410162,0.0,17.65,0,0.16,0
2,TRANSFER,1.0,C3815235019,0.64,0.0,C8926438617,0.0,1.0,0,0.23,0
292,CASH_OUT,142.36,C1039262289,165.29,22.93,C3206955437,0.0,0.0,0,0.01,0
425,CASH_OUT,1.0,C9544423456,0.0,0.0,C1625217504,112.52,112.52,0,0.07666666666666666,0
140,CASH_OUT,1762.47,C6124453431,2027.52,265.05,M3495411322,0.0,0.0,1,0.0,0
239,TRANSFER,1.0,C1913706213,0.0,0.0,C1417436465,21636.93,21637.93,0,0.0,0
374,TRANSFER,935.9,C2960488639,1037.43,101.53,M3094407076,0.0,0.0,1,0.17333333333333334,0
36,TRANSFER,12.88,C7949795085,19.08,6.2,C7092693247,0.0,12.88,0,0.16,0
299,PAYMENT,2250.51,C6496596008,61077.96,58827.45,M1458227039,0.0,0.0,0,0.0,0
447,TRANSFER,1340.08,C8243746556,1599.66,259.58,C3693916084,695.03,2035.11,1,0.043333333333333335,0
179,TRANSFER,14645.0,C7979466538,16109.45,1464.45,C2267619081,806.96,15451.96,0,0.0,0
51,DEBIT,31.53,C3260842187,46.83,15.3,M5815678365,0.0,0.0,0,0.02,0
125,CASH_OUT,263.16,C7846365089,435.55,172.39,C6720572969,35.99,35.99,0,0.0,0
287,PAYMENT,46.17,C8953271391,58.87,12.7,M1096405016,0.0,0.0,0,0.0,0
133,CASH_OUT,697.42,C4332894265,1139.69,442.27,C3521166052,117.15,117.15,0,0.0033333333333333335,0
421,CASH_OUT,1.0,C8477300991,0.0,0.0,C7499349987,0.39,0.39,0,0.1,0
133,TRANSFER,36735.31,C7801948900,77488.27,40752.96,C6887132821,0.0,36735.31,0,0.0,0
140,TRANSFER,195.89,C6124453431,265.05,69.16,M8044997538,0.0,0.0,1,0.14666666666666667,0
682,CASH_IN,25903.4,C5933179746,434.57,26337.97,C7852415525,3.03,3.03,0,0.0,0
703,PAYMENT,15.23,C1741134891,35.78,20.55,M8646369354,0.0,0.0,0,0.0,0
47,CASH_OUT,3706.98,C4682870880,4609.75,902.77,C7004510516,0.0,0.0,1,0.0,0
668,PAYMENT,69.25,C6618965944,85.45,16.2,M5570190774,0.0,0.0,0,0.0,0
459,CASH_IN,5456.45,C5035765954,371.78,5828.23,C3142452709,215.44,215.44,0,0.0,0
23,TRANSFER,1249.14,C5403510324,1241.81,0.0,M3192202822,0.0,0.0,1,0.33,0
94,CASH_OUT,3546.06,C4735334423,4241.46,695.4,M1711271599,0.0,0.0,1,0.0,0
135,TRANSFER,54.04,C4046558332,86.41,32.37,C8598503901,0.0,54.04,0,0.14,0
27,TRANSFER,853.98,C7045593274,824.42,0.0,M5585110649,0.0,0.0,1,0.31,0
600,PAYMENT,1.0,C2232285036,0.0,0.0,M5315720088,0.0,0.0,0,0.0,0
566,CASH_OUT,5132.2,C2602884797,4963.01,0.0,C5694848867,81.22,81.22,1,0.19666666666666666,0
433,TRANSFER,64.17,C1225953184,144.29,80.12,C7857580528,54.76,118.93,0,0.09,0
380,PAYMENT,8.65,C5400463094,53918.48,53909.83,M3831598303,0.0,0.0,0,0.0,0
148,PAYMENT,10.14,C2801177461,9869.29,9859.15,M4588312351,0.0,0.0,0,0.0,0
479,DEBIT,1.0,C1361845490,0.0,0.0,M6498703287,0.0,0.0,0,0.05,0
427,PAYMENT,38.3,C7934137693,76.51,38.21,M4390543744,0.0,0.0,0,0.0,0
714,CASH_OUT,36215.37,C3874432021,83790.13,47574.76,C6645808194,38.51,38.51,0,0.01,0
266,CASH_OUT,11305.01,C3511301900,15685.98,4380.97,C5512036684,14687.78,14687.78,1,0.0,0
676,CASH_OUT,4835.24,C3362657890,4067.67,0.0,M2155671697,0.0,0.0,1,0.22666666666666666,0
396,TRANSFER,105.31,C1667483244,117.72,12.41,C9916336966,1.0,106.31,0,0.10333333333333333,0
216,CASH_OUT,432.33,C5750815980,407.89,0.0,M1811839103,0.0,0.0,1,0.043333333333333335,0
601,CASH_OUT,1964.03,C3962452613,2046.12,82.09,C8093179263,21370.36,21370.36,1,0.02,0
617,TRANSFER,304.77,C2914126243,284.23,0.0,C2940955281,20.4,325.17,1,0.11666666666666667,0
40,PAYMENT,85.71,C6882074066,168.87,83.16,M3297681898,0.0,0.0,0,0.0,0
716,TRANSFER,1.0,C2388450337,0.0,0.0,C2973888646,0.0,1.0,0,0.21333333333333335,0
214,PAYMENT,2.0,C4734111722,5.8,3.8,M1306420495,0.0,0.0,0,0.0,0
648,TRANSFER,3763.82,C6719736115,3380.05,0.0,M2136107759,0.0,0.0,1,0.9433333333333334,1
80,PAYMENT,1.0,C5903457537,0.0,0.0,M3811254192,0.0,0.0,0,0.0,0
461,TRANSFER,1746.56,C4531928910,1568.14,0.0,M2773408660,0.0,0.0,1,0.5166666666666667,1
706,TRANSFER,111.03,C8387664437,371.93,260.9,C6329323383,50.31,161.34,0,0.06333333333333334,0
485,TRANSFER,124.99,C2965164102,117.76,0.0,M1413599241,0.0,0.0,1,0.23333333333333334,0
32,CASH_IN,16177.24,C5759234471,302.91,16480.15,C5492496998,104.32,104.32,0,0.0,0
214,PAYMENT,1.0,C9805620900,0.0,0.0,M3660800029,0.0,0.0,0,0.0,0
602,PAYMENT,42.1,C5140460939,66.56,24.46,M3580582653,0.0,0.0,0,0.0,0
702,CASH_OUT,1841.07,C9196564761,1703.53,0.0,C8382963909,0.0,0.0,1,0.16666666666666666,0
322,TRANSFER,3083.69,C8331319481,2715.5,0.0,M8276498637,0.0,0.0,1,0.7566666666666667,1
642,TRANSFER,1.06,C5439176290,2.54,1.48,C8997701619,35.88,36.94,0,0.15,0
716,TRANSFER,1.0,C4062777850,0.0,0.0,C4776436931,0.0,1.0,0,0.21333333333333335,0
81,PAYMENT,4.12,C3946766309,9.02,4.9,M7928143230,0.0,0.0,0,0.0,0
452,PAYMENT,16.07,C4422700486,48.37,32.3,M4211837506,0.0,0.0,0,0.0,0
161,CASH_OUT,1.0,C8547068234,1.11,0.11,C9633533290,7.23,7.23,0,0.013333333333333334,0
474,PAYMENT,1.0,C7525240100,0.0,0.0,M1908459040,0.0,0.0,0,0.0,0
554,TRANSFER,86109.39,C7560389844,75048.85,0.0,M5585110649,0.0,0.0,1,0.9,1
396,PAYMENT,3.54,C3792347639,4.38,0.84,M7192742877,0.0,0.0,0,0.0,0
34,CASH_IN,172.25,C1659663750,0.0,172.25,C9786748825,447.17,447.17,0,0.0,0
200,CASH_OUT,5107.04,C1195066088,4664.41,0.0,C4152835101,1653.99,1653.99,1,0.023333333333333334,0
528,TRANSFER,1661.27,C2699887270,1877.45,216.18,M2115406331,0.0,0.0,1,0.28,0
425,CASH_OUT,1.0,C3875303857,0.61,0.0,C2020395327,0.85,0.85,0,0.08666666666666667,0
690,CASH_OUT,1874.45,C3362646960,5515.47,3641.02,C8497938394,748.83,748.83,0,0.02,0
653,PAYMENT,2.15,C4538382315,2.81,0.66,M8218146534,0.0,0.0,0,0.0,0
185,CASH_OUT,553.07,C6369130994,612.91,59.84,M1802753761,0.0,0.0,1,0.0033333333333333335,0
508,DEBIT,1.0,C3843139149,0.0,0.0,M6282009986,0.0,0.0,0,0.043333333333333335,0
497,CASH_OUT,3163.87,C4538382315,4111.66,947.79,M8861351706,0.0,0.0,1,0.02666666666666667,0
307,PAYMENT,117.28,C5418232833,385.12,267.84,M8768773991,0.0,0.0,0,0.0,0
244,PAYMENT,1.0,C6623360831,0.0,0.0,M1099218439,0.0,0.0,0,0.0,0
63,TRANSFER,3689.16,C8039917766,3343.16,0.0,C9451577335,92.83,92.83,1,0.33666666666666667,0
286,PAYMENT,382.15,C5748253283,504.59,122.44,M9410569618,0.0,0.0,0,0.0,0
164,TRANSFER,128.72,C6329323383,161.34,32.62,M9404002665,0.0,0.0,1,0.15333333333333332,0
191,PAYMENT,1.0,C9032096058,0.0,0.0,M1676220116,0.0,0.0,0,0.0,0
140,PAYMENT,51.36,C2180484299,112.49,61.13,M9020002737,0.0,0.0,0,0.0,0
564,DEBIT,345.01,C5604529187,408.8,63.79,M2916502228,0.0,0.0,0,0.02666666666666667,0
112,PAYMENT,376.27,C3918046336,528.53,152.26,M5087280062,0.0,0.0,0,0.0,0
373,CASH_OUT,69.93,C9611537583,60.23,0.0,M6790024996,0.0,0.0,1,0.04,0
88,CASH_OUT,1269.46,C7321180787,1718.49,449.03,C7311011808,0.0,0.0,1,0.0,0
280,PAYMENT,4793.91,C1457632732,5265.0,471.09,M1257854279,0.0,0.0,0,0.0,0
66,PAYMENT,665.07,C4180599722,758.34,93.27,M1096405016,0.0,0.0,0,0.0,0
319,TRANSFER,13.55,C1399546384,31.4,17.85,C2065354117,1.0,14.55,0,0.15666666666666668,0
509,TRANSFER,41.89,C1459442845,58.44,16.55,C8833889083,1002.35,1044.24,0,0.05,0
208,PAYMENT,17.62,C3149484176,763.38,745.76,M9977193987,0.0,0.0,0,0.0,0
474,PAYMENT,2.31,C5646751885,2.59,0.28,M6282009986,0.0,0.0,0,0.0,0
116,PAYMENT,1.0,C4660390742,0.0,0.0,M6498703287,0.0,0.0,0,0.0,0
116,TRANSFER,3565.02,C1569113257,3767.51,202.49,C9249923427,15.83,15.83,1,0.17,0
162,CASH_IN,88201.8,C4550353803,0.0,88201.8,C7792729530,69.99,69.99,0,0.0,0
699,PAYMENT,353.13,C4602080228,453.48,100.35,M4554178984,0.0,0.0,0,0.0,0
362,PAYMENT,1.0,C8901585274,0.0,0.0,M2129491690,0.0,0.0,0,0.0,0
337,PAYMENT,4.4,C3149533961,9.62,5.22,M6771941776,0.0,0.0,0,0.0,0
673,CASH_OUT,256.06,C7539399243,365.07,109.01,C3392080953,0.61,0.61,1,0.02666666666666667,0
432,TRANSFER,27.81,C9935429720,131.71,103.9,C3206955437,0.0,27.81,0,0.15333333333333332,0
699,CASH_OUT,392.81,C3887823121,413.24,20.43,M1783432867,0.0,0.0,1,0.03666666666666667,0
55,CASH_OUT,3256.68,C8880079328,3339.73,83.05,C7666129822,0.0,0.0,1,0.0033333333333333335,0
201,CASH_OUT,2225.58,C8382963909,1859.85,0.0,C9786748825,447.17,447.17,1,0.05333333333333334,0
291,CASH_OUT,178.13,C5879617459,383.06,204.93,C7505693643,35.55,35.55,0,0.0033333333333333335,0
694,CASH_OUT,4559.15,C1639509845,3816.12,0.0,M1413599241,0.0,0.0,1,0.23,0
256,CASH_OUT,1.0,C3707166618,1.0,0.0,C9943959352,6964.57,6964.57,0,0.0033333333333333335,0
85,CASH_IN,4510.37,C4131356954,0.0,4510.37,C6674372082,2911.92,2911.92,0,0.0,0
310,PAYMENT,2.0,C8134112721,69.25,67.25,M1306420495,0.0,0.0,0,0.0,0
272,TRANSFER,1178.92,C2445662585,1193.16,14.24,M7537130187,0.0,0.0,1,0.21,0
631,PAYMENT,3.64,C2965718821,9.1,5.46,M9918338001,0.0,0.0,0,0.0,0
261,TRANSFER,2302.81,C2867302554,2971.63,668.82,M5937271321,0.0,0.0,1,0.18666666666666668,0
187,CASH_OUT,303.94,C1182758417,277.8,0.0,C3188382776,6.33,6.33,1,0.02,0
645,CASH_OUT,1286.87,C7015992643,1215.28,0.0,C8055515912,134.1,134.1,1,0.15333333333333332,0
407,DEBIT,76.21,C7539399243,109.01,32.8,M1504729135,0.0,0.0,0,0.03333333333333333,0
275,CASH_OUT,4730.62,C4482238042,4246.13,0.0,C8969097897,0.0,0.0,1,0.08333333333333333,0
384,CASH_OUT,6.77,C6122110529,13.26,6.49,C3884642366,934.61,934.61,0,0.01,0
165,CASH_OUT,80.53,C9138644862,115.02,34.49,C5028688786,0.0,0.0,0,0.0033333333333333335,0
41,TRANSFER,1.0,C6464693977,0.0,0.0,C6585609060,425.84,426.84,0,0.013333333333333334,0
555,PAYMENT,49.19,C7829772942,66.83,17.64,M1083302600,0.0,0.0,0,0.0,0
100,CASH_OUT,6.23,C7784217828,12.75,6.52,C9645619869,98683.34,98683.34,0,0.0,0
610,PAYMENT,1.0,C6691628146,0.0,0.0,M7270955446,0.0,0.0,0,0.0,0
354,TRANSFER,155.73,C6844582171,298.15,142.42,C6618926823,2285.76,2441.49,0,0.0,0
114,PAYMENT,3.67,C2965718821,5.46,1.79,M6199197408,0.0,0.0,0,0.0,0
28,CASH_OUT,2283.46,C6754503097,2679.55,396.09,M6313472215,0.0,0.0,1,0.0033333333333333335,0
704,TRANSFER,3191.89,C7568861677,8759.33,5567.44,C1586412136,224.34,3416.23,0,0.013333333333333334,0
717,PAYMENT,1.0,C3746317213,0.0,0.0,M3534186676,0.0,0.0,0,0.0,0
680,CASH_OUT,2502.31,C5482431018,2122.32,0.0,M9255306810,0.0,0.0,1,0.15666666666666668,0
491,TRANSFER,1762.59,C6924716023,2058.3,295.71,M9020002737,0.0,0.0,1,0.28,0
563,CASH_OUT,60.49,C4579265601,63.36,2.87,M1122712790,0.0,0.0,1,0.05,0
676,PAYMENT,1.0,C9245348297,2.84,1.84,M4456193555,0.0,0.0,0,0.0,0
539,TRANSFER,577.33,C6837975356,553.73,0.0,M5270048042,0.0,0.0,1,0.26,0
134,PAYMENT,1.0,C7183058541,0.0,0.0,M1694904767,0.0,0.0,0,0.0,0
188,PAYMENT,28.4,C3821211202,61.52,33.12,M1099218439,0.0,0.0,0,0.0,0
256,PAYMENT,1.0,C6663846005,0.0,0.0,M8138332494,0.0,0.0,0,0.0,0
320,PAYMENT,1.0,C2242377075,0.0,0.0,M3119908041,0.0,0.0,0,0.0,0
308,CASH_OUT,1.0,C2400094541,0.0,0.0,C7183058541,0.0,0.0,0,0.03333333333333333,0
707,DEBIT,392.64,C1439921366,427.48,34.84,M1999913493,0.0,0.0,0,0.03,0
266,CASH_OUT,105.53,C9929101065,107.63,2.1,M9410569618,0.0,0.0,1,0.023333333333333334,0
3,PAYMENT,24453.28,C2761091683,143697.04,119243.76,M4125758723,0.0,0.0,0,0.0,0
73,TRANSFER,44.85,C2566942273,61.12,16.27,C1421776124,45760.8,45805.65,0,0.0033333333333333335,0
531,PAYMENT,1.0,C1624173500,0.0,0.0,M3605446007,0.0,0.0,0,0.0,0
530,CASH_OUT,2992.57,C5647317872,3866.72,874.15,C5625411308,24.86,24.86,1,0.023333333333333334,0
146,TRANSFER,69.94,C5071218314,194.58,124.64,C8709361138,82.06,152.0,0,0.03,0
181,CASH_OUT,338.79,C6942989052,410.65,71.86,C6789292252,0.0,0.0,1,0.0,0
58,PAYMENT,3.09,C8110054933,13.18,10.09,M5694439775,0.0,0.0,0,0.0,0
61,PAYMENT,1.0,C9911329062,0.0,0.0,M7453081889,0.0,0.0,0,0.0,0
338,PAYMENT,1.0,C7196439534,0.0,0.0,M2555936898,0.0,0.0,0,0.0,0
309,TRANSFER,19409.04,C8093179263,21370.36,1961.32,M4588312351,0.0,0.0,1,0.2733333333333333,0
381,TRANSFER,1.0,C2139078760,0.0,0.0,C5284391408,7773.16,7774.16,0,0.0,0
145,TRANSFER,117156.41,C7420493866,142340.0,25183.59,C1596471620,241.63,117398.04,0,0.0,0
610,TRANSFER,1535.67,C4159699467,1687.15,151.48,C6921525436,0.0,0.0,1,0.22,0
623,PAYMENT,88.12,C8949781901,354.4,266.28,M4522855590,0.0,0.0,0,0.0,0
346,CASH_OUT,648.56,C2687477596,774.72,126.16,C7098134112,0.33,0.33,0,0.016666666666666666,0
356,PAYMENT,16.16,C5428082088,17.09,0.93,M7437168216,0.0,0.0,0,0.0,0
75,PAYMENT,209.89,C1248704157,522.88,312.99,M1306420495,0.0,0.0,0,0.0,0
205,CASH_OUT,1104.76,C1039887139,1228.39,123.63,C2627677155,131820.82,131820.82,1,0.0,0
588,PAYMENT,3844.77,C4972536230,7065.0,3220.23,M3223687972,0.0,0.0,0,0.0,0
101,TRANSFER,5439.73,C9202102595,4716.11,0.0,M7717262223,0.0,0.0,1,0.8033333333333333,1
355,PAYMENT,1.0,C2973888646,1.0,0.0,M8768773991,0.0,0.0,0,0.0,0
413,PAYMENT,1.0,C2350701477,0.0,0.0,M2228388623,0.0,0.0,0,0.0,0
207,CASH_OUT,2073.56,C2950049698,2854.4,780.84,M3960136787,0.0,0.0,1,0.0,0
470,PAYMENT,1.0,C3660223333,0.0,0.0,M3636366799,0.0,0.0,0,0.0,0
145,TRANSFER,132.88,C9259157845,133.3,0.42,M1783432867,0.0,0.0,1,0.22333333333333333,0
696,DEBIT,6.06,C1257324536,9.06,3.0,M9288057824,0.0,0.0,0,0.043333333333333335,0
543,TRANSFER,32542.2,C7536876169,45074.35,12532.15,M9640701016,0.0,0.0,1,0.2966666666666667,0
675,CASH_IN,53798.85,C5694190173,1101.18,54900.03,C4927019611,0.0,0.0,0,0.0,0
211,CASH_IN,31070.45,C5077921573,180.67,31251.12,C7517938612,1.62,1.62,0,0.0,0
46,PAYMENT,30.0,C6115750294,105.42,75.42,M6045729129,0.0,0.0,0,0.0,0
141,TRANSFER,1.0,C1234359689,0.0,0.0,C4645120421,331.83,332.83,0,0.01,0
280,DEBIT,16.17,C4256292393,22.55,6.38,M4390543744,0.0,0.0,0,0.02,0
705,PAYMENT,1.0,C9911329062,0.0,0.0,M6932365592,0.0,0.0,0,0.0,0
682,CASH_OUT,1.0,C7736142481,0.0,0.0,C2879792991,451.47,451.47,0,0.056666666666666664,0
131,PAYMENT,1.0,C6673381261,0.0,0.0,M2243802345,0.0,0.0,0,0.0,0
181,PAYMENT,18.52,C8750840032,79.73,61.21,M7678293431,0.0,0.0,0,0.0,0
440,CASH_OUT,498.62,C1939777262,469.79,0.0,C8880079328,83.05,83.05,1,0.10666666666666667,0
592,CASH_OUT,1333.93,C6542943838,1171.64,0.0,C1939777262,0.0,0.0,1,0.18333333333333332,0
320,CASH_OUT,3.34,C8109891300,15.28,11.94,C7539399243,32.8,32.8,0,0.0033333333333333335,0
524,PAYMENT,1724.54,C9503597301,4487.56,2763.02,M7168105904,0.0,0.0,0,0.0,0
299,TRANSFER,16581.02,C6509985983,66798.32,50217.3,C7019900273,71.04,16652.06,0,0.0,0
172,PAYMENT,2.51,C2465576748,7.66,5.15,M6101516825,0.0,0.0,0,0.0,0
569,PAYMENT,42.67,C9438411468,67.24,24.57,M8218146534,0.0,0.0,0,0.0,0
560,CASH_OUT,804.46,C7965608188,1065.13,260.67,C8084809436,0.58,0.58,1,0.03,0
324,PAYMENT,185.49,C9470922075,535.09,349.6,M3369412470,0.0,0.0,0,0.0,0
512,TRANSFER,3061.5,C2818381356,2969.24,0.0,C8229344434,3179.2,3179.2,1,0.26666666666666666,0
16,CASH_OUT,1902.02,C5292015249,2254.35,352.33,M2155671697,0.0,0.0,1,0.0,0
554,PAYMENT,3545.55,C5035765954,5828.23,2282.68,M6894024976,0.0,0.0,0,0.0,0
422,PAYMENT,1.71,C5421592782,201.4,199.69,M9581187661,0.0,0.0,0,0.0,0
629,CASH_OUT,1085.18,C4807122420,1302.65,217.47,M6894024976,0.0,0.0,1,0.02666666666666667,0
289,CASH_OUT,180.89,C9479654136,158.01,0.0,M3145756342,0.0,0.0,1,0.056666666666666664,0
324,TRANSFER,1020.23,C3305069227,1350.94,330.71,C5785481124,5.36,5.36,1,0.08666666666666667,0
168,DEBIT,28.41,C4605117440,130819.67,130791.26,M8667946580,0.0,0.0,0,0.0033333333333333335,0
532,PAYMENT,1.0,C1590838716,0.0,0.0,M7453081889,0.0,0.0,0,0.0,0
716,TRANSFER,590.75,C9929101065,689.26,98.51,C5951406973,329.83,329.83,1,0.06333333333333334,0
482,PAYMENT,171.31,C3365835550,257.1,85.79,M3846182436,0.0,0.0,0,0.0,0
559,TRANSFER,5080.27,C4536306171,4473.06,0.0,M3566125120,0.0,0.0,1,0.9566666666666667,1
244,TRANSFER,4.35,C1375899416,11.03,6.68,C7823288650,8160.06,8164.41,0,0.0,0
496,CASH_OUT,314.49,C7808938880,10254.46,9939.97,C6038780151,0.0,0.0,0,0.016666666666666666,0
15,DEBIT,171.59,C1370292681,8009.65,7838.06,M2910594463,0.0,0.0,0,0.01,0
586,DEBIT,16222.78,C2068687175,110007.84,93785.06,M5985331805,0.0,0.0,0,0.02,0
68,TRANSFER,2162.44,C7016293621,2925.78,763.34,C2825989011,127097.88,129260.32,0,0.0033333333333333335,0
432,DEBIT,4.98,C5868640848,8.01,3.03,M1122712790,0.0,0.0,0,0.04,0
137,CASH_OUT,3093.54,C2174793230,3449.97,356.43,C3815287619,26.67,26.67,1,0.0,0
486,PAYMENT,1.33,C1521521078,2.21,0.88,M6651754819,0.0,0.0,0,0.0,0
617,PAYMENT,1.0,C8779941999,0.0,0.0,M6558769264,0.0,0.0,0,0.0,0
213,PAYMENT,419.72,C6447717367,566.22,146.5,M3595066420,0.0,0.0,0,0.0,0
676,PAYMENT,1.0,C5254923696,0.0,0.0,M5000316394,0.0,0.0,0,0.0,0
156,TRANSFER,1887.28,C7556046460,1900.07,12.79,M8063693463,0.0,0.0,1,0.31666666666666665,0
188,PAYMENT,1.0,C5569145346,0.2,0.0,M1083302600,0.0,0.0,0,0.0,0
11,CASH_OUT,36.54,C5877639950,74.29,37.75,C7824150224,0.0,0.0,0,0.006666666666666667,0
496,TRANSFER,1.0,C2139078760,0.0,0.0,C9081544414,0.0,1.0,0,0.22333333333333333,0
165,PAYMENT,263.99,C7099469983,456.47,192.48,M6525576685,0.0,0.0,0,0.0,0
421,PAYMENT,1.0,C7337225482,0.0,0.0,M4820942294,0.0,0.0,0,0.0,0
455,CASH_OUT,350.04,C2073755632,1003.04,653.0,C6904897514,0.0,0.0,0,0.056666666666666664,0
28,CASH_OUT,5887.77,C3294092753,4974.8,0.0,C4492602049,78.03,78.03,1,0.02,0
686,CASH_OUT,443.9,C3045102506,791.45,347.55,C3377702111,83592.74,83592.74,0,0.01,0
118,TRANSFER,233.43,C5800633419,289.11,55.68,C5604529187,63.79,63.79,1,0.08666666666666667,0
116,PAYMENT,51.41,C8055515912,134.1,82.69,M6313472215,0.0,0.0,0,0.0,0
435,PAYMENT,63.8,C8012696455,115.3,51.5,M6384311581,0.0,0.0,0,0.0,0
459,TRANSFER,18.31,C3887823121,20.43,2.12,C5868640848,3.03,21.34,0,0.17,0
312,TRANSFER,302.07,C7462972995,268.84,0.0,M6692705133,0.0,0.0,1,0.23666666666666666,0
150,TRANSFER,1.0,C9697354961,0.0,0.0,C1857596764,63.91,64.91,0,0.10666666666666667,0
439,DEBIT,1.0,C3875303857,0.0,0.0,M4641902461,0.0,0.0,0,0.05,0
71,TRANSFER,1.0,C1242425303,0.0,0.0,C5729866281,1.0,2.0,0,0.23333333333333334,0
517,TRANSFER,1.0,C8366884200,1.0,0.0,C2965254350,20411.53,20412.53,0,0.0,0
157,TRANSFER,2220.16,C3389594115,2143.61,0.0,M3156792018,0.0,0.0,1,0.6266666666666667,1
262,PAYMENT,1.51,C4734111722,3.8,2.29,M6313472215,0.0,0.0,0,0.0,0
82,TRANSFER,1.0,C3190227431,0.0,0.0,C6037168610,15166.94,15167.94,0,0.0,0
362,CASH_OUT,1919.35,C8380312396,2358.28,438.93,M3690714075,0.0,0.0,1,0.01,0
676,DEBIT,67.33,C7085004726,142.0,74.67,M4306983924,0.0,0.0,0,0.02666666666666667,0
281,TRANSFER,127623.3,C9697414638,111231.34,0.0,M5585110649,0.0,0.0,1,0.8933333333333333,1
258,PAYMENT,21.23,C3815287619,26.67,5.44,M5380159400,0.0,0.0,0,0.0,0
421,PAYMENT,50.81,C5774080233,208.84,158.03,M9404002665,0.0,0.0,0,0.0,0
387,TRANSFER,45.9,C2486744752,84.24,38.34,C4096932037,0.0,45.9,0,0.15666666666666668,0
293,DEBIT,1.0,C5358791907,0.0,0.0,M6865994703,0.0,0.0,0,0.04,0
269,TRANSFER,3062.26,C5115980792,2880.49,0.0,M9576264323,0.0,0.0,1,0.8233333333333334,1
693,PAYMENT,1.0,C6443749394,0.0,0.0,M6659847491,0.0,0.0,0,0.0,0
480,CASH_OUT,1858.16,C1558631501,1918.72,60.56,M8740820392,0.0,0.0,1,0.08,0
264,TRANSFER,1802.11,C8350384902,1640.76,0.0,C7190276026,2.7,2.7,1,0.4266666666666667,0
113,PAYMENT,6.14,C4752171298,21.73,15.59,M8458323087,0.0,0.0,0,0.0,0
291,TRANSFER,5886.16,C5284391408,7774.16,1888.0,M3831598303,0.0,0.0,1,0.22,0
384,PAYMENT,9.96,C1940684569,42.13,32.17,M8235474949,0.0,0.0,0,0.0,0
437,PAYMENT,980.45,C3776011793,6733.66,5753.21,M6313472215,0.0,0.0,0,0.0,0
213,CASH_OUT,3557.18,C2893321208,3363.84,0.0,M9098037639,0.0,0.0,1,0.05333333333333334,0
360,TRANSFER,1181.13,C9579064478,2227.45,1046.32,C3367665472,0.0,1181.13,0,0.01,0
419,TRANSFER,91.43,C1248786714,170.16,78.73,C2780136605,183.07,274.5,0,0.04666666666666667,0
441,PAYMENT,270.55,C1726990714,1129.54,858.99,M3355504998,0.0,0.0,0,0.0,0
544,PAYMENT,1.0,C5744003377,0.0,0.0,M5815678365,0.0,0.0,0,0.0,0
22,PAYMENT,32.34,C3334938378,35.28,2.94,M2586712032,0.0,0.0,0,0.0,0
160,PAYMENT,212.92,C9392515666,304.07,91.15,M6845287382,0.0,0.0,0,0.0,0
436,CASH_OUT,4184.37,C9379439373,3542.18,0.0,C9115282784,15.29,15.29,1,0.4,0
268,CASH_OUT,40.4,C1977515194,78.51,38.11,C1364994639,0.0,0.0,0,0.0033333333333333335,0
94,PAYMENT,72.5,C9123612497,85.22,12.72,M3223687972,0.0,0.0,0,0.0,0
552,TRANSFER,11100.33,C7961674558,15093.32,3992.99,M7713758036,0.0,0.0,1,0.3233333333333333,0
550,PAYMENT,3309.1,C8852676046,41227.5,37918.4,M9640701016,0.0,0.0,0,0.0,0
544,PAYMENT,1.0,C7015992643,0.0,0.0,M3322580659,0.0,0.0,0,0.0,0
8,PAYMENT,7.46,C2704657157,23.82,16.36,M5891831621,0.0,0.0,0,0.0,0
211,CASH_OUT,460.02,C6237376063,4470.16,4010.14,C7671041685,96.67,96.67,0,0.0,0
414,PAYMENT,1.0,C6576395496,0.0,0.0,M3595066420,0.0,0.0,0,0.0,0
26,TRANSFER,45.55,C4783282817,50.74,5.19,C1506211965,0.0,45.55,0,0.15666666666666668,0
374,PAYMENT,77.18,C4602080228,100.35,23.17,M5380159400,0.0,0.0,0,0.0,0
319,TRANSFER,957.58,C1602569046,831.52,0.0,M9916475897,0.0,0.0,1,0.3233333333333333,0
653,PAYMENT,30.07,C2486744752,38.34,8.27,M9640701016,0.0,0.0,0,0.0,0
550,TRANSFER,131.39,C1993998848,167.4,36.01,C1225447588,14.76,14.76,1,0.13666666666666666,0
248,PAYMENT,1.0,C6155234610,0.0,0.0,M6515490818,0.0,0.0,0,0.0,0
482,TRANSFER,4.9,C8110054933,10.09,5.19,C3615507143,151.54,156.44,0,0.07666666666666666,0
424,TRANSFER,44462.88,C1421776124,45805.65,1342.77,C3698343112,0.0,44462.88,1,0.006666666666666667,0
341,TRANSFER,928.2,C3660223333,1080.19,151.99,C3196545325,130.62,130.62,1,0.03,0
119,DEBIT,5.76,C5307145891,15.47,9.71,M8548290298,0.0,0.0,0,0.02,0
536,PAYMENT,256.13,C2075413763,305.51,49.38,M2635881694,0.0,0.0,0,0.0,0
269,TRANSFER,576.92,C5082603360,631.12,54.2,C9285415473,2.37,2.37,1,0.16666666666666666,0
349,CASH_IN,21777.99,C4026816435,307.3,22085.29,C6425814872,620.16,620.16,0,0.0,0
406,PAYMENT,815.77,C1370292681,7838.06,7022.29,M4306983924,0.0,0.0,0,0.0,0
545,CASH_OUT,1.0,C6173344564,58.18,57.18,C8902275119,0.0,0.0,0,0.03333333333333333,0
619,PAYMENT,1.0,C5100282913,0.0,0.0,M9752092528,0.0,0.0,0,0.0,0
219,TRANSFER,4720.94,C6879428703,4071.84,0.0,M6790024996,0.0,0.0,1,0.8066666666666666,1
296,PAYMENT,1.0,C2756070122,0.0,0.0,M9020002737,0.0,0.0,0,0.0,0
216,PAYMENT,71.72,C3906611156,93.38,21.66,M3192202822,0.0,0.0,0,0.0,0
468,PAYMENT,123.15,C9630522755,163.38,40.23,M2303835765,0.0,0.0,0,0.0,0
698,PAYMENT,1.0,C4594787485,0.0,0.0,M9977193987,0.0,0.0,0,0.0,0
535,PAYMENT,427.73,C7581349462,85642.43,85214.7,M2115406331,0.0,0.0,0,0.0,0
692,DEBIT,1.0,C8235363119,0.0,0.0,M8910440683,0.0,0.0,0,0.05,0
508,PAYMENT,780.06,C1614685938,1081.48,301.42,M6763471833,0.0,0.0,0,0.0,0
233,TRANSFER,2524.96,C9078786223,3356.9,831.94,M2136107759,0.0,0.0,1,0.17333333333333334,0
294,CASH_OUT,148.96,C2914590233,337.26,188.3,C2620054076,352.39,352.39,0,0.01,0
564,PAYMENT,1.0,C3815389788,0.0,0.0,M8458323087,0.0,0.0,0,0.0,0
121,PAYMENT,10.35,C5067116918,14.91,4.56,M9558906999,0.0,0.0,0,0.0,0
310,CASH_OUT,3197.34,C8902275119,4210.41,1013.07,M8821456242,0.0,0.0,1,0.006666666666666667,0
53,PAYMENT,1.0,C9392707144,0.0,0.0,M1458227039,0.0,0.0,0,0.0,0
26,CASH_OUT,151.19,C3799264931,143.71,0.0,C3097302637,1.0,1.0,1,0.016666666666666666,0
307,CASH_OUT,3733.12,C7597996327,4561.29,828.17,M8821456242,0.0,0.0,1,0.006666666666666667,0
694,PAYMENT,1.0,C8282534126,0.0,0.0,M3960136787,0.0,0.0,0,0.0,0
417,CASH_OUT,1551.74,C1230624431,2155.87,604.13,C5474951950,679.91,679.91,1,0.04,0
119,TRANSFER,29.12,C6218484323,99.24,70.12,C8282534126,0.0,29.12,0,0.15666666666666668,0
324,TRANSFER,1.0,C1316756902,0.0,0.0,C3412273600,0.0,1.0,0,0.22,0
98,CASH_OUT,2.2,C7772180882,7.83,5.63,C4440904834,352.43,352.43,0,0.0,0
200,TRANSFER,134848.46,C2761091683,119243.76,0.0,M2869931869,0.0,0.0,1,0.9533333333333334,1
714,PAYMENT,4151.57,C6756332150,98217.38,94065.81,M6865994703,0.0,0.0,0,0.0,0
396,TRANSFER,75.9,C3271361431,202.18,126.28,C5510938155,0.0,75.9,0,0.14333333333333334,0
701,PAYMENT,1.0,C9259157845,0.42,0.0,M1257854279,0.0,0.0,0,0.0,0
583,TRANSFER,4.63,C4079223686,14.16,9.53,C3484872186,11.76,16.39,0,0.14333333333333334,0
36,TRANSFER,95.68,C3878719791,89.9,0.0,M8778927211,0.0,0.0,1,0.23333333333333334,0
399,PAYMENT,1250.72,C3293560436,4978.65,3727.93,M5087280062,0.0,0.0,0,0.0,0
235,CASH_OUT,1943.67,C8664882079,1989.12,45.45,C3362646960,3641.02,3641.02,1,0.0,0
152,TRANSFER,1135.55,C8846861559,1419.33,283.78,M7750131975,0.0,0.0,1,0.08333333333333333,0
28,TRANSFER,1.0,C3923823693,0.0,0.0,C1322401182,52.59,53.59,0,0.14,0
138,CASH_OUT,745.98,C1160913827,1735.64,989.66,C3980491761,76.76,76.76,0,0.0033333333333333335,0
671,PAYMENT,3823.53,C7465834732,75080.66,71257.13,M4125758723,0.0,0.0,0,0.0,0
372,CASH_OUT,84.44,C5694848867,81.22,0.0,C6655089949,0.0,0.0,1,0.043333333333333335,0
349,PAYMENT,172.36,C1173215225,315.28,142.92,M1413599241,0.0,0.0,0,0.0,0
268,DEBIT,118.31,C7464468567,376.59,258.28,M4641902461,0.0,0.0,0,0.016666666666666666,0
51,CASH_OUT,302.75,C2409274786,395.43,92.68,M4665677395,0.0,0.0,1,0.0,0
511,TRANSFER,455.68,C8309221034,550.64,94.96,C8131923452,85.51,541.19,0,0.05333333333333334,0
431,TRANSFER,4132.17,C3464975279,4000.82,0.0,M8218146534,0.0,0.0,1,0.8833333333333333,1
77,PAYMENT,234.58,C7380780055,637.12,402.54,M3476758136,0.0,0.0,0,0.0,0
500,TRANSFER,2311.9,C2635231601,2102.75,0.0,C7818568548,6.5,6.5,1,0.72,1
459,TRANSFER,1.0,C3707166618,0.0,0.0,C9218363978,0.0,1.0,0,0.22,0
85,TRANSFER,1533.47,C9941564880,2009.55,476.08,C6619138852,9825.04,9825.04,1,0.0033333333333333335,0
223,CASH_OUT,1.0,C5141593270,0.0,0.0,C2745958114,6.23,6.23,0,0.013333333333333334,0
45,CASH_OUT,1581.49,C8106906538,1878.83,297.34,C4277581356,25249.16,25249.16,1,0.0,0
102,TRANSFER,1.0,C9370133032,0.0,0.0,C5281907480,208.43,209.43,0,0.05,0
577,TRANSFER,1.0,C2503068227,0.0,0.0,C8057994126,277.41,278.41,0,0.10333333333333333,0
391,CASH_OUT,1.0,C1446457642,0.0,0.0,C1415802902,0.0,0.0,0,0.03666666666666667,0
290,TRANSFER,3906.72,C2311597141,4280.27,373.55,C1233079614,0.0,0.0,1,0.23,0
94,PAYMENT,1.45,C5283911723,24.03,22.58,M3156792018,0.0,0.0,0,0.0,0
512,PAYMENT,1.0,C4506639908,0.0,0.0,M7570511906,0.0,0.0,0,0.0,0
371,TRANSFER,3093.8,C8168204967,3205.9,112.1,C5455441991,0.0,0.0,1,0.41333333333333333,0
572,TRANSFER,1219.35,C9526836552,1335.96,116.61,C7691931213,17.37,17.37,1,0.18,0
367,CASH_IN,15278.6,C8926438617,1.0,15279.6,C7464468567,258.28,258.28,0,0.0,0
627,CASH_OUT,4653.76,C4302709858,4231.5,0.0,M9020002737,0.0,0.0,1,0.2633333333333333,0
552,PAYMENT,14563.65,C4277581356,25249.16,10685.51,M3636366799,0.0,0.0,0,0.0,0
357,TRANSFER,7553.91,C2416760621,7383.06,0.0,C3995732958,4888.69,4888.69,1,0.016666666666666666,0
294,PAYMENT,11.02,C4201225242,22.08,11.06,M4908108692,0.0,0.0,0,0.0,0
519,CASH_OUT,1.0,C4277561834,1.12,0.12,C5376302686,260.63,260.63,0,0.05,0
651,PAYMENT,1.0,C5439176290,1.48,0.48,M6495967005,0.0,0.0,0,0.0,0
347,TRANSFER,4963.16,C5072538783,4575.73,0.0,C2683446724,26.65,26.65,1,0.5733333333333334,1
355,DEBIT,31.58,C5184564874,137.48,105.9,M2555936898,0.0,0.0,0,0.02,0
363,TRANSFER,308.33,C4949801453,623.16,314.83,C1818520766,129512.05,129820.38,0,0.0,0
325,TRANSFER,163.74,C4485356009,568.83,405.09,C2854772804,133.03,296.77,0,0.0,0
136,CASH_OUT,15435.44,C5759234471,16480.15,1044.71,M2586712032,0.0,0.0,1,0.0033333333333333335,0
637,TRANSFER,276.61,C8841851495,283.75,7.14,C4473306055,0.0,0.0,1,0.17666666666666667,0
333,PAYMENT,3430.78,C2181241943,5487.12,2056.34,M3019265031,0.0,0.0,0,0.0,0
139,PAYMENT,1.0,C9248046539,0.0,0.0,M8643636805,0.0,0.0,0,0.0,0
523,PAYMENT,1.0,C7525240100,0.0,0.0,M9288057824,0.0,0.0,0,0.0,0
444,PAYMENT,23.75,C3058982440,47.04,23.29,M5585110649,0.0,0.0,0,0.0,0
376,PAYMENT,1.0,C1546696950,0.0,0.0,M7664045502,0.0,0.0,0,0.0,0
580,TRANSFER,1.35,C2745958114,6.23,4.88,C9752058817,6.72,8.07,0,0.15,0
620,CASH_OUT,616.02,C8418332121,699.97,83.95,M2604788242,0.0,0.0,1,0.03333333333333333,0
69,TRANSFER,1401.2,C7852415525,1864.88,463.68,M3495411322,0.0,0.0,1,0.14333333333333334,0
615,CASH_OUT,181.08,C9717175839,227.47,46.39,C4472312361,0.0,0.0,1,0.03666666666666667,0
176,TRANSFER,770.82,C4928783441,881.34,110.52,M4035639663,0.0,0.0,1,0.16666666666666666,0
641,TRANSFER,2584.79,C8638763775,2222.43,0.0,M4093474499,0.0,0.0,1,0.91,1
125,PAYMENT,1.0,C7209571615,0.0,0.0,M5000316394,0.0,0.0,0,0.0,0
223,DEBIT,5958.89,C8991514523,53886.18,47927.29,M9398575277,0.0,0.0,0,0.01,0
56,CASH_OUT,846.45,C3201397080,876.17,29.72,M4865979921,0.0,0.0,1,0.0,0
234,PAYMENT,223.06,C9189503254,362.45,139.39,M7050091525,0.0,0.0,0,0.0,0
38,PAYMENT,5.15,C5763350700,9.94,4.79,M4460319291,0.0,0.0,0,0.0,0
116,PAYMENT,1.0,C8316205130,0.0,0.0,M2129491690,0.0,0.0,0,0.0,0
286,CASH_OUT,2.92,C4956843441,10.24,7.32,C6201313620,0.0,0.0,0,0.013333333333333334,0
503,CASH_OUT,373.16,C7597996327,828.17,455.01,C6837975356,0.0,0.0,0,0.04,0
53,TRANSFER,634.49,C9327720702,883.62,249.13,M2711123163,0.0,0.0,1,0.09666666666666666,0
416,PAYMENT,2.28,C2579206999,7.53,5.25,M9404002665,0.0,0.0,0,0.0,0
186,PAYMENT,30.63,C3734252963,131775.8,131745.17,M4896576569,0.0,0.0,0,0.0,0
692,PAYMENT,10951.33,C5161807235,45172.95,34221.62,M3369412470,0.0,0.0,0,0.0,0
518,CASH_OUT,410.86,C9904586976,407.91,0.0,M3660800029,0.0,0.0,1,0.08333333333333333,0
466,CASH_OUT,17.31,C5667181604,45.0,27.69,C7483366056,905.51,905.51,0,0.043333333333333335,0
451,TRANSFER,638.68,C6922713963,574.14,0.0,C9094089209,36.83,36.83,1,0.20666666666666667,0
114,TRANSFER,2884.07,C1639509845,2556.16,0.0,M9065458220,0.0,0.0,1,0.81,1
260,PAYMENT,5122.02,C8933377472,5896.52,774.5,M1240140248,0.0,0.0,0,0.0,0
613,CASH_OUT,79469.03,C4550353803,88201.8,8732.77,C3946766309,4.9,4.9,1,0.016666666666666666,0
41,TRANSFER,114.31,C8394040015,124.34,10.03,C8684026200,0.0,114.31,0,0.11666666666666667,0
639,TRANSFER,357.8,C6534540349,412.95,55.15,C1643611097,575.53,575.53,1,0.05333333333333334,0
429,TRANSFER,1.0,C6562434335,0.0,0.0,C7581349462,85214.7,85215.7,0,0.0,0
449,CASH_OUT,1.0,C5078551333,1.24,0.24,C9830946410,16.25,16.25,0,0.08333333333333333,0
101,CASH_OUT,174.85,C8982597239,204.33,29.48,C9912233947,23.57,23.57,0,0.006666666666666667,0
113,TRANSFER,3068.16,C2566942273,4046.19,978.03,M2115406331,0.0,0.0,1,0.19666666666666666,0
299,TRANSFER,3818.73,C4500557310,4981.39,1162.66,C8991678061,540.43,540.43,1,0.0,0
648,PAYMENT,105.23,C3987248494,222.48,117.25,M3705237613,0.0,0.0,0,0.0,0
704,TRANSFER,2438.8,C4631048029,2185.56,0.0,M4456193555,0.0,0.0,1,0.8033333333333333,1
147,TRANSFER,4.06,C2173242669,16.11,12.05,C4605117440,130791.26,130795.32,0,0.0,0
258,PAYMENT,1.0,C6075963527,0.0,0.0,M9921025990,0.0,0.0,0,0.0,0
395,CASH_OUT,1.69,C6638034087,5.26,3.57,C7568980185,0.0,0.0,0,0.02666666666666667,0
259,PAYMENT,32.99,C5510938155,75.9,42.91,M7928143230,0.0,0.0,0,0.0,0
490,PAYMENT,192.03,C8926438617,15279.6,15087.57,M3457877922,0.0,0.0,0,0.0,0
90,CASH_OUT,1984.64,C1195066088,2187.39,202.75,M5325865521,0.0,0.0,1,0.0,0
67,CASH_OUT,50.26,C3791027186,60.84,10.58,C4586139213,917.58,917.58,1,0.006666666666666667,0
617,CASH_OUT,48.02,C2424706705,62.5,14.48,C9462806178,111.52,111.52,0,0.03333333333333333,0
10,CASH_OUT,70.67,C4067961943,60.37,0.0,C3020939193,38.01,38.01,1,0.013333333333333334,0
583,CASH_IN,42786.96,C3965572185,98.14,42885.1,C8578226896,457.56,457.56,0,0.0,0
108,CASH_OUT,216.42,C7016293621,763.34,546.92,C2394868732,45.82,45.82,0,0.0033333333333333335,0
670,PAYMENT,4.35,C5872148707,9.79,5.44,M9065458220,0.0,0.0,0,0.0,0
547,TRANSFER,11.33,C7004964045,14.25,2.92,C5269728610,672.13,683.46,0,0.056666666666666664,0
301,PAYMENT,1.0,C4067961943,0.0,0.0,M5919148165,0.0,0.0,0,0.0,0
356,PAYMENT,1.31,C3866755218,17.0,15.69,M2129491690,0.0,0.0,0,0.0,0
162,PAYMENT,1.0,C8331319481,0.0,0.0,M2916502228,0.0,0.0,0,0.0,0
670,CASH_OUT,3682.82,C3623588379,3193.99,0.0,C1288765093,40.39,40.39,1,0.18666666666666668,0
691,TRANSFER,122.66,C9935429720,103.9,0.0,C9441018790,13.01,13.01,1,0.19,0
590,CASH_OUT,1.0,C3815389788,0.0,0.0,C7633342225,18.73,18.73,0,0.05333333333333334,0
158,CASH_OUT,12.82,C2065354117,14.55,1.73,C2214741296,88.61,88.61,0,0.0,0
284,TRANSFER,343.55,C9508499533,40467.96,40124.41,C3361388464,111.64,455.19,0,0.0033333333333333335,0
282,TRANSFER,1786.8,C2646331504,2004.9,218.1,M2187592160,0.0,0.0,1,0.17666666666666667,0
697,CASH_OUT,600.76,C6894808149,2269.29,1668.53,C7266763552,0.0,0.0,0,0.023333333333333334,0
330,CASH_OUT,97.6,C2379592595,112.36,14.76,C4277561834,0.12,0.12,0,0.013333333333333334,0
525,PAYMENT,46.46,C1558631501,60.56,14.1,M9752092528,0.0,0.0,0,0.0,0
393,CASH_OUT,2689.04,C6288227800,2761.76,72.72,C7488943393,0.0,0.0,1,0.016666666666666666,0
23,CASH_OUT,14.72,C3906611156,21.66,6.94,C5227828349,266.46,266.46,0,0.0,0
718,TRANSFER,1.0,C5694628398,0.0,0.0,C8757570742,14649.29,14650.29,0,0.0,0
42,DEBIT,281.26,C9786748825,447.17,165.91,M3145756342,0.0,0.0,0,0.01,0
207,CASH_OUT,3924.83,C6673381261,3887.25,0.0,M6495967005,0.0,0.0,1,0.05333333333333334,0
85,PAYMENT,2739.73,C9504724761,9620.47,6880.74,M3457877922,0.0,0.0,0,0.0,0
700,TRANSFER,412.09,C7420846622,561.16,149.07,M8643636805,0.0,0.0,1,0.15,0
608,TRANSFER,69.16,C3319936135,258.7,189.54,C7648059419,0.0,69.16,0,0.12,0
20,CASH_OUT,330.49,C2311597141,373.55,43.06,M8389750357,0.0,0.0,1,0.0,0
205,PAYMENT,1.0,C9857430687,1.0,0.0,M2187592160,0.0,0.0,0,0.0,0
227,TRANSFER,4170.3,C7910817577,3779.96,0.0,M1666898313,0.0,0.0,1,0.8166666666666667,1
201,CASH_OUT,4986.72,C4735313433,4702.74,0.0,M3457877922,0.0,0.0,1,0.04666666666666667,0
142,TRANSFER,802.86,C7567496105,793.25,0.0,M7453081889,0.0,0.0,1,0.31,0
622,CASH_OUT,98.17,C5748253283,122.44,24.27,M7651029165,0.0,0.0,1,0.04,0
150,PAYMENT,1.0,C3420671425,0.0,0.0,M8235474949,0.0,0.0,0,0.0,0
85,CASH_OUT,1.0,C7858937483,0.0,0.0,C4638577630,0.0,0.0,0,0.006666666666666667,0
64,DEBIT,1.0,C3555656321,0.0,0.0,M4892544235,0.0,0.0,0,0.02666666666666667,0
282,CASH_OUT,1732.93,C3591527330,2264.16,531.23,C8690920484,232.67,232.67,1,0.006666666666666667,0
414,CASH_OUT,192.93,C7846365089,172.39,0.0,C6588252632,5.27,5.27,1,0.11,0
192,TRANSFER,49.23,C5071218314,124.64,75.41,C1660370908,0.0,49.23,0,0.16,0
13,TRANSFER,49.88,C6115750294,75.42,25.54,C8761469117,0.0,49.88,0,0.13333333333333333,0
228,PAYMENT,1.21,C5763350700,4.79,3.58,M6361225622,0.0,0.0,0,0.0,0
644,TRANSFER,22.8,C8122042835,44.6,21.8,C7627266377,651.46,674.26,0,0.056666666666666664,0
263,CASH_OUT,1.0,C2349641712,0.0,0.0,C8057994126,278.41,278.41,0,0.013333333333333334,0
643,PAYMENT,156.46,C5728765136,165.85,9.39,M8044997538,0.0,0.0,0,0.0,0
120,PAYMENT,1034.08,C5035765954,2282.68,1248.6,M6820149016,0.0,0.0,0,0.0,0
146,CASH_OUT,738.39,C7910439839,630.16,0.0,M7192742877,0.0,0.0,1,0.09333333333333334,0
53,PAYMENT,7.62,C8109891300,11.94,4.32,M6583604299,0.0,0.0,0,0.0,0
77,PAYMENT,17.83,C8556573246,1418.35,1400.52,M4456193555,0.0,0.0,0,0.0,0
673,TRANSFER,1.0,C5536224717,0.0,0.0,C3205292512,54870.36,54871.36,0,0.01,0
262,CASH_IN,1052.01,C9660523876,85.66,1137.67,C8760642358,383.52,383.52,0,0.0,0
306,PAYMENT,8.53,C3853978147,9.33,0.8,M1240140248,0.0,0.0,0,0.0,0
309,PAYMENT,20.92,C9138644862,34.49,13.57,M9576264323,0.0,0.0,0,0.0,0
559,CASH_OUT,2638.3,C5634076661,3499.6,861.3,C4710967433,0.0,0.0,1,0.02666666666666667,0
560,PAYMENT,1.0,C9863781331,0.0,0.0,M3457877922,0.0,0.0,0,0.0,0
449,PAYMENT,105.09,C9786748825,165.91,60.82,M6053489772,0.0,0.0,0,0.0,0
576,CASH_OUT,68.24,C1245522987,61.23,0.0,C2464137110,0.19,0.19,1,0.07,0
660,CASH_OUT,1.0,C4506639908,0.0,0.0,C8902114913,1009.62,1009.62,0,0.04,0
367,CASH_OUT,31523.66,C2962750929,44737.41,13213.75,C7934137693,38.21,38.21,1,0.0,0
56,PAYMENT,137.51,C1387652480,250.39,112.88,M9444143872,0.0,0.0,0,0.0,0
379,PAYMENT,813.54,C5151887478,1038.41,224.87,M6498703287,0.0,0.0,0,0.0,0
486,PAYMENT,209.13,C7596745715,694.72,485.59,M9620935604,0.0,0.0,0,0.0,0
522,CASH_IN,136455.44,C3420721027,170.57,136626.01,C1726990714,858.99,858.99,0,0.0,0
468,PAYMENT,4.02,C8285000265,9.23,5.21,M9933702652,0.0,0.0,0,0.0,0
50,CASH_OUT,1.0,C6797174636,0.0,0.0,C9370133032,0.0,0.0,0,0.0033333333333333335,0
131,PAYMENT,486.72,C8370987661,633.21,146.49,M7050091525,0.0,0.0,0,0.0,0
406,CASH_OUT,718.09,C5269728610,683.46,0.0,C5199176431,0.0,0.0,1,0.17333333333333334,0
592,CASH_OUT,2267.52,C8948573913,1895.37,0.0,M2518433834,0.0,0.0,1,0.17333333333333334,0
12,CASH_IN,122564.03,C9963334018,10.82,122574.85,C5278201677,0.0,0.0,0,0.0,0
95,TRANSFER,36.17,C7470843264,44.93,8.76,C8133593748,1176.4,1212.57,0,0.01,0
26,PAYMENT,1.0,C9471306442,0.0,0.0,M5734228580,0.0,0.0,0,0.0,0
513,CASH_OUT,2006.57,C6645808194,2267.46,260.89,C4345526911,290.64,290.64,1,0.016666666666666666,0
251,PAYMENT,8.16,C8761956684,38.25,30.09,M5380159400,0.0,0.0,0,0.0,0
216,TRANSFER,1546.18,C4864126433,1715.72,169.54,C8760642358,383.52,383.52,1,0.0033333333333333335,0
668,TRANSFER,55.71,C1484230338,108.62,52.91,C7150970643,39.1,94.81,0,0.12666666666666668,0
720,TRANSFER,227.77,C5151086814,247.76,19.99,M6845287382,0.0,0.0,1,0.16666666666666666,0
508,TRANSFER,1.0,C8048810275,0.0,0.0,C5067116918,4.56,5.56,0,0.19333333333333333,0
201,PAYMENT,207.28,C6822870815,353.86,146.58,M2136107759,0.0,0.0,0,0.0,0
609,TRANSFER,1.0,C5028688786,0.0,0.0,C6471691689,0.0,1.0,0,0.23333333333333334,0
412,PAYMENT,1.0,C8293928340,0.0,0.0,M9896529524,0.0,0.0,0,0.0,0
144,TRANSFER,4215.07,C3923699745,4137.61,0.0,C2349641712,0.0,0.0,1,0.78,1
712,TRANSFER,1.0,C9904586976,0.0,0.0,C4602080228,23.17,24.17,0,0.17333333333333334,0
394,CASH_OUT,62.85,C9953941533,227.3,164.45,C4203205881,27896.31,27896.31,0,0.0033333333333333335,0
538,TRANSFER,154712.29,C3734252963,131745.17,0.0,M9558906999,0.0,0.0,1,0.9466666666666667,1
128,CASH_OUT,1.0,C2785736751,1.0,0.0,C9285415473,2.37,2.37,0,0.0033333333333333335,0
554,CASH_OUT,1385.6,C4302709858,1305.08,0.0,M3846182436,0.0,0.0,1,0.19,0
92,PAYMENT,1.0,C6488854841,0.0,0.0,M6771941776,0.0,0.0,0,0.0,0
666,DEBIT,1.0,C5666504394,0.0,0.0,M7960713821,0.0,0.0,0,0.05333333333333334,0
576,PAYMENT,1.02,C3515167269,1329.46,1328.44,M6692705133,0.0,0.0,0,0.0,0
203,TRANSFER,1.0,C9272277508,0.0,0.0,C2379592595,14.76,15.76,0,0.19333333333333333,0
259,CASH_OUT,2924.88,C5160575046,3002.96,78.08,M7341757401,0.0,0.0,1,0.0033333333333333335,0
58,CASH_OUT,2113.86,C1940684569,2884.05,770.19,C3245108207,113.7,113.7,1,0.0,0
402,TRANSFER,62.83,C3962452613,82.09,19.26,C8109891300,4.32,67.15,1,0.12333333333333334,0
442,CASH_OUT,62.33,C6942989052,71.86,9.53,M7664045502,0.0,0.0,1,0.056666666666666664,0
28,PAYMENT,1.0,C1521521078,0.88,0.0,M7343954769,0.0,0.0,0,0.0,0
479,PAYMENT,1.0,C6921525436,0.0,0.0,M7861571879,0.0,0.0,0,0.0,0
46,TRANSFER,282.49,C6043349038,421.65,139.16,C1431494396,9.11,291.6,0,0.02666666666666667,0
93,TRANSFER,102.8,C1387652480,112.88,10.08,M5270048042,0.0,0.0,1,0.17,0
498,TRANSFER,533.11,C6995554056,924.37,391.26,C6305160342,0.0,533.11,0,0.03333333333333333,0
626,TRANSFER,134796.55,C1818520766,129820.38,0.0,M2555936898,0.0,0.0,1,0.9766666666666667,1
333,PAYMENT,1.0,C7517938612,1.62,0.62,M9773795424,0.0,0.0,0,0.0,0
51,CASH_IN,132157.96,C8272725281,341.57,132499.53,C4440904834,352.43,352.43,0,0.0,0
457,CASH_OUT,3967.23,C8394198376,3992.54,25.31,M6606958660,0.0,0.0,1,0.12666666666666668,0
699,CASH_IN,83.66,C7540301973,0.0,83.66,C9505085936,114.32,114.32,0,0.006666666666666667,0
378,PAYMENT,1.0,C5728897164,0.0,0.0,M9918338001,0.0,0.0,0,0.0,0
334,TRANSFER,167.8,C5310195918,156.41,0.0,C1400330495,0.0,0.0,1,0.23,0
155,PAYMENT,2.63,C8880184233,4.47,1.84,M5380159400,0.0,0.0,0,0.0,0
129,CASH_IN,54537.62,C8252045593,0.0,54537.62,C4895020135,0.31,0.31,0,0.0,0
82,PAYMENT,29.42,C2311597141,43.06,13.64,M8058679999,0.0,0.0,0,0.0,0
280,PAYMENT,1055.16,C3250402001,5684.86,4629.7,M1096405016,0.0,0.0,0,0.0,0
394,PAYMENT,21.17,C4602080228,24.17,3.0,M7702529931,0.0,0.0,0,0.0,0
305,CASH_OUT,99.2,C8160279830,90.88,0.0,C1316756902,0.0,0.0,1,0.043333333333333335,0
289,TRANSFER,3551.41,C8532327465,4342.56,791.15,M8030400668,0.0,0.0,1,0.21666666666666667,0
620,TRANSFER,31.6,C5877639950,37.75,6.15,C2180484299,61.13,92.73,0,0.13,0
161,TRANSFER,1.0,C6542943838,0.0,0.0,C5077921573,31251.12,31252.12,0,0.0,0
27,CASH_OUT,4085.81,C6986770879,3813.68,0.0,C1547374338,66.03,66.03,1,0.02666666666666667,0
480,TRANSFER,14.11,C2137651678,29.39,15.28,C5315211627,0.0,14.11,0,0.17,0
650,PAYMENT,1099.2,C3550908958,1205.4,106.2,M1732578761,0.0,0.0,0,0.0,0
682,CASH_OUT,409.25,C7895255573,435.21,25.96,C7691931213,17.37,17.37,1,0.03333333333333333,0
283,PAYMENT,48.28,C7803990970,523.83,475.55,M1999913493,0.0,0.0,0,0.0,0
206,PAYMENT,1.0,C8178361487,0.0,0.0,M3156792018,0.0,0.0,0,0.0,0
493,CASH_OUT,1.0,C1674755608,0.0,0.0,C8025152555,0.0,0.0,0,0.06,0
517,TRANSFER,25899.29,C5703357871,28453.47,2554.18,M3595066420,0.0,0.0,1,0.3333333333333333,0
493,TRANSFER,404.69,C6311894154,625.43,220.74,C1600566083,67.83,472.52,0,0.05,0
514,CASH_OUT,1776.83,C7805633786,2035.47,258.64,C4682870880,902.77,902.77,1,0.016666666666666666,0
591,CASH_OUT,3780.86,C1415802902,3187.92,0.0,M4125758723,0.0,0.0,1,0.19333333333333333,0
632,TRANSFER,7.04,C1870644102,13.26,6.22,C6161147047,222.61,229.65,0,0.07666666666666666,0
1,CASH_OUT,2855.22,C5431267548,2722.76,0.0,C5610783750,70.27,70.27,1,0.06,0
618,TRANSFER,41.7,C3271361431,126.28,84.58,C1370292681,7022.29,7063.99,0,0.03333333333333333,0
672,CASH_IN,50955.71,C1139082827,4.19,50959.9,C9166381136,1147.23,1147.23,0,0.0,0
3,CASH_OUT,64.45,C6557907251,300.14,235.69,C9963334018,122574.85,122574.85,0,0.013333333333333334,0
468,TRANSFER,213.5,C7597996327,455.01,241.51,C2254516608,20.8,234.3,0,0.05333333333333334,0
342,TRANSFER,39.87,C7540301973,83.66,43.79,C3667292043,41105.96,41145.83,0,0.0033333333333333335,0
23,PAYMENT,5.41,C5673482258,13.11,7.7,M7453081889,0.0,0.0,0,0.0,0
515,TRANSFER,164.98,C5975196341,255.68,90.7,C2266622851,0.0,164.98,0,0.09333333333333334,0
90,PAYMENT,29.57,C2960488639,101.53,71.96,M6401844042,0.0,0.0,0,0.0,0
72,PAYMENT,36.41,C3918046336,152.26,115.85,M7437168216,0.0,0.0,0,0.0,0
135,PAYMENT,1.0,C6242173772,0.0,0.0,M2839566253,0.0,0.0,0,0.0,0
675,PAYMENT,1198.81,C4745927824,1333.81,135.0,M6498703287,0.0,0.0,0,0.0,0
347,TRANSFER,598.78,C7760554363,738.34,139.56,C9945002229,29.35,29.35,1,0.09333333333333334,0
263,PAYMENT,284.0,C7763765757,303.92,19.92,M2136107759,0.0,0.0,0,0.0,0
21,CASH_OUT,2881.98,C1870644102,3528.43,646.45,M4093474499,0.0,0.0,1,0.0,0
398,DEBIT,59.23,C5187948804,146.76,87.53,M7678293431,0.0,0.0,0,0.023333333333333334,0
109,TRANSFER,1417.33,C7092693247,1296.63,0.0,M7948094928,0.0,0.0,1,0.36333333333333334,0
304,CASH_IN,74072.34,C4289233844,0.0,74072.34,C3975704877,8783.25,8783.25,0,0.0,0
533,CASH_OUT,835.01,C3828935922,788.98,0.0,M8869140487,0.0,0.0,1,0.26666666666666666,0
395,CASH_OUT,79600.44,C8867077130,94232.3,14631.86,M1368287033,0.0,0.0,1,0.0033333333333333335,0
268,PAYMENT,1.0,C5125568431,0.0,0.0,M3534186676,0.0,0.0,0,0.0,0
669,PAYMENT,9.25,C7934137693,38.21,28.96,M8790289305,0.0,0.0,0,0.0,0
443,PAYMENT,12665.39,C8083175325,41099.73,28434.34,M3705237613,0.0,0.0,0,0.0,0
671,PAYMENT,9387.05,C8211516617,12033.15,2646.1,M9398575277,0.0,0.0,0,0.0,0
240,TRANSFER,412.81,C1749459431,503.86,91.05,C1383539822,500.79,913.6,0,0.01,0
145,PAYMENT,272.2,C2854772804,296.77,24.57,M7230477043,0.0,0.0,0,0.0,0
316,PAYMENT,43.11,C5281907480,209.43,166.32,M6199197408,0.0,0.0,0,0.0,0
45,TRANSFER,2754.09,C4073772623,2657.44,0.0,C9908115095,759.58,759.58,1,0.15,0
571,PAYMENT,663.14,C2431779064,991.34,328.2,M3690714075,0.0,0.0,0,0.0,0
632,TRANSFER,2279.87,C6923206003,2580.77,300.9,M8443061472,0.0,0.0,1,0.32,0
344,CASH_OUT,773.86,C1282103057,764.94,0.0,M5585110649,0.0,0.0,1,0.19333333333333333,0
550,CASH_IN,25424.21,C5759761714,9652.4,35076.61,C1674755608,0.0,0.0,0,0.0,0
135,DEBIT,1.0,C7299420031,0.0,0.0,M6384311581,0.0,0.0,0,0.023333333333333334,0
650,DEBIT,1.0,C6072939882,0.0,0.0,M9620935604,0.0,0.0,0,0.05333333333333334,0
621,CASH_OUT,84.28,C3744446292,136.96,52.68,C3047869247,0.0,0.0,0,0.03333333333333333,0
124,DEBIT,3.1,C7100408092,3.38,0.28,M8548290298,0.0,0.0,0,0.023333333333333334,0
370,DEBIT,1.0,C4062777850,0.0,0.0,M9043367776,0.0,0.0,0,0.04,0
703,PAYMENT,6633.5,C6171239466,15089.7,8456.2,M7270955446,0.0,0.0,0,0.0,0
648,CASH_OUT,158.63,C5151887478,224.87,66.24,M6401844042,0.0,0.0,1,0.03,0
602,TRANSFER,111234.91,C4605117440,130795.32,19560.41,C5064162365,6793.09,6793.09,1,0.03333333333333333,0
94,PAYMENT,17.54,C4026379752,22.38,4.84,M3811254192,0.0,0.0,0,0.0,0
257,PAYMENT,173.2,C5144289583,262.85,89.65,M8389750357,0.0,0.0,0,0.0,0
209,TRANSFER,423.34,C1422701550,589.33,165.99,C1613549255,26.89,450.23,0,0.0033333333333333335,0
676,TRANSFER,4937.65,C3097302637,4408.54,0.0,C4550353803,8732.77,8732.77,1,0.11,0
60,PAYMENT,749.38,C1726990714,858.99,109.61,M8058679999,0.0,0.0,0,0.0,0
625,PAYMENT,637.14,C2140169349,693.63,56.49,M3476758136,0.0,0.0,0,0.0,0
220,TRANSFER,2.59,C3149533961,5.22,2.63,C2274350418,0.0,2.59,0,0.17,0
181,CASH_OUT,189.41,C5952163720,191.58,2.17,C4566852761,0.0,0.0,1,0.01,0
25,CASH_OUT,4761.36,C2009317340,4323.34,0.0,M4588312351,0.0,0.0,1,0.03666666666666667,0
360,PAYMENT,83.58,C7857580528,118.93,35.35,M1857561275,0.0,0.0,0,0.0,0
101,TRANSFER,31589.73,C5161807235,34221.62,2631.89,C2591589823,1745.59,33335.32,0,0.0,0
431,PAYMENT,1008.83,C8390631634,1200.99,192.16,M1099218439,0.0,0.0,0,0.0,0
690,TRANSFER,199.99,C9327720702,249.13,49.14,M3965860354,0.0,0.0,1,0.16666666666666666,0
133,CASH_OUT,193.87,C9457665185,319.72,125.85,C5785481124,5.36,5.36,0,0.0,0
62,PAYMENT,131.75,C2308496151,354.98,223.23,M6130446648,0.0,0.0,0,0.0,0
670,CASH_IN,26488.52,C5483308751,0.0,26488.52,C6576395496,0.0,0.0,0,0.0,0
28,PAYMENT,1.0,C5666504394,0.0,0.0,M7514017540,0.0,0.0,0,0.0,0
636,TRANSFER,4129.07,C3776011793,5753.21,1624.14,C8215470878,896.1,5025.17,0,0.03333333333333333,0
9,PAYMENT,1.77,C5729866281,2.0,0.23,M1083302600,0.0,0.0,0,0.0,0
198,CASH_OUT,2670.79,C5667181604,3299.43,628.64,M1413599241,0.0,0.0,1,0.0,0
173,TRANSFER,1.0,C8625774078,0.0,0.0,C3149484176,745.76,746.76,0,0.013333333333333334,0
182,TRANSFER,1.0,C8638763775,0.0,0.0,C2439622619,11.35,12.35,0,0.19,0
222,CASH_OUT,404.4,C5278201677,483.47,79.07,C5600836559,0.0,0.0,1,0.013333333333333334,0
412,CASH_OUT,7589.53,C7551874474,8755.34,1165.81,M7717262223,0.0,0.0,1,0.023333333333333334,0
80,PAYMENT,1.0,C5175416378,0.0,0.0,M9631695368,0.0,0.0,0,0.0,0
446,PAYMENT,1.0,C2295574037,0.0,0.0,M8821456242,0.0,0.0,0,0.0,0
414,CASH_OUT,17.31,C2394868732,45.82,28.51,C4277581356,10685.51,10685.51,0,0.02,0
127,CASH_OUT,523.42,C1600566083,472.52,0.0,M8646369354,0.0,0.0,1,0.023333333333333334,0
395,PAYMENT,5.02,C4880176825,11.87,6.85,M7230477043,0.0,0.0,0,0.0,0
193,PAYMENT,1.62,C8953726023,2.35,0.73,M9581187661,0.0,0.0,0,0.0,0
591,PAYMENT,1.0,C1293864877,0.0,0.0,M8058679999,0.0,0.0,0,0.0,0
398,TRANSFER,1.0,C2350701477,0.0,0.0,C1439427140,70.16,71.16,0,0.11333333333333333,0
305,PAYMENT,1.0,C6242173772,0.0,0.0,M3019265031,0.0,0.0,0,0.0,0
369,PAYMENT,12.4,C8703867299,177.62,165.22,M6525576685,0.0,0.0,0,0.0,0
211,PAYMENT,131.81,C6554972315,198.9,67.09,M7168105904,0.0,0.0,0,0.0,0
710,PAYMENT,1.0,C5567816720,0.0,0.0,M6732306182,0.0,0.0,0,0.0,0
716,PAYMENT,3.94,C5307145891,9.71,5.77,M6361225622,0.0,0.0,0,0.0,0
410,PAYMENT,83.58,C7625389037,228.62,145.04,M1732578761,0.0,0.0,0,0.0,0
484,PAYMENT,1.0,C1809283659,0.0,0.0,M6045729129,0.0,0.0,0,0.0,0
42,CASH_OUT,229.28,C5837082260,279.33,50.05,M1413599241,0.0,0.0,1,0.0,0
50,PAYMENT,61.53,C1261903104,168.63,107.1,M5087280062,0.0,0.0,0,0.0,0
247,CASH_OUT,4262.25,C6986770879,3765.67,0.0,C1383539822,913.6,913.6,1,0.06,0
47,TRANSFER,89.04,C9639245200,119.76,30.72,C4506639908,0.0,89.04,0,0.16,0
675,CASH_OUT,6182.31,C3147818256,140457.64,134275.33,C2515672889,0.0,0.0,0,0.013333333333333334,0
259,CASH_OUT,3227.58,C7074050517,4347.67,1120.09,M3223687972,0.0,0.0,1,0.0033333333333333335,0
173,TRANSFER,3982.48,C4097887746,3894.83,0.0,M4399143287,0.0,0.0,1,0.7666666666666667,1
417,PAYMENT,12.07,C9639245200,30.72,18.65,M3192202822,0.0,0.0,0,0.0,0
61,CASH_OUT,189.76,C9715314442,172.45,0.0,M4588312351,0.0,0.0,1,0.006666666666666667,0
440,DEBIT,2.14,C2947476917,3.79,1.65,M8058679999,0.0,0.0,0,0.043333333333333335,0
462,TRANSFER,5623.19,C7311011808,4995.65,0.0,M2586712032,0.0,0.0,1,0.9,1
76,TRANSFER,3515.65,C9245348297,2990.54,0.0,M9043367776,0.0,0.0,1,0.83,1
690,TRANSFER,22674.63,C6341783555,31524.16,8849.53,C7575259637,0.0,0.0,1,0.28,0
642,PAYMENT,1.0,C5952163720,2.17,1.17,M8030400668,0.0,0.0,0,0.0,0
314,CASH_OUT,12.73,C2612579345,17.53,4.8,C1197449658,13.65,13.65,0,0.016666666666666666,0
612,PAYMENT,77.07,C9738752801,84.95,7.88,M7050091525,0.0,0.0,0,0.0,0
527,CASH_IN,74531.37,C8826851692,127.84,74659.21,C8638763775,0.0,0.0,0,0.0,0
113,TRANSFER,84.4,C3841827734,89.17,4.77,M6744039057,0.0,0.0,1,0.17333333333333334,0
161,PAYMENT,153.19,C6910112521,366.61,213.42,M6651754819,0.0,0.0,0,0.0,0
588,TRANSFER,1.0,C3521300895,0.0,0.0,C8505373158,0.0,1.0,0,0.23,0
422,TRANSFER,3734.54,C8925520026,4204.12,469.58,M2115406331,0.0,0.0,1,0.2866666666666667,0
529,TRANSFER,263.64,C6000952470,268.04,4.4,C6792661894,27068.67,27068.67,1,0.0,0
522,DEBIT,1.0,C1772303297,0.0,0.0,M8138332494,0.0,0.0,0,0.043333333333333335,0
388,PAYMENT,8.51,C3035761595,16.49,7.98,M7651029165,0.0,0.0,0,0.0,0
636,PAYMENT,1.0,C6587537178,0.0,0.0,M8646369354,0.0,0.0,0,0.0,0
224,TRANSFER,1418.19,C3815389788,1476.81,58.62,M5585110649,0.0,0.0,1,0.21333333333333335,0
419,PAYMENT,4.3,C1939042955,9.43,5.13,M6041646576,0.0,0.0,0,0.0,0
256,TRANSFER,441.24,C8906163641,603.16,161.92,M2655546199,0.0,0.0,1,0.09333333333333334,0
303,TRANSFER,345.87,C7083067988,458.98,113.11,C8281641403,34.89,34.89,1,0.1,0
247,PAYMENT,1.0,C3923823693,0.0,0.0,M7702529931,0.0,0.0,0,0.0,0
375,CASH_OUT,92.79,C7402059279,214.02,121.23,C1248704157,312.99,312.99,0,0.0033333333333333335,0
669,PAYMENT,12.65,C5868640848,21.34,8.69,M2586712032,0.0,0.0,0,0.0,0
36,CASH_OUT,7553.7,C7403028869,9085.13,1531.43,C1725783958,43.39,43.39,1,0.0,0
575,PAYMENT,16.13,C7625464411,38.19,22.06,M3072183247,0.0,0.0,0,0.0,0
108,DEBIT,245.5,C7406579219,477.19,231.69,M2635881694,0.0,0.0,0,0.01,0
527,PAYMENT,1.0,C6673381261,0.0,0.0,M5891831621,0.0,0.0,0,0.0,0
96,CASH_OUT,400.72,C8796293088,440.43,39.71,M9918338001,0.0,0.0,1,0.0033333333333333335,0
372,PAYMENT,4.25,C2465576748,5.15,0.9,M3094407076,0.0,0.0,0,0.0,0
154,TRANSFER,1.0,C1691293717,0.0,0.0,C2020262123,5.17,6.17,0,0.18333333333333332,0
105,TRANSFER,1252.18,C6121801720,1389.62,137.44,C3623588379,0.0,0.0,1,0.17666666666666667,0
361,PAYMENT,41.45,C1051354601,62.09,20.64,M9043367776,0.0,0.0,0,0.0,0
596,TRANSFER,5.65,C9752058817,8.07,2.42,C1422701550,165.99,171.64,0,0.08666666666666667,0
377,TRANSFER,43.23,C8832617672,213.25,170.02,C1091729577,154.21,197.44,0,0.013333333333333334,0
489,DEBIT,17.68,C8122042835,21.8,4.12,M9896529524,0.0,0.0,0,0.043333333333333335,0
160,TRANSFER,2.71,C5877639950,6.15,3.44,C1676168421,201.02,203.73,0,0.02666666666666667,0
557,PAYMENT,1.0,C2139078760,0.0,0.0,M2391874847,0.0,0.0,0,0.0,0
120,CASH_OUT,4385.2,C1515024824,3678.75,0.0,C3389594115,0.0,0.0,1,0.043333333333333335,0
277,PAYMENT,16.76,C6272000062,110.84,94.08,M7702529931,0.0,0.0,0,0.0,0
287,PAYMENT,1.0,C8689593739,0.0,0.0,M1711271599,0.0,0.0,0,0.0,0
553,TRANSFER,4045.51,C7928074841,3573.02,0.0,M9288057824,0.0,0.0,1,0.94,1
366,CASH_OUT,1.0,C2041349374,0.0,0.0,C8507497883,0.0,0.0,0,0.03333333333333333,0
339,CASH_OUT,3631.15,C9957813353,3614.68,0.0,M7453081889,0.0,0.0,1,0.13,0
132,CASH_OUT,9620.17,C6804850108,8896.1,0.0,M4211837506,0.0,0.0,1,0.08,0
405,PAYMENT,1806.25,C2237386857,5408.98,3602.73,M7713758036,0.0,0.0,0,0.0,0
501,TRANSFER,1913.95,C9919491730,1980.26,66.31,C9437783771,119.73,2033.68,1,0.10666666666666667,0
706,CASH_OUT,2878.21,C1600406558,3737.87,859.66,M2518433834,0.0,0.0,1,0.02666666666666667,0
699,PAYMENT,16.21,C8624454880,35.61,19.4,M2695447268,0.0,0.0,0,0.0,0
447,PAYMENT,549.69,C1160913827,989.66,439.97,M8138332494,0.0,0.0,0,0.0,0
68,TRANSFER,408.6,C7010379415,375.75,0.0,C2419931729,11.1,11.1,1,0.20333333333333334,0
247,TRANSFER,1.35,C3887823121,2.12,0.77,C1799718923,0.0,1.35,0,0.19333333333333333,0
392,PAYMENT,1.0,C3694860228,0.0,0.0,M3457877922,0.0,0.0,0,0.0,0
673,PAYMENT,1.0,C1624173500,0.0,0.0,M9020002737,0.0,0.0,0,0.0,0
712,PAYMENT,16.35,C6882074066,83.16,66.81,M2115406331,0.0,0.0,0,0.0,0
563,CASH_OUT,881.71,C6715705115,1090.54,208.83,C8995045543,0.0,0.0,1,0.03,0
17,CASH_OUT,3777.26,C2770980600,4493.71,716.45,M7969674420,0.0,0.0,1,0.0,0
178,PAYMENT,351.1,C6171239466,8456.2,8105.1,M7341757401,0.0,0.0,0,0.0,0
259,TRANSFER,2119.68,C1546696950,2526.39,406.71,M3438830691,0.0,0.0,1,0.19333333333333333,0
140,PAYMENT,249.03,C8380312396,438.93,189.9,M5380159400,0.0,0.0,0,0.0,0
287,TRANSFER,4162.38,C7846365089,3950.11,0.0,M4908108692,0.0,0.0,1,0.7933333333333333,1
45,PAYMENT,1.0,C4460967357,0.0,0.0,M2518433834,0.0,0.0,0,0.0,0
538,TRANSFER,1.0,C3097302637,0.0,0.0,C9189503254,139.39,140.39,0,0.11666666666666667,0
160,CASH_OUT,966.14,C8369792370,2585.26,1619.12,C3667740351,0.0,0.0,0,0.0,0
287,TRANSFER,4.24,C6048096802,20.25,16.01,C3698343112,44462.88,44467.12,0,0.0,0
640,TRANSFER,4.51,C6588252632,5.27,0.76,C3667740351,0.0,4.51,0,0.20333333333333334,0
113,PAYMENT,1971.86,C2317723211,3715.04,1743.18,M8790289305,0.0,0.0,0,0.0,0
64,TRANSFER,1.0,C3645901955,1.0,0.0,C1553753599,19.23,20.23,0,0.18,0
115,PAYMENT,54.92,C6272000062,94.08,39.16,M6525576685,0.0,0.0,0,0.0,0
517,CASH_OUT,1.0,C9611537583,0.0,0.0,C8285000265,5.21,5.21,0,0.05333333333333334,0
190,TRANSFER,88.73,C5281907480,166.32,77.59,C6241752544,170.23,258.96,0,0.0033333333333333335,0
436,TRANSFER,1.0,C9650701349,1.08,0.08,C3108307952,0.0,1.0,0,0.22,0
5,PAYMENT,1.0,C3891796055,0.0,0.0,M3355504998,0.0,0.0,0,0.0,0
639,CASH_OUT,2.03,C3667740351,4.51,2.48,C4564751926,53.01,53.01,0,0.03333333333333333,0
692,CASH_IN,23124.21,C6157617867,9878.53,33002.74,C5071897791,0.0,0.0,0,0.0,0
701,PAYMENT,42.42,C4641561499,263.22,220.8,M3313346852,0.0,0.0,0,0.0,0
298,TRANSFER,4.57,C2379592595,15.76,11.19,C5613655595,497.97,502.54,0,0.006666666666666667,0
598,PAYMENT,12.38,C1553753599,20.23,7.85,M7750131975,0.0,0.0,0,0.0,0
365,CASH_OUT,2.65,C2612579345,4.8,2.15,C5714169271,28.29,28.29,0,0.01,0
591,PAYMENT,168.43,C5135595227,206.18,37.75,M3119908041,0.0,0.0,0,0.0,0
233,CASH_OUT,3696.2,C8625774078,4363.18,666.98,C3464975279,0.0,0.0,1,0.0033333333333333335,0
395,TRANSFER,553.74,C1654602021,527.64,0.0,M6651020291,0.0,0.0,1,0.27666666666666667,0
713,TRANSFER,5199.59,C9388140708,4593.33,0.0,C2416760621,0.0,5199.59,1,0.32,0
17,DEBIT,1.0,C8084809436,0.58,0.0,M2910594463,0.0,0.0,0,0.023333333333333334,0
71,TRANSFER,3418.06,C1795212538,3841.39,423.33,C9752058817,2.42,3420.48,1,0.013333333333333334,0
87,CASH_OUT,2183.24,C3480920839,2453.54,270.3,C4579265601,2.87,2.87,1,0.0,0
356,TRANSFER,35.19,C5884391502,115.7,80.51,C8102515984,5.11,40.3,0,0.11666666666666667,0
64,TRANSFER,10.41,C7556046460,12.79,2.38,C2802141793,3.88,14.29,0,0.14333333333333334,0
210,CASH_OUT,16.63,C8102515984,40.3,23.67,C7581349462,85215.7,85215.7,0,0.0,0
653,PAYMENT,5.48,C3074232200,6.69,1.21,M4952177946,0.0,0.0,0,0.0,0
101,CASH_OUT,10.97,C2173242669,12.05,1.08,C4656572173,0.0,0.0,0,0.0033333333333333335,0
621,CASH_OUT,163.83,C2570991899,450.82,286.99,C3799620568,29409.09,29409.09,0,0.006666666666666667,0
314,TRANSFER,1.0,C8758809005,0.0,0.0,C3271361431,84.58,85.58,0,0.10333333333333333,0
178,DEBIT,32.82,C7397963801,682.28,649.46,M6866146362,0.0,0.0,0,0.013333333333333334,0
561,CASH_OUT,53.75,C2073755632,653.0,599.25,C4277581356,10685.51,10685.51,0,0.01,0
572,CASH_OUT,1.0,C2941508568,0.0,0.0,C4531928910,0.0,0.0,0,0.06333333333333334,0
524,CASH_IN,50085.48,C4930438209,282.48,50367.96,C4623960580,0.0,0.0,0,0.0,0
373,PAYMENT,12.99,C7631970791,16.11,3.12,M8030400668,0.0,0.0,0,0.0,0
193,DEBIT,1.0,C4590711152,0.0,0.0,M8144352013,0.0,0.0,0,0.03,0
605,DEBIT,1.0,C7010379415,0.0,0.0,M3317856944,0.0,0.0,0,0.05333333333333334,0
418,CASH_OUT,4034.71,C4067961943,4060.87,26.16,C6554972315,67.09,67.09,1,0.09,0
402,TRANSFER,1.0,C6566372886,0.0,0.0,C8086172302,117.45,118.45,0,0.06,0
696,DEBIT,1.0,C1691293717,0.0,0.0,M6845287382,0.0,0.0,0,0.05,0
120,CASH_IN,627.6,C8394040015,10.03,637.63,C9318010743,262.27,262.27,0,0.0,0
546,PAYMENT,1.0,C5729866281,0.23,0.0,M2156184315,0.0,0.0,0,0.0,0
554,PAYMENT,50.59,C8598503901,54.04,3.45,M2635881694,0.0,0.0,0,0.0,0
189,CASH_OUT,38953.69,C3667292043,41145.83,2192.14,C9080621072,36112.95,36112.95,1,0.006666666666666667,0
215,CASH_OUT,46.86,C2970753705,51.76,4.9,M5869990861,0.0,0.0,1,0.006666666666666667,0
476,TRANSFER,1200.7,C2181241943,2056.34,855.64,C8695129534,71196.69,72397.39,0,0.0033333333333333335,0
29,PAYMENT,114.52,C4440904834,352.43,237.91,M6011842297,0.0,0.0,0,0.0,0
38,CASH_IN,5297.2,C7751356568,703.27,6000.47,C8953726023,0.73,0.73,0,0.0,0
118,PAYMENT,1.0,C2591414076,1.96,0.96,M7532669066,0.0,0.0,0,0.0,0
273,TRANSFER,2118.59,C7951902330,1911.42,0.0,M3580582653,0.0,0.0,1,0.5933333333333334,1
438,TRANSFER,19.34,C1051354601,20.64,1.3,C4422700486,32.3,51.64,0,0.13666666666666666,0
198,TRANSFER,71.55,C5975196341,90.7,19.15,C3783009621,1.57,73.12,0,0.16,0
343,PAYMENT,54.28,C9189503254,140.39,86.11,M6011842297,0.0,0.0,0,0.0,0
91,TRANSFER,4280.08,C1084790270,4476.04,195.96,M9255306810,0.0,0.0,1,0.21666666666666667,0
410,CASH_OUT,81.59,C5184564874,105.9,24.31,M6865994703,0.0,0.0,1,0.03666666666666667,0
708,PAYMENT,5.36,C1387652480,10.08,4.72,M4035639663,0.0,0.0,0,0.0033333333333333335,0
494,TRANSFER,10.14,C9138644862,13.57,3.43,C1691293717,0.0,10.14,0,0.17666666666666667,0
301,PAYMENT,54.62,C4181102664,71.75,17.13,M1676220116,0.0,0.0,0,0.0,0
257,TRANSFER,4560.92,C3651552513,4255.61,0.0,M6606958660,0.0,0.0,1,0.8233333333333334,1
345,PAYMENT,29.01,C3259520140,81.94,52.93,M9410569618,0.0,0.0,0,0.0,0
287,PAYMENT,272.1,C5067245523,863.83,591.73,M6820149016,0.0,0.0,0,0.0,0
696,CASH_OUT,522.76,C2320763135,619.55,96.79,C7296658772,36698.84,36698.84,1,0.01,0
12,PAYMENT,1.0,C5028688786,0.0,0.0,M7969674420,0.0,0.0,0,0.0,0
92,TRANSFER,11.75,C6982610835,15.54,3.79,C4633257620,805.05,816.8,0,0.013333333333333334,0
616,CASH_OUT,1006.5,C5710360983,927.85,0.0,C8477300991,0.0,0.0,1,0.22,0
176,PAYMENT,16.37,C7625464411,22.06,5.69,M6744039057,0.0,0.0,0,0.0,0
632,TRANSFER,1138.08,C9218363978,1607.63,469.55,M8858274691,0.0,0.0,1,0.18666666666666668,0
505,TRANSFER,495.39,C2073755632,599.25,103.86,C7608141858,1.0,496.39,0,0.07666666666666666,0
310,PAYMENT,1.0,C3853978147,0.8,0.0,M5937271321,0.0,0.0,0,0.0,0
625,PAYMENT,403.95,C1383539822,913.6,509.65,M3636366799,0.0,0.0,0,0.0,0
621,TRANSFER,95.78,C1446362270,280.01,184.23,C6884882440,52.97,148.75,0,0.06666666666666667,0
237,PAYMENT,78.01,C9771848610,88.98,10.97,M9776500600,0.0,0.0,0,0.0,0
224,CASH_OUT,9813.21,C2633177480,15218.61,5405.4,C3365835550,85.79,85.79,0,0.0,0
654,PAYMENT,1.0,C2178884276,0.0,0.0,M9918338001,0.0,0.0,0,0.0,0
593,PAYMENT,1.0,C6493800024,0.0,0.0,M2129491690,0.0,0.0,0,0.0,0
457,CASH_OUT,103.24,C8370987661,146.49,43.25,C8703867299,165.22,165.22,1,0.043333333333333335,0
70,PAYMENT,35.01,C4042413312,75.48,40.47,M7437168216,0.0,0.0,0,0.0,0
114,PAYMENT,5.5,C6069848439,11.01,5.51,M9444143872,0.0,0.0,0,0.0,0
695,CASH_OUT,2596.42,C2224336336,2278.13,0.0,M4665677395,0.0,0.0,1,0.17,0
11,TRANSFER,2396.24,C5560712830,2997.67,601.43,C6341783555,8849.53,11245.77,1,0.0,0
454,PAYMENT,1.0,C2423995953,0.0,0.0,M5570190774,0.0,0.0,0,0.0,0
340,CASH_OUT,1.0,C5150090143,0.0,0.0,C5092199300,364.95,364.95,0,0.02,0
72,TRANSFER,262.51,C3030106617,287.37,24.86,M3297681898,0.0,0.0,1,0.16333333333333333,0
519,PAYMENT,56.2,C4147025728,62.46,6.26,M2518433834,0.0,0.0,0,0.0,0
92,PAYMENT,1.0,C3597724331,1.0,0.0,M9921025990,0.0,0.0,0,0.0,0
562,PAYMENT,1.0,C1809283659,0.0,0.0,M9410569618,0.0,0.0,0,0.0,0
467,TRANSFER,3901.44,C2905584866,4435.95,534.51,M8667946580,0.0,0.0,1,0.30666666666666664,0
427,PAYMENT,31.65,C1678500147,11207.06,11175.41,M7764117705,0.0,0.0,0,0.0,0
355,PAYMENT,1.0,C2982979741,0.0,0.0,M8861351706,0.0,0.0,0,0.0,0
698,CASH_OUT,3.75,C9995834531,13.2,9.45,C8969097897,0.0,0.0,0,0.02666666666666667,0
110,TRANSFER,1.0,C5612645121,0.0,0.0,C1251837136,2037.17,2038.17,0,0.013333333333333334,0
153,TRANSFER,3086.14,C7805745017,3818.91,732.77,M4689605624,0.0,0.0,1,0.16333333333333333,0
525,PAYMENT,1.0,C5141593270,0.0,0.0,M9620935604,0.0,0.0,0,0.0,0
378,PAYMENT,2.1,C4242550727,8.85,6.75,M7764117705,0.0,0.0,0,0.0,0
175,PAYMENT,19.88,C8703867299,165.22,145.34,M4035639663,0.0,0.0,0,0.0,0
652,PAYMENT,1.0,C4486522557,0.0,0.0,M7437168216,0.0,0.0,0,0.0,0
214,TRANSFER,374.25,C7750819485,350.91,0.0,M6771941776,0.0,0.0,1,0.23666666666666666,0
642,TRANSFER,1.0,C5666504394,0.0,0.0,C6582557981,16.48,17.48,0,0.2,0
335,PAYMENT,1.0,C2111272861,0.0,0.0,M4522855590,0.0,0.0,0,0.0,0
4,CASH_OUT,980.07,C4655730355,1219.57,239.5,C4550353803,8732.77,8732.77,0,0.013333333333333334,0
426,CASH_IN,79313.55,C8477300991,0.0,79313.55,C2181241943,855.64,855.64,0,0.0,0
59,CASH_OUT,1878.66,C6204862411,1586.09,0.0,M5919148165,0.0,0.0,1,0.04666666666666667,0
299,PAYMENT,1.0,C6362597344,0.0,0.0,M1666898313,0.0,0.0,0,0.0,0
498,PAYMENT,194.64,C5570828113,250.63,55.99,M8044997538,0.0,0.0,0,0.0,0
337,PAYMENT,14.71,C2247484671,490.15,475.44,M7514017540,0.0,0.0,0,0.0,0
438,CASH_OUT,1008.19,C8719734235,7242.85,6234.66,C6937704752,0.0,0.0,0,0.03333333333333333,0
336,PAYMENT,24.17,C8418332121,83.95,59.78,M4160161496,0.0,0.0,0,0.0,0
200,PAYMENT,16.31,C7059726570,781.18,764.87,M9916475897,0.0,0.0,0,0.0,0
567,TRANSFER,6.35,C8033702319,10.93,4.58,C8236361108,66.67,73.02,0,0.13666666666666666,0
234,TRANSFER,1.0,C8300300577,0.0,0.0,C2370592316,1090.93,1091.93,0,0.01,0
187,PAYMENT,43.16,C6121801720,137.44,94.28,M4035639663,0.0,0.0,0,0.0,0
9,DEBIT,1.0,C8636525027,0.0,0.0,M2228388623,0.0,0.0,0,0.023333333333333334,0
30,PAYMENT,1.64,C1519709079,1.84,0.2,M6651020291,0.0,0.0,0,0.0,0
132,CASH_OUT,1712.11,C5284391408,1888.0,175.89,C1678500147,11175.41,11175.41,0,0.0,0
167,PAYMENT,49.99,C8923555411,164.91,114.92,M3831598303,0.0,0.0,0,0.0,0
248,TRANSFER,1.0,C8318855178,1.0,0.0,C2479679716,19.49,20.49,0,0.17333333333333334,0
81,TRANSFER,93.41,C8115628227,97.38,3.97,M7192742877,0.0,0.0,1,0.18,0
100,TRANSFER,379.98,C6012067717,388.28,8.3,C6169243284,3702.65,4082.63,1,0.0,0
699,TRANSFER,5713.15,C7208619610,6391.84,678.69,C7823288650,8164.41,13877.56,0,0.0033333333333333335,0
692,CASH_OUT,121.88,C7083067988,113.11,0.0,M6894024976,0.0,0.0,1,0.06,0
535,CASH_OUT,1.0,C2327372855,0.0,0.0,C4706249669,0.0,0.0,0,0.06,0
329,PAYMENT,28.72,C5689870435,39.06,10.34,M8740820392,0.0,0.0,0,0.0,0
599,PAYMENT,1.0,C6474354351,0.45,0.0,M4460319291,0.0,0.0,0,0.0,0
239,CASH_OUT,2217.0,C6072939882,3059.36,842.36,M5000316394,0.0,0.0,1,0.0033333333333333335,0
451,TRANSFER,1.0,C9259157845,0.0,0.0,C9409682410,7380.94,7381.94,0,0.04666666666666667,0
395,CASH_OUT,929.78,C7525240100,1054.44,124.66,C8987073217,0.0,0.0,1,0.013333333333333334,0
58,PAYMENT,21.84,C7895255573,25.96,4.12,M1458227039,0.0,0.0,0,0.0,0
314,PAYMENT,1.0,C4026113008,0.0,0.0,M9410569618,0.0,0.0,0,0.0,0
283,PAYMENT,239.71,C3291226621,328.98,89.27,M6932365592,0.0,0.0,0,0.0,0
120,CASH_IN,6305.74,C4638577630,0.0,6305.74,C8505373158,1.0,1.0,0,0.0,0
343,PAYMENT,2.21,C3612617557,3.27,1.06,M1888107487,0.0,0.0,0,0.0,0
496,TRANSFER,1453.17,C9533595495,1532.53,79.36,M9065458220,0.0,0.0,1,0.26666666666666666,0
433,DEBIT,1.0,C3421719519,0.0,0.0,M1368287033,0.0,0.0,0,0.04666666666666667,0
610,CASH_OUT,60.5,C8703867299,145.34,84.84,C6844582171,142.42,142.42,0,0.03,0
164,CASH_OUT,1433.94,C2064803502,1960.13,526.19,C2349406919,5572.94,5572.94,1,0.0,0
202,TRANSFER,6.03,C9830946410,16.25,10.22,C7015992643,0.0,6.03,0,0.16,0
298,PAYMENT,1.34,C1855256552,5.48,4.14,M9444143872,0.0,0.0,0,0.0,0
90,CASH_OUT,117.81,C7077131430,132.67,14.86,M5815678365,0.0,0.0,1,0.013333333333333334,0
145,CASH_IN,83371.83,C6081137534,2.88,83374.71,C7420846622,149.07,149.07,0,0.0,0
457,CASH_OUT,9790.74,C4455798713,29191.56,19400.82,C8703867299,84.84,84.84,0,0.013333333333333334,0
603,CASH_OUT,1.0,C3772636814,0.0,0.0,C8624454880,19.4,19.4,0,0.05333333333333334,0
404,PAYMENT,46.03,C7099469983,192.48,146.45,M2541015125,0.0,0.0,0,0.0,0
439,TRANSFER,1531.84,C3869963931,1827.74,295.9,M9441870024,0.0,0.0,1,0.24,0
697,TRANSFER,38.79,C8118065825,117.03,78.24,C4623960580,0.0,38.79,0,0.16666666666666666,0
72,DEBIT,103.85,C8796286443,162.5,58.65,M4125758723,0.0,0.0,0,0.016666666666666666,0
275,TRANSFER,1291.2,C4747699292,1183.17,0.0,M9288057824,0.0,0.0,1,0.36666666666666664,0
337,CASH_OUT,4838.18,C1913706213,4174.68,0.0,C8369792370,1619.12,1619.12,1,0.05333333333333334,0
274,CASH_OUT,2683.68,C4201225242,3300.55,616.87,M2541015125,0.0,0.0,1,0.0033333333333333335,0
144,PAYMENT,1.0,C5931025271,0.0,0.0,M6384311581,0.0,0.0,0,0.0,0
568,CASH_OUT,1701.99,C1722124509,1468.18,0.0,M1099218439,0.0,0.0,1,0.18333333333333332,0
196,PAYMENT,1.0,C8350384902,0.0,0.0,M3534186676,0.0,0.0,0,0.0,0
64,PAYMENT,1.0,C3887823121,0.77,0.0,M3965860354,0.0,0.0,0,0.0,0
352,CASH_OUT,1.0,C5899025962,0.0,0.0,C7487012742,43.56,43.56,0,0.013333333333333334,0
439,PAYMENT,1.0,C3421719519,0.0,0.0,M6771941776,0.0,0.0,0,0.0,0
323,TRANSFER,5198.21,C2616884203,4608.76,0.0,M9631695368,0.0,0.0,1,0.7566666666666667,1
118,PAYMENT,38.37,C8380312396,189.9,151.53,M3960136787,0.0,0.0,0,0.0,0
141,DEBIT,156.21,C2617999521,200.11,43.9,M3595066420,0.0,0.0,0,0.016666666666666666,0
649,PAYMENT,1.0,C8265834251,0.0,0.0,M2910594463,0.0,0.0,0,0.0,0
5,TRANSFER,3067.29,C1586412136,3416.23,348.94,C2479679716,20.49,3087.78,0,0.01,0
54,PAYMENT,1.0,C3598862507,0.0,0.0,M1783432867,0.0,0.0,0,0.0,0
711,PAYMENT,1.0,C9621419224,0.0,0.0,M6692705133,0.0,0.0,0,0.0,0
12,PAYMENT,1.0,C6789292252,0.0,0.0,M5194066484,0.0,0.0,0,0.0,0
99,TRANSFER,16570.45,C8252045593,54537.62,37967.17,C2020395327,0.85,16571.3,0,0.0,0
533,TRANSFER,768.28,C1519709079,827.17,58.89,C7625389037,145.04,145.04,1,0.11666666666666667,0
321,PAYMENT,1.0,C6691628146,0.0,0.0,M1908459040,0.0,0.0,0,0.0,0
411,CASH_OUT,626.51,C8755749566,745.01,118.5,M1442421654,0.0,0.0,1,0.04,0
495,PAYMENT,68.45,C3980491761,76.76,8.31,M2391874847,0.0,0.0,0,0.0,0
645,PAYMENT,91.88,C9516893896,101.04,9.16,M3965860354,0.0,0.0,0,0.0,0
613,PAYMENT,1.0,C5666504394,0.0,0.0,M6498703287,0.0,0.0,0,0.0,0
431,CASH_OUT,1.0,C9493209128,0.0,0.0,C3205292512,54871.36,54871.36,0,0.05333333333333334,0
552,PAYMENT,1.0,C2014766981,0.0,0.0,M8728631945,0.0,0.0,0,0.0,0
178,PAYMENT,187.31,C8940731272,249.23,61.92,M6199197408,0.0,0.0,0,0.0,0
130,CASH_OUT,672.19,C7376649850,793.04,120.85,M3313346852,0.0,0.0,1,0.0033333333333333335,0
618,CASH_OUT,78736.34,C9303765140,98266.24,19529.9,M6495967005,0.0,0.0,1,0.016666666666666666,0
185,PAYMENT,1.0,C9547119184,3.13,2.13,M4522855590,0.0,0.0,0,0.0,0
263,TRANSFER,7.46,C1770278136,8.33,0.87,C6477862024,556.84,564.3,0,0.013333333333333334,0
152,TRANSFER,2516.44,C2158638062,2765.89,249.45,C8791183272,8569.37,8569.37,1,0.006666666666666667,0
447,CASH_OUT,1.0,C3923823693,0.0,0.0,C4015479599,10009.53,10009.53,0,0.043333333333333335,0
223,CASH_OUT,6.22,C4655935832,8.06,1.84,C9049270990,0.0,0.0,0,0.01,0
344,PAYMENT,2.09,C7004964045,2.92,0.83,M9631695368,0.0,0.0,0,0.0,0
649,DEBIT,69.09,C8272725281,132499.53,132430.44,M6045729129,0.0,0.0,0,0.016666666666666666,0
327,PAYMENT,31.53,C9954587710,100.92,69.39,M9900829971,0.0,0.0,0,0.0,0
128,CASH_OUT,4421.29,C2052811909,3830.5,0.0,C8086527181,0.37,0.37,1,0.043333333333333335,0
534,CASH_OUT,1417.17,C5856127658,1183.51,0.0,M6247463262,0.0,0.0,1,0.19,0
509,CASH_OUT,1680.73,C7088451458,1908.21,227.48,C3674551397,5225.7,5225.7,1,0.01,0
69,CASH_OUT,1.0,C7389111087,0.0,0.0,C2382129132,0.0,0.0,0,0.0033333333333333335,0
215,TRANSFER,486.42,C3555656321,431.03,0.0,M1199447370,0.0,0.0,1,0.24333333333333335,0
17,CASH_OUT,186.58,C6754503097,396.09,209.51,C8991514523,47927.29,47927.29,0,0.013333333333333334,0
463,CASH_OUT,2499.91,C2065354117,2531.6,31.69,C7460728316,1.63,1.63,1,0.1,0
15,PAYMENT,1.0,C4473306055,0.0,0.0,M6846530109,0.0,0.0,0,0.0,0
430,PAYMENT,395.47,C6477862024,564.3,168.83,M5937271321,0.0,0.0,0,0.0,0
226,PAYMENT,13.54,C2428156550,54.51,40.97,M8964269909,0.0,0.0,0,0.0,0
647,DEBIT,1.0,C2914126243,0.0,0.0,M3960136787,0.0,0.0,0,0.05333333333333334,0
193,PAYMENT,3.64,C3980491761,8.31,4.67,M1676220116,0.0,0.0,0,0.0,0
706,TRANSFER,1.0,C6711463258,3.25,2.25,C4636537575,0.0,1.0,0,0.18666666666666668,0
636,PAYMENT,90.6,C6169243284,4082.63,3992.03,M4035639663,0.0,0.0,0,0.0,0
687,TRANSFER,110732.96,C6448324230,99011.66,0.0,C3791027186,10.58,10.58,1,0.7733333333333333,1
455,CASH_OUT,1.0,C9798613995,0.0,0.0,C1311570307,13.37,13.37,0,0.08333333333333333,0
184,TRANSFER,92863.14,C6081137534,83374.71,0.0,C8366884200,0.0,92863.14,1,0.016666666666666666,0
416,CASH_OUT,1.0,C3799264931,0.0,0.0,C1242425303,0.0,0.0,0,0.09666666666666666,0
364,TRANSFER,203.13,C1110533960,174.95,0.0,M9625656293,0.0,0.0,1,0.23,0
449,PAYMENT,74.36,C9392515666,91.15,16.79,M6247463262,0.0,0.0,0,0.0,0
35,PAYMENT,1622.29,C8015775567,22602.91,20980.62,M6282009986,0.0,0.0,0,0.0,0
143,PAYMENT,1.0,C3400244542,0.0,0.0,M2571632270,0.0,0.0,0,0.0,0
238,TRANSFER,723.04,C5129478722,3090.0,2366.96,C4659306670,0.0,723.04,0,0.0,0
513,CASH_OUT,11083.74,C4919706735,9677.6,0.0,M3705237613,0.0,0.0,1,0.18666666666666668,0
7,DEBIT,490.94,C3149484176,746.76,255.82,M7514017540,0.0,0.0,0,0.01,0
76,DEBIT,1.0,C9958044697,0.0,0.0,M6130446648,0.0,0.0,0,0.03,0
599,CASH_OUT,3826.89,C5856127658,3613.27,0.0,C6628158856,0.0,0.0,1,0.20666666666666667,0
69,TRANSFER,2104.23,C7920516981,2118.69,14.46,M6820149016,0.0,0.0,1,0.36666666666666664,0
101,CASH_OUT,96.78,C2149938334,117.66,20.88,C9370133032,0.0,0.0,0,0.0033333333333333335,0
643,PAYMENT,53.55,C3476426797,164.29,110.74,M7343954769,0.0,0.0,0,0.0,0
499,CASH_OUT,3631.51,C4283432667,4754.3,1122.79,C8636525027,0.0,0.0,0,0.023333333333333334,0
352,TRANSFER,1458.12,C9392707144,1881.26,423.14,C5693307665,3817.45,3817.45,1,0.0033333333333333335,0
147,CASH_OUT,1.0,C6517150278,0.0,0.0,C5759761714,35076.61,35076.61,0,0.0,0
147,CASH_OUT,226.13,C7784217828,260.66,34.53,M9098037639,0.0,0.0,1,0.0,0
28,PAYMENT,8850.15,C8991514523,47927.29,39077.14,M6282009986,0.0,0.0,0,0.0,0
331,TRANSFER,7.89,C9067664957,20.42,12.53,C4503614567,82180.94,82188.83,0,0.0,0
567,CASH_OUT,3177.08,C5482431018,2774.02,0.0,C5625980561,0.0,0.0,1,0.19666666666666666,0
536,CASH_OUT,3634.56,C5704029171,3643.69,9.13,M9776500600,0.0,0.0,1,0.05333333333333334,0
431,CASH_OUT,181.7,C5952894290,192.19,10.49,C2570991899,286.99,286.99,0,0.043333333333333335,0
515,PAYMENT,11.94,C4226113732,16.49,4.55,M3313346852,0.0,0.0,0,0.0,0
442,TRANSFER,1.0,C5354747485,0.0,0.0,C4509456565,7782.75,7783.75,0,0.04666666666666667,0
283,TRANSFER,52.51,C1446362270,184.23,131.72,C2188332531,18.36,70.87,0,0.11,0
29,TRANSFER,1.0,C8316648259,0.0,0.0,C4668931881,0.0,1.0,0,0.22333333333333333,0
178,PAYMENT,2.81,C5785481124,5.36,2.55,M9043367776,0.0,0.0,0,0.0,0
144,CASH_OUT,1959.57,C9370133032,2721.66,762.09,C6458544482,867.98,867.98,1,0.0,0
84,PAYMENT,70.07,C7085004726,74.67,4.6,M8964269909,0.0,0.0,0,0.0,0
549,CASH_OUT,26.09,C5220094152,52424.14,52398.05,C2601198885,81.17,81.17,0,0.01,0
257,TRANSFER,4127.79,C2586568081,3994.57,0.0,M8869140487,0.0,0.0,1,0.8233333333333334,1
359,PAYMENT,10044.09,C8046300793,26507.89,16463.8,M8740820392,0.0,0.0,0,0.0,0
676,TRANSFER,1247.45,C7928074841,1395.08,147.63,M9822499208,0.0,0.0,1,0.20333333333333334,0
378,TRANSFER,1.0,C4907446848,0.46,0.0,C4282810353,0.0,1.0,0,0.22,0
362,CASH_OUT,17.77,C6218484323,70.12,52.35,C7887950851,4.34,4.34,0,0.01,0
457,TRANSFER,3342.85,C9771848610,3993.16,650.31,M9640701016,0.0,0.0,1,0.2866666666666667,0
135,PAYMENT,24.6,C5570828113,55.99,31.39,M8858274691,0.0,0.0,0,0.0,0
185,DEBIT,226.91,C4700855390,376.01,149.1,M8874242713,0.0,0.0,0,0.016666666666666666,0
608,CASH_OUT,1249.85,C1817804383,1444.77,194.92,C2076151332,134.71,134.71,1,0.023333333333333334,0
645,PAYMENT,1163.07,C1862812038,2723.86,1560.79,M5315720088,0.0,0.0,0,0.0,0
592,CASH_OUT,1.0,C7215110267,0.0,0.0,C8926438617,15087.57,15087.57,0,0.016666666666666666,0
144,PAYMENT,29.58,C9327720702,49.14,19.56,M4588312351,0.0,0.0,0,0.0,0
93,PAYMENT,453.45,C5183211669,531.05,77.6,M7437168216,0.0,0.0,0,0.0,0
524,CASH_IN,54698.55,C1939042955,5.13,54703.68,C2099184899,0.0,0.0,0,0.0,0
714,CASH_IN,30712.17,C2761091683,0.0,30712.17,C4972536230,3220.23,3220.23,0,0.0,0
214,DEBIT,3747.42,C1370292681,7063.99,3316.57,M6651754819,0.0,0.0,0,0.02,0
564,PAYMENT,1.0,C3777580509,0.0,0.0,M4306983924,0.0,0.0,0,0.0,0
526,PAYMENT,1.0,C3423086220,0.0,0.0,M6384311581,0.0,0.0,0,0.0,0
119,PAYMENT,1.0,C1234359689,0.0,0.0,M7282885927,0.0,0.0,0,0.0,0
45,TRANSFER,25.92,C2869999754,33.51,7.59,C9798548049,19575.07,19600.99,0,0.0,0
356,PAYMENT,126.76,C4645120421,332.83,206.07,M3469205576,0.0,0.0,0,0.0,0
47,PAYMENT,2.76,C6726515966,3.36,0.6,M7453081889,0.0,0.0,0,0.0,0
703,CASH_OUT,69.32,C1225953184,80.12,10.8,M3156792018,0.0,0.0,1,0.03,0
462,PAYMENT,1.0,C1624173500,0.0,0.0,M7351460539,0.0,0.0,0,0.0,0
183,TRANSFER,4796.08,C1600566083,4444.01,0.0,M9410569618,0.0,0.0,1,0.77,1
459,TRANSFER,18.96,C6276339732,67.31,48.35,C6242173772,0.0,18.96,0,0.16333333333333333,0
65,PAYMENT,1763.21,C5539308214,2646.73,883.52,M3605446007,0.0,0.0,0,0.0,0
44,PAYMENT,981.09,C3698343112,44467.12,43486.03,M6558769264,0.0,0.0,0,0.0,0
180,PAYMENT,1966.98,C1251837136,2038.17,71.19,M1732578761,0.0,0.0,0,0.0,0
516,TRANSFER,146.38,C6515369278,197.03,50.65,C6732648420,0.0,146.38,0,0.09333333333333334,0
305,CASH_OUT,1603.56,C6884333221,2110.2,506.64,M3156792018,0.0,0.0,1,0.006666666666666667,0
419,CASH_OUT,2727.16,C3746317213,3094.29,367.13,M8964269909,0.0,0.0,1,0.04,0
94,DEBIT,11.59,C7691931213,17.37,5.78,M7366396017,0.0,0.0,0,0.02,0
166,PAYMENT,56.5,C4503614567,82188.83,82132.33,M2839566253,0.0,0.0,0,0.0,0
613,TRANSFER,57323.09,C4311931853,60630.73,3307.64,C8303853049,13.57,13.57,1,0.2633333333333333,0
8,CASH_OUT,3.35,C2419931729,11.1,7.75,C4201225242,616.87,616.87,0,0.006666666666666667,0
623,CASH_OUT,14.69,C8453283834,44.21,29.52,C9461708554,26.82,26.82,0,0.02666666666666667,0
627,CASH_OUT,1522.95,C7915226263,1919.77,396.82,C2428156550,40.97,40.97,1,0.023333333333333334,0
51,PAYMENT,6.97,C1225953184,10.8,3.83,M2129491690,0.0,0.0,0,0.0,0
223,PAYMENT,56.18,C2525930586,244.84,188.66,M2129491690,0.0,0.0,0,0.0,0
549,TRANSFER,66187.04,C2777816561,60333.23,0.0,C8048810275,0.0,0.0,1,0.8433333333333334,1
206,TRANSFER,3781.14,C8160279830,3671.79,0.0,M6771941776,0.0,0.0,1,0.8133333333333334,1
488,DEBIT,6.65,C9738752801,7.88,1.23,M6763471833,0.0,0.0,0,0.043333333333333335,0
281,PAYMENT,92.98,C2513206988,202.22,109.24,M6771941776,0.0,0.0,0,0.0,0
494,TRANSFER,3791.32,C8588769565,4361.23,569.91,M1676220116,0.0,0.0,1,0.31,0
401,CASH_OUT,265.94,C6923893872,597.83,331.89,C7699500243,0.0,0.0,0,0.016666666666666666,0
471,PAYMENT,1.0,C9697414638,0.0,0.0,M3072183247,0.0,0.0,0,0.0,0
639,CASH_OUT,2602.37,C8025152555,3420.32,817.95,C5759234471,1044.71,1044.71,1,0.02,0
707,PAYMENT,1.0,C5523703900,0.0,0.0,M3605446007,0.0,0.0,0,0.0033333333333333335,0
287,PAYMENT,9.6,C9067664957,12.53,2.93,M9576264323,0.0,0.0,0,0.0,0
80,CASH_OUT,1.0,C1287814151,0.0,0.0,C7465834732,71257.13,71257.13,0,0.0033333333333333335,0
546,PAYMENT,1.0,C2009317340,0.0,0.0,M8058679999,0.0,0.0,0,0.0,0
199,PAYMENT,1.0,C7004510516,0.0,0.0,M2604788242,0.0,0.0,0,0.0,0
385,CASH_OUT,37633.1,C2068687175,93785.06,56151.96,C6317189421,63526.05,63526.05,0,0.0,0
3,PAYMENT,1.0,C7161404428,0.0,0.0,M2249831874,0.0,0.0,0,0.0,0
11,TRANSFER,302.42,C8949781901,266.28,0.0,C6496933442,270.7,270.7,1,0.016666666666666666,0
47,CASH_OUT,341.56,C7027529118,458.9,117.34,M4952177946,0.0,0.0,1,0.0,0
316,PAYMENT,17.76,C5150074940,22.12,4.36,M3072183247,0.0,0.0,0,0.0,0
367,PAYMENT,240.73,C2771211118,387.5,146.77,M8903212516,0.0,0.0,0,0.0,0
447,PAYMENT,130.74,C8270110908,153.65,22.91,M8366710477,0.0,0.0,0,0.0,0
669,PAYMENT,3573.0,C6649827836,4309.12,736.12,M3960136787,0.0,0.0,0,0.0,0
368,TRANSFER,1.0,C3923823693,0.0,0.0,C8417757797,9.26,10.26,0,0.18333333333333332,0
688,CASH_OUT,1785.73,C3095318649,1815.46,29.73,M9776500600,0.0,0.0,1,0.03666666666666667,0
435,PAYMENT,9.59,C7529817193,18.99,9.4,M2391874847,0.0,0.0,0,0.0,0
685,TRANSFER,2019.48,C2486744752,2845.46,825.98,C5972484792,125.82,125.82,1,0.14666666666666667,0
48,CASH_IN,66705.88,C6231117883,0.0,66705.88,C9581991473,0.08,0.08,0,0.0,0
76,PAYMENT,1.0,C2041349374,0.0,0.0,M2518433834,0.0,0.0,0,0.0,0
307,PAYMENT,1.0,C7305101214,0.0,0.0,M5985331805,0.0,0.0,0,0.0,0
195,PAYMENT,1.0,C5931025271,0.0,0.0,M1811839103,0.0,0.0,0,0.0,0
255,TRANSFER,29.41,C9155819200,74.41,45.0,C9248046539,0.0,29.41,0,0.16,0
719,PAYMENT,10.57,C5996775663,18.29,7.72,M3595066420,0.0,0.0,0,0.0,0
601,PAYMENT,823.08,C6756332150,94065.81,93242.73,M7453081889,0.0,0.0,0,0.0,0
68,TRANSFER,4.13,C8075122626,6.8,2.67,C8168204967,112.1,116.23,0,0.04666666666666667,0
87,PAYMENT,19778.38,C2079770569,130433.42,110655.04,M6845287382,0.0,0.0,0,0.0,0
687,TRANSFER,12322.99,C4131575764,14655.7,2332.71,M9098037639,0.0,0.0,1,0.31666666666666665,0
46,CASH_IN,12388.96,C6715705115,208.83,12597.79,C2020395327,16571.3,16571.3,0,0.0,0
15,DEBIT,437.62,C7208619610,678.69,241.07,M8874242713,0.0,0.0,0,0.01,0
167,CASH_IN,18266.45,C9660523876,1137.67,19404.12,C9909257076,8.66,8.66,0,0.0,0
499,DEBIT,24.13,C9461708554,26.82,2.69,M1908459040,0.0,0.0,0,0.04,0
608,DEBIT,65.0,C1439427140,71.16,6.16,M3690714075,0.0,0.0,0,0.03333333333333333,0
477,PAYMENT,11.55,C6562457052,15.56,4.01,M4588312351,0.0,0.0,0,0.0,0
174,PAYMENT,1.13,C2191714875,18.67,17.54,M2155671697,0.0,0.0,0,0.0,0
347,CASH_OUT,1569.9,C1639509845,1555.42,0.0,M3145756342,0.0,0.0,1,0.13,0
704,TRANSFER,2404.02,C5600836559,2134.84,0.0,C9957813353,0.0,2404.02,1,0.37,0
187,PAYMENT,1.0,C5485387618,0.0,0.0,M9576264323,0.0,0.0,0,0.0,0
647,CASH_OUT,120.04,C7380780055,402.54,282.5,C7146318035,0.0,0.0,0,0.02666666666666667,0
675,PAYMENT,1406.74,C9303285822,4168.74,2762.0,M7366396017,0.0,0.0,0,0.0,0
391,PAYMENT,1.54,C1541964762,11825.36,11823.82,M7678293431,0.0,0.0,0,0.0,0
542,CASH_OUT,884.11,C7074050517,1120.09,235.98,C6155234610,0.0,0.0,1,0.03,0
464,PAYMENT,72.42,C5336127859,329.98,257.56,M9625656293,0.0,0.0,0,0.0,0
329,TRANSFER,3.8,C4647891535,26999.64,26995.84,C6173344564,57.18,60.98,0,0.1,0
713,TRANSFER,674.07,C3664052763,825.12,151.05,C2311597141,13.64,13.64,1,0.12666666666666668,0
447,TRANSFER,923.65,C3297096148,926.41,2.76,M2129491690,0.0,0.0,1,0.2866666666666667,0
534,CASH_OUT,4961.21,C8086684009,4261.93,0.0,M6651754819,0.0,0.0,1,0.22666666666666666,0
364,CASH_OUT,2442.42,C2789144223,2864.06,421.64,C4460967357,0.0,0.0,0,0.01,0
29,PAYMENT,37.95,C1547374338,66.03,28.08,M3566125120,0.0,0.0,0,0.0,0
73,TRANSFER,1414.82,C1139082827,50959.9,49545.08,C4015479599,10009.53,11424.35,0,0.0,0
45,PAYMENT,236.57,C1590985753,317.18,80.61,M9021793855,0.0,0.0,0,0.0,0
523,CASH_IN,67329.6,C5607762160,1.87,67331.47,C7666869046,0.0,0.0,0,0.0,0
399,CASH_OUT,144.02,C6300607425,193.82,49.8,C5407856339,22.91,22.91,0,0.01,0
492,TRANSFER,1.0,C7664258343,1.54,0.54,C9650701349,0.08,1.08,0,0.22333333333333333,0
545,PAYMENT,1.0,C2963288053,1.74,0.74,M9776500600,0.0,0.0,0,0.0,0
125,CASH_OUT,1.0,C3722583581,0.0,0.0,C3426709025,14.6,14.6,0,0.0033333333333333335,0
408,TRANSFER,2296.07,C8106401208,2341.9,45.83,M3476758136,0.0,0.0,1,0.44333333333333336,0
427,PAYMENT,1.0,C3875303857,0.0,0.0,M5315720088,0.0,0.0,0,0.0,0
196,TRANSFER,227.56,C2960432117,369.85,142.29,C1625217504,112.52,340.08,0,0.0033333333333333335,0
136,TRANSFER,98.68,C7760554363,139.56,40.88,C8189916797,16570.75,16669.43,0,0.0,0
449,DEBIT,1.0,C9388140708,0.0,0.0,M7192742877,0.0,0.0,0,0.04666666666666667,0
422,CASH_OUT,10.52,C6704841644,16.93,6.41,C8122042835,4.12,4.12,0,0.05,0
110,CASH_OUT,191.01,C2699887270,216.18,25.17,M7750131975,0.0,0.0,1,0.0,0
290,CASH_OUT,778.83,C3722583581,1031.36,252.53,M3705237613,0.0,0.0,1,0.013333333333333334,0
314,CASH_OUT,1.0,C2654584280,0.0,0.0,C6317152031,115126.51,115126.51,0,0.0,0
391,TRANSFER,5008.21,C8339176912,4853.64,0.0,M6606958660,0.0,0.0,1,0.7266666666666667,1
420,TRANSFER,1.0,C6493800024,0.0,0.0,C7374810067,0.0,1.0,0,0.20666666666666667,0
614,CASH_OUT,246.04,C4641561499,220.8,0.0,M2625035499,0.0,0.0,1,0.07666666666666666,0
393,CASH_OUT,59.42,C8418332121,59.78,0.36,M7951820749,0.0,0.0,1,0.043333333333333335,0
680,CASH_OUT,467.56,C4712367625,687.24,219.68,C4956843441,7.32,7.32,0,0.02666666666666667,0
567,PAYMENT,1.0,C2918260963,0.0,0.0,M8821456242,0.0,0.0,0,0.0,0
685,CASH_OUT,2607.78,C2327372855,3327.64,719.86,C2753617371,5.72,5.72,1,0.023333333333333334,0
628,PAYMENT,1.0,C6789292252,0.0,0.0,M1732578761,0.0,0.0,0,0.0,0
159,CASH_OUT,2450.27,C6027311960,2381.95,0.0,M7713758036,0.0,0.0,1,0.056666666666666664,0
262,CASH_OUT,125.8,C7099469983,146.45,20.65,C8880184233,1.84,1.84,1,0.006666666666666667,0
348,CASH_OUT,237.63,C6588316233,303.13,65.5,M8910440683,0.0,0.0,1,0.013333333333333334,0
662,TRANSFER,716.58,C5634076661,861.3,144.72,C6929897032,390.64,1107.22,0,0.03333333333333333,0
289,PAYMENT,23801.1,C9508499533,40124.41,16323.31,M2625035499,0.0,0.0,0,0.0,0
179,PAYMENT,68.84,C8666074487,78.28,9.44,M3580582653,0.0,0.0,0,0.0,0
568,TRANSFER,1.01,C2947476917,1.65,0.64,C8137764127,0.99,2.0,0,0.22,0
299,PAYMENT,4.88,C1131267917,15.0,10.12,M2778069478,0.0,0.0,0,0.0,0
691,TRANSFER,51770.77,C4289233844,74072.34,22301.57,C1233079614,0.0,51770.77,0,0.0,0
486,PAYMENT,6.09,C7904559790,29.71,23.62,M4399143287,0.0,0.0,0,0.0,0
55,TRANSFER,858.28,C2566942273,978.03,119.75,C8015775567,20980.62,21838.9,0,0.0,0
192,PAYMENT,1.0,C7083067988,0.0,0.0,M6284297249,0.0,0.0,0,0.0,0
388,TRANSFER,2146.3,C4039019230,1924.63,0.0,C6237376063,4010.14,6156.44,1,0.016666666666666666,0
179,CASH_OUT,3324.62,C1654477195,4232.15,907.53,M2249831874,0.0,0.0,1,0.0,0
401,TRANSFER,1.0,C1939777262,0.0,0.0,C3515167269,1328.44,1329.44,0,0.01,0
414,PAYMENT,1.74,C4682870880,902.77,901.03,M8626371177,0.0,0.0,0,0.0,0
334,TRANSFER,48.27,C8236361108,73.02,24.75,C3389594115,0.0,48.27,0,0.15,0
717,TRANSFER,11.32,C9249923427,15.83,4.51,C1484664056,0.0,11.32,0,0.17666666666666667,0
356,PAYMENT,1.0,C9703905715,0.0,0.0,M4035639663,0.0,0.0,0,0.0,0
160,DEBIT,185.11,C5646880148,639.68,454.57,M2187592160,0.0,0.0,0,0.013333333333333334,0
176,TRANSFER,1.0,C7038841740,0.46,0.0,C5694848867,0.0,1.0,0,0.22333333333333333,0
519,PAYMENT,94.79,C8923555411,114.92,20.13,M7050091525,0.0,0.0,0,0.0,0
627,CASH_OUT,2818.23,C3109688769,2546.42,0.0,M6992094064,0.0,0.0,1,0.17333333333333334,0
644,DEBIT,706.23,C4302632494,1224.04,517.81,M5315720088,0.0,0.0,0,0.03,0
190,TRANSFER,2365.44,C7311011808,2921.95,556.51,C3780475472,129803.47,129803.47,1,0.0,0
276,TRANSFER,2109.21,C8350384902,2741.38,632.17,C2625792787,451.9,451.9,1,0.0033333333333333335,0
468,PAYMENT,1.0,C6620138568,0.0,0.0,M1857561275,0.0,0.0,0,0.0,0
99,TRANSFER,852.14,C2176904638,741.14,0.0,M6101516825,0.0,0.0,1,0.2966666666666667,0
362,PAYMENT,1.62,C2351531223,6.96,5.34,M7230477043,0.0,0.0,0,0.0,0
673,TRANSFER,21145.34,C9663561486,19684.06,0.0,M2518433834,0.0,0.0,1,0.89,1
337,DEBIT,1.0,C9903351330,1.13,0.13,M9900829971,0.0,0.0,0,0.04,0
676,TRANSFER,461.09,C8588769565,569.91,108.82,C9533595495,79.36,540.45,1,0.06,0
621,TRANSFER,128.2,C9526836552,116.61,0.0,C7666129822,0.0,0.0,1,0.23666666666666666,0
75,PAYMENT,617.44,C9078786223,831.94,214.5,M3223687972,0.0,0.0,0,0.0,0
47,PAYMENT,1.0,C5993571693,0.0,0.0,M7230477043,0.0,0.0,0,0.0,0
647,CASH_OUT,13875.99,C3465883999,138630.39,124754.4,C1131671246,1210.81,1210.81,0,0.0,0
650,TRANSFER,68.07,C9553561889,66.54,0.0,M4211837506,0.0,0.0,1,0.24,0
484,PAYMENT,1.0,C6714723660,0.0,0.0,M6275155878,0.0,0.0,0,0.0,0
85,PAYMENT,1.0,C4734111722,2.29,1.29,M7969674420,0.0,0.0,0,0.0,0
491,CASH_OUT,1.0,C6691628146,0.0,0.0,C7508522951,0.0,0.0,0,0.06666666666666667,0
478,PAYMENT,2.38,C8075122626,2.67,0.29,M3636366799,0.0,0.0,0,0.0,0
485,TRANSFER,4025.42,C2452066459,4311.74,286.32,C4431078106,0.0,0.0,1,0.32666666666666666,0
719,DEBIT,1.0,C3716924538,0.0,0.0,M8218146534,0.0,0.0,0,0.04666666666666667,0
143,TRANSFER,1.0,C8969097897,0.0,0.0,C1600337712,409.52,410.52,0,0.01,0
358,DEBIT,1.0,C6448001026,0.0,0.0,M4522855590,0.0,0.0,0,0.04,0
587,CASH_OUT,150.45,C8239941612,663.41,512.96,C6102144947,108.42,108.42,0,0.023333333333333334,0
534,CASH_OUT,1.0,C4558302256,1.35,0.35,C4256292393,6.38,6.38,0,0.05333333333333334,0
720,CASH_OUT,2970.41,C1691293717,3042.9,72.49,M5156392601,0.0,0.0,1,0.06333333333333334,0
376,TRANSFER,312.56,C8760642358,383.52,70.96,M4242579642,0.0,0.0,1,0.15666666666666668,0
77,PAYMENT,18.63,C5376302686,260.63,242.0,M7764117705,0.0,0.0,0,0.0,0
346,PAYMENT,248.58,C1271730355,295.32,46.74,M7948094928,0.0,0.0,0,0.0,0
73,CASH_OUT,109.27,C1225052083,469.42,360.15,C5829062179,12392.89,12392.89,0,0.01,0
488,PAYMENT,13489.91,C4070964768,62288.42,48798.51,M2115406331,0.0,0.0,0,0.0,0
177,PAYMENT,1.0,C8763140509,0.61,0.0,M8861351706,0.0,0.0,0,0.0,0
246,TRANSFER,9.21,C5952894290,10.49,1.28,C3713284816,0.0,9.21,0,0.17666666666666667,0
220,PAYMENT,7.75,C6329323383,32.62,24.87,M2155671697,0.0,0.0,0,0.0,0
235,CASH_OUT,1.0,C2549748436,0.0,0.0,C7340428136,3.11,3.11,0,0.013333333333333334,0
488,CASH_OUT,1.0,C5201221330,0.0,0.0,C3836517266,87.26,87.26,0,0.06666666666666667,0
101,TRANSFER,2970.02,C6674372082,2911.92,0.0,M6495967005,0.0,0.0,1,0.8366666666666667,1
429,CASH_OUT,2305.87,C8923555411,2620.86,314.99,M7948094928,0.0,0.0,1,0.05333333333333334,0
334,PAYMENT,1.0,C7098134112,0.33,0.0,M8643636805,0.0,0.0,0,0.0,0
624,CASH_OUT,1677.03,C1862812038,1560.79,0.0,M4329446784,0.0,0.0,1,0.17,0
65,CASH_OUT,2469.93,C3412365931,2745.59,275.66,M7928143230,0.0,0.0,1,0.0,0
665,TRANSFER,1.0,C5072538783,0.0,0.0,C2071552532,9.46,10.46,0,0.19333333333333333,0
10,PAYMENT,1.0,C9911329062,0.0,0.0,M9776500600,0.0,0.0,0,0.0,0
467,PAYMENT,1.0,C3853978147,0.0,0.0,M1122712790,0.0,0.0,0,0.0,0
83,CASH_OUT,1395.15,C5334769475,1746.88,351.73,M7702529931,0.0,0.0,1,0.0,0
370,PAYMENT,43.8,C6288227800,72.72,28.92,M6045729129,0.0,0.0,0,0.0,0
211,CASH_OUT,8.2,C1470939445,8.77,0.57,C7640122370,0.0,0.0,0,0.013333333333333334,0
694,TRANSFER,9.75,C1674555072,11.81,2.06,C9663561486,0.0,9.75,0,0.18333333333333332,0
617,TRANSFER,683.04,C2721355673,591.49,0.0,M9065458220,0.0,0.0,1,0.27,0
352,PAYMENT,1.0,C2602884797,0.0,0.0,M8548290298,0.0,0.0,0,0.0,0
57,TRANSFER,223.39,C2268006448,405.29,181.9,C9704383251,0.0,223.39,0,0.02666666666666667,0
709,PAYMENT,33.21,C9725528903,1288.78,1255.57,M5734228580,0.0,0.0,0,0.0,0
537,TRANSFER,2116.74,C2283298067,2222.43,105.69,C7951902330,0.0,0.0,1,0.4666666666666667,0
250,PAYMENT,1.0,C6710338189,0.0,0.0,M7678293431,0.0,0.0,0,0.0,0
449,PAYMENT,1.0,C3910678913,0.0,0.0,M8030400668,0.0,0.0,0,0.0,0
49,TRANSFER,19.83,C5283911723,22.58,2.75,C5485387618,0.0,19.83,0,0.17,0
261,PAYMENT,8.53,C3837784389,25.78,17.25,M1240140248,0.0,0.0,0,0.0,0
351,PAYMENT,28.35,C3128675098,50.13,21.78,M5067400473,0.0,0.0,0,0.0,0
441,PAYMENT,5.8,C1251837136,71.19,65.39,M9576264323,0.0,0.0,0,0.0,0
516,TRANSFER,1.0,C1590838716,0.0,0.0,C9894847574,0.0,1.0,0,0.22333333333333333,0
438,TRANSFER,1.0,C7640122370,0.0,0.0,C4660390742,0.0,1.0,0,0.22,0
505,TRANSFER,1.0,C2963288053,0.74,0.0,C5031086659,28.2,29.2,0,0.18333333333333332,0
420,CASH_OUT,2577.65,C7772180882,2551.9,0.0,M6999146585,0.0,0.0,1,0.36666666666666664,0
651,TRANSFER,3204.18,C2756070122,3085.66,0.0,C1116402431,0.0,0.0,1,0.94,1
393,PAYMENT,1.0,C3412273600,1.0,0.0,M6992094064,0.0,0.0,0,0.0,0
719,PAYMENT,1.0,C4026113008,0.0,0.0,M3660800029,0.0,0.0,0,0.0,0
691,CASH_OUT,1179.57,C4287687478,32186.4,31006.83,C3376077463,119.1,119.1,0,0.01,0
208,CASH_OUT,1.0,C7100408092,0.28,0.0,C3758823240,1075.94,1075.94,0,0.006666666666666667,0
106,TRANSFER,75.72,C9451577335,92.83,17.11,C3271361431,85.58,161.3,0,0.043333333333333335,0
693,TRANSFER,1.0,C2126077199,0.0,0.0,C7601519165,0.0,1.0,0,0.22,0
54,TRANSFER,63.07,C5364727160,76.7,13.63,C9103115140,111436.37,111499.44,1,0.0033333333333333335,0
349,TRANSFER,4562.85,C9744120054,4550.05,0.0,C4308701294,320.34,4883.19,1,0.016666666666666666,0
187,PAYMENT,1976.58,C5421051452,2181.26,204.68,M4896576569,0.0,0.0,0,0.0,0
44,CASH_OUT,3130.27,C2295574037,3529.9,399.63,M6865994703,0.0,0.0,1,0.0,0
293,PAYMENT,1.0,C7499349987,0.39,0.0,M7532669066,0.0,0.0,0,0.0,0
503,PAYMENT,38.33,C4946081594,141.23,102.9,M3705237613,0.0,0.0,0,0.0,0
397,CASH_OUT,179.28,C5476654128,256.25,76.97,C8923555411,314.99,314.99,0,0.013333333333333334,0
524,PAYMENT,1.0,C6921525436,0.0,0.0,M6606958660,0.0,0.0,0,0.0,0
543,TRANSFER,5133.06,C7568861677,5567.44,434.38,M1096405016,0.0,0.0,1,0.32,0
420,TRANSFER,464.95,C6777263354,433.74,0.0,M1083302600,0.0,0.0,1,0.22,0
577,CASH_OUT,1.0,C2125089309,0.0,0.0,C3713284816,9.21,9.21,0,0.056666666666666664,0
190,PAYMENT,6.89,C7763765757,19.92,13.03,M8443061472,0.0,0.0,0,0.0,0
26,PAYMENT,1.0,C5903457537,0.0,0.0,M4158643786,0.0,0.0,0,0.0,0
385,CASH_OUT,297.62,C2076341629,256.7,0.0,M3317856944,0.0,0.0,1,0.056666666666666664,0
179,TRANSFER,378.33,C2940955281,325.17,0.0,M3297681898,0.0,0.0,1,0.23,0
152,PAYMENT,40.84,C5151887478,66.24,25.4,M9921025990,0.0,0.0,0,0.0,0
501,PAYMENT,1.0,C8901585274,0.0,0.0,M6041646576,0.0,0.0,0,0.0,0
43,DEBIT,214.18,C7088451458,227.48,13.3,M3119908041,0.0,0.0,0,0.02,0
531,TRANSFER,34.25,C6470052645,56.8,22.55,C5269728610,0.0,34.25,0,0.17,0
684,TRANSFER,1.0,C4636537575,1.0,0.0,C8636525027,0.0,1.0,0,0.22,0
367,PAYMENT,250.82,C3528924461,1245.88,995.06,M5959736235,0.0,0.0,0,0.0,0
126,TRANSFER,16554.53,C3107125807,39310.8,22756.27,C8823677798,0.99,16555.52,0,0.0,0
220,DEBIT,1.0,C9958044697,0.0,0.0,M7514017540,0.0,0.0,0,0.03,0
115,TRANSFER,1080.89,C1834624758,1317.71,236.82,C9863781331,0.0,1080.89,0,0.0033333333333333335,0
118,TRANSFER,332.62,C3869963931,295.9,0.0,M7192742877,0.0,0.0,1,0.23,0
435,CASH_OUT,68.96,C4997866845,61.05,0.0,M6011842297,0.0,0.0,1,0.09666666666666666,0
245,CASH_OUT,2425.27,C5625411308,2064.03,0.0,M8910440683,0.0,0.0,1,0.07666666666666666,0
658,TRANSFER,3630.64,C5578929439,4875.21,1244.57,M5570190774,0.0,0.0,1,0.32666666666666666,0
360,PAYMENT,1.0,C4735313433,0.0,0.0,M4892544235,0.0,0.0,0,0.0,0
434,TRANSFER,9.24,C6583444930,16.57,7.33,C4641561499,0.0,9.24,0,0.16333333333333333,0
145,PAYMENT,4.78,C3553440342,6.64,1.86,M6845287382,0.0,0.0,0,0.0,0
417,PAYMENT,5.08,C2854772804,24.57,19.49,M1666898313,0.0,0.0,0,0.0,0
73,CASH_OUT,65.9,C1546696950,406.71,340.81,C4641561499,9.24,9.24,0,0.0033333333333333335,0
184,CASH_OUT,56259.02,C5694190173,54900.03,0.0,M9404002665,0.0,0.0,1,0.01,0
583,TRANSFER,15045.71,C5933179746,26337.97,11292.26,C5187948804,87.53,15133.24,0,0.0,0
510,TRANSFER,335.85,C4310415016,434.2,98.35,M2635881694,0.0,0.0,1,0.17,0
443,PAYMENT,624.14,C5220094152,52398.05,51773.91,M6659847491,0.0,0.0,0,0.0,0
495,TRANSFER,468.04,C8991678061,540.43,72.39,C6715961218,4000.74,4000.74,1,0.03333333333333333,0
627,PAYMENT,1.25,C6982610835,3.79,2.54,M6651754819,0.0,0.0,0,0.0,0
189,CASH_OUT,32.04,C8458717057,44.15,12.11,C2948728483,20649.54,20649.54,0,0.0,0
120,TRANSFER,1.0,C1939777262,0.0,0.0,C3074232200,1.21,2.21,0,0.22333333333333333,0
106,CASH_OUT,3829.19,C8689593739,4639.24,810.05,M5990749811,0.0,0.0,1,0.0,0
103,CASH_OUT,1.0,C8612747444,0.0,0.0,C1417436465,21637.93,21637.93,0,0.0,0
191,PAYMENT,1.0,C8274219704,1.96,0.96,M3145756342,0.0,0.0,0,0.0,0
387,PAYMENT,1.0,C8252816758,0.0,0.0,M3192202822,0.0,0.0,0,0.0,0
479,PAYMENT,1.0,C3893976444,0.0,0.0,M9523139706,0.0,0.0,0,0.0,0
429,CASH_OUT,9.47,C7904559790,23.62,14.15,C8691288568,0.0,0.0,0,0.043333333333333335,0
188,PAYMENT,17.2,C3821211202,33.12,15.92,M1783432867,0.0,0.0,0,0.0,0
660,CASH_OUT,1291.17,C3515167269,1329.44,38.27,M3119908041,0.0,0.0,1,0.03666666666666667,0
695,TRANSFER,18.04,C5461537013,87.77,69.73,C1553753599,7.85,25.89,0,0.13666666666666666,0
472,CASH_OUT,1.0,C6517150278,0.0,0.0,C5212581851,0.0,0.0,0,0.09,0
317,CASH_OUT,148.43,C6947080764,169.4,20.97,C6493800024,0.0,0.0,0,0.013333333333333334,0
84,PAYMENT,20.95,C3380064537,43.94,22.99,M6763471833,0.0,0.0,0,0.0,0
338,DEBIT,1.0,C1364994639,0.0,0.0,M6384311581,0.0,0.0,0,0.04,0
44,CASH_OUT,417.35,C9410288290,352.98,0.0,M6498703287,0.0,0.0,1,0.006666666666666667,0
303,PAYMENT,2.25,C3106408413,7.38,5.13,M8727805468,0.0,0.0,0,0.0,0
483,CASH_OUT,4495.32,C8419590655,3750.5,0.0,M2711123163,0.0,0.0,1,0.36,0
442,TRANSFER,55.15,C5227828349,266.46,211.31,C1513003815,6.28,61.43,0,0.09333333333333334,0
398,PAYMENT,1.0,C8809871735,0.71,0.0,M9020002737,0.0,0.0,0,0.0,0
173,TRANSFER,787.64,C7640078465,804.58,16.94,M2778069478,0.0,0.0,1,0.18,0
613,PAYMENT,110.81,C3367665472,1181.13,1070.32,M3580582653,0.0,0.0,0,0.0,0
673,CASH_OUT,1902.33,C6418365941,1814.13,0.0,C2578662692,3.96,3.96,1,0.16333333333333333,0
405,TRANSFER,26236.48,C4965395580,31877.72,5641.24,M8728631945,0.0,0.0,1,0.25,0
689,PAYMENT,1.0,C8048810275,0.0,0.0,M2391874847,0.0,0.0,0,0.0,0
519,PAYMENT,1.0,C4014119648,1.0,0.0,M4665677395,0.0,0.0,0,0.0,0
710,PAYMENT,1.0,C2423995953,0.0,0.0,M6763471833,0.0,0.0,0,0.0,0
138,TRANSFER,194.41,C1195066088,202.75,8.34,M6284297249,0.0,0.0,1,0.15666666666666668,0
157,CASH_OUT,117.75,C2646331504,218.1,100.35,C1431494396,291.6,291.6,0,0.013333333333333334,0
3,CASH_OUT,3801.07,C4311931853,3307.64,0.0,M1122712790,0.0,0.0,1,0.08333333333333333,0
582,PAYMENT,1021.99,C6169243284,3992.03,2970.04,M6846530109,0.0,0.0,0,0.0,0
115,TRANSFER,39570.17,C6698759353,47428.25,7858.08,C7431813987,0.0,0.0,1,0.23666666666666666,0
55,PAYMENT,1.29,C7799567490,2.69,1.4,M1802753761,0.0,0.0,0,0.0,0
75,PAYMENT,32.66,C1439921366,34.84,2.18,M9896529524,0.0,0.0,0,0.0,0
98,CASH_OUT,4657.01,C1657675888,4558.29,0.0,M7702529931,0.0,0.0,1,0.04666666666666667,0
59,TRANSFER,804.33,C4751509023,743.27,0.0,M6606958660,0.0,0.0,1,0.2966666666666667,0
543,CASH_OUT,1.0,C9309500117,0.0,0.0,C6613888489,945.21,945.21,0,0.04666666666666667,0
449,CASH_OUT,55.46,C6554972315,67.09,11.63,C2918260963,0.0,0.0,0,0.05333333333333334,0
85,PAYMENT,241.43,C6952554500,687.85,446.42,M8964269909,0.0,0.0,0,0.0,0
182,CASH_OUT,2713.63,C1664885408,2903.87,190.24,M3322580659,0.0,0.0,1,0.0,0
627,DEBIT,283.32,C1643611097,575.53,292.21,M8276498637,0.0,0.0,0,0.02666666666666667,0
281,TRANSFER,3686.43,C7061419749,4675.39,988.96,M7948094928,0.0,0.0,1,0.21666666666666667,0
417,PAYMENT,1.0,C5433722159,0.0,0.0,M9398575277,0.0,0.0,0,0.0,0
378,PAYMENT,1.0,C4636537575,0.0,0.0,M5959736235,0.0,0.0,0,0.0,0
695,PAYMENT,1.0,C9202102595,0.0,0.0,M5815678365,0.0,0.0,0,0.0,0
471,TRANSFER,1923.08,C5100282913,1672.13,0.0,M7651029165,0.0,0.0,1,0.5433333333333333,1
437,PAYMENT,77.15,C3149484176,255.82,178.67,M6525576685,0.0,0.0,0,0.0,0
238,TRANSFER,37.1,C4227004325,50.48,13.38,C2670036982,25.97,63.07,0,0.11,0
474,PAYMENT,2.7,C6720396142,7.77,5.07,M7340036327,0.0,0.0,0,0.0,0
422,TRANSFER,2445.24,C2515672889,2088.71,0.0,M4554178984,0.0,0.0,1,0.74,1
562,TRANSFER,13.8,C8394198376,25.31,11.51,C7872873371,251.38,265.18,0,0.07,0
303,CASH_IN,115614.8,C2970753705,4.9,115619.7,C1182758417,0.0,0.0,0,0.0,0
250,CASH_IN,114341.87,C2188332531,70.87,114412.74,C1613549255,450.23,450.23,0,0.0,0
364,PAYMENT,115.84,C8532327465,791.15,675.31,M3156792018,0.0,0.0,0,0.0,0
318,TRANSFER,1748.96,C4719780110,2415.73,666.77,M3690714075,0.0,0.0,1,0.18333333333333332,0
99,TRANSFER,4285.1,C8208643631,4323.56,38.46,M6790024996,0.0,0.0,1,0.47,0
213,TRANSFER,3.02,C7085004726,4.6,1.58,C9094089209,36.83,39.85,0,0.11666666666666667,0
710,CASH_OUT,1.0,C4460967357,0.0,0.0,C2073755632,103.86,103.86,0,0.043333333333333335,0
459,CASH_IN,58224.67,C4600630513,16.31,58240.98,C3280805846,2076.0,2076.0,0,0.0,0
336,TRANSFER,3131.54,C8636525027,3420.63,289.09,M8728631945,0.0,0.0,1,0.22,0
440,PAYMENT,99.03,C4466589567,36337.69,36238.66,M6606958660,0.0,0.0,0,0.0,0
100,CASH_OUT,3327.23,C2289624427,3095.71,0.0,M7168105904,0.0,0.0,1,0.05,0
600,CASH_OUT,2676.47,C4572433066,3594.92,918.45,M2625035499,0.0,0.0,1,0.02666666666666667,0
31,CASH_OUT,3736.23,C5694628398,3522.26,0.0,M6041646576,0.0,0.0,1,0.04,0
417,CASH_OUT,4933.19,C5578056564,4901.38,0.0,M3690714075,0.0,0.0,1,0.27,0
620,PAYMENT,38.23,C2227193073,6549.19,6510.96,M3636366799,0.0,0.0,0,0.0,0
277,PAYMENT,1.0,C5903457537,0.0,0.0,M7960713821,0.0,0.0,0,0.0,0
386,TRANSFER,744.92,C7640078465,987.08,242.16,M3119908041,0.0,0.0,1,0.11,0
379,TRANSFER,356.45,C7292076361,499.85,143.4,M2839566253,0.0,0.0,1,0.14666666666666667,0
420,TRANSFER,1.0,C1818520766,0.0,0.0,C5913767020,23.88,24.88,0,0.16666666666666666,0
150,CASH_OUT,45.25,C5759272717,98.32,53.07,C8684942020,6.57,6.57,0,0.0033333333333333335,0
185,TRANSFER,21118.5,C4455798713,19400.82,0.0,M9576264323,0.0,0.0,1,0.8533333333333334,1
583,TRANSFER,569.7,C4106464319,502.94,0.0,C6952554500,446.42,446.42,1,0.13,0
679,CASH_OUT,30.18,C2079501936,51.1,20.92,C5951406973,329.83,329.83,0,0.02,0
86,TRANSFER,91.11,C3328710672,110.53,19.42,C9730449971,0.0,0.0,1,0.16666666666666666,0
233,CASH_OUT,169.11,C6161147047,229.65,60.54,C6496596008,58827.45,58827.45,0,0.0,0
609,CASH_OUT,2515.86,C6204862411,2557.03,41.17,C2125089309,0.0,0.0,1,0.03666666666666667,0
65,TRANSFER,83.97,C6121801720,94.28,10.31,M4892544235,0.0,0.0,1,0.17,0
334,TRANSFER,1.0,C6623360831,0.0,0.0,C4627032705,321.88,322.88,0,0.01,0
235,CASH_OUT,276.37,C8690920484,232.67,0.0,M8821456242,0.0,0.0,1,0.02666666666666667,0
635,DEBIT,1.0,C8252816758,0.0,0.0,M5564953924,0.0,0.0,0,0.05333333333333334,0
654,PAYMENT,2246.38,C6618926823,2441.49,195.11,M7537130187,0.0,0.0,0,0.0,0
575,TRANSFER,1.0,C3424843951,0.0,0.0,C4655935832,1.84,2.84,0,0.23,0
96,CASH_OUT,42.48,C1506211965,45.55,3.07,C7685540186,553.91,553.91,0,0.0033333333333333335,0
110,PAYMENT,117.65,C6585609060,426.84,309.19,M2156184315,0.0,0.0,0,0.0,0
630,CASH_OUT,121.12,C6097953682,119.18,0.0,C4590711152,0.0,0.0,1,0.07666666666666666,0
470,TRANSFER,21956.09,C9303765140,19529.9,0.0,C1094115188,0.46,0.46,1,0.8633333333333333,1
212,TRANSFER,258.68,C3074232200,227.77,0.0,C4530959836,4623.16,4881.84,1,0.0,0
682,TRANSFER,131.13,C2266622851,164.98,33.85,C5292015249,352.33,352.33,1,0.06333333333333334,0
659,CASH_IN,4323.1,C4751509023,0.0,4323.1,C7895255573,4.12,4.12,0,0.0,0
500,TRANSFER,1075.85,C2843567009,987.66,0.0,M7702529931,0.0,0.0,1,0.4,0
475,PAYMENT,223.18,C7552812957,324.67,101.49,M5585110649,0.0,0.0,0,0.0,0
285,PAYMENT,23.3,C1205082311,26.33,3.03,M4158643786,0.0,0.0,0,0.0,0
94,CASH_IN,92419.75,C7627266377,674.26,93094.01,C5100282913,0.0,0.0,0,0.0,0
693,CASH_OUT,1.0,C5275521470,0.0,0.0,C9989642546,1.06,1.06,0,0.056666666666666664,0
579,PAYMENT,1.0,C4747699292,0.0,0.0,M6606958660,0.0,0.0,0,0.0,0
494,CASH_OUT,4116.46,C4683935600,4742.04,625.58,M2869931869,0.0,0.0,1,0.03333333333333333,0
505,CASH_OUT,1.0,C6562434335,0.0,0.0,C8809871735,0.0,0.0,0,0.06,0
666,PAYMENT,30.39,C8012696455,51.5,21.11,M8903212516,0.0,0.0,0,0.0,0
147,CASH_OUT,417.88,C8055556030,540.82,122.94,C8556573246,1400.52,1400.52,0,0.016666666666666666,0
400,PAYMENT,2.53,C3815287619,5.44,2.91,M6525576685,0.0,0.0,0,0.0,0
322,TRANSFER,4008.37,C5364727160,4264.81,256.44,M5714658227,0.0,0.0,1,0.22666666666666666,0
625,PAYMENT,1.0,C1600566083,0.0,0.0,M2129491690,0.0,0.0,0,0.0,0
415,PAYMENT,88.24,C2687477596,126.16,37.92,M5156392601,0.0,0.0,0,0.0,0
441,PAYMENT,608.26,C5539308214,883.52,275.26,M6384311581,0.0,0.0,0,0.0,0
90,PAYMENT,25.4,C3515167269,38.27,12.87,M9977193987,0.0,0.0,0,0.0,0
320,CASH_OUT,1.58,C1494287462,1.68,0.1,C4073772623,0.0,0.0,0,0.03666666666666667,0
166,PAYMENT,1.0,C2924568778,0.0,0.0,M7717262223,0.0,0.0,0,0.0,0
637,CASH_OUT,1053.37,C1099541460,1288.92,235.55,C3869963931,0.0,0.0,1,0.02666666666666667,0
41,TRANSFER,8.27,C1131267917,10.12,1.85,C5275521470,0.0,8.27,0,0.17333333333333334,0
524,DEBIT,1.0,C2602884797,0.0,0.0,M9977193987,0.0,0.0,0,0.043333333333333335,0
212,DEBIT,2.61,C1506211965,3.07,0.46,M5734228580,0.0,0.0,0,0.03,0
310,TRANSFER,24.77,C6868336102,54.32,29.55,C9428056968,340.94,365.71,0,0.0,0
588,CASH_OUT,4.67,C5297902885,7.74,3.07,C1626733282,174.09,174.09,0,0.03666666666666667,0
167,CASH_OUT,3251.13,C2952996248,3800.2,549.07,M6495967005,0.0,0.0,1,0.0,0
19,CASH_OUT,330.39,C1248704157,312.99,0.0,C4706249669,0.0,0.0,1,0.0033333333333333335,0
600,CASH_OUT,2125.14,C5129478722,2366.96,241.82,C1375899416,6.68,6.68,0,0.023333333333333334,0
652,DEBIT,13.91,C5268845844,19.0,5.09,M3313346852,0.0,0.0,0,0.03,0
211,PAYMENT,1.0,C4643576871,0.0,0.0,M2586712032,0.0,0.0,0,0.0,0
677,PAYMENT,46.88,C9954587710,69.39,22.51,M9921025990,0.0,0.0,0,0.0,0
676,PAYMENT,1889.86,C6340003593,7062.74,5172.88,M9444143872,0.0,0.0,0,0.0,0
288,PAYMENT,107.68,C3343292475,17753.6,17645.92,M4035639663,0.0,0.0,0,0.0,0
397,CASH_OUT,1.31,C4277581356,10685.51,10684.2,C7949795085,6.2,6.2,0,0.0,0
254,TRANSFER,4085.49,C8638763775,3551.06,0.0,M9444143872,0.0,0.0,1,0.8333333333333334,1
299,TRANSFER,1299.94,C2924568778,1497.08,197.14,C3470617247,0.0,0.0,1,0.11666666666666667,0
1,PAYMENT,1.0,C2602884797,0.0,0.0,M5714658227,0.0,0.0,0,0.0,0
376,PAYMENT,47.38,C4807122420,217.47,170.09,M9255306810,0.0,0.0,0,0.0,0
333,CASH_OUT,4626.0,C4847761430,11626.6,7000.6,C2570991899,286.99,286.99,0,0.0033333333333333335,0
159,PAYMENT,1.0,C4907446848,0.0,0.0,M2541015125,0.0,0.0,0,0.0,0
598,CASH_OUT,398.1,C6392415228,513.22,115.12,C2625792787,451.9,451.9,1,0.02666666666666667,0
38,TRANSFER,1.0,C7910817577,0.0,0.0,C8322868827,2.86,3.86,0,0.22,0
43,CASH_OUT,886.58,C2350701477,1240.32,353.74,C8184602688,25.95,25.95,1,0.0,0
503,PAYMENT,234.21,C2524751277,265.58,31.37,M9776500600,0.0,0.0,0,0.0,0
86,DEBIT,8.83,C3515167269,12.87,4.04,M2916502228,0.0,0.0,0,0.023333333333333334,0
336,TRANSFER,1.0,C7736142481,0.0,0.0,C9630522755,40.23,41.23,0,0.15333333333333332,0
687,TRANSFER,2197.93,C9484167278,2619.61,421.68,C7551874474,1165.81,1165.81,1,0.06333333333333334,0
150,CASH_OUT,1.0,C3598862507,0.0,0.0,C8178927766,25.14,25.14,0,0.0,0
4,TRANSFER,2130.84,C9911329062,2555.48,424.64,C4012917912,0.66,0.66,1,0.18,0
428,TRANSFER,830.21,C5759234471,1044.71,214.5,M5959736235,0.0,0.0,1,0.13666666666666666,0
487,PAYMENT,1.0,C6448324230,0.0,0.0,M5734228580,0.0,0.0,0,0.0,0
713,TRANSFER,115.45,C7671041685,96.67,0.0,M5734228580,0.0,0.0,1,0.22333333333333333,0
234,CASH_OUT,4328.85,C8300300577,4100.44,0.0,M2625035499,0.0,0.0,1,0.07333333333333333,0
105,TRANSFER,14224.58,C2267619081,15451.96,1227.38,C4662861038,248.28,14472.86,0,0.0,0
486,TRANSFER,82.72,C6178804925,227.98,145.26,C8316205130,0.0,82.72,0,0.14333333333333334,0
376,DEBIT,9372.71,C1417436465,21637.93,12265.22,M2303835765,0.0,0.0,0,0.016666666666666666,0
448,PAYMENT,1.42,C7333316743,4.9,3.48,M7453081889,0.0,0.0,0,0.0,0
231,PAYMENT,1.0,C7838460497,0.0,0.0,M4399143287,0.0,0.0,0,0.0,0
605,PAYMENT,1.0,C5569145346,0.0,0.0,M6011842297,0.0,0.0,0,0.0,0
270,TRANSFER,567.99,C8369792370,1619.12,1051.13,C8584566722,1144.54,1712.53,0,0.0,0
49,PAYMENT,566.19,C6944371787,8873.67,8307.48,M3846182436,0.0,0.0,0,0.0,0
500,PAYMENT,19.07,C6882074066,66.81,47.74,M2115862756,0.0,0.0,0,0.0,0
322,CASH_OUT,151.47,C3271361431,161.3,9.83,C5646751885,0.28,0.28,1,0.016666666666666666,0
641,TRANSFER,1.0,C1094115188,0.46,0.0,C6534540349,55.15,56.15,0,0.18,0
374,CASH_OUT,352.01,C5613655595,502.54,150.53,C5952163720,1.17,1.17,0,0.02,0
97,TRANSFER,317.51,C5292015249,352.33,34.82,M4093474499,0.0,0.0,1,0.16333333333333333,0
644,CASH_IN,143781.39,C9147736635,21522.33,165303.72,C3791815554,161.12,161.12,0,0.0,0
572,CASH_OUT,3013.91,C9986353481,3717.78,703.87,M9026301048,0.0,0.0,1,0.02666666666666667,0
699,CASH_OUT,132.56,C3149484176,178.67,46.11,C7209571615,0.0,0.0,0,0.03,0
587,PAYMENT,8122.31,C2801177461,9859.15,1736.84,M3517195150,0.0,0.0,0,0.0,0
244,CASH_OUT,1.65,C2612579345,2.15,0.5,C7508080884,611.83,611.83,0,0.013333333333333334,0
39,TRANSFER,780.15,C3420671425,843.82,63.67,M9631695368,0.0,0.0,1,0.18,0
653,PAYMENT,1.0,C4039019230,0.0,0.0,M5990749811,0.0,0.0,0,0.0,0
503,TRANSFER,1.0,C9147687657,0.0,0.0,C7083067988,0.0,1.0,0,0.22333333333333333,0
239,PAYMENT,1101.11,C6317189421,63526.05,62424.94,M8389750357,0.0,0.0,0,0.0,0
517,CASH_OUT,20.66,C2699887270,25.17,4.51,C5975196341,19.15,19.15,0,0.03666666666666667,0
232,CASH_OUT,298.93,C8086684009,329.94,31.01,M7366396017,0.0,0.0,1,0.0033333333333333335,0
535,TRANSFER,949.52,C4990452762,1584.68,635.16,C7579604766,123.7,1073.22,0,0.03,0
678,CASH_OUT,25.38,C5461537013,69.73,44.35,C5135595227,37.75,37.75,0,0.02666666666666667,0
56,CASH_OUT,81.51,C7597996327,241.51,160.0,C4794276323,145.11,145.11,0,0.0033333333333333335,0
609,TRANSFER,607.34,C5754363475,1076.62,469.28,C7596745715,485.59,1092.93,0,0.03,0
343,CASH_OUT,29.79,C6206015111,35.63,5.84,C3777580509,0.0,0.0,0,0.013333333333333334,0
72,CASH_IN,12509.69,C3424843951,0.0,12509.69,C9981364488,1252.2,1252.2,0,0.0,0
95,CASH_OUT,4760.91,C4550353803,8732.77,3971.86,C6642266247,2143.51,2143.51,0,0.0,0
532,PAYMENT,1.0,C5903457537,0.0,0.0,M5535650160,0.0,0.0,0,0.0,0
311,CASH_OUT,871.91,C6115750294,1134.86,262.95,C4131356954,4510.37,4510.37,1,0.0,0
55,PAYMENT,1.0,C1855256552,4.14,3.14,M7702529931,0.0,0.0,0,0.0,0
219,CASH_OUT,28.89,C3971203213,53.54,24.65,C1660370908,49.23,49.23,0,0.0,0
378,DEBIT,1.0,C8293928340,0.0,0.0,M2115406331,0.0,0.0,0,0.04,0
77,PAYMENT,1.0,C1696846464,0.0,0.0,M1802753761,0.0,0.0,0,0.0,0
627,PAYMENT,12.94,C1288765093,40.39,27.45,M2156184315,0.0,0.0,0,0.0,0
299,TRANSFER,1.0,C7085004726,1.58,0.58,C5778781449,26.16,27.16,0,0.15333333333333332,0
382,TRANSFER,2558.51,C1415802902,2504.24,0.0,M8667946580,0.0,0.0,1,0.6966666666666667,1
445,CASH_OUT,3381.99,C6591038760,4814.87,1432.88,M1199447370,0.0,0.0,1,0.03,0
269,CASH_OUT,4406.96,C1624173500,3760.05,0.0,M2635881694,0.0,0.0,1,0.08,0
122,PAYMENT,2.54,C9909257076,8.66,6.12,M4460319291,0.0,0.0,0,0.0,0
176,PAYMENT,3.79,C4026379752,4.84,1.05,M5815678365,0.0,0.0,0,0.0,0
16,CASH_OUT,467.1,C6720572969,594.08,126.98,M6659847491,0.0,0.0,1,0.01,0
100,PAYMENT,137.21,C1141312095,293.51,156.3,M2586712032,0.0,0.0,0,0.0,0
411,PAYMENT,10.43,C1563524533,15.54,5.11,M8083396378,0.0,0.0,0,0.0,0
309,PAYMENT,1.0,C2099184899,0.0,0.0,M9576264323,0.0,0.0,0,0.0,0
666,TRANSFER,148.91,C4786674545,302.34,153.43,C6142469284,359.16,508.07,0,0.04666666666666667,0
391,TRANSFER,1445.98,C5868640848,1328.23,0.0,M9444143872,0.0,0.0,1,0.35,0
213,TRANSFER,594.12,C8506931282,693.77,99.65,M7951820749,0.0,0.0,1,0.16666666666666666,0
298,CASH_OUT,2586.79,C8706093841,2348.49,0.0,M9896529524,0.0,0.0,1,0.11666666666666667,0
631,TRANSFER,3678.87,C8229344434,3179.2,0.0,C5689870435,10.34,10.34,1,0.8533333333333334,1
227,CASH_OUT,37.26,C8991678061,72.39,35.13,C5569145346,0.0,0.0,0,0.0033333333333333335,0
675,TRANSFER,72.09,C5421592782,199.69,127.6,C3923699745,0.0,72.09,0,0.14666666666666667,0
386,CASH_OUT,1.0,C4919706735,0.0,0.0,C1439427140,6.16,6.16,0,0.02666666666666667,0
372,TRANSFER,6903.84,C2178158203,6334.64,0.0,C3107125807,22756.27,22756.27,1,0.0033333333333333335,0
487,PAYMENT,3523.04,C6317152031,115126.51,111603.47,M6495967005,0.0,0.0,0,0.0,0
455,TRANSFER,1591.94,C8691288568,2069.32,477.38,C1589582865,62.13,1654.07,1,0.056666666666666664,0
124,TRANSFER,1163.18,C3995732958,4888.69,3725.51,C7666129822,0.0,1163.18,0,0.006666666666666667,0
621,TRANSFER,1540.8,C3313993297,1832.66,291.86,C3434757387,3849.13,3849.13,1,0.043333333333333335,0
639,TRANSFER,1595.9,C2973888646,2078.54,482.64,C5871743247,127977.49,127977.49,1,0.006666666666666667,0
399,PAYMENT,14.2,C9912233947,23.57,9.37,M9776500600,0.0,0.0,0,0.0,0
431,PAYMENT,1.0,C3645901955,0.0,0.0,M6651754819,0.0,0.0,0,0.0,0
90,TRANSFER,14374.94,C9660523876,19404.12,5029.18,C3776011793,1624.14,1624.14,1,0.0033333333333333335,0
433,PAYMENT,448.38,C3567900251,681.41,233.03,M1306420495,0.0,0.0,0,0.0,0
621,CASH_OUT,2093.15,C4579265601,1837.2,0.0,C8761956684,30.09,30.09,1,0.15666666666666668,0
43,CASH_OUT,252.71,C6311894154,220.74,0.0,M3438830691,0.0,0.0,1,0.0033333333333333335,0
537,PAYMENT,21987.02,C6231117883,66705.88,44718.86,M3223687972,0.0,0.0,0,0.0,0
535,PAYMENT,27.9,C7316122432,38.99,11.09,M1413599241,0.0,0.0,0,0.0,0
658,CASH_OUT,79.61,C1546957087,66.87,0.0,C5515628633,0.0,0.0,1,0.06666666666666667,0
158,TRANSFER,148.7,C2924568778,197.14,48.44,C7174772035,6466.6,6466.6,1,0.0,0
302,PAYMENT,2.61,C9333798503,7.3,4.69,M5000316394,0.0,0.0,0,0.0,0
612,PAYMENT,177.13,C7623575561,573.67,396.54,M4306983924,0.0,0.0,0,0.0,0
373,TRANSFER,22.84,C9837912162,25.33,2.49,C3369305560,0.0,22.84,0,0.16666666666666666,0
530,CASH_OUT,106.74,C7928074841,147.63,40.89,C1139082827,49545.08,49545.08,1,0.016666666666666666,0
152,TRANSFER,2857.48,C8638763775,3418.0,560.52,M1442421654,0.0,0.0,1,0.16666666666666666,0
568,CASH_OUT,1.0,C7196439534,0.0,0.0,C5071897791,0.0,0.0,0,0.06333333333333334,0
413,DEBIT,6.53,C2540492440,29.87,23.34,M6692705133,0.0,0.0,0,0.03333333333333333,0
331,PAYMENT,1.0,C6655089949,0.0,0.0,M2604788242,0.0,0.0,0,0.0,0
553,TRANSFER,1.0,C5354747485,0.0,0.0,C3574081104,86.01,87.01,0,0.15333333333333332,0
371,PAYMENT,5581.11,C7808938880,9939.97,4358.86,M1908459040,0.0,0.0,0,0.0,0
163,TRANSFER,8.72,C2407863065,10.37,1.65,C4256292393,6.38,15.1,0,0.14,0
82,PAYMENT,2.36,C3476426797,110.74,108.38,M2156184315,0.0,0.0,0,0.0,0
152,CASH_OUT,1444.03,C5884080139,5406.7,3962.67,C3297096148,2.76,2.76,0,0.0,0
299,PAYMENT,1.0,C8274219704,0.96,0.0,M2243802345,0.0,0.0,0,0.0,0
502,TRANSFER,1795.37,C6471691689,2324.61,529.24,C4490722186,617.89,617.89,1,0.06666666666666667,0
644,TRANSFER,949.95,C6711463258,929.52,0.0,M3831598303,0.0,0.0,1,0.4033333333333333,0
460,TRANSFER,2298.45,C2965718821,2210.99,0.0,C1197092148,337.0,337.0,1,0.44333333333333336,0
148,CASH_OUT,1.0,C6566372886,0.0,0.0,C9611537583,0.0,0.0,0,0.0033333333333333335,0
71,PAYMENT,2.18,C6012067717,8.3,6.12,M2187592160,0.0,0.0,0,0.0,0
179,TRANSFER,28940.68,C7296658772,36698.84,7758.16,M7928143230,0.0,0.0,1,0.23666666666666666,0
139,PAYMENT,7.4,C2439622619,12.35,4.95,M1647181551,0.0,0.0,0,0.0,0
471,DEBIT,8.85,C7487012742,43.56,34.71,M5585110649,0.0,0.0,0,0.023333333333333334,0
627,PAYMENT,138.45,C3591527330,531.23,392.78,M7928143230,0.0,0.0,0,0.0,0
703,TRANSFER,10.83,C9438411468,24.57,13.74,C8706093841,0.0,10.83,0,0.17,0
332,CASH_OUT,18660.32,C9798548049,19600.99,940.67,C1862812038,0.0,0.0,1,0.006666666666666667,0
116,PAYMENT,1.0,C6265016831,0.0,0.0,M8058679999,0.0,0.0,0,0.0,0
220,CASH_OUT,114.05,C7638836058,258.48,144.43,C7027529118,117.34,117.34,0,0.0,0
178,PAYMENT,123.92,C6477862024,168.83,44.91,M3846182436,0.0,0.0,0,0.0,0
375,TRANSFER,933.78,C7483366056,905.51,0.0,C7935554354,0.0,0.0,1,0.31,0
690,PAYMENT,1.0,C5659161352,0.0,0.0,M9043367776,0.0,0.0,0,0.0,0
673,PAYMENT,1.0,C1094115188,0.0,0.0,M2604788242,0.0,0.0,0,0.0,0
611,CASH_OUT,1.0,C8831899893,0.61,0.0,C9067664957,2.93,2.93,0,0.06,0
155,CASH_OUT,2117.51,C1862812038,1765.36,0.0,C4590711152,0.0,0.0,1,0.04666666666666667,0
67,PAYMENT,38.3,C5736462531,87.84,49.54,M2136107759,0.0,0.0,0,0.0,0
418,TRANSFER,2127.52,C4921003983,2840.64,713.12,M3457877922,0.0,0.0,1,0.2633333333333333,0
269,PAYMENT,8.61,C9995834531,9.45,0.84,M1857561275,0.0,0.0,0,0.0,0
543,PAYMENT,490.34,C4277422858,1053.4,563.06,M9921025990,0.0,0.0,0,0.0,0
375,TRANSFER,101.24,C9189503254,86.11,0.0,M4399143287,0.0,0.0,1,0.23,0
414,CASH_IN,1791.14,C2260326267,2.94,1794.08,C5646880148,454.57,454.57,0,0.0,0
653,PAYMENT,1.0,C3783290795,1.0,0.0,M7343954769,0.0,0.0,0,0.0,0
706,PAYMENT,1.0,C6952291828,0.0,0.0,M7951820749,0.0,0.0,0,0.0,0
114,DEBIT,119.71,C1091729577,197.44,77.73,M7969674420,0.0,0.0,0,0.016666666666666666,0
63,TRANSFER,400.31,C2247484671,475.44,75.13,C6338036681,141849.76,142250.07,0,0.0,0
698,TRANSFER,1.0,C7292376027,0.0,0.0,C5935852056,934.22,935.22,0,0.07,0
254,PAYMENT,1.0,C4014119648,0.0,0.0,M1199447370,0.0,0.0,0,0.0,0
484,TRANSFER,3228.81,C1399546384,3073.45,0.0,M1647181551,0.0,0.0,1,0.9333333333333333,1
602,PAYMENT,603.78,C6469458472,930.05,326.27,M2303835765,0.0,0.0,0,0.0,0
36,PAYMENT,1.0,C8033062794,0.0,0.0,M8821456242,0.0,0.0,0,0.0,0
523,CASH_OUT,4.49,C5673482258,7.7,3.21,C4239406957,1063.08,1063.08,0,0.03666666666666667,0
412,PAYMENT,764.55,C5976777081,887.03,122.48,M5815678365,0.0,0.0,0,0.0,0
547,TRANSFER,143.15,C9844874547,168.99,25.84,C2687477596,37.92,181.07,0,0.08333333333333333,0
246,TRANSFER,1281.72,C6237376063,6156.44,4874.72,C5307145891,5.77,1287.49,0,0.0,0
383,CASH_OUT,4204.89,C3188382776,4434.96,230.07,C8823677798,16555.52,16555.52,1,0.0033333333333333335,0
456,DEBIT,42.47,C7597996327,160.0,117.53,M6101516825,0.0,0.0,0,0.023333333333333334,0
592,PAYMENT,826.94,C5935852056,935.22,108.28,M2885370603,0.0,0.0,0,0.0,0
219,CASH_OUT,2964.02,C4710967433,3432.45,468.43,M9558906999,0.0,0.0,1,0.0,0
184,TRANSFER,3334.77,C1225953184,3456.46,121.69,C6272000062,39.16,3373.93,1,0.03,0
482,CASH_OUT,1284.89,C9309500117,1536.71,251.82,M6651754819,0.0,0.0,1,0.05,0
177,TRANSFER,2257.57,C7333316743,2862.6,605.03,M2187592160,0.0,0.0,1,0.15666666666666668,0
277,TRANSFER,129.12,C4786674545,153.43,24.31,M6732306182,0.0,0.0,1,0.16,0
37,TRANSFER,3381.29,C2331039957,4610.76,1229.47,M3605446007,0.0,0.0,1,0.18,0
225,DEBIT,89.19,C4807122420,170.09,80.9,M8869140487,0.0,0.0,0,0.016666666666666666,0
244,CASH_IN,122636.39,C1399546384,0.0,122636.39,C3362657890,0.0,0.0,0,0.0,0
687,CASH_OUT,1.0,C6837342064,0.0,0.0,C4067213499,58.54,58.54,0,0.04666666666666667,0
606,PAYMENT,201.53,C6115750294,262.95,61.42,M2243802345,0.0,0.0,0,0.0,0
417,CASH_OUT,1.0,C3849232839,0.0,0.0,C8625905455,897.57,897.57,0,0.09666666666666666,0
615,PAYMENT,2.68,C1387652480,4.72,2.04,M3192202822,0.0,0.0,0,0.0,0
686,TRANSFER,7859.51,C4509456565,7783.75,0.0,C4713453204,0.0,0.0,1,0.8933333333333333,1
198,TRANSFER,2.31,C3815287619,2.91,0.6,C1799718923,1.35,3.66,0,0.22,0
568,PAYMENT,85.51,C2878930355,219.36,133.85,M2328736852,0.0,0.0,0,0.0,0
405,TRANSFER,2312.39,C9741628563,2523.3,210.91,C1952396600,42.51,42.51,1,0.15,0
524,DEBIT,21.4,C4623960580,38.79,17.39,M5087280062,0.0,0.0,0,0.03,0
596,CASH_OUT,113959.71,C9963334018,122574.85,8615.14,M3508990774,0.0,0.0,1,0.016666666666666666,0
2,TRANSFER,3555.86,C2774884818,4254.51,698.65,C2850820685,9.19,9.19,1,0.15333333333333332,0
11,CASH_OUT,46.38,C7475684019,102.55,56.17,C7915226263,396.82,396.82,0,0.006666666666666667,0
286,PAYMENT,1.0,C3716924538,0.0,0.0,M7664045502,0.0,0.0,0,0.0,0
539,CASH_OUT,2921.26,C7887950851,3160.23,238.97,M6659847491,0.0,0.0,1,0.03,0
295,PAYMENT,1.0,C3612617557,1.06,0.06,M3660800029,0.0,0.0,0,0.0,0
303,CASH_OUT,444.07,C2168041588,584.4,140.33,C9957643727,51.1,51.1,0,0.016666666666666666,0
659,CASH_OUT,78.36,C1691293717,72.49,0.0,M7514017540,0.0,0.0,1,0.06666666666666667,0
504,TRANSFER,1.0,C8868054898,0.0,0.0,C2830154607,14459.48,14460.48,0,0.0033333333333333335,0
326,TRANSFER,64.52,C9786748825,60.82,0.0,M6866146362,0.0,0.0,1,0.22666666666666666,0
631,PAYMENT,571.39,C8025152555,817.95,246.56,M6846530109,0.0,0.0,0,0.0,0
702,PAYMENT,234.59,C7623575561,396.54,161.95,M1343875431,0.0,0.0,0,0.0,0
454,TRANSFER,1.39,C3334938378,2.94,1.55,C1510289448,576.02,577.41,0,0.06,0
411,PAYMENT,1.89,C5763350700,3.58,1.69,M8366710477,0.0,0.0,0,0.0,0
437,TRANSFER,236.78,C9702693937,212.29,0.0,C4486522557,0.0,0.0,1,0.22666666666666666,0
614,TRANSFER,3897.06,C9553561889,4223.75,326.69,C8001729836,50837.27,50837.27,1,0.0033333333333333335,0
11,PAYMENT,1.0,C6623360831,0.0,0.0,M2129491690,0.0,0.0,0,0.0,0
438,PAYMENT,1.0,C8241550421,0.0,0.0,M7351460539,0.0,0.0,0,0.0,0
269,PAYMENT,1.0,C1754603440,0.0,0.0,M3960136787,0.0,0.0,0,0.0,0
66,PAYMENT,303.7,C3884642366,934.61,630.91,M3690714075,0.0,0.0,0,0.0,0
412,PAYMENT,1.3,C5067116918,5.56,4.26,M3517195150,0.0,0.0,0,0.0,0
687,TRANSFER,1.0,C7389111087,0.0,0.0,C6142469284,508.07,509.07,0,0.08666666666666667,0
354,PAYMENT,11.58,C7920516981,14.46,2.88,M3457877922,0.0,0.0,0,0.0,0
406,CASH_OUT,23.5,C2848792488,39.93,16.43,C6642266247,2143.51,2143.51,0,0.013333333333333334,0
718,TRANSFER,299.96,C8517413631,368.11,68.15,M5985331805,0.0,0.0,1,0.16333333333333333,0
464,TRANSFER,14.13,C5407856339,22.91,8.78,C7640122370,0.0,14.13,0,0.16333333333333333,0
447,PAYMENT,1.0,C3893976444,0.0,0.0,M4601406440,0.0,0.0,0,0.0,0
422,TRANSFER,122.24,C3480920839,270.3,148.06,C3962452613,19.26,141.5,0,0.05333333333333334,0
393,TRANSFER,2803.15,C2173242669,3523.55,720.4,M6992094064,0.0,0.0,1,0.17333333333333334,0
15,CASH_IN,34972.73,C2247484671,75.13,35047.86,C8243746556,259.58,259.58,0,0.0,0
129,TRANSFER,180.83,C4655730355,239.5,58.67,C4662861038,14472.86,14653.69,0,0.0,0
252,CASH_OUT,5571.89,C9630522755,4813.51,0.0,M4522855590,0.0,0.0,1,0.07666666666666666,0
528,TRANSFER,32.94,C9916336966,106.31,73.37,C7010379415,0.0,32.94,0,0.17,0
504,TRANSFER,21.95,C2627677155,131820.82,131798.87,C4310415016,98.35,120.3,0,0.06,0
494,TRANSFER,1.0,C6719736115,0.0,0.0,C4508521152,9829.71,9830.71,0,0.016666666666666666,0
131,DEBIT,1.0,C9581991473,0.08,0.0,M1692044390,0.0,0.0,0,0.023333333333333334,0
64,PAYMENT,1.0,C8178361487,0.0,0.0,M1199447370,0.0,0.0,0,0.0,0
498,TRANSFER,8.97,C1112794026,18.93,9.96,C2867302554,668.82,677.79,0,0.05333333333333334,0
310,PAYMENT,1.0,C1602569046,0.0,0.0,M7717262223,0.0,0.0,0,0.0,0
91,PAYMENT,361.81,C2295574037,399.63,37.82,M1306420495,0.0,0.0,0,0.0,0
274,CASH_OUT,1.0,C5416031878,0.0,0.0,C8791183272,8569.37,8569.37,0,0.0033333333333333335,0
636,PAYMENT,1210.66,C2349406919,5572.94,4362.28,M1442421654,0.0,0.0,0,0.0,0
344,PAYMENT,1.0,C6244338653,0.0,0.0,M8063693463,0.0,0.0,0,0.0,0
290,PAYMENT,1690.05,C2237386857,3602.73,1912.68,M9977193987,0.0,0.0,0,0.0,0
703,PAYMENT,1.0,C1862812038,0.0,0.0,M4820942294,0.0,0.0,0,0.0,0
275,CASH_OUT,7496.29,C4605117440,19560.41,12064.12,C1026224160,0.0,0.0,0,0.0,0
160,TRANSFER,1.0,C2893321208,0.0,0.0,C3412273600,0.0,1.0,0,0.21666666666666667,0
394,DEBIT,1200.74,C2479679716,3087.78,1887.04,M7270955446,0.0,0.0,0,0.013333333333333334,0
705,TRANSFER,196.17,C1083651970,407.06,210.89,C2947476917,0.64,196.81,0,0.06666666666666667,0
557,TRANSFER,473.64,C9986353481,703.87,230.23,C3758823240,1075.94,1549.58,0,0.02666666666666667,0
266,PAYMENT,10.76,C9094089209,39.85,29.09,M6498703287,0.0,0.0,0,0.0,0
410,DEBIT,1.0,C2242377075,0.0,0.0,M8964269909,0.0,0.0,0,0.04,0
565,CASH_OUT,2657.09,C8132531532,2366.54,0.0,M4160161496,0.0,0.0,1,0.17333333333333334,0
281,PAYMENT,2.19,C9837912162,2.49,0.3,M8740820392,0.0,0.0,0,0.0,0
19,TRANSFER,1.0,C7161404428,0.0,0.0,C5035765954,1248.6,1249.6,0,0.01,0
183,TRANSFER,1359.65,C7895255573,1814.22,454.57,M7343954769,0.0,0.0,1,0.11333333333333333,0
630,CASH_OUT,237.48,C2510308881,231.03,0.0,M2635881694,0.0,0.0,1,0.07333333333333333,0
275,CASH_IN,8830.69,C2602884797,0.0,8830.69,C2965254350,20412.53,20412.53,0,0.0,0
579,PAYMENT,1.0,C7838460497,0.0,0.0,M2604788242,0.0,0.0,0,0.0,0
189,CASH_OUT,4060.37,C5641959772,4811.76,751.39,C3369305560,22.84,22.84,1,0.0,0
503,CASH_OUT,338.52,C2905584866,534.51,195.99,C5898890707,14.79,14.79,0,0.02666666666666667,0
508,TRANSFER,3353.38,C8299146480,3041.69,0.0,M1999913493,0.0,0.0,1,0.9366666666666666,1
110,CASH_IN,19457.78,C6320115677,2.45,19460.23,C6725038117,22.24,22.24,0,0.0,0
642,PAYMENT,10.34,C4914929023,12.51,2.17,M6011842297,0.0,0.0,0,0.0,0
476,DEBIT,7694.5,C6317152031,111603.47,103908.97,M2187592160,0.0,0.0,0,0.02,0
355,TRANSFER,9.08,C8236361108,24.75,15.67,C1558631501,14.1,23.18,0,0.11666666666666667,0
121,CASH_OUT,3281.37,C7369118672,3439.97,158.6,C3645901955,0.0,0.0,1,0.0,0
418,PAYMENT,1.0,C1805492785,0.0,0.0,M3192202822,0.0,0.0,0,0.0,0
397,TRANSFER,3783.88,C4623960580,4586.5,802.62,C4731897202,1611.9,1611.9,1,0.006666666666666667,0
606,TRANSFER,193.62,C1643611097,292.21,98.59,C3316277000,12.09,205.71,0,0.08666666666666667,0
93,CASH_OUT,31.64,C4577406847,78.19,46.55,C6425814872,620.16,620.16,0,0.006666666666666667,0
710,PAYMENT,3.18,C3515167269,4.04,0.86,M2586712032,0.0,0.0,0,0.0,0
70,TRANSFER,3.05,C3894673596,4.13,1.08,C3250402001,4629.7,4632.75,0,0.0,0
68,CASH_OUT,1686.26,C9711080868,1654.57,0.0,C3645901955,0.0,0.0,1,0.05,0
474,PAYMENT,154.07,C4398953973,717.59,563.52,M1504729135,0.0,0.0,0,0.0,0
478,CASH_OUT,238.12,C7579604766,1073.22,835.1,C4574027737,17.21,17.21,0,0.043333333333333335,0
229,CASH_OUT,874.98,C1660370908,825.4,0.0,M9404002665,0.0,0.0,1,0.09333333333333334,0
361,TRANSFER,165.27,C9182543558,210.98,45.71,M8790289305,0.0,0.0,1,0.15666666666666668,0
40,CASH_OUT,20.72,C7226553010,29.79,9.07,C8418332121,0.36,0.36,0,0.0,0
370,TRANSFER,8362.02,C6089026099,11358.82,2996.8,C8133593748,1212.57,9574.59,0,0.0,0
100,TRANSFER,1.28,C7472806994,1.9,0.62,C4277581356,10684.2,10685.48,0,0.0,0
235,CASH_OUT,114.52,C3664052763,151.05,36.53,M5919148165,0.0,0.0,1,0.0,0
553,TRANSFER,3.29,C3946766309,4.9,1.61,C7534583219,108758.66,108761.95,0,0.0,0
39,CASH_OUT,3261.95,C3853978147,3819.65,557.7,M1413599241,0.0,0.0,1,0.0,0
363,CASH_OUT,1.66,C1375899416,6.68,5.02,C6894808149,1668.53,1668.53,0,0.006666666666666667,0
103,CASH_OUT,54.72,C7420846622,149.07,94.35,C6043349038,139.16,139.16,0,0.0033333333333333335,0
484,PAYMENT,293.43,C3691864041,511.81,218.38,M3156792018,0.0,0.0,0,0.0,0
398,PAYMENT,2.99,C2699887270,4.51,1.52,M7230477043,0.0,0.0,0,0.0,0
36,PAYMENT,1.0,C4579265601,0.0,0.0,M3317856944,0.0,0.0,0,0.0,0
377,CASH_OUT,1662.34,C2850820685,1999.64,337.3,M3223687972,0.0,0.0,1,0.01,0
400,PAYMENT,9.96,C4577406847,46.55,36.59,M7532669066,0.0,0.0,0,0.0,0
166,PAYMENT,920.74,C3874432021,47574.76,46654.02,M9773795424,0.0,0.0,0,0.0,0
287,PAYMENT,384.77,C3933213766,602.48,217.71,M5570190774,0.0,0.0,0,0.0,0
161,TRANSFER,1.0,C3303082117,0.0,0.0,C8184602688,25.95,26.95,0,0.15666666666666668,0
595,TRANSFER,770.64,C2770980600,716.45,0.0,C4735334423,695.4,695.4,1,0.11,0
78,CASH_OUT,2258.1,C6341783555,11245.77,8987.67,C7016293621,546.92,546.92,0,0.0,0
549,TRANSFER,29918.91,C4693510920,40147.37,10228.46,C2770980600,0.0,29918.91,0,0.0033333333333333335,0
398,CASH_OUT,2076.07,C2579206999,2222.78,146.71,C2928130926,42.27,42.27,1,0.006666666666666667,0
150,TRANSFER,1.0,C2178884276,0.0,0.0,C3057629778,171.75,172.75,0,0.043333333333333335,0
636,DEBIT,1.0,C9618334441,0.0,0.0,M2571632270,0.0,0.0,0,0.05333333333333334,0
539,CASH_OUT,34995.76,C4482141802,35619.1,623.34,C5140460939,24.46,24.46,1,0.016666666666666666,0
481,TRANSFER,266.2,C2537965898,562.63,296.43,C9911329062,424.64,690.84,0,0.03333333333333333,0
383,PAYMENT,450.43,C7805745017,732.77,282.34,M2418407139,0.0,0.0,0,0.0,0
295,TRANSFER,5.13,C3587283948,14.82,9.69,C5492496998,104.32,109.45,0,0.03333333333333333,0
690,TRANSFER,4668.25,C6942989052,4365.82,0.0,C6231117883,44718.86,44718.86,1,0.06,0
371,CASH_OUT,1640.25,C2237386857,1912.68,272.43,C2075413763,49.38,49.38,1,0.006666666666666667,0
689,TRANSFER,66.37,C5774080233,158.03,91.66,C6048096802,16.01,82.38,0,0.13333333333333333,0
599,TRANSFER,1.0,C7635473142,0.78,0.0,C5418232833,267.84,268.84,0,0.11,0
555,TRANSFER,8.2,C7896596272,37.06,28.86,C1084790270,195.96,204.16,0,0.07666666666666666,0
13,DEBIT,1.0,C1722124509,0.0,0.0,M6651754819,0.0,0.0,0,0.023333333333333334,0
118,PAYMENT,238.46,C7803990970,475.55,237.09,M5891831621,0.0,0.0,0,0.0,0
323,PAYMENT,6.9,C7199283151,14.8,7.9,M2249831874,0.0,0.0,0,0.0,0
508,PAYMENT,4.9,C9392515666,16.79,11.89,M9043367776,0.0,0.0,0,0.0,0
84,PAYMENT,560.17,C8625774078,666.98,106.81,M7230477043,0.0,0.0,0,0.0,0
50,PAYMENT,7.29,C6756711494,12.42,5.13,M8728631945,0.0,0.0,0,0.0,0
93,PAYMENT,38.21,C5118430494,46.64,8.43,M1732578761,0.0,0.0,0,0.0,0
165,PAYMENT,2.63,C7010379415,32.94,30.31,M6692705133,0.0,0.0,0,0.0,0
636,TRANSFER,2625.45,C6169243284,2970.04,344.59,M3660800029,0.0,0.0,1,0.2966666666666667,0
129,TRANSFER,578.55,C8761469117,648.45,69.9,C5140460939,24.46,603.01,1,0.013333333333333334,0
1,PAYMENT,1.0,C5633956194,0.0,0.0,M4399143287,0.0,0.0,0,0.0,0
50,TRANSFER,22.29,C2613385303,43.39,21.1,C5667181604,628.64,650.93,0,0.006666666666666667,0
336,CASH_OUT,3658.49,C2419931729,4499.42,840.93,M1099218439,0.0,0.0,1,0.01,0
371,CASH_OUT,221.25,C8057994126,278.41,57.16,C9526836552,0.0,0.0,0,0.013333333333333334,0
515,CASH_IN,60368.98,C5659161352,0.0,60368.98,C7568861677,434.38,434.38,0,0.0,0
640,TRANSFER,581.84,C2242377075,639.52,57.68,C9919491730,66.31,648.15,1,0.05333333333333334,0
622,TRANSFER,118.99,C7576309274,122.74,3.75,C5118430494,8.43,8.43,1,0.15666666666666668,0
12,CASH_OUT,831.51,C2075321966,918.51,87.0,M2625035499,0.0,0.0,1,0.0,0
680,DEBIT,78.52,C4440904834,237.91,159.39,M1711271599,0.0,0.0,0,0.023333333333333334,0
645,PAYMENT,74.13,C6098775210,144.45,70.32,M7537130187,0.0,0.0,0,0.0,0
3,CASH_OUT,3.32,C1375899416,5.02,1.7,C7573442717,126.54,126.54,0,0.013333333333333334,0
220,PAYMENT,3.3,C8115628227,3.97,0.67,M5067400473,0.0,0.0,0,0.0,0
633,TRANSFER,2992.12,C2266622851,2885.12,0.0,M2655546199,0.0,0.0,1,0.9433333333333334,1
364,DEBIT,3.98,C5268845844,5.09,1.11,M5585110649,0.0,0.0,0,0.03666666666666667,0
304,PAYMENT,1886.61,C6171239466,8105.1,6218.49,M3580582653,0.0,0.0,0,0.0,0
240,TRANSFER,1.0,C9454207717,0.0,0.0,C3693985578,169.39,170.39,0,0.04666666666666667,0
374,CASH_OUT,4464.39,C6991473746,3805.35,0.0,M4390543744,0.0,0.0,1,0.14666666666666667,0
101,PAYMENT,599.6,C9274189261,837.55,237.95,M2916502228,0.0,0.0,0,0.0,0
492,PAYMENT,5.2,C6122110529,6.49,1.29,M7366396017,0.0,0.0,0,0.0,0
61,CASH_OUT,3787.27,C5625980561,3280.55,0.0,C8317619798,1115.44,1115.44,1,0.023333333333333334,0
457,CASH_OUT,9.24,C7333678472,24.58,15.34,C2082326234,78.11,78.11,0,0.04666666666666667,0
148,CASH_OUT,862.18,C4042413312,788.96,0.0,C3479708607,0.0,0.0,1,0.08666666666666667,0
711,TRANSFER,5393.13,C9744120054,4584.96,0.0,C8117478955,0.0,0.0,1,0.8833333333333333,1
681,TRANSFER,3865.43,C2274350418,3731.01,0.0,M2711123163,0.0,0.0,1,0.8933333333333333,1
551,PAYMENT,43.58,C2947476917,196.81,153.23,M8646369354,0.0,0.0,0,0.0,0
647,TRANSFER,126.26,C4345526911,290.64,164.38,C9285415473,2.37,128.63,0,0.09,0
101,DEBIT,1.0,C4713453204,0.0,0.0,M3322580659,0.0,0.0,0,0.02666666666666667,0
557,CASH_IN,25675.46,C8478529823,17.4,25692.86,C2479679716,1887.04,1887.04,0,0.0,0
403,CASH_OUT,1183.57,C4486522557,1567.92,384.35,M7282885927,0.0,0.0,1,0.006666666666666667,0
345,TRANSFER,440.87,C8584566722,1712.53,1271.66,C4046558332,32.37,473.24,0,0.0,0
109,TRANSFER,4664.1,C7316122432,4403.52,0.0,M5067400473,0.0,0.0,1,0.8033333333333333,1
317,PAYMENT,7.28,C3035761595,7.98,0.7,M1802753761,0.0,0.0,0,0.0,0
240,DEBIT,451.96,C4921003983,713.12,261.16,M9026301048,0.0,0.0,0,0.013333333333333334,0
594,TRANSFER,721.17,C9776185998,611.81,0.0,M4522855590,0.0,0.0,1,0.2633333333333333,0
39,PAYMENT,1.0,C6576426590,0.0,0.0,M5315720088,0.0,0.0,0,0.0,0
517,TRANSFER,353.58,C8706093841,309.8,0.0,M8063693463,0.0,0.0,1,0.23,0
297,TRANSFER,3306.97,C1553155490,4233.55,926.58,M9068916300,0.0,0.0,1,0.21666666666666667,0
357,PAYMENT,1417.52,C8076527214,9313.01,7895.49,M7951820749,0.0,0.0,0,0.0,0
79,CASH_OUT,67.08,C3316787198,73.63,6.55,C3245108207,113.7,113.7,0,0.0033333333333333335,0
703,PAYMENT,2.62,C2439622619,4.95,2.33,M5380159400,0.0,0.0,0,0.0,0
443,PAYMENT,1.0,C4566852761,0.0,0.0,M5869990861,0.0,0.0,0,0.0,0
510,DEBIT,512.65,C6591038760,1432.88,920.23,M7050091525,0.0,0.0,0,0.03,0
577,TRANSFER,17544.43,C6402580787,23057.56,5513.13,C4518871744,0.0,0.0,1,0.31333333333333335,0
449,CASH_OUT,45.76,C8999963054,115.77,70.01,C2428156550,40.97,40.97,0,0.04666666666666667,0
127,DEBIT,5.21,C2802141793,14.29,9.08,M4456193555,0.0,0.0,0,0.016666666666666666,0
73,CASH_OUT,5909.04,C9660523876,5029.18,0.0,M7192742877,0.0,0.0,1,0.04,0
570,CASH_OUT,906.98,C8241550421,1138.1,231.12,C8867077130,14631.86,14631.86,1,0.0033333333333333335,0
48,CASH_OUT,2213.16,C9957813353,2404.02,190.86,C7460728316,1.63,1.63,1,0.0,0
40,PAYMENT,1.0,C2515672889,0.0,0.0,M9255306810,0.0,0.0,0,0.0,0
389,CASH_IN,46706.48,C8382488970,99709.48,146415.96,C9403748506,46.84,46.84,0,0.0,0
103,PAYMENT,1.0,C8252816758,0.0,0.0,M2129491690,0.0,0.0,0,0.0033333333333333335,0
510,CASH_OUT,7665.76,C6792661894,27068.67,19402.91,C3075362821,176.32,176.32,0,0.013333333333333334,0
654,PAYMENT,1.0,C6131005449,0.0,0.0,M6999146585,0.0,0.0,0,0.0,0
390,PAYMENT,48.34,C8309221034,94.96,46.62,M6845287382,0.0,0.0,0,0.0,0
471,PAYMENT,142.51,C4264134512,318.91,176.4,M1257854279,0.0,0.0,0,0.0,0
209,TRANSFER,4696.01,C3380064537,4013.92,0.0,M3208200227,0.0,0.0,1,0.8066666666666666,1
6,CASH_OUT,12.96,C3144490990,18.26,5.3,C4413838650,317.63,317.63,0,0.01,0
650,PAYMENT,3990.58,C6887132821,36735.31,32744.73,M4211837506,0.0,0.0,0,0.0,0
372,PAYMENT,11.46,C2295574037,37.82,26.36,M8325043570,0.0,0.0,0,0.0,0
633,CASH_OUT,403.98,C3639796200,343.12,0.0,M6284297249,0.0,0.0,1,0.07666666666666666,0
252,DEBIT,39.92,C6048096802,82.38,42.46,M3208200227,0.0,0.0,0,0.02,0
238,TRANSFER,523.46,C7209571615,449.05,0.0,M2228388623,0.0,0.0,1,0.24,0
250,CASH_IN,126700.01,C5998623100,95129.42,221829.43,C6402580787,5513.13,5513.13,0,0.0,0
417,CASH_OUT,2345.91,C6558450990,1971.85,0.0,C8132531532,0.0,0.0,1,0.36666666666666664,0
137,TRANSFER,1161.53,C2331039957,1229.47,67.94,M3317856944,0.0,0.0,1,0.18333333333333332,0
188,PAYMENT,3041.15,C8215470878,5025.17,1984.02,M3119908041,0.0,0.0,0,0.0,0
484,PAYMENT,1.0,C9786748825,0.0,0.0,M6894024976,0.0,0.0,0,0.0,0
423,PAYMENT,69.09,C7803990970,237.09,168.0,M7713758036,0.0,0.0,0,0.0,0
718,CASH_OUT,25.8,C2979958124,48.84,23.04,C4289233844,22301.57,22301.57,0,0.013333333333333334,0
679,TRANSFER,149.57,C4627032705,322.88,173.31,C2148679234,8078.87,8228.44,0,0.0,0
291,TRANSFER,94.24,C7161887665,102.32,8.08,M7764117705,0.0,0.0,1,0.16333333333333333,0
496,PAYMENT,1.0,C2388450337,0.0,0.0,M3536590481,0.0,0.0,0,0.0,0
364,TRANSFER,882.94,C4877520294,1034.41,151.47,C3088517710,40.02,922.96,0,0.006666666666666667,0
143,TRANSFER,1.0,C8809871735,0.0,0.0,C3521300895,0.0,1.0,0,0.21666666666666667,0
246,PAYMENT,18.2,C8102515984,23.67,5.47,M9933702652,0.0,0.0,0,0.0,0
588,PAYMENT,164.16,C6402580787,5513.13,5348.97,M3580582653,0.0,0.0,0,0.0,0
192,TRANSFER,1152.39,C3190227431,1345.38,192.99,M4158643786,0.0,0.0,1,0.10333333333333333,0
562,TRANSFER,72.44,C9462806178,111.52,39.08,C7074050517,235.98,308.42,0,0.07,0
5,CASH_OUT,79.53,C5884391502,80.51,0.98,M9021793855,0.0,0.0,1,0.03666666666666667,0
326,CASH_OUT,5378.09,C9894847574,4540.7,0.0,C9379439373,0.0,0.0,1,0.11,0
367,PAYMENT,153.54,C3933213766,217.71,64.17,M3811254192,0.0,0.0,0,0.0,0
670,PAYMENT,74.53,C6959501845,211.65,137.12,M7532669066,0.0,0.0,0,0.0,0
395,PAYMENT,1235.35,C7533932947,1721.62,486.27,M2249831874,0.0,0.0,0,0.0,0
108,PAYMENT,4341.33,C1233079614,51770.77,47429.44,M8235474949,0.0,0.0,0,0.0,0
76,TRANSFER,45.56,C2073755632,103.86,58.3,C2825957977,1.07,46.63,0,0.16,0
631,TRANSFER,829.53,C5911625145,901.76,72.23,C3384006407,1.6,831.13,1,0.07666666666666666,0
617,PAYMENT,1.0,C4277561834,0.12,0.0,M3369412470,0.0,0.0,0,0.0,0
255,CASH_OUT,26286.05,C5296710795,31629.89,5343.84,M5067400473,0.0,0.0,1,0.0,0
632,CASH_OUT,2700.44,C2424706705,2874.38,173.94,M9558906999,0.0,0.0,1,0.023333333333333334,0
676,CASH_OUT,4112.25,C5508149905,4296.28,184.03,C2591414076,0.96,0.96,1,0.03333333333333333,0
228,DEBIT,362.18,C4776677517,410.78,48.6,M8728631945,0.0,0.0,0,0.016666666666666666,0
65,CASH_OUT,1.0,C6474354351,0.0,0.0,C9621419224,0.0,0.0,0,0.0033333333333333335,0
395,TRANSFER,57.14,C6515369278,50.65,0.0,C6585609060,309.19,309.19,1,0.01,0
176,PAYMENT,651.67,C7002076563,2141.21,1489.54,M9918338001,0.0,0.0,0,0.0,0
607,CASH_OUT,4581.31,C6517150278,4627.7,46.39,M9581187661,0.0,0.0,1,0.056666666666666664,0
160,PAYMENT,1.47,C7818568548,6.5,5.03,M5087280062,0.0,0.0,0,0.0,0
234,TRANSFER,1852.97,C1682781467,2357.98,505.01,C2965254350,20412.53,20412.53,1,0.0033333333333333335,0
184,PAYMENT,5583.7,C3465740756,8821.25,3237.55,M8646369354,0.0,0.0,0,0.0,0
370,TRANSFER,57.14,C8118065825,78.24,21.1,C8926438617,15087.57,15087.57,1,0.0033333333333333335,0
689,TRANSFER,17444.8,C5077921573,31252.12,13807.32,C1981049082,184.3,17629.1,0,0.0,0
538,TRANSFER,3197.78,C6000009225,2771.39,0.0,M8548290298,0.0,0.0,1,0.93,1
455,PAYMENT,5696.74,C2227193073,6510.96,814.22,M3317856944,0.0,0.0,0,0.0,0
133,PAYMENT,46.36,C7981077394,69.6,23.24,M8218146534,0.0,0.0,0,0.0,0
23,PAYMENT,1.0,C1036351450,0.0,0.0,M3223687972,0.0,0.0,0,0.0,0
524,PAYMENT,1.0,C8318855178,0.0,0.0,M3636366799,0.0,0.0,0,0.0,0
521,CASH_IN,19069.17,C3772636814,0.0,19069.17,C6633778586,76.04,76.04,0,0.0,0
648,PAYMENT,4731.61,C2390587865,9800.59,5068.98,M3119908041,0.0,0.0,0,0.0,0
205,TRANSFER,2475.14,C8211516617,2646.1,170.96,C6206015111,5.84,2480.98,0,0.016666666666666666,0
258,TRANSFER,28704.84,C2761091683,30712.17,2007.33,C5275521470,8.27,8.27,1,0.19333333333333333,0
376,PAYMENT,1.0,C9715314442,0.0,0.0,M2303835765,0.0,0.0,0,0.0,0
505,CASH_IN,406.32,C7575259637,0.0,406.32,C3334938378,1.55,1.55,0,0.0033333333333333335,0
165,TRANSFER,43.79,C4422700486,51.64,7.85,C4398953973,563.52,563.52,1,0.01,0
146,PAYMENT,130.12,C7464468567,258.28,128.16,M1185303518,0.0,0.0,0,0.0,0
274,TRANSFER,130977.74,C1399546384,122636.39,0.0,M6732306182,0.0,0.0,1,0.9733333333333334,1
224,TRANSFER,216.38,C5539308214,275.26,58.88,C1121863227,48358.89,48575.27,0,0.0033333333333333335,0
288,TRANSFER,454.03,C7895255573,454.57,0.54,M2418407139,0.0,0.0,1,0.24333333333333335,0
600,TRANSFER,3378.71,C5283911723,4589.86,1211.15,C9911329062,690.84,690.84,1,0.06666666666666667,0
125,TRANSFER,4489.23,C5141285960,4547.27,58.04,M6999146585,0.0,0.0,1,0.4066666666666667,0
195,PAYMENT,1.0,C6673381261,0.0,0.0,M5564953924,0.0,0.0,0,0.0,0
173,TRANSFER,4560.9,C9894264595,18531.78,13970.88,C8377088167,32.33,4593.23,0,0.0,0
711,TRANSFER,196.37,C3316277000,205.71,9.34,M6282009986,0.0,0.0,1,0.16666666666666666,0
382,TRANSFER,433.22,C7185179917,550.93,117.71,C2645272822,0.0,0.0,1,0.15,0
308,TRANSFER,650.74,C7061419749,988.96,338.22,C6329323383,24.87,675.61,0,0.0,0
409,PAYMENT,1956.54,C4131575764,2332.71,376.17,M6771941776,0.0,0.0,0,0.0,0
354,CASH_OUT,1.0,C7951902330,0.0,0.0,C9516893896,9.16,9.16,0,0.023333333333333334,0
494,TRANSFER,1168.99,C8598503901,1310.99,142.0,C7010379415,30.31,30.31,1,0.16333333333333333,0
568,CASH_OUT,664.28,C2465576748,760.24,95.96,M6313472215,0.0,0.0,1,0.03,0
163,PAYMENT,3200.23,C9504724761,6880.74,3680.51,M6401844042,0.0,0.0,0,0.0,0
462,PAYMENT,1.0,C2289624427,0.0,0.0,M8083396378,0.0,0.0,0,0.0,0
299,PAYMENT,1.0,C6287793163,0.0,0.0,M5959736235,0.0,0.0,0,0.0,0
199,CASH_OUT,1017.54,C6242173772,1304.7,287.16,C3201397080,29.72,29.72,1,0.0,0
142,CASH_OUT,209.42,C7380780055,282.5,73.08,C1470939445,0.57,0.57,0,0.0,0
643,TRANSFER,4692.53,C9912233947,4905.18,212.65,M7532669066,0.0,0.0,1,0.35333333333333333,0
461,TRANSFER,87.02,C2566942273,119.75,32.73,C6353758928,459.81,459.81,1,0.06333333333333334,0
259,CASH_OUT,42.07,C5569295400,54.65,12.58,C1667483244,12.41,12.41,1,0.0,0
192,TRANSFER,927.36,C6591038760,920.23,0.0,M3094407076,0.0,0.0,1,0.32666666666666666,0
399,PAYMENT,15.55,C9237880732,28.7,13.15,M8138332494,0.0,0.0,0,0.0,0
233,CASH_OUT,1.0,C7590302909,0.0,0.0,C1271730355,46.74,46.74,0,0.0,0
329,PAYMENT,18.21,C6115750294,61.42,43.21,M8790289305,0.0,0.0,0,0.0,0
339,TRANSFER,2871.61,C1600566083,2918.8,47.19,M3094407076,0.0,0.0,1,0.43666666666666665,0
53,CASH_OUT,1.97,C3316787198,6.55,4.58,C2493660313,0.0,0.0,0,0.0033333333333333335,0
132,CASH_OUT,1.0,C3694860228,0.0,0.0,C3791027186,10.58,10.58,0,0.0033333333333333335,0
384,PAYMENT,79.0,C7027529118,117.34,38.34,M6845287382,0.0,0.0,0,0.0,0
186,TRANSFER,2.41,C4993808565,4.12,1.71,C6156843353,327.5,329.91,0,0.006666666666666667,0
692,TRANSFER,1.0,C8115628227,0.67,0.0,C4203205881,27896.31,27897.31,0,0.0,0
431,DEBIT,65.69,C1834624758,236.82,171.13,M8144889126,0.0,0.0,0,0.02,0
134,TRANSFER,489.24,C2721355673,408.08,0.0,C9807209816,12569.07,12569.07,1,0.0,0
545,CASH_OUT,55.55,C6009268066,77.04,21.49,C5272119095,2.0,2.0,0,0.03666666666666667,0
593,PAYMENT,1.0,C5201221330,0.0,0.0,M3145756342,0.0,0.0,0,0.0,0
218,TRANSFER,1.0,C9857430687,0.0,0.0,C1422701550,171.64,172.64,0,0.04666666666666667,0
146,DEBIT,10.68,C8118065825,21.1,10.42,M5891831621,0.0,0.0,0,0.02,0
10,TRANSFER,15.07,C1553753599,25.89,10.82,C2789144223,421.64,436.71,0,0.006666666666666667,0
702,CASH_IN,65677.81,C7519578899,0.0,65677.81,C4636537575,0.0,0.0,0,0.0,0
78,CASH_OUT,1.0,C2224336336,0.0,0.0,C8322868827,3.86,3.86,0,0.006666666666666667,0
697,PAYMENT,2.17,C9337145038,2.64,0.47,M8903212516,0.0,0.0,0,0.0,0
129,PAYMENT,72.32,C1590985753,80.61,8.29,M2129491690,0.0,0.0,0,0.0,0
116,TRANSFER,3901.83,C9751963589,4696.44,794.61,C4147025728,6.26,6.26,1,0.16,0
61,TRANSFER,87.56,C2579206999,146.71,59.15,C6880115912,0.0,87.56,0,0.15666666666666668,0
126,TRANSFER,1203.61,C7038841740,1227.46,23.85,C2578662692,3.96,3.96,1,0.15,0
8,PAYMENT,1.0,C6548442140,0.0,0.0,M6992094064,0.0,0.0,0,0.0,0
692,TRANSFER,104.45,C1945826486,3595.14,3490.69,C6761084958,17.77,122.22,0,0.17,0
383,TRANSFER,1.0,C8570850267,0.0,0.0,C1110533960,0.0,1.0,0,0.22,0
433,PAYMENT,29.93,C6588316233,65.5,35.57,M6894024976,0.0,0.0,0,0.0,0
588,CASH_OUT,15.38,C2065354117,31.69,16.31,C7920516981,2.88,2.88,0,0.03333333333333333,0
85,DEBIT,8.23,C3664052763,36.53,28.3,M8964269909,0.0,0.0,0,0.016666666666666666,0
429,PAYMENT,1.14,C4602080228,3.0,1.86,M6284297249,0.0,0.0,0,0.0,0
350,TRANSFER,57.3,C8134112721,67.25,9.95,M6101516825,0.0,0.0,1,0.15666666666666668,0
693,CASH_OUT,1876.8,C5269015757,1988.88,112.08,M7570511906,0.0,0.0,1,0.03333333333333333,0
586,PAYMENT,1.0,C3707166618,0.0,0.0,M9576264323,0.0,0.0,0,0.0,0
695,TRANSFER,3580.06,C6922713963,4144.27,564.21,M6011842297,0.0,0.0,1,0.30333333333333334,0
69,PAYMENT,1.6,C8178927766,25.14,23.54,M5570190774,0.0,0.0,0,0.0,0
113,TRANSFER,1.0,C9303765140,0.0,0.0,C1112794026,9.96,10.96,0,0.19,0
12,PAYMENT,14.85,C7896596272,28.86,14.01,M4329446784,0.0,0.0,0,0.0,0
319,PAYMENT,1.0,C1288335378,1.0,0.0,M6845287382,0.0,0.0,0,0.0,0
700,TRANSFER,706.16,C1725783958,683.31,0.0,C8795212264,948.77,948.77,1,0.09,0
486,PAYMENT,306.43,C9302705838,631.0,324.57,M2910594463,0.0,0.0,0,0.0,0
470,TRANSFER,1.0,C9861449701,0.0,0.0,C2293434554,11.04,12.04,0,0.19,0
545,PAYMENT,382.77,C9166381136,1147.23,764.46,M8626371177,0.0,0.0,0,0.0,0
708,CASH_OUT,7.94,C6009268066,21.49,13.55,C8734449371,1190.1,1190.1,0,0.02666666666666667,0
421,CASH_OUT,134.63,C5613655595,150.53,15.9,C7910439839,0.0,0.0,0,0.06,0
621,TRANSFER,7.02,C8303853049,13.57,6.55,C4642197907,72.24,79.26,0,0.13,0
52,PAYMENT,38.78,C2617999521,43.9,5.12,M9581187661,0.0,0.0,0,0.0,0
548,CASH_OUT,422.88,C7568861677,434.38,11.5,C1485574228,0.0,0.0,1,0.043333333333333335,0
279,TRANSFER,59.52,C7380780055,73.08,13.56,C6582557981,17.48,77.0,0,0.12333333333333334,0
645,CASH_OUT,2163.54,C2099184899,1948.43,0.0,C9403748506,46.84,46.84,1,0.15333333333333332,0
79,TRANSFER,244.18,C4413838650,317.63,73.45,C6470052645,22.55,266.73,0,0.03,0
40,PAYMENT,166.66,C9309500117,251.82,85.16,M6651754819,0.0,0.0,0,0.0,0
35,CASH_OUT,12.95,C1288765093,27.45,14.5,C8441393731,6.19,6.19,0,0.0,0
553,CASH_OUT,387.24,C4131575764,376.17,0.0,C6704841644,6.41,6.41,1,0.07,0
201,PAYMENT,118.42,C9741628563,210.91,92.49,M9523139706,0.0,0.0,0,0.0,0
73,CASH_IN,84123.2,C6122110529,1.29,84124.49,C4880176825,6.85,6.85,0,0.0,0
211,CASH_OUT,179.8,C5329194647,163.49,0.0,M8869140487,0.0,0.0,1,0.016666666666666666,0
221,CASH_IN,63.08,C8270110908,22.91,85.99,C1197449658,13.65,13.65,0,0.0,0
9,DEBIT,21.45,C8208643631,38.46,17.01,M6763471833,0.0,0.0,0,0.016666666666666666,0
204,CASH_IN,131908.65,C8086684009,31.01,131939.66,C3744446292,52.68,52.68,0,0.0,0
631,PAYMENT,3246.54,C5686850445,22737.83,19491.29,M8728631945,0.0,0.0,0,0.0,0
501,CASH_OUT,352.24,C3346569443,728.25,376.01,C4034047118,0.0,0.0,0,0.03,0
127,TRANSFER,2963.59,C6204862411,2619.21,0.0,C5872148707,5.44,5.44,1,0.6766666666666666,1
410,TRANSFER,1.46,C8995970241,6.83,5.37,C5433722159,0.0,1.46,0,0.15333333333333332,0
147,CASH_IN,113123.21,C8942167666,27.88,113151.09,C8325222092,0.0,0.0,0,0.0,0
349,PAYMENT,17.6,C8109891300,67.15,49.55,M6651754819,0.0,0.0,0,0.0,0
644,CASH_OUT,115.29,C3412365931,275.66,160.37,C5567816720,0.0,0.0,0,0.023333333333333334,0
395,CASH_IN,36904.03,C4990452762,635.16,37539.19,C6469318275,25.38,25.38,0,0.0,0
635,PAYMENT,186.67,C9553561889,326.69,140.02,M4601406440,0.0,0.0,0,0.0,0
325,PAYMENT,80.74,C4627032705,173.31,92.57,M2228388623,0.0,0.0,0,0.0,0
441,TRANSFER,263.89,C5586143660,347.28,83.39,C7666129822,1163.18,1427.07,1,0.04666666666666667,0
90,TRANSFER,5.42,C5118430494,8.43,3.01,C1676168421,203.73,209.15,0,0.03,0
521,TRANSFER,7091.75,C2926780541,8409.04,1317.29,C4252504650,516.78,7608.53,0,0.03333333333333333,0
219,PAYMENT,14.54,C2854772804,19.49,4.95,M2916502228,0.0,0.0,0,0.0,0
173,PAYMENT,67.34,C2960432117,142.29,74.95,M7168105904,0.0,0.0,0,0.0,0
655,PAYMENT,1836.39,C5871743247,127977.49,126141.1,M3846182436,0.0,0.0,0,0.0,0
419,CASH_OUT,5029.72,C2635231601,4854.7,0.0,M3965860354,0.0,0.0,1,0.27,0
646,CASH_OUT,1.0,C6974875750,0.0,0.0,C5428082088,0.93,0.93,0,0.056666666666666664,0
328,TRANSFER,3780.24,C1993998848,4870.15,1089.91,C1141312095,156.3,3936.54,1,0.0,0
142,CASH_OUT,84.39,C2180484299,92.73,8.34,C4683935600,625.58,625.58,0,0.006666666666666667,0
68,PAYMENT,1.0,C3698305085,0.34,0.0,M7341757401,0.0,0.0,0,0.0,0
139,TRANSFER,157.66,C4159699467,151.48,0.0,C1293864877,0.0,157.66,1,0.13333333333333333,0
471,CASH_OUT,2.34,C1847275937,3.22,0.88,C8055515912,82.69,82.69,0,0.06,0
557,CASH_OUT,3436.41,C3483827971,3062.03,0.0,C4277422858,563.06,563.06,1,0.18666666666666668,0
277,CASH_OUT,3396.64,C3438771483,3240.38,0.0,M6199197408,0.0,0.0,1,0.09,0
27,PAYMENT,216.65,C9166381136,764.46,547.81,M4211837506,0.0,0.0,0,0.0,0
525,TRANSFER,292.48,C4485356009,405.09,112.61,C4602080228,1.86,294.34,0,0.07666666666666666,0
589,PAYMENT,48.43,C6754503097,209.51,161.08,M3495411322,0.0,0.0,0,0.0,0
195,PAYMENT,1.01,C1311570307,13.37,12.36,M9404002665,0.0,0.0,0,0.0,0
695,PAYMENT,1.0,C4034047118,0.0,0.0,M8044997538,0.0,0.0,0,0.0,0
244,CASH_OUT,1.0,C3303082117,0.0,0.0,C7114223633,92896.92,92896.92,0,0.0,0
309,TRANSFER,509.53,C4201225242,616.87,107.34,M6790024996,0.0,0.0,1,0.16333333333333333,0
281,PAYMENT,15.53,C3484872186,16.39,0.86,M9444143872,0.0,0.0,0,0.0,0
73,CASH_OUT,7.63,C3791027186,10.58,2.95,C2407863065,1.65,1.65,0,0.0033333333333333335,0
100,PAYMENT,1.0,C7483366056,0.0,0.0,M8144352013,0.0,0.0,0,0.0,0
429,TRANSFER,563.05,C5802739154,641.65,78.6,M2635881694,0.0,0.0,1,0.16,0
234,CASH_OUT,224.75,C4949801453,314.83,90.08,M1413599241,0.0,0.0,1,0.0033333333333333335,0
676,PAYMENT,24041.1,C6317189421,62424.94,38383.84,M2115862756,0.0,0.0,0,0.0033333333333333335,0
471,CASH_OUT,3047.52,C5569145346,3341.44,293.92,M4460319291,0.0,0.0,1,0.05333333333333334,0
210,CASH_OUT,64.37,C1519709079,58.89,0.0,M1666898313,0.0,0.0,1,0.013333333333333334,0
277,PAYMENT,1.0,C9922723063,0.0,0.0,M3313346852,0.0,0.0,0,0.0,0
353,CASH_OUT,948.62,C6466597005,1004.89,56.27,C2480915452,144121.79,144121.79,0,0.0,0
546,PAYMENT,1.0,C7431813987,0.0,0.0,M6659847491,0.0,0.0,0,0.0,0
447,PAYMENT,1.0,C6515369278,0.0,0.0,M6790024996,0.0,0.0,0,0.0,0
461,TRANSFER,99.05,C8506931282,99.65,0.6,C7397963801,649.46,649.46,1,0.07666666666666666,0
211,CASH_IN,44.15,C5998623100,221829.43,221873.58,C6246716604,0.0,0.0,0,0.0,0
652,TRANSFER,405.99,C7403028869,1531.43,1125.44,C1230624431,604.13,1010.12,0,0.03666666666666667,0
225,CASH_OUT,1796.94,C3783290795,2133.03,336.09,C1659663750,172.25,172.25,1,0.0,0
100,DEBIT,18.26,C2145921803,21.01,2.75,M3119908041,0.0,0.0,0,0.023333333333333334,0
385,CASH_IN,4187.67,C9094089209,29.09,4216.76,C3338877621,0.0,0.0,0,0.0,0
12,PAYMENT,30.79,C1251837136,65.39,34.6,M1099218439,0.0,0.0,0,0.0,0
542,TRANSFER,667.02,C3884642366,630.91,0.0,C4106464319,0.0,0.0,1,0.26,0
578,PAYMENT,1.42,C2145921803,2.75,1.33,M6894024976,0.0,0.0,0,0.0,0
250,TRANSFER,79.07,C5227828349,211.31,132.24,C6944371787,8307.48,8386.55,0,0.0,0
366,DEBIT,44.51,C1513003815,61.43,16.92,M7340036327,0.0,0.0,0,0.02666666666666667,0
616,PAYMENT,1.0,C1182758417,0.0,0.0,M6992094064,0.0,0.0,0,0.0,0
18,CASH_OUT,3104.42,C8275679594,3308.47,204.05,C9309500117,85.16,85.16,0,0.0,0
351,PAYMENT,3.37,C8995970241,5.37,2.0,M7230477043,0.0,0.0,0,0.0,0
325,PAYMENT,1.0,C4668931881,1.0,0.0,M8030400668,0.0,0.0,0,0.0,0
440,PAYMENT,74.03,C5586143660,83.39,9.36,M7664045502,0.0,0.0,0,0.0,0
310,PAYMENT,56.83,C4645120421,206.07,149.24,M8728631945,0.0,0.0,0,0.0,0
437,PAYMENT,8.09,C8168394616,32.82,24.73,M6932365592,0.0,0.0,0,0.0,0
550,CASH_OUT,37556.07,C9780187424,44319.71,6763.64,C3532855799,42.77,42.77,0,0.013333333333333334,0
196,PAYMENT,1.15,C7882206934,3.82,2.67,M9410569618,0.0,0.0,0,0.0,0
117,PAYMENT,1.0,C5931025271,0.0,0.0,M8102481401,0.0,0.0,0,0.0,0
665,TRANSFER,1.0,C8816681105,0.0,0.0,C9981364488,1252.2,1253.2,0,0.07666666666666666,0
135,CASH_OUT,1.0,C4302709858,0.0,0.0,C3421719519,0.0,0.0,0,0.0033333333333333335,0
588,CASH_OUT,4890.57,C7190276026,4219.83,0.0,M3156792018,0.0,0.0,1,0.23,0
254,TRANSFER,9015.8,C4605117440,12064.12,3048.32,M5990749811,0.0,0.0,1,0.25333333333333335,0
131,CASH_OUT,1201.38,C1558631501,1313.19,111.81,M9068916300,0.0,0.0,1,0.0,0
707,TRANSFER,1.0,C6642201119,1.0,0.0,C5022964382,82.55,83.55,0,0.16333333333333333,0
14,CASH_OUT,20367.2,C4990452762,37539.19,17171.99,C6515369278,0.0,0.0,0,0.0,0
183,PAYMENT,1.0,C3109688769,0.0,0.0,M2625035499,0.0,0.0,0,0.0,0
435,PAYMENT,692.4,C6797436140,1305.03,612.63,M7437168216,0.0,0.0,0,0.0,0
123,PAYMENT,228.89,C2020395327,16571.3,16342.41,M8626371177,0.0,0.0,0,0.0,0
453,CASH_OUT,1.0,C7935554354,0.0,0.0,C6471691689,529.24,529.24,0,0.10333333333333333,0
573,PAYMENT,425.21,C7685540186,553.91,128.7,M2625035499,0.0,0.0,0,0.0,0
394,TRANSFER,2555.81,C2079501936,2705.05,149.24,C9544423456,0.0,2555.81,1,0.02,0
526,TRANSFER,2426.46,C4696689457,3345.99,919.53,M2328736852,0.0,0.0,1,0.2833333333333333,0
193,CASH_IN,13889.46,C9744120054,0.0,13889.46,C1288335378,0.0,0.0,0,0.0,0
276,CASH_OUT,36.66,C7540301973,43.79,7.13,C5667181604,650.93,650.93,0,0.0033333333333333335,0
426,TRANSFER,126.21,C8243746556,259.58,133.37,C1408988968,10.92,137.13,0,0.05,0
219,CASH_OUT,6385.86,C4252504650,7608.53,1222.67,C9505085936,114.32,114.32,0,0.0,0
660,TRANSFER,238.67,C5067245523,591.73,353.06,C7529817193,9.4,248.07,0,0.056666666666666664,0
488,PAYMENT,1.0,C3553440342,1.86,0.86,M4896576569,0.0,0.0,0,0.0,0
2,TRANSFER,3063.73,C8118065825,2889.37,0.0,C1415802902,0.0,0.0,1,0.7433333333333333,1
238,PAYMENT,11.97,C1513003815,16.92,4.95,M5325865521,0.0,0.0,0,0.0,0
655,PAYMENT,3679.54,C2962750929,13213.75,9534.21,M5315720088,0.0,0.0,0,0.0,0
439,CASH_OUT,2337.17,C3869963931,2383.49,46.32,M8548290298,0.0,0.0,1,0.10333333333333333,0
551,CASH_OUT,190.66,C5879617459,204.93,14.27,M2625035499,0.0,0.0,1,0.04,0
328,CASH_OUT,1315.79,C5584288132,1264.15,0.0,C3035761595,0.7,0.7,1,0.12333333333333334,0
542,TRANSFER,5968.14,C7467073633,6943.08,974.94,M1083302600,0.0,0.0,1,0.3233333333333333,0
386,CASH_OUT,2149.87,C9660523876,2799.8,649.93,C3260842187,15.3,15.3,1,0.006666666666666667,0
325,PAYMENT,1.0,C1026224160,0.0,0.0,M3438830691,0.0,0.0,0,0.0,0
351,TRANSFER,3527.55,C3465883999,124754.4,121226.85,C7534583219,108761.95,112289.5,0,0.0,0
62,CASH_IN,2050.16,C5367513465,74795.12,76845.28,C1684598046,217.01,217.01,0,0.0,0
556,TRANSFER,393.37,C7949795085,528.28,134.91,M4456193555,0.0,0.0,1,0.15,0
320,TRANSFER,14.95,C2065354117,16.31,1.36,C2962750929,9534.21,9549.16,0,0.0,0
578,CASH_OUT,3145.16,C7760554363,2774.37,0.0,C7872873371,265.18,265.18,1,0.16333333333333333,0
540,PAYMENT,29.73,C5144289583,89.65,59.92,M5194066484,0.0,0.0,0,0.0,0
221,TRANSFER,1173.71,C5310195918,1513.5,339.79,M8727805468,0.0,0.0,1,0.12,0
120,TRANSFER,1666.54,C7246858055,1893.46,226.92,C3383331379,46.21,1712.75,0,0.006666666666666667,0
575,TRANSFER,277.81,C1197092148,337.0,59.19,C6923301988,23.39,301.2,0,0.07333333333333333,0
396,PAYMENT,2435.53,C5294535887,119349.98,116914.45,M2839566253,0.0,0.0,0,0.0,0
643,CASH_IN,32291.03,C7292076361,143.4,32434.43,C7420493866,25183.59,25183.59,0,0.0,0
630,PAYMENT,1.0,C4656572173,0.0,0.0,M5535650160,0.0,0.0,0,0.0,0
490,TRANSFER,85.39,C6214917780,86.91,1.52,C4067961943,26.16,26.16,1,0.15,0
51,TRANSFER,1.0,C1809283659,0.0,0.0,C5087357728,0.0,1.0,0,0.22666666666666666,0
33,PAYMENT,1.0,C8948573913,0.0,0.0,M3192202822,0.0,0.0,0,0.0,0
420,CASH_OUT,579.65,C5606736607,598.47,18.82,M6275155878,0.0,0.0,1,0.06333333333333334,0
83,CASH_OUT,3326.73,C6121801720,3300.97,0.0,C4538382315,947.79,947.79,1,0.05,0
637,PAYMENT,1.0,C7603978731,0.0,0.0,M3811254192,0.0,0.0,0,0.0,0
495,PAYMENT,1619.91,C5862655247,18318.87,16698.96,M9523139706,0.0,0.0,0,0.0,0
691,TRANSFER,31.98,C6048096802,42.46,10.48,C9327720702,19.56,51.54,0,0.13333333333333333,0
691,TRANSFER,1.0,C6515369278,0.0,0.0,C8706093841,0.0,1.0,0,0.22,0
365,TRANSFER,171.27,C6884882440,148.75,0.0,M3297681898,0.0,0.0,1,0.23,0
618,CASH_OUT,156.96,C5569145346,293.92,136.96,C4847761430,7000.6,7000.6,0,0.013333333333333334,0
508,PAYMENT,13182.38,C7114223633,92896.92,79714.54,M2136107759,0.0,0.0,0,0.0,0
450,TRANSFER,14877.89,C9894264595,13970.88,0.0,M1096405016,0.0,0.0,1,0.8966666666666666,1
625,CASH_OUT,24.42,C6288227800,28.92,4.5,C1127978094,7862.04,7862.04,0,0.013333333333333334,0
248,DEBIT,38037.59,C6231117883,44718.86,6681.27,M2778069478,0.0,0.0,0,0.013333333333333334,0
583,PAYMENT,2.51,C1439427140,6.16,3.65,M2541015125,0.0,0.0,0,0.0,0
551,PAYMENT,2155.01,C4847761430,7000.6,4845.59,M9288057824,0.0,0.0,0,0.0,0
118,PAYMENT,1.0,C5381866906,0.0,0.0,M8144889126,0.0,0.0,0,0.0,0
57,PAYMENT,39.47,C8109891300,49.55,10.08,M4865979921,0.0,0.0,0,0.0,0
670,TRANSFER,4727.65,C8285000265,4179.6,0.0,M3960136787,0.0,0.0,1,0.9166666666666666,1
157,CASH_OUT,1.0,C7196439534,0.0,0.0,C4262396395,0.0,0.0,0,0.013333333333333334,0
207,TRANSFER,4281.06,C4786674545,3742.49,0.0,C5483308751,26488.52,26488.52,1,0.0033333333333333335,0
682,TRANSFER,244.63,C1676168421,209.15,0.0,M1458227039,0.0,0.0,1,0.22666666666666666,0
208,PAYMENT,1.0,C1485574228,0.0,0.0,M5815678365,0.0,0.0,0,0.0,0
588,CASH_IN,88664.52,C4486522557,384.35,89048.87,C9526836552,0.0,0.0,0,0.0,0
117,TRANSFER,10769.88,C1678500147,11175.41,405.53,C3190227431,192.99,192.99,1,0.03666666666666667,0
632,CASH_OUT,1.0,C1209063208,0.0,0.0,C5903457537,0.0,0.0,0,0.06,0
272,PAYMENT,24.61,C9484167278,421.68,397.07,M7532669066,0.0,0.0,0,0.0,0
96,TRANSFER,2776.44,C6155234610,2372.94,0.0,C6986770879,0.0,0.0,1,0.7933333333333333,1
359,CASH_IN,978.77,C8390631634,192.16,1170.93,C8588769565,108.82,108.82,0,0.0,0
516,DEBIT,53.61,C1340272119,57.82,4.21,M5564953924,0.0,0.0,0,0.04,0
656,PAYMENT,151.94,C8832617672,170.02,18.08,M2115862756,0.0,0.0,0,0.0,0
496,TRANSFER,245.18,C8241550421,231.12,0.0,M4093474499,0.0,0.0,1,0.23,0
168,PAYMENT,290.05,C6461974809,579.38,289.33,M9441870024,0.0,0.0,0,0.0,0
165,CASH_OUT,1.0,C8318855178,0.0,0.0,C3058982440,23.29,23.29,0,0.01,0
633,TRANSFER,50.34,C8796286443,58.65,8.31,C2014766981,0.0,50.34,0,0.17333333333333334,0
710,PAYMENT,1890.71,C1127978094,7862.04,5971.33,M6384311581,0.0,0.0,0,0.0,0
628,TRANSFER,121.44,C9623534576,133.16,11.72,C9844874547,25.84,25.84,1,0.13333333333333333,0
711,TRANSFER,1.0,C2050340486,0.0,0.0,C2308638549,1066.69,1067.69,0,0.06666666666666667,0
596,CASH_OUT,651.58,C2327372855,719.86,68.28,M8858274691,0.0,0.0,1,0.03333333333333333,0
146,TRANSFER,2088.58,C1674555072,2020.9,0.0,C4847761430,4845.59,4845.59,1,0.023333333333333334,0
557,TRANSFER,51.36,C8760642358,70.96,19.6,C2633177480,5405.4,5456.76,1,0.03333333333333333,0
56,TRANSFER,1122.59,C1563524533,1015.18,0.0,C7665963761,8.68,1131.27,1,0.09,0
708,PAYMENT,77.04,C9929101065,98.51,21.47,M9640701016,0.0,0.0,0,0.0033333333333333335,0
296,TRANSFER,4517.39,C9116428507,4207.19,0.0,M2187592160,0.0,0.0,1,0.7933333333333333,1
601,PAYMENT,1.0,C4630196130,0.0,0.0,M4390543744,0.0,0.0,0,0.0,0
64,CASH_IN,10100.44,C3574081104,87.01,10187.45,C9147736635,165303.72,165303.72,0,0.0,0
537,TRANSFER,5.01,C8458717057,12.11,7.1,C1316756902,0.0,5.01,0,0.17,0
382,PAYMENT,157.3,C9302705838,324.57,167.27,M8626371177,0.0,0.0,0,0.0,0
593,TRANSFER,565.19,C8117478955,722.19,157.0,C5625411308,0.0,565.19,1,0.03333333333333333,0
670,TRANSFER,306.95,C3149484176,328.68,21.73,C1717346250,0.0,0.0,1,0.17,0
51,CASH_OUT,87.25,C7154795660,307.25,220.0,C3792347639,0.84,0.84,0,0.0033333333333333335,0
208,DEBIT,1.0,C7824150224,0.0,0.0,M8058679999,0.0,0.0,0,0.03,0
247,PAYMENT,2.14,C6204041308,21796.07,21793.93,M3534186676,0.0,0.0,0,0.0,0
661,PAYMENT,32.54,C7792729530,69.99,37.45,M3705237613,0.0,0.0,0,0.0,0
571,CASH_OUT,1.0,C6974875750,0.0,0.0,C6231117883,6681.27,6681.27,0,0.023333333333333334,0
187,CASH_OUT,3419.01,C8012696455,4424.92,1005.91,M5156392601,0.0,0.0,1,0.0,0
181,CASH_OUT,4636.49,C9514255777,4711.36,74.87,M2156184315,0.0,0.0,1,0.0,0
460,PAYMENT,1.0,C4524233168,0.0,0.0,M1096405016,0.0,0.0,0,0.0,0
83,CASH_OUT,3799.37,C6009268066,3458.66,0.0,M7340036327,0.0,0.0,1,0.056666666666666664,0
632,PAYMENT,6.25,C8109891300,10.08,3.83,M5449848690,0.0,0.0,0,0.0,0
580,PAYMENT,15.74,C2540492440,23.34,7.6,M8903212516,0.0,0.0,0,0.0,0
717,CASH_OUT,104539.47,C2825989011,129260.32,24720.85,M6692705133,0.0,0.0,1,0.016666666666666666,0
196,PAYMENT,8411.71,C6887132821,32744.73,24333.02,M5937271321,0.0,0.0,0,0.0,0
699,CASH_OUT,12.73,C7896596272,14.01,1.28,C7402059279,121.23,121.23,0,0.03,0
375,PAYMENT,114.55,C2914590233,188.3,73.75,M4865979921,0.0,0.0,0,0.0,0
625,TRANSFER,44.35,C5800633419,55.68,11.33,M9398575277,0.0,0.0,1,0.17666666666666667,0
526,PAYMENT,3.42,C5879617459,14.27,10.85,M3072183247,0.0,0.0,0,0.0,0
440,TRANSFER,753.59,C8215470878,1984.02,1230.43,C2825957977,46.63,800.22,0,0.056666666666666664,0
283,CASH_OUT,164.63,C1526723719,710.25,545.62,C4503614567,82132.33,82132.33,0,0.0,0
50,TRANSFER,75006.85,C7371573279,85348.72,10341.87,M4122901114,0.0,0.0,1,0.25,0
370,PAYMENT,1.0,C7824150224,0.0,0.0,M8144352013,0.0,0.0,0,0.0,0
351,PAYMENT,824.41,C6231117883,6681.27,5856.86,M6384311581,0.0,0.0,0,0.0,0
271,CASH_OUT,213.45,C2525930586,188.66,0.0,C4239406957,1063.08,1063.08,1,0.02666666666666667,0
451,CASH_OUT,298.05,C9691572571,254.15,0.0,M6846530109,0.0,0.0,1,0.10333333333333333,0
27,TRANSFER,278.37,C6241752544,258.96,0.0,M4460319291,0.0,0.0,1,0.22666666666666666,0
410,PAYMENT,53.43,C3781569954,201.08,147.65,M8727805468,0.0,0.0,0,0.0,0
85,CASH_OUT,3367.45,C2075413763,3301.82,0.0,M2885370603,0.0,0.0,1,0.05333333333333334,0
149,TRANSFER,1867.4,C8796293088,2046.58,179.18,M2121448210,0.0,0.0,1,0.14,0
116,TRANSFER,84.83,C2465576748,95.96,11.13,C8370987661,43.25,128.08,0,0.07666666666666666,0
488,CASH_OUT,996.53,C4252504650,1222.67,226.14,M2303835765,0.0,0.0,1,0.04,0
632,PAYMENT,2338.58,C4287687478,31006.83,28668.25,M6763471833,0.0,0.0,0,0.0,0
61,PAYMENT,1.39,C3980491761,4.67,3.28,M3495411322,0.0,0.0,0,0.0,0
182,TRANSFER,1.0,C9035194895,0.0,0.0,C3377702111,83592.74,83593.74,0,0.0,0
492,PAYMENT,1.0,C2009317340,0.0,0.0,M8869140487,0.0,0.0,0,0.0,0
63,CASH_OUT,208.1,C2350701477,353.74,145.64,C1004665657,0.0,0.0,0,0.0,0
127,PAYMENT,17.13,C5151887478,25.4,8.27,M5937271321,0.0,0.0,0,0.0,0
473,TRANSFER,4039.42,C4783282817,4475.64,436.22,C7623575561,161.95,161.95,1,0.13,0
698,TRANSFER,3498.16,C9909257076,2932.06,0.0,M2115862756,0.0,0.0,1,0.8833333333333333,1
470,TRANSFER,72.78,C4413838650,73.45,0.67,M9822499208,0.0,0.0,1,0.21666666666666667,0
700,DEBIT,142.2,C4719780110,666.77,524.57,M4160161496,0.0,0.0,0,0.023333333333333334,0
632,PAYMENT,1553.27,C8015775567,21838.9,20285.63,M3019265031,0.0,0.0,0,0.0,0
299,PAYMENT,1.02,C4482141802,623.34,622.32,M7270955446,0.0,0.0,0,0.0,0
14,TRANSFER,120843.78,C2079770569,110655.04,0.0,M9896529524,0.0,0.0,1,0.5033333333333333,1
492,TRANSFER,2154.68,C2869999754,2940.23,785.55,M1099218439,0.0,0.0,1,0.29,0
118,CASH_OUT,1107.86,C9842186844,1038.05,0.0,M3145756342,0.0,0.0,1,0.06333333333333334,0
96,PAYMENT,142.7,C1378134712,152.4,9.7,M9822499208,0.0,0.0,0,0.0,0
511,DEBIT,89.71,C7637761996,102.82,13.11,M6045729129,0.0,0.0,0,0.03333333333333333,0
230,TRANSFER,1.0,C3035761595,0.7,0.0,C8229344434,0.0,1.0,0,0.23,0
39,PAYMENT,1.0,C4927019611,0.0,0.0,M4601406440,0.0,0.0,0,0.0,0
623,CASH_OUT,34.65,C8471762590,39.77,5.12,C8287542751,0.0,0.0,0,0.03333333333333333,0
156,PAYMENT,814.61,C8093179263,1961.32,1146.71,M5959736235,0.0,0.0,0,0.0,0
74,TRANSFER,1.0,C5789617427,0.0,0.0,C1367704871,0.0,1.0,0,0.23333333333333334,0
205,PAYMENT,44.88,C2825989011,24720.85,24675.97,M2571632270,0.0,0.0,0,0.0,0
4,TRANSFER,2817.15,C1281199333,3377.92,560.77,C6448001026,0.0,2817.15,1,0.013333333333333334,0
277,PAYMENT,19265.86,C4466589567,36238.66,16972.8,M7537130187,0.0,0.0,0,0.0,0
316,PAYMENT,7.35,C7099469983,20.65,13.3,M2155671697,0.0,0.0,0,0.0,0
284,PAYMENT,1.0,C2984460654,0.23,0.0,M9043367776,0.0,0.0,0,0.0,0
459,CASH_OUT,3673.39,C3019214800,3651.67,0.0,C8638763775,560.52,560.52,1,0.43666666666666665,0
454,TRANSFER,3906.06,C9717175839,4066.3,160.24,M7514017540,0.0,0.0,1,0.31666666666666665,0
414,PAYMENT,1.0,C7561728644,0.0,0.0,M3438830691,0.0,0.0,0,0.0,0
47,PAYMENT,1.0,C9263135031,1.07,0.07,M2571632270,0.0,0.0,0,0.0,0
593,TRANSFER,100.17,C4485356009,112.61,12.44,C8684942020,6.57,106.74,0,0.11666666666666667,0
5,CASH_OUT,669.75,C1600406558,859.66,189.91,C1754603440,0.0,0.0,0,0.023333333333333334,0
221,TRANSFER,1.0,C8236980551,0.0,0.0,C8503368512,198.92,199.92,0,0.04666666666666667,0
352,PAYMENT,358.93,C6307626407,453.95,95.02,M3072183247,0.0,0.0,0,0.0,0
348,PAYMENT,1.0,C4734111722,1.29,0.29,M1099218439,0.0,0.0,0,0.0,0
508,TRANSFER,59.54,C1484230338,52.91,0.0,C6974875750,0.0,0.0,1,0.22666666666666666,0
285,PAYMENT,1.0,C8048810275,0.0,0.0,M1257854279,0.0,0.0,0,0.0,0
69,PAYMENT,1.57,C2617999521,5.12,3.55,M5815678365,0.0,0.0,0,0.0,0
212,TRANSFER,54.07,C8625774078,106.81,52.74,C9780187424,6763.64,6817.71,0,0.0033333333333333335,0
75,TRANSFER,2164.11,C1529290976,2687.15,523.04,M9776500600,0.0,0.0,1,0.18666666666666668,0
426,CASH_OUT,168.59,C3725152347,168.68,0.09,M3156792018,0.0,0.0,1,0.10333333333333333,0
268,CASH_OUT,250.45,C3197757742,1069.55,819.1,C2405746777,0.0,0.0,0,0.006666666666666667,0
611,TRANSFER,2525.97,C6859286614,3335.09,809.12,M1122712790,0.0,0.0,1,0.2833333333333333,0
107,CASH_OUT,109434.41,C1110724913,122806.78,13372.37,C3304560537,16.07,16.07,1,0.0,0
565,PAYMENT,1.0,C8506931282,0.6,0.0,M1122712790,0.0,0.0,0,0.0,0
140,PAYMENT,1.0,C8575707116,0.0,0.0,M2885370603,0.0,0.0,0,0.0,0
92,CASH_OUT,135208.44,C9626333315,124534.55,0.0,M3297681898,0.0,0.0,1,0.09333333333333334,0
217,PAYMENT,29.52,C2095286033,31.54,2.02,M2129491690,0.0,0.0,0,0.0,0
377,CASH_OUT,1.0,C3946766309,1.61,0.61,C8039917766,0.0,0.0,0,0.02666666666666667,0
610,PAYMENT,164.45,C6924716023,295.71,131.26,M3192202822,0.0,0.0,0,0.0,0
179,PAYMENT,1.0,C1913706213,0.0,0.0,M9900829971,0.0,0.0,0,0.0,0
706,PAYMENT,50.95,C4067213499,58.54,7.59,M3965860354,0.0,0.0,0,0.0,0
568,TRANSFER,189.18,C1415802902,208.63,19.45,M5315720088,0.0,0.0,1,0.17666666666666667,0
334,PAYMENT,275.22,C4972536230,3220.23,2945.01,M9026301048,0.0,0.0,0,0.0,0
205,DEBIT,1.0,C5431267548,0.0,0.0,M3605446007,0.0,0.0,0,0.03,0
613,TRANSFER,1.0,C9085085822,0.0,0.0,C8471762590,5.12,6.12,0,0.20333333333333334,0
75,TRANSFER,2224.52,C6131005449,1854.76,0.0,M5087280062,0.0,0.0,1,0.6033333333333334,1
209,PAYMENT,1.0,C8274273035,0.64,0.0,M1711271599,0.0,0.0,0,0.0,0
621,PAYMENT,36.81,C5022964382,83.55,46.74,M4460319291,0.0,0.0,0,0.0,0
393,CASH_OUT,640.71,C9919491730,648.15,7.44,C3482206102,103960.67,103960.67,1,0.006666666666666667,0
482,DEBIT,58.41,C9806189256,61.51,3.1,M6199197408,0.0,0.0,0,0.04666666666666667,0
462,TRANSFER,3513.65,C4714465905,4214.11,700.46,C8841851495,7.14,7.14,1,0.23,0
144,TRANSFER,2681.43,C6952291828,3158.06,476.63,C6704841644,6.41,6.41,1,0.1,0
75,TRANSFER,1.0,C7895255573,0.54,0.0,C4747699292,0.0,1.0,0,0.23333333333333334,0
69,CASH_IN,34038.8,C3412273600,1.0,34039.8,C2627677155,131798.87,131798.87,0,0.0,0
632,PAYMENT,22.94,C2140169349,56.49,33.55,M3317856944,0.0,0.0,0,0.0,0
527,TRANSFER,2114.33,C4820055862,2726.79,612.46,M6313472215,0.0,0.0,1,0.29333333333333333,0
550,PAYMENT,267.65,C1596471620,117398.04,117130.39,M5449848690,0.0,0.0,0,0.0,0
167,CASH_OUT,816.63,C5626388820,698.72,0.0,C5144289583,59.92,59.92,1,0.06,0
15,DEBIT,77.98,C6169243284,344.59,266.61,M4952177946,0.0,0.0,0,0.01,0
558,DEBIT,1.21,C7227593033,1.66,0.45,M1458227039,0.0,0.0,0,0.043333333333333335,0
336,CASH_OUT,65.96,C3365835550,85.79,19.83,C8995045543,0.0,0.0,0,0.013333333333333334,0
577,PAYMENT,373.07,C4490722186,617.89,244.82,M4522855590,0.0,0.0,0,0.0,0
203,PAYMENT,46.79,C8755749566,118.5,71.71,M6130446648,0.0,0.0,0,0.0,0
590,CASH_OUT,1.09,C1799718923,3.66,2.57,C4731897202,1611.9,1611.9,0,0.02666666666666667,0
318,CASH_OUT,950.61,C9851745648,1331.2,380.59,M5714658227,0.0,0.0,1,0.006666666666666667,0
52,PAYMENT,38.27,C1261903104,107.1,68.83,M3965860354,0.0,0.0,0,0.0,0
279,TRANSFER,350.98,C5182110973,434.28,83.3,M5694439775,0.0,0.0,1,0.16,0
368,CASH_OUT,17563.54,C8926438617,15087.57,0.0,C9807209816,12569.07,12569.07,1,0.06333333333333334,0
187,TRANSFER,534.26,C5140460939,603.01,68.75,C7146318035,0.0,534.26,0,0.02,0
635,CASH_OUT,220.53,C2174793230,356.43,135.9,C3362657890,0.0,0.0,0,0.02666666666666667,0
5,PAYMENT,1.0,C9279291478,1.05,0.05,M5734228580,0.0,0.0,0,0.0,0
367,PAYMENT,1.0,C5358791907,0.0,0.0,M3192202822,0.0,0.0,0,0.0,0
68,TRANSFER,106.1,C9463197203,186.58,80.48,C7229869819,2.1,108.2,0,0.10666666666666667,0
691,PAYMENT,1.0,C2125089309,0.0,0.0,M9896529524,0.0,0.0,0,0.0,0
553,TRANSFER,13.68,C6469318275,25.38,11.7,C5750815980,0.0,13.68,0,0.17,0
606,TRANSFER,446.06,C1847275937,602.09,156.03,C8417757797,10.26,10.26,1,0.10333333333333333,0
282,PAYMENT,3.18,C1340272119,4.21,1.03,M8728631945,0.0,0.0,0,0.0,0
126,PAYMENT,1.0,C2965164102,0.0,0.0,M7532669066,0.0,0.0,0,0.0,0
572,PAYMENT,1.0,C3464975279,0.0,0.0,M6846530109,0.0,0.0,0,0.0,0
392,CASH_OUT,14.38,C5292015249,34.82,20.44,C4632522232,1625.06,1625.06,0,0.006666666666666667,0
430,TRANSFER,2.04,C8261111839,7.52,5.48,C5183211669,77.6,79.64,0,0.11,0
9,TRANSFER,55.21,C3003484425,122.23,67.02,C1754368373,9.16,64.37,0,0.10666666666666667,0
462,CASH_IN,101892.5,C7472806994,0.62,101893.12,C5646880148,454.57,454.57,0,0.0,0
89,CASH_OUT,283.29,C2625792787,451.9,168.61,C6638034087,3.57,3.57,0,0.0,0
594,PAYMENT,166.56,C7208619610,241.07,74.51,M1240140248,0.0,0.0,0,0.0,0
470,TRANSFER,2310.5,C4635552887,2094.15,0.0,M4892544235,0.0,0.0,1,0.76,1
336,PAYMENT,49.82,C8316205130,82.72,32.9,M4601406440,0.0,0.0,0,0.0,0
451,PAYMENT,1.0,C9626333315,0.0,0.0,M3145756342,0.0,0.0,0,0.0,0
141,TRANSFER,3721.13,C6576426590,4052.31,331.18,M5734228580,0.0,0.0,1,0.18666666666666668,0
636,TRANSFER,1647.18,C7249213370,1493.32,0.0,C7499349987,0.0,0.0,1,0.5066666666666667,1
105,PAYMENT,9.39,C4256292393,15.1,5.71,M9098037639,0.0,0.0,0,0.0,0
704,PAYMENT,169.25,C5336127859,257.56,88.31,M5194066484,0.0,0.0,0,0.0,0
616,PAYMENT,1.0,C4636537575,0.0,0.0,M5919148165,0.0,0.0,0,0.0,0
468,TRANSFER,484.75,C6305160342,533.11,48.36,M1857561275,0.0,0.0,1,0.17,0
618,PAYMENT,1.0,C5751366455,0.0,0.0,M3317856944,0.0,0.0,0,0.0,0
577,PAYMENT,139.81,C9557663181,246.82,107.01,M2518433834,0.0,0.0,0,0.0,0
410,DEBIT,5.25,C8471762590,6.12,0.87,M1458227039,0.0,0.0,0,0.04,0
497,DEBIT,76.72,C3480920839,148.06,71.34,M6384311581,0.0,0.0,0,0.02666666666666667,0
147,PAYMENT,3.05,C3980491761,3.28,0.23,M4399143287,0.0,0.0,0,0.0,0
351,PAYMENT,3369.46,C9103115140,111499.44,108129.98,M1442421654,0.0,0.0,0,0.0,0
314,TRANSFER,3698.04,C6583444930,4755.11,1057.07,C2071552532,10.46,10.46,1,0.17,0
19,TRANSFER,275.95,C2452066459,286.32,10.37,M3846182436,0.0,0.0,1,0.15333333333333332,0
32,PAYMENT,10.82,C2137651678,15.28,4.46,M8366710477,0.0,0.0,0,0.0,0
7,PAYMENT,118.83,C3962452613,141.5,22.67,M8144352013,0.0,0.0,0,0.0033333333333333335,0
66,CASH_OUT,1302.41,C3791027186,1461.26,158.85,C8086527181,0.37,0.37,1,0.0,0
600,PAYMENT,1.0,C8229344434,1.0,0.0,M8964269909,0.0,0.0,0,0.0,0
546,TRANSFER,7561.04,C2148679234,8228.44,667.4,C8973989997,33980.06,41541.1,0,0.0033333333333333335,0
668,CASH_OUT,1098.97,C8316648259,1493.07,394.1,C7839819230,0.0,0.0,1,0.02666666666666667,0
33,CASH_OUT,1.0,C9738752801,1.23,0.23,C3075362821,176.32,176.32,0,0.0,0
688,CASH_OUT,158.51,C1173215225,142.92,0.0,M1368287033,0.0,0.0,1,0.07,0
243,TRANSFER,1431.48,C4104309491,1617.91,186.43,M8910440683,0.0,0.0,1,0.14,0
298,PAYMENT,10857.42,C4130305126,12990.71,2133.29,M4242579642,0.0,0.0,0,0.0,0
365,PAYMENT,1.0,C1446457642,0.0,0.0,M9523139706,0.0,0.0,0,0.0,0
112,CASH_OUT,2186.88,C4460967357,2713.08,526.2,C2067970820,5219.15,5219.15,1,0.0,0
479,TRANSFER,2077.09,C2295574037,2192.7,115.61,C4460967357,526.2,526.2,1,0.12666666666666668,0
547,CASH_IN,19127.1,C4633987776,228.91,19356.01,C9428056968,365.71,365.71,0,0.0,0
699,PAYMENT,1.0,C8086527181,0.37,0.0,M2541015125,0.0,0.0,0,0.0,0
678,PAYMENT,9675.01,C6496596008,58827.45,49152.44,M7717262223,0.0,0.0,0,0.0,0
419,PAYMENT,54.55,C3933213766,64.17,9.62,M7050091525,0.0,0.0,0,0.0,0
207,TRANSFER,29.76,C8281641403,34.89,5.13,C7227593033,0.45,30.21,0,0.16,0
145,CASH_OUT,111.3,C5271453859,119.49,8.19,M3322580659,0.0,0.0,1,0.016666666666666666,0
287,PAYMENT,1771.9,C3511301900,4380.97,2609.07,M7678293431,0.0,0.0,0,0.0,0
564,PAYMENT,1.0,C2612579345,0.5,0.0,M9021793855,0.0,0.0,0,0.0,0
552,CASH_OUT,105319.39,C6338036681,142250.07,36930.68,M9288057824,0.0,0.0,1,0.013333333333333334,0
101,CASH_OUT,12825.06,C8991514523,39077.14,26252.08,C8313706299,8.93,8.93,0,0.0,0
204,CASH_OUT,153.44,C3412365931,160.37,6.93,M8910440683,0.0,0.0,1,0.013333333333333334,0
95,CASH_OUT,73.79,C8880079328,83.05,9.26,C9433570024,13.98,13.98,1,0.0033333333333333335,0
398,PAYMENT,6.32,C4956843441,7.32,1.0,M7951820749,0.0,0.0,0,0.0,0
56,TRANSFER,459.61,C6720396142,513.66,54.05,M6041646576,0.0,0.0,1,0.17333333333333334,0
626,PAYMENT,2.29,C6596578419,2.44,0.15,M4865979921,0.0,0.0,0,0.0,0
120,CASH_OUT,113.58,C2064803502,526.19,412.61,C4508521152,9830.71,9830.71,0,0.01,0
293,TRANSFER,8443.93,C8076527214,7895.49,0.0,M3831598303,0.0,0.0,1,0.8,1
647,CASH_OUT,3.94,C5407856339,8.78,4.84,C6000009225,0.0,0.0,0,0.04,0
640,TRANSFER,1.0,C2870403050,0.0,0.0,C6924716023,131.26,132.26,0,0.13666666666666666,0
35,TRANSFER,389.79,C4719780110,524.57,134.78,C8734449371,1190.1,1190.1,1,0.006666666666666667,0
615,TRANSFER,1.0,C5625980561,0.0,0.0,C4750707607,0.0,1.0,0,0.23333333333333334,0
620,TRANSFER,322.68,C4046558332,473.24,150.56,C3651552513,0.0,322.68,0,0.06,0
209,TRANSFER,56.07,C4040409964,68.89,12.82,M7537130187,0.0,0.0,1,0.16666666666666666,0
468,PAYMENT,9.12,C8208643631,17.01,7.89,M9098037639,0.0,0.0,0,0.0,0
490,CASH_OUT,1081.55,C6554972315,1170.96,89.41,M9581187661,0.0,0.0,1,0.06,0
507,TRANSFER,290.09,C8650676663,385.15,95.06,C4873807154,58.51,348.6,0,0.07,0
66,CASH_OUT,1.0,C3796581976,0.0,0.0,C1340272119,1.03,1.03,0,0.0033333333333333335,0
77,TRANSFER,2243.08,C1288765093,3044.28,801.2,M1811839103,0.0,0.0,1,0.18,0
196,CASH_OUT,492.25,C4248149900,549.06,56.81,C6287793163,0.0,0.0,1,0.016666666666666666,0
20,PAYMENT,1.0,C5884391502,0.98,0.0,M4952177946,0.0,0.0,0,0.0,0
638,PAYMENT,1.0,C9259157845,0.0,0.0,M4093474499,0.0,0.0,0,0.0,0
707,PAYMENT,19.82,C4564751926,53.01,33.19,M1466305100,0.0,0.0,0,0.0033333333333333335,0
720,CASH_OUT,1279.25,C4586784711,1307.79,28.54,M2391874847,0.0,0.0,1,0.06,0
509,TRANSFER,19087.39,C8478529823,25692.86,6605.47,C8203447752,0.0,19087.39,0,0.006666666666666667,0
162,PAYMENT,275.74,C8239941612,512.96,237.22,M7453081889,0.0,0.0,0,0.0,0
523,PAYMENT,18.7,C9844874547,25.84,7.14,M6763471833,0.0,0.0,0,0.0,0
256,TRANSFER,1.0,C1754603440,0.0,0.0,C7838460497,0.0,1.0,0,0.23333333333333334,0
175,TRANSFER,62055.24,C4486522557,89048.87,26993.63,C6582557981,77.0,62132.24,0,0.0,0
299,CASH_OUT,216.62,C8923555411,314.99,98.37,C1792214339,0.0,0.0,0,0.006666666666666667,0
719,PAYMENT,325.1,C6458544482,867.98,542.88,M7678293431,0.0,0.0,0,0.0,0
268,PAYMENT,85.26,C5243939720,170.51,85.25,M6361225622,0.0,0.0,0,0.0,0
388,PAYMENT,38.45,C3693985578,170.39,131.94,M5794335854,0.0,0.0,0,0.0,0
519,TRANSFER,1.0,C6691628146,0.0,0.0,C8503368512,199.92,200.92,0,0.11666666666666667,0
633,PAYMENT,1.0,C1367704871,1.0,0.0,M9916475897,0.0,0.0,0,0.0,0
120,TRANSFER,401.74,C8131923452,541.19,139.45,C2178158203,0.0,0.0,1,0.14666666666666667,0
433,PAYMENT,96.25,C3429019820,252.96,156.71,M2773408660,0.0,0.0,0,0.0,0
456,CASH_OUT,983.57,C8317619798,1115.44,131.87,C3392080953,0.61,0.61,1,0.08,0
691,PAYMENT,20.92,C1818112342,31.84,10.92,M6525576685,0.0,0.0,0,0.0,0
225,TRANSFER,883.96,C9868845806,8470.12,7586.16,C3057629778,172.75,1056.71,0,0.0,0
696,CASH_OUT,219.28,C6837342064,203.53,0.0,M1199447370,0.0,0.0,1,0.07,0
235,PAYMENT,1.0,C9650701349,1.08,0.08,M7050091525,0.0,0.0,0,0.0,0
538,TRANSFER,99.45,C4172006012,106.21,6.76,C3214080278,0.0,99.45,0,0.17333333333333334,0
114,CASH_OUT,3880.2,C4277561834,3711.55,0.0,C3470617247,0.0,0.0,1,0.04666666666666667,0
386,TRANSFER,1.0,C3334938378,1.55,0.55,C4655730355,58.67,59.67,0,0.11333333333333333,0
48,CASH_OUT,1053.6,C1131671246,1210.81,157.21,M5959736235,0.0,0.0,1,0.0,0
673,TRANSFER,1.0,C1361845490,0.0,0.0,C3271361431,9.83,10.83,0,0.19,0
354,CASH_OUT,947.23,C8093179263,1146.71,199.48,M4908108692,0.0,0.0,1,0.01,0
352,TRANSFER,5059.07,C5135595227,4662.99,0.0,M3072183247,0.0,0.0,1,0.7366666666666667,1
534,PAYMENT,23.26,C2295574037,115.61,92.35,M1466305100,0.0,0.0,0,0.0,0
477,TRANSFER,82049.17,C7627266377,93094.01,11044.84,C8369792370,1051.13,83100.3,0,0.0,0
190,TRANSFER,2619.76,C3869963931,2280.54,0.0,C9123612497,12.72,12.72,1,0.6866666666666666,1
279,TRANSFER,1.0,C7462972995,0.0,0.0,C4919706735,0.0,1.0,0,0.23333333333333334,0
382,PAYMENT,1.0,C1624173500,0.0,0.0,M1692044390,0.0,0.0,0,0.0,0
34,PAYMENT,1.0,C7190276026,0.0,0.0,M1257854279,0.0,0.0,0,0.0,0
616,CASH_OUT,1309.81,C8281641403,1388.48,78.67,M5067400473,0.0,0.0,1,0.04,0
261,CASH_OUT,104302.79,C3482206102,103960.67,0.0,C4102821948,432.53,432.53,1,0.023333333333333334,0
399,CASH_OUT,1292.3,C7002076563,1489.54,197.24,C1725783958,0.0,0.0,1,0.006666666666666667,0
659,CASH_OUT,7798.92,C8189916797,16669.43,8870.51,C3893976444,0.0,0.0,0,0.016666666666666666,0
112,TRANSFER,2317.08,C5416031878,2694.95,377.87,M2391874847,0.0,0.0,1,0.19,0
70,PAYMENT,657.09,C9981364488,1253.2,596.11,M5694439775,0.0,0.0,0,0.0,0
213,PAYMENT,7.19,C5569295400,12.58,5.39,M8235474949,0.0,0.0,0,0.0,0
210,PAYMENT,1.0,C8086527181,0.0,0.0,M2155671697,0.0,0.0,0,0.0,0
13,PAYMENT,1.0,C8265834251,0.0,0.0,M3317856944,0.0,0.0,0,0.0,0
12,PAYMENT,1.0,C6027311960,0.0,0.0,M5535650160,0.0,0.0,0,0.0,0
281,DEBIT,13.4,C5151086814,19.99,6.59,M8218146534,0.0,0.0,0,0.02,0
455,TRANSFER,21953.35,C6745958212,23595.07,1641.72,M5694439775,0.0,0.0,1,0.32,0
332,TRANSFER,1.0,C5633956194,0.0,0.0,C6392415228,115.12,116.12,0,0.06,0
537,PAYMENT,1.0,C9049270990,0.0,0.0,M9523139706,0.0,0.0,0,0.0,0
461,TRANSFER,650.55,C4682870880,901.03,250.48,C6789448659,15.54,666.09,0,0.04,0
444,TRANSFER,1.0,C2176904638,0.0,0.0,C1205082311,3.03,4.03,0,0.21333333333333335,0
275,PAYMENT,1.0,C9894847574,0.0,0.0,M2187592160,0.0,0.0,0,0.0,0
564,PAYMENT,1086.17,C9421518487,1180.42,94.25,M6282009986,0.0,0.0,0,0.0,0
143,TRANSFER,2882.66,C7004510516,3147.41,264.75,C2878930355,133.85,133.85,1,0.05,0
10,CASH_OUT,1.0,C7389111087,0.0,0.0,C7560389844,0.0,0.0,0,0.006666666666666667,0
402,CASH_OUT,114.35,C6754503097,161.08,46.73,C2979958124,23.04,23.04,0,0.006666666666666667,0
301,CASH_OUT,1047.15,C2072355594,1431.63,384.48,M7969674420,0.0,0.0,1,0.013333333333333334,0
669,TRANSFER,226.33,C9078786223,214.5,0.0,M8667946580,0.0,0.0,1,0.22666666666666666,0
292,TRANSFER,2867.02,C2965164102,2423.66,0.0,C3605585995,119442.36,122309.38,1,0.01,0
55,PAYMENT,3779.84,C6218955985,20725.04,16945.2,M6894024976,0.0,0.0,0,0.0,0
57,PAYMENT,245.16,C8182649048,873.08,627.92,M6992094064,0.0,0.0,0,0.0,0
202,PAYMENT,1.0,C9379439373,0.0,0.0,M1343875431,0.0,0.0,0,0.0,0
316,CASH_OUT,734.08,C2869999754,785.55,51.47,C8663837890,1465.7,1465.7,1,0.006666666666666667,0
616,TRANSFER,5.61,C2704657157,16.36,10.75,C5584288132,0.0,5.61,0,0.17333333333333334,0
619,PAYMENT,1740.12,C3293560436,3727.93,1987.81,M1692044390,0.0,0.0,0,0.0,0
299,CASH_OUT,12.68,C7706193636,15.91,3.23,C2148679234,667.4,667.4,0,0.023333333333333334,0
65,CASH_OUT,1082.35,C6745958212,1641.72,559.37,C5724657556,241.59,241.59,0,0.0033333333333333335,0
259,CASH_OUT,413.71,C9533595495,540.45,126.74,C1977515194,38.11,38.11,0,0.01,0
11,PAYMENT,97.77,C5569145346,136.96,39.19,M4665677395,0.0,0.0,0,0.0,0
188,TRANSFER,12.78,C4655730355,59.67,46.89,C4145461251,2.6,15.38,0,0.15666666666666668,0
489,CASH_IN,2193.87,C2047905204,263.13,2457.0,C3371357111,1225.29,1225.29,0,0.0,0
37,TRANSFER,1.0,C3777580509,0.0,0.0,C7508080884,611.83,612.83,0,0.013333333333333334,0
679,TRANSFER,1.0,C5667503195,0.0,0.0,C8906163641,161.92,162.92,0,0.11333333333333333,0
59,PAYMENT,143.85,C2905584866,195.99,52.14,M5325865521,0.0,0.0,0,0.0,0
568,TRANSFER,3013.66,C2266622851,3750.39,736.73,M1908459040,0.0,0.0,1,0.30333333333333334,0
488,CASH_IN,54658.95,C1378134712,9.7,54668.65,C7376649850,120.85,120.85,0,0.0,0
534,PAYMENT,1.0,C2843567009,0.0,0.0,M6282009986,0.0,0.0,0,0.0,0
595,CASH_OUT,524.05,C7508080884,612.83,88.78,C7374810067,1.0,1.0,1,0.03333333333333333,0
295,TRANSFER,168.56,C5364727160,256.44,87.88,C7376649850,120.85,289.41,0,0.0,0
20,TRANSFER,3169.1,C1805492785,2848.86,0.0,M8144352013,0.0,0.0,1,0.74,1
312,CASH_OUT,174.15,C6415031531,229.79,55.64,C3815287619,0.6,0.6,0,0.006666666666666667,0
441,PAYMENT,10.07,C9086117171,15.69,5.62,M3208200227,0.0,0.0,0,0.0,0
697,PAYMENT,20.95,C2962491159,52.34,31.39,M5694439775,0.0,0.0,0,0.0,0
269,TRANSFER,2970.49,C6448324230,2630.14,0.0,M8646369354,0.0,0.0,1,0.81,1
5,PAYMENT,12.56,C5975196341,19.15,6.59,M6992094064,0.0,0.0,0,0.0,0
323,TRANSFER,29.49,C7792729530,37.45,7.96,C7981077394,23.24,52.73,0,0.1,0
310,CASH_IN,5327.81,C4627032705,92.57,5420.38,C6204041308,21793.93,21793.93,0,0.0,0
19,PAYMENT,1.0,C7699500243,0.0,0.0,M1413599241,0.0,0.0,0,0.0,0
128,CASH_OUT,1.0,C8331319481,0.0,0.0,C1230624431,1010.12,1010.12,0,0.006666666666666667,0
372,CASH_OUT,1.0,C9196564761,0.0,0.0,C2850820685,337.3,337.3,0,0.016666666666666666,0
387,TRANSFER,5841.82,C9945002229,4910.6,0.0,C9309500117,85.16,85.16,1,0.3933333333333333,0
699,TRANSFER,1386.03,C3910678913,1217.6,0.0,M1357561213,0.0,0.0,1,0.44,0
243,CASH_OUT,20797.74,C4026816435,22085.29,1287.55,C5407856339,4.84,4.84,1,0.0,0
188,CASH_OUT,7.58,C8134112721,9.95,2.37,C1459442845,16.55,16.55,0,0.0033333333333333335,0
639,PAYMENT,1.0,C9691572571,0.0,0.0,M6200141898,0.0,0.0,0,0.0,0
610,PAYMENT,1.49,C1439921366,2.18,0.69,M1343875431,0.0,0.0,0,0.0,0
417,PAYMENT,1.0,C3739951076,0.0,0.0,M2136107759,0.0,0.0,0,0.0,0
506,CASH_OUT,30.4,C7505693643,35.55,5.15,C8083175325,28434.34,28434.34,0,0.013333333333333334,0
507,TRANSFER,1.0,C9539945315,0.0,0.0,C3837784389,17.25,18.25,0,0.19333333333333333,0
271,TRANSFER,246.49,C5724657556,241.59,0.0,M5270048042,0.0,0.0,1,0.24,0
694,TRANSFER,3110.6,C7337225482,4388.32,1277.72,M2910594463,0.0,0.0,1,0.30666666666666664,0
303,CASH_OUT,1333.06,C9437783771,2033.68,700.62,C3003484425,67.02,67.02,0,0.006666666666666667,0
689,DEBIT,18.2,C4427620889,33.45,15.25,M1199447370,0.0,0.0,0,0.03,0
449,TRANSFER,14285.24,C5829062179,12392.89,0.0,M5585110649,0.0,0.0,1,0.89,1
524,CASH_OUT,1.0,C8575707116,0.0,0.0,C4550353803,3971.86,3971.86,0,0.03,0
555,CASH_IN,118146.94,C2843567009,0.0,118146.94,C3887823121,0.0,0.0,0,0.0,0
363,DEBIT,1.0,C3614915281,0.0,0.0,M8044997538,0.0,0.0,0,0.04,0
362,CASH_OUT,575.46,C9806189256,636.07,60.61,M5194066484,0.0,0.0,1,0.02,0
679,TRANSFER,9.27,C2377246195,30.1,20.83,C7620473079,0.0,9.27,0,0.17,0
497,CASH_OUT,1.0,C5633956194,0.0,0.0,C3297096148,2.76,2.76,0,0.056666666666666664,0
131,CASH_OUT,132.51,C9136780852,142.29,9.78,M6495967005,0.0,0.0,1,0.01,0
641,TRANSFER,356.63,C6443749394,392.39,35.76,C1194576436,38.66,38.66,1,0.13,0
496,TRANSFER,596.03,C9660523876,649.93,53.9,C3438771483,0.0,0.0,1,0.17333333333333334,0
213,TRANSFER,61.36,C8055515912,82.69,21.33,C9544423456,2555.81,2555.81,1,0.0033333333333333335,0
617,PAYMENT,1.0,C8300300577,0.0,0.0,M8144889126,0.0,0.0,0,0.0,0
487,PAYMENT,1.0,C8178361487,0.0,0.0,M4588312351,0.0,0.0,0,0.0,0
553,TRANSFER,1.0,C2635231601,0.0,0.0,C6591038760,0.0,1.0,0,0.22333333333333333,0
199,PAYMENT,16.63,C3360791536,22.21,5.58,M4952177946,0.0,0.0,0,0.0,0
305,PAYMENT,4.66,C3058982440,23.29,18.63,M8727805468,0.0,0.0,0,0.0,0
117,TRANSFER,131.12,C6894699853,231.11,99.99,C9805620900,0.0,131.12,0,0.10333333333333333,0
700,CASH_OUT,1.0,C6789292252,0.0,0.0,C6115750294,43.21,43.21,0,0.04666666666666667,0
199,TRANSFER,1.0,C6241752544,0.0,0.0,C6317889312,0.0,1.0,0,0.23,0
104,TRANSFER,166.42,C3615507143,156.44,0.0,M6053489772,0.0,0.0,1,0.23333333333333334,0
486,CASH_OUT,1328.64,C8758809005,1269.03,0.0,C5754363475,469.28,469.28,1,0.29333333333333333,0
587,PAYMENT,16810.82,C9420979586,62811.75,46000.93,M2916502228,0.0,0.0,0,0.0,0
632,PAYMENT,967.69,C1756345332,4745.25,3777.56,M3107992942,0.0,0.0,0,0.0,0
471,TRANSFER,173.08,C6178804925,145.26,0.0,M6732306182,0.0,0.0,1,0.22666666666666666,0
259,PAYMENT,1.0,C1375899416,1.7,0.7,M4306983924,0.0,0.0,0,0.0,0
118,CASH_OUT,29254.55,C4203205881,27897.31,0.0,M2695447268,0.0,0.0,1,0.016666666666666666,0
524,PAYMENT,1.0,C2836553621,0.0,0.0,M7570511906,0.0,0.0,0,0.0,0
493,TRANSFER,16.59,C7475684019,56.17,39.58,C5931025271,0.0,16.59,0,0.16666666666666666,0
200,PAYMENT,1.0,C6884882440,0.0,0.0,M7928143230,0.0,0.0,0,0.0,0
678,CASH_IN,562.35,C9738752801,0.23,562.58,C5025070544,19.93,19.93,0,0.0033333333333333335,0
584,TRANSFER,1.0,C6306523372,0.0,0.0,C8934097788,4263.76,4264.76,0,0.05333333333333334,0
452,CASH_OUT,588.54,C4302632494,517.81,0.0,M6200141898,0.0,0.0,1,0.21,0
515,CASH_OUT,8155.46,C4662861038,14653.69,6498.23,C8265834251,0.0,0.0,0,0.016666666666666666,0
506,PAYMENT,1.73,C8350384902,632.17,630.44,M6865994703,0.0,0.0,0,0.0,0
294,PAYMENT,1.93,C8852676046,37918.4,37916.47,M8389750357,0.0,0.0,0,0.0,0
47,PAYMENT,49.97,C2242377075,57.68,7.71,M9068916300,0.0,0.0,0,0.0,0
99,TRANSFER,124.14,C9302705838,167.27,43.13,C8316205130,32.9,157.04,1,0.056666666666666664,0
718,PAYMENT,1.0,C9650701349,0.08,0.0,M4601406440,0.0,0.0,0,0.0,0
518,TRANSFER,2020.23,C9597198563,2302.9,282.67,M3322580659,0.0,0.0,1,0.31333333333333335,0
472,CASH_OUT,165.56,C7406579219,231.69,66.13,C4574027737,17.21,17.21,0,0.043333333333333335,0
342,PAYMENT,368.13,C4471642620,863.44,495.31,M5564953924,0.0,0.0,0,0.0,0
172,CASH_IN,5407.9,C8325222092,0.0,5407.9,C8506931282,0.0,0.0,0,0.0,0
629,CASH_OUT,1.0,C3796581976,0.0,0.0,C1624173500,0.0,0.0,0,0.06,0
533,PAYMENT,1.22,C5407856339,4.84,3.62,M6053489772,0.0,0.0,0,0.0,0
60,PAYMENT,1.0,C8274219704,0.0,0.0,M6992094064,0.0,0.0,0,0.0,0
60,PAYMENT,1.0,C6065662867,0.0,0.0,M5564953924,0.0,0.0,0,0.0,0
452,TRANSFER,47.18,C5837082260,50.05,2.87,M8083396378,0.0,0.0,1,0.17666666666666667,0
347,CASH_OUT,3927.77,C7561728644,4062.63,134.86,C1590985753,8.29,8.29,1,0.01,0
169,PAYMENT,2.86,C9306142066,5.94,3.08,M3660800029,0.0,0.0,0,0.0,0
671,CASH_OUT,2743.85,C1519709079,2347.25,0.0,M4125758723,0.0,0.0,1,0.17333333333333334,0
572,TRANSFER,97.66,C3291226621,89.27,0.0,M7764117705,0.0,0.0,1,0.24,0
289,TRANSFER,2200.45,C6081137534,2859.71,659.26,C8755749566,71.71,71.71,1,0.11333333333333333,0
644,TRANSFER,1.0,C2139027119,0.0,0.0,C2431779064,328.2,329.2,0,0.10333333333333333,0
420,CASH_OUT,137.13,C2771211118,146.77,9.64,C2178884276,0.0,0.0,1,0.06,0
211,CASH_OUT,275.04,C2973888646,482.64,207.6,C8331319481,0.0,0.0,0,0.006666666666666667,0
421,PAYMENT,1.0,C6515369278,0.0,0.0,M4456193555,0.0,0.0,0,0.0,0
275,CASH_OUT,789.89,C5428082088,1098.27,308.38,C8480622107,36.27,36.27,1,0.0033333333333333335,0
696,PAYMENT,1.0,C5646751885,0.28,0.0,M7702529931,0.0,0.0,0,0.0,0
267,PAYMENT,124.66,C6745958212,559.37,434.71,M7514017540,0.0,0.0,0,0.0,0
545,PAYMENT,648.85,C5419627962,1655.13,1006.28,M2155671697,0.0,0.0,0,0.0,0
4,PAYMENT,746.7,C2486744752,825.98,79.28,M1676220116,0.0,0.0,0,0.0,0
323,CASH_OUT,2245.06,C2311597141,3095.05,849.99,C2546720356,0.0,0.0,1,0.006666666666666667,0
269,TRANSFER,1.0,C3894673596,1.08,0.08,C6065662867,0.0,1.0,0,0.23333333333333334,0
201,TRANSFER,1.0,C7092693247,0.0,0.0,C8684026200,114.31,115.31,0,0.06,0
196,PAYMENT,1245.19,C9508499533,16323.31,15078.12,M6771941776,0.0,0.0,0,0.0,0
96,PAYMENT,1.0,C3363629219,0.0,0.0,M6525576685,0.0,0.0,0,0.0,0
472,CASH_IN,51196.37,C3294092753,0.0,51196.37,C1083651970,210.89,210.89,0,0.0,0
311,CASH_OUT,354.03,C1600337712,410.52,56.49,M6651020291,0.0,0.0,1,0.006666666666666667,0
37,TRANSFER,13756.08,C5187948804,15133.24,1377.16,C1857596764,64.91,13820.99,1,0.0,0
374,DEBIT,1.0,C3694860228,0.0,0.0,M4160161496,0.0,0.0,0,0.04,0
50,TRANSFER,71.13,C7552812957,101.49,30.36,M6659847491,0.0,0.0,1,0.16333333333333333,0
285,PAYMENT,657.63,C6877052039,3657.3,2999.67,M3223687972,0.0,0.0,0,0.0,0
357,CASH_IN,9158.71,C2476831585,0.0,9158.71,C2554039848,333.87,333.87,0,0.0,0
54,PAYMENT,1.0,C7666869046,0.0,0.0,M8058679999,0.0,0.0,0,0.0,0
691,PAYMENT,1.0,C8531118333,0.0,0.0,M7678293431,0.0,0.0,0,0.0,0
324,DEBIT,321.44,C4714465905,700.46,379.02,M4892544235,0.0,0.0,0,0.016666666666666666,0
201,TRANSFER,223.97,C3722583581,252.53,28.56,M4896576569,0.0,0.0,1,0.16,0
48,PAYMENT,2640.5,C5294535887,116914.45,114273.95,M2869931869,0.0,0.0,0,0.0,0
559,PAYMENT,1.0,C5903457537,0.0,0.0,M1306420495,0.0,0.0,0,0.0,0
439,TRANSFER,44.81,C8999963054,70.01,25.2,C7767834064,0.0,44.81,0,0.16666666666666666,0
502,PAYMENT,847.65,C3693916084,2035.11,1187.46,M2136107759,0.0,0.0,0,0.0,0
323,CASH_OUT,3430.53,C4172006012,4105.71,675.18,C5735817014,0.0,0.0,1,0.006666666666666667,0
18,PAYMENT,58.51,C6447717367,146.5,87.99,M4035639663,0.0,0.0,0,0.0,0
418,TRANSFER,3453.13,C4605117440,3048.32,0.0,C9868845806,7586.16,7586.16,1,0.19,0
62,PAYMENT,1166.94,C6642266247,2143.51,976.57,M7651029165,0.0,0.0,0,0.0,0
516,TRANSFER,579.32,C4460967357,526.2,0.0,C5400463094,53909.83,53909.83,1,0.01,0
603,PAYMENT,46.78,C6415031531,55.64,8.86,M7948094928,0.0,0.0,0,0.0,0
696,PAYMENT,1.0,C6773938304,0.0,0.0,M2839566253,0.0,0.0,0,0.0,0
379,PAYMENT,1.0,C8547068234,0.11,0.0,M7928143230,0.0,0.0,0,0.0,0
605,CASH_OUT,2116.39,C5483308751,26488.52,24372.13,C2699887270,1.52,1.52,0,0.01,0
570,TRANSFER,750.05,C4172006012,675.18,0.0,M9398575277,0.0,0.0,1,0.2633333333333333,0
655,TRANSFER,482.02,C9115282784,585.54,103.52,C1519709079,0.0,482.02,1,0.08,0
89,TRANSFER,1.0,C3725152347,0.09,0.0,C6496933442,270.7,271.7,0,0.016666666666666666,0
12,CASH_OUT,1.0,C5455441991,0.0,0.0,C2266622851,736.73,736.73,0,0.006666666666666667,0
652,TRANSFER,3365.6,C1471997674,3386.06,20.46,C3109688769,0.0,0.0,1,0.54,1
107,CASH_OUT,447.3,C1730074215,540.58,93.28,M3660800029,0.0,0.0,1,0.01,0
337,DEBIT,727.82,C1993998848,1089.91,362.09,M8144352013,0.0,0.0,0,0.013333333333333334,0
345,PAYMENT,25.27,C8664882079,45.45,20.18,M6932365592,0.0,0.0,0,0.0,0
361,PAYMENT,1.0,C3555656321,0.0,0.0,M5087280062,0.0,0.0,0,0.0,0
625,TRANSFER,68.45,C6923206003,300.9,232.45,C7666129822,1427.07,1495.52,0,0.02666666666666667,0
375,CASH_OUT,122.75,C6720572969,126.98,4.23,M6041646576,0.0,0.0,1,0.03333333333333333,0
229,PAYMENT,1795.51,C5891280823,26446.84,24651.33,M2541015125,0.0,0.0,0,0.0,0
535,TRANSFER,5547.74,C1981049082,17629.1,12081.36,C8991678061,35.13,5582.87,0,0.016666666666666666,0
227,CASH_OUT,557.97,C4482141802,622.32,64.35,M1185303518,0.0,0.0,1,0.0033333333333333335,0
385,CASH_OUT,2252.32,C2382129132,2059.04,0.0,M3605446007,0.0,0.0,1,0.13666666666666666,0
372,TRANSFER,401.18,C1940684569,770.19,369.01,C2732553940,464.31,865.49,0,0.01,0
382,CASH_OUT,273.94,C9597198563,282.67,8.73,M8727805468,0.0,0.0,1,0.023333333333333334,0
519,TRANSFER,520.68,C4783282817,436.22,0.0,M1458227039,0.0,0.0,1,0.23333333333333334,0
107,TRANSFER,24.04,C2928130926,42.27,18.23,C8272725281,132430.44,132454.48,0,0.0,0
149,PAYMENT,2.13,C5877639950,3.44,1.31,M1694904767,0.0,0.0,0,0.0,0
464,DEBIT,1.0,C4927019611,0.0,0.0,M6275155878,0.0,0.0,0,0.04666666666666667,0
308,PAYMENT,1.0,C7560389844,0.0,0.0,M8778927211,0.0,0.0,0,0.0,0
216,TRANSFER,2842.61,C1792214339,3414.78,572.17,M7764117705,0.0,0.0,1,0.21333333333333335,0
17,PAYMENT,347.3,C9863781331,1080.89,733.59,M2418407139,0.0,0.0,0,0.0,0
437,TRANSFER,835.45,C1654477195,907.53,72.08,C4683585586,14.71,850.16,0,0.07333333333333333,0
443,CASH_OUT,5675.86,C9455610447,4938.14,0.0,C5783809766,15566.1,15566.1,1,0.19,0
688,CASH_OUT,5207.41,C6214917780,4435.79,0.0,C1770278136,0.87,0.87,1,0.22,0
374,TRANSFER,2119.1,C7488943393,2029.46,0.0,M8235474949,0.0,0.0,1,0.58,1
298,PAYMENT,632.4,C8833889083,1044.24,411.84,M5919148165,0.0,0.0,0,0.0,0
36,TRANSFER,342.98,C4022245086,343.51,0.53,M3811254192,0.0,0.0,1,0.23,0
135,PAYMENT,1.0,C5710360983,0.0,0.0,M3438830691,0.0,0.0,0,0.0,0
340,TRANSFER,2092.77,C9189503254,2382.4,289.63,C4096932037,45.9,45.9,1,0.12,0
377,PAYMENT,1.0,C9618334441,0.0,0.0,M6199197408,0.0,0.0,0,0.0,0
32,TRANSFER,27.65,C3003484425,67.02,39.37,C6877052039,2999.67,3027.32,0,0.0033333333333333335,0
459,PAYMENT,1.0,C2126077199,0.0,0.0,M8861351706,0.0,0.0,0,0.0,0
160,PAYMENT,1.0,C3108307952,1.0,0.0,M5694439775,0.0,0.0,0,0.0,0
374,PAYMENT,1.0,C1364994639,0.0,0.0,M9043367776,0.0,0.0,0,0.0,0
73,PAYMENT,685.29,C1230624431,1010.12,324.83,M6558769264,0.0,0.0,0,0.0,0
626,TRANSFER,57.68,C8761469117,69.9,12.22,C3791027186,158.85,158.85,1,0.08333333333333333,0
253,TRANSFER,16238.0,C2647489402,15653.24,0.0,M4641902461,0.0,0.0,1,0.9566666666666667,1
191,TRANSFER,3455.49,C9504724761,3680.51,225.02,C6884333221,506.64,3962.13,0,0.0033333333333333335,0
549,PAYMENT,7.39,C4574027737,17.21,9.82,M8058679999,0.0,0.0,0,0.0,0
612,CASH_OUT,1222.7,C3058982440,1202.5,0.0,C3791027186,158.85,158.85,1,0.16333333333333333,0
452,DEBIT,1.0,C5710360983,0.0,0.0,M1857561275,0.0,0.0,0,0.04666666666666667,0
24,CASH_OUT,1.0,C4919706735,1.0,0.0,C5607762160,67331.47,67331.47,0,0.0,0
19,CASH_OUT,2534.62,C8934927891,3364.98,830.36,C8674224347,44638.16,44638.16,1,0.0,0
546,PAYMENT,1.0,C7488943393,0.0,0.0,M2155671697,0.0,0.0,0,0.0,0
383,TRANSFER,79478.33,C9103115140,108129.98,28651.65,C8556573246,1400.52,80878.85,0,0.0,0
565,CASH_OUT,5567.09,C2720484983,4681.62,0.0,M4125758723,0.0,0.0,1,0.2,0
139,TRANSFER,2405.62,C8506931282,2261.21,0.0,C7645527239,0.0,0.0,1,0.7766666666666666,1
654,PAYMENT,11258.41,C4990452762,17171.99,5913.58,M7340036327,0.0,0.0,0,0.0,0
453,TRANSFER,119.84,C9553561889,140.02,20.18,C3978287288,36.48,156.32,0,0.07333333333333333,0
445,TRANSFER,89.97,C3660223333,151.99,62.02,C6922713963,564.21,654.18,0,0.05,0
118,PAYMENT,57.78,C2646331504,100.35,42.57,M6525576685,0.0,0.0,0,0.0,0
355,PAYMENT,1.0,C7635473142,0.0,0.0,M9255306810,0.0,0.0,0,0.0,0
484,CASH_OUT,420.13,C2879792991,451.47,31.34,M4460319291,0.0,0.0,1,0.05,0
77,TRANSFER,1.0,C3777580509,0.0,0.0,C2311597141,849.99,850.99,0,0.016666666666666666,0
641,TRANSFER,55141.15,C7628981661,63221.21,8080.06,C5693307665,3817.45,3817.45,1,0.03,0
367,TRANSFER,304.53,C9437783771,700.62,396.09,C9922723063,0.0,304.53,0,0.016666666666666666,0
421,TRANSFER,140.75,C4264134512,176.4,35.65,C6582557981,62132.24,62132.24,1,0.0033333333333333335,0
684,PAYMENT,1.0,C7049001493,0.0,0.0,M6282009986,0.0,0.0,0,0.0,0
17,PAYMENT,1.0,C4783282817,0.0,0.0,M2228388623,0.0,0.0,0,0.0,0
230,PAYMENT,5.31,C6704841644,6.41,1.1,M8389750357,0.0,0.0,0,0.0,0
150,TRANSFER,59.02,C2075321966,87.0,27.98,C3781569954,147.65,206.67,0,0.023333333333333334,0
119,TRANSFER,5544.11,C6186758088,4756.62,0.0,M7341757401,0.0,0.0,1,0.79,1
367,PAYMENT,1.0,C3623588379,0.0,0.0,M8727805468,0.0,0.0,0,0.0,0
293,CASH_OUT,825.85,C8295757364,1038.97,213.12,C1446457642,0.0,0.0,1,0.006666666666666667,0
61,TRANSFER,1600.03,C8779941999,1728.65,128.62,M8458323087,0.0,0.0,1,0.22,0
623,PAYMENT,4957.36,C1127978094,5971.33,1013.97,M8144352013,0.0,0.0,0,0.0,0
218,CASH_OUT,63.68,C1754368373,64.37,0.69,C2174793230,135.9,135.9,1,0.006666666666666667,0
427,PAYMENT,70.38,C7872873371,265.18,194.8,M6275155878,0.0,0.0,0,0.0,0
23,TRANSFER,2242.7,C3589530484,2621.57,378.87,C4472312361,0.0,2242.7,1,0.006666666666666667,0
613,PAYMENT,1.0,C8118065825,0.0,0.0,M1096405016,0.0,0.0,0,0.0,0
647,PAYMENT,1.0,C1149460439,0.0,0.0,M9916475897,0.0,0.0,0,0.0,0
134,CASH_OUT,1.0,C2274350418,0.0,0.0,C7271954644,54.51,54.51,0,0.0,0
109,DEBIT,1.0,C6717963562,0.2,0.0,M5570190774,0.0,0.0,0,0.03,0
341,CASH_IN,80841.78,C6464693977,0.0,80841.78,C7699500243,0.0,0.0,0,0.0,0
653,TRANSFER,1.0,C4014119648,0.0,0.0,C6458544482,542.88,543.88,0,0.08666666666666667,0
404,PAYMENT,5399.06,C9409682410,7381.94,1982.88,M6361225622,0.0,0.0,0,0.0,0
483,PAYMENT,1.0,C8274273035,0.0,0.0,M9918338001,0.0,0.0,0,0.0,0
126,PAYMENT,1.0,C4750707607,1.0,0.0,M7678293431,0.0,0.0,0,0.0,0
465,TRANSFER,3.97,C3841827734,4.77,0.8,C5819946657,1288.33,1292.3,0,0.06666666666666667,0
541,TRANSFER,712.78,C4283432667,1122.79,410.01,C6620138568,0.0,712.78,0,0.03,0
253,PAYMENT,1.02,C3149533961,2.63,1.61,M4093474499,0.0,0.0,0,0.0,0
380,CASH_IN,5191.11,C5975196341,6.59,5197.7,C4248149900,56.81,56.81,0,0.0,0
243,PAYMENT,13943.22,C2627677155,131798.87,117855.65,M3322580659,0.0,0.0,0,0.0,0
482,PAYMENT,79.22,C9986353481,230.23,151.01,M2249831874,0.0,0.0,0,0.0,0
430,CASH_OUT,1.88,C9250327663,2.14,0.26,C3259520140,52.93,52.93,0,0.07666666666666666,0
714,TRANSFER,1288.91,C4731897202,1611.9,322.99,C3550908958,106.2,1395.11,0,0.03666666666666667,0
358,TRANSFER,76.35,C8375996697,84.06,7.71,C4645120421,149.24,149.24,1,0.023333333333333334,0
388,TRANSFER,1.0,C3946766309,0.61,0.0,C7660813178,0.0,1.0,0,0.22,0
520,CASH_OUT,591.42,C5829062179,605.95,14.53,M4399143287,0.0,0.0,1,0.03666666666666667,0
311,TRANSFER,3858.69,C2984460654,3681.07,0.0,M9977193987,0.0,0.0,1,0.7933333333333333,1
169,PAYMENT,5.54,C7763765757,13.03,7.49,M6275155878,0.0,0.0,0,0.0,0
253,PAYMENT,1.0,C6317889312,1.0,0.0,M9631695368,0.0,0.0,0,0.0,0
26,PAYMENT,605.95,C8497938394,748.83,142.88,M8778927211,0.0,0.0,0,0.0,0
588,PAYMENT,8.62,C5829062179,14.53,5.91,M7366396017,0.0,0.0,0,0.0,0
720,DEBIT,127.87,C6142469284,509.07,381.2,M8910440683,0.0,0.0,0,0.023333333333333334,0
60,CASH_IN,12327.18,C6582557981,62132.24,74459.42,C4668931881,0.0,0.0,0,0.0,0
646,TRANSFER,1.0,C7845366946,0.0,0.0,C7568861677,11.5,12.5,0,0.2,0
408,TRANSFER,1.0,C7100408092,0.0,0.0,C2111272861,0.0,1.0,0,0.22666666666666666,0
531,PAYMENT,1.0,C9354542654,0.0,0.0,M3156792018,0.0,0.0,0,0.0,0
81,PAYMENT,1.0,C6623360831,0.0,0.0,M7437168216,0.0,0.0,0,0.0,0
418,CASH_OUT,208.3,C8106906538,297.34,89.04,C4928783441,110.52,110.52,1,0.04,0
197,TRANSFER,17772.22,C4633987776,19356.01,1583.79,M1711271599,0.0,0.0,1,0.25666666666666665,0
641,TRANSFER,1559.2,C4536306171,1372.19,0.0,C1506211965,0.46,1559.66,1,0.25333333333333335,0
421,TRANSFER,1438.93,C5613655595,1405.8,0.0,C4946081594,102.9,1541.83,1,0.25333333333333335,0
253,CASH_OUT,184.11,C9911329062,690.84,506.73,C7135394336,0.0,0.0,0,0.01,0
342,PAYMENT,39.57,C6922713963,654.18,614.61,M7341757401,0.0,0.0,0,0.0,0
659,CASH_OUT,13612.36,C2830154607,14460.48,848.12,C9147736635,165303.72,165303.72,1,0.0,0
164,CASH_OUT,151.63,C2952996248,549.07,397.44,C9248574674,0.0,0.0,0,0.006666666666666667,0
558,DEBIT,76.98,C3791815554,161.12,84.14,M6692705133,0.0,0.0,0,0.02666666666666667,0
173,PAYMENT,45.21,C1084790270,204.16,158.95,M2518433834,0.0,0.0,0,0.0,0
333,PAYMENT,3.45,C2071552532,10.46,7.01,M5449848690,0.0,0.0,0,0.0,0
656,PAYMENT,58.25,C5695387521,93.2,34.95,M9441870024,0.0,0.0,0,0.0,0
597,PAYMENT,1.0,C1149460439,0.0,0.0,M9620935604,0.0,0.0,0,0.0,0
181,TRANSFER,1.0,C3149533961,1.61,0.61,C8999963054,25.2,26.2,0,0.15,0
475,PAYMENT,1.0,C4673457063,0.0,0.0,M3369412470,0.0,0.0,0,0.0,0
412,CASH_OUT,622.03,C9673185158,830.21,208.18,M7532669066,0.0,0.0,1,0.08,0
370,PAYMENT,1.0,C1037811610,0.0,0.0,M6894024976,0.0,0.0,0,0.0,0
139,PAYMENT,1.0,C3951331472,0.0,0.0,M1802753761,0.0,0.0,0,0.0,0
88,PAYMENT,14.13,C8236361108,15.67,1.54,M8218146534,0.0,0.0,0,0.0,0
469,CASH_IN,59689.62,C2928130926,18.23,59707.85,C4907446848,0.0,0.0,0,0.0,0
26,TRANSFER,3325.9,C9019515562,2790.38,0.0,C8239941612,237.22,237.22,1,0.20666666666666667,0
703,TRANSFER,3.89,C6504099682,10.52,6.63,C2020262123,6.17,10.06,0,0.14,0
348,CASH_IN,19.93,C1225953184,121.69,141.62,C5871743247,126141.1,126141.1,0,0.0033333333333333335,0
540,TRANSFER,1963.99,C1660370908,2453.25,489.26,C3923699745,72.09,72.09,1,0.21666666666666667,0
671,TRANSFER,863.33,C2260326267,1794.08,930.75,C9621419224,0.0,863.33,0,0.056666666666666664,0
429,PAYMENT,44.95,C8625774078,52.74,7.79,M6865994703,0.0,0.0,0,0.0,0
220,PAYMENT,29.5,C2962491159,31.39,1.89,M1357561213,0.0,0.0,0,0.0,0
491,PAYMENT,31.74,C6477862024,44.91,13.17,M7928143230,0.0,0.0,0,0.0,0
27,TRANSFER,90.89,C4807122420,80.9,0.0,M6732306182,0.0,0.0,1,0.23,0
597,PAYMENT,122.52,C7246858055,226.92,104.4,M2655546199,0.0,0.0,0,0.0,0
562,CASH_OUT,2815.33,C6362597344,2437.45,0.0,C9725528903,1255.57,1255.57,1,0.13333333333333333,0
576,TRANSFER,846.63,C1039262289,1002.56,155.93,C7473868020,66.85,66.85,1,0.13,0
692,TRANSFER,1.0,C6306523372,0.0,0.0,C3987248494,117.25,118.25,0,0.12,0
421,CASH_IN,28.09,C5933179746,11292.26,11320.35,C1110724913,13372.37,13372.37,0,0.0033333333333333335,0
564,CASH_OUT,643.89,C2825957977,800.22,156.33,M8138332494,0.0,0.0,1,0.043333333333333335,0
304,CASH_OUT,1.0,C3869963931,0.0,0.0,C7573442717,126.54,126.54,0,0.013333333333333334,0
266,TRANSFER,283.79,C7417183769,337.99,54.2,M7532669066,0.0,0.0,1,0.16,0
260,TRANSFER,37425.01,C8366884200,92863.14,55438.13,C3836517266,87.26,37512.27,0,0.0,0
54,PAYMENT,2.49,C5150074940,4.36,1.87,M8626371177,0.0,0.0,0,0.0,0
252,TRANSFER,24.51,C5610783750,70.27,45.76,C8991514523,26252.08,26276.59,0,0.0033333333333333335,0
201,TRANSFER,1.0,C2050340486,0.0,0.0,C5861829469,0.0,1.0,0,0.23,0
66,CASH_OUT,75.25,C9533595495,126.74,51.49,C3946766309,0.0,0.0,0,0.006666666666666667,0
439,CASH_OUT,43793.62,C3205292512,54871.36,11077.74,C4638577630,6305.74,6305.74,0,0.0,0
684,PAYMENT,1.0,C8252816758,0.0,0.0,M8903212516,0.0,0.0,0,0.0,0
629,PAYMENT,4809.35,C9963334018,8615.14,3805.79,M9410569618,0.0,0.0,0,0.0,0
373,PAYMENT,1.0,C8763140509,0.0,0.0,M6583604299,0.0,0.0,0,0.0,0
143,CASH_OUT,115.55,C7246858055,104.4,0.0,C3707166618,0.0,0.0,1,0.013333333333333334,0
679,TRANSFER,189.84,C5647317872,874.15,684.31,C4847761430,4845.59,5035.43,0,0.01,0
518,TRANSFER,27.55,C6588316233,35.57,8.02,C8527715219,80304.88,80332.43,0,0.0,0
44,PAYMENT,1.0,C3597724331,0.0,0.0,M3019265031,0.0,0.0,0,0.0,0
507,PAYMENT,87.39,C1230624431,324.83,237.44,M3580582653,0.0,0.0,0,0.0,0
276,PAYMENT,1.0,C2052811909,0.0,0.0,M8366710477,0.0,0.0,0,0.0,0
507,PAYMENT,1.0,C6904897514,0.0,0.0,M8144889126,0.0,0.0,0,0.0,0
537,PAYMENT,14259.76,C4930438209,50367.96,36108.2,M6515490818,0.0,0.0,0,0.0,0
263,CASH_OUT,79.1,C8923555411,98.37,19.27,C8468071953,0.0,0.0,0,0.0033333333333333335,0
33,TRANSFER,1452.79,C6921525436,1383.97,0.0,C1958682846,822.23,822.23,1,0.05333333333333334,0
370,PAYMENT,1.0,C5751366455,0.0,0.0,M9977193987,0.0,0.0,0,0.0,0
184,PAYMENT,647.81,C2591589823,33335.32,32687.51,M8821456242,0.0,0.0,0,0.0,0
696,CASH_OUT,21.01,C1091729577,77.73,56.72,C2699887270,1.52,1.52,0,0.03,0
260,CASH_OUT,2567.45,C5913767020,2859.39,291.94,M6284297249,0.0,0.0,1,0.0033333333333333335,0
287,PAYMENT,1.0,C2635231601,0.0,0.0,M7532669066,0.0,0.0,0,0.0,0
707,TRANSFER,38.85,C7464468567,128.16,89.31,C8532327465,675.31,714.16,0,0.056666666666666664,0
518,CASH_OUT,1.0,C7845366946,0.0,0.0,C2020395327,16342.41,16342.41,0,0.016666666666666666,0
653,TRANSFER,32677.71,C8674224347,44638.16,11960.45,C7403028869,1125.44,33803.15,0,0.0033333333333333335,0
168,CASH_OUT,2.13,C3667740351,2.48,0.35,C5336127859,88.31,88.31,0,0.0,0
247,TRANSFER,2685.03,C6065662867,3078.71,393.68,C9165632300,81252.2,81252.2,1,0.0,0
562,TRANSFER,75.12,C2237386857,272.43,197.31,C4470591645,63445.08,63520.2,0,0.0,0
558,CASH_OUT,21344.97,C5891280823,24651.33,3306.36,C4145461251,15.38,15.38,0,0.013333333333333334,0
192,CASH_OUT,1.0,C9379439373,0.0,0.0,C6892752604,0.0,0.0,0,0.013333333333333334,0
331,TRANSFER,1.0,C2941508568,0.0,0.0,C6928691380,53.44,54.44,0,0.13,0
343,PAYMENT,1.0,C4997866845,0.0,0.0,M8218146534,0.0,0.0,0,0.0,0
188,CASH_OUT,13.81,C6173344564,60.98,47.17,C9924456994,0.0,0.0,0,0.0033333333333333335,0
369,PAYMENT,4.9,C8841851495,7.14,2.24,M4456193555,0.0,0.0,0,0.0,0
320,TRANSFER,12.91,C8055515912,21.33,8.42,C9987064419,1093.84,1106.75,0,0.0033333333333333335,0
40,CASH_OUT,1.0,C7608153267,0.0,0.0,C3369305560,22.84,22.84,0,0.0,0
225,CASH_OUT,1310.36,C5931025271,1802.24,491.88,C6656646925,108388.75,108388.75,1,0.0,0
578,PAYMENT,429.21,C2260326267,930.75,501.54,M3636366799,0.0,0.0,0,0.0,0
476,PAYMENT,1.0,C9337145038,0.47,0.0,M8276498637,0.0,0.0,0,0.0,0
16,CASH_OUT,2533.54,C2382129132,2815.76,282.22,M6045729129,0.0,0.0,1,0.0,0
367,TRANSFER,535.07,C6329323383,675.61,140.54,C9272277508,0.0,535.07,0,0.013333333333333334,0
429,CASH_IN,88391.94,C9451577335,17.11,88409.05,C8047877267,40.48,40.48,0,0.0,0
303,CASH_OUT,17.46,C2524751277,31.37,13.91,C2924568778,48.44,48.44,0,0.0,0
373,TRANSFER,3851.91,C3958590550,3266.43,0.0,M8138332494,0.0,0.0,1,0.7466666666666667,1
486,CASH_OUT,2410.47,C9639245200,2870.92,460.45,C8991514523,26276.59,26276.59,1,0.02,0
67,TRANSFER,1.0,C5141593270,0.0,0.0,C7664258343,0.54,1.54,0,0.23333333333333334,0
490,PAYMENT,5538.49,C6171239466,6218.49,680.0,M2695447268,0.0,0.0,0,0.0,0
93,PAYMENT,94.96,C5884080139,3962.67,3867.71,M9822499208,0.0,0.0,0,0.0,0
464,PAYMENT,12.97,C3722583581,28.56,15.59,M9822499208,0.0,0.0,0,0.0,0
440,CASH_OUT,1.0,C5861829469,1.0,0.0,C1736086849,92.92,92.92,0,0.08333333333333333,0
689,TRANSFER,45.31,C8380312396,151.53,106.22,C1276905285,0.0,45.31,0,0.16333333333333333,0
693,CASH_OUT,2237.63,C2416760621,5199.59,2961.96,C5150090143,0.0,0.0,0,0.02,0
402,CASH_IN,50629.48,C4767539382,1.4,50630.88,C7872873371,194.8,194.8,0,0.0,0
531,CASH_OUT,411.62,C2866092821,392.26,0.0,M7861571879,0.0,0.0,1,0.08333333333333333,0
301,TRANSFER,2811.62,C4042413312,3117.68,306.06,C7015992643,6.03,6.03,1,0.18,0
515,DEBIT,1526.17,C8791183272,8569.37,7043.2,M2228388623,0.0,0.0,0,0.03,0
107,CASH_IN,187.75,C2250949136,66.67,254.42,C7199283151,7.9,7.9,0,0.0,0
366,CASH_OUT,202.1,C7805745017,282.34,80.24,C5292015249,20.44,20.44,0,0.006666666666666667,0
537,CASH_OUT,105.64,C6640801643,118.14,12.5,C2720484983,0.0,0.0,0,0.03666666666666667,0
418,PAYMENT,10.7,C9954587710,22.51,11.81,M7343954769,0.0,0.0,0,0.0,0
223,TRANSFER,1.0,C8084809436,0.0,0.0,C2660286914,0.0,1.0,0,0.23,0
590,TRANSFER,1.0,C4302709858,0.0,0.0,C8925520026,469.58,470.58,0,0.1,0
182,TRANSFER,4495.18,C9461708554,3891.02,0.0,M6659847491,0.0,0.0,1,0.7733333333333333,1
430,CASH_OUT,1.0,C9085085822,0.0,0.0,C1569113257,202.49,202.49,0,0.07666666666666666,0
68,PAYMENT,1.0,C7705605962,0.0,0.0,M5585110649,0.0,0.0,0,0.0,0
607,PAYMENT,1536.36,C3995732958,3725.51,2189.15,M4554178984,0.0,0.0,0,0.0,0
90,CASH_OUT,4880.77,C9702693937,4459.36,0.0,M5869990861,0.0,0.0,1,0.043333333333333335,0
62,PAYMENT,1.0,C2139078760,0.0,0.0,M7437168216,0.0,0.0,0,0.0,0
315,TRANSFER,184.34,C1940684569,369.01,184.67,C4239406957,1063.08,1247.42,0,0.0033333333333333335,0
379,PAYMENT,2.59,C5872148707,5.44,2.85,M8144352013,0.0,0.0,0,0.0,0
127,TRANSFER,36.04,C5022964382,46.74,10.7,C6715705115,12597.79,12633.83,0,0.0,0
393,CASH_OUT,21824.32,C8015775567,20285.63,0.0,C7161887665,8.08,8.08,1,0.07,0
593,TRANSFER,1.0,C5141593270,0.0,0.0,C3003484425,39.37,40.37,0,0.19,0
531,TRANSFER,2485.61,C8418332121,3206.49,720.88,M8102481401,0.0,0.0,1,0.27666666666666667,0
228,PAYMENT,5.24,C1471997674,20.46,15.22,M6282009986,0.0,0.0,0,0.0,0
490,PAYMENT,11.3,C7333678472,15.34,4.04,M9043367776,0.0,0.0,0,0.0,0
312,CASH_OUT,1.0,C5868640848,0.0,0.0,C1271730355,46.74,46.74,0,0.013333333333333334,0
373,DEBIT,1.0,C8471762590,0.87,0.0,M6275155878,0.0,0.0,0,0.04,0
707,CASH_OUT,320.81,C2570991899,286.99,0.0,M6763471833,0.0,0.0,1,0.07333333333333333,0
653,PAYMENT,1.0,C9263135031,0.07,0.0,M2541015125,0.0,0.0,0,0.0,0
228,CASH_OUT,1.0,C8300300577,0.0,0.0,C5269015757,112.08,112.08,0,0.0,0
44,TRANSFER,2630.08,C8760642358,3548.06,917.98,M1802753761,0.0,0.0,1,0.15333333333333332,0
17,TRANSFER,2938.84,C7792729530,3874.01,935.17,M4892544235,0.0,0.0,1,0.17333333333333334,0
181,CASH_OUT,76105.71,C8527715219,80332.43,4226.72,C7146318035,534.26,534.26,0,0.0,0
168,CASH_OUT,53.62,C6098775210,70.32,16.7,M5412437658,0.0,0.0,1,0.0033333333333333335,0
244,PAYMENT,68.08,C9704383251,223.39,155.31,M9918338001,0.0,0.0,0,0.0,0
673,CASH_OUT,57.01,C6466597005,56.27,0.0,M3811254192,0.0,0.0,1,0.056666666666666664,0
381,TRANSFER,204.56,C9957813353,190.86,0.0,M8740820392,0.0,0.0,1,0.23,0
48,TRANSFER,1819.56,C1282103057,1580.23,0.0,M4390543744,0.0,0.0,1,0.41,0
545,TRANSFER,1.0,C8241550421,0.0,0.0,C5212581851,0.0,1.0,0,0.22333333333333333,0
521,TRANSFER,177804.86,C5998623100,221873.58,44068.72,M1802753761,0.0,0.0,1,0.30333333333333334,0
462,PAYMENT,114.72,C2317723211,1743.18,1628.46,M5869990861,0.0,0.0,0,0.0,0
572,TRANSFER,2052.57,C5161807235,2631.89,579.32,C7551874474,1165.81,3218.38,0,0.04,0
55,PAYMENT,3.42,C3201397080,29.72,26.3,M8058679999,0.0,0.0,0,0.0,0
36,PAYMENT,246.6,C6169243284,266.61,20.01,M4456193555,0.0,0.0,0,0.0,0
473,TRANSFER,56.68,C1306702926,60.06,3.38,C3846570058,0.21,56.89,0,0.17666666666666667,0
82,PAYMENT,1748.26,C8137972345,144619.92,142871.66,M9752092528,0.0,0.0,0,0.0,0
614,TRANSFER,1908.19,C7660157097,173182.32,171274.13,C8737025391,281.68,2189.87,0,0.013333333333333334,0
458,TRANSFER,1.0,C3639796200,0.0,0.0,C7296658772,7758.16,7759.16,0,0.04666666666666667,0
489,TRANSFER,3.62,C5879617459,10.85,7.23,C1602569046,0.0,3.62,0,0.17,0
396,TRANSFER,25462.67,C6887132821,24333.02,0.0,M5449848690,0.0,0.0,1,0.7633333333333333,1
186,CASH_IN,878.06,C6204862411,0.0,878.06,C7088451458,13.3,13.3,0,0.0,0
453,PAYMENT,400.86,C2308638549,1067.69,666.83,M6763471833,0.0,0.0,0,0.0,0
329,CASH_OUT,3233.54,C6715961218,4000.74,767.2,C5033992825,0.0,0.0,0,0.01,0
502,CASH_OUT,1266.24,C6884882440,1094.85,0.0,M4093474499,0.0,0.0,1,0.22,0
369,TRANSFER,20.78,C5130589741,49.22,28.44,C1809283659,0.0,20.78,0,0.15333333333333332,0
76,PAYMENT,207.66,C3591527330,392.78,185.12,M1694904767,0.0,0.0,0,0.0,0
95,CASH_OUT,4218.19,C4847761430,5035.43,817.24,M9410569618,0.0,0.0,1,0.0,0
99,TRANSFER,2110.19,C8832617672,2071.25,0.0,C4786674545,0.0,0.0,1,0.6166666666666667,1
367,CASH_OUT,4335.14,C8208643631,3782.15,0.0,M9288057824,0.0,0.0,1,0.13,0
377,PAYMENT,47.12,C7208619610,74.51,27.39,M3476758136,0.0,0.0,0,0.0,0
183,CASH_OUT,12.43,C5759272717,53.07,40.64,C3777580509,0.0,0.0,0,0.0,0
115,PAYMENT,8.19,C7380780055,13.56,5.37,M9255306810,0.0,0.0,0,0.0,0
264,TRANSFER,1.0,C5455441991,0.0,0.0,C6237376063,4874.72,4875.72,0,0.0,0
607,CASH_OUT,2520.54,C3271361431,3340.13,819.59,M5570190774,0.0,0.0,1,0.02666666666666667,0
179,CASH_OUT,1.78,C1855256552,3.14,1.36,C6613888489,945.21,945.21,0,0.013333333333333334,0
553,CASH_OUT,689.99,C3271361431,819.59,129.6,M3580582653,0.0,0.0,1,0.04666666666666667,0
367,DEBIT,277.17,C7852415525,463.68,186.51,M9900829971,0.0,0.0,0,0.016666666666666666,0
425,TRANSFER,1.0,C6566372886,0.0,0.0,C8823677798,16555.52,16556.52,0,0.0033333333333333335,0
360,PAYMENT,1.0,C6000952470,4.4,3.4,M2541015125,0.0,0.0,0,0.0,0
340,CASH_IN,73492.59,C7190276026,0.0,73492.59,C4700855390,149.1,149.1,0,0.0,0
13,TRANSFER,1.0,C2612579345,0.0,0.0,C1590838716,0.0,1.0,0,0.19333333333333333,0
281,PAYMENT,1.49,C9546021691,1.8,0.31,M9625656293,0.0,0.0,0,0.0,0
576,CASH_OUT,2658.95,C2423995953,2979.25,320.3,C6341783555,8987.67,8987.67,1,0.006666666666666667,0
326,PAYMENT,223.34,C2780136605,274.5,51.16,M2129491690,0.0,0.0,0,0.0,0
345,PAYMENT,1.0,C7977267911,0.0,0.0,M8030400668,0.0,0.0,0,0.0,0
528,PAYMENT,1.0,C1004665657,0.0,0.0,M6651754819,0.0,0.0,0,0.0,0
489,TRANSFER,1213.39,C4026816435,1287.55,74.16,C5789633176,13560.51,14773.9,0,0.006666666666666667,0
628,PAYMENT,7.4,C6169243284,20.01,12.61,M9631695368,0.0,0.0,0,0.0,0
478,PAYMENT,4.66,C1471997674,15.22,10.56,M1857561275,0.0,0.0,0,0.0,0
623,TRANSFER,109.8,C1099541460,235.55,125.75,C3334938378,0.55,110.35,0,0.10666666666666667,0
284,PAYMENT,3.22,C9438411468,13.74,10.52,M4896576569,0.0,0.0,0,0.0,0
472,PAYMENT,34.76,C6633778586,76.04,41.28,M6275155878,0.0,0.0,0,0.0,0
83,PAYMENT,23.55,C5269015757,112.08,88.53,M1857561275,0.0,0.0,0,0.0,0
471,CASH_OUT,1.0,C3667740351,0.35,0.0,C6065662867,393.68,393.68,0,0.08333333333333333,0
293,DEBIT,21.23,C8180620422,66.3,45.07,M3072183247,0.0,0.0,0,0.023333333333333334,0
648,CASH_IN,19012.35,C4310415016,120.3,19132.65,C7573691558,0.0,0.0,0,0.0,0
114,PAYMENT,1.0,C7374810067,1.0,0.0,M6820149016,0.0,0.0,0,0.0,0
44,TRANSFER,2603.38,C8102515984,2231.76,0.0,M1357561213,0.0,0.0,1,0.7766666666666666,1
400,PAYMENT,1.0,C4536306171,0.0,0.0,M9255306810,0.0,0.0,0,0.0,0
120,TRANSFER,94.14,C5336127859,88.31,0.0,C6645808194,260.89,260.89,1,0.02666666666666667,0
564,TRANSFER,3305.34,C9539945315,4277.36,972.02,C3878719791,0.0,3305.34,1,0.05,0
302,PAYMENT,1.0,C8102515984,0.0,0.0,M3119908041,0.0,0.0,0,0.0,0
239,PAYMENT,14.29,C7038841740,23.85,9.56,M1666898313,0.0,0.0,0,0.0,0
123,CASH_IN,7.7,C9553561889,20.18,27.88,C7838460497,1.0,1.0,0,0.0,0
303,PAYMENT,1.0,C9894264595,0.0,0.0,M1306420495,0.0,0.0,0,0.0,0
3,PAYMENT,235.09,C7965608188,260.67,25.58,M4896576569,0.0,0.0,0,0.0,0
312,CASH_IN,2621.33,C1563524533,0.0,2621.33,C9911329062,506.73,506.73,0,0.0033333333333333335,0
476,CASH_OUT,1.0,C6887132821,0.0,0.0,C6773938304,0.0,0.0,0,0.09333333333333334,0
469,TRANSFER,322.57,C3853978147,557.7,235.13,C3334938378,110.35,432.92,0,0.043333333333333335,0
369,TRANSFER,1752.45,C4735313433,1985.61,233.16,C8468071953,0.0,0.0,1,0.17666666666666667,0
235,CASH_OUT,4052.19,C3128675098,3555.15,0.0,M4601406440,0.0,0.0,1,0.07666666666666666,0
430,CASH_IN,15513.48,C8706093841,1.0,15514.48,C6447717367,87.99,87.99,0,0.0,0
35,PAYMENT,11.5,C5871743247,126141.1,126129.6,M5156392601,0.0,0.0,0,0.0,0
137,CASH_OUT,2898.59,C9123207735,2554.79,0.0,M1096405016,0.0,0.0,1,0.06,0
257,CASH_OUT,3339.59,C5714169271,3132.91,0.0,M7764117705,0.0,0.0,1,0.08333333333333333,0
605,CASH_OUT,1.23,C3144490990,5.3,4.07,C3553440342,0.86,0.86,0,0.04666666666666667,0
277,PAYMENT,42.83,C9916336966,73.37,30.54,M3317856944,0.0,0.0,0,0.0,0
597,PAYMENT,2.36,C6562457052,4.01,1.65,M8964269909,0.0,0.0,0,0.0,0
501,CASH_OUT,4043.73,C1939777262,3450.35,0.0,M6845287382,0.0,0.0,1,0.2633333333333333,0
525,PAYMENT,618.63,C2830154607,848.12,229.49,M8083396378,0.0,0.0,0,0.0,0
239,TRANSFER,12755.11,C8706093841,15514.48,2759.37,C7631970791,3.12,12758.23,0,0.0,0
253,TRANSFER,35998.85,C6464693977,80841.78,44842.93,C7873709012,0.0,35998.85,0,0.0,0
507,PAYMENT,52.49,C3429019820,156.71,104.22,M7537130187,0.0,0.0,0,0.0,0
551,CASH_OUT,1.0,C3291226621,0.0,0.0,C8867077130,14631.86,14631.86,0,0.016666666666666666,0
568,TRANSFER,1.0,C1664847319,0.0,0.0,C8666074487,9.44,10.44,0,0.2,0
143,TRANSFER,96.27,C8380312396,106.22,9.95,M1504729135,0.0,0.0,1,0.15666666666666668,0
325,TRANSFER,96.46,C6687206971,97.65,1.19,C7527316141,0.0,96.46,1,0.17,0
44,TRANSFER,1.0,C9894264595,0.0,0.0,C9035194895,0.0,1.0,0,0.22333333333333333,0
249,CASH_OUT,2.71,C7706193636,3.23,0.52,C8441393731,6.19,6.19,0,0.023333333333333334,0
358,PAYMENT,158.25,C5284391408,175.89,17.64,M3580582653,0.0,0.0,0,0.0,0
465,PAYMENT,245.76,C4332894265,442.27,196.51,M5937271321,0.0,0.0,0,0.0,0
475,TRANSFER,4850.2,C7499349987,4226.75,0.0,C6115750294,43.21,4893.41,1,0.32,0
125,PAYMENT,6.81,C3837784389,18.25,11.44,M3605446007,0.0,0.0,0,0.0,0
399,DEBIT,123.35,C1110724913,13372.37,13249.02,M6583604299,0.0,0.0,0,0.013333333333333334,0
115,CASH_OUT,3.29,C4226113732,4.55,1.26,C2687477596,181.07,181.07,0,0.0,0
556,CASH_OUT,940.84,C8902275119,1013.07,72.23,M8768773991,0.0,0.0,1,0.04666666666666667,0
138,PAYMENT,1.0,C3707166618,0.0,0.0,M8144352013,0.0,0.0,0,0.0,0
84,CASH_OUT,145.91,C4440904834,159.39,13.48,M2885370603,0.0,0.0,1,0.006666666666666667,0
261,TRANSFER,1.0,C9196564761,0.0,0.0,C2349406919,4362.28,4363.28,0,0.0,0
135,CASH_OUT,4808.64,C3768901084,4026.17,0.0,C9547119184,2.13,2.13,1,0.043333333333333335,0
549,PAYMENT,1.0,C9255898264,0.0,0.0,M7282885927,0.0,0.0,0,0.0,0
533,DEBIT,9827.18,C5483308751,24372.13,14544.95,M3636366799,0.0,0.0,0,0.03333333333333333,0
720,CASH_OUT,920.89,C4256292393,925.57,4.68,C5693307665,3817.45,3817.45,1,0.12,0
315,PAYMENT,92.21,C1558631501,111.81,19.6,M1466305100,0.0,0.0,0,0.0,0
483,PAYMENT,75.78,C7872873371,194.8,119.02,M1368287033,0.0,0.0,0,0.0,0
27,TRANSFER,82.3,C2513206988,109.24,26.94,C8300300577,0.0,0.0,1,0.16,0
558,CASH_OUT,12.85,C8999963054,26.2,13.35,C7085004726,0.58,0.58,0,0.03333333333333333,0
634,TRANSFER,3197.1,C1521521078,2780.55,0.0,M1711271599,0.0,0.0,1,0.9433333333333334,1
673,CASH_OUT,1.0,C1361845490,0.0,0.0,C8779941999,128.62,128.62,0,0.04666666666666667,0
718,DEBIT,2.46,C9138644862,3.43,0.97,M9026301048,0.0,0.0,0,0.043333333333333335,0
710,CASH_OUT,1.0,C3780439666,0.0,0.0,C1316756902,5.01,5.01,0,0.04666666666666667,0
382,TRANSFER,20.61,C3369305560,22.84,2.23,C9463197203,80.48,101.09,0,0.09666666666666666,0
179,PAYMENT,1.0,C2570991899,0.0,0.0,M6361225622,0.0,0.0,0,0.0,0
707,CASH_OUT,3630.79,C5336127859,4351.38,720.59,C1730074215,93.28,93.28,1,0.023333333333333334,0
654,PAYMENT,2.39,C4655935832,2.84,0.45,M5194066484,0.0,0.0,0,0.0,0
169,TRANSFER,103.97,C5421051452,204.68,100.71,C9786748825,0.0,103.97,0,0.09,0
704,TRANSFER,1311.57,C1421776124,1342.77,31.2,C5694848867,1.0,1.0,1,0.24666666666666667,0
536,TRANSFER,715.41,C4623960580,802.62,87.21,C9935429720,0.0,715.41,0,0.08,0
525,TRANSFER,3124.74,C6009268066,3192.45,67.71,C6320115677,19460.23,22584.97,1,0.006666666666666667,0
113,TRANSFER,1677.76,C3980491761,2371.82,694.06,M3297681898,0.0,0.0,1,0.18,0
78,PAYMENT,1845.56,C3667292043,2192.14,346.58,M2555936898,0.0,0.0,0,0.0,0
435,TRANSFER,3.23,C9305502799,5.08,1.85,C9455610447,0.0,3.23,0,0.17666666666666667,0
335,PAYMENT,1.0,C4765583254,0.0,0.0,M7437168216,0.0,0.0,0,0.0,0
530,CASH_OUT,121.39,C7887950851,238.97,117.58,C1276905285,45.31,45.31,0,0.03,0
228,PAYMENT,5525.56,C2780016559,5839.34,313.78,M3369412470,0.0,0.0,0,0.0,0
133,TRANSFER,1.0,C8879525611,3.44,2.44,C4274958945,284.74,285.74,0,0.0033333333333333335,0
650,CASH_OUT,9019.81,C3205292512,11077.74,2057.93,C3479708607,0.0,0.0,0,0.02,0
473,TRANSFER,219.35,C1127978094,1013.97,794.62,C5476654128,76.97,296.32,0,0.06,0
309,CASH_OUT,4194.93,C6558450990,3895.14,0.0,C7248258423,0.66,0.66,1,0.11333333333333333,0
47,CASH_OUT,851.22,C6620138568,712.78,0.0,M1185303518,0.0,0.0,1,0.06666666666666667,0
314,CASH_OUT,1.0,C9626333315,0.0,0.0,C2293434554,12.04,12.04,0,0.02666666666666667,0
409,TRANSFER,774.24,C2095286033,922.92,148.68,C9392515666,11.89,11.89,1,0.14333333333333334,0
461,CASH_OUT,49.85,C5972484792,125.82,75.97,C3521166052,117.15,117.15,0,0.04666666666666667,0
13,PAYMENT,76.24,C6924716023,132.26,56.02,M7168105904,0.0,0.0,0,0.0,0
293,CASH_OUT,2255.95,C4062777850,2341.78,85.83,M3094407076,0.0,0.0,1,0.01,0
267,PAYMENT,724.15,C8934927891,830.36,106.21,M6011842297,0.0,0.0,0,0.0,0
543,TRANSFER,6119.08,C5064162365,6793.09,674.01,M1666898313,0.0,0.0,1,0.3233333333333333,0
601,TRANSFER,303.31,C6311894154,284.37,0.0,M8740820392,0.0,0.0,1,0.24,0
677,CASH_OUT,1.0,C6562434335,0.0,0.0,C2317723211,1628.46,1628.46,0,0.03,0
475,PAYMENT,79.35,C6043349038,139.16,59.81,M3223687972,0.0,0.0,0,0.0,0
699,PAYMENT,153.06,C9428056968,365.71,212.65,M9773795424,0.0,0.0,0,0.0,0
289,PAYMENT,1.0,C7896596272,1.28,0.28,M9523139706,0.0,0.0,0,0.0,0
298,TRANSFER,9003.17,C6619138852,9825.04,821.87,C6562144159,0.0,9003.17,0,0.0,0
649,PAYMENT,807.43,C4322510552,9949.52,9142.09,M2249831874,0.0,0.0,0,0.0,0
416,CASH_OUT,265.22,C7818568548,245.17,0.0,M1692044390,0.0,0.0,1,0.11333333333333333,0
395,TRANSFER,1210.38,C2405746777,1528.78,318.4,M9068916300,0.0,0.0,1,0.13,0
190,PAYMENT,336.25,C7451071432,374.74,38.49,M8821456242,0.0,0.0,0,0.0,0
99,PAYMENT,36.73,C7070083150,38.98,2.25,M3438830691,0.0,0.0,0,0.0,0
261,CASH_OUT,107.96,C3214080278,99.45,0.0,M2391874847,0.0,0.0,1,0.03666666666666667,0
9,TRANSFER,2425.3,C5868640848,2370.7,0.0,M5570190774,0.0,0.0,1,0.7033333333333334,1
339,CASH_OUT,1.0,C7935554354,0.0,0.0,C3550908958,1395.11,1395.11,0,0.013333333333333334,0
365,PAYMENT,744.62,C1127978094,794.62,50.0,M1999913493,0.0,0.0,0,0.0,0
605,PAYMENT,115.17,C8695129534,72397.39,72282.22,M8366710477,0.0,0.0,0,0.0,0
434,DEBIT,1.0,C9697414638,0.0,0.0,M7230477043,0.0,0.0,0,0.04666666666666667,0
710,CASH_OUT,1.0,C9857430687,0.0,0.0,C7027529118,38.34,38.34,0,0.043333333333333335,0
295,CASH_OUT,3.19,C1602569046,3.62,0.43,C2774884818,698.65,698.65,0,0.03,0
231,TRANSFER,4047.62,C9953716239,3418.4,0.0,M3145756342,0.0,0.0,1,0.8333333333333334,1
460,TRANSFER,4983.68,C5268845844,4772.32,0.0,M7341757401,0.0,0.0,1,0.9066666666666666,1
290,CASH_OUT,1.0,C3946766309,0.0,0.0,C5474951950,679.91,679.91,0,0.03,0
193,PAYMENT,1.0,C7556078550,0.0,0.0,M7951820749,0.0,0.0,0,0.0,0
565,DEBIT,1022.23,C7825844140,1632.02,609.79,M2136107759,0.0,0.0,0,0.02666666666666667,0
236,PAYMENT,2544.8,C4972536230,2945.01,400.21,M3317856944,0.0,0.0,0,0.0,0
170,CASH_OUT,1.0,C9250327663,0.26,0.0,C3655790301,390.86,390.86,0,0.0033333333333333335,0
55,CASH_OUT,1.0,C9697354961,0.0,0.0,C3045102506,347.55,347.55,0,0.0033333333333333335,0
291,CASH_OUT,2381.22,C4895020135,2221.42,0.0,M7282885927,0.0,0.0,1,0.12,0
704,CASH_OUT,17.97,C5140460939,68.75,50.78,C3869963931,0.0,0.0,0,0.03,0
579,PAYMENT,1729.33,C5058691146,62864.54,61135.21,M9410569618,0.0,0.0,0,0.0,0
576,CASH_OUT,1.0,C1470939445,0.57,0.0,C2924568778,48.44,48.44,0,0.05333333333333334,0
383,TRANSFER,2.61,C4422700486,7.85,5.24,C2660286914,1.0,3.61,0,0.15666666666666668,0
590,PAYMENT,29.55,C7473868020,66.85,37.3,M1783432867,0.0,0.0,0,0.0,0
252,PAYMENT,376.72,C9908115095,759.58,382.86,M5380159400,0.0,0.0,0,0.0,0
225,CASH_OUT,3523.34,C4643576871,3227.21,0.0,C9115282784,103.52,103.52,1,0.04666666666666667,0
11,PAYMENT,72.45,C2268006448,181.9,109.45,M3094407076,0.0,0.0,0,0.0,0
289,CASH_OUT,993.75,C2139078760,1037.56,43.81,C3923823693,0.0,0.0,1,0.013333333333333334,0
275,CASH_OUT,74.06,C9309500117,85.16,11.1,C3734252963,0.0,0.0,1,0.0033333333333333335,0
105,PAYMENT,1.0,C6038780151,0.0,0.0,M5919148165,0.0,0.0,0,0.0033333333333333335,0
399,CASH_OUT,1.0,C6418365941,0.0,0.0,C2079770569,0.0,0.0,0,0.03666666666666667,0
444,PAYMENT,1051.89,C7665963761,1131.27,79.38,M2303835765,0.0,0.0,0,0.0,0
474,CASH_OUT,144.19,C1940684569,184.67,40.48,M7343954769,0.0,0.0,1,0.04666666666666667,0
106,PAYMENT,30.29,C4794276323,145.11,114.82,M8235474949,0.0,0.0,0,0.0,0
151,PAYMENT,110.28,C2424706705,173.94,63.66,M4952177946,0.0,0.0,0,0.0,0
433,CASH_IN,52387.75,C3946766309,0.0,52387.75,C7597996327,117.53,117.53,0,0.0,0
416,PAYMENT,32.15,C2168041588,140.33,108.18,M4952177946,0.0,0.0,0,0.0,0
575,PAYMENT,1.0,C3214080278,0.0,0.0,M2243802345,0.0,0.0,0,0.0,0
502,PAYMENT,63.15,C2168041588,108.18,45.03,M4456193555,0.0,0.0,0,0.0,0
595,PAYMENT,406.67,C9771848610,650.31,243.64,M9590331226,0.0,0.0,0,0.0,0
622,CASH_OUT,1212.08,C6887132821,1097.95,0.0,M1458227039,0.0,0.0,1,0.19,0
688,PAYMENT,192.52,C8366884200,55438.13,55245.61,M3811254192,0.0,0.0,0,0.0,0
59,PAYMENT,98.46,C5067245523,353.06,254.6,M1306420495,0.0,0.0,0,0.0,0
702,CASH_OUT,809.71,C6884333221,3962.13,3152.42,C8617360361,0.0,0.0,0,0.023333333333333334,0
378,PAYMENT,10.47,C9248046539,29.41,18.94,M9444143872,0.0,0.0,0,0.0,0
685,TRANSFER,671.95,C9597198563,626.04,0.0,C1600566083,47.19,47.19,1,0.19333333333333333,0
623,PAYMENT,13.17,C5292015249,20.44,7.27,M7341757401,0.0,0.0,0,0.0,0
390,PAYMENT,345.39,C3361388464,455.19,109.8,M9410569618,0.0,0.0,0,0.0,0
90,PAYMENT,191.02,C4683585586,850.16,659.14,M9822499208,0.0,0.0,0,0.0,0
385,CASH_OUT,46.33,C7464468567,89.31,42.98,C5036200310,1706.87,1706.87,0,0.01,0
462,CASH_OUT,1.96,C2854772804,4.95,2.99,C8556573246,80878.85,80878.85,0,0.006666666666666667,0
699,CASH_OUT,27575.8,C3799620568,29409.09,1833.29,C3713284816,9.21,9.21,1,0.013333333333333334,0
622,CASH_OUT,51.05,C2409274786,92.68,41.63,C2811967841,67.92,67.92,0,0.03333333333333333,0
332,TRANSFER,540.88,C4466589567,16972.8,16431.92,C8178927766,23.54,564.42,0,0.0033333333333333335,0
544,PAYMENT,4.99,C6012067717,6.12,1.13,M2115862756,0.0,0.0,0,0.0,0
101,CASH_OUT,26106.26,C8252045593,37967.17,11860.91,C9279291478,0.05,0.05,0,0.0,0
479,CASH_OUT,5307.71,C6638034087,4871.29,0.0,M8325043570,0.0,0.0,1,0.2833333333333333,0
34,TRANSFER,2231.49,C6884882440,2289.66,58.17,M1466305100,0.0,0.0,1,0.4033333333333333,0
138,PAYMENT,1.0,C3952295757,0.0,0.0,M4329446784,0.0,0.0,0,0.0,0
349,PAYMENT,1.0,C1242425303,0.0,0.0,M3297681898,0.0,0.0,0,0.0,0
451,CASH_OUT,34567.81,C7801948900,40752.96,6185.15,C3128675098,0.0,0.0,1,0.013333333333333334,0
476,DEBIT,16.39,C4207337120,17.67,1.28,M9404002665,0.0,0.0,0,0.043333333333333335,0
596,PAYMENT,37.76,C8517413631,68.15,30.39,M7537130187,0.0,0.0,0,0.0,0
486,TRANSFER,295.65,C6923893872,331.89,36.24,C3377702111,83593.74,83889.39,0,0.0,0
397,DEBIT,2.23,C8303853049,6.55,4.32,M3072183247,0.0,0.0,0,0.03666666666666667,0
68,PAYMENT,1.0,C1375899416,0.7,0.0,M8768773991,0.0,0.0,0,0.0,0
188,PAYMENT,1.0,C4282810353,1.0,0.0,M8218146534,0.0,0.0,0,0.0,0
587,PAYMENT,1.0,C1149460439,0.0,0.0,M7366396017,0.0,0.0,0,0.0,0
620,CASH_OUT,1043.59,C5187948804,1377.16,333.57,C5077921573,13807.32,13807.32,1,0.006666666666666667,0
244,CASH_OUT,818.53,C3057629778,1056.71,238.18,M1504729135,0.0,0.0,1,0.0033333333333333335,0
431,CASH_OUT,75.38,C4642197907,79.26,3.88,M5959736235,0.0,0.0,1,0.07,0
17,PAYMENT,1.0,C9337145038,0.0,0.0,M4211837506,0.0,0.0,0,0.0,0
148,PAYMENT,86.7,C4283432667,410.01,323.31,M3019265031,0.0,0.0,0,0.0,0
16,TRANSFER,1822.81,C4427620889,2079.8,256.99,C7623575561,161.95,161.95,1,0.02,0
182,PAYMENT,21.87,C8902275119,72.23,50.36,M6999146585,0.0,0.0,0,0.0,0
707,CASH_OUT,33180.07,C7403028869,33803.15,623.08,M4399143287,0.0,0.0,1,0.016666666666666666,0
586,PAYMENT,1.0,C7568980185,0.0,0.0,M7537130187,0.0,0.0,0,0.0,0
667,CASH_OUT,756.89,C3088517710,922.96,166.07,C1370292681,3316.57,3316.57,0,0.016666666666666666,0
108,PAYMENT,2847.84,C4287687478,28668.25,25820.41,M2243802345,0.0,0.0,0,0.0,0
22,TRANSFER,524.36,C9481076448,536.83,12.47,C9303285822,2762.0,2762.0,1,0.0,0
611,PAYMENT,6.41,C2540492440,7.6,1.19,M6659847491,0.0,0.0,0,0.0,0
361,CASH_OUT,4.58,C9844874547,7.14,2.56,C5736462531,49.54,49.54,0,0.01,0
86,DEBIT,1.0,C6244338653,0.0,0.0,M6525576685,0.0,0.0,0,0.03,0
654,PAYMENT,152.35,C9912233947,212.65,60.3,M6866146362,0.0,0.0,0,0.0,0
381,DEBIT,140.14,C9986353481,151.01,10.87,M3811254192,0.0,0.0,0,0.023333333333333334,0
113,PAYMENT,19184.3,C8858766173,69997.54,50813.24,M8727805468,0.0,0.0,0,0.0,0
2,TRANSFER,1668.78,C3304560537,1611.83,0.0,M3705237613,0.0,0.0,1,0.3933333333333333,0
463,TRANSFER,3685.42,C3734252963,3971.22,285.8,M2910594463,0.0,0.0,1,0.30666666666666664,0
628,TRANSFER,1332.25,C9858643842,4395.82,3063.57,C6879428703,0.0,1332.25,0,0.056666666666666664,0
543,TRANSFER,2783.1,C9697354961,3739.12,956.02,C2586568081,0.0,0.0,1,0.27666666666666667,0
325,PAYMENT,2.43,C9392515666,11.89,9.46,M7764117705,0.0,0.0,0,0.0,0
573,PAYMENT,1.0,C3297096148,2.76,1.76,M3508990774,0.0,0.0,0,0.0,0
601,TRANSFER,50.51,C8388580360,50.46,0.0,M1199447370,0.0,0.0,1,0.23666666666666666,0
90,CASH_OUT,37.85,C8015124886,188.24,150.39,C6991473746,0.0,0.0,0,0.0033333333333333335,0
31,CASH_OUT,1.0,C1939777262,0.0,0.0,C7190276026,73492.59,73492.59,0,0.0,0
690,CASH_OUT,5568.16,C3098948446,4655.66,0.0,C7215110267,0.0,0.0,1,0.20333333333333334,0
215,PAYMENT,4336.84,C7937993287,12879.46,8542.62,M6525576685,0.0,0.0,0,0.0,0
97,TRANSFER,561.99,C1660370908,489.26,0.0,M2136107759,0.0,0.0,1,0.30333333333333334,0
468,PAYMENT,1.0,C6837975356,0.0,0.0,M3107992942,0.0,0.0,0,0.0,0
56,TRANSFER,2616.22,C3971203213,2845.72,229.5,C7736142481,0.0,0.0,1,0.17666666666666667,0
502,TRANSFER,1.0,C6773938304,0.0,0.0,C1288765093,801.2,802.2,0,0.07666666666666666,0
651,PAYMENT,3184.94,C6237376063,4875.72,1690.78,M8144352013,0.0,0.0,0,0.0,0
645,CASH_OUT,1254.81,C7699500243,1340.49,85.68,M1122712790,0.0,0.0,1,0.04,0
80,TRANSFER,2871.51,C2445662585,3309.79,438.28,C8758809005,0.0,0.0,1,0.20333333333333334,0
366,PAYMENT,1466.14,C4130305126,2133.29,667.15,M8138332494,0.0,0.0,0,0.0,0
515,PAYMENT,6.3,C7199283151,7.9,1.6,M9068916300,0.0,0.0,0,0.0,0
27,CASH_OUT,10973.68,C8757570742,14650.29,3676.61,C3412365931,6.93,6.93,0,0.0,0
381,CASH_OUT,11416.49,C4405620755,108891.07,97474.58,C1091729577,56.72,56.72,0,0.0,0
469,PAYMENT,41.82,C6369130994,59.84,18.02,M2249831874,0.0,0.0,0,0.0,0
279,PAYMENT,1.0,C2591414076,0.96,0.0,M3208200227,0.0,0.0,0,0.0,0
472,CASH_OUT,125919.52,C3420721027,136626.01,10706.49,M7341757401,0.0,0.0,1,0.013333333333333334,0
717,TRANSFER,905.85,C5375461598,1136.68,230.83,C9558091177,0.0,0.0,1,0.15333333333333332,0
340,CASH_OUT,8.72,C6048096802,10.48,1.76,C6633778586,41.28,41.28,0,0.01,0
45,DEBIT,131.95,C1847275937,156.03,24.08,M6011842297,0.0,0.0,0,0.016666666666666666,0
104,PAYMENT,1.0,C1913706213,0.0,0.0,M3811254192,0.0,0.0,0,0.0033333333333333335,0
637,PAYMENT,182.21,C1710924824,6215.68,6033.47,M1666898313,0.0,0.0,0,0.0,0
340,DEBIT,1.0,C7209571615,0.0,0.0,M7341757401,0.0,0.0,0,0.04,0
243,CASH_IN,128792.36,C5315211627,14.11,128806.47,C5031086659,29.2,29.2,0,0.0,0
17,CASH_OUT,333.58,C5754363475,469.28,135.7,M7951820749,0.0,0.0,1,0.0033333333333333335,0
579,DEBIT,146.36,C9274189261,237.95,91.59,M8235474949,0.0,0.0,0,0.02666666666666667,0
272,CASH_OUT,125.17,C4745927824,135.0,9.83,M8083396378,0.0,0.0,1,0.01,0
498,TRANSFER,4515.51,C4536306171,4879.62,364.11,C4956843441,1.0,1.0,1,0.32,0
620,CASH_OUT,767.54,C8241550421,708.59,0.0,M6999146585,0.0,0.0,1,0.13666666666666666,0
582,TRANSFER,180.14,C7154795660,220.0,39.86,M3534186676,0.0,0.0,1,0.17333333333333334,0
240,CASH_OUT,1.0,C7508522951,0.0,0.0,C4079223686,9.53,9.53,0,0.02,0
462,TRANSFER,872.13,C3693916084,1187.46,315.33,M3495411322,0.0,0.0,1,0.15666666666666668,0
249,CASH_OUT,21.56,C5610783750,45.76,24.2,C8948573913,0.0,0.0,0,0.0,0
521,CASH_OUT,30470.24,C3774110439,42950.33,12480.09,C2752536389,95873.71,95873.71,0,0.0,0
438,PAYMENT,8.03,C4440904834,13.48,5.45,M5891831621,0.0,0.0,0,0.0,0
283,PAYMENT,1.0,C3074232200,0.0,0.0,M8858274691,0.0,0.0,0,0.0,0
377,CASH_OUT,4247.95,C8816681105,3724.02,0.0,M1999913493,0.0,0.0,1,0.13,0
112,PAYMENT,20.36,C8453283834,29.52,9.16,M7532669066,0.0,0.0,0,0.0,0
141,PAYMENT,81.84,C8796293088,179.18,97.34,M7948094928,0.0,0.0,0,0.0,0
662,TRANSFER,1324.36,C9958044697,1117.74,0.0,M5315720088,0.0,0.0,1,0.45,0
675,CASH_OUT,5.29,C3149484176,21.73,16.44,C2095286033,148.68,148.68,0,0.023333333333333334,0
486,TRANSFER,721.99,C2801177461,1736.84,1014.85,C8285000265,0.0,721.99,0,0.04666666666666667,0
570,PAYMENT,4.05,C3420721027,10706.49,10702.44,M3960136787,0.0,0.0,0,0.0,0
123,PAYMENT,11.92,C8012696455,1005.91,993.99,M2303835765,0.0,0.0,0,0.0,0
377,PAYMENT,9748.8,C1857596764,13820.99,4072.19,M4399143287,0.0,0.0,0,0.0,0
325,TRANSFER,1.0,C5536224717,0.0,0.0,C6443749394,35.76,36.76,0,0.16,0
17,TRANSFER,1074.51,C4282810353,1498.88,424.37,C7460728316,1.63,1076.14,1,0.0,0
116,TRANSFER,1023.45,C3821211202,1427.66,404.21,M3369412470,0.0,0.0,1,0.10666666666666667,0
614,TRANSFER,8007.32,C3574081104,10187.45,2180.13,C8995970241,2.0,8009.32,0,0.03,0
381,PAYMENT,566.54,C4586139213,917.58,351.04,M6384311581,0.0,0.0,0,0.0,0
683,PAYMENT,1.0,C2570991899,0.0,0.0,M7948094928,0.0,0.0,0,0.0,0
525,PAYMENT,66.21,C9557663181,107.01,40.8,M6744039057,0.0,0.0,0,0.0,0
460,CASH_OUT,60.13,C9514255777,74.87,14.74,C2811967841,67.92,67.92,1,0.05,0
656,CASH_OUT,1.0,C9085085822,0.0,0.0,C1261903104,68.83,68.83,0,0.04666666666666667,0
220,CASH_OUT,1.0,C6634526139,0.0,0.0,C5759761714,35076.61,35076.61,0,0.0,0
716,CASH_OUT,77.44,C1659663750,172.25,94.81,C3780439666,0.0,0.0,0,0.02666666666666667,0
484,PAYMENT,1.0,C4178659381,0.0,0.0,M6659847491,0.0,0.0,0,0.0,0
27,TRANSFER,1.0,C4067919621,0.0,0.0,C9333490239,0.0,1.0,0,0.22,0
188,CASH_OUT,781.51,C2409274786,699.95,0.0,M2228388623,0.0,0.0,1,0.09333333333333334,0
538,TRANSFER,115.39,C8117478955,157.0,41.61,C1667779376,4909.38,5024.77,0,0.03,0
336,TRANSFER,21017.89,C2610237679,42683.37,21665.48,C8394198376,11.51,21029.4,0,0.0,0
599,PAYMENT,1.0,C9715314442,0.0,0.0,M7537130187,0.0,0.0,0,0.0,0
198,PAYMENT,267.93,C8925520026,470.58,202.65,M9625656293,0.0,0.0,0,0.0,0
428,CASH_OUT,42.93,C5183211669,79.64,36.71,C5212581851,1.0,1.0,0,0.043333333333333335,0
421,CASH_OUT,1813.23,C7818568548,1676.44,0.0,M2571632270,0.0,0.0,1,0.3933333333333333,0
111,TRANSFER,1.0,C1660370908,0.0,0.0,C4927019611,0.0,1.0,0,0.22666666666666666,0
554,TRANSFER,2564.41,C8318855178,2658.72,94.31,M7537130187,0.0,0.0,1,0.49,0
215,PAYMENT,1.0,C8507497883,0.0,0.0,M8728631945,0.0,0.0,0,0.0,0
163,TRANSFER,1605.05,C9633533290,2119.21,514.16,M3495411322,0.0,0.0,1,0.13333333333333333,0
257,TRANSFER,1518.05,C6092773357,1310.01,0.0,C7417183769,54.2,54.2,1,0.27,0
247,TRANSFER,1215.52,C7049001493,1016.55,0.0,M6101516825,0.0,0.0,1,0.3466666666666667,0
405,DEBIT,6.06,C7470843264,8.76,2.7,M9043367776,0.0,0.0,0,0.04,0
32,PAYMENT,1.0,C8388580360,0.0,0.0,M9900829971,0.0,0.0,0,0.0,0
125,TRANSFER,531.39,C9305502799,499.24,0.0,M9640701016,0.0,0.0,1,0.2733333333333333,0
31,TRANSFER,14.07,C9916336966,30.54,16.47,C8106906538,89.04,103.11,0,0.06333333333333334,0
301,TRANSFER,1.0,C4014119648,0.0,0.0,C8001729836,50837.27,50838.27,0,0.0,0
333,CASH_OUT,1.0,C6773938304,0.0,0.0,C1817804383,194.92,194.92,0,0.013333333333333334,0
169,PAYMENT,6.22,C5275521470,8.27,2.05,M8643636805,0.0,0.0,0,0.0,0
226,TRANSFER,3322.27,C6921525436,4160.57,838.3,C6633778586,41.28,41.28,1,0.13333333333333333,0
416,PAYMENT,1.0,C3338877621,0.0,0.0,M6846530109,0.0,0.0,0,0.0,0
157,CASH_OUT,158.58,C1422701550,172.64,14.06,C1311570307,12.36,12.36,1,0.01,0
296,PAYMENT,2057.79,C7340498236,7744.22,5686.43,M5270048042,0.0,0.0,0,0.0,0
58,CASH_OUT,35.01,C2905584866,52.14,17.13,C7059726570,764.87,764.87,0,0.0033333333333333335,0
254,PAYMENT,1.0,C3653594796,0.0,0.0,M1343875431,0.0,0.0,0,0.0,0
421,CASH_OUT,412.5,C4946081594,1541.83,1129.33,C2254516608,234.3,234.3,0,0.04,0
583,TRANSFER,148.8,C5754363475,135.7,0.0,M1647181551,0.0,0.0,1,0.23666666666666666,0
482,TRANSFER,1.0,C9697414638,0.0,0.0,C2095286033,148.68,149.68,0,0.12333333333333334,0
605,PAYMENT,5.02,C9663561486,9.75,4.73,M4460319291,0.0,0.0,0,0.0,0
584,PAYMENT,532.03,C8823677798,16556.52,16024.49,M1666898313,0.0,0.0,0,0.0,0
675,CASH_OUT,363.43,C3884642366,456.02,92.59,C9189503254,289.63,289.63,1,0.02,0
718,DEBIT,381.58,C8689593739,810.05,428.47,M4306983924,0.0,0.0,0,0.03333333333333333,0
657,CASH_OUT,59.3,C2960488639,71.96,12.66,M6744039057,0.0,0.0,1,0.03,0
601,PAYMENT,1.29,C5625411308,565.19,563.9,M2115406331,0.0,0.0,0,0.0,0
390,TRANSFER,2319.78,C1717346250,2730.1,410.32,C8429141456,0.0,0.0,1,0.19,0
28,CASH_OUT,2844.88,C4736031885,72069.35,69224.47,C2780136605,51.16,51.16,0,0.0,0
276,PAYMENT,220.1,C2950049698,780.84,560.74,M2228388623,0.0,0.0,0,0.0,0
631,PAYMENT,4435.8,C7631970791,12758.23,8322.43,M7340036327,0.0,0.0,0,0.0,0
365,CASH_OUT,45.56,C2924568778,48.44,2.88,C8285786023,148.66,148.66,0,0.01,0
563,CASH_OUT,747.06,C2227193073,814.22,67.16,M2695447268,0.0,0.0,1,0.06,0
93,PAYMENT,1587.84,C9508499533,15078.12,13490.28,M6651020291,0.0,0.0,0,0.0,0
298,CASH_OUT,689.98,C9697414638,629.52,0.0,M1692044390,0.0,0.0,1,0.2,0
318,TRANSFER,89.4,C4506639908,89.04,0.0,C7852415525,186.51,275.91,1,0.016666666666666666,0
5,CASH_OUT,4007.67,C1207916194,3714.21,0.0,M9977193987,0.0,0.0,1,0.10333333333333333,0
312,CASH_OUT,148.75,C9717175839,160.24,11.49,C5184564874,24.31,24.31,1,0.01,0
271,TRANSFER,28.77,C7185179917,117.71,88.94,C8235717104,596.56,625.33,0,0.01,0
633,PAYMENT,1.0,C4097887746,0.0,0.0,M7192742877,0.0,0.0,0,0.0,0
364,DEBIT,226.33,C4022360089,259.97,33.64,M8790289305,0.0,0.0,0,0.02,0
88,TRANSFER,1.0,C7759781156,0.0,0.0,C7074050517,308.42,309.42,0,0.016666666666666666,0
382,DEBIT,146.55,C9704383251,155.31,8.76,M6692705133,0.0,0.0,0,0.023333333333333334,0
220,PAYMENT,1.0,C2343100352,0.0,0.0,M1711271599,0.0,0.0,0,0.0,0
558,CASH_IN,5024.84,C5100282913,0.0,5024.84,C1569113257,202.49,202.49,0,0.0,0
156,PAYMENT,70.08,C2254516608,234.3,164.22,M7750131975,0.0,0.0,0,0.0,0
500,TRANSFER,5729.1,C6937704752,4841.89,0.0,M8821456242,0.0,0.0,1,0.9433333333333334,1
470,DEBIT,1200.15,C9434946584,3106.28,1906.13,M5535650160,0.0,0.0,0,0.02666666666666667,0
384,PAYMENT,7123.7,C7371573279,10341.87,3218.17,M3476758136,0.0,0.0,0,0.0,0
653,TRANSFER,3633.06,C1026224160,4093.39,460.33,C1197092148,59.19,59.19,1,0.24333333333333335,0
410,DEBIT,255.05,C9780187424,6817.71,6562.66,M3355504998,0.0,0.0,0,0.023333333333333334,0
428,PAYMENT,188.59,C1965067727,334.11,145.52,M1692044390,0.0,0.0,0,0.0,0
98,PAYMENT,17.18,C6884882440,58.17,40.99,M1732578761,0.0,0.0,0,0.0,0
73,TRANSFER,1.0,C2017675569,0.0,0.0,C2503068227,0.0,1.0,0,0.23333333333333334,0
668,PAYMENT,25.35,C2428156550,40.97,15.62,M4329446784,0.0,0.0,0,0.0,0
540,TRANSFER,1.0,C4706249669,0.0,0.0,C8375996697,7.71,8.71,0,0.19333333333333333,0
115,PAYMENT,2.21,C3587283948,9.69,7.48,M8102481401,0.0,0.0,0,0.0,0
708,CASH_OUT,4130.25,C7560389844,3790.72,0.0,M6525576685,0.0,0.0,1,0.25,0
31,PAYMENT,24504.41,C3965572185,42885.1,18380.69,M7951820749,0.0,0.0,0,0.0,0
394,TRANSFER,214.53,C5759234471,214.5,0.0,C8527715219,4226.72,4226.72,1,0.0,0
561,PAYMENT,1.0,C6201313620,0.0,0.0,M3705237613,0.0,0.0,0,0.0,0
141,PAYMENT,1.0,C7846365089,0.0,0.0,M3317856944,0.0,0.0,0,0.0,0
574,TRANSFER,123.65,C8934927891,106.21,0.0,C8493451569,4.01,4.01,1,0.2,0
164,TRANSFER,105.42,C7597996327,117.53,12.11,C8663837890,1465.7,1571.12,0,0.006666666666666667,0
543,PAYMENT,4326.69,C6231117883,5856.86,1530.17,M6284297249,0.0,0.0,0,0.0,0
161,CASH_OUT,12.1,C3962452613,22.67,10.57,C8624454880,19.4,19.4,0,0.0,0
291,PAYMENT,6.29,C5778781449,27.16,20.87,M4158643786,0.0,0.0,0,0.0,0
16,PAYMENT,1.0,C7430757004,0.0,0.0,M3369412470,0.0,0.0,0,0.0,0
268,PAYMENT,19037.59,C7472806994,101893.12,82855.53,M7951820749,0.0,0.0,0,0.0,0
178,DEBIT,13.92,C5606736607,18.82,4.9,M7951820749,0.0,0.0,0,0.023333333333333334,0
413,CASH_OUT,85.77,C8684026200,115.31,29.54,C3362646960,3641.02,3641.02,1,0.03333333333333333,0
492,TRANSFER,1.0,C9305502799,0.0,0.0,C3521166052,117.15,118.15,0,0.12666666666666668,0
646,PAYMENT,766.73,C4946081594,1129.33,362.6,M1096405016,0.0,0.0,0,0.0,0
407,PAYMENT,1.0,C9618334441,0.0,0.0,M6200141898,0.0,0.0,0,0.0,0
314,CASH_OUT,5557.06,C9860949331,4822.95,0.0,M9576264323,0.0,0.0,1,0.10333333333333333,0
355,CASH_OUT,2028.74,C2753617371,2797.66,768.92,M4908108692,0.0,0.0,1,0.013333333333333334,0
310,PAYMENT,6.89,C5996775663,7.72,0.83,M3536590481,0.0,0.0,0,0.0,0
382,PAYMENT,354.91,C6072939882,842.36,487.45,M2586712032,0.0,0.0,0,0.0,0
446,CASH_OUT,4.44,C3476426797,108.38,103.94,C8674224347,11960.45,11960.45,0,0.02,0
409,TRANSFER,592.69,C8168036130,823.26,230.57,C2304963614,0.0,592.69,1,0.016666666666666666,0
404,TRANSFER,1.0,C5199176431,0.0,0.0,C5996775663,0.83,1.83,0,0.22,0
655,CASH_OUT,237.75,C6128695961,915.35,677.6,C6474354351,0.0,0.0,0,0.03333333333333333,0
105,CASH_IN,5445.34,C2111272861,1.0,5446.34,C6797436140,612.63,612.63,0,0.0,0
521,DEBIT,1.0,C4268713302,0.0,0.0,M2571632270,0.0,0.0,0,0.043333333333333335,0
480,PAYMENT,1.0,C7818568548,0.0,0.0,M8218146534,0.0,0.0,0,0.0,0
185,PAYMENT,17.14,C5972484792,75.97,58.83,M9977193987,0.0,0.0,0,0.0,0
364,TRANSFER,1.0,C7196439534,0.0,0.0,C2914126243,0.0,1.0,0,0.22,0
92,TRANSFER,86.66,C2687477596,181.07,94.41,C8991678061,5582.87,5669.53,0,0.0,0
210,TRANSFER,117640.25,C9645619869,98683.34,0.0,M7532669066,0.0,0.0,1,0.9033333333333333,1
32,PAYMENT,21.92,C2283298067,105.69,83.77,M8874242713,0.0,0.0,0,0.0,0
457,PAYMENT,1.0,C7249213370,0.0,0.0,M3019265031,0.0,0.0,0,0.0,0
483,CASH_OUT,1.0,C6265016831,0.0,0.0,C1209063208,0.0,0.0,0,0.08666666666666667,0
546,PAYMENT,2.37,C8313706299,8.93,6.56,M5412437658,0.0,0.0,0,0.0,0
685,TRANSFER,1.0,C2400094541,0.0,0.0,C9553561889,27.88,28.88,0,0.18,0
183,TRANSFER,1.0,C4073772623,0.0,0.0,C5182110973,83.3,84.3,0,0.11,0
543,PAYMENT,323.66,C2952996248,397.44,73.78,M8063693463,0.0,0.0,0,0.0,0
594,CASH_OUT,2821.58,C3849232839,3737.55,915.97,M6786043791,0.0,0.0,1,0.02666666666666667,0
688,TRANSFER,227.78,C4282810353,424.37,196.59,C7464468567,42.98,270.76,0,0.05333333333333334,0
98,TRANSFER,21815.92,C8083175325,28434.34,6618.42,M7764117705,0.0,0.0,1,0.25,0
282,TRANSFER,7459.51,C4748302739,8245.87,786.36,C8325222092,5407.9,5407.9,1,0.0,0
539,TRANSFER,578.78,C7825844140,609.79,31.01,C8478529823,6605.47,7184.25,1,0.03333333333333333,0
564,PAYMENT,2.72,C7340428136,3.11,0.39,M4122901114,0.0,0.0,0,0.0,0
627,TRANSFER,4504.81,C7333678472,4288.86,0.0,M4329446784,0.0,0.0,1,0.9633333333333334,1
632,TRANSFER,132.64,C4104309491,186.43,53.79,C2948728483,20649.54,20782.18,0,0.0,0
33,TRANSFER,1043.28,C5036200310,1706.87,663.59,C1624173500,0.0,1043.28,0,0.0033333333333333335,0
355,PAYMENT,194.38,C5416031878,377.87,183.49,M3369412470,0.0,0.0,0,0.0,0
259,PAYMENT,1.0,C5952163720,1.17,0.17,M6558769264,0.0,0.0,0,0.0,0
634,PAYMENT,1.0,C2818381356,0.0,0.0,M4456193555,0.0,0.0,0,0.0,0
500,PAYMENT,28.03,C2073108894,33.28,5.25,M5919148165,0.0,0.0,0,0.0,0
484,TRANSFER,512.46,C5161807235,579.32,66.86,C3436297208,0.0,512.46,1,0.056666666666666664,0
430,CASH_OUT,309.61,C5354747485,290.12,0.0,M9640701016,0.0,0.0,1,0.10333333333333333,0
690,TRANSFER,75.1,C2331039957,67.94,0.0,M6130446648,0.0,0.0,1,0.23,0
373,CASH_OUT,1943.03,C6726515966,2126.3,183.27,C4508521152,9830.71,9830.71,1,0.0,0
474,PAYMENT,31.61,C1594312071,76.52,44.91,M6384311581,0.0,0.0,0,0.0,0
476,TRANSFER,14936.09,C5862655247,16698.96,1762.87,C7691931213,5.78,14941.87,0,0.013333333333333334,0
640,PAYMENT,4091.29,C3147818256,134275.33,130184.04,M2121448210,0.0,0.0,0,0.0,0
257,TRANSFER,1.0,C5358791907,0.0,0.0,C6470052645,266.73,267.73,0,0.016666666666666666,0
20,PAYMENT,649.65,C3371357111,1225.29,575.64,M5000316394,0.0,0.0,0,0.0,0
410,CASH_OUT,3473.2,C6000009225,3959.56,486.36,C3878719791,3305.34,3305.34,1,0.006666666666666667,0
574,PAYMENT,1.0,C2965164102,0.0,0.0,M3960136787,0.0,0.0,0,0.0,0
366,CASH_OUT,217.94,C7311011808,556.51,338.57,C7910439839,0.0,0.0,0,0.016666666666666666,0
440,TRANSFER,2947.0,C9963334018,3805.79,858.79,C8180620422,45.07,2992.07,0,0.04,0
194,TRANSFER,2636.92,C4956843441,2510.34,0.0,M9625656293,0.0,0.0,1,0.7766666666666666,1
141,DEBIT,1631.39,C9434946584,1906.13,274.74,M1692044390,0.0,0.0,0,0.013333333333333334,0
269,TRANSFER,5.63,C3102209245,6.41,0.78,C8706093841,2759.37,2765.0,0,0.0,0
522,PAYMENT,1.88,C9067664957,2.93,1.05,M6865994703,0.0,0.0,0,0.0,0
335,PAYMENT,1.0,C7088949191,1.68,0.68,M2115406331,0.0,0.0,0,0.0,0
176,PAYMENT,1.0,C6241752544,0.0,0.0,M9444143872,0.0,0.0,0,0.0,0
170,PAYMENT,41.99,C7699500243,85.68,43.69,M9576264323,0.0,0.0,0,0.0,0
441,TRANSFER,4016.31,C8684026200,4652.16,635.85,C5992908271,43.73,43.73,1,0.22333333333333333,0
400,DEBIT,89.25,C1586412136,348.94,259.69,M8964269909,0.0,0.0,0,0.02,0
552,PAYMENT,15212.37,C8907752604,32299.42,17087.05,M8102481401,0.0,0.0,0,0.0,0
330,TRANSFER,6.8,C1484664056,11.32,4.52,C6548442140,0.0,6.8,0,0.16,0
300,PAYMENT,183.17,C4853479481,214.98,31.81,M9021793855,0.0,0.0,0,0.0,0
683,TRANSFER,2310.39,C6877052039,3027.32,716.93,M9900829971,0.0,0.0,1,0.28,0
614,CASH_OUT,3454.82,C9516893896,3777.68,322.86,C4927019611,1.0,1.0,1,0.023333333333333334,0
579,TRANSFER,2328.35,C3878719791,3305.34,976.99,M3072183247,0.0,0.0,1,0.29,0
451,TRANSFER,1200.81,C5307145891,1287.49,86.68,C4242550727,6.75,6.75,1,0.20333333333333334,0
110,DEBIT,5.78,C1459442845,16.55,10.77,M3495411322,0.0,0.0,0,0.02,0
337,PAYMENT,77.65,C3791027186,158.85,81.2,M6041646576,0.0,0.0,0,0.0,0
128,TRANSFER,92.59,C3361388464,109.8,17.21,C6000952470,3.4,95.99,0,0.13666666666666666,0
159,TRANSFER,100155.86,C2627677155,117855.65,17699.79,C5151086814,6.59,100162.45,0,0.0,0
574,CASH_OUT,4421.32,C1940684569,4959.0,537.68,M3369412470,0.0,0.0,1,0.03,0
474,CASH_OUT,3535.42,C6115750294,4893.41,1357.99,C5837082260,2.87,2.87,0,0.02666666666666667,0
217,CASH_OUT,4383.27,C1772303297,3664.32,0.0,M6606958660,0.0,0.0,1,0.05,0
696,TRANSFER,1.0,C1116402431,0.0,0.0,C8923555411,19.27,20.27,0,0.18333333333333332,0
348,PAYMENT,842.07,C8625905455,897.57,55.5,M8218146534,0.0,0.0,0,0.0,0
156,PAYMENT,22200.21,C2591589823,32687.51,10487.3,M2555936898,0.0,0.0,0,0.0,0
680,PAYMENT,6.27,C6415031531,8.86,2.59,M2156184315,0.0,0.0,0,0.0,0
686,CASH_OUT,554.08,C8933377472,774.5,220.42,C2869999754,51.47,51.47,0,0.023333333333333334,0
302,CASH_OUT,4752.04,C4956843441,4890.29,138.25,M3369412470,0.0,0.0,1,0.01,0
566,PAYMENT,37.3,C2960432117,74.95,37.65,M1504729135,0.0,0.0,0,0.0,0
563,CASH_OUT,1.0,C2866092821,0.0,0.0,C6725038117,22.24,22.24,0,0.05,0
239,TRANSFER,5461.2,C6097953682,4925.81,0.0,M9576264323,0.0,0.0,1,0.82,1
506,PAYMENT,1.16,C8122042835,4.12,2.96,M6130446648,0.0,0.0,0,0.0,0
655,CASH_OUT,1872.03,C4040409964,1866.74,0.0,C3707166618,0.0,0.0,1,0.17,0
302,TRANSFER,1.87,C9306142066,3.08,1.21,C3343459102,1319.53,1321.4,0,0.0033333333333333335,0
221,CASH_OUT,1.0,C7183058541,0.0,0.0,C7305101214,0.0,0.0,0,0.013333333333333334,0
689,PAYMENT,14.12,C5269015757,88.53,74.41,M1199447370,0.0,0.0,0,0.0,0
650,TRANSFER,6.5,C2428156550,15.62,9.12,C6241752544,0.0,6.5,0,0.17333333333333334,0
117,PAYMENT,1.0,C8948573913,0.0,0.0,M1458227039,0.0,0.0,0,0.0,0
640,PAYMENT,24.07,C8309221034,46.62,22.55,M3438830691,0.0,0.0,0,0.0,0
623,CASH_OUT,421.29,C6995554056,391.26,0.0,M9625656293,0.0,0.0,1,0.08333333333333333,0
32,CASH_OUT,423.6,C9218363978,469.55,45.95,C9919491730,7.44,7.44,1,0.0033333333333333335,0
126,CASH_OUT,317.1,C7575259637,406.32,89.22,C2486744752,79.28,79.28,0,0.0,0
511,PAYMENT,8.82,C8380312396,9.95,1.13,M9773795424,0.0,0.0,0,0.0,0
172,CASH_OUT,577.74,C3363629219,659.32,81.58,C5877639950,1.31,1.31,1,0.0033333333333333335,0
605,CASH_OUT,59.02,C7004510516,264.75,205.73,C9471306442,0.0,0.0,0,0.02666666666666667,0
526,PAYMENT,1.0,C2525930586,0.0,0.0,M1199447370,0.0,0.0,0,0.0,0
441,CASH_OUT,706.81,C6425814872,620.16,0.0,M8325043570,0.0,0.0,1,0.22666666666666666,0
61,TRANSFER,9.68,C5183211669,36.71,27.03,C7590302909,0.0,9.68,0,0.16,0
571,TRANSFER,11847.13,C1233079614,47429.44,35582.31,C1194576436,38.66,11885.79,0,0.0033333333333333335,0
444,CASH_OUT,1.0,C6773938304,0.0,0.0,C3933213766,9.62,9.62,0,0.08666666666666667,0
45,CASH_OUT,978.37,C1251837136,866.04,0.0,C3791027186,81.2,81.2,1,0.05,0
653,PAYMENT,236.95,C3975418439,636.23,399.28,M3566125120,0.0,0.0,0,0.0,0
156,CASH_OUT,826.88,C8322868827,923.26,96.38,C4719780110,134.78,134.78,1,0.0,0
345,CASH_OUT,1.0,C9860949331,0.0,0.0,C4332894265,196.51,196.51,0,0.016666666666666666,0
64,CASH_OUT,13354.98,C8001729836,50838.27,37483.29,C8507497883,0.0,0.0,0,0.0,0
511,CASH_OUT,218.71,C7852415525,275.91,57.2,M1711271599,0.0,0.0,1,0.03666666666666667,0
551,PAYMENT,224.08,C8902114913,1009.62,785.54,M7861571879,0.0,0.0,0,0.0,0
54,DEBIT,2510.36,C7551874474,3218.38,708.02,M2869931869,0.0,0.0,0,0.013333333333333334,0
408,TRANSFER,2705.15,C3664052763,3589.47,884.32,C7311011808,338.57,338.57,1,0.04666666666666667,0
521,CASH_OUT,1.0,C8868054898,0.0,0.0,C3420721027,10702.44,10702.44,0,0.02,0
173,CASH_OUT,1.0,C5268845844,0.0,0.0,C8588769565,108.82,108.82,0,0.0,0
60,TRANSFER,4535.8,C6986770879,4104.83,0.0,C3906611156,6.94,6.94,1,0.7233333333333334,1
351,TRANSFER,2.06,C2351531223,5.34,3.28,C2308638549,666.83,668.89,0,0.006666666666666667,0
255,TRANSFER,49641.16,C6496596008,49152.44,0.0,C7161887665,8.08,8.08,1,0.73,1
661,PAYMENT,1.0,C1660370908,0.0,0.0,M4125758723,0.0,0.0,0,0.0,0
651,TRANSFER,1.0,C3645901955,0.0,0.0,C9953716239,0.0,1.0,0,0.23,0
666,PAYMENT,7.36,C2149938334,20.88,13.52,M3960136787,0.0,0.0,0,0.0,0
121,CASH_OUT,1.0,C5010075517,0.0,0.0,C3245108207,113.7,113.7,0,0.0,0
179,PAYMENT,738.97,C4500557310,1162.66,423.69,M4952177946,0.0,0.0,0,0.0,0
615,PAYMENT,5.02,C8375996697,8.71,3.69,M9752092528,0.0,0.0,0,0.0,0
98,CASH_OUT,186.62,C8012696455,993.99,807.37,C8684942020,106.74,106.74,0,0.0033333333333333335,0
196,DEBIT,1.0,C7517938612,0.62,0.0,M2773408660,0.0,0.0,0,0.03,0
37,PAYMENT,22.72,C7027529118,38.34,15.62,M3355504998,0.0,0.0,0,0.0,0
378,PAYMENT,1.0,C2510308881,0.0,0.0,M3595066420,0.0,0.0,0,0.0,0
251,PAYMENT,115.47,C6844582171,142.42,26.95,M3566125120,0.0,0.0,0,0.0,0
212,DEBIT,22.57,C6754503097,46.73,24.16,M7343954769,0.0,0.0,0,0.016666666666666666,0
648,PAYMENT,2155.63,C8737025391,2189.87,34.24,M9523139706,0.0,0.0,0,0.0,0
473,PAYMENT,4.59,C5800633419,11.33,6.74,M4820942294,0.0,0.0,0,0.0,0
554,CASH_IN,18570.54,C1127978094,50.0,18620.54,C5072538783,0.0,0.0,0,0.0,0
614,CASH_OUT,425.7,C1529290976,523.04,97.34,C6562434335,0.0,0.0,1,0.03666666666666667,0
380,DEBIT,1.0,C1439921366,0.69,0.0,M6846530109,0.0,0.0,0,0.04,0
352,PAYMENT,10419.2,C3965572185,18380.69,7961.49,M1466305100,0.0,0.0,0,0.0,0
556,PAYMENT,1.0,C9924456994,0.0,0.0,M7050091525,0.0,0.0,0,0.0,0
262,CASH_OUT,4843.13,C4641561499,4435.28,0.0,C1248704157,0.0,0.0,1,0.08,0
180,DEBIT,1.0,C3464975279,0.0,0.0,M7340036327,0.0,0.0,0,0.03,0
90,CASH_OUT,3517.84,C6110943464,4912.64,1394.8,M6284297249,0.0,0.0,1,0.0,0
566,DEBIT,1.0,C4268713302,0.0,0.0,M4952177946,0.0,0.0,0,0.04666666666666667,0
413,TRANSFER,142.23,C3978287288,156.32,14.09,M9255306810,0.0,0.0,1,0.15333333333333332,0
528,TRANSFER,1.0,C6311894154,0.0,0.0,C1375899416,0.0,1.0,0,0.22333333333333333,0
307,PAYMENT,1.0,C4997866845,0.0,0.0,M9776500600,0.0,0.0,0,0.0,0
128,CASH_IN,20412.77,C5607762160,67331.47,87744.24,C6649827836,736.12,736.12,0,0.0,0
9,TRANSFER,3900.91,C1306702926,3534.2,0.0,C8761469117,12.22,12.22,1,0.6233333333333333,1
3,CASH_OUT,1.0,C2591414076,0.0,0.0,C9403748506,46.84,46.84,0,0.02,0
595,CASH_OUT,146.52,C8295757364,213.12,66.6,C2554039848,333.87,333.87,0,0.03,0
202,DEBIT,61.63,C9539945315,972.02,910.39,M3322580659,0.0,0.0,0,0.013333333333333334,0
347,PAYMENT,1.0,C6719736115,0.0,0.0,M1199447370,0.0,0.0,0,0.0,0
181,PAYMENT,146.54,C1717346250,410.32,263.78,M1083302600,0.0,0.0,0,0.0,0
366,CASH_OUT,2639.35,C4264134512,3520.88,881.53,M5067400473,0.0,0.0,1,0.01,0
611,PAYMENT,13.78,C4145461251,15.38,1.6,M9918338001,0.0,0.0,0,0.0,0
430,TRANSFER,24.41,C1276905285,45.31,20.9,C4046558332,150.56,174.97,0,0.056666666666666664,0
442,TRANSFER,6747.87,C7628981661,8080.06,1332.19,M2655546199,0.0,0.0,1,0.30333333333333334,0
674,CASH_IN,1457.2,C9579064478,1046.32,2503.52,C5515628633,0.0,0.0,0,0.0,0
167,TRANSFER,1.0,C5567816720,0.0,0.0,C2068687175,56151.96,56152.96,0,0.0,0
60,TRANSFER,78.0,C3783009621,73.12,0.0,M3705237613,0.0,0.0,1,0.24333333333333335,0
359,TRANSFER,334.43,C7146318035,534.26,199.83,C4579265601,0.0,334.43,0,0.016666666666666666,0
99,PAYMENT,1.3,C7915226263,396.82,395.52,M2885370603,0.0,0.0,0,0.0,0
669,PAYMENT,1.0,C7988845536,0.0,0.0,M3595066420,0.0,0.0,0,0.0,0
2,TRANSFER,28.13,C9155819200,45.0,16.87,C3171050399,29.57,57.7,0,0.11,0
109,PAYMENT,1.0,C6991473746,0.0,0.0,M4896576569,0.0,0.0,0,0.0033333333333333335,0
433,CASH_OUT,409.55,C8638763775,560.52,150.97,C3424843951,12509.69,12509.69,1,0.02666666666666667,0
275,CASH_IN,5398.98,C5586143660,9.36,5408.34,C1290050198,6440.02,6440.02,0,0.0,0
531,TRANSFER,642.17,C8902114913,785.54,143.37,M6583604299,0.0,0.0,1,0.18333333333333332,0
380,CASH_IN,61.57,C4765583254,0.0,61.57,C9433570024,13.98,13.98,0,0.0,0
446,TRANSFER,710.06,C1798112150,667.04,0.0,M2249831874,0.0,0.0,1,0.25666666666666665,0
542,PAYMENT,30.99,C8106906538,103.11,72.12,M2518433834,0.0,0.0,0,0.0,0
303,TRANSFER,2107.96,C3615507143,2733.09,625.13,C1613549255,450.23,450.23,1,0.0033333333333333335,0
315,CASH_OUT,1.0,C6710338189,0.0,0.0,C8527715219,4226.72,4226.72,0,0.01,0
113,TRANSFER,441.36,C2926780541,1317.29,875.93,C4268713302,0.0,441.36,0,0.01,0
9,PAYMENT,1.0,C3362657890,0.0,0.0,M1676220116,0.0,0.0,0,0.0,0
387,PAYMENT,1.0,C8274219704,0.0,0.0,M1458227039,0.0,0.0,0,0.0,0
488,TRANSFER,1155.66,C5333183840,986.33,0.0,M6790024996,0.0,0.0,1,0.42,0
263,PAYMENT,1.0,C5694628398,0.0,0.0,M7713758036,0.0,0.0,0,0.0,0
616,CASH_OUT,101.72,C3918046336,115.85,14.13,M2773408660,0.0,0.0,1,0.03666666666666667,0
605,TRANSFER,601.75,C7059726570,764.87,163.12,M5449848690,0.0,0.0,1,0.12,0
276,CASH_IN,78879.26,C8235363119,0.0,78879.26,C3783009621,0.0,0.0,0,0.0,0
418,TRANSFER,1.0,C3423086220,0.0,0.0,C5082603360,54.2,55.2,0,0.15333333333333332,0
188,PAYMENT,6391.87,C4287687478,25820.41,19428.54,M9896529524,0.0,0.0,0,0.0,0
484,CASH_OUT,3794.45,C3923823693,4195.07,400.62,M8727805468,0.0,0.0,1,0.03,0
291,PAYMENT,1.0,C8351491401,0.0,0.0,M3317856944,0.0,0.0,0,0.0,0
217,PAYMENT,2.93,C3316787198,4.58,1.65,M7570511906,0.0,0.0,0,0.0,0
165,TRANSFER,1670.77,C4655730355,2343.85,673.08,C4949801453,90.08,90.08,1,0.07333333333333333,0
220,PAYMENT,4.05,C1106456634,9.31,5.26,M6820149016,0.0,0.0,0,0.0,0
191,CASH_OUT,6761.0,C3965572185,7961.49,1200.49,C6493800024,0.0,0.0,0,0.0,0
701,PAYMENT,1159.95,C8377088167,4593.23,3433.28,M2155671697,0.0,0.0,0,0.0,0
116,CASH_OUT,163.94,C1408988968,137.13,0.0,C6311894154,0.0,0.0,1,0.013333333333333334,0
720,TRANSFER,1940.9,C3574081104,2180.13,239.23,M3566125120,0.0,0.0,1,0.2733333333333333,0
23,TRANSFER,423.92,C7608141858,496.39,72.47,C9725528903,1255.57,1255.57,1,0.01,0
632,TRANSFER,4479.81,C2075321966,3921.5,0.0,C9611537583,0.0,4479.81,1,0.38,0
437,PAYMENT,10.69,C3426709025,14.6,3.91,M7366396017,0.0,0.0,0,0.0,0
700,TRANSFER,52.37,C9327720702,51.54,0.0,M2839566253,0.0,0.0,1,0.22333333333333333,0
356,PAYMENT,28.01,C1600337712,56.49,28.48,M6866146362,0.0,0.0,0,0.0,0
702,TRANSFER,16.38,C1322401182,53.59,37.21,C3869963931,0.0,16.38,0,0.16666666666666666,0
136,TRANSFER,610.67,C1288335378,870.23,259.56,C5931025271,491.88,1102.55,1,0.0,0
206,TRANSFER,1290.41,C2416760621,2961.96,1671.55,C5067116918,4.26,1294.67,0,0.0,0
706,CASH_IN,87305.7,C4536306171,364.11,87669.81,C6272000062,3373.93,3373.93,0,0.0,0
159,PAYMENT,9.54,C5750815980,13.68,4.14,M1357561213,0.0,0.0,0,0.0,0
378,TRANSFER,180.87,C4658080160,204.83,23.96,M6894024976,0.0,0.0,1,0.15666666666666668,0
566,PAYMENT,43.49,C5911625145,72.23,28.74,M3469205576,0.0,0.0,0,0.0,0
476,PAYMENT,190.21,C4731897202,322.99,132.78,M4601406440,0.0,0.0,0,0.0,0
417,TRANSFER,58.41,C5976777081,122.48,64.07,C1421776124,31.2,89.61,0,0.11333333333333333,0
206,CASH_IN,83714.34,C1590838716,1.0,83715.34,C1639509845,0.0,0.0,0,0.0,0
366,PAYMENT,131.56,C8925520026,202.65,71.09,M9620935604,0.0,0.0,0,0.0,0
592,TRANSFER,3013.65,C5996775663,3827.63,813.98,C9410288290,0.0,0.0,1,0.30333333333333334,0
272,PAYMENT,122.53,C6726515966,183.27,60.74,M9065458220,0.0,0.0,0,0.0,0
644,PAYMENT,158.62,C2620054076,352.39,193.77,M2328736852,0.0,0.0,0,0.0,0
417,PAYMENT,1.0,C5728897164,0.0,0.0,M2121448210,0.0,0.0,0,0.0,0
539,CASH_OUT,111800.14,C1596471620,117130.39,5330.25,M8643636805,0.0,0.0,1,0.016666666666666666,0
34,PAYMENT,1.0,C2388450337,0.0,0.0,M7192742877,0.0,0.0,0,0.0,0
628,DEBIT,1.0,C1011759631,0.0,0.0,M4242579642,0.0,0.0,0,0.05333333333333334,0
144,TRANSFER,3439.7,C6797174636,4226.55,786.85,M4665677395,0.0,0.0,1,0.17,0
36,PAYMENT,1.0,C5215140451,0.0,0.0,M9021793855,0.0,0.0,0,0.0,0
292,TRANSFER,1.99,C2428156550,9.12,7.13,C6402580787,5348.97,5350.96,0,0.0,0
48,CASH_OUT,2415.86,C1065857791,2751.8,335.94,M4952177946,0.0,0.0,1,0.0,0
538,TRANSFER,7.52,C2877279755,17.94,10.42,C9484167278,397.07,404.59,0,0.07,0
562,PAYMENT,1.0,C8299146480,0.0,0.0,M8443061472,0.0,0.0,0,0.0,0
702,CASH_OUT,720.93,C2266622851,736.73,15.8,M4035639663,0.0,0.0,1,0.03,0
306,TRANSFER,4.59,C5943324387,201.41,196.82,C4605117440,0.0,4.59,0,0.08666666666666667,0
404,CASH_OUT,12222.93,C3774110439,12480.09,257.16,M6763471833,0.0,0.0,1,0.01,0
272,CASH_OUT,1.0,C1818520766,0.0,0.0,C8453283834,9.16,9.16,0,0.023333333333333334,0
285,PAYMENT,18.85,C8664882079,20.18,1.33,M7764117705,0.0,0.0,0,0.0,0
508,PAYMENT,1.0,C9035194895,1.0,0.0,M6275155878,0.0,0.0,0,0.0,0
341,DEBIT,188.07,C4042413312,306.06,117.99,M3019265031,0.0,0.0,0,0.02,0
448,CASH_OUT,1929.81,C4026113008,1951.71,21.9,M4865979921,0.0,0.0,1,0.11666666666666667,0
50,TRANSFER,1.0,C8293928340,0.0,0.0,C2095286033,149.68,150.68,0,0.04666666666666667,0
500,PAYMENT,175.01,C1993998848,362.09,187.08,M5067400473,0.0,0.0,0,0.0,0
462,CASH_OUT,1317.74,C6311894154,1769.06,451.32,M4125758723,0.0,0.0,1,0.05,0
680,TRANSFER,4408.22,C2050340486,4019.79,0.0,M4522855590,0.0,0.0,1,0.9033333333333333,1
718,DEBIT,2.55,C7505693643,5.15,2.6,M8728631945,0.0,0.0,0,0.043333333333333335,0
480,TRANSFER,1.0,C8388580360,0.0,0.0,C6894808149,1668.53,1669.53,0,0.07666666666666666,0
188,PAYMENT,4.51,C2745958114,4.88,0.37,M6865994703,0.0,0.0,0,0.0,0
471,CASH_OUT,12.97,C9503787171,16.43,3.46,C8236980551,0.0,0.0,0,0.07,0
692,PAYMENT,60.23,C8168204967,116.23,56.0,M3192202822,0.0,0.0,0,0.0,0
152,CASH_OUT,3270.86,C1667779376,5024.77,1753.91,C6418365941,0.0,0.0,0,0.0,0
37,PAYMENT,1.0,C4882343658,0.0,0.0,M8235474949,0.0,0.0,0,0.0,0
616,PAYMENT,2355.9,C9503597301,2763.02,407.12,M8858274691,0.0,0.0,0,0.0,0
385,PAYMENT,1.0,C6982610835,2.54,1.54,M1692044390,0.0,0.0,0,0.0,0
477,TRANSFER,2355.44,C6038780151,2640.67,285.23,C3464975279,0.0,0.0,1,0.30666666666666664,0
442,PAYMENT,13.73,C6161147047,60.54,46.81,M3705237613,0.0,0.0,0,0.0,0
667,CASH_OUT,2318.28,C5861829469,2901.26,582.98,C8624454880,19.4,19.4,1,0.02,0
174,TRANSFER,1.0,C3291226621,0.0,0.0,C5482431018,0.0,1.0,0,0.22333333333333333,0
217,CASH_OUT,77.35,C5182110973,84.3,6.95,C5294535887,114273.95,114273.95,0,0.006666666666666667,0
344,PAYMENT,1.0,C7603978731,0.0,0.0,M5087280062,0.0,0.0,0,0.0,0
148,PAYMENT,92.76,C2079501936,149.24,56.48,M6384311581,0.0,0.0,0,0.0,0
96,TRANSFER,12771.23,C8203447752,19087.39,6316.16,C4949801453,90.08,12861.31,0,0.0,0
40,TRANSFER,1351.45,C3958590550,1389.52,38.07,M5270048042,0.0,0.0,1,0.20666666666666667,0
314,PAYMENT,91.44,C1039887139,123.63,32.19,M8964269909,0.0,0.0,0,0.0,0
233,PAYMENT,6.66,C1195066088,8.34,1.68,M7664045502,0.0,0.0,0,0.0,0
716,PAYMENT,1.0,C9526836552,0.0,0.0,M6361225622,0.0,0.0,0,0.0,0
679,DEBIT,1.0,C1439921366,0.0,0.0,M4689605624,0.0,0.0,0,0.05,0
286,CASH_OUT,210.19,C5508149905,184.03,0.0,M9900829971,0.0,0.0,1,0.056666666666666664,0
408,TRANSFER,57660.64,C8372755146,61007.15,3346.51,C5071218314,75.41,57736.05,0,0.0,0
543,CASH_OUT,3009.38,C5151887478,4206.15,1196.77,C3758823240,1549.58,1549.58,1,0.013333333333333334,0
210,TRANSFER,127921.89,C2970753705,115619.7,0.0,M8389750357,0.0,0.0,1,0.9766666666666667,1
505,TRANSFER,703.08,C5667181604,650.93,0.0,M3369412470,0.0,0.0,1,0.26,0
591,PAYMENT,86.62,C9463197203,101.09,14.47,M4522855590,0.0,0.0,0,0.0,0
638,TRANSFER,660.71,C4472312361,2242.7,1581.99,C5736462531,49.54,710.25,0,0.07666666666666666,0
227,CASH_IN,549.27,C6633778586,41.28,590.55,C6585609060,309.19,309.19,0,0.0,0
431,CASH_OUT,692.3,C6725038117,609.15,0.0,M6651020291,0.0,0.0,1,0.21666666666666667,0
578,PAYMENT,1.0,C6178804925,0.0,0.0,M4952177946,0.0,0.0,0,0.0,0
524,CASH_OUT,91.65,C4274374218,86.32,0.0,C2818381356,0.0,0.0,1,0.07,0
303,CASH_IN,12325.68,C3849232839,915.97,13241.65,C9136780852,9.78,9.78,0,0.0,0
186,PAYMENT,1.0,C1572827654,1.6,0.6,M7678293431,0.0,0.0,0,0.0,0
347,PAYMENT,95.22,C7561728644,134.86,39.64,M5564953924,0.0,0.0,0,0.0,0
509,CASH_OUT,1182.49,C3528924461,995.06,0.0,C4163119785,52474.38,52474.38,1,0.19,0
350,TRANSFER,658.12,C6562434335,844.75,186.63,M3566125120,0.0,0.0,1,0.1,0
177,PAYMENT,1.0,C4660390742,1.0,0.0,M6199197408,0.0,0.0,0,0.0,0
543,TRANSFER,2580.42,C1158998032,2662.91,82.49,M2604788242,0.0,0.0,1,0.4866666666666667,0
428,TRANSFER,1306.83,C6317889312,1588.68,281.85,M4820942294,0.0,0.0,1,0.17333333333333334,0
281,PAYMENT,1.86,C4256292393,4.68,2.82,M9576264323,0.0,0.0,0,0.0,0
450,CASH_OUT,14348.75,C5686850445,19491.29,5142.54,C5306459450,106.22,106.22,1,0.02,0
444,TRANSFER,11.89,C8923555411,20.27,8.38,C9677466102,0.0,11.89,0,0.16333333333333333,0
333,CASH_IN,9013.56,C3434757387,3849.13,12862.69,C4022245086,0.53,0.53,0,0.0,0
108,CASH_OUT,1.0,C4262396395,0.0,0.0,C7981077394,52.73,52.73,0,0.0,0
370,CASH_OUT,2763.25,C3674551397,5225.7,2462.45,C1045302356,0.0,0.0,0,0.01,0
644,PAYMENT,1.0,C7750819485,0.0,0.0,M6866146362,0.0,0.0,0,0.0,0
382,PAYMENT,428.01,C8584566722,1271.66,843.65,M7969674420,0.0,0.0,0,0.0,0
710,TRANSFER,13.06,C9248046539,18.94,5.88,C4645120421,149.24,162.3,0,0.07,0
552,PAYMENT,1.0,C5868640848,0.0,0.0,M2129491690,0.0,0.0,0,0.0,0
335,TRANSFER,4015.31,C9410288290,4598.71,583.4,M2625035499,0.0,0.0,1,0.21,0
197,TRANSFER,38.31,C3923699745,72.09,33.78,C6491309593,0.0,38.31,0,0.16,0
516,TRANSFER,10.82,C6963052185,11.64,0.82,C5638860656,0.0,10.82,0,0.19666666666666666,0
155,TRANSFER,11998.77,C9420979586,46000.93,34002.16,C5829062179,5.91,12004.68,0,0.0,0
116,CASH_OUT,4.21,C9086117171,5.62,1.41,C5539308214,58.88,58.88,0,0.0,0
518,CASH_OUT,3798.88,C5569295400,4425.54,626.66,C9987064419,1106.75,1106.75,1,0.016666666666666666,0
373,TRANSFER,267.28,C4579265601,334.43,67.15,C4566852761,0.0,267.28,0,0.02666666666666667,0
568,TRANSFER,190.15,C8418332121,720.88,530.73,C9592390865,5.15,195.3,0,0.06333333333333334,0
384,PAYMENT,1.0,C9697414638,0.0,0.0,M6401844042,0.0,0.0,0,0.0,0
86,PAYMENT,722.7,C6929897032,1107.22,384.52,M2839566253,0.0,0.0,0,0.0,0
418,CASH_OUT,4761.32,C3887823121,4431.25,0.0,C1051354601,1.3,1.3,1,0.3233333333333333,0
388,CASH_OUT,8.9,C7552812957,30.36,21.46,C3791815554,84.14,84.14,0,0.006666666666666667,0
147,PAYMENT,277.66,C4239406957,1247.42,969.76,M2115406331,0.0,0.0,0,0.0,0
122,PAYMENT,1.22,C2854772804,2.99,1.77,M3119908041,0.0,0.0,0,0.0,0
288,TRANSFER,1917.25,C1654602021,2106.19,188.94,M1802753761,0.0,0.0,1,0.18,0
163,PAYMENT,14.79,C2670036982,63.07,48.28,M7512767226,0.0,0.0,0,0.0,0
160,TRANSFER,1.85,C2617999521,3.55,1.7,C7872873371,119.02,120.87,0,0.04,0
263,CASH_OUT,230.95,C2620054076,193.77,0.0,C9650701349,0.0,0.0,1,0.03666666666666667,0
547,CASH_OUT,794.13,C4882343658,787.14,0.0,C4274374218,0.0,0.0,1,0.27,0
399,PAYMENT,1.0,C5115980792,0.0,0.0,M7702529931,0.0,0.0,0,0.0,0
114,CASH_OUT,13189.75,C6792661894,19402.91,6213.16,C4070964768,48798.51,48798.51,0,0.0,0
115,TRANSFER,1.0,C5903457537,0.0,0.0,C1664885408,190.24,191.24,0,0.04666666666666667,0
8,CASH_OUT,2369.43,C6884333221,3152.42,782.99,C4632522232,1625.06,1625.06,0,0.0,0
477,CASH_OUT,1.0,C2870403050,0.0,0.0,C4070964768,48798.51,48798.51,0,0.08333333333333333,0
492,PAYMENT,1.0,C5633956194,0.0,0.0,M7678293431,0.0,0.0,0,0.0,0
264,PAYMENT,25.34,C4201225242,107.34,82.0,M3960136787,0.0,0.0,0,0.0,0
5,TRANSFER,3538.07,C7784217828,3300.98,0.0,C8076527214,0.0,0.0,1,0.7666666666666667,1
414,TRANSFER,565.21,C6875597607,1878.67,1313.46,C4564751926,33.19,598.4,0,0.043333333333333335,0
287,CASH_OUT,25.5,C7852415525,57.2,31.7,C7958672456,4378.78,4378.78,0,0.0033333333333333335,0
643,TRANSFER,953.59,C7088451458,1318.37,364.78,M5564953924,0.0,0.0,1,0.15666666666666668,0
282,TRANSFER,971.27,C6875597607,1313.46,342.19,M7702529931,0.0,0.0,1,0.11333333333333333,0
430,TRANSFER,6921.42,C8995970241,8009.32,1087.9,C6548442140,6.8,6928.22,0,0.03333333333333333,0
194,PAYMENT,6.17,C3260842187,15.3,9.13,M4399143287,0.0,0.0,0,0.0,0
665,TRANSFER,1.0,C7660813178,1.0,0.0,C2087974350,3541.0,3542.0,0,0.05333333333333334,0
682,TRANSFER,4045.38,C9581991473,4959.33,913.95,C3369305560,2.23,2.23,1,0.30666666666666664,0
154,PAYMENT,1.0,C7517938612,0.0,0.0,M1811839103,0.0,0.0,0,0.0,0
559,PAYMENT,1.0,C9904586976,0.0,0.0,M8058679999,0.0,0.0,0,0.0,0
26,PAYMENT,3.29,C9663561486,4.73,1.44,M6865994703,0.0,0.0,0,0.0,0
86,PAYMENT,1.0,C9645619869,0.0,0.0,M9410569618,0.0,0.0,0,0.0,0
458,CASH_OUT,1.0,C6265016831,0.0,0.0,C9462806178,39.08,39.08,0,0.08333333333333333,0
243,PAYMENT,1.0,C8033062794,0.0,0.0,M9098037639,0.0,0.0,0,0.0,0
305,PAYMENT,1008.7,C4693510920,10228.46,9219.76,M9921025990,0.0,0.0,0,0.0,0
46,PAYMENT,11420.6,C6317152031,103908.97,92488.37,M3580582653,0.0,0.0,0,0.0,0
232,PAYMENT,194.41,C8387664437,260.9,66.49,M6515490818,0.0,0.0,0,0.0,0
229,TRANSFER,306.88,C4714465905,379.02,72.14,C1526723719,545.62,545.62,1,0.006666666666666667,0
473,TRANSFER,2648.18,C7371573279,3218.17,569.99,M9558906999,0.0,0.0,1,0.27,0
594,TRANSFER,3344.27,C7098134112,4226.09,881.82,C9618334441,0.0,3344.27,1,0.04666666666666667,0
238,CASH_IN,255.37,C7648059419,69.16,324.53,C3108307952,0.0,0.0,0,0.0,0
151,TRANSFER,1.0,C2963288053,0.0,0.0,C9639245200,460.45,461.45,0,0.01,0
489,TRANSFER,651.36,C6633778586,590.55,0.0,M6583604299,0.0,0.0,1,0.26666666666666666,0
314,PAYMENT,10.16,C8184602688,26.95,16.79,M9068916300,0.0,0.0,0,0.0,0
580,TRANSFER,99.74,C6645808194,260.89,161.15,C1659663750,94.81,194.55,0,0.06,0
659,TRANSFER,1.47,C1439427140,3.65,2.18,C1084790270,158.95,160.42,0,0.09333333333333334,0
169,CASH_OUT,108.18,C4095476665,107.4,0.0,M3660800029,0.0,0.0,1,0.023333333333333334,0
297,TRANSFER,60.89,C7981077394,52.73,0.0,C9303765140,0.0,0.0,1,0.23,0
334,CASH_OUT,3415.78,C2721355673,4322.11,906.33,M4242579642,0.0,0.0,1,0.01,0
72,PAYMENT,1.0,C4034047118,0.0,0.0,M3534186676,0.0,0.0,0,0.0,0
96,CASH_IN,139630.05,C5686850445,5142.54,144772.59,C5269728610,34.25,34.25,0,0.0,0
31,TRANSFER,629.14,C6131005449,555.13,0.0,C9730449971,0.0,0.0,1,0.2866666666666667,0
244,CASH_OUT,11090.3,C1551395583,48846.68,37756.38,C2687477596,94.41,94.41,0,0.0,0
385,TRANSFER,1.0,C3612617557,0.06,0.0,C1589582865,1654.07,1655.07,0,0.006666666666666667,0
543,TRANSFER,5.86,C1553753599,10.82,4.96,C3147818256,130184.04,130189.9,0,0.0,0
355,CASH_OUT,15236.15,C3434757387,12862.69,0.0,C5693307665,3817.45,3817.45,1,0.13,0
651,CASH_OUT,1.0,C2586568081,0.0,0.0,C3952295757,0.0,0.0,0,0.056666666666666664,0
52,TRANSFER,403.4,C7103588071,445.09,41.69,C2780136605,51.16,454.56,1,0.01,0
596,TRANSFER,8947.58,C2962750929,9549.16,601.58,C5903457537,0.0,8947.58,0,0.02666666666666667,0
472,TRANSFER,1.0,C3891796055,0.0,0.0,C5141593270,0.0,1.0,0,0.22,0
684,CASH_OUT,1.0,C6572436051,0.64,0.0,C3377702111,83889.39,83889.39,0,0.0033333333333333335,0
252,TRANSFER,610.35,C2801177461,1014.85,404.5,C8506931282,0.0,610.35,0,0.0,0
134,CASH_OUT,1.0,C3304560537,0.0,0.0,C2428156550,7.13,7.13,0,0.0033333333333333335,0
412,PAYMENT,1.0,C7517938612,0.0,0.0,M1240140248,0.0,0.0,0,0.0,0
449,PAYMENT,13.72,C2811967841,67.92,54.2,M1442421654,0.0,0.0,0,0.0,0
121,TRANSFER,1.0,C2407863065,1.65,0.65,C5058691146,61135.21,61136.21,0,0.0,0
343,PAYMENT,16.9,C1558631501,19.6,2.7,M5937271321,0.0,0.0,0,0.0,0
718,CASH_IN,4795.19,C9274189261,91.59,4886.78,C7499349987,0.0,0.0,0,0.0,0
617,PAYMENT,1.0,C9471306442,0.0,0.0,M1257854279,0.0,0.0,0,0.0,0
72,PAYMENT,17148.49,C6656646925,108388.75,91240.26,M2916502228,0.0,0.0,0,0.0,0
62,PAYMENT,2.47,C6069848439,5.51,3.04,M3072183247,0.0,0.0,0,0.0,0
184,PAYMENT,1.0,C4302709858,0.0,0.0,M3297681898,0.0,0.0,0,0.0,0
51,CASH_OUT,3903.66,C7517938612,4589.65,685.99,C4180599722,93.27,93.27,1,0.0,0
707,CASH_IN,63099.89,C4919706735,0.0,63099.89,C3906611156,6.94,6.94,0,0.0,0
138,CASH_OUT,9774.3,C9229469952,30145.52,20371.22,C1471997674,10.56,10.56,0,0.0,0
210,TRANSFER,176.36,C6591038760,223.36,47.0,M2839566253,0.0,0.0,1,0.16,0
296,PAYMENT,13.48,C7406579219,66.13,52.65,M7230477043,0.0,0.0,0,0.0,0
128,CASH_OUT,1341.09,C4633987776,1583.79,242.7,C6910112521,213.42,213.42,0,0.0,0
90,PAYMENT,1.0,C7079234115,0.0,0.0,M1908459040,0.0,0.0,0,0.0,0
613,TRANSFER,264.44,C3828935922,311.67,47.23,M8083396378,0.0,0.0,1,0.17333333333333334,0
395,TRANSFER,189.31,C7648059419,324.53,135.22,C7603978731,0.0,189.31,0,0.04666666666666667,0
180,TRANSFER,106.13,C2687477596,94.41,0.0,M1122712790,0.0,0.0,1,0.23333333333333334,0
10,TRANSFER,3347.86,C6623360831,4115.79,767.93,M3831598303,0.0,0.0,1,0.17,0
628,PAYMENT,52.66,C8295757364,66.6,13.94,M4601406440,0.0,0.0,0,0.0,0
135,CASH_OUT,1.0,C2540492440,1.19,0.19,C3392080953,0.61,0.61,0,0.0033333333333333335,0
690,PAYMENT,1.0,C7215110267,0.0,0.0,M4242579642,0.0,0.0,0,0.0,0
81,TRANSFER,1.0,C8208643631,0.0,0.0,C6587537178,0.0,1.0,0,0.23333333333333334,0
114,DEBIT,109.01,C1099541460,125.75,16.74,M6011842297,0.0,0.0,0,0.023333333333333334,0
538,TRANSFER,12.88,C3420671425,63.67,50.79,C8093179263,199.48,212.36,0,0.07666666666666666,0
334,TRANSFER,53871.73,C8366884200,55245.61,1373.88,M1257854279,0.0,0.0,1,0.22333333333333333,0
176,PAYMENT,6870.99,C9943959352,6964.57,93.58,M9620935604,0.0,0.0,0,0.0,0
292,TRANSFER,1.0,C1245522987,0.0,0.0,C8953726023,0.73,1.73,0,0.22666666666666666,0
180,CASH_OUT,239.54,C9318010743,262.27,22.73,C1110724913,13249.02,13249.02,0,0.0033333333333333335,0
327,CASH_OUT,39.44,C7573442717,126.54,87.1,C6443749394,36.76,36.76,0,0.006666666666666667,0
179,TRANSFER,113.36,C1131671246,157.21,43.85,M8389750357,0.0,0.0,1,0.15666666666666668,0
500,CASH_OUT,1.0,C7839819230,0.0,0.0,C1470939445,0.0,0.0,0,0.06,0
699,TRANSFER,24.65,C5569145346,39.19,14.54,C4178659381,0.0,24.65,0,0.16666666666666666,0
277,CASH_OUT,1085.27,C4419410162,1270.3,185.03,M7351460539,0.0,0.0,1,0.0033333333333333335,0
691,CASH_OUT,2293.53,C1855256552,2274.43,0.0,M6401844042,0.0,0.0,1,0.18,0
412,TRANSFER,15.0,C8380507338,16.93,1.93,C2439622619,2.33,17.33,0,0.16,0
324,CASH_OUT,1.0,C5751366455,0.0,0.0,C8719734235,6234.66,6234.66,0,0.01,0
690,CASH_OUT,115.3,C2174793230,135.9,20.6,C4668931881,0.0,0.0,1,0.03,0
71,PAYMENT,4693.61,C8477300991,79313.55,74619.94,M8138332494,0.0,0.0,0,0.0,0
436,PAYMENT,1.0,C9856756553,0.0,0.0,M2155671697,0.0,0.0,0,0.0,0
180,PAYMENT,1.0,C7079234115,0.0,0.0,M4456193555,0.0,0.0,0,0.0,0
204,PAYMENT,6.78,C4181102664,17.13,10.35,M7537130187,0.0,0.0,0,0.0,0
376,CASH_OUT,432.24,C7660813178,485.07,52.83,C2428156550,7.13,7.13,1,0.02666666666666667,0
432,PAYMENT,13.45,C4022360089,33.64,20.19,M1647181551,0.0,0.0,0,0.0,0
219,TRANSFER,168.21,C1293864877,157.66,0.0,M8063693463,0.0,0.0,1,0.23666666666666666,0
393,TRANSFER,2624.79,C9730449971,2965.05,340.26,M8646369354,0.0,0.0,1,0.18333333333333332,0
32,TRANSFER,98.62,C7638836058,144.43,45.81,C6887132821,0.0,98.62,0,0.15666666666666668,0
325,TRANSFER,740.79,C7098134112,881.82,141.03,C8826851692,74659.21,75400.0,0,0.0,0
520,PAYMENT,2.98,C4067213499,7.59,4.61,M3322580659,0.0,0.0,0,0.0,0
95,CASH_OUT,1268.13,C8468071953,1091.43,0.0,M6361225622,0.0,0.0,1,0.04666666666666667,0
551,CASH_IN,100.6,C9218363978,45.95,146.55,C5334769475,351.73,351.73,0,0.006666666666666667,0
271,PAYMENT,5.03,C8313706299,6.56,1.53,M2187592160,0.0,0.0,0,0.0,0
118,PAYMENT,1.0,C1173215225,0.0,0.0,M8643636805,0.0,0.0,0,0.0,0
443,CASH_IN,35042.69,C5334769475,351.73,35394.42,C4040409964,0.0,0.0,0,0.0,0
278,PAYMENT,1.0,C6655089949,0.0,0.0,M4306983924,0.0,0.0,0,0.0,0
113,PAYMENT,1.0,C1251837136,0.0,0.0,M4892544235,0.0,0.0,0,0.0,0
383,PAYMENT,3963.49,C8487449580,48363.14,44399.65,M1802753761,0.0,0.0,0,0.0,0
614,DEBIT,44.47,C9343730920,50.83,6.36,M2115862756,0.0,0.0,0,0.03,0
680,TRANSFER,1.0,C3128675098,0.0,0.0,C2311597141,850.99,851.99,0,0.07333333333333333,0
159,PAYMENT,185.77,C9751963589,794.61,608.84,M2249831874,0.0,0.0,0,0.0,0
93,CASH_OUT,20112.11,C9420979586,34002.16,13890.05,C4564751926,598.4,598.4,0,0.0,0
537,TRANSFER,1.53,C2854772804,1.77,0.24,C2753617371,768.92,770.45,0,0.08,0
386,TRANSFER,72.87,C2780016559,313.78,240.91,C5269728610,34.25,107.12,0,0.043333333333333335,0
48,CASH_OUT,3285.88,C9455610447,3518.59,232.71,C7292376027,0.0,0.0,1,0.0,0
649,CASH_OUT,3750.07,C5879617459,3195.82,0.0,C3206955437,27.81,27.81,1,0.18666666666666668,0
681,TRANSFER,274.52,C4566852761,267.28,0.0,M5156392601,0.0,0.0,1,0.23,0
104,CASH_OUT,3095.6,C1242425303,3422.38,326.78,M9441870024,0.0,0.0,1,0.0,0
660,TRANSFER,107.0,C8370987661,128.08,21.08,C2389803385,229.83,336.83,0,0.07333333333333333,0
320,PAYMENT,1.85,C2073108894,5.25,3.4,M7192742877,0.0,0.0,0,0.0,0
554,PAYMENT,33.06,C9660523876,53.9,20.84,M1908459040,0.0,0.0,0,0.0,0
357,TRANSFER,20608.57,C6320115677,22584.97,1976.4,M3476758136,0.0,0.0,1,0.25,0
68,TRANSFER,112.52,C7150970643,94.81,0.0,M7969674420,0.0,0.0,1,0.24333333333333335,0
135,PAYMENT,37.46,C6554972315,89.41,51.95,M5325865521,0.0,0.0,0,0.0,0
355,PAYMENT,117.14,C8239941612,237.22,120.08,M1888107487,0.0,0.0,0,0.0,0
544,PAYMENT,1.0,C3952295757,0.0,0.0,M3208200227,0.0,0.0,0,0.0,0
613,CASH_IN,47927.35,C9592390865,195.3,48122.65,C3806215682,34.07,34.07,0,0.0,0
266,PAYMENT,22.02,C7174772035,6466.6,6444.58,M7514017540,0.0,0.0,0,0.0,0
562,CASH_OUT,3031.35,C1955345537,2813.02,0.0,M8858274691,0.0,0.0,1,0.19,0
477,PAYMENT,631.32,C5931025271,1102.55,471.23,M8325043570,0.0,0.0,0,0.0,0
719,CASH_OUT,155.29,C5957341287,170.69,15.4,M9631695368,0.0,0.0,1,0.04,0
58,TRANSFER,6.97,C7010379415,30.31,23.34,C4277422858,563.06,570.03,0,0.01,0
13,PAYMENT,215.77,C7321180787,449.03,233.26,M3960136787,0.0,0.0,0,0.0,0
304,PAYMENT,1.0,C1939777262,0.0,0.0,M1888107487,0.0,0.0,0,0.0,0
244,PAYMENT,1.0,C3952295757,0.0,0.0,M1466305100,0.0,0.0,0,0.0,0
240,TRANSFER,2063.81,C7894019119,1955.89,0.0,M5000316394,0.0,0.0,1,0.6033333333333334,1
58,CASH_OUT,99.4,C3190227431,192.99,93.59,C5638860656,10.82,10.82,0,0.0033333333333333335,0
490,CASH_OUT,1872.36,C7576309274,1830.82,0.0,M6763471833,0.0,0.0,1,0.26666666666666666,0
172,CASH_OUT,223.6,C6038780151,285.23,61.63,C5667503195,0.0,0.0,0,0.0,0
564,DEBIT,1.8,C9547119184,2.13,0.33,M8903212516,0.0,0.0,0,0.043333333333333335,0
86,TRANSFER,912.9,C5283911723,1211.15,298.25,C2627677155,17699.79,17699.79,1,0.0,0
513,PAYMENT,14.85,C6491309593,38.31,23.46,M6401844042,0.0,0.0,0,0.0,0
486,CASH_OUT,1.0,C4455798713,0.0,0.0,C7462972995,0.0,0.0,0,0.07666666666666666,0
399,PAYMENT,1.0,C4455798713,0.0,0.0,M1676220116,0.0,0.0,0,0.0,0
13,CASH_IN,16821.77,C2343100352,0.0,16821.77,C7832220535,314.94,314.94,0,0.0,0
513,TRANSFER,63.06,C5539308214,58.88,0.0,M6247463262,0.0,0.0,1,0.22666666666666666,0
295,PAYMENT,8.27,C2802141793,9.08,0.81,M6786043791,0.0,0.0,0,0.0,0
668,PAYMENT,353.82,C6952554500,446.42,92.6,M2121448210,0.0,0.0,0,0.0,0
572,TRANSFER,3471.79,C3698305085,4695.64,1223.85,M3476758136,0.0,0.0,1,0.31333333333333335,0
90,CASH_OUT,1.0,C2289624427,0.0,0.0,C2311597141,851.99,851.99,0,0.013333333333333334,0
98,TRANSFER,1889.98,C9981691030,2910.84,1020.86,C2812140441,129.03,2019.01,0,0.0033333333333333335,0
104,CASH_IN,141711.87,C8706093841,2765.0,144476.87,C3304560537,0.0,0.0,0,0.0,0
564,CASH_OUT,321.14,C6097953682,380.94,59.8,M4158643786,0.0,0.0,1,0.03666666666666667,0
249,PAYMENT,38.9,C7185179917,88.94,50.04,M7570511906,0.0,0.0,0,0.0,0
221,CASH_OUT,530.3,C3343459102,1321.4,791.1,C3420721027,10702.44,10702.44,0,0.0033333333333333335,0
240,CASH_OUT,7.67,C8982597239,29.48,21.81,C8588769565,108.82,108.82,0,0.0,0
180,TRANSFER,1.0,C3951331472,0.0,0.0,C6353758928,459.81,460.81,0,0.01,0
654,PAYMENT,1.0,C5010075517,0.0,0.0,M5194066484,0.0,0.0,0,0.0,0
87,CASH_OUT,2.1,C8122042835,2.96,0.86,C8826851692,75400.0,75400.0,0,0.0033333333333333335,0
373,PAYMENT,39.75,C4062777850,85.83,46.08,M1099218439,0.0,0.0,0,0.0,0
389,CASH_OUT,18937.91,C3115806625,22110.41,3172.5,M8874242713,0.0,0.0,1,0.0,0
491,PAYMENT,1.0,C5646751885,0.0,0.0,M9523139706,0.0,0.0,0,0.0,0
600,PAYMENT,339.12,C1795212538,423.33,84.21,M6282009986,0.0,0.0,0,0.0,0
55,CASH_OUT,3761.36,C4067213499,4511.26,749.9,M1692044390,0.0,0.0,1,0.0,0
263,PAYMENT,20.2,C5184564874,24.31,4.11,M8626371177,0.0,0.0,0,0.0,0
288,PAYMENT,125.77,C8833889083,411.84,286.07,M6130446648,0.0,0.0,0,0.0,0
376,PAYMENT,1.0,C4636537575,0.0,0.0,M4952177946,0.0,0.0,0,0.0,0
12,CASH_OUT,1261.13,C1589582865,1655.07,393.94,C5694848867,1.0,1.0,0,0.0,0
121,TRANSFER,62043.8,C8695129534,72282.22,10238.42,M6932365592,0.0,0.0,1,0.23333333333333334,0
401,PAYMENT,12973.25,C4163119785,52474.38,39501.13,M2869931869,0.0,0.0,0,0.0,0
529,TRANSFER,3.05,C2994056084,5.79,2.74,C9581991473,913.95,917.0,0,0.05333333333333334,0
112,CASH_OUT,3304.03,C7763765757,3076.49,0.0,M5412437658,0.0,0.0,1,0.05,0
592,CASH_OUT,1351.91,C6231117883,1530.17,178.26,C4919706735,63099.89,63099.89,1,0.03,0
522,TRANSFER,20411.13,C1127978094,18620.54,0.0,C4668931881,0.0,0.0,1,0.9333333333333333,1
459,TRANSFER,335.48,C3426709025,431.87,96.39,M8858274691,0.0,0.0,1,0.16333333333333333,0
563,DEBIT,2.8,C5584288132,5.61,2.81,M3811254192,0.0,0.0,0,0.04,0
61,CASH_OUT,235.18,C7083067988,332.54,97.36,M3476758136,0.0,0.0,1,0.0,0
660,PAYMENT,37.49,C6464693977,44842.93,44805.44,M6692705133,0.0,0.0,0,0.0,0
93,PAYMENT,13831.51,C6204041308,21793.93,7962.42,M8325043570,0.0,0.0,0,0.0,0
383,CASH_OUT,2550.92,C9454207717,2908.28,357.36,M1999913493,0.0,0.0,1,0.01,0
236,TRANSFER,1.0,C5667181604,0.0,0.0,C3597724331,0.0,1.0,0,0.23,0
207,PAYMENT,1.0,C2699887270,1.52,0.52,M6932365592,0.0,0.0,0,0.0,0
448,PAYMENT,10.35,C1589582865,393.94,383.59,M9523139706,0.0,0.0,0,0.0,0
118,TRANSFER,1.0,C5883933127,0.0,0.0,C9919491730,7.44,8.44,0,0.19,0
206,CASH_OUT,1.0,C2965164102,0.0,0.0,C6562457052,1.65,1.65,0,0.013333333333333334,0
48,PAYMENT,1.0,C3707166618,0.0,0.0,M2156184315,0.0,0.0,0,0.0,0
686,PAYMENT,1049.51,C4990452762,5913.58,4864.07,M4158643786,0.0,0.0,0,0.0,0
550,CASH_OUT,16051.23,C2965254350,20412.53,4361.3,C7460728316,1076.14,1076.14,0,0.0033333333333333335,0
396,CASH_IN,18386.21,C2214741296,88.61,18474.82,C8982597239,21.81,21.81,0,0.0,0
213,PAYMENT,1.0,C5750815980,4.14,3.14,M2228388623,0.0,0.0,0,0.0,0
720,TRANSFER,1.0,C8901585274,0.0,0.0,C8709361138,152.0,153.0,0,0.10333333333333333,0
706,DEBIT,367.43,C6458544482,543.88,176.45,M9068916300,0.0,0.0,0,0.02666666666666667,0
320,PAYMENT,8324.81,C4277581356,10685.48,2360.67,M4865979921,0.0,0.0,0,0.0,0
281,CASH_OUT,4024.19,C7499349987,4849.52,825.33,M5714658227,0.0,0.0,1,0.006666666666666667,0
178,PAYMENT,19.22,C2394868732,28.51,9.29,M6820149016,0.0,0.0,0,0.0,0
527,CASH_OUT,993.38,C2419931729,840.93,0.0,C3597724331,1.0,1.0,1,0.24666666666666667,0
297,PAYMENT,8.26,C3933213766,9.62,1.36,M7750131975,0.0,0.0,0,0.0,0
670,TRANSFER,4800.11,C3095318649,4645.3,0.0,M5869990861,0.0,0.0,1,0.94,1
364,CASH_OUT,3782.64,C9274189261,4886.78,1104.14,C8243746556,133.37,133.37,1,0.006666666666666667,0
67,PAYMENT,1.0,C7772180882,0.0,0.0,M3846182436,0.0,0.0,0,0.0,0
82,TRANSFER,977.16,C9759180824,829.31,0.0,M5325865521,0.0,0.0,1,0.32666666666666666,0
423,TRANSFER,262.34,C9504724761,225.02,0.0,M4122901114,0.0,0.0,1,0.21333333333333335,0
112,CASH_OUT,768.85,C8531118333,696.7,0.0,M8728631945,0.0,0.0,1,0.09,0
662,TRANSFER,3763.07,C4853479481,4751.01,987.94,M2655546199,0.0,0.0,1,0.31666666666666665,0
329,PAYMENT,18.94,C5344083406,30.66,11.72,M2571632270,0.0,0.0,0,0.0,0
37,CASH_OUT,5180.59,C3772636814,19069.17,13888.58,C1546696950,340.81,340.81,0,0.0,0
526,PAYMENT,247.61,C6619138852,821.87,574.26,M8910440683,0.0,0.0,0,0.0,0
371,CASH_OUT,67.19,C1614685938,301.42,234.23,C9147736635,165303.72,165303.72,0,0.0,0
635,CASH_IN,7993.71,C5523703900,0.0,7993.71,C2350701477,145.64,145.64,0,0.0,0
279,TRANSFER,73.44,C6124453431,69.16,0.0,M3355504998,0.0,0.0,1,0.24333333333333335,0
425,PAYMENT,75.01,C1626733282,174.09,99.08,M5270048042,0.0,0.0,0,0.0,0
665,DEBIT,1.0,C1664847319,0.0,0.0,M1802753761,0.0,0.0,0,0.05333333333333334,0
538,TRANSFER,1.0,C7635473142,0.0,0.0,C1139082827,49545.08,49546.08,0,0.01,0
419,TRANSFER,63.92,C6329323383,140.54,76.62,C9579064478,2503.52,2567.44,0,0.02,0
686,CASH_OUT,4.7,C7625464411,5.69,0.99,C2379592595,11.19,11.19,0,0.03333333333333333,0
227,CASH_OUT,65068.02,C7472806994,82855.53,17787.51,C6385791669,12.7,12.7,1,0.0,0
535,PAYMENT,3196.33,C1710924824,6033.47,2837.14,M3705237613,0.0,0.0,0,0.0,0
409,CASH_OUT,2369.87,C1470939445,2952.11,582.24,M6101516825,0.0,0.0,1,0.03333333333333333,0
106,CASH_OUT,1.0,C2756070122,0.0,0.0,C7417183769,54.2,54.2,0,0.0,0
23,TRANSFER,168.45,C4735313433,233.16,64.71,M6992094064,0.0,0.0,1,0.15,0
510,PAYMENT,5.16,C6469318275,11.7,6.54,M1857561275,0.0,0.0,0,0.0,0
431,CASH_OUT,1580.37,C6115750294,1357.99,0.0,C7536876169,12532.15,12532.15,1,0.2866666666666667,0
144,CASH_OUT,1.0,C6687206971,1.19,0.19,C7534583219,112289.5,112289.5,0,0.0033333333333333335,0
554,TRANSFER,1.0,C7845366946,0.0,0.0,C9503787171,3.46,4.46,0,0.21666666666666667,0
267,PAYMENT,1.0,C5268845844,0.0,0.0,M3580582653,0.0,0.0,0,0.0,0
624,CASH_OUT,4045.06,C9645619869,3966.2,0.0,C2879792991,31.34,31.34,1,0.23333333333333334,0
258,TRANSFER,347.55,C2389803385,336.83,0.0,C4750707607,0.0,347.55,1,0.056666666666666664,0
422,TRANSFER,1.0,C1439921366,0.0,0.0,C4440904834,5.45,6.45,0,0.17666666666666667,0
23,PAYMENT,2.46,C3360791536,5.58,3.12,M2136107759,0.0,0.0,0,0.0,0
92,PAYMENT,1.0,C2620054076,0.0,0.0,M3145756342,0.0,0.0,0,0.0,0
143,CASH_OUT,2514.96,C4524233168,2178.17,0.0,M8443061472,0.0,0.0,1,0.06,0
463,CASH_OUT,26.33,C7083067988,97.36,71.03,C9370133032,762.09,762.09,0,0.05333333333333334,0
419,PAYMENT,3694.45,C2067970820,5219.15,1524.7,M1666898313,0.0,0.0,0,0.0,0
76,DEBIT,1.0,C5125568431,0.0,0.0,M5315720088,0.0,0.0,0,0.03,0
149,CASH_OUT,2306.67,C3725152347,3161.09,854.42,M6786043791,0.0,0.0,1,0.0,0
453,PAYMENT,1.0,C1439921366,0.0,0.0,M4390543744,0.0,0.0,0,0.0,0
353,PAYMENT,2.66,C4642197907,3.88,1.22,M1466305100,0.0,0.0,0,0.0,0
305,TRANSFER,66250.45,C4470591645,63520.2,0.0,M4588312351,0.0,0.0,1,0.83,1
320,DEBIT,1.91,C1513003815,4.95,3.04,M7969674420,0.0,0.0,0,0.03333333333333333,0
138,TRANSFER,4728.21,C7635473142,4930.16,201.95,C6732648420,146.38,146.38,1,0.02666666666666667,0
190,TRANSFER,22.89,C1885113834,25.16,2.27,C6745958212,434.71,457.6,0,0.006666666666666667,0
244,TRANSFER,838.56,C3328710672,1049.26,210.7,C8039917766,0.0,838.56,1,0.0,0
355,PAYMENT,6.25,C6588316233,8.02,1.77,M7341757401,0.0,0.0,0,0.0,0
496,PAYMENT,13.55,C1741134891,20.55,7.0,M3313346852,0.0,0.0,0,0.0,0
476,CASH_OUT,1.0,C8236361108,1.54,0.54,C3965572185,1200.49,1200.49,0,0.08,0
285,TRANSFER,75.36,C2431779064,329.2,253.84,C2075413763,0.0,75.36,0,0.08666666666666667,0
526,PAYMENT,57.9,C7369118672,158.6,100.7,M1413599241,0.0,0.0,0,0.0,0
406,PAYMENT,35.05,C8940731272,61.92,26.87,M1857561275,0.0,0.0,0,0.0,0
130,TRANSFER,1135.75,C1207916194,1027.93,0.0,M8790289305,0.0,0.0,1,0.28,0
72,DEBIT,594.45,C6613888489,945.21,350.76,M7340036327,0.0,0.0,0,0.01,0
328,DEBIT,756.39,C1624173500,1043.28,286.89,M7960713821,0.0,0.0,0,0.013333333333333334,0
552,PAYMENT,157.8,C1230624431,237.44,79.64,M8903212516,0.0,0.0,0,0.0,0
276,PAYMENT,1.0,C6837342064,0.0,0.0,M6583604299,0.0,0.0,0,0.0,0
711,CASH_IN,219.5,C3316277000,9.34,228.84,C2843567009,118146.94,118146.94,0,0.0,0
53,PAYMENT,50.26,C3987248494,118.25,67.99,M6771941776,0.0,0.0,0,0.0,0
131,TRANSFER,1.0,C3149533961,0.61,0.0,C4353689019,67.66,68.66,0,0.10333333333333333,0
236,PAYMENT,306.2,C8178927766,564.42,258.22,M9288057824,0.0,0.0,0,0.0,0
28,TRANSFER,1.0,C1494287462,0.1,0.0,C3931997465,387.34,388.34,0,0.013333333333333334,0
569,CASH_OUT,375.91,C8868054898,399.71,23.8,M6041646576,0.0,0.0,1,0.04,0
6,PAYMENT,1.0,C9645619869,0.0,0.0,M5919148165,0.0,0.0,0,0.0,0
412,CASH_IN,1.8,C6115750294,0.0,1.8,C6566372886,0.0,0.0,0,0.023333333333333334,0
267,CASH_OUT,42.39,C6043349038,59.81,17.42,C2317723211,1628.46,1628.46,0,0.0033333333333333335,0
581,PAYMENT,1.0,C6542943838,0.0,0.0,M5067400473,0.0,0.0,0,0.0,0
601,CASH_IN,145813.51,C4633987776,242.7,146056.21,C2571688961,1.08,1.08,0,0.0,0
154,PAYMENT,649.07,C4466589567,16431.92,15782.85,M8144352013,0.0,0.0,0,0.0,0
575,CASH_OUT,1616.33,C5510938155,2132.09,515.76,M2518433834,0.0,0.0,1,0.02666666666666667,0
300,CASH_OUT,3662.2,C9085085822,3434.69,0.0,M4122901114,0.0,0.0,1,0.11666666666666667,0
490,CASH_OUT,104.06,C4042413312,117.99,13.93,M6659847491,0.0,0.0,1,0.043333333333333335,0
269,PAYMENT,139.05,C3313993297,291.86,152.81,M6732306182,0.0,0.0,0,0.0,0
509,DEBIT,1.0,C3438771483,0.0,0.0,M4952177946,0.0,0.0,0,0.043333333333333335,0
214,PAYMENT,1905.26,C7808938880,4358.86,2453.6,M5449848690,0.0,0.0,0,0.0,0
475,PAYMENT,122.8,C3088517710,166.07,43.27,M3965860354,0.0,0.0,0,0.0,0
418,CASH_OUT,1.0,C9196564761,0.0,0.0,C7958672456,4378.78,4378.78,0,0.05,0
203,PAYMENT,1.0,C8831899893,0.0,0.0,M8643636805,0.0,0.0,0,0.0,0
406,DEBIT,1.0,C2503068227,1.0,0.0,M3369412470,0.0,0.0,0,0.043333333333333335,0
639,CASH_OUT,103276.27,C3780475472,129803.47,26527.2,C3343292475,17645.92,17645.92,0,0.0,0
29,TRANSFER,354.73,C7333316743,605.03,250.3,C2554039848,333.87,688.6,0,0.0033333333333333335,0
427,CASH_OUT,1.0,C6804850108,0.0,0.0,C7403028869,623.08,623.08,0,0.09333333333333334,0
397,TRANSFER,1.0,C5087357728,1.0,0.0,C3891796055,0.0,1.0,0,0.22,0
418,PAYMENT,116.83,C3313993297,152.81,35.98,M4522855590,0.0,0.0,0,0.0,0
637,PAYMENT,3.85,C8055515912,8.42,4.57,M8821456242,0.0,0.0,0,0.0,0
573,DEBIT,48.48,C1654477195,72.08,23.6,M1096405016,0.0,0.0,0,0.03333333333333333,0
98,CASH_OUT,3729.67,C9861449701,4040.86,311.19,C6859286614,809.12,809.12,1,0.0,0
190,TRANSFER,1.0,C6474354351,0.0,0.0,C5694628398,0.0,1.0,0,0.23333333333333334,0
503,CASH_OUT,4903.05,C4159699467,4871.32,0.0,C4062777850,46.08,46.08,1,0.20666666666666667,0
210,PAYMENT,3794.34,C5151086814,100162.45,96368.11,M4160161496,0.0,0.0,0,0.0,0
113,PAYMENT,134.75,C7635473142,201.95,67.2,M6525576685,0.0,0.0,0,0.0,0
198,CASH_OUT,1.25,C8791183272,7043.2,7041.95,C7393195616,8.07,8.07,0,0.0,0
10,TRANSFER,17.14,C2327372855,68.28,51.14,C9433570024,13.98,31.12,0,0.11,0
236,TRANSFER,616.15,C5419627962,1006.28,390.13,C6698759353,7858.08,8474.23,0,0.0,0
629,CASH_IN,2705.59,C3722583581,15.59,2721.18,C7581349462,85215.7,85215.7,0,0.0,0
356,TRANSFER,1.0,C5855415646,0.0,0.0,C8118065825,0.0,1.0,0,0.22,0
116,TRANSFER,1562.04,C5862655247,1762.87,200.83,M2115862756,0.0,0.0,1,0.12666666666666668,0
339,TRANSFER,1994.47,C2846465000,1858.37,0.0,C7473868020,37.3,37.3,1,0.43333333333333335,0
647,PAYMENT,2.79,C6046864799,5.77,2.98,M3355504998,0.0,0.0,0,0.0,0
384,PAYMENT,17648.84,C6509985983,50217.3,32568.46,M8821456242,0.0,0.0,0,0.0,0
301,TRANSFER,105.49,C5492496998,109.45,3.96,M4158643786,0.0,0.0,1,0.17333333333333334,0
26,TRANSFER,1.0,C7374584386,0.0,0.0,C7472806994,17787.51,17788.51,0,0.0,0
573,TRANSFER,125.77,C9505085936,114.32,0.0,C8235717104,625.33,625.33,1,0.08666666666666667,0
128,CASH_OUT,197.33,C4748302739,786.36,589.03,C8388580360,0.0,0.0,0,0.0033333333333333335,0
380,CASH_OUT,3584.08,C7508522951,3634.61,50.53,M3960136787,0.0,0.0,1,0.016666666666666666,0
155,TRANSFER,1.0,C7166868574,0.0,0.0,C7829772942,17.64,18.64,0,0.17666666666666667,0
292,CASH_OUT,458.85,C4972536230,400.21,0.0,C2137651678,4.46,4.46,1,0.07666666666666666,0
68,CASH_OUT,416.3,C8139209752,384.71,0.0,M3019265031,0.0,0.0,1,0.02666666666666667,0
244,DEBIT,1.0,C7488943393,0.0,0.0,M3119908041,0.0,0.0,0,0.03666666666666667,0
307,CASH_OUT,61.41,C5161807235,66.86,5.45,C1225953184,141.62,141.62,1,0.0033333333333333335,0
590,TRANSFER,1766.07,C3297096148,2252.54,486.47,C2802141793,0.81,0.81,1,0.3,0
491,TRANSFER,3197.12,C1245522987,2785.76,0.0,C6910112521,213.42,213.42,1,0.5233333333333333,1
580,CASH_OUT,29.55,C2941289685,31.26,1.71,C6804850108,0.0,0.0,0,0.04666666666666667,0
161,CASH_IN,60305.67,C7536876169,12532.15,72837.82,C4719780110,134.78,134.78,0,0.0,0
208,CASH_OUT,314.5,C3615507143,625.13,310.63,C8779941999,128.62,128.62,0,0.0033333333333333335,0
603,CASH_OUT,146.56,C1614685938,234.23,87.67,C3667292043,346.58,346.58,0,0.03,0
507,PAYMENT,4471.8,C4530959836,4881.84,410.04,M1647181551,0.0,0.0,0,0.0,0
344,DEBIT,15.32,C6720396142,54.05,38.73,M2778069478,0.0,0.0,0,0.02,0
719,PAYMENT,1.0,C3667740351,0.0,0.0,M2869931869,0.0,0.0,0,0.0,0
630,CASH_OUT,4429.29,C6882074066,3782.02,0.0,C5474951950,679.91,679.91,1,0.23666666666666666,0
339,TRANSFER,5442.28,C6362597344,4798.4,0.0,M4820942294,0.0,0.0,1,0.7466666666666667,1
136,CASH_IN,914.24,C3127657643,459.34,1373.58,C4207337120,1.28,1.28,0,0.0,0
67,CASH_OUT,1.0,C8300300577,0.0,0.0,C1106456634,5.26,5.26,0,0.0033333333333333335,0
83,PAYMENT,1.0,C5729866281,0.0,0.0,M8325043570,0.0,0.0,0,0.0,0
63,CASH_OUT,2599.07,C8507497883,2631.36,32.29,M3094407076,0.0,0.0,1,0.0033333333333333335,0
650,TRANSFER,566.46,C2409274786,653.72,87.26,C8429141456,0.0,0.0,1,0.17666666666666667,0
196,CASH_OUT,6.68,C3978287288,14.09,7.41,C4471642620,495.31,495.31,0,0.0033333333333333335,0
487,TRANSFER,5793.1,C8949781901,4977.71,0.0,M1458227039,0.0,0.0,1,0.9433333333333334,1
370,PAYMENT,410.16,C9911329062,506.73,96.57,M8821456242,0.0,0.0,0,0.0,0
45,DEBIT,1.0,C9909257076,0.0,0.0,M5815678365,0.0,0.0,0,0.02666666666666667,0
322,PAYMENT,25.5,C2646331504,42.57,17.07,M6865994703,0.0,0.0,0,0.0,0
63,DEBIT,88.38,C9421518487,94.25,5.87,M2155671697,0.0,0.0,0,0.023333333333333334,0
684,PAYMENT,1.0,C6986770879,0.0,0.0,M4158643786,0.0,0.0,0,0.0,0
525,PAYMENT,1.38,C1726990714,109.61,108.23,M4892544235,0.0,0.0,0,0.0,0
720,CASH_OUT,497.3,C9751963589,608.84,111.54,C6576426590,331.18,331.18,1,0.023333333333333334,0
182,TRANSFER,1683.66,C6674372082,1485.52,0.0,C4710967433,468.43,468.43,1,0.09333333333333334,0
116,PAYMENT,2.1,C9292791081,8.0,5.9,M9921025990,0.0,0.0,0,0.0,0
154,TRANSFER,21516.68,C6338036681,36930.68,15414.0,C4518871744,0.0,21516.68,0,0.0,0
702,TRANSFER,1.0,C4636537575,0.0,0.0,C2802141793,0.81,1.81,0,0.22333333333333333,0
292,TRANSFER,3896.86,C7666869046,3454.08,0.0,C9421518487,5.87,3902.73,1,0.056666666666666664,0
254,PAYMENT,503.67,C6884333221,782.99,279.32,M4601406440,0.0,0.0,0,0.0,0
94,PAYMENT,1.0,C5087357728,0.0,0.0,M6763471833,0.0,0.0,0,0.0,0
466,PAYMENT,1.0,C4506639908,0.0,0.0,M6692705133,0.0,0.0,0,0.0,0
396,PAYMENT,1.0,C7671041685,0.0,0.0,M9288057824,0.0,0.0,0,0.0,0
587,CASH_OUT,3444.76,C6942989052,3386.6,0.0,C6168291913,4939.26,4939.26,1,0.15333333333333332,0
581,CASH_OUT,70.03,C5307145891,86.68,16.65,C7208619610,27.39,27.39,0,0.03333333333333333,0
205,TRANSFER,4036.43,C2178158203,3654.95,0.0,M2129491690,0.0,0.0,1,0.8133333333333334,1
260,PAYMENT,1.0,C3667740351,0.0,0.0,M7570511906,0.0,0.0,0,0.0,0
91,CASH_OUT,2659.31,C5673482258,2582.3,0.0,M9441870024,0.0,0.0,1,0.056666666666666664,0
514,PAYMENT,27.6,C7852415525,31.7,4.1,M2228388623,0.0,0.0,0,0.0,0
71,DEBIT,3121.99,C3343292475,17645.92,14523.93,M1647181551,0.0,0.0,0,0.016666666666666666,0
649,TRANSFER,101.13,C7098134112,141.03,39.9,C1741134891,7.0,7.0,1,0.14,0
402,CASH_OUT,429.99,C6000009225,486.36,56.37,C6711463258,0.0,0.0,0,0.03,0
609,PAYMENT,7070.19,C8394198376,21029.4,13959.21,M1999913493,0.0,0.0,0,0.0,0
116,TRANSFER,2487.14,C6272000062,3373.93,886.79,C8796286443,8.31,2495.45,0,0.01,0
423,PAYMENT,1.0,C5856127658,0.0,0.0,M7282885927,0.0,0.0,0,0.0,0
155,TRANSFER,1.0,C2145921803,1.33,0.33,C2237386857,197.31,198.31,0,0.043333333333333335,0
704,CASH_OUT,4107.64,C9691572571,4031.12,0.0,M7512767226,0.0,0.0,1,0.25,0
203,TRANSFER,169.71,C7872090713,223.52,53.81,M8044997538,0.0,0.0,1,0.16,0
11,CASH_OUT,27.89,C4714465905,72.14,44.25,C7803990970,168.0,168.0,0,0.006666666666666667,0
40,PAYMENT,92.41,C9470922075,349.6,257.19,M9631695368,0.0,0.0,0,0.0,0
71,CASH_OUT,3107.23,C4227004325,3824.33,717.1,M3536590481,0.0,0.0,1,0.0,0
653,PAYMENT,1.0,C9630522755,0.0,0.0,M3208200227,0.0,0.0,0,0.0,0
689,TRANSFER,336.62,C9922723063,304.53,0.0,C1684598046,217.01,553.63,1,0.08,0
60,PAYMENT,2517.38,C5693307665,3817.45,1300.07,M9398575277,0.0,0.0,0,0.0,0
381,TRANSFER,37.01,C5082603360,55.2,18.19,C4681264539,0.0,37.01,0,0.15666666666666668,0
3,TRANSFER,751.51,C5474951950,679.91,0.0,M5156392601,0.0,0.0,1,0.2966666666666667,0
107,TRANSFER,2170.29,C1282103057,2579.96,409.67,M9620935604,0.0,0.0,1,0.19,0
385,PAYMENT,1.0,C7824150224,0.0,0.0,M7270955446,0.0,0.0,0,0.0,0
625,CASH_OUT,105241.22,C2188332531,114412.74,9171.52,C3361388464,17.21,17.21,0,0.016666666666666666,0
280,PAYMENT,1.0,C1094115188,0.0,0.0,M7514017540,0.0,0.0,0,0.0,0
159,PAYMENT,2.89,C8453283834,9.16,6.27,M6199197408,0.0,0.0,0,0.0,0
198,CASH_OUT,134.84,C4046558332,174.97,40.13,M8626371177,0.0,0.0,1,0.0,0
226,PAYMENT,1.0,C2419931729,0.0,0.0,M1357561213,0.0,0.0,0,0.0,0
165,CASH_OUT,2888.22,C8084809436,3618.34,730.12,C6265016831,0.0,0.0,1,0.0,0
5,TRANSFER,1381.47,C3369305560,1400.86,19.39,C8274219704,0.0,0.0,1,0.19666666666666666,0
551,TRANSFER,722.64,C5647317872,684.31,0.0,C3667292043,346.58,346.58,1,0.12666666666666668,0
374,TRANSFER,1.0,C9894264595,0.0,0.0,C6491309593,23.46,24.46,0,0.16,0
399,TRANSFER,217.59,C3591527330,185.12,0.0,C5759234471,0.0,0.0,1,0.23,0
543,TRANSFER,2849.14,C2349641712,2939.37,90.23,C2537965898,296.43,296.43,1,0.19,0
647,TRANSFER,1.0,C6046864799,2.98,1.98,C1590985753,8.29,9.29,0,0.15666666666666668,0
703,CASH_OUT,282.09,C5476654128,296.32,14.23,C9798548049,940.67,940.67,1,0.03,0
629,CASH_OUT,132.72,C2625792787,168.61,35.89,M3517195150,0.0,0.0,1,0.03333333333333333,0
623,TRANSFER,298.82,C7311011808,338.57,39.75,M6820149016,0.0,0.0,1,0.17333333333333334,0
30,CASH_OUT,198.7,C8833889083,286.07,87.37,C6822870815,146.58,146.58,0,0.0,0
694,CASH_IN,69844.0,C3806215682,34.07,69878.07,C5307145891,16.65,16.65,0,0.0,0
458,CASH_OUT,27.25,C7417183769,54.2,26.95,C2578662692,3.96,3.96,0,0.04666666666666667,0
74,TRANSFER,1.0,C8086527181,0.0,0.0,C4600630513,58240.98,58241.98,0,0.0,0
197,PAYMENT,1.0,C6418365941,0.0,0.0,M4122901114,0.0,0.0,0,0.0,0
330,TRANSFER,16.03,C2191714875,17.54,1.51,C8942167666,113151.09,113167.12,0,0.0,0
542,TRANSFER,1.0,C3304560537,0.0,0.0,C5418232833,268.84,269.84,0,0.1,0
170,CASH_OUT,131.78,C1039262289,155.93,24.15,M2518433834,0.0,0.0,1,0.0033333333333333335,0
491,CASH_IN,82757.96,C7620473079,9.27,82767.23,C3098948446,0.0,0.0,0,0.0,0
209,DEBIT,1.0,C1110533960,1.0,0.0,M8869140487,0.0,0.0,0,0.03,0
382,PAYMENT,3262.7,C7296658772,7759.16,4496.46,M3534186676,0.0,0.0,0,0.0,0
682,TRANSFER,43733.01,C1378134712,54668.65,10935.64,M7168105904,0.0,0.0,1,0.29,0
479,DEBIT,26.2,C7887950851,117.58,91.38,M6894024976,0.0,0.0,0,0.03,0
375,CASH_IN,11868.51,C8106906538,72.12,11940.63,C9523104008,673.23,673.23,0,0.0,0
92,CASH_IN,67903.84,C3294092753,51196.37,119100.21,C6471691689,529.24,529.24,0,0.0,0
84,DEBIT,320.8,C8584566722,843.65,522.85,M9933702652,0.0,0.0,0,0.01,0
268,TRANSFER,52.69,C5144289583,59.92,7.23,C4605117440,4.59,57.28,0,0.13,0
234,CASH_OUT,3.21,C8303853049,4.32,1.11,C9306142066,1.21,1.21,0,0.013333333333333334,0
496,TRANSFER,94027.32,C9165632300,81252.2,0.0,M6053489772,0.0,0.0,1,0.8966666666666666,1
616,CASH_OUT,2446.87,C6558450990,2185.56,0.0,M3208200227,0.0,0.0,1,0.15333333333333332,0
143,PAYMENT,249.44,C1589582865,383.59,134.15,M4093474499,0.0,0.0,0,0.0,0
219,PAYMENT,1.0,C6415031531,2.59,1.59,M1458227039,0.0,0.0,0,0.0,0
663,CASH_OUT,213.97,C4252504650,226.14,12.17,C4736031885,69224.47,69224.47,0,0.013333333333333334,0
318,PAYMENT,1549.21,C8394198376,13959.21,12410.0,M8325043570,0.0,0.0,0,0.0,0
338,PAYMENT,1.0,C1707196784,0.28,0.0,M1692044390,0.0,0.0,0,0.0,0
261,CASH_OUT,1.0,C6306523372,0.0,0.0,C5694848867,1.0,1.0,0,0.02666666666666667,0
628,CASH_OUT,979.32,C7979466538,1464.45,485.13,C6656646925,91240.26,91240.26,0,0.0033333333333333335,0
521,PAYMENT,1.0,C3109688769,0.0,0.0,M7969674420,0.0,0.0,0,0.0,0
121,CASH_IN,24190.05,C2554039848,688.6,24878.65,C5292015249,7.27,7.27,0,0.0,0
647,PAYMENT,1.0,C2818381356,0.0,0.0,M6558769264,0.0,0.0,0,0.0,0
198,PAYMENT,4.73,C6504099682,6.63,1.9,M4093474499,0.0,0.0,0,0.0,0
452,PAYMENT,1.0,C4972536230,0.0,0.0,M3297681898,0.0,0.0,0,0.0,0
304,PAYMENT,79.58,C9115282784,103.52,23.94,M8821456242,0.0,0.0,0,0.0,0
633,TRANSFER,11.12,C7473868020,37.3,26.18,C5162260671,856.43,867.55,0,0.05333333333333334,0
519,CASH_OUT,15466.88,C3163970710,16063.32,596.44,M6361225622,0.0,0.0,1,0.023333333333333334,0
78,PAYMENT,40.37,C3532855799,42.77,2.4,M3145756342,0.0,0.0,0,0.0,0
645,PAYMENT,116.49,C6822870815,146.58,30.09,M4689605624,0.0,0.0,0,0.0,0
126,TRANSFER,12.18,C7010379415,23.34,11.16,C5201221330,0.0,12.18,0,0.14333333333333334,0
453,CASH_OUT,28146.96,C6317189421,38383.84,10236.88,C9711080868,0.0,0.0,1,0.013333333333333334,0
221,PAYMENT,1.0,C5600836559,0.0,0.0,M2571632270,0.0,0.0,0,0.0,0
174,TRANSFER,4738.89,C2940955281,4322.86,0.0,M4952177946,0.0,0.0,1,0.77,1
698,TRANSFER,18.4,C4102872611,20.8,2.4,C1446362270,131.72,150.12,0,0.08333333333333333,0
497,DEBIT,1.0,C2178884276,0.0,0.0,M4865979921,0.0,0.0,0,0.043333333333333335,0
52,CASH_OUT,537.85,C9633533290,514.16,0.0,C5667503195,0.0,0.0,1,0.10666666666666667,0
475,DEBIT,4844.19,C4633987776,146056.21,141212.02,M8728631945,0.0,0.0,0,0.02,0
357,PAYMENT,185.04,C3127657643,1373.58,1188.54,M8235474949,0.0,0.0,0,0.0,0
541,CASH_OUT,458.17,C3664052763,884.32,426.15,C5474951950,0.0,0.0,0,0.04,0
647,CASH_OUT,3428.52,C8758809005,3269.6,0.0,M3369412470,0.0,0.0,1,0.20666666666666667,0
663,TRANSFER,37.42,C8208584394,52.35,14.93,C5861829469,582.98,620.4,0,0.05333333333333334,0
141,CASH_IN,127646.75,C3893976444,0.0,127646.75,C6928691380,54.44,54.44,0,0.0,0
88,PAYMENT,1.0,C9759180824,0.0,0.0,M1096405016,0.0,0.0,0,0.0,0
598,TRANSFER,2140.04,C5992908271,1984.38,0.0,C2242377075,7.71,2147.75,1,0.4,0
703,TRANSFER,6730.43,C7937993287,8542.62,1812.19,M6525576685,0.0,0.0,1,0.31333333333333335,0
624,CASH_OUT,103.54,C2295574037,92.35,0.0,M9640701016,0.0,0.0,1,0.07,0
57,PAYMENT,1.0,C1248704157,0.0,0.0,M8790289305,0.0,0.0,0,0.0,0
460,CASH_OUT,1.0,C7910817577,0.0,0.0,C5606736607,4.9,4.9,0,0.08666666666666667,0
62,PAYMENT,494.55,C3163970710,596.44,101.89,M9977193987,0.0,0.0,0,0.0,0
376,PAYMENT,86.6,C8093179263,212.36,125.76,M8728631945,0.0,0.0,0,0.0,0
240,TRANSFER,196.81,C6463640105,273.92,77.11,C6698759353,8474.23,8474.23,1,0.0,0
474,TRANSFER,170.06,C4700855390,149.1,0.0,M8821456242,0.0,0.0,1,0.22666666666666666,0
703,TRANSFER,1408.98,C5870891270,1612.04,203.06,M3536590481,0.0,0.0,1,0.2,0
39,TRANSFER,1.0,C3891796055,1.0,0.0,C7894019119,0.0,1.0,0,0.22333333333333333,0
324,TRANSFER,1963.83,C6894808149,1669.53,0.0,M8821456242,0.0,0.0,1,0.43333333333333335,0
48,TRANSFER,20.92,C6754503097,24.16,3.24,C1276905285,20.9,41.82,0,0.12666666666666668,0
679,CASH_OUT,4540.35,C9376277483,4771.17,230.82,C7750819485,0.0,0.0,1,0.03333333333333333,0
476,CASH_OUT,1782.79,C1230249217,1670.06,0.0,M6401844042,0.0,0.0,1,0.36333333333333334,0
718,TRANSFER,546.67,C4277422858,570.03,23.36,C9943959352,93.58,640.25,1,0.056666666666666664,0
661,CASH_OUT,1.0,C9032096058,0.0,0.0,C4262396395,0.0,0.0,0,0.056666666666666664,0
304,TRANSFER,38.04,C6161147047,46.81,8.77,C8737025391,34.24,72.28,0,0.10666666666666667,0
413,CASH_OUT,2545.88,C1798112150,2991.55,445.67,C1519709079,482.02,482.02,1,0.03,0
289,DEBIT,68.56,C1083651970,210.89,142.33,M6606958660,0.0,0.0,0,0.02,0
203,PAYMENT,413.49,C2780136605,454.56,41.07,M1122712790,0.0,0.0,0,0.0,0
570,CASH_OUT,51.97,C6887132821,98.62,46.65,C9981691030,1020.86,1020.86,0,0.03333333333333333,0
625,CASH_OUT,77.68,C3615507143,310.63,232.95,C1383539822,509.65,509.65,0,0.023333333333333334,0
27,TRANSFER,696.41,C6466597005,784.8,88.39,M8138332494,0.0,0.0,1,0.17333333333333334,0
553,PAYMENT,14.71,C4353689019,68.66,53.95,M4892544235,0.0,0.0,0,0.0,0
432,PAYMENT,4.35,C2149938334,13.52,9.17,M6282009986,0.0,0.0,0,0.0,0
510,TRANSFER,715.28,C6922713963,614.61,0.0,M6498703287,0.0,0.0,1,0.26,0
617,TRANSFER,4712.13,C1316756902,4818.1,105.97,M8643636805,0.0,0.0,1,0.5233333333333333,1
320,CASH_OUT,878.13,C9798548049,940.67,62.54,C5125568431,0.0,0.0,0,0.013333333333333334,0
80,TRANSFER,101.81,C4645120421,162.3,60.49,C1596471620,5330.25,5432.06,0,0.0,0
297,PAYMENT,198.8,C6142469284,381.2,182.4,M6101516825,0.0,0.0,0,0.0,0
624,TRANSFER,3407.99,C4039019230,4867.7,1459.71,M6313472215,0.0,0.0,1,0.32,0
57,TRANSFER,2824.46,C1945826486,3490.69,666.23,C4361393222,0.0,0.0,1,0.2,0
160,CASH_IN,22728.28,C9981364488,596.11,23324.39,C1287814151,0.0,0.0,0,0.0,0
236,PAYMENT,4.9,C9136780852,9.78,4.88,M8235474949,0.0,0.0,0,0.0,0
147,CASH_OUT,3749.08,C2139078760,4543.46,794.38,C8880184233,1.84,1.84,1,0.0,0
506,CASH_OUT,13242.14,C8826851692,75400.0,62157.86,C6186758088,0.0,0.0,0,0.01,0
665,PAYMENT,1.0,C7759781156,0.0,0.0,M4865979921,0.0,0.0,0,0.0,0
175,PAYMENT,1.0,C1696846464,0.0,0.0,M9921025990,0.0,0.0,0,0.0,0
373,PAYMENT,2721.74,C3975704877,8783.25,6061.51,M3846182436,0.0,0.0,0,0.0,0
300,TRANSFER,115.88,C4719780110,134.78,18.9,M2156184315,0.0,0.0,1,0.15666666666666668,0
336,TRANSFER,158.71,C1659663750,194.55,35.84,C4710967433,468.43,627.14,0,0.0033333333333333335,0
228,PAYMENT,131.77,C6142469284,182.4,50.63,M1857561275,0.0,0.0,0,0.0,0
89,PAYMENT,77.83,C5634076661,144.72,66.89,M1099218439,0.0,0.0,0,0.0,0
80,CASH_IN,7763.56,C5483308751,14544.95,22308.51,C1290050198,6440.02,6440.02,0,0.0,0
124,PAYMENT,5.99,C3587283948,7.48,1.49,M2328736852,0.0,0.0,0,0.0,0
82,TRANSFER,2962.44,C7487012742,2985.42,22.98,M4865979921,0.0,0.0,1,0.4766666666666667,0
593,PAYMENT,36.16,C2073755632,58.3,22.14,M9822499208,0.0,0.0,0,0.0,0
274,TRANSFER,887.78,C4847761430,817.24,0.0,M2695447268,0.0,0.0,1,0.3333333333333333,0
703,PAYMENT,161.05,C4419410162,185.03,23.98,M9404002665,0.0,0.0,0,0.0,0
620,CASH_OUT,2866.58,C5403510324,3284.05,417.47,M9255306810,0.0,0.0,1,0.02666666666666667,0
119,PAYMENT,218.11,C4202607993,722.33,504.22,M6101516825,0.0,0.0,0,0.0,0
432,PAYMENT,239.31,C2423995953,320.3,80.99,M8903212516,0.0,0.0,0,0.0,0
691,TRANSFER,2993.71,C6544063167,3337.54,343.83,M8643636805,0.0,0.0,1,0.30333333333333334,0
335,CASH_OUT,1.0,C8468071953,0.0,0.0,C8761469117,12.22,12.22,0,0.023333333333333334,0
625,CASH_OUT,39694.38,C7801180691,43658.67,3964.29,C1112794026,10.96,10.96,1,0.013333333333333334,0
48,PAYMENT,1.0,C6955593943,0.0,0.0,M6045729129,0.0,0.0,0,0.0,0
134,TRANSFER,3558.91,C5600836559,3637.2,78.29,C7949795085,134.91,3693.82,1,0.01,0
697,TRANSFER,605.54,C5025070544,650.87,45.33,M2136107759,0.0,0.0,1,0.17,0
34,PAYMENT,10718.7,C5512036684,14687.78,3969.08,M1466305100,0.0,0.0,0,0.0,0
468,CASH_OUT,1973.63,C5633956194,1845.73,0.0,M1343875431,0.0,0.0,1,0.36333333333333334,0
224,PAYMENT,228.07,C5083595988,584.27,356.2,M6011842297,0.0,0.0,0,0.0,0
389,TRANSFER,70.72,C3476426797,103.94,33.22,C5943324387,196.82,267.54,0,0.01,0
594,PAYMENT,82.92,C9771848610,243.64,160.72,M6525576685,0.0,0.0,0,0.0,0
140,PAYMENT,1051.03,C8556573246,80878.85,79827.82,M1185303518,0.0,0.0,0,0.0,0
222,CASH_OUT,1.0,C3484872186,0.86,0.0,C1644608746,19597.39,19597.39,0,0.0,0
79,CASH_OUT,1983.39,C8934097788,4264.76,2281.37,C4930438209,36108.2,36108.2,0,0.0,0
436,TRANSFER,260.54,C6470052645,267.73,7.19,C1106456634,5.26,5.26,1,0.13333333333333333,0
391,TRANSFER,983.59,C7628981661,1332.19,348.6,C4026816435,74.16,1057.75,0,0.006666666666666667,0
170,TRANSFER,78122.78,C3710566582,104253.79,26131.01,M3495411322,0.0,0.0,1,0.25,0
331,TRANSFER,8558.37,C7631970791,8322.43,0.0,M6771941776,0.0,0.0,1,0.7566666666666667,1
378,TRANSFER,1.0,C8758809005,0.0,0.0,C6092773357,0.0,1.0,0,0.22,0
559,TRANSFER,2037.0,C5694806361,1938.51,0.0,M3960136787,0.0,0.0,1,0.7733333333333333,1
70,CASH_OUT,185.02,C3303082117,263.42,78.4,M9822499208,0.0,0.0,1,0.0,0
186,TRANSFER,1.03,C9333798503,4.69,3.66,C9370133032,762.09,763.12,0,0.01,0
210,PAYMENT,471.65,C6921525436,838.3,366.65,M8458323087,0.0,0.0,0,0.0,0
215,TRANSFER,1.16,C8380507338,1.93,0.77,C4256292393,2.82,3.98,0,0.18666666666666668,0
374,TRANSFER,66.71,C2653032484,169.15,102.44,C6246716604,0.0,66.71,0,0.15,0
645,PAYMENT,1.0,C1446457642,0.0,0.0,M4125758723,0.0,0.0,0,0.0,0
141,PAYMENT,198.84,C9437783771,396.09,197.25,M5815678365,0.0,0.0,0,0.0,0
479,CASH_OUT,791.93,C2756070122,851.57,59.64,M8235474949,0.0,0.0,1,0.07333333333333333,0
490,CASH_OUT,1939.25,C3108307952,1718.39,0.0,C2513206988,26.94,26.94,1,0.24,0
310,PAYMENT,1.0,C5508149905,0.0,0.0,M9026301048,0.0,0.0,0,0.0,0
404,TRANSFER,1.0,C2687477596,0.0,0.0,C7637761996,13.11,14.11,0,0.18333333333333332,0
273,CASH_OUT,3035.09,C9677466102,2932.48,0.0,C1091729577,56.72,56.72,1,0.07,0
121,TRANSFER,76.36,C8055556030,122.94,46.58,C9245348297,0.0,76.36,0,0.15333333333333332,0
364,TRANSFER,5318.91,C3479708607,4866.49,0.0,C7199283151,1.6,1.6,1,0.7366666666666667,1
531,DEBIT,963.98,C3107125807,22756.27,21792.29,M8325043570,0.0,0.0,0,0.02,0
559,TRANSFER,1.0,C3768901084,0.0,0.0,C6097953682,59.8,60.8,0,0.16333333333333333,0
433,TRANSFER,302.41,C4683935600,625.58,323.17,C3821211202,404.21,706.62,0,0.03666666666666667,0
430,CASH_IN,31959.15,C9633533290,0.0,31959.15,C1654477195,23.6,23.6,0,0.0,0
666,TRANSFER,133.77,C4345526911,164.38,30.61,C8578226896,457.56,591.33,0,0.05333333333333334,0
31,TRANSFER,3.07,C8453283834,6.27,3.2,C2549748436,0.0,3.07,0,0.17,0
38,TRANSFER,1385.37,C1691293717,1191.83,0.0,M3811254192,0.0,0.0,1,0.3466666666666667,0
591,PAYMENT,37.31,C2878930355,133.85,96.54,M6866146362,0.0,0.0,0,0.0,0
64,CASH_OUT,197.33,C9861449701,311.19,113.86,C9123612497,12.72,12.72,0,0.0,0
283,TRANSFER,5831.66,C2683446724,4985.13,0.0,M2115406331,0.0,0.0,1,0.79,1
200,CASH_OUT,7248.87,C9229469952,20371.22,13122.35,C3694860228,0.0,0.0,0,0.0,0
276,TRANSFER,3117.27,C2891100776,3163.21,45.94,C7573442717,87.1,3204.37,1,0.016666666666666666,0
310,PAYMENT,1.0,C9995834531,0.84,0.0,M6041646576,0.0,0.0,0,0.0,0
458,PAYMENT,9.6,C4181102664,10.35,0.75,M7230477043,0.0,0.0,0,0.0,0
392,TRANSFER,2895.44,C6115750294,2723.08,0.0,M9581187661,0.0,0.0,1,0.7333333333333333,1
560,PAYMENT,3.06,C9438411468,10.52,7.46,M2155671697,0.0,0.0,0,0.0,0
711,TRANSFER,15435.68,C1644608746,19597.39,4161.71,C3389594115,48.27,15483.95,0,0.0033333333333333335,0
116,PAYMENT,1.0,C3780439666,0.0,0.0,M9026301048,0.0,0.0,0,0.0,0
55,TRANSFER,10.14,C9623534576,11.72,1.58,C2879792991,31.34,41.48,0,0.12666666666666668,0
507,PAYMENT,1.0,C8880184233,1.84,0.84,M5449848690,0.0,0.0,0,0.0,0
490,PAYMENT,1.0,C2620054076,0.0,0.0,M5315720088,0.0,0.0,0,0.0,0
80,TRANSFER,271.55,C9516893896,322.86,51.31,M2778069478,0.0,0.0,1,0.16333333333333333,0
671,CASH_OUT,9.13,C1547374338,28.08,18.95,C3107125807,21792.29,21792.29,0,0.006666666666666667,0
260,TRANSFER,973.49,C9987064419,1106.75,133.26,C1945826486,666.23,1639.72,0,0.0033333333333333335,0
466,CASH_IN,9325.38,C4037270171,438.79,9764.17,C6362597344,0.0,0.0,0,0.0,0
225,PAYMENT,571.37,C5036200310,663.59,92.22,M3469205576,0.0,0.0,0,0.0,0
450,CASH_OUT,7.02,C2379592595,11.19,4.17,C6726515966,60.74,60.74,0,0.06,0
667,CASH_OUT,52458.8,C3946766309,52387.75,0.0,C2601198885,81.17,81.17,1,0.07666666666666666,0
386,PAYMENT,3950.13,C4736031885,69224.47,65274.34,M9020002737,0.0,0.0,0,0.0,0
474,TRANSFER,1550.95,C6244338653,1302.23,0.0,C8180620422,2992.07,4543.02,1,0.16666666666666666,0
569,CASH_OUT,6812.11,C7174772035,6444.58,0.0,M7960713821,0.0,0.0,1,0.21666666666666667,0
665,TRANSFER,804.59,C7248258423,1064.93,260.34,M9558906999,0.0,0.0,1,0.16,0
115,DEBIT,23.51,C6591038760,47.0,23.49,M6041646576,0.0,0.0,0,0.016666666666666666,0
39,TRANSFER,8.41,C1311570307,12.36,3.95,C8375996697,3.69,12.1,0,0.14,0
468,PAYMENT,397.47,C3980491761,694.06,296.59,M3322580659,0.0,0.0,0,0.0,0
521,TRANSFER,3029.05,C5884080139,3867.71,838.66,C5992908271,0.0,3029.05,0,0.04666666666666667,0
31,TRANSFER,8.54,C8666074487,10.44,1.9,C9677466102,0.0,8.54,0,0.17333333333333334,0
195,CASH_OUT,1.82,C4356175095,4.62,2.8,C9303285822,2762.0,2762.0,0,0.0,0
469,CASH_OUT,606.0,C7070083150,548.73,0.0,M4390543744,0.0,0.0,1,0.2,0
356,CASH_OUT,13479.51,C1194576436,11885.79,0.0,C7759781156,0.0,0.0,1,0.23666666666666666,0
430,CASH_OUT,5263.96,C5201221330,4715.38,0.0,C7873709012,35998.85,35998.85,1,0.19666666666666666,0
225,TRANSFER,1927.67,C5694190173,2108.46,180.79,C3304560537,0.0,0.0,1,0.19,0
668,PAYMENT,61.34,C9470922075,257.19,195.85,M1199447370,0.0,0.0,0,0.0,0
349,TRANSFER,322.93,C9730449971,340.26,17.33,M7678293431,0.0,0.0,1,0.15333333333333332,0
273,CASH_OUT,2186.7,C8055556030,2047.79,0.0,M1908459040,0.0,0.0,1,0.08333333333333333,0
300,PAYMENT,1.0,C6691628146,0.0,0.0,M3317856944,0.0,0.0,0,0.0,0
395,PAYMENT,144.86,C8178927766,258.22,113.36,M8458323087,0.0,0.0,0,0.0,0
139,PAYMENT,56.4,C3660223333,62.02,5.62,M3636366799,0.0,0.0,0,0.0,0
415,CASH_OUT,290.21,C5428082088,308.38,18.17,M7270955446,0.0,0.0,1,0.06,0
510,CASH_OUT,826.79,C5982744929,991.36,164.57,M9590331226,0.0,0.0,1,0.03,0
429,PAYMENT,255.78,C7979466538,485.13,229.35,M6865994703,0.0,0.0,0,0.0,0
699,CASH_OUT,11.42,C5476654128,14.23,2.81,C5100282913,5024.84,5024.84,0,0.013333333333333334,0
54,CASH_OUT,1977.67,C9409682410,1982.88,5.21,M6130446648,0.0,0.0,1,0.016666666666666666,0
648,TRANSFER,330.29,C6065662867,393.68,63.39,C3421719519,0.0,330.29,1,0.08,0
622,TRANSFER,1496.97,C3280805846,2076.0,579.03,M1666898313,0.0,0.0,1,0.2733333333333333,0
706,TRANSFER,1.0,C8758809005,0.0,0.0,C7103588071,41.69,42.69,0,0.17,0
6,PAYMENT,7795.53,C9508499533,13490.28,5694.75,M7282885927,0.0,0.0,0,0.0,0
639,TRANSFER,1.0,C2586568081,0.0,0.0,C7059726570,163.12,164.12,0,0.12666666666666668,0
28,PAYMENT,20.94,C7451071432,38.49,17.55,M4035639663,0.0,0.0,0,0.0,0
593,PAYMENT,27.94,C8178927766,113.36,85.42,M3960136787,0.0,0.0,0,0.0,0
44,PAYMENT,492.1,C1590838716,83715.34,83223.24,M6606958660,0.0,0.0,0,0.0,0
434,TRANSFER,4163.14,C6214917780,4164.35,1.21,M3457877922,0.0,0.0,1,0.6366666666666667,1
15,TRANSFER,47306.85,C2068687175,56152.96,8846.11,M8874242713,0.0,0.0,1,0.17,0
651,TRANSFER,467.65,C4268713302,441.36,0.0,C3245108207,113.7,113.7,1,0.13666666666666666,0
656,TRANSFER,3967.15,C2818381356,4261.7,294.55,M7437168216,0.0,0.0,1,0.3333333333333333,0
412,PAYMENT,4002.7,C6168291913,4939.26,936.56,M9410569618,0.0,0.0,0,0.0,0
702,CASH_OUT,200.78,C8275679594,204.05,3.27,M4390543744,0.0,0.0,1,0.04666666666666667,0
262,TRANSFER,127.5,C7402059279,121.23,0.0,C1590985753,9.29,9.29,1,0.2,0
372,PAYMENT,17102.75,C2554039848,24878.65,7775.9,M5794335854,0.0,0.0,0,0.0,0
451,CASH_OUT,2228.96,C6287793163,2524.48,295.52,C2445662585,438.28,438.28,1,0.05,0
26,DEBIT,2297.92,C9579064478,2567.44,269.52,M8964269909,0.0,0.0,0,0.02,0
80,TRANSFER,344.53,C9639245200,461.45,116.92,C1045302356,0.0,344.53,0,0.03333333333333333,0
393,TRANSFER,114.38,C9771848610,160.72,46.34,C4536306171,87669.81,87669.81,1,0.0,0
369,TRANSFER,2.27,C6754503097,3.24,0.97,C2274350418,0.0,2.27,0,0.18,0
118,PAYMENT,1.0,C7894019119,1.0,0.0,M7960713821,0.0,0.0,0,0.0,0
77,TRANSFER,78.25,C6447717367,87.99,9.74,C3952295757,0.0,78.25,0,0.16666666666666666,0
42,PAYMENT,1.0,C9623534576,1.58,0.58,M5449848690,0.0,0.0,0,0.0,0
47,CASH_OUT,3011.59,C3962452613,3473.26,461.67,M6865994703,0.0,0.0,1,0.0,0
254,PAYMENT,1.0,C6963052185,0.82,0.0,M6845287382,0.0,0.0,0,0.0,0
672,PAYMENT,316.69,C5310195918,339.79,23.1,M1857561275,0.0,0.0,0,0.0,0
99,TRANSFER,128.57,C5083595988,356.2,227.63,C3958590550,38.07,166.64,0,0.02666666666666667,0
143,CASH_OUT,13.63,C3259520140,52.93,39.3,C4710967433,627.14,627.14,0,0.0033333333333333335,0
86,TRANSFER,1.0,C7088949191,0.68,0.0,C1590838716,83223.24,83224.24,0,0.0,0
460,TRANSFER,1.0,C9661615016,0.0,0.0,C2878930355,96.54,97.54,0,0.12666666666666668,0
534,PAYMENT,10213.13,C8046300793,16463.8,6250.67,M1240140248,0.0,0.0,0,0.0,0
615,TRANSFER,99994.59,C6656646925,91240.26,0.0,C2071552532,7.01,100001.6,1,0.05333333333333334,0
609,PAYMENT,229.14,C6613888489,350.76,121.62,M8366710477,0.0,0.0,0,0.0,0
604,TRANSFER,333.53,C9019515562,458.62,125.09,C5976777081,64.07,64.07,1,0.11333333333333333,0
481,CASH_OUT,1.0,C5613655595,0.0,0.0,C7784217828,0.0,0.0,0,0.08666666666666667,0
497,TRANSFER,1.0,C6974875750,0.0,0.0,C8543865915,29.12,30.12,0,0.18333333333333332,0
263,TRANSFER,286.99,C8636525027,289.09,2.1,C6493800024,0.0,0.0,1,0.17666666666666667,0
38,PAYMENT,298.71,C6128695961,677.6,378.89,M6932365592,0.0,0.0,0,0.0,0
175,TRANSFER,2833.61,C7560389844,3025.96,192.35,C2308638549,668.89,668.89,1,0.0033333333333333335,0
269,TRANSFER,13.41,C9318010743,22.73,9.32,C4482238042,0.0,13.41,0,0.16,0
625,CASH_OUT,561.07,C6186758088,471.25,0.0,C2082326234,78.11,78.11,1,0.06,0
329,PAYMENT,28.83,C4645120421,60.49,31.66,M3457877922,0.0,0.0,0,0.0,0
596,TRANSFER,907.8,C5923940434,1124.88,217.08,M8458323087,0.0,0.0,1,0.16333333333333333,0
429,PAYMENT,1.0,C9049270990,0.0,0.0,M1306420495,0.0,0.0,0,0.0,0
680,TRANSFER,22.92,C4526242854,26.68,3.76,C8532327465,714.16,737.08,0,0.06333333333333334,0
228,CASH_OUT,73.57,C5281907480,77.59,4.02,M2773408660,0.0,0.0,1,0.01,0
101,PAYMENT,8064.23,C5933179746,11320.35,3256.12,M3457877922,0.0,0.0,0,0.0,0
207,CASH_OUT,134.83,C1965067727,145.52,10.69,C1104906255,39.61,39.61,1,0.006666666666666667,0
512,PAYMENT,96.81,C2926780541,875.93,779.12,M3811254192,0.0,0.0,0,0.0,0
511,PAYMENT,32.21,C2780136605,41.07,8.86,M1857561275,0.0,0.0,0,0.0,0
224,PAYMENT,10.74,C6448001026,2817.15,2806.41,M4865979921,0.0,0.0,0,0.0,0
487,TRANSFER,6.0,C3149484176,16.44,10.44,C1251837136,0.0,6.0,0,0.17,0
85,CASH_OUT,1203.75,C1484664056,1399.25,195.5,M9896529524,0.0,0.0,1,0.0,0
30,CASH_OUT,1.0,C6201313620,0.0,0.0,C2009317340,0.0,0.0,0,0.0033333333333333335,0
12,TRANSFER,3168.59,C9086117171,2860.43,0.0,C5409514899,0.0,3168.59,1,0.17666666666666667,0
643,TRANSFER,1685.97,C1494287462,2013.5,327.53,C7209571615,0.0,1685.97,1,0.08,0
55,CASH_IN,1965.07,C2654584280,0.0,1965.07,C7079234115,0.0,0.0,0,0.0,0
397,CASH_OUT,1.0,C1011759631,0.0,0.0,C5067116918,1294.67,1294.67,0,0.016666666666666666,0
23,PAYMENT,54.98,C2602884797,8830.69,8775.71,M4211837506,0.0,0.0,0,0.0,0
151,TRANSFER,640.31,C7266763552,866.19,225.88,C6952291828,476.63,476.63,1,0.0,0
418,PAYMENT,1.0,C7784217828,0.0,0.0,M1122712790,0.0,0.0,0,0.0,0
13,PAYMENT,1.0,C1772303297,0.0,0.0,M2328736852,0.0,0.0,0,0.0,0
59,CASH_IN,99264.11,C4683935600,323.17,99587.28,C8761469117,12.22,12.22,0,0.0,0
503,PAYMENT,45.41,C1792214339,572.17,526.76,M3960136787,0.0,0.0,0,0.0,0
68,TRANSFER,1.0,C3109688769,0.0,0.0,C2079501936,56.48,57.48,0,0.12666666666666668,0
125,TRANSFER,1.77,C2549748436,3.07,1.3,C4104309491,53.79,55.56,0,0.09333333333333334,0
322,CASH_OUT,55.4,C6142469284,50.63,0.0,M7453081889,0.0,0.0,1,0.03666666666666667,0
373,PAYMENT,10.5,C6726515966,60.74,50.24,M6284297249,0.0,0.0,0,0.0,0
25,CASH_OUT,3299.34,C9711080868,4098.18,798.84,M2155671697,0.0,0.0,1,0.006666666666666667,0
429,CASH_OUT,1389.78,C8203447752,6316.16,4926.38,C5802739154,78.6,78.6,0,0.03,0
89,DEBIT,1.0,C6099808894,0.0,0.0,M6786043791,0.0,0.0,0,0.03,0
127,TRANSFER,1.0,C1036351450,0.0,0.0,C5418232833,269.84,270.84,0,0.01,0
271,TRANSFER,222.41,C1993998848,187.08,0.0,M7532669066,0.0,0.0,1,0.24,0
386,CASH_OUT,38.88,C2869999754,51.47,12.59,C7573442717,3204.37,3204.37,0,0.0033333333333333335,0
673,DEBIT,32.02,C6517150278,46.39,14.37,M8964269909,0.0,0.0,0,0.03,0
476,TRANSFER,178.71,C9033653743,156.29,0.0,M2555936898,0.0,0.0,1,0.23666666666666666,0
3,CASH_OUT,2038.67,C7292376027,2707.91,669.24,M2136107759,0.0,0.0,1,0.016666666666666666,0
462,TRANSFER,4813.52,C1271730355,4698.01,0.0,M4158643786,0.0,0.0,1,0.91,1
244,DEBIT,333.96,C2304963614,592.69,258.73,M2869931869,0.0,0.0,0,0.013333333333333334,0
600,CASH_IN,99863.33,C2866092821,0.0,99863.33,C3464975279,0.0,0.0,0,0.0,0
472,PAYMENT,1.0,C5515628633,0.0,0.0,M3355504998,0.0,0.0,0,0.0,0
407,CASH_OUT,3581.51,C8880184233,3582.2,0.69,M9444143872,0.0,0.0,1,0.1,0
30,CASH_OUT,679.86,C4633257620,816.8,136.94,C6924716023,56.02,56.02,1,0.0033333333333333335,0
171,CASH_OUT,1.0,C6576395496,0.0,0.0,C8394040015,637.63,637.63,0,0.006666666666666667,0
390,CASH_OUT,2628.95,C7539399243,2521.04,0.0,C4022360089,20.19,20.19,1,0.11666666666666667,0
403,CASH_OUT,581.34,C1124331395,610.69,29.35,M5734228580,0.0,0.0,1,0.02,0
249,DEBIT,1.0,C2777816561,0.0,0.0,M3019265031,0.0,0.0,0,0.03666666666666667,0
421,PAYMENT,1.0,C2407863065,0.65,0.0,M3508990774,0.0,0.0,0,0.0,0
628,CASH_OUT,284.03,C6544063167,343.83,59.8,C2571688961,1.08,1.08,1,0.03333333333333333,0
230,CASH_OUT,2336.55,C8236361108,2114.36,0.0,M4456193555,0.0,0.0,1,0.06,0
380,CASH_OUT,1966.13,C9526836552,1663.25,0.0,M7948094928,0.0,0.0,1,0.13,0
575,CASH_IN,4053.08,C2870403050,0.0,4053.08,C3047869247,0.0,0.0,0,0.0,0
251,TRANSFER,849.01,C2073755632,786.79,0.0,M6932365592,0.0,0.0,1,0.3333333333333333,0
377,PAYMENT,5220.55,C3772636814,13888.58,8668.03,M1888107487,0.0,0.0,0,0.0,0
665,PAYMENT,16.63,C8761956684,30.09,13.46,M8768773991,0.0,0.0,0,0.0,0
677,PAYMENT,1.0,C8531118333,0.0,0.0,M8458323087,0.0,0.0,0,0.0,0
691,PAYMENT,88.53,C1529290976,97.34,8.81,M4160161496,0.0,0.0,0,0.0,0
27,CASH_OUT,2936.54,C9691572571,3540.9,604.36,M4896576569,0.0,0.0,1,0.0033333333333333335,0
365,CASH_OUT,733.4,C2181241943,855.64,122.24,M6525576685,0.0,0.0,1,0.016666666666666666,0
234,CASH_OUT,346.89,C5092199300,364.95,18.06,M1099218439,0.0,0.0,1,0.016666666666666666,0
321,CASH_OUT,3726.75,C6566372886,3273.08,0.0,M3223687972,0.0,0.0,1,0.11666666666666667,0
198,TRANSFER,3983.56,C4700855390,3482.76,0.0,C6168291913,936.56,936.56,1,0.14666666666666667,0
695,CASH_OUT,66.64,C6218955985,16945.2,16878.56,C8380312396,1.13,1.13,0,0.013333333333333334,0
291,DEBIT,871.09,C3127657643,1188.54,317.45,M7960713821,0.0,0.0,0,0.01,0
317,TRANSFER,1492.64,C1276905285,1682.61,189.97,C4482141802,64.35,64.35,1,0.09666666666666666,0
60,TRANSFER,335.37,C7915226263,395.52,60.15,C9868845806,7586.16,7921.53,1,0.0,0
390,CASH_OUT,1.0,C8300300577,0.0,0.0,C9327720702,0.0,0.0,0,0.03666666666666667,0
5,PAYMENT,16969.91,C8382488970,146415.96,129446.05,M3705237613,0.0,0.0,0,0.0,0
646,PAYMENT,38.49,C4492602049,78.03,39.54,M7664045502,0.0,0.0,0,0.0,0
558,CASH_OUT,77.35,C2409274786,87.26,9.91,C1798112150,445.67,445.67,1,0.03333333333333333,0
241,PAYMENT,1.0,C4302632494,0.0,0.0,M9916475897,0.0,0.0,0,0.0,0
57,DEBIT,1.19,C1885113834,2.27,1.08,M3495411322,0.0,0.0,0,0.023333333333333334,0
178,DEBIT,1.0,C3528924461,0.0,0.0,M4601406440,0.0,0.0,0,0.03,0
404,TRANSFER,1755.41,C6628158856,2195.35,439.94,C2079770569,0.0,1755.41,1,0.013333333333333334,0
494,TRANSFER,2.98,C2073108894,3.4,0.42,C4526242854,3.76,6.74,0,0.19333333333333333,0
63,TRANSFER,1827.54,C1590985753,1526.13,0.0,C1039887139,32.19,32.19,1,0.31666666666666665,0
243,CASH_OUT,1098.9,C5455441991,1522.0,423.1,C7805633786,258.64,258.64,1,0.006666666666666667,0
637,TRANSFER,159.64,C5870891270,203.06,43.42,M9576264323,0.0,0.0,1,0.17333333333333334,0
477,PAYMENT,1.01,C9663561486,1.44,0.43,M1504729135,0.0,0.0,0,0.0,0
44,PAYMENT,1.0,C5115980792,0.0,0.0,M8044997538,0.0,0.0,0,0.0,0
57,CASH_OUT,3.63,C9730449971,17.33,13.7,C7573691558,0.0,0.0,0,0.0,0
595,PAYMENT,28.19,C4503614567,82132.33,82104.14,M6820149016,0.0,0.0,0,0.0,0
355,PAYMENT,10.07,C7640122370,14.13,4.06,M7750131975,0.0,0.0,0,0.0,0
570,DEBIT,3141.09,C1756345332,3777.56,636.47,M6498703287,0.0,0.0,0,0.03333333333333333,0
461,CASH_IN,101750.14,C3791027186,81.2,101831.34,C2064803502,412.61,412.61,0,0.0,0
324,CASH_OUT,3.0,C4440904834,6.45,3.45,C4037867512,230.1,230.1,0,0.013333333333333334,0
299,TRANSFER,23035.82,C2610237679,21665.48,0.0,M1857561275,0.0,0.0,1,0.8333333333333334,1
192,PAYMENT,1667.77,C3465740756,3237.55,1569.78,M9640701016,0.0,0.0,0,0.0,0
121,CASH_OUT,953.65,C7965608188,1074.23,120.58,M9410569618,0.0,0.0,1,0.0,0
36,PAYMENT,1.0,C2009317340,0.0,0.0,M6401844042,0.0,0.0,0,0.0,0
601,CASH_OUT,2.16,C3185386258,7.04,4.88,C3214080278,0.0,0.0,0,0.04666666666666667,0
148,PAYMENT,1130.41,C9421518487,3902.73,2772.32,M9398575277,0.0,0.0,0,0.0,0
52,CASH_OUT,772.86,C4227004325,717.1,0.0,M6606958660,0.0,0.0,1,0.08,0
704,CASH_OUT,3822.13,C7299420031,4120.23,298.1,C3476426797,33.22,33.22,1,0.023333333333333334,0
581,TRANSFER,156156.3,C3147818256,130189.9,0.0,M2518433834,0.0,0.0,1,0.9466666666666667,1
268,CASH_OUT,397.49,C9279291478,338.52,0.0,M9752092528,0.0,0.0,1,0.043333333333333335,0
654,PAYMENT,68.92,C1643611097,98.59,29.67,M1732578761,0.0,0.0,0,0.0,0
61,PAYMENT,4.91,C8458717057,7.1,2.19,M3072183247,0.0,0.0,0,0.0,0
235,CASH_OUT,465.38,C5569295400,626.66,161.28,C2613385303,21.1,21.1,1,0.01,0
222,CASH_OUT,1.0,C6474354351,0.0,0.0,C1470939445,582.24,582.24,0,0.006666666666666667,0
435,TRANSFER,3198.04,C3612617557,4346.28,1148.24,M8389750357,0.0,0.0,1,0.29,0
520,PAYMENT,33.74,C7887950851,91.38,57.64,M9581187661,0.0,0.0,0,0.0,0
22,CASH_OUT,150.35,C9189503254,289.63,139.28,C6320115677,1976.4,1976.4,0,0.01,0
38,PAYMENT,1.0,C7824150224,0.0,0.0,M9900829971,0.0,0.0,0,0.0,0
153,TRANSFER,4595.37,C3515167269,4447.55,0.0,M3636366799,0.0,0.0,1,0.77,1
423,CASH_OUT,1.0,C3484872186,0.0,0.0,C7481631841,1649.44,1649.44,0,0.06666666666666667,0
229,TRANSFER,1608.34,C6237376063,1690.78,82.44,C5364727160,87.88,1696.22,1,0.01,0
173,CASH_OUT,1.0,C8241550421,0.0,0.0,C6097953682,60.8,60.8,0,0.0,0
552,PAYMENT,16.86,C8543865915,30.12,13.26,M8646369354,0.0,0.0,0,0.0,0
672,PAYMENT,1.0,C8429141456,0.0,0.0,M8389750357,0.0,0.0,0,0.0,0
376,PAYMENT,1.0,C1818520766,0.0,0.0,M8778927211,0.0,0.0,0,0.0,0
180,CASH_OUT,1.0,C5439176290,0.48,0.0,C6081137534,659.26,659.26,0,0.006666666666666667,0
281,CASH_OUT,72.11,C1626733282,99.08,26.97,M2156184315,0.0,0.0,1,0.006666666666666667,0
148,PAYMENT,1.0,C5855415646,0.0,0.0,M8235474949,0.0,0.0,0,0.0,0
237,TRANSFER,111.86,C7525240100,124.66,12.8,M5564953924,0.0,0.0,1,0.16666666666666666,0
274,CASH_OUT,6.87,C2465576748,11.13,4.26,C4658080160,23.96,23.96,0,0.013333333333333334,0
324,CASH_OUT,256.14,C3305069227,330.71,74.57,M2187592160,0.0,0.0,1,0.01,0
300,PAYMENT,31.66,C2879792991,41.48,9.82,M1257854279,0.0,0.0,0,0.0,0
530,PAYMENT,1.0,C1754603440,0.0,0.0,M3469205576,0.0,0.0,0,0.0,0
315,CASH_IN,15304.3,C3923823693,400.62,15704.92,C6582557981,74459.42,74459.42,0,0.0,0
96,PAYMENT,1.0,C6425814872,0.0,0.0,M8044997538,0.0,0.0,0,0.0,0
606,PAYMENT,1.0,C9035194895,0.0,0.0,M9776500600,0.0,0.0,0,0.0,0
388,CASH_OUT,1.0,C1375899416,1.0,0.0,C7525240100,12.8,12.8,0,0.02666666666666667,0
352,TRANSFER,14.76,C8370987661,21.08,6.32,C9957813353,0.0,14.76,0,0.15,0
383,TRANSFER,1321.58,C9303285822,2762.0,1440.42,C3196545325,130.62,1452.2,0,0.01,0
641,PAYMENT,19.32,C7420493866,25183.59,25164.27,M6992094064,0.0,0.0,0,0.0,0
222,TRANSFER,7874.38,C6341783555,8987.67,1113.29,C9981364488,23324.39,31198.77,0,0.0,0
720,TRANSFER,2678.63,C5957341287,3781.42,1102.79,C1037811610,0.0,0.0,1,0.2633333333333333,0
1,CASH_OUT,2956.12,C4734111722,2617.22,0.0,C8388580360,0.0,0.0,1,0.07666666666666666,0
566,TRANSFER,611.91,C7397963801,649.46,37.55,C6591038760,23.49,635.4,0,0.05333333333333334,0
696,PAYMENT,1.0,C3653594796,0.0,0.0,M1647181551,0.0,0.0,0,0.0,0
317,TRANSFER,4121.74,C3214080278,4002.21,0.0,M2625035499,0.0,0.0,1,0.79,1
568,PAYMENT,27.5,C4062777850,46.08,18.58,M1096405016,0.0,0.0,0,0.0,0
166,TRANSFER,1.0,C9759180824,0.0,0.0,C3521300895,1.0,2.0,0,0.22,0
66,CASH_OUT,98.51,C1316756902,105.97,7.46,M7351460539,0.0,0.0,1,0.006666666666666667,0
496,PAYMENT,6.23,C6385791669,12.7,6.47,M4390543744,0.0,0.0,0,0.0,0
581,PAYMENT,1.0,C8015775567,0.0,0.0,M4035639663,0.0,0.0,0,0.0,0
179,TRANSFER,13.48,C3365835550,19.83,6.35,C2424706705,63.66,77.14,0,0.08666666666666667,0
135,TRANSFER,4657.81,C4990452762,4864.07,206.26,C1091729577,56.72,56.72,1,0.10333333333333333,0
169,TRANSFER,15225.07,C9229469952,13122.35,0.0,C3047869247,0.0,0.0,1,0.88,1
517,TRANSFER,1.0,C6474354351,0.0,0.0,C8858766173,50813.24,50814.24,0,0.01,0
183,PAYMENT,66.38,C5227828349,132.24,65.86,M3705237613,0.0,0.0,0,0.0,0
271,CASH_OUT,1.0,C4531928910,0.0,0.0,C6311894154,451.32,451.32,0,0.013333333333333334,0
391,PAYMENT,2720.21,C3420721027,10702.44,7982.23,M5869990861,0.0,0.0,0,0.0,0
611,DEBIT,278.48,C6171239466,680.0,401.52,M5087280062,0.0,0.0,0,0.023333333333333334,0
291,PAYMENT,2.29,C5118430494,3.01,0.72,M9444143872,0.0,0.0,0,0.0,0
369,CASH_OUT,1344.39,C6488854841,1685.61,341.22,C5083595988,227.63,227.63,1,0.006666666666666667,0
647,PAYMENT,26.34,C1749459431,91.05,64.71,M7282885927,0.0,0.0,0,0.0,0
133,CASH_OUT,3311.01,C6655089949,4095.2,784.19,M3369412470,0.0,0.0,1,0.0,0
82,TRANSFER,4135.02,C2963288053,4498.26,363.24,M5325865521,0.0,0.0,1,0.21333333333333335,0
450,TRANSFER,1402.63,C6110943464,1394.8,0.0,C9544423456,2555.81,3958.44,1,0.17666666666666667,0
258,CASH_OUT,4378.35,C4302709858,3708.78,0.0,M4242579642,0.0,0.0,1,0.08,0
95,CASH_IN,5043.75,C3271361431,129.6,5173.35,C6642266247,976.57,976.57,0,0.0,0
131,PAYMENT,1.0,C3484872186,0.0,0.0,M3355504998,0.0,0.0,0,0.0,0
323,CASH_IN,117947.89,C6054421752,30.24,117978.13,C7628981661,348.6,348.6,0,0.0,0
390,TRANSFER,1.0,C8055556030,0.0,0.0,C9916336966,16.47,17.47,0,0.18,0
392,TRANSFER,1.0,C4268713302,0.0,0.0,C3178995337,0.0,1.0,0,0.22,0
179,PAYMENT,846.05,C9451577335,88409.05,87563.0,M9020002737,0.0,0.0,0,0.0,0
677,TRANSFER,3613.08,C1855256552,3543.66,0.0,M9576264323,0.0,0.0,1,0.8966666666666666,1
463,CASH_OUT,298.35,C2250949136,254.42,0.0,C6493800024,0.0,0.0,1,0.10666666666666667,0
127,PAYMENT,341.57,C3836517266,37512.27,37170.7,M5449848690,0.0,0.0,0,0.0,0
321,CASH_OUT,403.22,C1281199333,560.77,157.55,C2304963614,258.73,258.73,0,0.023333333333333334,0
367,TRANSFER,10.55,C6844582171,26.95,16.4,C3365835550,6.35,16.9,0,0.12333333333333334,0
624,TRANSFER,568.78,C8182649048,627.92,59.14,C3465740756,1569.78,2138.56,0,0.043333333333333335,0
713,PAYMENT,1.0,C2610237679,0.0,0.0,M2115862756,0.0,0.0,0,0.0,0
22,PAYMENT,13.4,C9957643727,51.1,37.7,M2129491690,0.0,0.0,0,0.0,0
410,CASH_OUT,9.16,C5638860656,10.82,1.66,C7685540186,128.7,128.7,0,0.04666666666666667,0
149,PAYMENT,1048.64,C8973989997,41541.1,40492.46,M4242579642,0.0,0.0,0,0.0,0
383,PAYMENT,1.0,C2620054076,0.0,0.0,M3355504998,0.0,0.0,0,0.0,0
616,TRANSFER,1.0,C6265016831,0.0,0.0,C5754363475,0.0,1.0,0,0.23333333333333334,0
586,PAYMENT,42.18,C9771848610,46.34,4.16,M2916502228,0.0,0.0,0,0.0,0
534,PAYMENT,10507.54,C5077921573,13807.32,3299.78,M6651020291,0.0,0.0,0,0.0,0
600,CASH_OUT,1.0,C9856756553,0.0,0.0,C9861449701,113.86,113.86,0,0.05333333333333334,0
685,PAYMENT,1.0,C7846365089,0.0,0.0,M2885370603,0.0,0.0,0,0.0,0
457,TRANSFER,2898.7,C6822870815,3572.58,673.88,M3223687972,0.0,0.0,1,0.2833333333333333,0
398,DEBIT,1.46,C6720572969,4.23,2.77,M6041646576,0.0,0.0,0,0.03666666666666667,0
115,TRANSFER,192.73,C5283911723,298.25,105.52,C3734252963,285.8,478.53,0,0.01,0
670,CASH_OUT,2305.93,C4026113008,2746.3,440.37,C6789448659,666.09,666.09,1,0.01,0
77,PAYMENT,1.0,C9573276057,0.0,0.0,M6011842297,0.0,0.0,0,0.0,0
154,TRANSFER,309.68,C1717346250,263.78,0.0,M2228388623,0.0,0.0,1,0.22333333333333333,0
516,PAYMENT,99.22,C8418332121,530.73,431.51,M6659847491,0.0,0.0,0,0.0,0
529,TRANSFER,14.42,C7451071432,17.55,3.13,C8180620422,4543.02,4557.44,0,0.03333333333333333,0
206,PAYMENT,1.0,C7981077394,0.0,0.0,M9896529524,0.0,0.0,0,0.0,0
507,CASH_IN,147709.49,C8390631634,1170.93,148880.42,C6719736115,0.0,0.0,0,0.0,0
551,PAYMENT,62.22,C4180599722,93.27,31.05,M2655546199,0.0,0.0,0,0.0,0
479,PAYMENT,45.64,C7872090713,53.81,8.17,M3636366799,0.0,0.0,0,0.0,0
399,TRANSFER,3998.94,C5606736607,4056.68,57.74,M9288057824,0.0,0.0,1,0.42,0
296,CASH_OUT,482.52,C3260842187,628.71,146.19,M9776500600,0.0,0.0,1,0.02666666666666667,0
200,PAYMENT,4.73,C6385791669,6.47,1.74,M8778927211,0.0,0.0,0,0.0,0
8,TRANSFER,1.0,C4641561499,0.0,0.0,C5972484792,58.83,59.83,0,0.11666666666666667,0
354,TRANSFER,1.0,C2145921803,0.33,0.0,C9411532909,32501.14,32502.14,0,0.0,0
714,CASH_IN,114250.18,C7183058541,0.0,114250.18,C3660223333,5.62,5.62,0,0.0,0
57,CASH_OUT,5051.53,C3849232839,13241.65,8190.12,C7190276026,73492.59,73492.59,0,0.0033333333333333335,0
589,PAYMENT,377.51,C9484167278,404.59,27.08,M8903212516,0.0,0.0,0,0.0,0
263,PAYMENT,1.0,C6714723660,0.0,0.0,M9921025990,0.0,0.0,0,0.0,0
35,TRANSFER,151.31,C7560389844,192.35,41.04,M7270955446,0.0,0.0,1,0.16,0
538,DEBIT,1.0,C1036351450,0.0,0.0,M5270048042,0.0,0.0,0,0.043333333333333335,0
368,CASH_OUT,10056.65,C1121863227,48575.27,38518.62,C8832617672,0.0,0.0,0,0.0,0
366,CASH_OUT,53.59,C6463640105,77.11,23.52,C6289150149,0.0,0.0,0,0.013333333333333334,0
521,PAYMENT,103.26,C7832220535,314.94,211.68,M9288057824,0.0,0.0,0,0.0,0
368,CASH_OUT,2940.7,C6131005449,3749.54,808.84,C5884080139,838.66,838.66,1,0.0,0
98,CASH_OUT,1.0,C1173215225,0.0,0.0,C7573691558,0.0,0.0,0,0.0033333333333333335,0
186,TRANSFER,64.33,C8625905455,55.5,0.0,M3960136787,0.0,0.0,1,0.23666666666666666,0
676,TRANSFER,67.89,C3207160929,69.31,1.42,C5483308751,22308.51,22376.4,1,0.0033333333333333335,0
437,PAYMENT,1.0,C7568980185,0.0,0.0,M6932365592,0.0,0.0,0,0.0,0
201,TRANSFER,1184.6,C5161807235,1569.4,384.8,M7702529931,0.0,0.0,1,0.12666666666666668,0
202,TRANSFER,4705.9,C9544423456,3958.44,0.0,C8709361138,153.0,4858.9,1,0.02,0
165,CASH_IN,21302.67,C8083175325,6618.42,27921.09,C9032096058,0.0,0.0,0,0.0,0
2,CASH_OUT,1.0,C9138644862,0.97,0.0,C8293928340,0.0,0.0,0,0.02666666666666667,0
386,PAYMENT,60.77,C2283298067,83.77,23.0,M3690714075,0.0,0.0,0,0.0,0
599,TRANSFER,1.0,C6710338189,0.0,0.0,C7088949191,0.0,1.0,0,0.23333333333333334,0
14,PAYMENT,106.37,C8025152555,246.56,140.19,M5869990861,0.0,0.0,0,0.0,0
702,PAYMENT,1.0,C2419931729,0.0,0.0,M8643636805,0.0,0.0,0,0.0,0
94,PAYMENT,622.07,C2267619081,1227.38,605.31,M6053489772,0.0,0.0,0,0.0,0
630,TRANSFER,25.87,C4623960580,87.21,61.34,C4102821948,432.53,458.4,0,0.07333333333333333,0
472,DEBIT,1.0,C9493209128,0.0,0.0,M3019265031,0.0,0.0,0,0.04666666666666667,0
385,TRANSFER,1.0,C2918260963,0.0,0.0,C4067961943,26.16,27.16,0,0.16,0
271,PAYMENT,1.12,C5584288132,2.81,1.69,M2391874847,0.0,0.0,0,0.0,0
380,CASH_OUT,22312.7,C4536306171,87669.81,65357.11,C8625905455,0.0,0.0,0,0.0,0
291,PAYMENT,1.0,C5028688786,0.0,0.0,M9398575277,0.0,0.0,0,0.0,0
138,CASH_OUT,638.23,C3722583581,2721.18,2082.95,C4731897202,132.78,132.78,0,0.0,0
350,TRANSFER,1477.69,C3206955437,1758.81,281.12,C9067664957,1.05,1.05,1,0.14,0
276,TRANSFER,2964.41,C3250402001,4632.75,1668.34,C7750819485,0.0,2964.41,0,0.0,0
366,CASH_OUT,1.0,C2515672889,0.0,0.0,C4386667704,14.32,14.32,0,0.023333333333333334,0
642,PAYMENT,1.0,C2836553621,0.0,0.0,M8643636805,0.0,0.0,0,0.0,0
595,CASH_OUT,55.16,C1158998032,82.49,27.33,C9539945315,910.39,910.39,0,0.03333333333333333,0
83,PAYMENT,295.61,C5996775663,813.98,518.37,M2571632270,0.0,0.0,0,0.0,0
466,CASH_IN,19171.71,C5695387521,34.95,19206.66,C6173344564,47.17,47.17,0,0.0,0
566,PAYMENT,412.18,C4398953973,563.52,151.34,M1802753761,0.0,0.0,0,0.0,0
300,PAYMENT,15273.22,C8973989997,40492.46,25219.24,M9918338001,0.0,0.0,0,0.0,0
443,PAYMENT,1.0,C8380507338,0.77,0.0,M2885370603,0.0,0.0,0,0.0,0
13,TRANSFER,1346.75,C9546021691,1341.72,0.0,C5982744929,164.57,164.57,1,0.13333333333333333,0
449,CASH_OUT,760.79,C2753617371,770.45,9.66,M3297681898,0.0,0.0,1,0.07,0
649,PAYMENT,1.1,C7648059419,135.22,134.12,M3960136787,0.0,0.0,0,0.0,0
419,CASH_OUT,1584.34,C8261111839,2026.57,442.23,C5923940434,217.08,217.08,1,0.04,0
167,PAYMENT,28.93,C7311011808,39.75,10.82,M5585110649,0.0,0.0,0,0.0,0
662,CASH_OUT,59.99,C5604529187,63.79,3.8,M9921025990,0.0,0.0,1,0.043333333333333335,0
309,PAYMENT,1.0,C6633778586,0.0,0.0,M5815678365,0.0,0.0,0,0.0,0
165,TRANSFER,116.68,C3260842187,146.19,29.51,C2476831585,9158.71,9275.39,0,0.0,0
619,PAYMENT,1.0,C8076527214,0.0,0.0,M3605446007,0.0,0.0,0,0.0,0
256,PAYMENT,1.0,C5567816720,0.0,0.0,M5985331805,0.0,0.0,0,0.0,0
380,CASH_OUT,155.43,C1817804383,194.92,39.49,M4892544235,0.0,0.0,1,0.013333333333333334,0
693,DEBIT,1.0,C5673482258,0.0,0.0,M1458227039,0.0,0.0,0,0.05,0
273,TRANSFER,591.22,C1553155490,926.58,335.36,C9248046539,5.88,597.1,0,0.0,0
502,CASH_OUT,1.0,C6773938304,0.0,0.0,C6131005449,808.84,808.84,0,0.06,0
614,CASH_OUT,73.54,C7628981661,348.6,275.06,C7539399243,0.0,0.0,0,0.02666666666666667,0
303,TRANSFER,291.72,C4946081594,362.6,70.88,M5694439775,0.0,0.0,1,0.15666666666666668,0
338,PAYMENT,1.0,C5515628633,0.0,0.0,M3107992942,0.0,0.0,0,0.0,0
546,PAYMENT,4463.58,C8369792370,83100.3,78636.72,M8790289305,0.0,0.0,0,0.0,0
103,TRANSFER,1.0,C6587537178,1.0,0.0,C3781569954,206.67,207.67,0,0.05,0
475,DEBIT,276.94,C3975418439,399.28,122.34,M2910594463,0.0,0.0,0,0.02666666666666667,0
555,PAYMENT,1.0,C8505373158,1.0,0.0,M6053489772,0.0,0.0,0,0.0,0
547,TRANSFER,2131.55,C9989642546,2045.57,0.0,M6247463262,0.0,0.0,1,0.7766666666666666,1
669,CASH_IN,7891.51,C3744446292,52.68,7944.19,C9618334441,3344.27,3344.27,0,0.0,0
427,CASH_OUT,12.64,C1594312071,44.91,32.27,C1131267917,1.85,1.85,0,0.04,0
617,PAYMENT,98.17,C2818381356,294.55,196.38,M4122901114,0.0,0.0,0,0.0,0
36,TRANSFER,5974.13,C3710566582,26131.01,20156.88,C1551395583,37756.38,43730.51,0,0.0,0
172,PAYMENT,1.6,C7193532615,6.19,4.59,M2839566253,0.0,0.0,0,0.0,0
10,PAYMENT,7.27,C2020262123,10.06,2.79,M2187592160,0.0,0.0,0,0.0,0
97,TRANSFER,820.73,C9863781331,733.59,0.0,M2121448210,0.0,0.0,1,0.3,0
48,PAYMENT,199.57,C1958682846,822.23,622.66,M6894024976,0.0,0.0,0,0.0,0
574,PAYMENT,1.0,C3739951076,0.0,0.0,M1413599241,0.0,0.0,0,0.0,0
567,PAYMENT,33.71,C5315211627,128806.47,128772.76,M4158643786,0.0,0.0,0,0.0,0
250,PAYMENT,1.23,C1439427140,2.18,0.95,M4601406440,0.0,0.0,0,0.0,0
231,PAYMENT,80.51,C1288765093,802.2,721.69,M8083396378,0.0,0.0,0,0.0,0
544,PAYMENT,1.0,C5567816720,0.0,0.0,M2695447268,0.0,0.0,0,0.0,0
148,PAYMENT,1.0,C9958044697,0.0,0.0,M1122712790,0.0,0.0,0,0.0,0
249,PAYMENT,1.0,C4455798713,0.0,0.0,M8030400668,0.0,0.0,0,0.0,0
378,CASH_OUT,1031.27,C4012917912,983.43,0.0,M2916502228,0.0,0.0,1,0.18,0
393,CASH_OUT,2758.71,C3875303857,3747.32,988.61,M7340036327,0.0,0.0,1,0.01,0
446,TRANSFER,1.0,C6620138568,0.0,0.0,C3250402001,1668.34,1669.34,0,0.07666666666666666,0
308,CASH_OUT,8.89,C6313758032,10.65,1.76,C5419627962,390.13,390.13,0,0.016666666666666666,0
423,TRANSFER,10516.66,C8973989997,25219.24,14702.58,C2304963614,258.73,10775.39,0,0.0033333333333333335,0
51,TRANSFER,25.36,C7527316141,96.46,71.1,C6792661894,6213.16,6238.52,0,0.0033333333333333335,0
651,DEBIT,1287.57,C8377088167,3433.28,2145.71,M9255306810,0.0,0.0,0,0.02666666666666667,0
499,CASH_IN,46433.46,C2877279755,10.42,46443.88,C7249213370,0.0,0.0,0,0.0,0
154,PAYMENT,1351.0,C2866092821,99863.33,98512.33,M5535650160,0.0,0.0,0,0.0,0
272,CASH_OUT,207.74,C9437783771,197.25,0.0,C7004510516,205.73,205.73,1,0.016666666666666666,0
399,CASH_OUT,278.68,C6585609060,309.19,30.51,M2541015125,0.0,0.0,1,0.02,0
195,PAYMENT,2.76,C8110054933,5.19,2.43,M5734228580,0.0,0.0,0,0.0,0
114,TRANSFER,288.72,C2537965898,296.43,7.71,M7512767226,0.0,0.0,1,0.16333333333333333,0
540,PAYMENT,268.29,C8846861559,283.78,15.49,M9098037639,0.0,0.0,0,0.0,0
146,TRANSFER,1.0,C9078786223,0.0,0.0,C5376302686,242.0,243.0,0,0.013333333333333334,0
369,PAYMENT,271.19,C4471642620,495.31,224.12,M5734228580,0.0,0.0,0,0.0,0
54,TRANSFER,31613.42,C8487449580,44399.65,12786.23,C1033015788,0.0,0.0,1,0.22666666666666666,0
699,TRANSFER,8951.53,C4508521152,9830.71,879.18,C6340003593,5172.88,5172.88,1,0.016666666666666666,0
171,TRANSFER,1090.65,C9381721143,998.8,0.0,M3690714075,0.0,0.0,1,0.31333333333333335,0
232,TRANSFER,199.96,C7529817193,248.07,48.11,C1939042955,54703.68,54703.68,1,0.0,0
686,PAYMENT,14.66,C3476426797,33.22,18.56,M2129491690,0.0,0.0,0,0.0,0
687,CASH_OUT,255.86,C7074050517,309.42,53.56,C9830946410,10.22,10.22,0,0.02666666666666667,0
222,PAYMENT,1.0,C2802141793,1.81,0.81,M3846182436,0.0,0.0,0,0.0,0
312,TRANSFER,14275.54,C7823288650,13877.56,0.0,M9977193987,0.0,0.0,1,0.8933333333333333,1
575,CASH_OUT,1758.1,C6069848439,2161.57,403.47,C6880115912,87.56,87.56,1,0.023333333333333334,0
147,CASH_OUT,8090.18,C6548442140,6928.22,0.0,M3072183247,0.0,0.0,1,0.06,0
544,TRANSFER,1.0,C3380064537,0.0,0.0,C4915196257,254.32,255.32,0,0.1,0
571,PAYMENT,169.68,C9503597301,407.12,237.44,M7702529931,0.0,0.0,0,0.0,0
150,CASH_OUT,1211.13,C3880327491,1322.95,111.82,C4201225242,82.0,82.0,0,0.0,0
79,PAYMENT,6328.07,C8487449580,12786.23,6458.16,M4689605624,0.0,0.0,0,0.0,0
85,CASH_OUT,1.0,C9958044697,0.0,0.0,C7961674558,3992.99,3992.99,0,0.0033333333333333335,0
550,CASH_OUT,2280.05,C6714723660,2074.59,0.0,M1368287033,0.0,0.0,1,0.18333333333333332,0
474,TRANSFER,258.33,C6884333221,279.32,20.99,C2293434554,12.04,12.04,1,0.13333333333333333,0
102,CASH_OUT,1.0,C8122042835,0.86,0.0,C6402580787,5350.96,5350.96,0,0.0,0
696,TRANSFER,1.0,C6588316233,1.77,0.77,C5083595988,227.63,228.63,0,0.09333333333333334,0
475,CASH_OUT,135.59,C3975418439,122.34,0.0,M1999913493,0.0,0.0,1,0.11,0
582,PAYMENT,488.87,C3196545325,1452.2,963.33,M1466305100,0.0,0.0,0,0.0,0
700,CASH_OUT,20.78,C4277422858,23.36,2.58,C2349641712,90.23,90.23,0,0.03,0
198,CASH_OUT,1475.8,C3550908958,1395.11,0.0,C5694848867,1.0,1.0,1,0.05,0
203,CASH_OUT,1.0,C3338877621,0.0,0.0,C5433722159,1.46,1.46,0,0.013333333333333334,0
602,TRANSFER,1214.99,C4558302256,1507.85,292.86,C3389594115,15483.95,15483.95,1,0.01,0
569,CASH_IN,29649.54,C7872873371,120.87,29770.41,C2407863065,0.0,0.0,0,0.0,0
227,PAYMENT,1.0,C5724657556,0.0,0.0,M2571632270,0.0,0.0,0,0.0,0
431,CASH_OUT,1.16,C1131267917,1.85,0.69,C9916336966,17.47,17.47,0,0.056666666666666664,0
371,CASH_OUT,1820.08,C8995045543,2528.34,708.26,C4413838650,0.67,0.67,1,0.01,0
112,TRANSFER,1.0,C8086527181,0.0,0.0,C9305502799,0.0,1.0,0,0.22666666666666666,0
453,PAYMENT,1.0,C7896596272,0.28,0.0,M9404002665,0.0,0.0,0,0.0,0
460,CASH_OUT,166.54,C1225953184,141.62,0.0,M3846182436,0.0,0.0,1,0.10666666666666667,0
54,CASH_OUT,3979.94,C9630522755,4097.61,117.67,M1857561275,0.0,0.0,1,0.0033333333333333335,0
673,CASH_OUT,1508.1,C7590302909,1441.44,0.0,M7514017540,0.0,0.0,1,0.17666666666666667,0
6,TRANSFER,239.79,C1754368373,261.22,21.43,M6692705133,0.0,0.0,1,0.15,0
90,TRANSFER,5.5,C9441018790,13.01,7.51,C7668801906,1128.88,1134.38,0,0.01,0
148,TRANSFER,48.09,C7965608188,120.58,72.49,C8880184233,0.69,48.78,0,0.14666666666666667,0
371,PAYMENT,33.28,C2320763135,96.79,63.51,M9896529524,0.0,0.0,0,0.0,0
248,CASH_OUT,810.71,C5082603360,903.6,92.89,M5734228580,0.0,0.0,1,0.0033333333333333335,0
44,TRANSFER,63.42,C7665963761,79.38,15.96,C3367665472,1070.32,1133.74,0,0.01,0
543,CASH_OUT,101.54,C6231117883,178.26,76.72,C2082326234,78.11,78.11,0,0.03,0
175,PAYMENT,1.0,C7896596272,0.0,0.0,M4865979921,0.0,0.0,0,0.0,0
632,TRANSFER,64.08,C6000952470,95.99,31.91,C1036351450,0.0,64.08,0,0.17666666666666667,0
170,TRANSFER,589.68,C9410288290,583.4,0.0,C5673482258,0.0,0.0,1,0.2866666666666667,0
134,PAYMENT,577.97,C7467073633,974.94,396.97,M2115406331,0.0,0.0,0,0.0,0
311,PAYMENT,53.19,C6009268066,67.71,14.52,M3811254192,0.0,0.0,0,0.0,0
541,CASH_OUT,192.07,C2431779064,253.84,61.77,M4306983924,0.0,0.0,1,0.03666666666666667,0
420,PAYMENT,71.81,C1248786714,78.73,6.92,M2243802345,0.0,0.0,0,0.0,0
483,PAYMENT,1.0,C8241550421,0.0,0.0,M2773408660,0.0,0.0,0,0.0,0
601,PAYMENT,1.0,C5199176431,0.0,0.0,M6763471833,0.0,0.0,0,0.0,0
348,TRANSFER,1.0,C7818568548,0.0,0.0,C5646880148,454.57,455.57,0,0.01,0
296,CASH_IN,53256.64,C2087974350,3542.0,56798.64,C8906163641,162.92,162.92,0,0.0,0
368,DEBIT,1.0,C4413838650,0.67,0.0,M8861351706,0.0,0.0,0,0.04,0
648,PAYMENT,35.58,C7508080884,88.78,53.2,M1676220116,0.0,0.0,0,0.0,0
282,TRANSFER,1.0,C4673457063,0.0,0.0,C2052811909,0.0,1.0,0,0.23333333333333334,0
8,CASH_OUT,1.0,C3058982440,0.0,0.0,C1624173500,286.89,286.89,0,0.0033333333333333335,0
386,PAYMENT,1.0,C8178361487,0.0,0.0,M8740820392,0.0,0.0,0,0.0,0
13,PAYMENT,1.0,C5381866906,0.0,0.0,M2115862756,0.0,0.0,0,0.0,0
293,DEBIT,337.09,C5419627962,390.13,53.04,M7570511906,0.0,0.0,0,0.02,0
383,CASH_OUT,3323.63,C4159699467,3105.55,0.0,C4095476665,0.0,0.0,1,0.14666666666666667,0
159,CASH_OUT,1.44,C8458717057,2.19,0.75,C9508499533,5694.75,5694.75,0,0.0,0
257,CASH_OUT,3251.06,C1322401182,3590.74,339.68,C6789292252,0.0,0.0,1,0.0033333333333333335,0
322,DEBIT,1305.3,C1290050198,6440.02,5134.72,M8790289305,0.0,0.0,0,0.01,0
72,DEBIT,1.0,C6588252632,0.76,0.0,M6130446648,0.0,0.0,0,0.03,0
177,PAYMENT,2604.1,C6944371787,8386.55,5782.45,M2695447268,0.0,0.0,0,0.0,0
85,CASH_OUT,25.28,C2140169349,33.55,8.27,C7910817577,0.0,0.0,0,0.0033333333333333335,0
597,CASH_OUT,961.29,C7049001493,1089.6,128.31,M6744039057,0.0,0.0,1,0.03,0
278,PAYMENT,1.0,C4642197907,1.22,0.22,M9977193987,0.0,0.0,0,0.0,0
453,CASH_OUT,3896.29,C1271730355,3668.85,0.0,C9919491730,8.44,8.44,1,0.4166666666666667,0
490,TRANSFER,107.33,C2653032484,102.44,0.0,C9409682410,5.21,112.54,1,0.18333333333333332,0
604,PAYMENT,23.04,C3088517710,43.27,20.23,M8058679999,0.0,0.0,0,0.0,0
589,CASH_IN,15129.84,C2407863065,0.0,15129.84,C9738752801,562.58,562.58,0,0.0,0
285,PAYMENT,138.14,C1569113257,202.49,64.35,M2778069478,0.0,0.0,0,0.0,0
164,TRANSFER,2.53,C3780475472,26527.2,26524.67,C3365835550,16.9,19.43,0,0.11666666666666667,0
616,CASH_OUT,8725.03,C5220094152,51773.91,43048.88,C7088949191,1.0,1.0,0,0.013333333333333334,0
525,TRANSFER,1.0,C2540492440,0.19,0.0,C4104309491,55.56,56.56,0,0.17,0
312,PAYMENT,84.41,C3426709025,96.39,11.98,M7351460539,0.0,0.0,0,0.0,0
423,CASH_OUT,841.73,C7579604766,835.1,0.0,M3297681898,0.0,0.0,1,0.44,0
689,CASH_OUT,4459.61,C3479708607,4321.18,0.0,M5087280062,0.0,0.0,1,0.24333333333333335,0
116,PAYMENT,1.0,C3598862507,0.0,0.0,M6045729129,0.0,0.0,0,0.0,0
373,TRANSFER,263.23,C3693916084,315.33,52.1,C8943866829,0.0,263.23,0,0.02666666666666667,0
45,CASH_OUT,1.0,C9703905715,0.0,0.0,C8110054933,2.43,2.43,0,0.0033333333333333335,0
653,PAYMENT,1.0,C2525930586,0.0,0.0,M7341757401,0.0,0.0,0,0.0,0
164,CASH_OUT,183.38,C4712367625,219.68,36.3,C3259520140,39.3,39.3,0,0.0,0
319,PAYMENT,1057.9,C2317723211,1628.46,570.56,M9918338001,0.0,0.0,0,0.0,0
57,DEBIT,1933.95,C2752536389,95873.71,93939.76,M4125758723,0.0,0.0,0,0.006666666666666667,0
188,PAYMENT,253.29,C9621419224,863.33,610.04,M2391874847,0.0,0.0,0,0.0,0
295,PAYMENT,1.0,C9303765140,0.0,0.0,M7230477043,0.0,0.0,0,0.0,0
156,CASH_OUT,2628.64,C2924568778,3371.79,743.15,C4655730355,673.08,673.08,1,0.0,0
436,CASH_IN,32868.25,C4283432667,323.31,33191.56,C2409274786,9.91,9.91,0,0.0,0
636,CASH_OUT,21.53,C5972484792,59.83,38.3,C8458717057,0.75,0.75,0,0.03333333333333333,0
194,DEBIT,152.79,C6910112521,213.42,60.63,M6786043791,0.0,0.0,0,0.016666666666666666,0
286,PAYMENT,1.0,C5952163720,0.17,0.0,M6790024996,0.0,0.0,0,0.0,0
436,PAYMENT,1.0,C8118065825,1.0,0.0,M3094407076,0.0,0.0,0,0.0,0
595,TRANSFER,3089.73,C3591527330,2834.87,0.0,C4070964768,48798.51,48798.51,1,0.06,0
393,PAYMENT,31.82,C6910112521,60.63,28.81,M2418407139,0.0,0.0,0,0.0,0
297,CASH_OUT,437.0,C9526836552,401.77,0.0,C2625792787,35.89,35.89,1,0.06,0
205,CASH_IN,69840.41,C6341783555,1113.29,70953.7,C9166381136,547.81,547.81,0,0.0,0
443,CASH_OUT,1.0,C7608153267,0.0,0.0,C9155819200,16.87,16.87,0,0.08666666666666667,0
525,TRANSFER,1983.98,C7568861677,2700.08,716.1,M1343875431,0.0,0.0,1,0.29333333333333333,0
445,TRANSFER,3170.2,C3837784389,3082.81,0.0,M1257854279,0.0,0.0,1,0.8966666666666666,1
679,TRANSFER,23.03,C2268006448,109.45,86.42,C4422700486,5.24,28.27,0,0.14,0
339,PAYMENT,72.2,C3791815554,84.14,11.94,M4125758723,0.0,0.0,0,0.0,0
628,CASH_OUT,2417.87,C9916336966,2194.79,0.0,C7670476743,20.14,20.14,1,0.15666666666666668,0
342,TRANSFER,1.0,C9945002229,0.0,0.0,C3952295757,78.25,79.25,0,0.11333333333333333,0
139,TRANSFER,1.0,C2515672889,0.0,0.0,C5728897164,0.0,1.0,0,0.21666666666666667,0
208,TRANSFER,1.0,C2571688961,1.08,0.08,C4422700486,28.27,29.27,0,0.16666666666666666,0
615,PAYMENT,942.04,C5933179746,3256.12,2314.08,M7678293431,0.0,0.0,0,0.0,0
531,PAYMENT,148.23,C5694190173,180.79,32.56,M2115406331,0.0,0.0,0,0.0,0
15,PAYMENT,1.0,C3792347639,0.84,0.0,M7861571879,0.0,0.0,0,0.0,0
695,CASH_OUT,127447.05,C5294535887,114273.95,0.0,C6655089949,784.19,784.19,1,0.14,0
200,PAYMENT,1.0,C7710396573,1.08,0.08,M5694439775,0.0,0.0,0,0.0,0
28,CASH_OUT,1.0,C8468071953,0.0,0.0,C5584288132,1.69,1.69,0,0.006666666666666667,0
204,CASH_OUT,79.24,C1726990714,108.23,28.99,M2249831874,0.0,0.0,1,0.0033333333333333335,0
314,TRANSFER,1.0,C3796581976,0.0,0.0,C8478529823,7184.25,7185.25,0,0.0,0
416,TRANSFER,1.0,C8300300577,0.0,0.0,C9147687657,0.0,1.0,0,0.20333333333333334,0
434,PAYMENT,7988.6,C1981049082,12081.36,4092.76,M2328736852,0.0,0.0,0,0.0,0
171,CASH_IN,22907.91,C8109891300,3.83,22911.74,C4972536230,0.0,0.0,0,0.0,0
301,CASH_IN,5828.34,C4531928910,0.0,5828.34,C2377246195,20.83,20.83,0,0.0,0
601,PAYMENT,1.0,C9909257076,0.0,0.0,M5869990861,0.0,0.0,0,0.0,0
282,CASH_OUT,1404.17,C7337225482,1277.72,0.0,M2885370603,0.0,0.0,1,0.17333333333333334,0
64,PAYMENT,1.0,C5254923696,0.0,0.0,M1099218439,0.0,0.0,0,0.0,0
422,TRANSFER,549.98,C3734252963,478.53,0.0,M6894024976,0.0,0.0,1,0.22333333333333333,0
674,PAYMENT,494.68,C9098129449,2375.05,1880.37,M6041646576,0.0,0.0,0,0.0,0
656,CASH_OUT,277.03,C2721355673,906.33,629.3,C6745958212,457.6,457.6,0,0.02,0
227,TRANSFER,1.0,C8380507338,0.0,0.0,C1036351450,64.08,65.08,0,0.11666666666666667,0
266,CASH_OUT,1.0,C3479708607,0.0,0.0,C6320115677,1976.4,1976.4,0,0.0033333333333333335,0
140,CASH_IN,114960.78,C2308496151,223.23,115184.01,C1421776124,89.61,89.61,0,0.0,0
516,PAYMENT,1.0,C6892752604,0.0,0.0,M9398575277,0.0,0.0,0,0.0,0
523,CASH_OUT,1.0,C1399546384,0.0,0.0,C2178884276,0.0,0.0,0,0.06,0
28,CASH_OUT,2395.93,C5409514899,3168.59,772.66,C7873709012,35998.85,35998.85,1,0.0,0
353,CASH_OUT,718.15,C4264134512,881.53,163.38,M9068916300,0.0,0.0,1,0.013333333333333334,0
561,TRANSFER,1.0,C8252816758,0.0,0.0,C7928074841,40.89,41.89,0,0.17,0
719,PAYMENT,1.0,C8547068234,0.0,0.0,M2695447268,0.0,0.0,0,0.0,0
602,TRANSFER,5586.67,C5735817014,4687.15,0.0,C9086117171,0.0,5586.67,1,0.36333333333333334,0
176,TRANSFER,1983.97,C9302705838,2685.1,701.13,C2111272861,5446.34,5446.34,1,0.0033333333333333335,0
716,TRANSFER,903.7,C6168291913,936.56,32.86,M9977193987,0.0,0.0,1,0.22,0
312,CASH_OUT,124.92,C9851745648,380.59,255.67,C6065662867,63.39,63.39,0,0.0033333333333333335,0
197,PAYMENT,1.0,C5789617427,0.0,0.0,M6498703287,0.0,0.0,0,0.0,0
160,TRANSFER,2982.85,C9557663181,4190.66,1207.81,M4588312351,0.0,0.0,1,0.17,0
129,CASH_OUT,2750.02,C1558631501,2396.81,0.0,C5759272717,40.64,40.64,1,0.04666666666666667,0
185,PAYMENT,3312.15,C5829062179,12004.68,8692.53,M3119908041,0.0,0.0,0,0.0,0
570,TRANSFER,3570.84,C6588316233,4222.22,651.38,C3841827734,0.8,0.8,1,0.30666666666666664,0
377,CASH_OUT,13.48,C4178659381,24.65,11.17,C6012067717,1.13,1.13,0,0.01,0
67,CASH_OUT,203.36,C1484664056,195.5,0.0,M3495411322,0.0,0.0,1,0.006666666666666667,0
567,PAYMENT,1.0,C4594787485,0.0,0.0,M3508990774,0.0,0.0,0,0.0,0
240,PAYMENT,165.95,C3821211202,706.62,540.67,M1857561275,0.0,0.0,0,0.0,0
611,PAYMENT,1.0,C9924456994,0.0,0.0,M4641902461,0.0,0.0,0,0.0,0
172,PAYMENT,195.79,C1288335378,259.56,63.77,M1357561213,0.0,0.0,0,0.0,0
44,PAYMENT,4.57,C2428156550,7.13,2.56,M2655546199,0.0,0.0,0,0.0,0
611,TRANSFER,8.45,C8295757364,13.94,5.49,C6542943838,0.0,8.45,0,0.17333333333333334,0
134,CASH_OUT,87.57,C8243746556,133.37,45.8,C1667779376,1753.91,1753.91,0,0.006666666666666667,0
47,CASH_OUT,997.61,C4073772623,1047.06,49.45,M5156392601,0.0,0.0,1,0.0,0
415,PAYMENT,30.18,C6000952470,31.91,1.73,M6384311581,0.0,0.0,0,0.0,0
409,CASH_OUT,225.7,C8503368512,200.92,0.0,M6384311581,0.0,0.0,1,0.08666666666666667,0
132,PAYMENT,1.0,C1051354601,1.3,0.3,M8458323087,0.0,0.0,0,0.0,0
127,CASH_OUT,123.69,C6613888489,121.62,0.0,C2289624427,0.0,0.0,1,0.016666666666666666,0
685,PAYMENT,577.15,C3343459102,791.1,213.95,M1999913493,0.0,0.0,0,0.0,0
308,PAYMENT,5.37,C1809283659,20.78,15.41,M9523139706,0.0,0.0,0,0.0,0
6,TRANSFER,313.03,C1340272119,423.36,110.33,C2400094541,0.0,0.0,1,0.14333333333333334,0
63,DEBIT,10.74,C1667483244,12.41,1.67,M5412437658,0.0,0.0,0,0.023333333333333334,0
487,PAYMENT,348.04,C6715961218,767.2,419.16,M4689605624,0.0,0.0,0,0.0,0
54,TRANSFER,372.76,C6171239466,401.52,28.76,M3223687972,0.0,0.0,1,0.16,0
351,PAYMENT,479.08,C3725152347,854.42,375.34,M6525576685,0.0,0.0,0,0.0,0
220,TRANSFER,38518.89,C8001729836,37483.29,0.0,C3734252963,0.0,0.0,1,0.8,1
54,PAYMENT,1.0,C7249213370,0.0,0.0,M2115862756,0.0,0.0,0,0.0,0
415,TRANSFER,3746.08,C1857596764,4072.19,326.11,C7475684019,39.58,3785.66,0,0.03333333333333333,0
269,PAYMENT,1.0,C8236980551,0.0,0.0,M9620935604,0.0,0.0,0,0.0,0
703,PAYMENT,1.0,C8139209752,0.0,0.0,M9398575277,0.0,0.0,0,0.0,0
155,PAYMENT,90.64,C5862655247,200.83,110.19,M8768773991,0.0,0.0,0,0.0,0
488,CASH_OUT,14.14,C3923699745,33.78,19.64,C1271730355,0.0,0.0,0,0.043333333333333335,0
647,CASH_OUT,223.45,C7321180787,233.26,9.81,C2591414076,0.0,0.0,1,0.03333333333333333,0
69,PAYMENT,1.0,C9379439373,0.0,0.0,M8964269909,0.0,0.0,0,0.0,0
665,DEBIT,8.84,C1112794026,10.96,2.12,M4242579642,0.0,0.0,0,0.043333333333333335,0
657,PAYMENT,4.23,C9639245200,116.92,112.69,M1199447370,0.0,0.0,0,0.0,0
245,PAYMENT,11.84,C7633342225,18.73,6.89,M5325865521,0.0,0.0,0,0.0,0
676,PAYMENT,74.47,C7420846622,94.35,19.88,M7453081889,0.0,0.0,0,0.0,0
282,TRANSFER,96.83,C5082603360,92.89,0.0,M8138332494,0.0,0.0,1,0.24333333333333335,0
492,TRANSFER,1.0,C6620138568,0.0,0.0,C8015775567,0.0,1.0,0,0.22333333333333333,0
85,CASH_OUT,1.0,C8102515984,0.0,0.0,C6206015111,2480.98,2480.98,0,0.0033333333333333335,0
196,PAYMENT,670.76,C9581991473,917.0,246.24,M2418407139,0.0,0.0,0,0.0,0
61,TRANSFER,1.0,C9312085761,0.0,0.0,C9370133032,763.12,764.12,0,0.016666666666666666,0
116,PAYMENT,77.33,C8086172302,118.45,41.12,M5535650160,0.0,0.0,0,0.0,0
76,PAYMENT,15.42,C4345526911,30.61,15.19,M4160161496,0.0,0.0,0,0.0,0
398,TRANSFER,612.49,C1684598046,553.63,0.0,M5734228580,0.0,0.0,1,0.27666666666666667,0
230,CASH_OUT,1334.05,C2570991899,1483.02,148.97,M4865979921,0.0,0.0,1,0.0,0
67,TRANSFER,2697.42,C8758809005,2647.18,0.0,M5156392601,0.0,0.0,1,0.79,1
557,TRANSFER,30.41,C1261903104,68.83,38.42,C8243746556,45.8,76.21,0,0.12666666666666668,0
108,TRANSFER,4396.59,C6178804925,4034.54,0.0,C2320763135,63.51,63.51,1,0.4766666666666667,0
20,CASH_OUT,7.69,C6477862024,13.17,5.48,C4642197907,0.22,0.22,0,0.0033333333333333335,0
599,TRANSFER,91628.62,C3791027186,101831.34,10202.72,C2579206999,59.15,59.15,1,0.22333333333333333,0
581,PAYMENT,2.59,C8295757364,5.49,2.9,M4689605624,0.0,0.0,0,0.0,0
422,TRANSFER,2031.08,C5870268582,2327.32,296.24,M7050091525,0.0,0.0,1,0.2866666666666667,0
347,TRANSFER,2306.33,C9081544414,2007.36,0.0,M5794335854,0.0,0.0,1,0.5866666666666667,1
24,TRANSFER,174.78,C8039917766,838.56,663.78,C5492496998,3.96,178.74,0,0.02666666666666667,0
716,TRANSFER,5.66,C7321180787,9.81,4.15,C6711463258,0.0,5.66,0,0.17666666666666667,0
61,TRANSFER,1251.66,C3612617557,1148.24,0.0,C6102144947,108.42,108.42,1,0.16,0
605,PAYMENT,1.0,C7988845536,0.0,0.0,M7717262223,0.0,0.0,0,0.0,0
615,TRANSFER,688.79,C4939447721,766.34,77.55,C5269015757,74.41,763.2,0,0.056666666666666664,0
45,CASH_IN,52384.31,C8721631198,177.55,52561.86,C5976777081,64.07,64.07,0,0.0,0
392,PAYMENT,14.94,C2513206988,26.94,12.0,M3965860354,0.0,0.0,0,0.0,0
48,TRANSFER,1480.82,C4631048029,1865.36,384.54,M9620935604,0.0,0.0,1,0.14666666666666667,0
438,TRANSFER,454.62,C9292791081,633.73,179.11,C5536224717,0.0,0.0,1,0.11666666666666667,0
641,CASH_OUT,269.23,C1526723719,545.62,276.39,C3117951204,0.0,0.0,0,0.02666666666666667,0
436,PAYMENT,1.0,C1182758417,0.0,0.0,M8874242713,0.0,0.0,0,0.0,0
208,PAYMENT,1.0,C5515628633,0.0,0.0,M3965860354,0.0,0.0,0,0.0,0
713,TRANSFER,1.0,C6425814872,0.0,0.0,C4572433066,918.45,919.45,0,0.06666666666666667,0
405,PAYMENT,1.0,C5078551333,0.24,0.0,M7437168216,0.0,0.0,0,0.0,0
460,CASH_IN,143749.56,C8949781901,0.0,143749.56,C7519578899,65677.81,65677.81,0,0.0,0
294,TRANSFER,168.27,C6937704752,222.27,54.0,C2846465000,0.0,0.0,1,0.15666666666666668,0
53,PAYMENT,12898.34,C7536876169,72837.82,59939.48,M8790289305,0.0,0.0,0,0.0,0
333,CASH_OUT,165.21,C1664885408,191.24,26.03,C6241752544,6.5,6.5,0,0.01,0
166,TRANSFER,296.35,C6311894154,451.32,154.97,C6923893872,36.24,332.59,0,0.0033333333333333335,0
288,TRANSFER,110.59,C8650676663,95.06,0.0,M6200141898,0.0,0.0,1,0.23666666666666666,0
115,PAYMENT,204.88,C3206955437,281.12,76.24,M2187592160,0.0,0.0,0,0.0,0
64,DEBIT,138.88,C1446362270,150.12,11.24,M9026301048,0.0,0.0,0,0.02,0
118,DEBIT,134.37,C7299420031,298.1,163.73,M6247463262,0.0,0.0,0,0.01,0
125,TRANSFER,4544.26,C9505085936,4890.59,346.33,M1413599241,0.0,0.0,1,0.18666666666666668,0
416,DEBIT,20348.29,C4289233844,22301.57,1953.28,M3605446007,0.0,0.0,0,0.03333333333333333,0
579,DEBIT,631.88,C7209571615,1685.97,1054.09,M7366396017,0.0,0.0,0,0.03,0
112,PAYMENT,76.68,C7803990970,168.0,91.32,M1442421654,0.0,0.0,0,0.0,0
29,PAYMENT,1.0,C9437783771,0.0,0.0,M6247463262,0.0,0.0,0,0.0,0
516,CASH_OUT,1505.88,C2409274786,2029.87,523.99,M9020002737,0.0,0.0,1,0.02666666666666667,0
190,TRANSFER,775.03,C8709361138,4858.9,4083.87,C4632522232,1625.06,2400.09,0,0.0,0
499,CASH_OUT,603.27,C6797174636,786.85,183.58,M2541015125,0.0,0.0,1,0.043333333333333335,0
6,PAYMENT,1.0,C7100408092,0.0,0.0,M9043367776,0.0,0.0,0,0.0,0
62,CASH_IN,4482.65,C2687477596,0.0,4482.65,C7406579219,52.65,52.65,0,0.0,0
405,PAYMENT,227.36,C7533932947,486.27,258.91,M9776500600,0.0,0.0,0,0.0,0
590,PAYMENT,405.56,C9557663181,1207.81,802.25,M5194066484,0.0,0.0,0,0.0,0
376,CASH_OUT,5162.61,C9780187424,6562.66,1400.05,C2076151332,134.71,134.71,0,0.006666666666666667,0
424,DEBIT,30.52,C9751963589,111.54,81.02,M5714658227,0.0,0.0,0,0.02666666666666667,0
122,PAYMENT,24.57,C4422700486,29.27,4.7,M1199447370,0.0,0.0,0,0.0,0
296,TRANSFER,1580.68,C6995554056,1470.19,0.0,M4908108692,0.0,0.0,1,0.38,0
591,CASH_OUT,1.0,C2125089309,0.0,0.0,C1257324536,3.0,3.0,0,0.06,0
551,TRANSFER,13019.95,C3424843951,12509.69,0.0,C9411532909,32502.14,32502.14,1,0.04,0
478,CASH_OUT,1.0,C8373547961,0.0,0.0,C8617360361,0.0,0.0,0,0.09333333333333334,0
41,PAYMENT,1.0,C2289624427,0.0,0.0,M3322580659,0.0,0.0,0,0.0,0
210,CASH_OUT,792.64,C9557663181,802.25,9.61,C3259520140,39.3,39.3,1,0.01,0
689,TRANSFER,12695.42,C6715705115,12633.83,0.0,M6999146585,0.0,0.0,1,0.8566666666666667,1
373,PAYMENT,5303.6,C2554039848,7775.9,2472.3,M1257854279,0.0,0.0,0,0.0,0
226,CASH_OUT,460.48,C9370133343,654.11,193.63,C9759180824,0.0,0.0,0,0.013333333333333334,0
584,CASH_OUT,2399.88,C7374810067,3196.56,796.68,M6659847491,0.0,0.0,1,0.02666666666666667,0
241,PAYMENT,1.0,C7166868574,0.0,0.0,M9255306810,0.0,0.0,0,0.0,0
247,DEBIT,171.57,C3567900251,233.03,61.46,M7192742877,0.0,0.0,0,0.016666666666666666,0
10,CASH_OUT,63.41,C9912233947,60.3,0.0,C5931025271,471.23,471.23,1,0.013333333333333334,0
306,TRANSFER,306.67,C6583444930,1057.07,750.4,C1400330495,0.0,306.67,0,0.006666666666666667,0
516,TRANSFER,1154.7,C5578929439,1244.57,89.87,M1711271599,0.0,0.0,1,0.24,0
124,PAYMENT,6.13,C2452066459,10.37,4.24,M2910594463,0.0,0.0,0,0.0,0
395,PAYMENT,32.85,C9019515562,125.09,92.24,M1185303518,0.0,0.0,0,0.0,0
325,PAYMENT,1.0,C7505693643,2.6,1.6,M5325865521,0.0,0.0,0,0.0,0
2,PAYMENT,41.3,C1230624431,79.64,38.34,M5194066484,0.0,0.0,0,0.0,0
659,CASH_OUT,2.43,C9392515666,9.46,7.03,C3815287619,0.6,0.6,0,0.03,0
455,TRANSFER,1864.79,C5201221330,1805.87,0.0,C2268523764,0.0,1864.79,1,0.3333333333333333,0
334,CASH_OUT,166.33,C9370133343,193.63,27.3,M9933702652,0.0,0.0,1,0.016666666666666666,0
256,PAYMENT,1.0,C2525930586,0.0,0.0,M6866146362,0.0,0.0,0,0.0,0
247,PAYMENT,4.11,C9249923427,4.51,0.4,M1908459040,0.0,0.0,0,0.0,0
105,PAYMENT,690.17,C1710924824,2837.14,2146.97,M8366710477,0.0,0.0,0,0.0,0
480,PAYMENT,44.24,C8737025391,72.28,28.04,M9026301048,0.0,0.0,0,0.0,0
130,PAYMENT,227.92,C1045302356,344.53,116.61,M8790289305,0.0,0.0,0,0.0,0
527,CASH_OUT,5369.59,C2400094541,4491.64,0.0,M6313472215,0.0,0.0,1,0.21333333333333335,0
464,DEBIT,13395.67,C4287687478,19428.54,6032.87,M1999913493,0.0,0.0,0,0.03333333333333333,0
694,TRANSFER,1.0,C4022245086,0.53,0.0,C7858937483,0.0,1.0,0,0.22,0
555,CASH_OUT,72.8,C3693985578,131.94,59.14,C4332894265,196.51,196.51,0,0.03,0
142,TRANSFER,1220.24,C3003484425,1241.89,21.65,M7713758036,0.0,0.0,1,0.18333333333333332,0
547,CASH_OUT,1831.96,C9303765140,2032.27,200.31,M6361225622,0.0,0.0,1,0.03,0
667,PAYMENT,1.0,C6673381261,0.0,0.0,M8768773991,0.0,0.0,0,0.0,0
65,PAYMENT,1.0,C9410288290,0.0,0.0,M9640701016,0.0,0.0,0,0.0,0
706,TRANSFER,4018.12,C5275521470,3442.09,0.0,M5734228580,0.0,0.0,1,0.8866666666666667,1
491,TRANSFER,12.55,C5748253283,24.27,11.72,C6892752604,0.0,12.55,0,0.17,0
161,PAYMENT,1521.55,C2479679716,1887.04,365.49,M1647181551,0.0,0.0,0,0.0,0
511,PAYMENT,403.36,C1026224160,460.33,56.97,M6763471833,0.0,0.0,0,0.0,0
709,CASH_OUT,3.07,C5569145346,14.54,11.47,C5879617459,0.0,0.0,0,0.02666666666666667,0
659,CASH_OUT,274.43,C1494287462,327.53,53.1,M7050091525,0.0,0.0,1,0.03,0
433,TRANSFER,9.0,C7243352390,35.61,26.61,C8293928340,0.0,9.0,0,0.16333333333333333,0
397,TRANSFER,1957.49,C3098948446,2085.62,128.13,M2885370603,0.0,0.0,1,0.2866666666666667,0
158,PAYMENT,76.19,C2423995953,80.99,4.8,M1666898313,0.0,0.0,0,0.0,0
607,CASH_OUT,4191.31,C3738900744,4061.91,0.0,M2655546199,0.0,0.0,1,0.24,0
107,TRANSFER,773.89,C9597198563,729.98,0.0,M1413599241,0.0,0.0,1,0.29333333333333333,0
654,PAYMENT,115.12,C9953941533,164.45,49.33,M8235474949,0.0,0.0,0,0.0,0
619,PAYMENT,294.26,C6588316233,651.38,357.12,M1466305100,0.0,0.0,0,0.0,0
665,PAYMENT,1.0,C7389111087,0.0,0.0,M2604788242,0.0,0.0,0,0.0,0
718,CASH_OUT,49.63,C3567900251,61.46,11.83,C4500557310,423.69,423.69,0,0.03333333333333333,0
458,PAYMENT,5.03,C6711463258,5.66,0.63,M8102481401,0.0,0.0,0,0.0,0
118,CASH_IN,54333.1,C6157617867,33002.74,87335.84,C1981049082,4092.76,4092.76,0,0.0,0
479,CASH_OUT,1.0,C9650701349,0.0,0.0,C9957813353,14.76,14.76,0,0.08333333333333333,0
420,TRANSFER,1.0,C2965164102,0.0,0.0,C5694848867,1.0,2.0,0,0.20666666666666667,0
592,CASH_OUT,4800.59,C6986770879,4177.27,0.0,M6744039057,0.0,0.0,1,0.23,0
647,CASH_OUT,118.24,C7369118672,100.7,0.0,C7666129822,1495.52,1495.52,1,0.04666666666666667,0
597,DEBIT,1.0,C4783282817,0.0,0.0,M7717262223,0.0,0.0,0,0.04666666666666667,0
656,TRANSFER,1.0,C5884391502,0.0,0.0,C8933377472,220.42,221.42,0,0.12333333333333334,0
546,TRANSFER,4113.96,C6566372886,3432.75,0.0,C5696548897,1225.43,1225.43,1,0.36,0
289,PAYMENT,1.0,C4131575764,0.0,0.0,M4665677395,0.0,0.0,0,0.0,0
304,PAYMENT,1.0,C3520417815,0.0,0.0,M3476758136,0.0,0.0,0,0.0,0
490,PAYMENT,1.0,C4506639908,0.0,0.0,M4522855590,0.0,0.0,0,0.0,0
186,PAYMENT,2628.39,C9618334441,3344.27,715.88,M8548290298,0.0,0.0,0,0.0,0
705,PAYMENT,1.0,C6110646714,0.0,0.0,M6313472215,0.0,0.0,0,0.0,0
576,PAYMENT,45.43,C4482141802,64.35,18.92,M3208200227,0.0,0.0,0,0.0,0
400,CASH_OUT,752.65,C9844874547,709.63,0.0,M7341757401,0.0,0.0,1,0.17,0
698,CASH_OUT,320.5,C9725528903,1255.57,935.07,C3875303857,988.61,988.61,0,0.023333333333333334,0
297,TRANSFER,10069.94,C6562144159,9003.17,0.0,M5156392601,0.0,0.0,1,0.7866666666666666,1
11,TRANSFER,71.36,C5802739154,78.6,7.24,C3127657643,317.45,388.81,0,0.01,0
568,TRANSFER,1.52,C8134112721,2.37,0.85,C7977267911,0.0,1.52,0,0.2,0
575,TRANSFER,3261.84,C5569145346,3790.07,528.23,C2125089309,0.0,0.0,1,0.30666666666666664,0
277,PAYMENT,605.41,C4572433066,919.45,314.04,M1504729135,0.0,0.0,0,0.0,0
536,PAYMENT,132.66,C5923940434,217.08,84.42,M4588312351,0.0,0.0,0,0.0,0
167,PAYMENT,1.02,C5297902885,3.07,2.05,M3317856944,0.0,0.0,0,0.0,0
547,CASH_OUT,230.0,C1586412136,259.69,29.69,M1692044390,0.0,0.0,1,0.04,0
581,CASH_IN,36871.42,C8636525027,2.1,36873.52,C7628981661,275.06,275.06,0,0.0,0
373,TRANSFER,1.0,C1602569046,0.43,0.0,C6789448659,666.09,667.09,0,0.013333333333333334,0
566,CASH_OUT,4687.61,C4752171298,4405.7,0.0,M2625035499,0.0,0.0,1,0.23333333333333334,0
617,PAYMENT,5.15,C2771211118,9.64,4.49,M5325865521,0.0,0.0,0,0.0,0
106,TRANSFER,3.27,C7872090713,8.17,4.9,C9035194895,0.0,3.27,0,0.16666666666666666,0
79,TRANSFER,673.95,C1756345332,636.47,0.0,M2885370603,0.0,0.0,1,0.3,0
595,TRANSFER,4477.1,C3343292475,14523.93,10046.83,C4880176825,6.85,4483.95,0,0.016666666666666666,0
221,TRANSFER,4.57,C2704657157,10.75,6.18,C9248574674,0.0,4.57,0,0.16,0
29,TRANSFER,1385.46,C2984460654,1951.77,566.31,C5569295400,161.28,1546.74,1,0.0033333333333333335,0
636,PAYMENT,98.97,C4928783441,110.52,11.55,M3223687972,0.0,0.0,0,0.0,0
62,TRANSFER,1753.11,C7369118672,1547.3,0.0,C1400330495,306.67,306.67,1,0.1,0
250,CASH_IN,148909.04,C5100282913,5024.84,153933.88,C3781569954,207.67,207.67,0,0.0,0
205,CASH_OUT,1.0,C6012067717,1.13,0.13,C2802141793,0.81,0.81,0,0.013333333333333334,0
220,PAYMENT,1.0,C3207160929,1.42,0.42,M4665677395,0.0,0.0,0,0.0,0
231,TRANSFER,60485.72,C5367513465,76845.28,16359.56,M4522855590,0.0,0.0,1,0.24,0
505,PAYMENT,1.0,C8151583833,0.0,0.0,M6498703287,0.0,0.0,0,0.0,0
393,TRANSFER,6.04,C5704029171,9.13,3.09,C5996775663,518.37,524.41,0,0.013333333333333334,0
135,DEBIT,1.08,C7311011808,10.82,9.74,M7702529931,0.0,0.0,0,0.016666666666666666,0
312,DEBIT,1.0,C4734111722,0.0,0.0,M9590331226,0.0,0.0,0,0.04,0
438,CASH_OUT,1.0,C3019214800,0.0,0.0,C5728765136,9.39,9.39,0,0.08666666666666667,0
108,TRANSFER,61541.92,C5659161352,60368.98,0.0,C6043349038,17.42,17.42,1,0.7666666666666667,1
380,CASH_OUT,61.99,C3693985578,59.14,0.0,M4892544235,0.0,0.0,1,0.03333333333333333,0
256,PAYMENT,156.72,C5129478722,241.82,85.1,M7764117705,0.0,0.0,0,0.0,0
203,CASH_OUT,583.04,C1110533960,678.32,95.28,C5307145891,16.65,16.65,1,0.0033333333333333335,0
74,TRANSFER,1.0,C5884391502,0.0,0.0,C1207916194,0.0,1.0,0,0.23333333333333334,0
622,PAYMENT,8.16,C4888749350,9.15,0.99,M8138332494,0.0,0.0,0,0.0,0
165,CASH_IN,104502.61,C7127904756,53.8,104556.41,C6542943838,8.45,8.45,0,0.0,0
256,PAYMENT,1.0,C9842186844,0.0,0.0,M8389750357,0.0,0.0,0,0.0,0
450,TRANSFER,145.79,C7299420031,163.73,17.94,M8869140487,0.0,0.0,1,0.16666666666666666,0
340,TRANSFER,5.9,C6470052645,7.19,1.29,C8274273035,0.0,5.9,0,0.16666666666666666,0
271,CASH_OUT,2.51,C8275679594,3.27,0.76,C5763350700,1.69,1.69,0,0.023333333333333334,0
685,DEBIT,1.0,C3597724331,1.0,0.0,M8058679999,0.0,0.0,0,0.05,0
697,TRANSFER,1.0,C6178804925,0.0,0.0,C5455441991,423.1,424.1,0,0.09,0
568,PAYMENT,22813.99,C2916728422,38782.45,15968.46,M9255306810,0.0,0.0,0,0.0,0
261,TRANSFER,1.0,C3434757387,0.0,0.0,C6805759868,2187.28,2188.28,0,0.0,0
291,PAYMENT,1.0,C3738900744,0.0,0.0,M5794335854,0.0,0.0,0,0.0,0
360,PAYMENT,19.63,C7473868020,26.18,6.55,M3846182436,0.0,0.0,0,0.0,0
277,TRANSFER,242.44,C6789448659,667.09,424.65,C3739951076,0.0,242.44,0,0.01,0
185,CASH_IN,12429.34,C2963288053,363.24,12792.58,C8270110908,85.99,85.99,0,0.0,0
456,PAYMENT,1.3,C3521300895,2.0,0.7,M2136107759,0.0,0.0,0,0.0,0
70,TRANSFER,485.87,C9067664957,609.8,123.93,M5985331805,0.0,0.0,1,0.15666666666666668,0
686,CASH_OUT,2786.95,C3639796200,2777.69,0.0,C2227193073,67.16,67.16,1,0.16333333333333333,0
286,CASH_OUT,2108.23,C2394868732,1865.53,0.0,M6199197408,0.0,0.0,1,0.12,0
201,TRANSFER,90.7,C9805620900,131.12,40.42,C5150074940,1.87,92.57,0,0.15666666666666668,0
343,TRANSFER,2189.39,C5868640848,2113.47,0.0,C6955593943,0.0,0.0,1,0.6133333333333333,1
559,TRANSFER,2749.04,C7316122432,3016.64,267.6,C7529817193,48.11,2797.15,1,0.06,0
598,PAYMENT,1.0,C9663561486,0.43,0.0,M4641902461,0.0,0.0,0,0.0,0
169,PAYMENT,15611.63,C4683935600,99587.28,83975.65,M2136107759,0.0,0.0,0,0.0,0
451,TRANSFER,86.73,C9455610447,232.71,145.98,C4536306171,65357.11,65443.84,0,0.0,0
219,PAYMENT,1.0,C1209063208,0.0,0.0,M3960136787,0.0,0.0,0,0.0,0
234,CASH_OUT,1.0,C3555656321,0.0,0.0,C7208619610,27.39,27.39,0,0.0033333333333333335,0
625,PAYMENT,127.57,C3319936135,189.54,61.97,M9026301048,0.0,0.0,0,0.0,0
694,CASH_OUT,104.37,C9581991473,246.24,141.87,C3319936135,61.97,61.97,0,0.02,0
573,TRANSFER,1.0,C3796581976,0.0,0.0,C6875597607,342.19,343.19,0,0.10333333333333333,0
452,PAYMENT,67.44,C3774110439,257.16,189.72,M3534186676,0.0,0.0,0,0.0,0
284,PAYMENT,214.21,C4682870880,250.48,36.27,M7270955446,0.0,0.0,0,0.0,0
248,PAYMENT,1.0,C3933213766,1.36,0.36,M1343875431,0.0,0.0,0,0.0,0
63,PAYMENT,79.35,C2780016559,240.91,161.56,M7764117705,0.0,0.0,0,0.0,0
241,TRANSFER,1.0,C3667740351,0.0,0.0,C5184564874,4.11,5.11,0,0.19333333333333333,0
612,PAYMENT,1.0,C1707196784,0.0,0.0,M8727805468,0.0,0.0,0,0.0,0
497,CASH_OUT,2770.54,C4022245086,2594.25,0.0,C4466589567,15782.85,15782.85,1,0.19333333333333333,0
407,CASH_OUT,222.19,C9677466102,279.95,57.76,M2773408660,0.0,0.0,1,0.03,0
495,CASH_OUT,7578.5,C3791027186,10202.72,2624.22,C6923893872,332.59,332.59,1,0.006666666666666667,0
417,TRANSFER,37842.81,C4919706735,63099.89,25257.08,C6789448659,424.65,38267.46,0,0.0,0
93,TRANSFER,601.25,C4696689457,919.53,318.28,C8575707116,0.0,601.25,0,0.0033333333333333335,0
189,CASH_OUT,28.87,C7767834064,44.81,15.94,C6469318275,6.54,6.54,0,0.0,0
442,PAYMENT,10902.99,C5367513465,16359.56,5456.57,M3636366799,0.0,0.0,0,0.0,0
326,PAYMENT,1.0,C8134112721,0.85,0.0,M8443061472,0.0,0.0,0,0.0,0
366,TRANSFER,159.58,C8933377472,221.42,61.84,M9021793855,0.0,0.0,1,0.15666666666666668,0
654,CASH_OUT,943.44,C7759781156,896.71,0.0,M5694439775,0.0,0.0,1,0.20666666666666667,0
459,CASH_OUT,3155.37,C7552812957,3087.51,0.0,M9921025990,0.0,0.0,1,0.4266666666666667,0
414,TRANSFER,95.31,C8093179263,125.76,30.45,C3303082117,78.4,173.71,0,0.06333333333333334,0
434,PAYMENT,1.0,C1209063208,0.0,0.0,M6606958660,0.0,0.0,0,0.0,0
379,DEBIT,11.89,C8093179263,30.45,18.56,M8144352013,0.0,0.0,0,0.023333333333333334,0
187,TRANSFER,4.14,C4928783441,11.55,7.41,C3214080278,0.0,4.14,0,0.16,0
704,CASH_OUT,9.43,C4719780110,18.9,9.47,C7519578899,65677.81,65677.81,0,0.006666666666666667,0
690,PAYMENT,2.12,C6720572969,2.77,0.65,M1122712790,0.0,0.0,0,0.0,0
220,TRANSFER,49327.59,C4600630513,58241.98,8914.39,C8831899893,0.0,0.0,1,0.22666666666666666,0
688,CASH_IN,284.57,C4735313433,64.71,349.28,C5935852056,108.28,108.28,0,0.0033333333333333335,0
546,TRANSFER,579.43,C5336127859,720.59,141.16,C6329323383,76.62,656.05,1,0.03,0
81,PAYMENT,1.0,C8303853049,1.11,0.11,M6525576685,0.0,0.0,0,0.0,0
265,TRANSFER,1.0,C6882074066,0.0,0.0,C7691931213,14941.87,14942.87,0,0.0,0
563,TRANSFER,74.08,C1065857791,335.94,261.86,C3197757742,819.1,893.18,0,0.03,0
513,TRANSFER,5831.86,C4734111722,4905.58,0.0,C4518871744,21516.68,27348.54,1,0.043333333333333335,0
501,CASH_OUT,1881.36,C5329194647,2229.56,348.2,M8626371177,0.0,0.0,1,0.02666666666666667,0
318,PAYMENT,1.0,C6986770879,0.0,0.0,M8063693463,0.0,0.0,0,0.0,0
71,CASH_OUT,1.0,C2785736751,0.0,0.0,C2268006448,86.42,86.42,0,0.0033333333333333335,0
489,PAYMENT,1.0,C5667181604,0.0,0.0,M2655546199,0.0,0.0,0,0.0,0
181,PAYMENT,1.0,C2965164102,0.0,0.0,M4908108692,0.0,0.0,0,0.0,0
290,TRANSFER,743.52,C5489485517,673.75,0.0,M9523139706,0.0,0.0,1,0.2966666666666667,0
38,PAYMENT,1.0,C1676168421,0.0,0.0,M2778069478,0.0,0.0,0,0.0,0
239,PAYMENT,1.0,C7402059279,0.0,0.0,M2115406331,0.0,0.0,0,0.0,0
464,CASH_OUT,2967.74,C5141593270,2947.2,0.0,C1281199333,157.55,157.55,1,0.3566666666666667,0
179,TRANSFER,3482.57,C4706249669,4495.99,1013.42,M1802753761,0.0,0.0,1,0.17666666666666667,0
129,CASH_IN,149261.95,C6287793163,295.52,149557.47,C3980491761,296.59,296.59,0,0.0,0
417,CASH_OUT,1654.23,C6620138568,2048.23,394.0,M8218146534,0.0,0.0,1,0.043333333333333335,0
154,PAYMENT,176.66,C1600406558,189.91,13.25,M9918338001,0.0,0.0,0,0.0,0
610,CASH_OUT,4573.78,C8666074487,4560.25,0.0,C2811967841,54.2,54.2,1,0.21666666666666667,0
184,PAYMENT,5.57,C1754368373,21.43,15.86,M4035639663,0.0,0.0,0,0.0,0
667,CASH_OUT,234.98,C6591038760,635.4,400.42,C1099541460,16.74,16.74,0,0.02,0
621,TRANSFER,34.59,C1600566083,47.19,12.6,C1375899416,0.0,34.59,0,0.17333333333333334,0
542,TRANSFER,1298.42,C1945826486,1639.72,341.3,C4990452762,206.26,206.26,1,0.08666666666666667,0
689,PAYMENT,1.0,C8570850267,0.0,0.0,M9020002737,0.0,0.0,0,0.0,0
638,TRANSFER,1.0,C3780439666,0.0,0.0,C7215110267,0.0,1.0,0,0.23333333333333334,0
195,TRANSFER,2598.63,C5092199300,2914.35,315.72,M5985331805,0.0,0.0,1,0.18,0
559,CASH_OUT,23.62,C7575259637,89.22,65.6,C9691572571,604.36,604.36,0,0.03333333333333333,0
262,CASH_OUT,6.68,C3369305560,19.39,12.71,C4993808565,1.71,1.71,0,0.0,0
634,PAYMENT,444.23,C6329323383,656.05,211.82,M9068916300,0.0,0.0,0,0.0,0
462,TRANSFER,1.0,C5071897791,0.0,0.0,C6097953682,60.8,61.8,0,0.16,0
520,CASH_IN,57561.04,C5899025962,0.0,57561.04,C4693510920,9219.76,9219.76,0,0.0,0
525,PAYMENT,21.38,C1158998032,27.33,5.95,M3595066420,0.0,0.0,0,0.0,0
284,PAYMENT,1.0,C1209063208,0.0,0.0,M1888107487,0.0,0.0,0,0.0,0
248,TRANSFER,6599.45,C2188332531,9171.52,2572.07,M2418407139,0.0,0.0,1,0.22,0
32,PAYMENT,16.85,C9462806178,39.08,22.23,M3566125120,0.0,0.0,0,0.0,0
553,CASH_OUT,347.53,C8012696455,807.37,459.84,C8987073217,0.0,0.0,0,0.04,0
548,PAYMENT,52.42,C2914590233,73.75,21.33,M2604788242,0.0,0.0,0,0.0,0
8,CASH_OUT,321.15,C1431494396,291.6,0.0,M1099218439,0.0,0.0,1,0.013333333333333334,0
683,TRANSFER,1.0,C2250949136,0.0,0.0,C9941564880,476.08,477.08,0,0.08666666666666667,0
470,PAYMENT,1.0,C5354747485,0.0,0.0,M3517195150,0.0,0.0,0,0.0,0
340,PAYMENT,1.0,C5647317872,0.0,0.0,M6053489772,0.0,0.0,0,0.0,0
580,CASH_OUT,1725.6,C1676168421,1512.33,0.0,C2439622619,17.33,17.33,1,0.16666666666666666,0
613,PAYMENT,267.23,C8285000265,721.99,454.76,M9020002737,0.0,0.0,0,0.0,0
540,PAYMENT,5811.95,C2308496151,115184.01,109372.06,M6771941776,0.0,0.0,0,0.0,0
15,PAYMENT,1.0,C1287814151,0.0,0.0,M3605446007,0.0,0.0,0,0.0,0
44,CASH_OUT,2.6,C2465576748,4.26,1.66,C1586412136,29.69,29.69,0,0.0,0
711,CASH_OUT,3449.5,C2613385303,3264.12,0.0,M3297681898,0.0,0.0,1,0.20333333333333334,0
89,TRANSFER,1.0,C3149533961,0.0,0.0,C7229869819,108.2,109.2,0,0.06666666666666667,0
153,TRANSFER,208.05,C5492496998,178.74,0.0,C1600337712,28.48,28.48,1,0.16,0
129,PAYMENT,29.31,C1045302356,116.61,87.3,M9441870024,0.0,0.0,0,0.0,0
686,CASH_OUT,5157.78,C8048810275,4558.93,0.0,C3866755218,15.69,15.69,1,0.20666666666666667,0
544,TRANSFER,16.05,C8880184233,48.78,32.73,C9033653743,0.0,16.05,0,0.17,0
565,PAYMENT,155.1,C7979466538,229.35,74.25,M7343954769,0.0,0.0,0,0.0,0
720,TRANSFER,3437.97,C3605585995,122309.38,118871.41,C9752058817,3420.48,6858.45,0,0.0,0
522,TRANSFER,48.22,C9677466102,57.76,9.54,C1431494396,0.0,48.22,0,0.17,0
612,PAYMENT,300.1,C3334938378,432.92,132.82,M3208200227,0.0,0.0,0,0.0,0
354,TRANSFER,3369.26,C2174793230,4576.08,1206.82,M6606958660,0.0,0.0,1,0.20666666666666667,0
672,TRANSFER,2874.1,C3799264931,2604.42,0.0,M8646369354,0.0,0.0,1,0.9033333333333333,1
494,CASH_OUT,3476.85,C6122110529,84124.49,80647.64,C7576309274,0.0,0.0,0,0.01,0
23,CASH_OUT,1275.19,C5182110973,1817.52,542.33,M3145756342,0.0,0.0,1,0.0,0
704,TRANSFER,1.0,C1855256552,0.0,0.0,C1197449658,13.65,14.65,0,0.19333333333333333,0
258,PAYMENT,1.0,C7579604766,0.0,0.0,M3960136787,0.0,0.0,0,0.0,0
322,TRANSFER,62.18,C2075413763,75.36,13.18,M2228388623,0.0,0.0,1,0.15666666666666668,0
498,PAYMENT,77.71,C5421592782,127.6,49.89,M9918338001,0.0,0.0,0,0.0,0
192,TRANSFER,1465.27,C6206015111,2480.98,1015.71,C7529817193,2797.15,4262.42,0,0.0033333333333333335,0
257,CASH_OUT,1.66,C2578662692,3.96,2.3,C9626333315,0.0,0.0,0,0.02,0
582,PAYMENT,1.0,C7333678472,0.0,0.0,M2778069478,0.0,0.0,0,0.0,0
230,PAYMENT,184.71,C6619138852,574.26,389.55,M7168105904,0.0,0.0,0,0.0,0
700,CASH_OUT,1.0,C6837342064,0.0,0.0,C5058691146,61136.21,61136.21,0,0.02666666666666667,0
372,TRANSFER,3582.76,C6661014794,3007.2,0.0,C4736031885,65274.34,65274.34,1,0.01,0
267,CASH_IN,107144.43,C3975418439,0.0,107144.43,C5328166990,1368.15,1368.15,0,0.0,0
531,PAYMENT,1955.17,C3511301900,2609.07,653.9,M4460319291,0.0,0.0,0,0.0,0
629,PAYMENT,32.03,C5141285960,58.04,26.01,M5985331805,0.0,0.0,0,0.0,0
212,TRANSFER,8.65,C2905584866,17.13,8.48,C6880115912,87.56,96.21,0,0.07666666666666666,0
591,CASH_OUT,1.0,C9922723063,0.0,0.0,C4643576871,0.0,0.0,0,0.06333333333333334,0
505,TRANSFER,33.98,C1817804383,39.49,5.51,C6673381261,0.0,33.98,0,0.17,0
441,TRANSFER,1420.73,C6043349038,1776.64,355.91,C6358023411,1.59,1.59,1,0.20333333333333334,0
155,CASH_OUT,1941.1,C8480622107,2575.43,634.33,C6405851839,5.57,5.57,1,0.0,0
680,CASH_OUT,191.3,C8012696455,459.84,268.54,C9503787171,4.46,4.46,0,0.02666666666666667,0
284,DEBIT,275.87,C4110258855,646.15,370.28,M1857561275,0.0,0.0,0,0.013333333333333334,0
354,CASH_OUT,902.48,C9274189261,1104.14,201.66,C4490722186,244.82,244.82,0,0.01,0
67,PAYMENT,1.0,C7625464411,0.99,0.0,M7341757401,0.0,0.0,0,0.0,0
170,PAYMENT,68.04,C2405746777,318.4,250.36,M8138332494,0.0,0.0,0,0.0,0
17,TRANSFER,1252.35,C4632522232,2400.09,1147.74,C4508521152,879.18,2131.53,0,0.0,0
38,PAYMENT,26.19,C4682870880,36.27,10.08,M9625656293,0.0,0.0,0,0.0,0
262,TRANSFER,1946.49,C8823677798,16024.49,14078.0,C6923206003,232.45,2178.94,0,0.0,0
305,PAYMENT,760.42,C9697354961,956.02,195.6,M5891831621,0.0,0.0,0,0.0,0
107,TRANSFER,91264.19,C5100282913,153933.88,62669.69,C7333678472,0.0,91264.19,0,0.0,0
307,TRANSFER,98.23,C9409682410,112.54,14.31,C5028688786,0.0,0.0,1,0.16333333333333333,0
343,CASH_OUT,21.73,C3319936135,61.97,40.24,C5433722159,1.46,1.46,0,0.013333333333333334,0
113,PAYMENT,28.63,C8674224347,11960.45,11931.82,M5412437658,0.0,0.0,0,0.0,0
77,CASH_OUT,1.0,C6995554056,0.0,0.0,C1754368373,15.86,15.86,0,0.006666666666666667,0
142,CASH_OUT,428.29,C2801177461,404.5,0.0,M7651029165,0.0,0.0,1,0.03333333333333333,0
217,TRANSFER,18.15,C6887132821,46.65,28.5,C8057994126,57.16,75.31,0,0.08666666666666667,0
550,TRANSFER,5043.75,C2458198451,4756.53,0.0,C6674372082,0.0,0.0,1,0.9533333333333334,1
379,PAYMENT,228.24,C7061419749,338.22,109.98,M9640701016,0.0,0.0,0,0.0,0
503,CASH_OUT,80.48,C3075362821,176.32,95.84,C4040409964,0.0,0.0,0,0.03,0
170,CASH_OUT,14358.14,C2963288053,12792.58,0.0,C5943324387,267.54,267.54,1,0.06333333333333334,0
51,TRANSFER,801.73,C7246858055,1083.14,281.41,C1408988968,0.0,0.0,1,0.1,0
73,CASH_OUT,709.69,C3097302637,813.93,104.24,M8727805468,0.0,0.0,1,0.0033333333333333335,0
556,DEBIT,4062.1,C8942167666,113167.12,109105.02,M8366710477,0.0,0.0,0,0.02,0
290,PAYMENT,2.99,C7792729530,935.17,932.18,M8235474949,0.0,0.0,0,0.0,0
488,PAYMENT,39.75,C3828935922,47.23,7.48,M3534186676,0.0,0.0,0,0.0,0
329,CASH_OUT,7402.97,C3836517266,37170.7,29767.73,C1421776124,89.61,89.61,0,0.0,0
668,PAYMENT,1.0,C7988845536,0.0,0.0,M3508990774,0.0,0.0,0,0.0,0
292,PAYMENT,1.0,C7824150224,0.0,0.0,M6384311581,0.0,0.0,0,0.0,0
13,TRANSFER,129.29,C2076151332,134.71,5.42,C5118430494,0.72,130.01,1,0.1,0
563,PAYMENT,15.4,C8086172302,41.12,25.72,M1083302600,0.0,0.0,0,0.0,0
588,PAYMENT,428.82,C8684026200,635.85,207.03,M4122901114,0.0,0.0,0,0.0,0
539,PAYMENT,1.06,C7470843264,2.7,1.64,M5919148165,0.0,0.0,0,0.0,0
180,TRANSFER,150.94,C6618926823,195.11,44.17,C8906163641,162.92,162.92,1,0.02,0
311,CASH_IN,63138.09,C4776436931,1.0,63139.09,C7784217828,0.0,0.0,0,0.0,0
219,PAYMENT,5.82,C8441393731,6.19,0.37,M2541015125,0.0,0.0,0,0.0,0
504,CASH_OUT,1.0,C1293864877,0.0,0.0,C8322868827,96.38,96.38,0,0.05,0
70,PAYMENT,1.0,C9663561486,0.0,0.0,M5535650160,0.0,0.0,0,0.0,0
24,TRANSFER,4505.76,C2428156550,3946.4,0.0,C6306523372,0.0,0.0,1,0.7433333333333333,1
226,TRANSFER,316.01,C6875597607,343.19,27.18,C7958672456,4378.78,4378.78,1,0.0,0
373,CASH_OUT,3645.04,C3019214800,4342.86,697.82,M9631695368,0.0,0.0,1,0.01,0
507,PAYMENT,1.04,C1257324536,3.0,1.96,M7512767226,0.0,0.0,0,0.0,0
625,CASH_OUT,3308.83,C9432088993,2815.48,0.0,C8102515984,0.0,0.0,1,0.19,0
80,TRANSFER,110.29,C2095286033,150.68,40.39,C6961554653,93.62,93.62,1,0.04666666666666667,0
626,CASH_OUT,2326.19,C7010379415,2947.89,621.7,M2328736852,0.0,0.0,1,0.023333333333333334,0
173,TRANSFER,25.23,C2601198885,81.17,55.94,C8503368512,0.0,25.23,0,0.15333333333333332,0
263,PAYMENT,166.78,C5418232833,270.84,104.06,M7168105904,0.0,0.0,0,0.0,0
88,PAYMENT,12.25,C7077131430,14.86,2.61,M4554178984,0.0,0.0,0,0.0,0
191,PAYMENT,3047.51,C4949801453,12861.31,9813.8,M6992094064,0.0,0.0,0,0.0,0
333,TRANSFER,1135.74,C6448001026,2806.41,1670.67,C8750840032,61.21,1196.95,0,0.0033333333333333335,0
477,CASH_OUT,1.0,C6588252632,0.0,0.0,C2232285036,0.0,0.0,0,0.09333333333333334,0
425,CASH_OUT,77.84,C3075362821,95.84,18.0,C8868054898,23.8,23.8,1,0.043333333333333335,0
601,TRANSFER,1012.24,C5130589741,1044.36,32.12,C8199372599,219.7,219.7,1,0.12333333333333334,0
703,PAYMENT,1.18,C8033702319,4.58,3.4,M2604788242,0.0,0.0,0,0.0,0
351,PAYMENT,131.53,C8131923452,139.45,7.92,M8740820392,0.0,0.0,0,0.0,0
718,CASH_OUT,5.48,C5344083406,11.72,6.24,C9147687657,1.0,1.0,0,0.04,0
242,DEBIT,28464.94,C9592390865,48122.65,19657.71,M7270955446,0.0,0.0,0,0.016666666666666666,0
427,TRANSFER,1.0,C1770278136,0.87,0.0,C8987073217,0.0,1.0,0,0.20666666666666667,0
16,CASH_OUT,1.2,C9035194895,3.27,2.07,C2050340486,0.0,0.0,0,0.006666666666666667,0
660,TRANSFER,4973.96,C8299146480,4934.1,0.0,M5570190774,0.0,0.0,1,0.9666666666666667,1
118,PAYMENT,354.79,C1785418196,1016.88,662.09,M9620935604,0.0,0.0,0,0.0,0
703,TRANSFER,13674.89,C2752536389,93939.76,80264.87,C3260842187,29.51,13704.4,0,0.0033333333333333335,0
520,CASH_OUT,1364.89,C4714465905,1640.12,275.23,M4456193555,0.0,0.0,1,0.03,0
383,CASH_OUT,49.29,C6218484323,52.35,3.06,C9844874547,0.0,0.0,1,0.02666666666666667,0
249,CASH_OUT,299.28,C3878719791,976.99,677.71,C6715961218,419.16,419.16,0,0.013333333333333334,0
569,PAYMENT,220.33,C2405746777,250.36,30.03,M7664045502,0.0,0.0,0,0.0,0
81,TRANSFER,1725.74,C8791183272,7041.95,5316.21,C5694848867,2.0,1727.74,0,0.0033333333333333335,0
144,TRANSFER,13577.06,C9981364488,31198.77,17621.71,C4888749350,0.99,13578.05,0,0.0,0
380,PAYMENT,213.04,C5884080139,838.66,625.62,M5412437658,0.0,0.0,0,0.0,0
86,PAYMENT,1846.83,C2761091683,2007.33,160.5,M8790289305,0.0,0.0,0,0.0,0
422,CASH_OUT,287.06,C5329194647,348.2,61.14,M4399143287,0.0,0.0,1,0.043333333333333335,0
715,TRANSFER,17371.83,C7536876169,59939.48,42567.65,C4277422858,2.58,17374.41,0,0.0,0
638,CASH_OUT,1.0,C8650676663,0.0,0.0,C1691293717,0.0,0.0,0,0.06,0
88,TRANSFER,7368.15,C3744446292,7944.19,576.04,M2155671697,0.0,0.0,1,0.2,0
139,TRANSFER,266.76,C2382129132,282.22,15.46,C2267619081,605.31,872.07,0,0.01,0
476,TRANSFER,1.0,C7977267911,1.52,0.52,C6924716023,56.02,57.02,0,0.17,0
100,CASH_OUT,1.0,C4747699292,1.0,0.0,C2537965898,7.71,7.71,0,0.0033333333333333335,0
671,CASH_OUT,1.27,C2465576748,1.66,0.39,C1799718923,2.57,2.57,0,0.05333333333333334,0
612,TRANSFER,2627.0,C8291250562,3113.48,486.48,C3297096148,486.47,3113.47,1,0.04,0
489,CASH_OUT,3200.73,C9526836552,4225.93,1025.2,M9026301048,0.0,0.0,1,0.03,0
143,CASH_OUT,1.0,C2616884203,0.0,0.0,C3362657890,0.0,0.0,0,0.0033333333333333335,0
228,PAYMENT,78.75,C7623575561,161.95,83.2,M6865994703,0.0,0.0,0,0.0,0
137,PAYMENT,10.55,C8375996697,12.1,1.55,M9398575277,0.0,0.0,0,0.0,0
223,CASH_OUT,31237.62,C4518871744,27348.54,0.0,M3476758136,0.0,0.0,1,0.006666666666666667,0
670,PAYMENT,363.93,C3371357111,575.64,211.71,M3145756342,0.0,0.0,0,0.0,0
140,CASH_IN,40142.6,C8373547961,0.0,40142.6,C7750819485,2964.41,2964.41,0,0.0,0
340,TRANSFER,2.13,C2994056084,2.74,0.61,C1367704871,0.0,2.13,0,0.21,0
47,CASH_OUT,57053.07,C4405620755,97474.58,40421.51,C5992908271,3029.05,3029.05,0,0.0,0
632,CASH_OUT,56.38,C2601198885,55.94,0.0,M4093474499,0.0,0.0,1,0.06,0
512,TRANSFER,1384.09,C8252816758,1296.31,0.0,C8578226896,591.33,591.33,1,0.24666666666666667,0
624,TRANSFER,2118.19,C4302709858,2070.3,0.0,C2242377075,2147.75,2147.75,1,0.27666666666666667,0
488,PAYMENT,1.0,C9504724761,0.0,0.0,M5325865521,0.0,0.0,0,0.0,0
256,TRANSFER,1.0,C7981077394,0.0,0.0,C8575707116,601.25,602.25,0,0.016666666666666666,0
378,CASH_OUT,6191.58,C5483308751,22376.4,16184.82,C9858643842,3063.57,3063.57,0,0.0,0
137,PAYMENT,7.26,C1225447588,14.76,7.5,M3536590481,0.0,0.0,0,0.0,0
58,PAYMENT,1.0,C9085085822,0.0,0.0,M4390543744,0.0,0.0,0,0.0,0
526,TRANSFER,11.66,C8846861559,15.49,3.83,C2579206999,59.15,70.81,0,0.13333333333333333,0
651,TRANSFER,6271.8,C5483308751,16184.82,9913.02,C6418365941,0.0,6271.8,0,0.02666666666666667,0
33,PAYMENT,109.19,C5646880148,455.57,346.38,M7351460539,0.0,0.0,0,0.0,0
352,TRANSFER,501.78,C7016293621,546.92,45.14,M6865994703,0.0,0.0,1,0.16333333333333333,0
232,CASH_OUT,2.65,C5407856339,3.62,0.97,C6463640105,23.52,23.52,0,0.006666666666666667,0
657,PAYMENT,88.74,C6469458472,326.27,237.53,M6845287382,0.0,0.0,0,0.0,0
30,TRANSFER,2242.61,C1572827654,2992.18,749.57,C8106906538,11940.63,14183.24,1,0.0,0
104,CASH_OUT,1365.7,C3250402001,1669.34,303.64,M2249831874,0.0,0.0,1,0.0,0
302,PAYMENT,1097.83,C8750840032,1196.95,99.12,M3580582653,0.0,0.0,0,0.0,0
646,CASH_OUT,5332.43,C9842186844,4951.46,0.0,M3705237613,0.0,0.0,1,0.21666666666666667,0
161,TRANSFER,80.6,C2878930355,97.54,16.94,C7321180787,4.15,84.75,0,0.12333333333333334,0
676,CASH_OUT,54.4,C7602474923,64.64,10.24,C9484167278,27.08,27.08,0,0.02666666666666667,0
118,CASH_OUT,97.31,C5118430494,130.01,32.7,C2947476917,153.23,153.23,1,0.006666666666666667,0
472,CASH_OUT,1299.27,C8757570742,3676.61,2377.34,C7625464411,0.0,0.0,0,0.04,0
698,PAYMENT,83.72,C8317619798,131.87,48.15,M9916475897,0.0,0.0,0,0.0,0
386,CASH_OUT,1.0,C5584288132,1.69,0.69,C9189503254,139.28,139.28,0,0.013333333333333334,0
474,PAYMENT,1.0,C9945002229,0.0,0.0,M7951820749,0.0,0.0,0,0.0,0
532,CASH_OUT,1.0,C1245522987,0.0,0.0,C8584566722,522.85,522.85,0,0.06333333333333334,0
542,PAYMENT,1.0,C5604529187,3.8,2.8,M9620935604,0.0,0.0,0,0.0,0
659,CASH_OUT,171.04,C7640078465,242.16,71.12,C8151583833,0.0,0.0,0,0.03,0
452,PAYMENT,1.0,C8151583833,0.0,0.0,M2869931869,0.0,0.0,0,0.0,0
671,TRANSFER,461.14,C7193532615,644.74,183.6,M7351460539,0.0,0.0,1,0.11666666666666667,0
529,CASH_OUT,28112.06,C8991514523,26276.59,0.0,C1106456634,5.26,5.26,1,0.14,0
206,CASH_OUT,1.0,C2720484983,0.0,0.0,C1276905285,189.97,189.97,0,0.0,0
128,TRANSFER,42.81,C4104309491,56.56,13.75,C9388140708,0.0,0.0,1,0.14,0
58,PAYMENT,1.0,C2419931729,0.0,0.0,M6130446648,0.0,0.0,0,0.0,0
524,PAYMENT,54.94,C8779941999,128.62,73.68,M6053489772,0.0,0.0,0,0.0,0
400,TRANSFER,1.0,C2191714875,1.51,0.51,C4719780110,9.47,10.47,0,0.18333333333333332,0
38,CASH_OUT,1.41,C4440904834,3.45,2.04,C2254516608,164.22,164.22,0,0.0,0
179,PAYMENT,1.0,C9279291478,0.0,0.0,M4160161496,0.0,0.0,0,0.0,0
169,CASH_OUT,2.36,C5344083406,6.24,3.88,C6588316233,357.12,357.12,0,0.0,0
4,PAYMENT,23.14,C2811967841,54.2,31.06,M7861571879,0.0,0.0,0,0.0,0
114,PAYMENT,1.0,C6572436051,0.0,0.0,M8276498637,0.0,0.0,0,0.0,0
402,PAYMENT,52.68,C5092199300,315.72,263.04,M7514017540,0.0,0.0,0,0.0,0
388,PAYMENT,48.05,C6466597005,88.39,40.34,M8643636805,0.0,0.0,0,0.0,0
608,TRANSFER,22.86,C3884642366,92.59,69.73,C5750815980,3.14,26.0,0,0.16666666666666666,0
717,TRANSFER,12082.27,C4888749350,13578.05,1495.78,M3369412470,0.0,0.0,1,0.31,0
506,TRANSFER,73.54,C8703867299,84.84,11.3,C2635231601,0.0,0.0,1,0.17666666666666667,0
636,PAYMENT,1.0,C9922723063,0.0,0.0,M6247463262,0.0,0.0,0,0.0,0
414,PAYMENT,1.0,C3424843951,0.0,0.0,M5937271321,0.0,0.0,0,0.0,0
7,CASH_OUT,2489.79,C5891280823,3306.36,816.57,M1185303518,0.0,0.0,1,0.0,0
711,PAYMENT,1.0,C6385791669,1.74,0.74,M7664045502,0.0,0.0,0,0.0,0
531,PAYMENT,1.0,C9138644862,0.0,0.0,M8144889126,0.0,0.0,0,0.0,0
259,TRANSFER,3109.73,C5281907480,2843.81,0.0,M6199197408,0.0,0.0,1,0.8233333333333334,1
298,TRANSFER,54.57,C2424706705,77.14,22.57,C3780439666,0.0,54.57,0,0.15666666666666668,0
548,TRANSFER,3540.7,C4645120421,3951.56,410.86,C7915226263,60.15,60.15,1,0.22,0
606,CASH_IN,763.15,C7127904756,104556.41,105319.56,C4776436931,63139.09,63139.09,0,0.0,0
260,PAYMENT,1.0,C7567496105,0.0,0.0,M4522855590,0.0,0.0,0,0.0,0
687,PAYMENT,1.0,C3484872186,0.0,0.0,M4601406440,0.0,0.0,0,0.0,0
525,PAYMENT,539.27,C3744446292,576.04,36.77,M9822499208,0.0,0.0,0,0.0,0
264,PAYMENT,2785.61,C8709361138,4083.87,1298.26,M3156792018,0.0,0.0,0,0.0,0
88,CASH_OUT,18211.15,C9981364488,17621.71,0.0,M2839566253,0.0,0.0,1,0.18666666666666668,0
702,TRANSFER,3330.52,C2785736751,2907.51,0.0,C1304205279,15.01,15.01,1,0.7866666666666666,1
277,PAYMENT,1.0,C9573276057,0.0,0.0,M5985331805,0.0,0.0,0,0.0,0
291,PAYMENT,1.0,C1194576436,0.0,0.0,M9921025990,0.0,0.0,0,0.0,0
308,CASH_OUT,37751.94,C8137972345,142871.66,105119.72,C9035194895,2.07,2.07,0,0.0,0
198,CASH_OUT,263.05,C6923893872,332.59,69.54,C8215470878,1230.43,1230.43,0,0.01,0
544,CASH_OUT,583.83,C1547374338,675.13,91.3,C6628158856,439.94,439.94,1,0.02666666666666667,0
40,TRANSFER,1.0,C8208643631,0.0,0.0,C1546957087,0.0,1.0,0,0.22333333333333333,0
248,CASH_OUT,18.99,C6884333221,20.99,2.0,C4503614567,82104.14,82104.14,0,0.0,0
265,CASH_OUT,1.0,C4302632494,0.0,0.0,C9471306442,0.0,0.0,0,0.02666666666666667,0
354,PAYMENT,229.36,C7248258423,260.34,30.98,M5564953924,0.0,0.0,0,0.0,0
285,DEBIT,1.0,C3528924461,0.0,0.0,M2328736852,0.0,0.0,0,0.04,0
431,PAYMENT,26.65,C7074050517,53.56,26.91,M8874242713,0.0,0.0,0,0.0,0
623,TRANSFER,1409.38,C4508521152,2131.53,722.15,C2464137110,0.19,1409.57,0,0.06,0
643,PAYMENT,1.0,C5439176290,0.0,0.0,M2228388623,0.0,0.0,0,0.0,0
137,TRANSFER,14.37,C8184602688,16.79,2.42,C5183211669,27.03,41.4,0,0.11333333333333333,0
167,TRANSFER,141.6,C2570991899,148.97,7.37,M4211837506,0.0,0.0,1,0.15666666666666668,0
33,PAYMENT,1.0,C8419590655,0.0,0.0,M8778927211,0.0,0.0,0,0.0,0
417,CASH_OUT,1313.35,C1667779376,1753.91,440.56,C7209571615,1054.09,1054.09,0,0.03333333333333333,0
238,CASH_OUT,890.58,C1572827654,749.57,0.0,M6199197408,0.0,0.0,1,0.10333333333333333,0
428,CASH_OUT,12849.6,C9633533290,31959.15,19109.55,C5433722159,1.46,1.46,0,0.013333333333333334,0
584,TRANSFER,95206.32,C4503614567,82104.14,0.0,M6200141898,0.0,0.0,1,0.89,1
410,PAYMENT,1.57,C3532855799,2.4,0.83,M3476758136,0.0,0.0,0,0.0,0
110,PAYMENT,15.36,C7271954644,54.51,39.15,M4242579642,0.0,0.0,0,0.0,0
673,TRANSFER,91222.74,C8369792370,78636.72,0.0,C9697414638,0.0,0.0,1,0.8966666666666666,1
100,PAYMENT,1.0,C9279291478,0.0,0.0,M1257854279,0.0,0.0,0,0.0,0
219,DEBIT,98.85,C2825957977,156.33,57.48,M6558769264,0.0,0.0,0,0.016666666666666666,0
378,PAYMENT,1.0,C4431078106,0.0,0.0,M2571632270,0.0,0.0,0,0.0,0
145,CASH_OUT,786.8,C6720396142,815.1,28.3,M7702529931,0.0,0.0,1,0.0,0
717,PAYMENT,1.0,C1558631501,0.0,0.0,M6894024976,0.0,0.0,0,0.0,0
64,PAYMENT,1.0,C5254923696,0.0,0.0,M7960713821,0.0,0.0,0,0.0,0
249,PAYMENT,89.59,C4864126433,169.54,79.95,M2555936898,0.0,0.0,0,0.0,0
176,CASH_IN,1.02,C3482206102,0.0,1.02,C8809871735,0.0,0.0,0,0.01,0
232,TRANSFER,1.0,C3128675098,0.0,0.0,C5646751885,0.0,1.0,0,0.23,0
643,TRANSFER,2586.58,C9343730920,2699.56,112.98,C7801948900,6185.15,6185.15,1,0.07666666666666666,0
367,TRANSFER,15060.58,C1067198189,14194.38,0.0,M2391874847,0.0,0.0,1,0.8333333333333334,1
387,CASH_OUT,31089.47,C4486522557,26993.63,0.0,C9410288290,0.0,0.0,1,0.02,0
139,CASH_OUT,1.0,C7567496105,0.0,0.0,C3550908958,0.0,0.0,0,0.0033333333333333335,0
386,TRANSFER,1.0,C6687206971,0.19,0.0,C8317619798,48.15,49.15,0,0.13,0
649,TRANSFER,1812.27,C7430757004,1723.79,0.0,C4079223686,9.53,1821.8,1,0.31666666666666665,0
523,TRANSFER,11287.31,C8867077130,14631.86,3344.55,C2317723211,570.56,11857.87,0,0.01,0
212,CASH_OUT,1.0,C8151583833,0.0,0.0,C8846861559,3.83,3.83,0,0.013333333333333334,0
613,CASH_OUT,2735.76,C8879525611,3005.9,270.14,M4689605624,0.0,0.0,1,0.023333333333333334,0
448,TRANSFER,1.0,C7004964045,0.83,0.0,C8879525611,270.14,271.14,0,0.09,0
47,TRANSFER,60.65,C7623575561,83.2,22.55,C6171239466,28.76,28.76,1,0.11333333333333333,0
448,TRANSFER,593.64,C1383539822,509.65,0.0,C8299146480,0.0,0.0,1,0.25666666666666665,0
148,CASH_OUT,28.9,C9516893896,51.31,22.41,C1290050198,5134.72,5134.72,0,0.0,0
386,TRANSFER,1804.49,C7114223633,79714.54,77910.05,C3965572185,1200.49,3004.98,0,0.0,0
551,PAYMENT,1.14,C1553753599,4.96,3.82,M6495967005,0.0,0.0,0,0.0,0
105,CASH_OUT,599.1,C6868336102,648.03,48.93,M6894024976,0.0,0.0,1,0.0033333333333333335,0
692,TRANSFER,256.42,C7316122432,267.6,11.18,C9553561889,28.88,28.88,1,0.12666666666666668,0
554,TRANSFER,1.0,C7505693643,1.6,0.6,C9381721143,0.0,1.0,0,0.21666666666666667,0
439,TRANSFER,509.31,C6628158856,439.94,0.0,M9900829971,0.0,0.0,1,0.23,0
537,TRANSFER,10900.76,C1417436465,12265.22,1364.46,M7453081889,0.0,0.0,1,0.33,0
162,PAYMENT,23.92,C1050899550,32.93,9.01,M4242579642,0.0,0.0,0,0.0,0
145,CASH_OUT,3627.08,C6415031531,3752.53,125.45,C4356175095,2.8,2.8,1,0.0033333333333333335,0
638,TRANSFER,1.0,C5275521470,0.0,0.0,C5431267548,0.0,1.0,0,0.23333333333333334,0
255,TRANSFER,1.0,C1257324536,1.96,0.96,C6557907251,235.69,236.69,0,0.03,0
548,PAYMENT,101.15,C6732648420,146.38,45.23,M2571632270,0.0,0.0,0,0.0,0
482,PAYMENT,1.0,C2274350418,2.27,1.27,M5734228580,0.0,0.0,0,0.0,0
441,CASH_OUT,5.07,C7316122432,11.18,6.11,C2400094541,0.0,0.0,0,0.06,0
180,TRANSFER,171.86,C9272277508,535.07,363.21,C9381721143,1.0,172.86,0,0.016666666666666666,0
24,PAYMENT,22336.01,C4930438209,36108.2,13772.19,M4093474499,0.0,0.0,0,0.0,0
125,PAYMENT,376.42,C4820055862,612.46,236.04,M3636366799,0.0,0.0,0,0.0,0
430,CASH_OUT,2097.83,C7631970791,2049.9,0.0,M4522855590,0.0,0.0,1,0.37333333333333335,0
313,PAYMENT,894.86,C7808938880,2453.6,1558.74,M1368287033,0.0,0.0,0,0.0,0
620,CASH_OUT,4710.87,C9250327663,4972.7,261.83,M6200141898,0.0,0.0,1,0.03,0
51,TRANSFER,4607.42,C4287687478,6032.87,1425.45,C3806215682,69878.07,74485.49,0,0.0,0
208,TRANSFER,1.0,C5150090143,0.0,0.0,C7691931213,14942.87,14943.87,0,0.0,0
555,PAYMENT,1.0,C1515024824,0.0,0.0,M7168105904,0.0,0.0,0,0.0,0
220,DEBIT,1.0,C5884391502,0.0,0.0,M8102481401,0.0,0.0,0,0.03,0
350,PAYMENT,139.64,C1242425303,326.78,187.14,M1999913493,0.0,0.0,0,0.0,0
625,PAYMENT,4.36,C4485356009,12.44,8.08,M8102481401,0.0,0.0,0,0.0,0
544,CASH_OUT,12552.66,C2087974350,56798.64,44245.98,C4039019230,1459.71,1459.71,0,0.0,0
473,CASH_OUT,3875.58,C4062777850,4772.68,897.1,M8058679999,0.0,0.0,1,0.03333333333333333,0
719,PAYMENT,241.36,C5996775663,524.41,283.05,M1096405016,0.0,0.0,0,0.0,0
374,CASH_IN,32712.08,C8441393731,0.37,32712.45,C2761091683,160.5,160.5,0,0.0,0
558,PAYMENT,16.16,C2283298067,23.0,6.84,M6011842297,0.0,0.0,0,0.0,0
463,PAYMENT,4.69,C8703867299,11.3,6.61,M7453081889,0.0,0.0,0,0.0,0
463,TRANSFER,2544.85,C2094024844,2686.0,141.15,M8646369354,0.0,0.0,1,0.37,0
214,TRANSFER,2367.33,C8703867299,2695.9,328.57,M2115406331,0.0,0.0,1,0.19333333333333333,0
598,TRANSFER,345.45,C3421719519,330.29,0.0,C4647891535,26995.84,26995.84,1,0.0,0
1,PAYMENT,1.0,C1439921366,0.0,0.0,M5449848690,0.0,0.0,0,0.0,0
416,CASH_IN,4.67,C2878930355,16.94,21.61,C3214080278,4.14,4.14,0,0.013333333333333334,0
180,TRANSFER,1.0,C7631970791,0.0,0.0,C4486522557,0.0,1.0,0,0.22333333333333333,0
141,TRANSFER,1.0,C9912233947,0.0,0.0,C2761091683,160.5,161.5,0,0.043333333333333335,0
42,PAYMENT,348.69,C7536876169,42567.65,42218.96,M5570190774,0.0,0.0,0,0.0,0
666,PAYMENT,1.0,C7552812957,0.0,0.0,M8727805468,0.0,0.0,0,0.0,0
445,CASH_OUT,1017.61,C3367665472,1133.74,116.13,M5535650160,0.0,0.0,1,0.08333333333333333,0
139,TRANSFER,695.78,C4239406957,969.76,273.98,M3495411322,0.0,0.0,1,0.08666666666666667,0
623,TRANSFER,4074.55,C4014119648,3958.25,0.0,C9457665185,125.85,125.85,1,0.5833333333333334,1
147,TRANSFER,3085.48,C3058982440,3823.56,738.08,M6865994703,0.0,0.0,1,0.17,0
303,TRANSFER,88665.4,C6157617867,87335.84,0.0,C3436297208,512.46,512.46,1,0.31333333333333335,0
703,CASH_OUT,10967.38,C2948728483,20782.18,9814.8,C7196439534,0.0,0.0,0,0.016666666666666666,0
98,DEBIT,23.09,C9533595495,51.49,28.4,M6771941776,0.0,0.0,0,0.016666666666666666,0
420,TRANSFER,1.0,C7920516981,2.88,1.88,C6161147047,8.77,9.77,0,0.14,0
322,PAYMENT,626.88,C6623360831,767.93,141.05,M8058679999,0.0,0.0,0,0.0,0
122,TRANSFER,55.83,C5160575046,78.08,22.25,M8030400668,0.0,0.0,1,0.15,0
569,CASH_OUT,27.62,C9019515562,92.24,64.62,C7103588071,42.69,42.69,0,0.03333333333333333,0
693,CASH_OUT,67.2,C7321180787,84.75,17.55,M9098037639,0.0,0.0,1,0.03,0
163,TRANSFER,1586.77,C7666129822,1495.52,0.0,C1600566083,12.6,12.6,1,0.3233333333333333,0
227,CASH_OUT,25.05,C8243746556,76.21,51.16,C7022683808,5.47,5.47,0,0.0033333333333333335,0
344,CASH_OUT,1.0,C3479708607,0.0,0.0,C8380312396,1.13,1.13,0,0.03666666666666667,0
98,PAYMENT,35.53,C8117478955,41.61,6.08,M9255306810,0.0,0.0,0,0.0,0
208,CASH_OUT,260.47,C6242173772,287.16,26.69,M9441870024,0.0,0.0,1,0.0,0
308,CASH_OUT,112.48,C8588769565,108.82,0.0,C1572827654,0.0,0.0,1,0.043333333333333335,0
165,PAYMENT,35.12,C7527316141,71.1,35.98,M7437168216,0.0,0.0,0,0.0,0
268,CASH_OUT,1.0,C6773938304,0.0,0.0,C9725528903,935.07,935.07,0,0.013333333333333334,0
593,TRANSFER,6.32,C8282534126,29.12,22.8,C5416031878,183.49,189.81,0,0.08,0
655,TRANSFER,356.44,C4631048029,384.54,28.1,C8625774078,7.79,364.23,0,0.08,0
349,PAYMENT,43.33,C8270110908,85.99,42.66,M8063693463,0.0,0.0,0,0.0,0
499,TRANSFER,1854.75,C1662976399,1661.82,0.0,M7282885927,0.0,0.0,1,0.55,1
367,PAYMENT,5308.11,C2247484671,35047.86,29739.75,M2869931869,0.0,0.0,0,0.0,0
94,CASH_OUT,460.06,C3734252963,498.28,38.22,C4172006012,0.0,0.0,1,0.013333333333333334,0
684,PAYMENT,571.48,C4751509023,4323.1,3751.62,M9776500600,0.0,0.0,0,0.0,0
678,TRANSFER,2943.69,C6493800024,4168.37,1224.68,C9663561486,0.0,2943.69,1,0.04666666666666667,0
477,CASH_OUT,4704.79,C8923555411,4130.87,0.0,C8841851495,2.24,2.24,1,0.36,0
147,TRANSFER,181563.75,C9147736635,165303.72,0.0,C3334938378,132.82,181696.57,1,0.01,0
690,TRANSFER,707.4,C7420846622,987.45,280.05,C4574027737,9.82,717.22,1,0.043333333333333335,0
661,PAYMENT,1.0,C4302709858,0.0,0.0,M3846182436,0.0,0.0,0,0.0,0
623,PAYMENT,1.0,C8690920484,0.0,0.0,M9026301048,0.0,0.0,0,0.0,0
134,PAYMENT,40.69,C9953941533,49.33,8.64,M4211837506,0.0,0.0,0,0.0,0
242,PAYMENT,204.9,C2267619081,872.07,667.17,M2711123163,0.0,0.0,0,0.0,0
255,TRANSFER,197.41,C1546696950,340.81,143.4,C5802739154,7.24,204.65,0,0.04,0
194,TRANSFER,89.52,C7061419749,109.98,20.46,C1526723719,276.39,276.39,1,0.006666666666666667,0
30,PAYMENT,11.17,C2377246195,20.83,9.66,M1442421654,0.0,0.0,0,0.0,0
430,DEBIT,1096.59,C7627266377,11044.84,9948.25,M8728631945,0.0,0.0,0,0.023333333333333334,0
197,CASH_IN,3026.78,C9544423456,0.0,3026.78,C8940731272,26.87,26.87,0,0.0,0
486,PAYMENT,6.6,C5292015249,7.27,0.67,M8144889126,0.0,0.0,0,0.0,0
317,PAYMENT,54.36,C7640078465,71.12,16.76,M9065458220,0.0,0.0,0,0.0,0
56,TRANSFER,229.67,C3574081104,239.23,9.56,M8903212516,0.0,0.0,1,0.16666666666666666,0
481,PAYMENT,1.0,C6995554056,0.0,0.0,M4952177946,0.0,0.0,0,0.0,0
88,CASH_OUT,4352.63,C3389594115,15483.95,11131.32,C2770980600,29918.91,29918.91,0,0.0033333333333333335,0
244,PAYMENT,1.0,C1939777262,0.0,0.0,M8667946580,0.0,0.0,0,0.0,0
593,DEBIT,3577.05,C8527715219,4226.72,649.67,M2115406331,0.0,0.0,0,0.03666666666666667,0
353,TRANSFER,190.34,C7640122370,240.63,50.29,M2228388623,0.0,0.0,1,0.15,0
15,TRANSFER,5796.92,C4965395580,5641.24,0.0,M2571632270,0.0,0.0,1,0.6933333333333334,1
611,PAYMENT,5932.66,C4662861038,6498.23,565.57,M9444143872,0.0,0.0,0,0.0,0
345,PAYMENT,1.0,C6691628146,0.0,0.0,M9026301048,0.0,0.0,0,0.0,0
589,PAYMENT,235.89,C6923301988,301.2,65.31,M5794335854,0.0,0.0,0,0.0,0
493,PAYMENT,2.2,C9354711271,16.98,14.78,M6045729129,0.0,0.0,0,0.0,0
386,PAYMENT,1.0,C2645272822,0.0,0.0,M1908459040,0.0,0.0,0,0.0,0
590,PAYMENT,115.62,C7246858055,281.41,165.79,M6820149016,0.0,0.0,0,0.0,0
246,PAYMENT,434.63,C3436297208,512.46,77.83,M6732306182,0.0,0.0,0,0.0,0
485,TRANSFER,2511.34,C9333490239,3266.75,755.41,M3223687972,0.0,0.0,1,0.2733333333333333,0
714,TRANSFER,1929.36,C3520417815,2482.73,553.37,M5087280062,0.0,0.0,1,0.28,0
689,DEBIT,1.0,C4012917912,0.0,0.0,M5919148165,0.0,0.0,0,0.05,0
155,PAYMENT,1.0,C9842186844,0.0,0.0,M3156792018,0.0,0.0,0,0.0,0
38,CASH_OUT,1.0,C2591414076,0.0,0.0,C8750840032,99.12,99.12,0,0.0,0
644,PAYMENT,1.0,C2394868732,0.0,0.0,M1666898313,0.0,0.0,0,0.0,0
493,TRANSFER,70628.43,C7114223633,77910.05,7281.62,M1306420495,0.0,0.0,1,0.3,0
629,CASH_OUT,127.43,C6797174636,183.58,56.15,C8208584394,14.93,14.93,0,0.03,0
223,CASH_OUT,6.61,C7540301973,7.13,0.52,C6982610835,1.54,1.54,0,0.013333333333333334,0
124,TRANSFER,1.0,C1446457642,0.0,0.0,C5789633176,14773.9,14774.9,0,0.0,0
653,DEBIT,1.0,C1674555072,0.0,0.0,M3534186676,0.0,0.0,0,0.05333333333333334,0
246,PAYMENT,1.0,C2777816561,0.0,0.0,M1306420495,0.0,0.0,0,0.0,0
554,CASH_OUT,213.17,C5130589741,245.92,32.75,C7838460497,1.0,1.0,1,0.04,0
137,CASH_OUT,3376.21,C3792347639,3311.49,0.0,M9581187661,0.0,0.0,1,0.05333333333333334,0
532,PAYMENT,256.12,C9505085936,346.33,90.21,M8778927211,0.0,0.0,0,0.0,0
159,PAYMENT,1.0,C2802141793,0.81,0.0,M6732306182,0.0,0.0,0,0.0,0
720,PAYMENT,228.9,C6797436140,612.63,383.73,M3965860354,0.0,0.0,0,0.0,0
641,DEBIT,10.23,C2878930355,21.61,11.38,M1442421654,0.0,0.0,0,0.03,0
633,CASH_OUT,1.0,C5666504394,0.0,0.0,C1506211965,1559.66,1559.66,0,0.03666666666666667,0
581,CASH_OUT,260.65,C6461974809,289.33,28.68,M4329446784,0.0,0.0,1,0.04,0
666,CASH_IN,13789.19,C3971203213,229.5,14018.69,C9019515562,64.62,64.62,0,0.0,0
26,PAYMENT,2726.51,C7183058541,114250.18,111523.67,M6866146362,0.0,0.0,0,0.0,0
72,CASH_OUT,1474.58,C1885113834,1565.44,90.86,C6237376063,82.44,82.44,1,0.0033333333333333335,0
599,CASH_IN,128681.09,C6448001026,1670.67,130351.76,C6237376063,82.44,82.44,0,0.0,0
26,CASH_OUT,1236.45,C7596745715,1092.93,0.0,C7751356568,6000.47,6000.47,1,0.0033333333333333335,0
715,PAYMENT,1.0,C1364994639,0.0,0.0,M7343954769,0.0,0.0,0,0.0,0
564,CASH_OUT,1.0,C1696846464,0.0,0.0,C8987073217,1.0,1.0,0,0.06,0
88,CASH_OUT,563.07,C4147025728,559.06,0.0,M3119908041,0.0,0.0,1,0.11,0
532,PAYMENT,404.61,C8532327465,737.08,332.47,M7453081889,0.0,0.0,0,0.0,0
554,PAYMENT,8.95,C2848792488,16.43,7.48,M5959736235,0.0,0.0,0,0.0,0
608,CASH_OUT,4795.19,C7552812957,4076.08,0.0,M8903212516,0.0,0.0,1,0.22333333333333333,0
720,PAYMENT,1286.18,C3776011793,1624.14,337.96,M6401844042,0.0,0.0,0,0.0,0
61,CASH_OUT,67397.63,C5315211627,128772.76,61375.13,C5976777081,64.07,64.07,0,0.0,0
96,CASH_OUT,3030.62,C6358023411,3466.22,435.6,M8667946580,0.0,0.0,1,0.0,0
484,CASH_OUT,20647.58,C4736031885,65274.34,44626.76,C7059726570,164.12,164.12,0,0.01,0
411,CASH_OUT,23.37,C2168041588,45.03,21.66,C9462806178,22.23,22.23,0,0.043333333333333335,0
23,PAYMENT,1.0,C7079234115,0.0,0.0,M9410569618,0.0,0.0,0,0.0,0
590,PAYMENT,45.68,C9381721143,172.86,127.18,M6282009986,0.0,0.0,0,0.0,0
596,TRANSFER,320.7,C6591038760,400.42,79.72,C8106906538,14183.24,14503.94,0,0.0033333333333333335,0
236,PAYMENT,23.91,C1594312071,32.27,8.36,M3223687972,0.0,0.0,0,0.0,0
281,TRANSFER,5013.57,C2111272861,5446.34,432.77,C2178884276,0.0,0.0,1,0.22,0
204,CASH_OUT,956.74,C1387652480,840.13,0.0,M6992094064,0.0,0.0,1,0.08333333333333333,0
351,TRANSFER,570.44,C2878930355,525.25,0.0,C5952894290,1.28,1.28,1,0.2833333333333333,0
183,PAYMENT,14124.14,C7127904756,105319.56,91195.42,M2228388623,0.0,0.0,0,0.0,0
468,TRANSFER,2396.28,C8168394616,2870.17,473.89,M6771941776,0.0,0.0,1,0.2833333333333333,0
562,DEBIT,1.0,C9945002229,0.0,0.0,M2155671697,0.0,0.0,0,0.043333333333333335,0
633,TRANSFER,131.07,C6392415228,116.12,0.0,C8730507757,1551.39,1551.39,1,0.07666666666666666,0
241,PAYMENT,1.0,C8382963909,0.0,0.0,M5937271321,0.0,0.0,0,0.0,0
398,PAYMENT,7801.24,C8083175325,27921.09,20119.85,M1908459040,0.0,0.0,0,0.0,0
581,TRANSFER,202.65,C3057629778,238.18,35.53,C7670476743,20.14,222.79,0,0.08333333333333333,0
37,CASH_OUT,2191.15,C2076151332,2244.89,53.74,C2178158203,0.0,0.0,1,0.0033333333333333335,0
417,CASH_OUT,3063.08,C1590985753,4162.61,1099.53,M4601406440,0.0,0.0,1,0.03333333333333333,0
409,CASH_OUT,1991.27,C3614915281,2314.56,323.29,C4026379752,1.05,1.05,1,0.03333333333333333,0
312,PAYMENT,389.81,C3878201524,1094.6,704.79,M9822499208,0.0,0.0,0,0.0,0
176,DEBIT,1.0,C1993998848,0.0,0.0,M6583604299,0.0,0.0,0,0.03,0
226,TRANSFER,2915.03,C6638034087,2833.4,0.0,M7570511906,0.0,0.0,1,0.84,1
220,CASH_OUT,6073.75,C4531928910,5828.34,0.0,M7514017540,0.0,0.0,1,0.04666666666666667,0
657,TRANSFER,2707.56,C5870891270,3589.69,882.13,M1257854279,0.0,0.0,1,0.29,0
452,PAYMENT,705.85,C4026816435,1057.75,351.9,M3595066420,0.0,0.0,0,0.0,0
357,TRANSFER,546.53,C1519709079,482.02,0.0,M1694904767,0.0,0.0,1,0.29333333333333333,0
394,CASH_OUT,3692.45,C7196439534,3397.51,0.0,M4865979921,0.0,0.0,1,0.13,0
621,PAYMENT,233.26,C2064803502,412.61,179.35,M3107992942,0.0,0.0,0,0.0,0
167,TRANSFER,1892.76,C9798613995,1890.77,0.0,C1754368373,15.86,15.86,1,0.49333333333333335,0
201,CASH_OUT,98.49,C5336127859,141.16,42.67,C6837975356,0.0,0.0,0,0.0,0
166,PAYMENT,54.55,C7127904756,91195.42,91140.87,M3705237613,0.0,0.0,0,0.0,0
635,PAYMENT,1.0,C6313758032,1.76,0.76,M1306420495,0.0,0.0,0,0.0,0
357,TRANSFER,3483.56,C6402580787,5350.96,1867.4,C3470617247,0.0,3483.56,0,0.0,0
115,PAYMENT,154.09,C6334440295,222.63,68.54,M4158643786,0.0,0.0,0,0.0,0
528,PAYMENT,5.25,C7316122432,6.11,0.86,M8276498637,0.0,0.0,0,0.0,0
504,PAYMENT,404.36,C2812140441,2019.01,1614.65,M3660800029,0.0,0.0,0,0.0,0
29,TRANSFER,2.32,C7077131430,2.61,0.29,C5898890707,14.79,17.11,0,0.19,0
693,TRANSFER,111.97,C6961554653,93.62,0.0,M8083396378,0.0,0.0,1,0.23,0
80,PAYMENT,1.2,C4655730355,673.08,671.88,M5694439775,0.0,0.0,0,0.0,0
10,CASH_OUT,10789.55,C4310415016,19132.65,8343.1,C9650701349,0.0,0.0,0,0.0,0
368,TRANSFER,1.0,C5613655595,0.0,0.0,C5975196341,5197.7,5198.7,0,0.0,0
268,PAYMENT,124.27,C7467073633,396.97,272.7,M5585110649,0.0,0.0,0,0.0,0
698,CASH_OUT,14839.88,C4277422858,17374.41,2534.53,C4633987776,141212.02,141212.02,0,0.0033333333333333335,0
128,PAYMENT,1.0,C4311931853,0.0,0.0,M4588312351,0.0,0.0,0,0.0,0
134,CASH_OUT,729.4,C6131005449,808.84,79.44,C1600337712,28.48,28.48,0,0.0033333333333333335,0
18,TRANSFER,1.0,C8299146480,0.0,0.0,C9457665185,125.85,126.85,0,0.06,0
22,PAYMENT,1.0,C8151583833,0.0,0.0,M3580582653,0.0,0.0,0,0.0,0
451,PAYMENT,53.61,C9798548049,62.54,8.93,M4242579642,0.0,0.0,0,0.0,0
258,PAYMENT,1.66,C2370592316,1091.93,1090.27,M2243802345,0.0,0.0,0,0.0,0
71,CASH_IN,89016.6,C2317723211,11857.87,100874.47,C9558091177,0.0,0.0,0,0.0,0
315,PAYMENT,535.44,C8350384902,630.44,95.0,M1811839103,0.0,0.0,0,0.0,0
310,TRANSFER,38.51,C3245108207,113.7,75.19,C3933213766,0.36,38.87,0,0.15666666666666668,0
544,PAYMENT,300.9,C4696689457,318.28,17.38,M7512767226,0.0,0.0,0,0.0,0
655,PAYMENT,2.64,C5144289583,7.23,4.59,M1888107487,0.0,0.0,0,0.0,0
5,PAYMENT,1903.58,C8796286443,2495.45,591.87,M6101516825,0.0,0.0,0,0.0,0
580,CASH_OUT,17.76,C8902275119,50.36,32.6,C5476654128,2.81,2.81,0,0.03333333333333333,0
3,PAYMENT,1.0,C9661615016,0.0,0.0,M4665677395,0.0,0.0,0,0.0,0
466,TRANSFER,1.81,C9438411468,7.46,5.65,C9974165440,0.0,1.81,0,0.16333333333333333,0
324,CASH_OUT,10.41,C7061419749,20.46,10.05,C4106464319,0.0,0.0,0,0.006666666666666667,0
387,TRANSFER,3518.02,C4034047118,3494.83,0.0,C7573442717,3204.37,3204.37,1,0.04,0
405,PAYMENT,2.53,C1050899550,9.01,6.48,M8910440683,0.0,0.0,0,0.0,0
484,CASH_OUT,8.49,C7825844140,31.01,22.52,C3383331379,1712.75,1712.75,0,0.03333333333333333,0
59,TRANSFER,2092.31,C4972536230,2330.53,238.22,C2914126243,1.0,2093.31,1,0.016666666666666666,0
487,CASH_OUT,58.67,C3206955437,76.24,17.57,M6053489772,0.0,0.0,1,0.04666666666666667,0
131,PAYMENT,1.0,C6837975356,0.0,0.0,M2869931869,0.0,0.0,0,0.0,0
354,CASH_OUT,1.0,C3815235019,0.0,0.0,C1654477195,23.6,23.6,0,0.02,0
491,CASH_OUT,551.37,C2721355673,629.3,77.93,C6923206003,2178.94,2178.94,0,0.03,0
6,PAYMENT,1.0,C8831899893,0.0,0.0,M2869931869,0.0,0.0,0,0.0,0
596,PAYMENT,1.0,C7540301973,0.52,0.0,M2555936898,0.0,0.0,0,0.0,0
261,TRANSFER,1.0,C4159699467,0.0,0.0,C4037867512,230.1,231.1,0,0.05,0
113,TRANSFER,391.09,C3783290795,336.09,0.0,C9623534576,0.58,391.67,1,0.06,0
306,PAYMENT,908.8,C4706249669,1013.42,104.62,M8643636805,0.0,0.0,0,0.0,0
126,PAYMENT,1551.76,C3293560436,1987.81,436.05,M8869140487,0.0,0.0,0,0.0,0
178,PAYMENT,1076.39,C1417436465,1364.46,288.07,M4160161496,0.0,0.0,0,0.0,0
440,CASH_OUT,759.51,C3178995337,689.98,0.0,M4035639663,0.0,0.0,1,0.22333333333333333,0
157,PAYMENT,1.0,C4506639908,0.0,0.0,M9410569618,0.0,0.0,0,0.0,0
75,CASH_OUT,1.0,C8690920484,0.0,0.0,C2214741296,18474.82,18474.82,0,0.006666666666666667,0
593,TRANSFER,163.3,C2830154607,229.49,66.19,M4588312351,0.0,0.0,1,0.17333333333333334,0
118,CASH_OUT,1.0,C5952163720,0.0,0.0,C5284391408,17.64,17.64,0,0.0,0
26,TRANSFER,72088.6,C2752536389,80264.87,8176.27,C2247484671,29739.75,101828.35,0,0.0,0
544,TRANSFER,1.0,C7186766399,0.0,0.0,C5861829469,620.4,621.4,0,0.08,0
558,CASH_IN,799.38,C3484872186,0.0,799.38,C5293274004,0.0,0.0,0,0.0,0
608,CASH_OUT,1.0,C3777580509,0.0,0.0,C3515167269,0.0,0.0,0,0.06333333333333334,0
53,PAYMENT,1.0,C1245522987,0.0,0.0,M6199197408,0.0,0.0,0,0.0,0
47,TRANSFER,2799.26,C2073755632,2704.77,0.0,M7270955446,0.0,0.0,1,0.7633333333333333,1
574,TRANSFER,4083.46,C8901585274,4256.75,173.29,C3316277000,228.84,228.84,1,0.14,0
647,TRANSFER,3621.32,C9957813353,4878.28,1256.96,M6053489772,0.0,0.0,1,0.32666666666666666,0
260,CASH_OUT,363.69,C6069848439,403.47,39.78,C2140169349,8.27,8.27,1,0.0033333333333333335,0
298,TRANSFER,2485.08,C5694190173,2629.26,144.18,M4896576569,0.0,0.0,1,0.3333333333333333,0
360,PAYMENT,10004.56,C4930438209,13772.19,3767.63,M4820942294,0.0,0.0,0,0.0,0
374,CASH_OUT,1175.01,C2079770569,1755.41,580.4,C4776677517,48.6,48.6,0,0.006666666666666667,0
44,PAYMENT,1.0,C4040409964,0.0,0.0,M9896529524,0.0,0.0,0,0.0,0
359,CASH_OUT,112.1,C7229869819,109.2,0.0,M1504729135,0.0,0.0,1,0.043333333333333335,0
26,CASH_OUT,2136.67,C1513003815,2579.91,443.24,M3438830691,0.0,0.0,1,0.006666666666666667,0
36,PAYMENT,6735.85,C2480915452,144121.79,137385.94,M7453081889,0.0,0.0,0,0.0,0
255,CASH_OUT,14.87,C3476426797,18.56,3.69,C5783809766,15566.1,15566.1,0,0.0033333333333333335,0
612,PAYMENT,3774.61,C9094089209,4216.76,442.15,M1676220116,0.0,0.0,0,0.0,0
228,PAYMENT,311.08,C1288765093,721.69,410.61,M1306420495,0.0,0.0,0,0.0,0
92,DEBIT,1.16,C8953726023,1.73,0.57,M4125758723,0.0,0.0,0,0.03,0
661,CASH_OUT,61.1,C2486744752,79.28,18.18,C1248786714,6.92,6.92,1,0.02666666666666667,0
137,PAYMENT,5.43,C9717175839,11.49,6.06,M8548290298,0.0,0.0,0,0.0,0
181,CASH_OUT,4332.97,C8241550421,3901.26,0.0,C6837975356,0.0,0.0,1,0.04666666666666667,0
600,PAYMENT,1.0,C8382963909,0.0,0.0,M6498703287,0.0,0.0,0,0.0,0
211,TRANSFER,214.22,C7670476743,222.79,8.57,C8953271391,12.7,12.7,1,0.12666666666666668,0
524,PAYMENT,371.95,C2079770569,580.4,208.45,M7453081889,0.0,0.0,0,0.0,0
686,TRANSFER,26.56,C4776677517,48.6,22.04,C7648059419,134.12,160.68,0,0.07333333333333333,0
117,PAYMENT,108.69,C6645808194,161.15,52.46,M8861351706,0.0,0.0,0,0.0,0
409,TRANSFER,1.0,C3380064537,0.0,0.0,C1209063208,0.0,1.0,0,0.19666666666666666,0
38,TRANSFER,27.08,C5025070544,45.33,18.25,C9711080868,798.84,825.92,0,0.01,0
518,PAYMENT,604.72,C5569295400,1546.74,942.02,M8667946580,0.0,0.0,0,0.0,0
579,PAYMENT,12.63,C6463640105,23.52,10.89,M9043367776,0.0,0.0,0,0.0,0
226,PAYMENT,48.04,C9861449701,113.86,65.82,M1666898313,0.0,0.0,0,0.0,0
229,TRANSFER,15.5,C1099541460,16.74,1.24,C1754368373,15.86,31.36,0,0.14,0
54,TRANSFER,28.1,C9433570024,31.12,3.02,C8991514523,0.0,28.1,0,0.17,0
665,DEBIT,1.11,C8841851495,2.24,1.13,M3811254192,0.0,0.0,0,0.04666666666666667,0
678,CASH_OUT,75.62,C8833889083,87.37,11.75,C4095476665,0.0,0.0,0,0.03,0
662,TRANSFER,73.53,C6237376063,82.44,8.91,M1908459040,0.0,0.0,1,0.17333333333333334,0
565,TRANSFER,677.15,C4287687478,1425.45,748.3,C4643576871,0.0,677.15,0,0.03333333333333333,0
391,CASH_OUT,77566.35,C7333678472,91264.19,13697.84,C6110646714,0.0,0.0,1,0.0033333333333333335,0
301,TRANSFER,323.09,C2445662585,438.28,115.19,C6122110529,80647.64,80970.73,0,0.0,0
628,PAYMENT,193.73,C6488854841,341.22,147.49,M2586712032,0.0,0.0,0,0.0,0
171,PAYMENT,1.0,C3799264931,0.0,0.0,M3476758136,0.0,0.0,0,0.0,0
305,CASH_OUT,95.77,C5862655247,110.19,14.42,C9388140708,0.0,0.0,0,0.006666666666666667,0
211,PAYMENT,1.98,C7380780055,5.37,3.39,M8728631945,0.0,0.0,0,0.0,0
285,TRANSFER,1219.15,C9912233947,1483.37,264.22,C8239941612,120.08,1339.23,1,0.0,0
561,TRANSFER,3585.85,C8299146480,4487.73,901.88,C7623575561,22.55,22.55,1,0.24666666666666667,0
663,PAYMENT,4.33,C7767834064,15.94,11.61,M6045729129,0.0,0.0,0,0.0,0
253,CASH_OUT,125.43,C7805633786,258.64,133.21,C3923699745,19.64,19.64,0,0.0033333333333333335,0
468,TRANSFER,1585.47,C1506211965,1559.66,0.0,C7045593274,0.0,0.0,1,0.5066666666666667,1
312,TRANSFER,1.11,C2452066459,4.24,3.13,C8934927891,0.0,1.11,0,0.16666666666666666,0
116,PAYMENT,14.0,C7321180787,17.55,3.55,M3566125120,0.0,0.0,0,0.0,0
316,PAYMENT,1.0,C4413838650,0.0,0.0,M7270955446,0.0,0.0,0,0.0,0
355,PAYMENT,2818.89,C5903457537,8947.58,6128.69,M7537130187,0.0,0.0,0,0.0,0
450,TRANSFER,3121.15,C4747699292,3658.37,537.22,M1694904767,0.0,0.0,1,0.29,0
476,TRANSFER,52.05,C4765583254,61.57,9.52,C5856127658,0.0,52.05,0,0.17333333333333334,0
655,CASH_OUT,9.99,C8880184233,32.73,22.74,C5439176290,0.0,0.0,0,0.02666666666666667,0
291,DEBIT,5.88,C4022360089,20.19,14.31,M5694439775,0.0,0.0,0,0.023333333333333334,0
506,CASH_OUT,1752.36,C6720396142,2371.26,618.9,M5585110649,0.0,0.0,1,0.02666666666666667,0
185,PAYMENT,1263.6,C5694848867,1727.74,464.14,M5734228580,0.0,0.0,0,0.0,0
265,TRANSFER,1.0,C9844874547,0.0,0.0,C6534540349,56.15,57.15,0,0.12,0
596,TRANSFER,1.0,C1195066088,1.68,0.68,C3521300895,0.7,1.7,0,0.22,0
719,PAYMENT,438.6,C6952291828,476.63,38.03,M9900829971,0.0,0.0,0,0.0,0
412,PAYMENT,1.0,C9547119184,0.33,0.0,M3690714075,0.0,0.0,0,0.0,0
220,PAYMENT,1.0,C8339176912,0.0,0.0,M9631695368,0.0,0.0,0,0.0,0
140,PAYMENT,322.01,C6720396142,618.9,296.89,M2635881694,0.0,0.0,0,0.0,0
386,PAYMENT,1.0,C7596745715,0.0,0.0,M2328736852,0.0,0.0,0,0.0,0
114,TRANSFER,1.62,C3185386258,4.88,3.26,C9786748825,103.97,105.59,0,0.043333333333333335,0
104,CASH_OUT,35.64,C6466597005,40.34,4.7,C6596578419,0.15,0.15,0,0.0033333333333333335,0
640,CASH_OUT,244.93,C2850820685,337.3,92.37,C6097953682,61.8,61.8,0,0.02666666666666667,0
311,TRANSFER,695.54,C8796286443,591.87,0.0,C7010379415,621.7,621.7,1,0.06,0
258,PAYMENT,1.0,C5728897164,1.0,0.0,M6866146362,0.0,0.0,0,0.0,0
99,CASH_OUT,14.08,C6168291913,32.86,18.78,C2452066459,3.13,3.13,0,0.0,0
580,PAYMENT,1257.13,C4037270171,9764.17,8507.04,M4035639663,0.0,0.0,0,0.0,0
318,TRANSFER,5.17,C1600566083,12.6,7.43,C2811967841,31.06,36.23,0,0.10666666666666667,0
229,CASH_OUT,133.85,C6488854841,147.49,13.64,C7088451458,364.78,364.78,1,0.006666666666666667,0
295,PAYMENT,1.0,C7576309274,0.0,0.0,M7453081889,0.0,0.0,0,0.0,0
194,CASH_IN,102.12,C5728765136,9.39,111.51,C3887823121,0.0,0.0,0,0.0033333333333333335,0
685,TRANSFER,78869.87,C2071552532,100001.6,21131.73,M8903212516,0.0,0.0,1,0.30333333333333334,0
335,TRANSFER,3.6,C6447717367,9.74,6.14,C5115980792,0.0,3.6,0,0.15,0
44,CASH_OUT,1.69,C5297902885,2.05,0.36,C7266763552,225.88,225.88,0,0.0,0
504,TRANSFER,76.27,C8991977937,178.83,102.56,C4277561834,0.0,76.27,0,0.16666666666666666,0
414,DEBIT,2.77,C6405851839,5.57,2.8,M9098037639,0.0,0.0,0,0.04666666666666667,0
490,PAYMENT,1.0,C7196439534,0.0,0.0,M4460319291,0.0,0.0,0,0.0,0
238,TRANSFER,1.0,C9798613995,0.0,0.0,C1160913827,439.97,440.97,0,0.01,0
266,TRANSFER,3700.23,C1847275937,3365.27,0.0,M1888107487,0.0,0.0,1,0.83,1
266,TRANSFER,58.43,C5856127658,52.05,0.0,C5945359606,29220.28,29220.28,1,0.0,0
702,CASH_OUT,1.0,C7760554363,0.0,0.0,C8287542751,0.0,0.0,0,0.056666666666666664,0
266,CASH_OUT,3688.1,C3088517710,3092.69,0.0,C2439622619,17.33,17.33,1,0.07666666666666666,0
682,CASH_OUT,1.0,C2846465000,0.0,0.0,C5483308751,9913.02,9913.02,0,0.016666666666666666,0
454,CASH_IN,151.31,C2811967841,36.23,187.54,C7539399243,0.0,0.0,0,0.006666666666666667,0
269,CASH_OUT,115.65,C9303765140,200.31,84.66,C6218955985,16878.56,16878.56,0,0.0033333333333333335,0
659,PAYMENT,2.71,C8370987661,6.32,3.61,M5990749811,0.0,0.0,0,0.0,0
436,PAYMENT,2799.79,C3965572185,3004.98,205.19,M8869140487,0.0,0.0,0,0.0,0
555,TRANSFER,866.68,C2953462417,1221.81,355.13,C3115806625,3172.5,3172.5,1,0.02,0
703,TRANSFER,53.58,C6923893872,69.54,15.96,C8241550421,0.0,53.58,0,0.17333333333333334,0
487,TRANSFER,2.83,C2905584866,8.48,5.65,C3097302637,104.24,107.07,0,0.08666666666666667,0
9,CASH_OUT,614.25,C5724657556,570.98,0.0,M4908108692,0.0,0.0,1,0.08333333333333333,0
506,CASH_OUT,203.59,C2924568778,743.15,539.56,C5307145891,16.65,16.65,0,0.023333333333333334,0
453,CASH_OUT,2003.71,C3734252963,2010.4,6.69,C2953462417,355.13,355.13,1,0.12333333333333334,0
486,TRANSFER,159.74,C3328710672,210.7,50.96,C3206955437,17.57,177.31,1,0.08333333333333333,0
438,PAYMENT,4178.87,C3874432021,46654.02,42475.15,M8790289305,0.0,0.0,0,0.0,0
478,CASH_OUT,1184.3,C7022683808,1007.15,0.0,M2243802345,0.0,0.0,1,0.34,0
55,CASH_IN,888.13,C1158998032,5.95,894.08,C9049270990,0.0,0.0,0,0.0,0
258,CASH_OUT,1.0,C2176904638,0.0,0.0,C4776436931,63139.09,63139.09,0,0.0,0
230,TRANSFER,4550.81,C2510308881,3813.93,0.0,M1504729135,0.0,0.0,1,0.8166666666666667,1
226,PAYMENT,13.04,C2914590233,21.33,8.29,M3469205576,0.0,0.0,0,0.0,0
351,PAYMENT,13.22,C5227828349,65.86,52.64,M2635881694,0.0,0.0,0,0.0,0
301,DEBIT,33.72,C2625792787,35.89,2.17,M9410569618,0.0,0.0,0,0.03333333333333333,0
78,PAYMENT,1.0,C6588252632,0.0,0.0,M4896576569,0.0,0.0,0,0.0,0
229,CASH_OUT,44.93,C5600836559,78.29,33.36,C9547119184,0.0,0.0,0,0.0033333333333333335,0
698,TRANSFER,45.64,C2079501936,57.48,11.84,M3534186676,0.0,0.0,1,0.17,0
669,CASH_OUT,1.0,C6982610835,1.54,0.54,C1659663750,35.84,35.84,0,0.04666666666666667,0
585,PAYMENT,1.0,C6110943464,0.0,0.0,M7230477043,0.0,0.0,0,0.0,0
149,CASH_OUT,1.0,C9798613995,0.0,0.0,C2242377075,2147.75,2147.75,0,0.0,0
181,PAYMENT,9.02,C7597996327,12.11,3.09,M2916502228,0.0,0.0,0,0.0,0
324,TRANSFER,875.42,C8287542751,1040.17,164.75,C2304963614,10775.39,11650.81,1,0.0,0
139,CASH_IN,141469.57,C2317723211,100874.47,242344.04,C2370592316,1090.27,1090.27,0,0.0,0
408,CASH_OUT,1.0,C4882343658,0.0,0.0,C2079770569,208.45,208.45,0,0.04,0
196,PAYMENT,1.0,C6075963527,0.0,0.0,M2121448210,0.0,0.0,0,0.0,0
538,PAYMENT,1.18,C8137764127,2.0,0.82,M2571632270,0.0,0.0,0,0.0,0
706,PAYMENT,1.0,C3946766309,0.0,0.0,M1908459040,0.0,0.0,0,0.0,0
196,PAYMENT,431.07,C5035765954,1249.6,818.53,M7678293431,0.0,0.0,0,0.0,0
38,PAYMENT,7.91,C3713284816,9.21,1.3,M4211837506,0.0,0.0,0,0.0,0
320,DEBIT,91.07,C6959501845,137.12,46.05,M1306420495,0.0,0.0,0,0.02,0
681,CASH_OUT,1.0,C5201221330,0.0,0.0,C7628981661,275.06,275.06,0,0.04666666666666667,0
279,TRANSFER,13.33,C1197449658,14.65,1.32,C2683446724,0.0,13.33,0,0.17666666666666667,0
562,TRANSFER,65.22,C5083595988,228.63,163.41,C8055515912,4.57,69.79,0,0.09666666666666666,0
1,PAYMENT,13941.91,C4405620755,40421.51,26479.6,M9590331226,0.0,0.0,0,0.0,0
638,TRANSFER,4432.19,C1600566083,4161.76,0.0,M8869140487,0.0,0.0,1,0.95,1
37,DEBIT,1.0,C9312085761,0.0,0.0,M8235474949,0.0,0.0,0,0.02666666666666667,0
247,PAYMENT,230.66,C7333316743,250.3,19.64,M7512767226,0.0,0.0,0,0.0,0
275,CASH_OUT,1275.34,C9894264595,1082.49,0.0,C3667292043,346.58,346.58,1,0.08333333333333333,0
52,CASH_OUT,2957.26,C2965164102,3359.5,402.24,C9759180824,0.0,0.0,1,0.0,0
357,PAYMENT,346.98,C9302705838,701.13,354.15,M4306983924,0.0,0.0,0,0.0,0
541,CASH_OUT,1.0,C7462972995,0.0,0.0,C9842186844,0.0,0.0,0,0.06,0
158,CASH_OUT,3158.41,C4660390742,4298.49,1140.08,C1756345332,0.0,0.0,1,0.0,0
444,TRANSFER,34091.25,C8852676046,37916.47,3825.22,M2635881694,0.0,0.0,1,0.3233333333333333,0
464,PAYMENT,26.06,C5130589741,32.75,6.69,M6558769264,0.0,0.0,0,0.0,0
81,CASH_OUT,1684.39,C4207337120,1798.87,114.48,C7598745558,3737.17,3737.17,1,0.0,0
337,CASH_OUT,1.0,C9894847574,0.0,0.0,C2770980600,29918.91,29918.91,0,0.0,0
569,TRANSFER,133.42,C3206955437,177.31,43.89,C2247484671,101828.35,101961.77,0,0.0033333333333333335,0
595,TRANSFER,69.2,C6562434335,186.63,117.43,C5151086814,96368.11,96437.31,0,0.0,0
306,TRANSFER,1.0,C6142469284,0.0,0.0,C6334440295,68.54,69.54,0,0.11666666666666667,0
269,TRANSFER,3543.56,C6894808149,3640.36,96.8,M3208200227,0.0,0.0,1,0.44,0
650,PAYMENT,9123.19,C8235363119,78879.26,69756.07,M8903212516,0.0,0.0,0,0.0,0
357,PAYMENT,77.61,C4877520294,151.47,73.86,M7512767226,0.0,0.0,0,0.0,0
113,CASH_OUT,4354.22,C6244338653,4288.44,0.0,M6583604299,0.0,0.0,1,0.04666666666666667,0
84,PAYMENT,1.0,C8102515984,0.0,0.0,M5714658227,0.0,0.0,0,0.0,0
633,TRANSFER,12190.36,C3260842187,13704.4,1514.04,C9189503254,139.28,12329.64,0,0.01,0
235,PAYMENT,1.0,C5439176290,0.0,0.0,M7702529931,0.0,0.0,0,0.0,0
200,CASH_OUT,30.27,C6792661894,6238.52,6208.25,C7839819230,0.0,0.0,0,0.0,0
683,TRANSFER,6608.13,C2752536389,8176.27,1568.14,C2941508568,0.0,6608.13,0,0.05,0
98,DEBIT,1.0,C8300300577,0.0,0.0,M3580582653,0.0,0.0,0,0.02666666666666667,0
40,PAYMENT,212.94,C5861829469,621.4,408.46,M7270955446,0.0,0.0,0,0.0,0
719,TRANSFER,23138.78,C7420493866,25164.27,2025.49,C5035765954,818.53,23957.31,0,0.01,0
310,PAYMENT,1.0,C3783290795,0.0,0.0,M5270048042,0.0,0.0,0,0.0,0
668,TRANSFER,26380.83,C8373547961,40142.6,13761.77,C4181102664,0.75,26381.58,0,0.006666666666666667,0
621,TRANSFER,78.7,C7246858055,165.79,87.09,C2423995953,4.8,83.5,0,0.14,0
438,CASH_IN,122992.6,C4419410162,23.98,123016.58,C7951902330,0.0,0.0,0,0.0,0
473,TRANSFER,28833.99,C1121863227,38518.62,9684.63,C6504099682,1.9,1.9,1,0.29333333333333333,0
565,PAYMENT,81.68,C2811967841,187.54,105.86,M3223687972,0.0,0.0,0,0.0,0
71,TRANSFER,4403.22,C1993998848,3800.42,0.0,M6992094064,0.0,0.0,1,0.8166666666666667,1
511,CASH_OUT,1.0,C9702693937,0.0,0.0,C8761469117,12.22,12.22,0,0.05333333333333334,0
573,PAYMENT,6986.35,C2948728483,9814.8,2828.45,M8063693463,0.0,0.0,0,0.0,0
264,PAYMENT,5.14,C2914590233,8.29,3.15,M9444143872,0.0,0.0,0,0.0,0
463,TRANSFER,3312.75,C7099469983,4165.61,852.86,M7340036327,0.0,0.0,1,0.2866666666666667,0
588,CASH_OUT,158.67,C9621419224,610.04,451.37,C4311931853,0.0,0.0,0,0.03,0
565,PAYMENT,50.81,C6246716604,66.71,15.9,M8790289305,0.0,0.0,0,0.0,0
488,TRANSFER,40.08,C1952396600,42.51,2.43,C5025070544,18.25,58.33,0,0.15,0
566,CASH_OUT,3264.13,C7038841740,3170.48,0.0,C9912233947,264.22,264.22,1,0.18666666666666668,0
629,TRANSFER,8.33,C3259520140,39.3,30.97,C9080621072,36112.95,36121.28,0,0.0,0
161,PAYMENT,722.53,C8366884200,1373.88,651.35,M8728631945,0.0,0.0,0,0.0,0
532,PAYMENT,1.0,C7710396573,0.08,0.0,M3355504998,0.0,0.0,0,0.0,0
101,PAYMENT,3157.35,C1110724913,13249.02,10091.67,M7928143230,0.0,0.0,0,0.0,0
21,PAYMENT,4212.44,C7534583219,112289.5,108077.06,M9444143872,0.0,0.0,0,0.0,0
593,CASH_OUT,2739.45,C8184602688,2412.95,0.0,C9248046539,597.1,597.1,1,0.15,0
174,CASH_OUT,119.31,C5694190173,144.18,24.87,C5334769475,35394.42,35394.42,0,0.01,0
381,TRANSFER,345.69,C7088451458,364.78,19.09,C4037270171,8507.04,8507.04,1,0.0,0
678,PAYMENT,1.0,C6773938304,0.0,0.0,M7230477043,0.0,0.0,0,0.0,0
9,CASH_OUT,603.91,C2812140441,1614.65,1010.74,C6991473746,0.0,0.0,0,0.0033333333333333335,0
116,PAYMENT,77.3,C5083595988,163.41,86.11,M1666898313,0.0,0.0,0,0.0,0
683,PAYMENT,1.0,C1361845490,0.0,0.0,M6692705133,0.0,0.0,0,0.0,0
430,PAYMENT,1.0,C5613655595,0.0,0.0,M2249831874,0.0,0.0,0,0.0,0
702,TRANSFER,2.18,C1316756902,7.46,5.28,C1067198189,0.0,2.18,0,0.17,0
31,PAYMENT,1.0,C3843139149,0.0,0.0,M9640701016,0.0,0.0,0,0.0,0
88,PAYMENT,2484.43,C6464693977,44805.44,42321.01,M9625656293,0.0,0.0,0,0.0,0
59,PAYMENT,5.44,C3734252963,6.69,1.25,M2541015125,0.0,0.0,0,0.0,0
494,CASH_OUT,3642.86,C2625792787,4249.44,606.58,C6572436051,0.0,0.0,1,0.03,0
396,PAYMENT,1.0,C3815287619,0.6,0.0,M8728631945,0.0,0.0,0,0.0,0
293,TRANSFER,510.13,C8575707116,602.25,92.12,C5673482258,0.0,0.0,1,0.16666666666666666,0
588,TRANSFER,1.0,C4262396395,0.0,0.0,C2148679234,667.4,668.4,0,0.08666666666666667,0
173,PAYMENT,58.24,C8350384902,95.0,36.76,M1240140248,0.0,0.0,0,0.0,0
17,CASH_OUT,71.44,C8755749566,71.71,0.27,M5937271321,0.0,0.0,1,0.016666666666666666,0
592,PAYMENT,13.3,C2486744752,18.18,4.88,M6790024996,0.0,0.0,0,0.0,0
333,CASH_OUT,405.04,C4873807154,348.6,0.0,M5380159400,0.0,0.0,1,0.056666666666666664,0
440,CASH_OUT,3121.48,C7631970791,2950.97,0.0,M1368287033,0.0,0.0,1,0.4066666666666667,0
173,PAYMENT,7694.61,C1121863227,9684.63,1990.02,M8235474949,0.0,0.0,0,0.0,0
367,CASH_IN,56357.85,C5704029171,3.09,56360.94,C5570828113,31.39,31.39,0,0.0,0
171,TRANSFER,1.0,C1209063208,1.0,0.0,C6923301988,65.31,66.31,0,0.11,0
180,TRANSFER,8.12,C7767834064,11.61,3.49,C5666504394,0.0,8.12,0,0.16666666666666666,0
362,PAYMENT,1.0,C8755749566,0.27,0.0,M2773408660,0.0,0.0,0,0.0,0
295,CASH_OUT,50.68,C3846570058,56.89,6.21,C4636537575,0.0,0.0,0,0.01,0
216,CASH_OUT,515.68,C8418332121,431.51,0.0,M6651754819,0.0,0.0,1,0.02,0
82,TRANSFER,2760.3,C6628158856,2654.58,0.0,C7371573279,569.99,569.99,1,0.18,0
138,PAYMENT,143.25,C4067213499,749.9,606.65,M6820149016,0.0,0.0,0,0.0,0
341,TRANSFER,145.3,C1654602021,188.94,43.64,C7499349987,825.33,970.63,0,0.0033333333333333335,0
207,PAYMENT,5345.32,C8394198376,12410.0,7064.68,M9558906999,0.0,0.0,0,0.0,0
187,PAYMENT,47.69,C2756070122,59.64,11.95,M5937271321,0.0,0.0,0,0.0,0
340,CASH_OUT,1372.86,C6613888489,1355.24,0.0,C6358023411,435.6,435.6,1,0.11333333333333333,0
588,TRANSFER,7986.45,C8695129534,10238.42,2251.97,M3208200227,0.0,0.0,1,0.32666666666666666,0
21,PAYMENT,466.19,C1792214339,526.76,60.57,M5564953924,0.0,0.0,0,0.0,0
270,TRANSFER,17.16,C5419627962,53.04,35.88,C8178927766,85.42,102.58,0,0.05333333333333334,0
309,CASH_OUT,1.0,C7215110267,1.0,0.0,C5220094152,43048.88,43048.88,0,0.0,0
485,CASH_OUT,1050.94,C8795212264,948.77,0.0,C9218363978,146.55,146.55,1,0.2966666666666667,0
586,CASH_OUT,83.65,C6231117883,76.72,0.0,M1999913493,0.0,0.0,1,0.07333333333333333,0
407,TRANSFER,93.51,C8598503901,142.0,48.49,C9547119184,0.0,93.51,0,0.16666666666666666,0
454,PAYMENT,1.0,C9626333315,0.0,0.0,M7366396017,0.0,0.0,0,0.0,0
136,TRANSFER,51.57,C7805745017,80.24,28.67,C6122110529,80970.73,81022.3,0,0.0033333333333333335,0
151,PAYMENT,1.0,C7470843264,1.64,0.64,M8030400668,0.0,0.0,0,0.0,0
667,PAYMENT,280.87,C3965676060,963.69,682.82,M8768773991,0.0,0.0,0,0.0,0
269,TRANSFER,2372.43,C1234359689,2711.89,339.46,C4440904834,2.04,2.04,1,0.19666666666666666,0
329,PAYMENT,12.11,C6910112521,28.81,16.7,M9776500600,0.0,0.0,0,0.0,0
400,CASH_OUT,82.9,C9505085936,90.21,7.31,C1026224160,56.97,56.97,0,0.01,0
564,CASH_OUT,33.22,C1197092148,59.19,25.97,C9263135031,0.0,0.0,0,0.03333333333333333,0
266,DEBIT,1.0,C5728897164,0.0,0.0,M3534186676,0.0,0.0,0,0.03666666666666667,0
79,PAYMENT,7.61,C3866755218,15.69,8.08,M3605446007,0.0,0.0,0,0.0,0
307,CASH_OUT,234.11,C2311597141,851.99,617.88,C3783290795,0.0,0.0,0,0.013333333333333334,0
91,PAYMENT,154.45,C3655790301,390.86,236.41,M2625035499,0.0,0.0,0,0.0,0
691,TRANSFER,18.21,C5570828113,31.39,13.18,C1981049082,4092.76,4110.97,0,0.023333333333333334,0
310,PAYMENT,15097.79,C2770980600,29918.91,14821.12,M9625656293,0.0,0.0,0,0.0,0
385,TRANSFER,116.15,C3376077463,119.1,2.95,M5087280062,0.0,0.0,1,0.17333333333333334,0
277,CASH_OUT,1.0,C1546957087,1.0,0.0,C3923699745,19.64,19.64,0,0.02,0
37,PAYMENT,425.14,C7481631841,1649.44,1224.3,M9900829971,0.0,0.0,0,0.0,0
141,TRANSFER,1.0,C9903351330,0.13,0.0,C8755749566,0.0,1.0,0,0.21666666666666667,0
203,TRANSFER,1175.62,C8730507757,1551.39,375.77,M1888107487,0.0,0.0,1,0.12,0
291,PAYMENT,40.84,C9381721143,127.18,86.34,M3145756342,0.0,0.0,0,0.0,0
679,TRANSFER,1.0,C6986770879,0.0,0.0,C8331319481,0.0,1.0,0,0.22333333333333333,0
676,PAYMENT,92.42,C8316205130,157.04,64.62,M9444143872,0.0,0.0,0,0.0,0
541,CASH_OUT,69.21,C9343730920,112.98,43.77,C1051354601,0.3,0.3,0,0.03666666666666667,0
356,PAYMENT,5.42,C6488854841,13.64,8.22,M5564953924,0.0,0.0,0,0.0,0
363,PAYMENT,1.0,C9085085822,0.0,0.0,M3517195150,0.0,0.0,0,0.0,0
427,TRANSFER,1.0,C2041349374,0.0,0.0,C2524751277,13.91,14.91,0,0.17666666666666667,0
141,PAYMENT,1.0,C7196439534,0.0,0.0,M3438830691,0.0,0.0,0,0.0,0
231,PAYMENT,22.52,C5911625145,28.74,6.22,M8740820392,0.0,0.0,0,0.0,0
602,CASH_OUT,170.57,C8015124886,150.39,0.0,M7270955446,0.0,0.0,1,0.07666666666666666,0
427,TRANSFER,1.0,C4518871744,0.0,0.0,C4794276323,114.82,115.82,0,0.10666666666666667,0
199,PAYMENT,165.87,C4683585586,659.14,493.27,M9043367776,0.0,0.0,0,0.0,0
21,TRANSFER,1.0,C4022245086,0.0,0.0,C8390631634,148880.42,148881.42,0,0.0,0
217,CASH_IN,19487.31,C8826851692,62157.86,81645.17,C6837975356,0.0,0.0,0,0.0,0
424,TRANSFER,1.0,C5868640848,0.0,0.0,C8388580360,0.0,1.0,0,0.20666666666666667,0
306,PAYMENT,1.0,C5381866906,0.0,0.0,M8389750357,0.0,0.0,0,0.0,0
55,CASH_OUT,3744.78,C5333183840,4446.47,701.69,M1732578761,0.0,0.0,1,0.0,0
143,CASH_OUT,3309.13,C5512036684,3969.08,659.95,M5325865521,0.0,0.0,1,0.0,0
249,CASH_OUT,2466.39,C1311570307,3156.75,690.36,M1694904767,0.0,0.0,1,0.0033333333333333335,0
243,DEBIT,43.44,C5774080233,91.66,48.22,M9822499208,0.0,0.0,0,0.02,0
717,PAYMENT,21.39,C3520417815,553.37,531.98,M5325865521,0.0,0.0,0,0.0,0
73,TRANSFER,5020.79,C4696689457,4573.71,0.0,M1811839103,0.0,0.0,1,0.8066666666666666,1
477,DEBIT,384.52,C2602884797,8775.71,8391.19,M1096405016,0.0,0.0,0,0.03,0
473,PAYMENT,52.19,C6038780151,61.63,9.44,M5156392601,0.0,0.0,0,0.0,0
300,TRANSFER,4.59,C5911625145,6.22,1.63,C7266763552,225.88,230.47,0,0.02666666666666667,0
137,PAYMENT,1.0,C1293864877,0.0,0.0,M1306420495,0.0,0.0,0,0.0,0
408,TRANSFER,709.27,C5778781449,706.66,0.0,C6558450990,0.0,0.0,1,0.28,0
518,PAYMENT,1.0,C9376711497,0.0,0.0,M6820149016,0.0,0.0,0,0.0,0
401,PAYMENT,1.0,C1674555072,0.0,0.0,M9026301048,0.0,0.0,0,0.0,0
106,PAYMENT,1.0,C8429141456,0.0,0.0,M7651029165,0.0,0.0,0,0.0033333333333333335,0
310,PAYMENT,291.64,C1470939445,582.24,290.6,M6515490818,0.0,0.0,0,0.0,0
77,TRANSFER,1896.96,C3438771483,2223.24,326.28,C5569295400,942.02,942.02,1,0.006666666666666667,0
12,CASH_OUT,2466.36,C8841851495,2425.36,0.0,M8030400668,0.0,0.0,1,0.03333333333333333,0
300,TRANSFER,1.0,C7631970791,0.0,0.0,C1173215225,0.0,1.0,0,0.22666666666666666,0
201,CASH_OUT,1.0,C6425814872,0.0,0.0,C5570828113,13.18,13.18,0,0.013333333333333334,0
425,PAYMENT,13659.3,C8907752604,17087.05,3427.75,M3495411322,0.0,0.0,0,0.0,0
521,PAYMENT,53.99,C2423995953,83.5,29.51,M9398575277,0.0,0.0,0,0.0,0
636,PAYMENT,67.37,C1885113834,90.86,23.49,M2115862756,0.0,0.0,0,0.0,0
348,PAYMENT,184.05,C9376277483,230.82,46.77,M4329446784,0.0,0.0,0,0.0,0
421,CASH_OUT,450.68,C1940684569,537.68,87.0,M2869931869,0.0,0.0,1,0.056666666666666664,0
556,TRANSFER,3.15,C2149938334,9.17,6.02,C3423086220,0.0,3.15,0,0.17,0
686,TRANSFER,3670.56,C9410288290,4315.74,645.18,M6558769264,0.0,0.0,1,0.30666666666666664,0
1,PAYMENT,1.0,C5728897164,0.0,0.0,M1343875431,0.0,0.0,0,0.0,0
384,TRANSFER,1.0,C8139209752,0.0,0.0,C7248258423,30.98,31.98,0,0.16,0
64,DEBIT,1.0,C4227004325,0.0,0.0,M3313346852,0.0,0.0,0,0.02666666666666667,0
335,CASH_OUT,198.25,C2079770569,208.45,10.2,C8287542751,164.75,164.75,1,0.01,0
190,PAYMENT,33.75,C8997701619,36.94,3.19,M9441870024,0.0,0.0,0,0.0,0
198,CASH_OUT,2794.13,C9856756553,3326.53,532.4,C8841851495,0.0,0.0,1,0.0,0
165,CASH_OUT,772.35,C7287517250,813.96,41.61,C2965718821,0.0,0.0,0,0.0033333333333333335,0
649,PAYMENT,1.0,C5877639950,1.31,0.31,M6361225622,0.0,0.0,0,0.0,0
687,CASH_OUT,1696.66,C7161887665,2084.8,388.14,C6288227800,4.5,4.5,1,0.02666666666666667,0
716,TRANSFER,1.0,C7590302909,0.0,0.0,C8189916797,8870.51,8871.51,0,0.0033333333333333335,0
705,PAYMENT,16.4,C3426665919,37.1,20.7,M8778927211,0.0,0.0,0,0.0,0
571,CASH_OUT,48.35,C1792214339,60.57,12.22,C5703357871,2554.18,2554.18,0,0.02666666666666667,0
694,TRANSFER,3026.15,C9860949331,2918.01,0.0,M4460319291,0.0,0.0,1,0.8833333333333333,1
302,PAYMENT,1.0,C9759180824,0.0,0.0,M7570511906,0.0,0.0,0,0.0,0
12,PAYMENT,5.64,C6038780151,9.44,3.8,M5000316394,0.0,0.0,0,0.0,0
536,CASH_OUT,1.0,C3424843951,0.0,0.0,C7640122370,50.29,50.29,0,0.05,0
585,PAYMENT,1.0,C5135595227,0.0,0.0,M4125758723,0.0,0.0,0,0.0,0
247,DEBIT,1.0,C4226113732,1.26,0.26,M3534186676,0.0,0.0,0,0.03666666666666667,0
395,PAYMENT,1.0,C6714723660,0.0,0.0,M6041646576,0.0,0.0,0,0.0,0
474,PAYMENT,782.5,C4538382315,947.79,165.29,M4689605624,0.0,0.0,0,0.0,0
636,DEBIT,159.09,C2818381356,196.38,37.29,M7270955446,0.0,0.0,0,0.02666666666666667,0
434,CASH_OUT,11.52,C8093179263,18.56,7.04,C8527715219,649.67,649.67,0,0.05333333333333334,0
157,CASH_OUT,869.4,C7088949191,861.77,0.0,M2243802345,0.0,0.0,1,0.08333333333333333,0
507,CASH_OUT,8.54,C1809283659,15.41,6.87,C2168041588,21.66,21.66,0,0.03,0
418,TRANSFER,5510.52,C3051831252,4637.96,0.0,C8295757364,2.9,2.9,1,0.86,1
406,TRANSFER,1.0,C2389803385,0.0,0.0,C1361845490,0.0,1.0,0,0.23333333333333334,0
69,PAYMENT,6.17,C7061419749,10.05,3.88,M6845287382,0.0,0.0,0,0.0,0
458,CASH_OUT,1.0,C2571688961,0.08,0.0,C8106906538,14503.94,14503.94,0,0.04,0
513,PAYMENT,1.0,C7389111087,0.0,0.0,M8874242713,0.0,0.0,0,0.0,0
462,PAYMENT,1.0,C6306523372,0.0,0.0,M9921025990,0.0,0.0,0,0.0,0
585,PAYMENT,7.01,C1600406558,13.25,6.24,M8030400668,0.0,0.0,0,0.0,0
198,PAYMENT,86.64,C7805633786,133.21,46.57,M2571632270,0.0,0.0,0,0.0,0
23,TRANSFER,1.0,C5033992825,0.0,0.0,C6385791669,0.74,1.74,0,0.21666666666666667,0
287,TRANSFER,5.89,C2683446724,13.33,7.44,C8625774078,364.23,370.12,0,0.0033333333333333335,0
311,PAYMENT,1.0,C7736142481,0.0,0.0,M6932365592,0.0,0.0,0,0.0,0
274,TRANSFER,55.94,C1036351450,65.08,9.14,C9911329062,96.57,152.51,0,0.02666666666666667,0
674,PAYMENT,1.0,C1245522987,0.0,0.0,M3223687972,0.0,0.0,0,0.0,0
422,CASH_OUT,4301.38,C1197092148,4904.39,603.01,C8160279830,0.0,0.0,1,0.03,0
338,TRANSFER,845.69,C7792729530,932.18,86.49,C1110724913,10091.67,10091.67,1,0.0,0
579,PAYMENT,1.0,C8419590655,0.0,0.0,M4908108692,0.0,0.0,0,0.0,0
332,CASH_OUT,1.0,C4226113732,0.26,0.0,C2227193073,67.16,67.16,0,0.013333333333333334,0
455,PAYMENT,196.34,C5077921573,3299.78,3103.44,M2156184315,0.0,0.0,0,0.0,0
279,CASH_OUT,1.0,C6982610835,0.54,0.0,C4642197907,0.22,0.22,0,0.02666666666666667,0
514,PAYMENT,1.0,C5778781449,0.0,0.0,M9625656293,0.0,0.0,0,0.0,0
426,TRANSFER,407.27,C1513003815,443.24,35.97,M4892544235,0.0,0.0,1,0.15333333333333332,0
130,TRANSFER,1983.91,C5381866906,2616.37,632.46,M2778069478,0.0,0.0,1,0.15333333333333332,0
641,TRANSFER,64.85,C5578929439,89.87,25.02,C3515167269,0.0,0.0,1,0.18,0
560,CASH_OUT,1.0,C9305502799,1.0,0.0,C8991514523,28.1,28.1,0,0.05,0
615,CASH_OUT,3942.49,C5144289583,3311.53,0.0,C8695129534,2251.97,2251.97,1,0.13333333333333333,0
710,PAYMENT,1.0,C9844874547,0.0,0.0,M3476758136,0.0,0.0,0,0.0,0
82,CASH_OUT,153.7,C2973888646,207.6,53.9,C7857580528,35.35,35.35,1,0.0033333333333333335,0
380,PAYMENT,19.96,C2424706705,22.57,2.61,M7861571879,0.0,0.0,0,0.0,0
42,PAYMENT,1.0,C9924456994,0.0,0.0,M3317856944,0.0,0.0,0,0.0,0
572,CASH_OUT,165.87,C8025152555,140.19,0.0,C4207337120,114.48,114.48,1,0.06333333333333334,0
526,CASH_OUT,4700.51,C8117478955,4959.74,259.23,M8821456242,0.0,0.0,1,0.03333333333333333,0
94,PAYMENT,48.41,C3305069227,74.57,26.16,M2586712032,0.0,0.0,0,0.0,0
488,PAYMENT,3.75,C7525240100,12.8,9.05,M6763471833,0.0,0.0,0,0.0,0
478,PAYMENT,84.99,C9434946584,274.74,189.75,M7861571879,0.0,0.0,0,0.0,0
336,PAYMENT,1.0,C5439176290,0.0,0.0,M8083396378,0.0,0.0,0,0.0,0
516,CASH_IN,3229.55,C2947476917,153.23,3382.78,C3783009621,0.0,0.0,0,0.0,0
644,CASH_IN,33453.05,C3768901084,0.0,33453.05,C4518871744,0.0,0.0,0,0.0,0
390,PAYMENT,65.61,C8943866829,263.23,197.62,M8144352013,0.0,0.0,0,0.0,0
538,PAYMENT,11.57,C8309221034,22.55,10.98,M1442421654,0.0,0.0,0,0.0,0
418,TRANSFER,1.0,C8134112721,0.0,0.0,C5150090143,0.0,1.0,0,0.20666666666666667,0
438,PAYMENT,88.46,C5625342041,416.35,327.89,M2839566253,0.0,0.0,0,0.0,0
27,TRANSFER,5336.68,C2178158203,4929.04,0.0,C5028688786,0.0,0.0,1,0.75,1
366,CASH_OUT,55460.35,C4536306171,65443.84,9983.49,M7366396017,0.0,0.0,1,0.0033333333333333335,0
196,TRANSFER,3799.41,C7767834064,4573.32,773.91,C9981691030,1020.86,1020.86,1,0.0,0
300,TRANSFER,499.97,C8418332121,465.22,0.0,C8252045593,11860.91,12360.88,1,0.0,0
659,CASH_OUT,149.7,C4332894265,196.51,46.81,C8841851495,0.0,0.0,0,0.03,0
56,TRANSFER,108.25,C3098948446,128.13,19.88,C6231117883,0.0,108.25,0,0.11333333333333333,0
590,TRANSFER,104.16,C9851745648,255.67,151.51,C4500557310,423.69,527.85,0,0.03666666666666667,0
571,PAYMENT,2668.47,C8991678061,5669.53,3001.06,M1999913493,0.0,0.0,0,0.0,0
496,TRANSFER,1.0,C8369792370,0.0,0.0,C9272277508,363.21,364.21,0,0.09666666666666666,0
193,PAYMENT,9.79,C1643611097,29.67,19.88,M5714658227,0.0,0.0,0,0.0,0
143,TRANSFER,373.96,C6797436140,383.73,9.77,C5082603360,0.0,373.96,1,0.02666666666666667,0
461,CASH_IN,71957.61,C4641561499,0.0,71957.61,C7872090713,4.9,4.9,0,0.0,0
652,TRANSFER,73.81,C5129478722,85.1,11.29,C5667181604,0.0,73.81,0,0.17666666666666667,0
576,TRANSFER,8245.25,C4015479599,11424.35,3179.1,M1504729135,0.0,0.0,1,0.31666666666666665,0
616,PAYMENT,1.53,C3521300895,1.7,0.17,M9020002737,0.0,0.0,0,0.0,0
36,CASH_OUT,3358.57,C6558450990,3514.97,156.4,C3412365931,6.93,6.93,1,0.0,0
549,PAYMENT,17.02,C9370133343,27.3,10.28,M6247463262,0.0,0.0,0,0.0,0
187,PAYMENT,3.09,C9318010743,9.32,6.23,M8276498637,0.0,0.0,0,0.0,0
524,CASH_OUT,18.54,C5610783750,24.2,5.66,C4405620755,26479.6,26479.6,0,0.013333333333333334,0
409,CASH_OUT,1.0,C8419590655,0.0,0.0,C1375899416,34.59,34.59,0,0.05333333333333334,0
264,CASH_OUT,1887.8,C7838460497,2072.75,184.95,M2571632270,0.0,0.0,1,0.0033333333333333335,0
588,TRANSFER,546.53,C9462806178,602.81,56.28,C1676168421,0.0,0.0,1,0.17666666666666667,0
667,PAYMENT,1.0,C6474354351,0.0,0.0,M1413599241,0.0,0.0,0,0.0,0
30,PAYMENT,14.39,C5694190173,24.87,10.48,M1647181551,0.0,0.0,0,0.0,0
164,CASH_OUT,17406.82,C3768901084,33453.05,16046.23,C9957813353,1256.96,1256.96,0,0.0,0
489,PAYMENT,106.1,C6043349038,355.91,249.81,M6790024996,0.0,0.0,0,0.0,0
125,CASH_OUT,17905.13,C2407863065,15129.84,0.0,C6201313620,0.0,0.0,1,0.07666666666666666,0
707,PAYMENT,1.0,C3783290795,0.0,0.0,M4908108692,0.0,0.0,0,0.0033333333333333335,0
185,CASH_OUT,278.68,C6576426590,331.18,52.5,C9725528903,935.07,935.07,1,0.01,0
642,TRANSFER,253.53,C4750707607,347.55,94.02,M8276498637,0.0,0.0,1,0.17333333333333334,0
710,CASH_OUT,8.34,C4719780110,10.47,2.13,C7620473079,82767.23,82767.23,0,0.0033333333333333335,0
386,PAYMENT,1.0,C4656572173,0.0,0.0,M6790024996,0.0,0.0,0,0.0,0
429,TRANSFER,3649.01,C6218484323,3953.56,304.55,C3360791536,3.12,3.12,1,0.29,0
270,CASH_OUT,37.99,C8750840032,99.12,61.13,C7079234115,0.0,0.0,0,0.0033333333333333335,0
364,TRANSFER,1208.18,C8695129534,2251.97,1043.79,C8556573246,79827.82,81036.0,0,0.0,0
576,CASH_OUT,3024.32,C2653032484,3131.69,107.37,M2541015125,0.0,0.0,1,0.05,0
247,TRANSFER,273.21,C5569145346,528.23,255.02,C5022964382,10.7,283.91,0,0.01,0
67,PAYMENT,788.27,C4632522232,1147.74,359.47,M6495967005,0.0,0.0,0,0.0,0
50,PAYMENT,1.0,C5354747485,0.0,0.0,M7192742877,0.0,0.0,0,0.0,0
489,TRANSFER,2719.21,C3849232839,8190.12,5470.91,C5724657556,0.0,2719.21,0,0.03333333333333333,0
373,CASH_OUT,7.13,C7487012742,22.98,15.85,C5728897164,0.0,0.0,0,0.01,0
389,TRANSFER,15.85,C7829772942,18.64,2.79,C4965395580,0.0,15.85,0,0.16666666666666666,0
295,TRANSFER,1663.82,C7196439534,1831.4,167.58,C4067919621,0.0,0.0,1,0.17666666666666667,0
511,CASH_OUT,304.96,C3396953414,394.81,89.85,M8861351706,0.0,0.0,1,0.03333333333333333,0
599,CASH_IN,3847.6,C2970753705,0.0,3847.6,C7961674558,3992.99,3992.99,0,0.0,0
253,PAYMENT,46.06,C4706249669,104.62,58.56,M1199447370,0.0,0.0,0,0.0,0
106,TRANSFER,4783.03,C9437783771,4726.59,0.0,M2518433834,0.0,0.0,1,0.8033333333333333,1
646,TRANSFER,73.19,C2830154607,66.19,0.0,M8218146534,0.0,0.0,1,0.23666666666666666,0
244,TRANSFER,180.34,C5381866906,632.46,452.12,C5067245523,254.6,434.94,0,0.0,0
644,CASH_OUT,64221.14,C7519578899,65677.81,1456.67,C8669484644,18.84,18.84,1,0.016666666666666666,0
583,PAYMENT,10932.35,C5998623100,44068.72,33136.37,M6041646576,0.0,0.0,0,0.0,0
351,CASH_IN,2721.64,C2774884818,698.65,3420.29,C5606736607,57.74,57.74,0,0.0,0
5,PAYMENT,1.0,C7135394336,0.0,0.0,M1811839103,0.0,0.0,0,0.0,0
706,TRANSFER,4179.47,C1439921366,3505.6,0.0,M6361225622,0.0,0.0,1,0.8866666666666667,1
338,CASH_OUT,1.0,C9305502799,0.0,0.0,C5183211669,41.4,41.4,0,0.013333333333333334,0
438,PAYMENT,1.0,C1561417687,0.0,0.0,M6651020291,0.0,0.0,0,0.0,0
66,TRANSFER,1.0,C8948573913,0.0,0.0,C4594787485,0.0,1.0,0,0.23333333333333334,0
36,PAYMENT,7.63,C2566942273,32.73,25.1,M9918338001,0.0,0.0,0,0.0,0
619,PAYMENT,1.0,C7415801613,0.0,0.0,M1692044390,0.0,0.0,0,0.0,0
393,CASH_OUT,1.0,C1558631501,0.0,0.0,C9136780852,4.88,4.88,0,0.02666666666666667,0
109,TRANSFER,1.0,C6000952470,1.73,0.73,C9285415473,128.63,129.63,0,0.043333333333333335,0
500,DEBIT,53.65,C6415031531,125.45,71.8,M9620935604,0.0,0.0,0,0.03,0
175,CASH_OUT,112.85,C8285786023,148.66,35.81,M7512767226,0.0,0.0,1,0.0,0
309,CASH_OUT,49.3,C5606736607,57.74,8.44,M2773408660,0.0,0.0,1,0.01,0
614,PAYMENT,1.0,C1399546384,0.0,0.0,M9021793855,0.0,0.0,0,0.0,0
481,CASH_OUT,3047.41,C9922723063,2731.2,0.0,M8646369354,0.0,0.0,1,0.33666666666666667,0
483,PAYMENT,531.69,C2416760621,1671.55,1139.86,M1888107487,0.0,0.0,0,0.0,0
538,PAYMENT,13.94,C7248258423,31.98,18.04,M5891831621,0.0,0.0,0,0.0,0
406,TRANSFER,53.17,C2431779064,61.77,8.6,C8902114913,143.37,196.54,0,0.04,0
407,PAYMENT,1.0,C6661014794,0.0,0.0,M9255306810,0.0,0.0,0,0.0,0
58,CASH_OUT,1.0,C9165632300,0.0,0.0,C7951902330,0.0,0.0,0,0.0033333333333333335,0
559,CASH_IN,85845.57,C4531928910,0.0,85845.57,C5870891270,882.13,882.13,0,0.0,0
308,TRANSFER,4543.23,C6923893872,4799.68,256.45,M4641902461,0.0,0.0,1,0.23333333333333334,0
330,CASH_IN,44486.89,C2137651678,4.46,44491.35,C4034047118,0.0,0.0,0,0.0,0
553,CASH_OUT,1.0,C8832617672,0.0,0.0,C5150074940,92.57,92.57,0,0.05,0
466,TRANSFER,1.54,C6469318275,6.54,5.0,C4073772623,49.45,50.99,0,0.12,0
204,CASH_OUT,3502.91,C9957643727,3209.27,0.0,M9581187661,0.0,0.0,1,0.05333333333333334,0
431,CASH_OUT,1.0,C2525930586,0.0,0.0,C2926780541,779.12,779.12,0,0.09666666666666666,0
412,PAYMENT,11.23,C7088451458,19.09,7.86,M9288057824,0.0,0.0,0,0.0,0
26,PAYMENT,30.7,C6952554500,92.6,61.9,M9896529524,0.0,0.0,0,0.0,0
142,TRANSFER,93.19,C6102144947,108.42,15.23,C8730507757,375.77,375.77,1,0.01,0
70,PAYMENT,523.61,C4152835101,1653.99,1130.38,M1732578761,0.0,0.0,0,0.0,0
106,CASH_OUT,11.63,C6732648420,45.23,33.6,C7508522951,50.53,50.53,0,0.0,0
221,CASH_OUT,543.08,C2409274786,523.99,0.0,C6461974809,28.68,28.68,1,0.09666666666666666,0
356,PAYMENT,554.59,C7403028869,623.08,68.49,M8218146534,0.0,0.0,0,0.0,0
560,PAYMENT,35.94,C4605117440,57.28,21.34,M3534186676,0.0,0.0,0,0.0,0
376,PAYMENT,37.4,C4332894265,46.81,9.41,M2695447268,0.0,0.0,0,0.0,0
684,TRANSFER,5377.89,C8719734235,6234.66,856.77,M5270048042,0.0,0.0,1,0.31333333333333335,0
689,PAYMENT,17.72,C1977515194,38.11,20.39,M8144889126,0.0,0.0,0,0.0,0
347,CASH_OUT,123.84,C2653032484,107.37,0.0,C1110533960,95.28,95.28,1,0.02,0
141,TRANSFER,5709.23,C4647891535,26995.84,21286.61,C4574027737,717.22,6426.45,0,0.0,0
455,PAYMENT,9.91,C4345526911,15.19,5.28,M2228388623,0.0,0.0,0,0.0,0
283,TRANSFER,1.0,C3434757387,0.0,0.0,C6097953682,61.8,62.8,0,0.11666666666666667,0
661,PAYMENT,11463.57,C8823677798,14078.0,2614.43,M6992094064,0.0,0.0,0,0.0,0
192,TRANSFER,798.61,C5735817014,746.98,0.0,M9441870024,0.0,0.0,1,0.2966666666666667,0
502,PAYMENT,23.59,C1754368373,31.36,7.77,M6763471833,0.0,0.0,0,0.0,0
511,TRANSFER,87.4,C9697354961,195.6,108.2,C5578056564,0.0,87.4,0,0.16666666666666666,0
514,CASH_OUT,398.65,C3127657643,388.81,0.0,M8874242713,0.0,0.0,1,0.08333333333333333,0
429,TRANSFER,1.0,C6124453431,0.0,0.0,C6923301988,66.31,67.31,0,0.14666666666666667,0
500,DEBIT,122.26,C4660390742,1140.08,1017.82,M4211837506,0.0,0.0,0,0.03,0
435,PAYMENT,31.94,C6673381261,33.98,2.04,M5535650160,0.0,0.0,0,0.0,0
85,PAYMENT,1.0,C8969097897,0.0,0.0,M4641902461,0.0,0.0,0,0.0,0
390,TRANSFER,1.0,C2546720356,0.0,0.0,C3710566582,20156.88,20157.88,0,0.0,0
284,PAYMENT,1.0,C1197449658,1.32,0.32,M4306983924,0.0,0.0,0,0.0,0
15,TRANSFER,123.74,C9218363978,146.55,22.81,C8417757797,10.26,134.0,0,0.08333333333333333,0
394,CASH_OUT,2901.04,C4473306055,3248.04,347.0,M7366396017,0.0,0.0,1,0.01,0
677,PAYMENT,3.49,C6756711494,5.13,1.64,M6866146362,0.0,0.0,0,0.0,0
617,PAYMENT,124.52,C7146318035,199.83,75.31,M7282885927,0.0,0.0,0,0.0,0
191,CASH_OUT,7.38,C7805745017,28.67,21.29,C7603978731,189.31,189.31,0,0.0,0
52,CASH_IN,5991.36,C8934097788,2281.37,8272.73,C4939447721,77.55,77.55,0,0.0,0
385,PAYMENT,5.96,C6168291913,18.78,12.82,M9441870024,0.0,0.0,0,0.0,0
170,TRANSFER,486.54,C8394040015,637.63,151.09,M3322580659,0.0,0.0,1,0.08,0
184,PAYMENT,1.0,C3421719519,0.0,0.0,M3313346852,0.0,0.0,0,0.0,0
138,CASH_OUT,2486.22,C9376277483,2634.97,148.75,C2802141793,0.0,0.0,1,0.0033333333333333335,0
117,PAYMENT,89.39,C8211516617,170.96,81.57,M1732578761,0.0,0.0,0,0.0,0
295,CASH_OUT,2773.75,C7475684019,3785.66,1011.91,C9851745648,151.51,151.51,0,0.006666666666666667,0
616,CASH_OUT,985.55,C5439176290,1314.96,329.41,M3705237613,0.0,0.0,1,0.02666666666666667,0
10,TRANSFER,691.07,C8001729836,867.81,176.74,M2869931869,0.0,0.0,1,0.09,0
218,TRANSFER,2579.01,C9553561889,2534.91,0.0,C8388580360,1.0,1.0,1,0.7733333333333333,1
656,PAYMENT,1.0,C4131575764,0.0,0.0,M8218146534,0.0,0.0,0,0.0,0
626,PAYMENT,1937.95,C4310415016,8343.1,6405.15,M7951820749,0.0,0.0,0,0.0,0
68,TRANSFER,2297.31,C3849232839,5470.91,3173.6,C3837784389,0.0,2297.31,0,0.01,0
45,CASH_OUT,2727.14,C5673482258,2399.55,0.0,M5194066484,0.0,0.0,1,0.043333333333333335,0
261,PAYMENT,1.0,C9597198563,0.0,0.0,M6651754819,0.0,0.0,0,0.0,0
47,PAYMENT,1.0,C1546957087,0.0,0.0,M6820149016,0.0,0.0,0,0.0,0
423,TRANSFER,3890.11,C7333316743,3890.8,0.69,M1692044390,0.0,0.0,1,0.7366666666666667,1
232,PAYMENT,16.35,C5284391408,17.64,1.29,M2869931869,0.0,0.0,0,0.0,0
265,CASH_OUT,3498.77,C7750819485,2964.41,0.0,C5269015757,763.2,763.2,1,0.05,0
194,TRANSFER,266.32,C8730507757,375.77,109.45,M1676220116,0.0,0.0,1,0.15666666666666668,0
149,TRANSFER,13012.71,C5783809766,15566.1,2553.39,M9404002665,0.0,0.0,1,0.22666666666666666,0
423,PAYMENT,1.0,C1684598046,0.0,0.0,M2155671697,0.0,0.0,0,0.0,0
360,CASH_OUT,71807.78,C7620473079,82767.23,10959.45,C8189916797,8871.51,8871.51,1,0.0,0
674,PAYMENT,1.0,C6124453431,0.0,0.0,M2635881694,0.0,0.0,0,0.0,0
162,CASH_OUT,1.0,C7462972995,0.0,0.0,C7637761996,14.11,14.11,0,0.013333333333333334,0
131,CASH_OUT,1.0,C1387652480,0.0,0.0,C4226113732,0.0,0.0,0,0.0033333333333333335,0
517,PAYMENT,84.61,C3142452709,215.44,130.83,M6651020291,0.0,0.0,0,0.0,0
61,CASH_OUT,94.0,C8211516617,81.57,0.0,M9631695368,0.0,0.0,1,0.013333333333333334,0
199,TRANSFER,1213.87,C8275679594,1129.11,0.0,M9776500600,0.0,0.0,1,0.36,0
377,CASH_OUT,1646.43,C2389803385,1830.67,184.24,M1357561213,0.0,0.0,1,0.01,0
446,DEBIT,1.0,C8236361108,0.0,0.0,M3469205576,0.0,0.0,0,0.04666666666666667,0
479,TRANSFER,11.03,C7487012742,15.85,4.82,C3334938378,181696.57,181707.6,0,0.0,0
130,PAYMENT,141.06,C7266763552,230.47,89.41,M2625035499,0.0,0.0,0,0.0,0
289,PAYMENT,8.26,C4482238042,13.41,5.15,M9020002737,0.0,0.0,0,0.0,0
207,PAYMENT,1.0,C3483827971,0.0,0.0,M6045729129,0.0,0.0,0,0.0,0
363,PAYMENT,8.3,C7561728644,39.64,31.34,M2839566253,0.0,0.0,0,0.0,0
244,PAYMENT,6.35,C9354711271,14.78,8.43,M1185303518,0.0,0.0,0,0.0,0
195,CASH_OUT,331.9,C1613549255,450.23,118.33,M4588312351,0.0,0.0,1,0.0,0
526,PAYMENT,1.0,C9953716239,1.0,0.0,M2695447268,0.0,0.0,0,0.0,0
303,PAYMENT,16025.25,C3874432021,42475.15,26449.9,M8044997538,0.0,0.0,0,0.0,0
324,CASH_OUT,2071.22,C8761956684,1741.83,0.0,M9590331226,0.0,0.0,1,0.11,0
640,TRANSFER,30.13,C9182543558,45.71,15.58,C7127904756,91140.87,91171.0,0,0.0,0
301,PAYMENT,9.0,C2095286033,40.39,31.39,M7168105904,0.0,0.0,0,0.0,0
393,TRANSFER,59.24,C4864126433,79.95,20.71,C4914929023,2.17,2.17,1,0.15333333333333332,0
282,PAYMENT,1.0,C7951902330,0.0,0.0,M5067400473,0.0,0.0,0,0.0,0
151,TRANSFER,27942.49,C7872873371,29770.41,1827.92,C7088451458,7.86,27950.35,0,0.0033333333333333335,0
270,CASH_OUT,1.0,C4147025728,0.0,0.0,C2242377075,2147.75,2147.75,0,0.0033333333333333335,0
402,DEBIT,1.0,C8076527214,0.0,0.0,M7270955446,0.0,0.0,0,0.043333333333333335,0
103,CASH_OUT,3.31,C1817804383,5.51,2.2,C4067919621,0.0,0.0,0,0.0033333333333333335,0
523,PAYMENT,1.0,C9049270990,0.0,0.0,M4460319291,0.0,0.0,0,0.0,0
242,DEBIT,1.46,C2578662692,2.3,0.84,M6992094064,0.0,0.0,0,0.03333333333333333,0
495,TRANSFER,8.53,C3791815554,11.94,3.41,C6596578419,0.15,8.68,0,0.17666666666666667,0
438,TRANSFER,1846.13,C2687477596,4482.65,2636.52,C3304560537,0.0,1846.13,0,0.05333333333333334,0
81,CASH_OUT,232.99,C4662861038,565.57,332.58,C2870403050,4053.08,4053.08,0,0.01,0
262,CASH_OUT,93.43,C4956843441,138.25,44.82,C4042413312,13.93,13.93,0,0.0,0
640,CASH_OUT,1.0,C1399546384,0.0,0.0,C3470617247,3483.56,3483.56,0,0.02666666666666667,0
592,PAYMENT,1.0,C5646751885,1.0,0.0,M2156184315,0.0,0.0,0,0.0,0
588,TRANSFER,5325.04,C2916728422,15968.46,10643.42,C1091729577,56.72,5381.76,0,0.016666666666666666,0
396,PAYMENT,1.0,C1993998848,0.0,0.0,M9896529524,0.0,0.0,0,0.0,0
702,TRANSFER,2773.08,C4431078106,2544.75,0.0,M4892544235,0.0,0.0,1,0.8633333333333333,1
192,DEBIT,404.5,C8235717104,625.33,220.83,M7437168216,0.0,0.0,0,0.013333333333333334,0
393,PAYMENT,21832.94,C2308496151,109372.06,87539.12,M6651754819,0.0,0.0,0,0.0,0
45,PAYMENT,6327.75,C9420979586,13890.05,7562.3,M9620935604,0.0,0.0,0,0.0,0
109,CASH_IN,107508.54,C8057994126,75.31,107583.85,C5306459450,106.22,106.22,0,0.0,0
56,TRANSFER,5192.51,C9337145038,4423.81,0.0,M8144352013,0.0,0.0,1,0.8066666666666666,1
519,PAYMENT,1.0,C8809871735,0.0,0.0,M6495967005,0.0,0.0,0,0.0,0
620,TRANSFER,1.0,C6000952470,0.73,0.0,C5482431018,1.0,2.0,0,0.23333333333333334,0
375,DEBIT,12946.26,C7581349462,85215.7,72269.44,M7537130187,0.0,0.0,0,0.01,0
495,TRANSFER,1365.13,C8531118333,1526.01,160.88,M2129491690,0.0,0.0,1,0.17,0
638,PAYMENT,1.0,C5646751885,0.0,0.0,M5990749811,0.0,0.0,0,0.0,0
281,PAYMENT,1.0,C9337145038,0.0,0.0,M3317856944,0.0,0.0,0,0.0,0
138,TRANSFER,118240.45,C8382488970,129446.05,11205.6,C8948573913,0.0,0.0,1,0.25333333333333335,0
465,PAYMENT,1.0,C6155234610,0.0,0.0,M7951820749,0.0,0.0,0,0.0,0
330,TRANSFER,1.0,C6000952470,0.0,0.0,C3645901955,0.0,1.0,0,0.22,0
255,PAYMENT,500.75,C4710967433,627.14,126.39,M6692705133,0.0,0.0,0,0.0,0
299,TRANSFER,55652.45,C8057994126,107583.85,51931.4,C3645901955,1.0,55653.45,0,0.0,0
25,CASH_OUT,2173.24,C1667483244,2040.85,0.0,M8667946580,0.0,0.0,1,0.043333333333333335,0
223,PAYMENT,1.0,C5567816720,0.0,0.0,M3313346852,0.0,0.0,0,0.0,0
153,CASH_IN,29935.62,C9376711497,0.0,29935.62,C4794276323,115.82,115.82,0,0.0,0
529,PAYMENT,1.0,C5125568431,0.0,0.0,M6130446648,0.0,0.0,0,0.0,0
530,TRANSFER,74.37,C9639245200,112.69,38.32,C1602569046,0.0,74.37,0,0.17,0
366,TRANSFER,813.15,C6837342064,934.48,121.33,C1197449658,0.32,0.32,1,0.16,0
366,PAYMENT,4.57,C8953271391,12.7,8.13,M2916502228,0.0,0.0,0,0.0,0
491,PAYMENT,304.66,C1678500147,405.53,100.87,M1711271599,0.0,0.0,0,0.0,0
305,CASH_OUT,1.0,C5354747485,0.0,0.0,C9573276057,0.0,0.0,0,0.03333333333333333,0
621,TRANSFER,13601.39,C4466589567,15782.85,2181.46,M2129491690,0.0,0.0,1,0.33666666666666667,0
630,PAYMENT,1.0,C4509456565,0.0,0.0,M3846182436,0.0,0.0,0,0.0,0
382,TRANSFER,1501.14,C9919491730,1841.71,340.57,M8910440683,0.0,0.0,1,0.17333333333333334,0
173,TRANSFER,1.0,C5141593270,0.0,0.0,C2973888646,53.9,54.9,0,0.12666666666666668,0
606,TRANSFER,1.0,C9981364488,0.0,0.0,C7568980185,0.0,1.0,0,0.23333333333333334,0
191,CASH_OUT,1.0,C7488943393,0.0,0.0,C9067664957,123.93,123.93,0,0.0,0
504,TRANSFER,1.0,C9049270990,0.0,0.0,C3893976444,127646.75,127647.75,0,0.0,0
47,CASH_OUT,3996.2,C1770278136,4514.22,518.02,C7296658772,4496.46,4496.46,1,0.0,0
665,TRANSFER,40.38,C4353689019,53.95,13.57,C8366884200,651.35,691.73,1,0.05333333333333334,0
672,PAYMENT,1.0,C9202102595,0.0,0.0,M5815678365,0.0,0.0,0,0.0,0
410,TRANSFER,2056.14,C3412365931,1997.54,0.0,C2250949136,0.0,2056.14,1,0.2733333333333333,0
254,PAYMENT,41.29,C8178927766,102.58,61.29,M8874242713,0.0,0.0,0,0.0,0
249,PAYMENT,16.64,C8982597239,21.81,5.17,M6846530109,0.0,0.0,0,0.0,0
28,CASH_OUT,880.05,C3197757742,893.18,13.13,M3145756342,0.0,0.0,1,0.01,0
139,PAYMENT,1.0,C5694806361,0.0,0.0,M9043367776,0.0,0.0,0,0.0,0
656,CASH_OUT,398.23,C2950049698,560.74,162.51,C8377088167,2145.71,2145.71,1,0.02,0
85,CASH_OUT,7.73,C1885113834,23.49,15.76,C4682870880,10.08,10.08,0,0.0,0
662,TRANSFER,1951.5,C1422701550,1910.74,0.0,C5693307665,1300.07,1300.07,1,0.31333333333333335,0
219,TRANSFER,1.0,C8339176912,0.0,0.0,C6075963527,0.0,1.0,0,0.23,0
251,PAYMENT,1.0,C4503614567,0.0,0.0,M4390543744,0.0,0.0,0,0.0,0
171,CASH_OUT,145.58,C1083651970,142.33,0.0,C2515672889,0.0,0.0,1,0.02,0
498,PAYMENT,41.05,C6097953682,62.8,21.75,M5959736235,0.0,0.0,0,0.0,0
408,PAYMENT,6.38,C9533595495,28.4,22.02,M2156184315,0.0,0.0,0,0.0,0
18,TRANSFER,951.9,C5358791907,1075.32,123.42,M7270955446,0.0,0.0,1,0.15333333333333332,0
494,TRANSFER,1978.35,C2503068227,2506.21,527.86,C5428082088,18.17,18.17,1,0.24,0
567,PAYMENT,1.0,C5626388820,0.0,0.0,M2518433834,0.0,0.0,0,0.0,0
96,TRANSFER,4323.83,C1004665657,3992.69,0.0,M8728631945,0.0,0.0,1,0.82,1
447,TRANSFER,568.36,C2926780541,779.12,210.76,C3550908958,0.0,0.0,1,0.11666666666666667,0
364,CASH_OUT,1.0,C2065354117,1.36,0.36,C4776436931,63139.09,63139.09,0,0.0,0
652,TRANSFER,3196.59,C7961674558,3992.99,796.4,C3884642366,69.73,3266.32,0,0.04,0
4,CASH_OUT,219.24,C2389803385,184.24,0.0,M4399143287,0.0,0.0,1,0.043333333333333335,0
634,TRANSFER,1.0,C9945002229,0.0,0.0,C6461974809,28.68,29.68,0,0.19333333333333333,0
538,TRANSFER,1337.82,C6596578419,1570.34,232.52,C6761084958,122.22,122.22,1,0.11,0
535,TRANSFER,1134.61,C1561417687,1065.05,0.0,C8612747444,0.0,0.0,1,0.43666666666666665,0
479,CASH_OUT,173.66,C5375461598,230.83,57.17,M8102481401,0.0,0.0,1,0.04666666666666667,0
286,PAYMENT,304.73,C4130305126,667.15,362.42,M7861571879,0.0,0.0,0,0.0,0
475,PAYMENT,327.7,C2072355594,384.48,56.78,M1458227039,0.0,0.0,0,0.0,0
584,CASH_OUT,2504.02,C8902275119,2626.56,122.54,M3495411322,0.0,0.0,1,0.03,0
719,CASH_OUT,41.49,C7508080884,53.2,11.71,C6471691689,529.24,529.24,0,0.03333333333333333,0
699,CASH_OUT,642.29,C6649827836,736.12,93.83,M9773795424,0.0,0.0,1,0.023333333333333334,0
40,TRANSFER,2976.34,C1955345537,3462.52,486.18,M2604788242,0.0,0.0,1,0.19,0
594,PAYMENT,7.29,C4485356009,8.08,0.79,M8790289305,0.0,0.0,0,0.0,0
621,CASH_OUT,15292.19,C8721631198,52561.86,37269.67,C1799718923,2.57,2.57,0,0.016666666666666666,0
411,TRANSFER,962.45,C2586568081,1334.02,371.57,M1888107487,0.0,0.0,1,0.12666666666666668,0
513,PAYMENT,1.0,C6674372082,0.0,0.0,M3317856944,0.0,0.0,0,0.0,0
32,CASH_OUT,683.5,C8995045543,708.26,24.76,C1654477195,23.6,23.6,1,0.0033333333333333335,0
1,PAYMENT,1.0,C3796581976,0.0,0.0,M1096405016,0.0,0.0,0,0.0,0
673,PAYMENT,1800.16,C4015479599,3179.1,1378.94,M9581187661,0.0,0.0,0,0.0,0
10,TRANSFER,187.31,C3484872186,799.38,612.07,C5783809766,2553.39,2740.7,0,0.0,0
104,TRANSFER,5050.3,C5903457537,6128.69,1078.39,C3774110439,189.72,5240.02,0,0.0,0
195,DEBIT,16856.39,C2825989011,24675.97,7819.58,M5449848690,0.0,0.0,0,0.02,0
123,PAYMENT,6586.11,C2928130926,59707.85,53121.74,M5694439775,0.0,0.0,0,0.0,0
97,CASH_OUT,3902.28,C8282534126,4579.2,676.92,M9625656293,0.0,0.0,1,0.0,0
396,PAYMENT,3157.8,C3645901955,55653.45,52495.65,M1257854279,0.0,0.0,0,0.0,0
673,TRANSFER,2904.31,C3483827971,3082.48,178.17,M3019265031,0.0,0.0,1,0.3233333333333333,0
239,PAYMENT,167.87,C3250402001,303.64,135.77,M1442421654,0.0,0.0,0,0.0,0
77,DEBIT,1.0,C7988845536,0.0,0.0,M3355504998,0.0,0.0,0,0.03,0
195,PAYMENT,590.85,C3169561289,938.55,347.7,M9558906999,0.0,0.0,0,0.0,0
414,DEBIT,1.22,C3376077463,2.95,1.73,M3595066420,0.0,0.0,0,0.04666666666666667,0
604,PAYMENT,254.87,C4239406957,273.98,19.11,M3580582653,0.0,0.0,0,0.0,0
133,CASH_OUT,143.78,C3142452709,130.83,0.0,M8102481401,0.0,0.0,1,0.013333333333333334,0
498,PAYMENT,109.69,C4820055862,236.04,126.35,M7343954769,0.0,0.0,0,0.0,0
658,PAYMENT,1.0,C2379592595,4.17,3.17,M4390543744,0.0,0.0,0,0.0,0
246,PAYMENT,31.72,C2579206999,70.81,39.09,M3534186676,0.0,0.0,0,0.0,0
129,CASH_IN,56828.09,C3694860228,0.0,56828.09,C2076151332,53.74,53.74,0,0.0,0
49,PAYMENT,20.53,C7146318035,75.31,54.78,M5891831621,0.0,0.0,0,0.0,0
180,PAYMENT,69.1,C8584566722,522.85,453.75,M5156392601,0.0,0.0,0,0.0,0
709,CASH_OUT,1932.17,C3258354191,1718.43,0.0,M4522855590,0.0,0.0,1,0.16,0
139,PAYMENT,1.0,C9471306442,0.0,0.0,M4892544235,0.0,0.0,0,0.0,0
313,DEBIT,1.0,C8650676663,0.0,0.0,M7514017540,0.0,0.0,0,0.04,0
643,TRANSFER,3941.54,C1091729577,5381.76,1440.22,C3846570058,6.21,6.21,1,0.27,0
104,PAYMENT,1.0,C5993571693,0.0,0.0,M3566125120,0.0,0.0,0,0.0033333333333333335,0
143,DEBIT,1.0,C6566372886,0.0,0.0,M7969674420,0.0,0.0,0,0.02666666666666667,0
360,CASH_IN,80289.04,C2965164102,402.24,80691.28,C1519709079,0.0,0.0,0,0.0,0
433,DEBIT,1.0,C3109688769,0.0,0.0,M4522855590,0.0,0.0,0,0.04666666666666667,0
713,PAYMENT,33.6,C9454207717,357.36,323.76,M7453081889,0.0,0.0,0,0.0,0
153,CASH_IN,9634.53,C3465740756,2138.56,11773.09,C6923301988,67.31,67.31,0,0.0,0
441,PAYMENT,1.0,C9989642546,0.0,0.0,M1185303518,0.0,0.0,0,0.0,0
450,TRANSFER,1.5,C5785481124,2.55,1.05,C5418232833,104.06,105.56,0,0.09,0
54,PAYMENT,431.92,C6655089949,784.19,352.27,M7651029165,0.0,0.0,0,0.0,0
557,PAYMENT,83.18,C9455610447,145.98,62.8,M6498703287,0.0,0.0,0,0.0,0
642,PAYMENT,1.0,C6329589780,2.15,1.15,M2129491690,0.0,0.0,0,0.0,0
340,TRANSFER,3815.66,C7981077394,4684.84,869.18,M2303835765,0.0,0.0,1,0.21,0
378,CASH_OUT,1.0,C2139027119,0.0,0.0,C7296658772,4496.46,4496.46,0,0.0033333333333333335,0
565,DEBIT,695.21,C7519578899,1456.67,761.46,M3322580659,0.0,0.0,0,0.03,0
671,PAYMENT,238.15,C4110258855,370.28,132.13,M8083396378,0.0,0.0,0,0.0,0
422,PAYMENT,40.52,C4623960580,61.34,20.82,M9916475897,0.0,0.0,0,0.0,0
177,TRANSFER,1.0,C1691293717,0.0,0.0,C7464468567,270.76,271.76,0,0.01,0
226,TRANSFER,7615.05,C4322510552,9142.09,1527.04,C3980491761,296.59,7911.64,1,0.0,0
477,TRANSFER,4610.55,C9392515666,5006.85,396.3,M4093474499,0.0,0.0,1,0.33,0
549,CASH_OUT,1.0,C2394868732,0.0,0.0,C8953726023,0.57,0.57,0,0.06,0
677,PAYMENT,2435.0,C8907752604,3427.75,992.75,M8778927211,0.0,0.0,0,0.0,0
549,PAYMENT,188.58,C5913767020,291.94,103.36,M8740820392,0.0,0.0,0,0.0,0
278,DEBIT,4.13,C6288227800,4.5,0.37,M2541015125,0.0,0.0,0,0.03666666666666667,0
649,PAYMENT,2.19,C3423086220,3.15,0.96,M2541015125,0.0,0.0,0,0.0,0
524,PAYMENT,8.93,C4745927824,9.83,0.9,M1694904767,0.0,0.0,0,0.0,0
182,PAYMENT,18.2,C9941564880,477.08,458.88,M6790024996,0.0,0.0,0,0.0,0
662,CASH_OUT,3668.69,C7389111087,4253.7,585.01,C2918260963,0.0,0.0,1,0.02666666666666667,0
7,TRANSFER,90.82,C7246858055,87.09,0.0,C3725152347,375.34,375.34,1,0.02666666666666667,0
239,PAYMENT,485.64,C5151887478,1196.77,711.13,M2391874847,0.0,0.0,0,0.0,0
91,PAYMENT,1.0,C4302632494,0.0,0.0,M6401844042,0.0,0.0,0,0.0,0
192,TRANSFER,2606.75,C9147736635,2982.66,375.91,M6866146362,0.0,0.0,1,0.16,0
224,TRANSFER,442.35,C8578226896,591.33,148.98,C5100282913,62669.69,63112.04,0,0.0,0
337,CASH_OUT,1.0,C4700855390,0.0,0.0,C3396953414,89.85,89.85,0,0.013333333333333334,0
344,DEBIT,1.0,C5482431018,2.0,1.0,M2604788242,0.0,0.0,0,0.03666666666666667,0
123,PAYMENT,1.0,C6714723660,0.0,0.0,M6651754819,0.0,0.0,0,0.0,0
446,TRANSFER,44.91,C1613549255,118.33,73.42,C7186766399,0.0,44.91,0,0.16333333333333333,0
137,CASH_IN,6056.81,C7832220535,211.68,6268.49,C3521166052,118.15,118.15,0,0.0,0
28,TRANSFER,2055.93,C5421592782,2865.3,809.37,M7340036327,0.0,0.0,1,0.16666666666666666,0
296,TRANSFER,3903.03,C1383539822,3854.14,0.0,M8910440683,0.0,0.0,1,0.7933333333333333,1
662,TRANSFER,473.32,C7292376027,669.24,195.92,M8626371177,0.0,0.0,1,0.11666666666666667,0
691,PAYMENT,1.0,C4159699467,0.0,0.0,M3355504998,0.0,0.0,0,0.0,0
481,PAYMENT,12.57,C6242173772,26.69,14.12,M3517195150,0.0,0.0,0,0.0,0
323,PAYMENT,6043.16,C7660157097,171274.13,165230.97,M3960136787,0.0,0.0,0,0.0,0
132,PAYMENT,1.0,C9471306442,0.0,0.0,M8389750357,0.0,0.0,0,0.0,0
549,CASH_OUT,1584.91,C3142452709,1471.24,0.0,M1185303518,0.0,0.0,1,0.18333333333333332,0
685,CASH_OUT,2840.66,C5783809766,2740.7,0.0,C5492496998,0.0,0.0,1,0.18333333333333332,0
507,CASH_OUT,3290.62,C2970753705,3847.6,556.98,C2409274786,0.0,0.0,0,0.023333333333333334,0
202,PAYMENT,28.87,C1104906255,39.61,10.74,M6199197408,0.0,0.0,0,0.0,0
411,CASH_OUT,86.49,C5358791907,123.42,36.93,M3831598303,0.0,0.0,1,0.04,0
270,TRANSFER,3298.34,C8458717057,3271.32,0.0,C8453283834,3.2,3301.54,1,0.15333333333333332,0
361,PAYMENT,113.1,C8394040015,151.09,37.99,M6041646576,0.0,0.0,0,0.0,0
10,DEBIT,1.0,C3147818256,0.0,0.0,M6744039057,0.0,0.0,0,0.023333333333333334,0
561,TRANSFER,513.53,C6072939882,487.45,0.0,M8869140487,0.0,0.0,1,0.2633333333333333,0
266,CASH_IN,53162.33,C4643576871,677.15,53839.48,C2416760621,1139.86,1139.86,0,0.0,0
689,TRANSFER,12176.79,C9744120054,13889.46,1712.67,M5315720088,0.0,0.0,1,0.32,0
564,PAYMENT,1.27,C4145461251,1.6,0.33,M1083302600,0.0,0.0,0,0.0,0
542,TRANSFER,3658.04,C8331319481,4258.22,600.18,C3476426797,3.69,3.69,1,0.25,0
117,TRANSFER,1.0,C7625464411,0.0,0.0,C6466597005,4.7,5.7,0,0.19,0
682,PAYMENT,1.0,C6963052185,0.0,0.0,M4329446784,0.0,0.0,0,0.0,0
465,CASH_OUT,62.31,C5923940434,84.42,22.11,C5610783750,5.66,5.66,0,0.04666666666666667,0
186,PAYMENT,2.42,C7015992643,6.03,3.61,M3636366799,0.0,0.0,0,0.0,0
357,PAYMENT,1.0,C5613655595,0.0,0.0,M2249831874,0.0,0.0,0,0.0,0
654,CASH_OUT,1.0,C8588769565,0.0,0.0,C8858766173,50814.24,50814.24,0,0.03,0
535,TRANSFER,331.45,C4325878813,498.67,167.22,C9963334018,858.79,1190.24,0,0.03,0
698,TRANSFER,7.1,C9309500117,11.1,4.0,C1624173500,286.89,293.99,0,0.07333333333333333,0
124,CASH_OUT,4359.12,C6329589780,3755.55,0.0,M9026301048,0.0,0.0,1,0.043333333333333335,0
60,TRANSFER,169.07,C3691864041,218.38,49.31,C4079223686,1821.8,1821.8,1,0.006666666666666667,0
197,PAYMENT,1.0,C8666074487,0.0,0.0,M9918338001,0.0,0.0,0,0.0,0
560,CASH_OUT,4038.64,C5428082088,3607.27,0.0,C2308496151,87539.12,87539.12,1,0.07333333333333333,0
369,PAYMENT,1.0,C6265016831,0.0,0.0,M8858274691,0.0,0.0,0,0.0,0
392,CASH_OUT,3361.55,C3297096148,3113.47,0.0,C1065857791,261.86,261.86,1,0.10333333333333333,0
456,PAYMENT,1.0,C5754363475,1.0,0.0,M5067400473,0.0,0.0,0,0.0,0
586,CASH_OUT,4156.52,C6425814872,3959.36,0.0,M2711123163,0.0,0.0,1,0.24333333333333335,0
347,TRANSFER,556.8,C8239941612,1339.23,782.43,C5903457537,1078.39,1635.19,0,0.0,0
652,PAYMENT,1.0,C8761956684,0.0,0.0,M9625656293,0.0,0.0,0,0.0,0
453,PAYMENT,1.0,C6725038117,0.0,0.0,M6583604299,0.0,0.0,0,0.0,0
158,TRANSFER,623.64,C9711080868,825.92,202.28,M2518433834,0.0,0.0,1,0.07666666666666666,0
281,PAYMENT,16955.95,C8826851692,81645.17,64689.22,M2541015125,0.0,0.0,0,0.0,0
259,TRANSFER,37510.73,C8721631198,37269.67,0.0,M2243802345,0.0,0.0,1,0.83,1
502,PAYMENT,1.0,C9974165440,1.81,0.81,M2518433834,0.0,0.0,0,0.0,0
453,TRANSFER,4070.42,C8137764127,3564.23,0.0,M4306983924,0.0,0.0,1,0.9,1
422,CASH_OUT,438.22,C2416760621,1139.86,701.64,C1408988968,0.0,0.0,0,0.06,0
681,TRANSFER,1272.1,C1676168421,1328.72,56.62,M8138332494,0.0,0.0,1,0.24333333333333335,0
168,PAYMENT,12610.62,C8477300991,74619.94,62009.32,M6045729129,0.0,0.0,0,0.0,0
91,TRANSFER,887.48,C5728897164,1136.09,248.61,M1240140248,0.0,0.0,1,0.10333333333333333,0
516,CASH_OUT,1.6,C3360791536,3.12,1.52,C4696689457,0.0,0.0,0,0.04666666666666667,0
272,PAYMENT,235.13,C7292076361,32434.43,32199.3,M9410569618,0.0,0.0,0,0.0,0
142,TRANSFER,5885.89,C3774110439,5240.02,0.0,C3664052763,426.15,426.15,1,0.18,0
488,CASH_OUT,1.0,C4752171298,0.0,0.0,C6655089949,352.27,352.27,0,0.06666666666666667,0
40,TRANSFER,25.09,C6443749394,36.76,11.67,C7045593274,0.0,25.09,0,0.16,0
479,PAYMENT,1.0,C9229469952,0.0,0.0,M9625656293,0.0,0.0,0,0.0,0
165,TRANSFER,122.18,C9581991473,141.87,19.69,C2524751277,14.91,137.09,0,0.05,0
153,PAYMENT,15.46,C9660523876,20.84,5.38,M4242579642,0.0,0.0,0,0.0,0
428,DEBIT,25.1,C5634076661,66.89,41.79,M3192202822,0.0,0.0,0,0.02666666666666667,0
442,PAYMENT,1.0,C3127657643,0.0,0.0,M8964269909,0.0,0.0,0,0.0,0
148,TRANSFER,1.0,C8151583833,0.0,0.0,C6880115912,96.21,97.21,0,0.06,0
594,CASH_OUT,65.18,C8925520026,71.09,5.91,C8084809436,730.12,730.12,0,0.04,0
65,CASH_OUT,1.0,C5212581851,1.0,0.0,C5476654128,2.81,2.81,0,0.0033333333333333335,0
222,TRANSFER,3708.58,C7473868020,3905.84,197.26,M4460319291,0.0,0.0,1,0.23,0
215,TRANSFER,72.93,C9741628563,92.49,19.56,C1977515194,20.39,20.39,1,0.11666666666666667,0
496,PAYMENT,9194.42,C8556573246,81036.0,71841.58,M6247463262,0.0,0.0,0,0.0,0
464,PAYMENT,4.81,C3106408413,5.13,0.32,M7969674420,0.0,0.0,0,0.0,0
190,PAYMENT,2752.12,C9189503254,12329.64,9577.52,M3438830691,0.0,0.0,0,0.0,0
329,CASH_OUT,22.12,C2566942273,25.1,2.98,C2076151332,53.74,53.74,0,0.013333333333333334,0
675,TRANSFER,3590.89,C2073108894,3045.74,0.0,C7666869046,0.0,0.0,1,0.9033333333333333,1
171,TRANSFER,110.3,C4747699292,537.22,426.92,C6910112521,16.7,127.0,0,0.03666666666666667,0
270,TRANSFER,3558.7,C3362646960,3641.02,82.32,C5935852056,108.28,3666.98,0,0.013333333333333334,0
403,CASH_OUT,247.24,C8689593739,428.47,181.23,C4794276323,115.82,115.82,0,0.006666666666666667,0
405,DEBIT,49.93,C3363629219,81.58,31.65,M8858274691,0.0,0.0,0,0.03,0
156,PAYMENT,12116.34,C2343100352,16821.77,4705.43,M6659847491,0.0,0.0,0,0.0,0
684,TRANSFER,4209.73,C4642197907,4029.88,0.0,C6306523372,0.0,0.0,1,0.89,1
193,TRANSFER,16496.27,C5695387521,19206.66,2710.39,C9903351330,0.0,0.0,1,0.25333333333333335,0
269,CASH_OUT,1.0,C4786674545,0.0,0.0,C6464693977,42321.01,42321.01,0,0.0,0
176,TRANSFER,2337.37,C4880176825,4483.95,2146.58,C2617999521,1.7,2339.07,0,0.0033333333333333335,0
677,PAYMENT,1.0,C7608153267,0.0,0.0,M5194066484,0.0,0.0,0,0.0,0
627,PAYMENT,159.71,C1682781467,505.01,345.3,M6606958660,0.0,0.0,0,0.0,0
564,PAYMENT,11.07,C2076151332,53.74,42.67,M6558769264,0.0,0.0,0,0.0,0
94,DEBIT,1.0,C2099184899,0.0,0.0,M1647181551,0.0,0.0,0,0.02666666666666667,0
143,CASH_OUT,3182.36,C8106401208,4276.99,1094.63,C2224336336,0.0,0.0,1,0.0,0
710,CASH_IN,121444.38,C1785418196,662.09,122106.47,C8189916797,8871.51,8871.51,0,0.0,0
85,CASH_IN,62977.71,C2075321966,0.0,62977.71,C1624173500,293.99,293.99,0,0.0,0
394,PAYMENT,1.0,C6955593943,0.0,0.0,M8667946580,0.0,0.0,0,0.0,0
565,CASH_OUT,267.77,C4473306055,347.0,79.23,C4482238042,5.15,5.15,0,0.03333333333333333,0
701,PAYMENT,1.0,C8690920484,0.0,0.0,M1666898313,0.0,0.0,0,0.0,0
531,CASH_OUT,53.25,C7575259637,65.6,12.35,C3098948446,19.88,19.88,0,0.03333333333333333,0
382,TRANSFER,369.46,C1225052083,360.15,0.0,M3322580659,0.0,0.0,1,0.23,0
609,CASH_OUT,1133.26,C1643611097,1236.83,103.57,M1802753761,0.0,0.0,1,0.03666666666666667,0
533,TRANSFER,198.47,C1526723719,276.39,77.92,C5296710795,5343.84,5343.84,1,0.03,0
26,CASH_OUT,390.7,C8995970241,1087.9,697.2,C7099469983,852.86,852.86,0,0.016666666666666666,0
637,PAYMENT,1.0,C8570333548,0.0,0.0,M9255306810,0.0,0.0,0,0.0,0
618,PAYMENT,20.95,C6576426590,52.5,31.55,M7664045502,0.0,0.0,0,0.0,0
42,PAYMENT,44.12,C8779941999,73.68,29.56,M4952177946,0.0,0.0,0,0.0,0
6,PAYMENT,3145.85,C7296658772,4496.46,1350.61,M2778069478,0.0,0.0,0,0.0,0
534,CASH_OUT,3441.25,C8208643631,4268.17,826.92,M1711271599,0.0,0.0,1,0.023333333333333334,0
357,PAYMENT,6.24,C9033653743,16.05,9.81,M2869931869,0.0,0.0,0,0.0,0
501,PAYMENT,68.43,C4231729466,83.19,14.76,M3811254192,0.0,0.0,0,0.0,0
377,CASH_OUT,3767.44,C8940731272,4079.7,312.26,M8144352013,0.0,0.0,1,0.01,0
55,CASH_OUT,5161.42,C5975196341,5198.7,37.28,M4460319291,0.0,0.0,1,0.0033333333333333335,0
75,PAYMENT,1.0,C9759180824,0.0,0.0,M9900829971,0.0,0.0,0,0.0,0
253,TRANSFER,3567.7,C2941508568,6608.13,3040.43,C3849232839,3173.6,6741.3,0,0.0,0
441,TRANSFER,616.3,C6674372082,524.6,0.0,M1888107487,0.0,0.0,1,0.25666666666666665,0
530,CASH_OUT,356.89,C3421719519,466.08,109.19,M9977193987,0.0,0.0,1,0.03333333333333333,0
158,PAYMENT,1.0,C7246858055,0.0,0.0,M9640701016,0.0,0.0,0,0.0,0
239,PAYMENT,3.92,C2079770569,10.2,6.28,M1306420495,0.0,0.0,0,0.0,0
393,TRANSFER,710.14,C4287687478,748.3,38.16,C6037168610,15167.94,15878.08,0,0.0,0
212,CASH_OUT,385.7,C9035194895,402.98,17.28,M2916502228,0.0,0.0,1,0.01,0
288,PAYMENT,1781.53,C2242377075,2147.75,366.22,M5156392601,0.0,0.0,0,0.0,0
56,TRANSFER,3364.78,C3734252963,4664.29,1299.51,M5315720088,0.0,0.0,1,0.2,0
388,TRANSFER,4462.7,C2289624427,4144.03,0.0,C9123207735,0.0,4462.7,1,0.043333333333333335,0
222,CASH_OUT,4790.01,C9661615016,4608.05,0.0,M4896576569,0.0,0.0,1,0.05333333333333334,0
71,PAYMENT,96.32,C5686850445,144772.59,144676.27,M8646369354,0.0,0.0,0,0.0,0
536,PAYMENT,1.0,C2465576748,0.39,0.0,M9581187661,0.0,0.0,0,0.0,0
562,DEBIT,1.0,C4642197907,0.0,0.0,M1908459040,0.0,0.0,0,0.043333333333333335,0
463,CASH_OUT,4.99,C1600406558,6.24,1.25,C8832617672,0.0,0.0,0,0.07333333333333333,0
425,PAYMENT,35.15,C7887950851,57.64,22.49,M4125758723,0.0,0.0,0,0.0,0
688,CASH_OUT,16.99,C6887132821,28.5,11.51,C2916728422,10643.42,10643.42,0,0.01,0
345,PAYMENT,1.0,C6587537178,0.0,0.0,M3156792018,0.0,0.0,0,0.0,0
269,TRANSFER,4889.67,C9715314442,4348.47,0.0,M7343954769,0.0,0.0,1,0.8166666666666667,1
655,CASH_OUT,469.63,C5364727160,1696.22,1226.59,C5861829469,408.46,408.46,0,0.016666666666666666,0
349,TRANSFER,3843.14,C7573442717,3204.37,0.0,M9590331226,0.0,0.0,1,0.7566666666666667,1
566,PAYMENT,1.0,C3591527330,0.0,0.0,M3660800029,0.0,0.0,0,0.0,0
342,TRANSFER,596.97,C1722124509,815.0,218.03,M1783432867,0.0,0.0,1,0.1,0
49,TRANSFER,1996.43,C6887132821,1754.49,0.0,M9558906999,0.0,0.0,1,0.44666666666666666,0
667,PAYMENT,1.0,C2428156550,0.0,0.0,M7340036327,0.0,0.0,0,0.0,0
465,CASH_IN,109706.4,C3869963931,16.38,109722.78,C6246716604,15.9,15.9,0,0.0,0
263,PAYMENT,1.0,C8418332121,0.0,0.0,M5535650160,0.0,0.0,0,0.0,0
631,CASH_OUT,2936.0,C4736031885,44626.76,41690.76,C1589582865,134.15,134.15,0,0.01,0
181,PAYMENT,49.13,C1158998032,894.08,844.95,M6932365592,0.0,0.0,0,0.0,0
158,CASH_OUT,179.3,C6715961218,419.16,239.86,C2914126243,2093.31,2093.31,0,0.006666666666666667,0
416,PAYMENT,1.0,C5754363475,0.0,0.0,M5000316394,0.0,0.0,0,0.0,0
459,PAYMENT,41.89,C3987248494,67.99,26.1,M2635881694,0.0,0.0,0,0.0,0
536,TRANSFER,291.33,C2111272861,432.77,141.44,C1722124509,218.03,509.36,0,0.05,0
523,CASH_OUT,1.0,C6515369278,0.0,0.0,C2720484983,0.0,0.0,0,0.06,0
580,TRANSFER,1.0,C8758809005,0.0,0.0,C9751963589,81.02,82.02,0,0.17,0
596,TRANSFER,1.75,C2566942273,2.98,1.23,C6562434335,117.43,119.18,0,0.10333333333333333,0
359,PAYMENT,4465.57,C7340498236,5686.43,1220.86,M2869931869,0.0,0.0,0,0.0,0
570,TRANSFER,2967.85,C2546720356,3088.49,120.64,M3322580659,0.0,0.0,1,0.42,0
265,DEBIT,673.88,C7668801906,1134.38,460.5,M5815678365,0.0,0.0,0,0.01,0
530,CASH_OUT,2725.58,C5883933127,2504.31,0.0,C5354747485,0.0,0.0,1,0.17333333333333334,0
234,CASH_OUT,102.08,C6329323383,211.82,109.74,C9303765140,84.66,84.66,0,0.0,0
575,PAYMENT,1.0,C5268845844,0.0,0.0,M6845287382,0.0,0.0,0,0.0,0
624,CASH_OUT,3550.87,C2304963614,11650.81,8099.94,C8418332121,0.0,0.0,0,0.016666666666666666,0
600,PAYMENT,3382.2,C2075321966,62977.71,59595.51,M5714658227,0.0,0.0,0,0.0,0
665,TRANSFER,112.22,C8012696455,268.54,156.32,C1717346250,0.0,112.22,0,0.08666666666666667,0
619,CASH_OUT,337.83,C4645120421,410.86,73.03,M3517195150,0.0,0.0,1,0.03666666666666667,0
441,TRANSFER,24.99,C7965608188,72.49,47.5,C5689870435,10.34,35.33,0,0.13333333333333333,0
419,PAYMENT,1.0,C8969097897,0.0,0.0,M9065458220,0.0,0.0,0,0.0,0
224,TRANSFER,23006.96,C8109891300,22911.74,0.0,M3605446007,0.0,0.0,1,0.8333333333333334,1
662,CASH_IN,67253.64,C8453283834,3301.54,70555.18,C3849232839,6741.3,6741.3,0,0.0,0
603,CASH_OUT,105343.7,C6756332150,93242.73,0.0,M2655546199,0.0,0.0,1,0.21,0
424,DEBIT,1.35,C9752058817,6858.45,6857.1,M8778927211,0.0,0.0,0,0.023333333333333334,0
283,TRANSFER,1.0,C6306523372,0.0,0.0,C8791183272,5316.21,5317.21,0,0.0,0
508,TRANSFER,2666.26,C9553561889,2974.47,308.21,M9977193987,0.0,0.0,1,0.2966666666666667,0
473,PAYMENT,772.5,C1710924824,2146.97,1374.47,M3660800029,0.0,0.0,0,0.0,0
283,PAYMENT,24.3,C7560389844,41.04,16.74,M1096405016,0.0,0.0,0,0.0,0
508,CASH_OUT,1.0,C5789617427,0.0,0.0,C9935429720,715.41,715.41,0,0.06333333333333334,0
558,CASH_OUT,4.45,C2283298067,6.84,2.39,C5647317872,0.0,0.0,0,0.04666666666666667,0
670,PAYMENT,3.62,C9503787171,4.46,0.84,M8443061472,0.0,0.0,0,0.0,0
570,PAYMENT,1.0,C5135595227,0.0,0.0,M2910594463,0.0,0.0,0,0.0,0
606,PAYMENT,1.0,C4455798713,0.0,0.0,M8643636805,0.0,0.0,0,0.0,0
286,CASH_OUT,116.2,C3163970710,101.89,0.0,M8389750357,0.0,0.0,1,0.04666666666666667,0
437,CASH_OUT,88.21,C6307626407,95.02,6.81,M8548290298,0.0,0.0,1,0.06,0
442,PAYMENT,1191.39,C3758823240,1549.58,358.19,M2910594463,0.0,0.0,0,0.0,0
467,TRANSFER,24.86,C6131005449,79.44,54.58,C7981077394,869.18,894.04,0,0.04666666666666667,0
327,CASH_OUT,5217.84,C4067961943,4498.61,0.0,C5931025271,471.23,471.23,1,0.10666666666666667,0
59,CASH_IN,763.07,C4311931853,0.0,763.07,C3866755218,8.08,8.08,0,0.0,0
499,PAYMENT,12.6,C7098134112,39.9,27.3,M2635881694,0.0,0.0,0,0.0,0
112,TRANSFER,50917.19,C4143852021,54835.53,3918.34,M5570190774,0.0,0.0,1,0.24333333333333335,0
364,DEBIT,1.0,C1257324536,0.96,0.0,M1442421654,0.0,0.0,0,0.04,0
339,CASH_IN,133481.68,C2549748436,1.3,133482.98,C6048096802,1.76,1.76,0,0.0,0
365,DEBIT,7.79,C2753617371,9.66,1.87,M4892544235,0.0,0.0,0,0.03333333333333333,0
320,CASH_OUT,3249.55,C4143852021,3918.34,668.79,C9544423456,3026.78,3026.78,0,0.0,0
385,CASH_OUT,1.0,C1521521078,0.0,0.0,C5992908271,3029.05,3029.05,0,0.0033333333333333335,0
5,CASH_OUT,742.74,C6214917780,969.21,226.47,M6771941776,0.0,0.0,1,0.023333333333333334,0
708,CASH_OUT,4397.26,C9953716239,4911.52,514.26,M9822499208,0.0,0.0,1,0.03,0
601,CASH_OUT,979.93,C2777816561,1245.96,266.03,M9773795424,0.0,0.0,1,0.02666666666666667,0
140,DEBIT,5.67,C1965067727,10.69,5.02,M7512767226,0.0,0.0,0,0.02,0
112,PAYMENT,4.93,C6246716604,15.9,10.97,M6558769264,0.0,0.0,0,0.0,0
308,PAYMENT,1.0,C8236980551,0.0,0.0,M3438830691,0.0,0.0,0,0.0,0
509,TRANSFER,217.95,C2953462417,355.13,137.18,C4440904834,2.04,219.99,0,0.07,0
364,PAYMENT,16.57,C8750840032,61.13,44.56,M8910440683,0.0,0.0,0,0.0,0
45,TRANSFER,5727.46,C8102515984,4795.71,0.0,M4390543744,0.0,0.0,1,0.7866666666666666,1
530,TRANSFER,381.9,C4102821948,458.4,76.5,M6651020291,0.0,0.0,1,0.17,0
440,TRANSFER,2227.71,C4673457063,2518.5,290.79,M3355504998,0.0,0.0,1,0.2966666666666667,0
622,DEBIT,6.82,C6443749394,11.67,4.85,M8858274691,0.0,0.0,0,0.043333333333333335,0
665,CASH_OUT,66641.48,C3694860228,56828.09,0.0,M9822499208,0.0,0.0,1,0.1,0
225,PAYMENT,1.0,C4503614567,0.0,0.0,M4456193555,0.0,0.0,0,0.0,0
218,TRANSFER,1902.06,C7567496105,1754.86,0.0,C2503068227,527.86,527.86,1,0.09333333333333334,0
541,CASH_OUT,5.44,C8131923452,7.92,2.48,C9166381136,547.81,547.81,0,0.04666666666666667,0
702,DEBIT,1.0,C7038841740,0.0,0.0,M8910440683,0.0,0.0,0,0.05,0
348,TRANSFER,3043.9,C2407863065,3265.98,222.08,C4252504650,12.17,12.17,1,0.17,0
671,TRANSFER,1.0,C8048810275,0.0,0.0,C3376077463,1.73,2.73,0,0.22,0
327,CASH_IN,1527.49,C1271730355,0.0,1527.49,C6474354351,0.0,0.0,0,0.0,0
624,PAYMENT,1.0,C1521521078,0.0,0.0,M2625035499,0.0,0.0,0,0.0,0
385,DEBIT,353.63,C2503068227,527.86,174.23,M9640701016,0.0,0.0,0,0.02,0
369,TRANSFER,251.71,C9248046539,597.1,345.39,C6715961218,239.86,491.57,0,0.01,0
522,PAYMENT,2.74,C9704383251,8.76,6.02,M5694439775,0.0,0.0,0,0.0,0
542,CASH_OUT,961.43,C9526836552,1025.2,63.77,C5785481124,1.05,1.05,0,0.04666666666666667,0
691,CASH_OUT,1028.36,C1067198189,1055.7,27.34,M6275155878,0.0,0.0,1,0.03666666666666667,0
266,CASH_OUT,29522.47,C9080621072,36121.28,6598.81,C5489485517,0.0,0.0,0,0.0,0
247,PAYMENT,9.0,C6242173772,14.12,5.12,M8366710477,0.0,0.0,0,0.0,0
663,TRANSFER,255.85,C5403510324,417.47,161.62,C4927019611,1.0,256.85,0,0.05333333333333334,0
341,PAYMENT,1942.93,C8372755146,3346.51,1403.58,M6558769264,0.0,0.0,0,0.0,0
362,TRANSFER,766.28,C2267619081,667.17,0.0,M6401844042,0.0,0.0,1,0.2833333333333333,0
25,TRANSFER,585.29,C8366884200,691.73,106.44,M3317856944,0.0,0.0,1,0.15666666666666668,0
133,PAYMENT,11.83,C2075413763,13.18,1.35,M8728631945,0.0,0.0,0,0.0,0
193,PAYMENT,35.67,C7287517250,41.61,5.94,M6498703287,0.0,0.0,0,0.0,0
8,CASH_OUT,1.0,C7369118672,0.0,0.0,C7190276026,73492.59,73492.59,0,0.0033333333333333335,0
511,PAYMENT,197.87,C8584566722,453.75,255.88,M3094407076,0.0,0.0,0,0.0,0
190,PAYMENT,740.51,C8907752604,992.75,252.24,M6011842297,0.0,0.0,0,0.0,0
546,PAYMENT,92.17,C5328166990,1368.15,1275.98,M8626371177,0.0,0.0,0,0.0,0
256,PAYMENT,576.29,C5512036684,659.95,83.66,M9581187661,0.0,0.0,0,0.0,0
100,PAYMENT,1.0,C3360791536,1.52,0.52,M5380159400,0.0,0.0,0,0.0,0
82,CASH_OUT,3129.95,C5578929439,3271.56,141.61,C2377246195,9.66,9.66,1,0.0033333333333333335,0
340,CASH_OUT,2.79,C9717175839,6.06,3.27,C7316122432,0.86,0.86,0,0.023333333333333334,0
710,CASH_OUT,1.0,C2041349374,0.0,0.0,C1033015788,0.0,0.0,0,0.05333333333333334,0
468,TRANSFER,2772.39,C3806215682,74485.49,71713.1,C5025070544,58.33,2830.72,0,0.0033333333333333335,0
294,CASH_OUT,2185.34,C6640801643,2906.75,721.41,M8138332494,0.0,0.0,1,0.006666666666666667,0
594,PAYMENT,477.33,C7389111087,585.01,107.68,M3145756342,0.0,0.0,0,0.0,0
351,PAYMENT,1.65,C2351531223,3.28,1.63,M2586712032,0.0,0.0,0,0.0,0
227,TRANSFER,2165.55,C3837784389,2297.31,131.76,C8235717104,220.83,220.83,1,0.08333333333333333,0
460,PAYMENT,1.0,C4431078106,0.0,0.0,M1676220116,0.0,0.0,0,0.0,0
321,TRANSFER,3413.49,C1005502537,4125.08,711.59,C8168036130,230.57,230.57,1,0.016666666666666666,0
292,TRANSFER,7.89,C9035194895,17.28,9.39,C8272725281,132454.48,132462.37,0,0.0,0
330,PAYMENT,2327.69,C5586143660,5408.34,3080.65,M8790289305,0.0,0.0,0,0.0,0
221,PAYMENT,15.97,C4623960580,20.82,4.85,M9918338001,0.0,0.0,0,0.0,0
89,CASH_OUT,98.23,C9381721143,86.34,0.0,M3192202822,0.0,0.0,1,0.016666666666666666,0
658,CASH_OUT,81.25,C9470922075,195.85,114.6,C9503787171,0.84,0.84,0,0.023333333333333334,0
24,TRANSFER,7182.03,C4310415016,6405.15,0.0,M8235474949,0.0,0.0,1,0.74,1
641,CASH_OUT,3840.14,C1264739091,3905.23,65.09,M4329446784,0.0,0.0,1,0.056666666666666664,0
138,CASH_OUT,280.83,C5569145346,255.02,0.0,M4456193555,0.0,0.0,1,0.01,0
244,PAYMENT,2.19,C1799718923,2.57,0.38,M3495411322,0.0,0.0,0,0.0,0
254,TRANSFER,686.4,C3511301900,653.9,0.0,C3887823121,0.0,686.4,1,0.1,0
228,PAYMENT,7283.94,C4647891535,21286.61,14002.67,M2885370603,0.0,0.0,0,0.0,0
193,TRANSFER,50343.88,C8556573246,71841.58,21497.7,M8964269909,0.0,0.0,1,0.21333333333333335,0
575,TRANSFER,92.7,C1643611097,103.57,10.87,C2879792991,9.82,102.52,0,0.11666666666666667,0
189,TRANSFER,8.1,C1104906255,10.74,2.64,C9908115095,382.86,390.96,0,0.006666666666666667,0
483,CASH_OUT,1.0,C8033062794,0.0,0.0,C7337225482,0.0,0.0,0,0.08666666666666667,0
66,TRANSFER,4889.81,C7114223633,7281.62,2391.81,C2616884203,0.0,4889.81,0,0.0,0
691,TRANSFER,10.58,C4022360089,14.31,3.73,C9237880732,13.15,23.73,0,0.15,0
50,TRANSFER,72.4,C7266763552,89.41,17.01,M9918338001,0.0,0.0,1,0.16666666666666666,0
668,PAYMENT,416.11,C1121863227,1990.02,1573.91,M5734228580,0.0,0.0,0,0.0,0
395,TRANSFER,868.4,C1657675888,922.79,54.39,C9479654136,0.0,0.0,1,0.18,0
132,CASH_OUT,786.3,C8039917766,663.78,0.0,C2268006448,86.42,86.42,1,0.056666666666666664,0
61,PAYMENT,12.28,C7751356568,6000.47,5988.19,M1647181551,0.0,0.0,0,0.0,0
446,PAYMENT,410.54,C4647891535,14002.67,13592.13,M3536590481,0.0,0.0,0,0.0,0
362,TRANSFER,1.0,C4361393222,0.0,0.0,C8281641403,78.67,79.67,0,0.11333333333333333,0
117,TRANSFER,1.0,C8380507338,0.0,0.0,C1659663750,35.84,36.84,0,0.16666666666666666,0
309,CASH_OUT,5775.1,C2017675569,4890.35,0.0,M4456193555,0.0,0.0,1,0.10333333333333333,0
454,CASH_OUT,30780.36,C4405620755,26479.6,0.0,M5087280062,0.0,0.0,1,0.13666666666666666,0
690,CASH_OUT,140799.38,C5686850445,144676.27,3876.89,M7960713821,0.0,0.0,1,0.013333333333333334,0
699,TRANSFER,4128.0,C9337145038,4719.9,591.9,M6651020291,0.0,0.0,1,0.31,0
215,TRANSFER,153.44,C7002076563,197.24,43.8,C3910678913,0.0,153.44,0,0.05333333333333334,0
229,CASH_IN,65970.35,C9858643842,3063.57,69033.92,C9309500117,4.0,4.0,0,0.0,0
537,CASH_OUT,1516.77,C5694190173,1421.02,0.0,M6101516825,0.0,0.0,1,0.19,0
390,CASH_OUT,150.49,C6311894154,154.97,4.48,C2515672889,0.0,0.0,1,0.03666666666666667,0
133,TRANSFER,674.5,C9935429720,715.41,40.91,C6474354351,0.0,0.0,1,0.15333333333333332,0
668,PAYMENT,45.32,C8322868827,96.38,51.06,M5380159400,0.0,0.0,0,0.0,0
398,TRANSFER,1634.4,C8118065825,1919.74,285.34,C7467073633,272.7,272.7,1,0.02,0
304,CASH_OUT,1.0,C3597724331,0.0,0.0,C1818520766,0.0,0.0,0,0.03333333333333333,0
287,TRANSFER,1.0,C1515024824,0.0,0.0,C4147025728,0.0,1.0,0,0.22666666666666666,0
426,CASH_OUT,480.66,C2924568778,539.56,58.9,M8790289305,0.0,0.0,1,0.05333333333333334,0
303,TRANSFER,88.25,C3615507143,232.95,144.7,C5975196341,37.28,125.53,0,0.06666666666666667,0
27,PAYMENT,26.19,C2076151332,42.67,16.48,M9026301048,0.0,0.0,0,0.0,0
26,CASH_OUT,2739.12,C8115628227,3235.12,496.0,M3605446007,0.0,0.0,1,0.006666666666666667,0
667,CASH_OUT,52.47,C4248149900,56.81,4.34,M5449848690,0.0,0.0,1,0.04,0
618,TRANSFER,78.14,C5512036684,83.66,5.52,M4158643786,0.0,0.0,1,0.18,0
526,CASH_OUT,3828.21,C4386667704,4456.52,628.31,C8880184233,22.74,22.74,1,0.023333333333333334,0
376,PAYMENT,1.0,C8102515984,0.0,0.0,M6651020291,0.0,0.0,0,0.0,0
444,PAYMENT,5.19,C6491309593,24.46,19.27,M8144889126,0.0,0.0,0,0.0,0
679,PAYMENT,3.79,C3846570058,6.21,2.42,M2555936898,0.0,0.0,0,0.0,0
244,PAYMENT,1.0,C5694806361,0.0,0.0,M5734228580,0.0,0.0,0,0.0,0
13,PAYMENT,18.33,C5923940434,22.11,3.78,M6045729129,0.0,0.0,0,0.0,0
200,DEBIT,1.0,C1364994639,0.0,0.0,M1783432867,0.0,0.0,0,0.03,0
144,TRANSFER,403.95,C3664052763,426.15,22.2,C3710566582,20157.88,20561.83,0,0.0,0
704,PAYMENT,1.0,C9903351330,0.0,0.0,M6651754819,0.0,0.0,0,0.0,0
60,CASH_IN,118274.44,C5856127658,0.0,118274.44,C2720484983,0.0,0.0,0,0.0,0
365,TRANSFER,1.0,C9249923427,0.4,0.0,C1513003815,35.97,36.97,0,0.16,0
356,TRANSFER,3675.79,C4914929023,4529.03,853.24,C7296658772,1350.61,1350.61,1,0.0,0
394,TRANSFER,8.92,C5031086659,29.2,20.28,C6921525436,366.65,375.57,0,0.006666666666666667,0
455,PAYMENT,109.27,C7648059419,160.68,51.41,M6763471833,0.0,0.0,0,0.0,0
659,TRANSFER,91346.81,C6122110529,81022.3,0.0,M7651029165,0.0,0.0,1,0.9,1
270,TRANSFER,186.77,C1485574228,211.73,24.96,C2952996248,73.78,73.78,1,0.08666666666666667,0
534,CASH_OUT,1657.65,C3987248494,2154.2,496.55,M6651020291,0.0,0.0,1,0.02666666666666667,0
153,PAYMENT,27.32,C8235717104,220.83,193.51,M6845287382,0.0,0.0,0,0.0,0
87,PAYMENT,1442.58,C3710566582,20561.83,19119.25,M6384311581,0.0,0.0,0,0.0,0
133,TRANSFER,1155.03,C9303285822,1440.42,285.39,C2647489402,0.0,1155.03,0,0.0,0
3,CASH_OUT,1077.47,C9263135031,1029.38,0.0,C2836553621,0.0,0.0,1,0.1,0
257,TRANSFER,13.17,C1586412136,29.69,16.52,C1131671246,43.85,57.02,0,0.09333333333333334,0
464,PAYMENT,42.77,C7638836058,45.81,3.04,M7948094928,0.0,0.0,0,0.0,0
609,TRANSFER,547.82,C2173242669,720.4,172.58,C4713453204,0.0,547.82,0,0.03333333333333333,0
497,CASH_IN,2614.11,C7645527239,0.0,2614.11,C3343459102,213.95,213.95,0,0.0,0
13,TRANSFER,2117.16,C4492602049,2513.38,396.22,M3690714075,0.0,0.0,1,0.15,0
628,PAYMENT,79.79,C9911329062,152.51,72.72,M9620935604,0.0,0.0,0,0.0,0
239,CASH_OUT,368.18,C4130305126,362.42,0.0,C2390587865,5068.98,5068.98,1,0.03,0
5,TRANSFER,5144.53,C4034047118,4512.6,0.0,C9806189256,60.61,60.61,1,0.44333333333333336,0
166,PAYMENT,2037.23,C2965254350,4361.3,2324.07,M8740820392,0.0,0.0,0,0.0,0
392,PAYMENT,1.0,C7004964045,0.0,0.0,M9098037639,0.0,0.0,0,0.0,0
662,TRANSFER,3146.77,C2073108894,2837.3,0.0,M6820149016,0.0,0.0,1,0.92,1
631,CASH_OUT,4462.03,C1600566083,4514.56,52.53,C1818520766,0.0,0.0,1,0.06666666666666667,0
14,CASH_OUT,1844.48,C3051831252,2030.74,186.26,M3094407076,0.0,0.0,1,0.0,0
540,TRANSFER,427.88,C3280805846,579.03,151.15,M8030400668,0.0,0.0,1,0.12,0
364,PAYMENT,173.55,C8261111839,442.23,268.68,M4122901114,0.0,0.0,0,0.0,0
78,CASH_OUT,1.0,C1127978094,0.0,0.0,C8584566722,255.88,255.88,0,0.006666666666666667,0
184,PAYMENT,20101.69,C3107125807,21792.29,1690.6,M1732578761,0.0,0.0,0,0.0,0
394,CASH_OUT,982.62,C5364727160,1226.59,243.97,C3878201524,704.79,704.79,0,0.0,0
202,PAYMENT,319.13,C1288765093,410.61,91.48,M1676220116,0.0,0.0,0,0.0,0
345,CASH_OUT,1.0,C5433722159,1.46,0.46,C4572433066,314.04,314.04,0,0.023333333333333334,0
640,PAYMENT,1325.9,C4627032705,5420.38,4094.48,M9020002737,0.0,0.0,0,0.0,0
157,PAYMENT,1.0,C2224363672,0.0,0.0,M6045729129,0.0,0.0,0,0.0,0
40,PAYMENT,1.0,C6362597344,0.0,0.0,M8861351706,0.0,0.0,0,0.0,0
409,CASH_OUT,1.0,C1099541460,1.24,0.24,C6517150278,14.37,14.37,0,0.06,0
399,TRANSFER,1.0,C2571688961,0.0,0.0,C5141285960,26.01,27.01,0,0.16,0
253,CASH_OUT,102.27,C8417757797,134.0,31.73,C1558631501,0.0,0.0,0,0.0033333333333333335,0
298,DEBIT,20.82,C7154795660,39.86,19.04,M9918338001,0.0,0.0,0,0.02,0
349,DEBIT,1.0,C4460967357,0.0,0.0,M9916475897,0.0,0.0,0,0.04,0
393,TRANSFER,64225.85,C9858643842,69033.92,4808.07,M3156792018,0.0,0.0,1,0.24666666666666667,0
640,CASH_OUT,953.93,C3035761595,912.69,0.0,C7620473079,10959.45,10959.45,1,0.11333333333333333,0
20,TRANSFER,1.0,C7085004726,0.58,0.0,C1741134891,7.0,8.0,0,0.18,0
372,TRANSFER,13.58,C6491309593,19.27,5.69,C9553561889,308.21,321.79,0,0.01,0
666,TRANSFER,831.41,C2812140441,1010.74,179.33,M3605446007,0.0,0.0,1,0.15,0
443,CASH_OUT,13013.11,C8106906538,14503.94,1490.83,M6053489772,0.0,0.0,1,0.02,0
709,CASH_OUT,75.11,C2811967841,105.86,30.75,M3580582653,0.0,0.0,1,0.03,0
140,CASH_IN,82805.87,C7648059419,51.41,82857.28,C3207160929,0.42,0.42,0,0.0,0
713,CASH_OUT,846.63,C8760642358,917.98,71.35,C1288335378,63.77,63.77,1,0.03333333333333333,0
142,DEBIT,1.0,C5028688786,0.0,0.0,M2635881694,0.0,0.0,0,0.02666666666666667,0
244,PAYMENT,14.81,C6300607425,49.8,34.99,M5891831621,0.0,0.0,0,0.0,0
145,PAYMENT,410.59,C9943959352,640.25,229.66,M8903212516,0.0,0.0,0,0.0,0
432,CASH_IN,132189.14,C7560389844,16.74,132205.88,C6122110529,0.0,0.0,0,0.0,0
512,TRANSFER,1.0,C7174772035,0.0,0.0,C2047905204,2457.0,2458.0,0,0.06,0
482,CASH_OUT,74.41,C3362646960,82.32,7.91,C3482206102,1.02,1.02,0,0.05,0
153,PAYMENT,222.6,C8854238082,340.64,118.04,M6525576685,0.0,0.0,0,0.0,0
407,CASH_OUT,89.78,C1795212538,84.21,0.0,C5578929439,141.61,141.61,1,0.04666666666666667,0
135,TRANSFER,1.0,C8755749566,1.0,0.0,C1958682846,622.66,623.66,0,0.01,0
347,CASH_OUT,2.4,C2683446724,7.44,5.04,C2867302554,677.79,677.79,0,0.01,0
568,PAYMENT,71.22,C3958590550,166.64,95.42,M6865994703,0.0,0.0,0,0.0,0
236,CASH_OUT,110863.72,C7183058541,111523.67,659.95,C8763140509,0.0,0.0,1,0.0,0
189,PAYMENT,5985.54,C3420721027,7982.23,1996.69,M6866146362,0.0,0.0,0,0.0,0
613,PAYMENT,179.03,C9953716239,514.26,335.23,M7537130187,0.0,0.0,0,0.0,0
608,PAYMENT,1.0,C6392415228,0.0,0.0,M6199197408,0.0,0.0,0,0.0,0
29,PAYMENT,1.0,C4509456565,0.0,0.0,M8083396378,0.0,0.0,0,0.0,0
128,CASH_OUT,1.0,C9842186844,0.0,0.0,C7977267911,0.52,0.52,0,0.0033333333333333335,0
314,PAYMENT,16.12,C4631048029,28.1,11.98,M9255306810,0.0,0.0,0,0.0,0
160,PAYMENT,49.61,C1602569046,74.37,24.76,M6284297249,0.0,0.0,0,0.0,0
427,PAYMENT,27.78,C6645808194,52.46,24.68,M6053489772,0.0,0.0,0,0.0,0
39,PAYMENT,1.0,C7462972995,0.0,0.0,M6786043791,0.0,0.0,0,0.0,0
419,PAYMENT,1.0,C4656572173,0.0,0.0,M7951820749,0.0,0.0,0,0.0,0
97,TRANSFER,1.0,C4130305126,0.0,0.0,C1112794026,2.12,3.12,0,0.23,0
391,PAYMENT,36.7,C1678500147,100.87,64.17,M2695447268,0.0,0.0,0,0.0,0
125,PAYMENT,5.77,C1036351450,9.14,3.37,M4329446784,0.0,0.0,0,0.0,0
443,TRANSFER,210.74,C1722124509,509.36,298.62,C5588254555,36.85,247.59,0,0.04666666666666667,0
331,PAYMENT,1.0,C3127657643,0.0,0.0,M4306983924,0.0,0.0,0,0.0,0
602,PAYMENT,2681.8,C2549748436,133482.98,130801.18,M4588312351,0.0,0.0,0,0.0,0
279,CASH_OUT,64.82,C2780016559,161.56,96.74,C9327720702,0.0,0.0,0,0.0,0
630,TRANSFER,2.92,C7380780055,3.39,0.47,C2308638549,668.89,671.81,0,0.09,0
460,TRANSFER,1.0,C8690920484,0.0,0.0,C2789144223,436.71,437.71,0,0.09,0
77,PAYMENT,4109.02,C8833399096,5494.68,1385.66,M6282009986,0.0,0.0,0,0.0,0
398,CASH_OUT,1.0,C7059591606,0.0,0.0,C3305069227,26.16,26.16,0,0.023333333333333334,0
118,TRANSFER,253.41,C3188382776,230.07,0.0,M9620935604,0.0,0.0,1,0.23,0
372,PAYMENT,78.26,C8261111839,268.68,190.42,M7764117705,0.0,0.0,0,0.0,0
1,TRANSFER,2703.74,C6792661894,6208.25,3504.51,C6272000062,886.79,3590.53,0,0.01,0
164,DEBIT,24.39,C3363629219,31.65,7.26,M9921025990,0.0,0.0,0,0.02,0
190,CASH_OUT,123.72,C3250402001,135.77,12.05,M6932365592,0.0,0.0,1,0.006666666666666667,0
569,TRANSFER,1371.12,C9860949331,1951.84,580.72,M5449848690,0.0,0.0,1,0.25333333333333335,0
414,CASH_OUT,242.79,C3019214800,697.82,455.03,C3206955437,43.89,43.89,0,0.03666666666666667,0
479,PAYMENT,37.74,C9462806178,56.28,18.54,M9065458220,0.0,0.0,0,0.0,0
382,CASH_OUT,2440.99,C6704841644,2815.1,374.11,M2635881694,0.0,0.0,1,0.01,0
151,CASH_IN,20813.6,C5292015249,0.67,20814.27,C8666074487,0.0,0.0,0,0.0,0
301,TRANSFER,399.56,C5182110973,542.33,142.77,C2683446724,5.04,5.04,1,0.11666666666666667,0
253,TRANSFER,1.0,C2041349374,0.0,0.0,C1242425303,187.14,188.14,0,0.05,0
690,TRANSFER,4198.93,C3923823693,15704.92,11505.99,C9381721143,0.0,4198.93,0,0.013333333333333334,0
507,TRANSFER,2299.39,C2745958114,2833.89,534.5,M5734228580,0.0,0.0,1,0.29333333333333333,0
357,CASH_OUT,79.21,C5364727160,243.97,164.76,C9255898264,0.0,0.0,0,0.006666666666666667,0
466,CASH_OUT,138.72,C8879525611,271.14,132.42,C7625464411,0.0,0.0,0,0.04,0
228,CASH_OUT,4654.32,C8375996697,4228.77,0.0,M8869140487,0.0,0.0,1,0.06,0
225,CASH_OUT,4634.19,C5268845844,4016.84,0.0,C3108307952,0.0,0.0,1,0.056666666666666664,0
604,CASH_OUT,6.08,C6542943838,8.45,2.37,C1847275937,0.0,0.0,0,0.04666666666666667,0
131,TRANSFER,1096.68,C5125568431,1525.08,428.4,M9916475897,0.0,0.0,1,0.08666666666666667,0
390,TRANSFER,316.58,C4914929023,853.24,536.66,C2510308881,0.0,316.58,0,0.02,0
187,CASH_OUT,3852.05,C7608153267,4296.25,444.2,C4594787485,1.0,1.0,1,0.0,0
604,PAYMENT,5.21,C2079501936,11.84,6.63,M7351460539,0.0,0.0,0,0.0,0
158,CASH_OUT,961.3,C7759781156,832.23,0.0,C9911329062,72.72,72.72,1,0.06,0
456,PAYMENT,4.69,C8309221034,10.98,6.29,M3322580659,0.0,0.0,0,0.0,0
537,CASH_OUT,1498.98,C7369118672,1447.04,0.0,M6763471833,0.0,0.0,1,0.19,0
177,PAYMENT,31.09,C3693916084,52.1,21.01,M3595066420,0.0,0.0,0,0.0,0
649,CASH_OUT,2371.83,C5492496998,3316.14,944.31,M9896529524,0.0,0.0,1,0.02666666666666667,0
579,PAYMENT,385.49,C6204041308,7962.42,7576.93,M3019265031,0.0,0.0,0,0.0,0
576,TRANSFER,246.43,C3293560436,436.05,189.62,C7699500243,43.69,290.12,0,0.056666666666666664,0
715,TRANSFER,24.26,C6554972315,51.95,27.69,C5306459450,106.22,130.48,0,0.08,0
356,TRANSFER,1.0,C1116402431,0.0,0.0,C8468071953,0.0,1.0,0,0.22,0
622,TRANSFER,91.7,C3367665472,116.13,24.43,M2635881694,0.0,0.0,1,0.18,0
333,PAYMENT,1.0,C4745927824,0.9,0.0,M8874242713,0.0,0.0,0,0.0,0
639,CASH_OUT,2448.63,C7872090713,3307.82,859.19,M2773408660,0.0,0.0,1,0.02666666666666667,0
193,CASH_IN,1459.39,C3188382776,0.0,1459.39,C7805745017,21.29,21.29,0,0.0,0
606,CASH_OUT,4236.82,C4526242854,3624.53,0.0,M6999146585,0.0,0.0,1,0.22333333333333333,0
415,TRANSFER,356.73,C5870891270,882.13,525.4,C1050899550,6.48,363.21,0,0.04666666666666667,0
353,PAYMENT,258.1,C1160913827,440.97,182.87,M1368287033,0.0,0.0,0,0.0,0
308,CASH_OUT,605.75,C6868336102,628.41,22.66,C2789144223,437.71,437.71,1,0.02,0
365,DEBIT,1.0,C1446457642,0.0,0.0,M3297681898,0.0,0.0,0,0.04,0
333,TRANSFER,427.69,C8293928340,570.01,142.32,M6786043791,0.0,0.0,1,0.14,0
456,CASH_OUT,3121.75,C6797436140,3072.09,0.0,M9441870024,0.0,0.0,1,0.39666666666666667,0
69,PAYMENT,1.0,C3653594796,0.0,0.0,M3438830691,0.0,0.0,0,0.0,0
110,CASH_OUT,59.12,C6952554500,61.9,2.78,M6763471833,0.0,0.0,1,0.006666666666666667,0
698,CASH_OUT,3955.34,C1696846464,4098.56,143.22,M6651020291,0.0,0.0,1,0.03,0
288,PAYMENT,1.0,C4506639908,0.0,0.0,M9916475897,0.0,0.0,0,0.0,0
549,TRANSFER,3542.45,C3035761595,3557.45,15.0,M6525576685,0.0,0.0,1,0.5366666666666666,1
275,CASH_OUT,23.1,C6554972315,27.69,4.59,C3532855799,0.83,0.83,0,0.02,0
230,DEBIT,27.16,C4577406847,36.59,9.43,M8790289305,0.0,0.0,0,0.02,0
31,CASH_OUT,1706.83,C7937993287,1812.19,105.36,M5087280062,0.0,0.0,1,0.0,0
624,TRANSFER,3625.78,C4026379752,4505.36,879.58,C8160279830,0.0,3625.78,1,0.05333333333333334,0
130,TRANSFER,1328.92,C7894019119,1220.53,0.0,M8102481401,0.0,0.0,1,0.31,0
514,TRANSFER,85.09,C3429019820,104.22,19.13,M4460319291,0.0,0.0,1,0.17666666666666667,0
416,CASH_OUT,578.91,C8833399096,1385.66,806.75,C9526836552,63.77,63.77,0,0.05,0
463,CASH_OUT,5.01,C2513206988,12.0,6.99,C8598503901,48.49,48.49,0,0.04666666666666667,0
232,CASH_OUT,38.12,C7508522951,50.53,12.41,C6218484323,304.55,304.55,0,0.0,0
275,CASH_OUT,101.7,C9547119184,93.51,0.0,M8218146534,0.0,0.0,1,0.03666666666666667,0
177,CASH_OUT,8.98,C7271954644,39.15,30.17,C2458198451,0.0,0.0,0,0.0,0
691,PAYMENT,1.9,C2283298067,2.39,0.49,M3566125120,0.0,0.0,0,0.0,0
52,TRANSFER,124.87,C8638763775,150.97,26.1,C2075321966,59595.51,59595.51,1,0.0,0
81,CASH_IN,8071.93,C9248046539,345.39,8417.32,C5220094152,43048.88,43048.88,0,0.0,0
119,PAYMENT,322.5,C3260842187,1514.04,1191.54,M2916502228,0.0,0.0,0,0.0,0
659,CASH_OUT,70260.92,C6317152031,92488.37,22227.45,M1732578761,0.0,0.0,1,0.016666666666666666,0
30,TRANSFER,6187.18,C8478529823,7185.25,998.07,C1431494396,48.22,48.22,1,0.12,0
618,DEBIT,209.91,C2962750929,601.58,391.67,M3145756342,0.0,0.0,0,0.023333333333333334,0
42,PAYMENT,1.92,C1594312071,8.36,6.44,M8058679999,0.0,0.0,0,0.0,0
207,TRANSFER,239.59,C9919491730,340.57,100.98,M6866146362,0.0,0.0,1,0.15666666666666668,0
366,CASH_OUT,704.34,C3424843951,622.4,0.0,C9381721143,4198.93,4198.93,1,0.07333333333333333,0
581,DEBIT,1.06,C1965067727,5.02,3.96,M5585110649,0.0,0.0,0,0.04,0
219,PAYMENT,2.61,C5512036684,5.52,2.91,M8740820392,0.0,0.0,0,0.0,0
608,CASH_OUT,687.14,C5492496998,944.31,257.17,M5570190774,0.0,0.0,1,0.03666666666666667,0
609,TRANSFER,2250.53,C6515369278,2046.03,0.0,M3094407076,0.0,0.0,1,0.7933333333333333,1
234,TRANSFER,86.85,C8366884200,106.44,19.59,C3088517710,0.0,86.85,0,0.16,0
601,CASH_OUT,1211.34,C9312085761,1452.61,241.27,M4306983924,0.0,0.0,1,0.02666666666666667,0
598,PAYMENT,4802.04,C8487449580,6458.16,1656.12,M5959736235,0.0,0.0,0,0.0,0
86,PAYMENT,1061.3,C8709361138,1298.26,236.96,M2249831874,0.0,0.0,0,0.0,0
300,CASH_OUT,1.0,C7038841740,0.0,0.0,C8953726023,0.57,0.57,0,0.03333333333333333,0
126,CASH_OUT,1.0,C3738900744,0.0,0.0,C5367513465,5456.57,5456.57,0,0.0,0
53,CASH_OUT,1.0,C8229344434,0.0,0.0,C8055556030,0.0,0.0,0,0.0033333333333333335,0
608,PAYMENT,15.55,C9806189256,60.61,45.06,M9098037639,0.0,0.0,0,0.0,0
325,PAYMENT,3.44,C3791027186,2624.22,2620.78,M4306983924,0.0,0.0,0,0.0,0
381,PAYMENT,334.21,C7499349987,970.63,636.42,M8740820392,0.0,0.0,0,0.0,0
526,CASH_OUT,68.9,C5278201677,79.07,10.17,M7351460539,0.0,0.0,1,0.03666666666666667,0
234,TRANSFER,225.89,C5785481124,258.59,32.7,M1857561275,0.0,0.0,1,0.16,0
661,CASH_OUT,134.41,C8293928340,142.32,7.91,M4125758723,0.0,0.0,1,0.03666666666666667,0
438,TRANSFER,450.14,C7668801906,460.5,10.36,C8375996697,0.0,0.0,1,0.16666666666666666,0
124,TRANSFER,1.0,C6306523372,0.0,0.0,C1667483244,0.0,1.0,0,0.20333333333333334,0
190,PAYMENT,17.54,C8624454880,19.4,1.86,M7750131975,0.0,0.0,0,0.0,0
378,TRANSFER,37.4,C4073772623,50.99,13.59,C4287687478,38.16,75.56,1,0.10333333333333333,0
682,PAYMENT,7.79,C3035761595,15.0,7.21,M6732306182,0.0,0.0,0,0.0,0
41,CASH_OUT,5615.83,C2756070122,4824.47,0.0,M3313346852,0.0,0.0,1,0.03333333333333333,0
60,PAYMENT,1.46,C7829772942,2.79,1.33,M9065458220,0.0,0.0,0,0.0,0
610,TRANSFER,33304.25,C5759761714,35076.61,1772.36,M2228388623,0.0,0.0,1,0.34,0
69,PAYMENT,8.28,C1446362270,11.24,2.96,M8548290298,0.0,0.0,0,0.0,0
35,TRANSFER,327.14,C2311597141,617.88,290.74,C3639796200,0.0,327.14,0,0.013333333333333334,0
440,CASH_OUT,10.5,C6069848439,39.78,29.28,C5161807235,384.8,384.8,0,0.04,0
712,TRANSFER,160.64,C4538382315,165.29,4.65,M1676220116,0.0,0.0,1,0.18,0
652,CASH_OUT,4775.64,C9508499533,5694.75,919.11,C1261903104,38.42,38.42,0,0.023333333333333334,0
96,PAYMENT,1.0,C4012917912,0.0,0.0,M8821456242,0.0,0.0,0,0.0,0
78,CASH_OUT,7.15,C5748253283,11.72,4.57,C7602474923,10.24,10.24,0,0.0033333333333333335,0
58,CASH_IN,138057.28,C4308701294,4883.19,142940.47,C4482238042,5.15,5.15,0,0.0,0
591,TRANSFER,1848.89,C9703905715,2125.88,276.99,M8667946580,0.0,0.0,1,0.29333333333333333,0
139,PAYMENT,22133.81,C6789448659,38267.46,16133.65,M9773795424,0.0,0.0,0,0.0,0
289,TRANSFER,29.12,C2579206999,39.09,9.97,C3196545325,963.33,992.45,0,0.006666666666666667,0
357,CASH_OUT,18.01,C3365835550,19.43,1.42,C7710396573,0.0,0.0,0,0.02666666666666667,0
596,TRANSFER,166.84,C5492496998,257.17,90.33,C5952894290,1.28,168.12,0,0.09666666666666666,0
466,DEBIT,1152.09,C4277581356,2360.67,1208.58,M2885370603,0.0,0.0,0,0.02666666666666667,0
527,TRANSFER,98198.42,C4419410162,123016.58,24818.16,M2839566253,0.0,0.0,1,0.30666666666666664,0
568,TRANSFER,1883.2,C6463640105,2659.72,776.52,C4921003983,261.16,261.16,1,0.11666666666666667,0
375,DEBIT,6.43,C2537965898,7.71,1.28,M5891831621,0.0,0.0,0,0.03666666666666667,0
452,PAYMENT,1.0,C6715705115,0.0,0.0,M8869140487,0.0,0.0,0,0.0,0
17,CASH_OUT,49088.59,C6341783555,70953.7,21865.11,C3910678913,153.44,153.44,0,0.0,0
560,PAYMENT,1.42,C9098129449,1880.37,1878.95,M7960713821,0.0,0.0,0,0.0,0
447,CASH_OUT,37.87,C5336127859,42.67,4.8,C3651552513,322.68,322.68,0,0.056666666666666664,0
77,PAYMENT,1.0,C7590302909,0.0,0.0,M3192202822,0.0,0.0,0,0.0,0
310,TRANSFER,4082.71,C1471997674,4368.58,285.87,C3962452613,461.67,461.67,1,0.0033333333333333335,0
492,PAYMENT,1.0,C3707166618,0.0,0.0,M6041646576,0.0,0.0,0,0.0,0
468,CASH_IN,69653.05,C6628158856,0.0,69653.05,C8674224347,11931.82,11931.82,0,0.0,0
125,CASH_OUT,2235.46,C5673482258,1866.97,0.0,M7270955446,0.0,0.0,1,0.05,0
452,CASH_OUT,2233.01,C7154795660,1940.08,0.0,M2555936898,0.0,0.0,1,0.38,0
30,CASH_OUT,164.94,C1160913827,182.87,17.93,C7529817193,4262.42,4262.42,1,0.013333333333333334,0
637,PAYMENT,128.3,C9376277483,148.75,20.45,M6845287382,0.0,0.0,0,0.0,0
604,TRANSFER,15895.39,C1233079614,35582.31,19686.92,C5724657556,2719.21,18614.6,0,0.0,0
570,CASH_OUT,3897.96,C1952396600,4271.74,373.78,M7969674420,0.0,0.0,1,0.02666666666666667,0
413,TRANSFER,296.99,C2962750929,391.67,94.68,C8755749566,0.0,0.0,1,0.15,0
372,PAYMENT,1.49,C4500557310,527.85,526.36,M4952177946,0.0,0.0,0,0.0,0
638,PAYMENT,1.0,C1487258103,0.0,0.0,M8058679999,0.0,0.0,0,0.0,0
383,PAYMENT,6645.68,C6698759353,8474.23,1828.55,M5794335854,0.0,0.0,0,0.0,0
85,TRANSFER,1847.64,C1600337712,1815.14,0.0,M9020002737,0.0,0.0,1,0.47,0
145,TRANSFER,222.44,C7473868020,197.26,0.0,C2962750929,94.68,94.68,1,0.06333333333333334,0
47,TRANSFER,1.0,C7092693247,0.0,0.0,C3707166618,0.0,1.0,0,0.22333333333333333,0
272,CASH_IN,16702.07,C5975196341,125.53,16827.6,C6761084958,122.22,122.22,0,0.0,0
706,CASH_IN,108126.44,C3589530484,378.87,108505.31,C7467073633,272.7,272.7,0,0.0,0
250,CASH_OUT,27217.99,C2965164102,80691.28,53473.29,C6562144159,0.0,0.0,0,0.0,0
580,PAYMENT,2.66,C1809283659,6.87,4.21,M4896576569,0.0,0.0,0,0.0,0
215,TRANSFER,3703.95,C7527316141,5024.49,1320.54,M5449848690,0.0,0.0,1,0.21333333333333335,0
461,CASH_OUT,837.62,C8084809436,730.12,0.0,C1141312095,3936.54,3936.54,1,0.13,0
40,PAYMENT,1.0,C4509456565,0.0,0.0,M8389750357,0.0,0.0,0,0.0,0
600,PAYMENT,1.0,C6186758088,0.0,0.0,M2518433834,0.0,0.0,0,0.0,0
521,DEBIT,27.18,C3744446292,36.77,9.59,M9444143872,0.0,0.0,0,0.03,0
54,TRANSFER,20.43,C7635473142,67.2,46.77,C6640801643,721.41,741.84,0,0.01,0
515,CASH_OUT,238.34,C6923893872,256.45,18.11,C8995970241,697.2,697.2,0,0.043333333333333335,0
221,PAYMENT,1.0,C7154795660,0.0,0.0,M3476758136,0.0,0.0,0,0.0,0
240,PAYMENT,40.53,C2111272861,141.44,100.91,M4158643786,0.0,0.0,0,0.0,0
566,TRANSFER,2316.4,C6469318275,2097.6,0.0,C8086527181,0.0,0.0,1,0.8,1
81,CASH_IN,138317.99,C2140169349,8.27,138326.26,C2602884797,8391.19,8391.19,0,0.0,0
523,PAYMENT,6.43,C7633342225,6.89,0.46,M7948094928,0.0,0.0,0,0.0,0
229,PAYMENT,1.0,C9995834531,0.0,0.0,M6101516825,0.0,0.0,0,0.0,0
668,CASH_OUT,20218.7,C8942167666,109105.02,88886.32,C1251837136,6.0,6.0,0,0.013333333333333334,0
308,PAYMENT,23154.57,C8137972345,105119.72,81965.15,M3831598303,0.0,0.0,0,0.0,0
384,TRANSFER,478.25,C8995970241,697.2,218.95,C8093179263,7.04,485.29,0,0.016666666666666666,0
624,TRANSFER,1.0,C4310415016,0.0,0.0,C4895020135,0.0,1.0,0,0.23333333333333334,0
427,TRANSFER,1312.46,C6618926823,1487.13,174.67,M1666898313,0.0,0.0,1,0.15333333333333332,0
285,CASH_OUT,3352.56,C6115750294,3577.7,225.14,C3698305085,1223.85,1223.85,1,0.0,0
7,PAYMENT,1.0,C5033992825,0.0,0.0,M5985331805,0.0,0.0,0,0.0,0
308,CASH_OUT,54.75,C2973888646,54.9,0.15,C8369792370,0.0,0.0,1,0.03333333333333333,0
282,TRANSFER,1.0,C1194576436,0.0,0.0,C8229344434,0.0,1.0,0,0.23333333333333334,0
21,PAYMENT,2.69,C7451071432,3.13,0.44,M4896576569,0.0,0.0,0,0.0,0
619,TRANSFER,3479.53,C1099541460,3320.62,0.0,M6313472215,0.0,0.0,1,0.9433333333333334,1
337,PAYMENT,12.98,C5774080233,48.22,35.24,M6583604299,0.0,0.0,0,0.0,0
470,CASH_OUT,2422.08,C9115282784,3132.24,710.16,M3508990774,0.0,0.0,1,0.043333333333333335,0
329,TRANSFER,510.29,C4713453204,547.82,37.53,C3880327491,111.82,622.11,0,0.0033333333333333335,0
231,PAYMENT,205.1,C9503597301,237.44,32.34,M8626371177,0.0,0.0,0,0.0,0
295,CASH_OUT,1.0,C7895255573,0.0,0.0,C8531118333,160.88,160.88,0,0.013333333333333334,0
70,PAYMENT,1.46,C1084790270,160.42,158.96,M4211837506,0.0,0.0,0,0.0,0
241,CASH_OUT,2317.15,C2178884276,2418.76,101.61,M9444143872,0.0,0.0,1,0.0033333333333333335,0
422,TRANSFER,862.62,C1590985753,1099.53,236.91,C7852415525,4.1,4.1,1,0.13,0
30,TRANSFER,2955.53,C7666129822,3079.86,124.33,M9043367776,0.0,0.0,1,0.36666666666666664,0
301,TRANSFER,3689.86,C3115806625,3172.5,0.0,M1185303518,0.0,0.0,1,0.8,1
138,PAYMENT,20.19,C3259520140,30.97,10.78,M3438830691,0.0,0.0,0,0.0,0
181,PAYMENT,980.6,C7872873371,1827.92,847.32,M7960713821,0.0,0.0,0,0.0,0
223,CASH_OUT,1180.85,C5077921573,3103.44,1922.59,C5515628633,0.0,0.0,0,0.0,0
206,CASH_OUT,337.84,C3815235019,288.14,0.0,C4714465905,275.23,275.23,1,0.013333333333333334,0
573,DEBIT,1.0,C6548442140,0.0,0.0,M8667946580,0.0,0.0,0,0.04666666666666667,0
284,TRANSFER,1138.42,C6089026099,2996.8,1858.38,C4972536230,238.22,1376.64,0,0.0,0
706,TRANSFER,1743.98,C1529290976,1573.27,0.0,M1122712790,0.0,0.0,1,0.5066666666666667,1
317,TRANSFER,699.51,C7517938612,685.99,0.0,M6384311581,0.0,0.0,1,0.2966666666666667,0
551,PAYMENT,1.0,C8761956684,0.0,0.0,M7861571879,0.0,0.0,0,0.0,0
495,CASH_OUT,107.89,C2850820685,92.37,0.0,M6313472215,0.0,0.0,1,0.07,0
603,CASH_OUT,3785.25,C4786674545,3348.77,0.0,M2711123163,0.0,0.0,1,0.19666666666666666,0
568,PAYMENT,1.0,C8236980551,0.0,0.0,M9631695368,0.0,0.0,0,0.0,0
358,TRANSFER,1.0,C4696689457,0.0,0.0,C3694860228,0.0,1.0,0,0.22,0
241,TRANSFER,125.04,C1281199333,157.55,32.51,C7648059419,82857.28,82857.28,1,0.0,0
426,CASH_OUT,321.47,C9553561889,321.79,0.32,C2802141793,0.0,0.0,1,0.10333333333333333,0
259,TRANSFER,5629.38,C5923940434,4830.92,0.0,C3319936135,40.24,40.24,1,0.6266666666666667,1
1,CASH_IN,21954.44,C3400244542,0.0,21954.44,C9457665185,126.85,126.85,0,0.0033333333333333335,0
323,PAYMENT,1.0,C8809871735,0.0,0.0,M9444143872,0.0,0.0,0,0.0,0
584,TRANSFER,3521.91,C7627266377,9948.25,6426.34,C3436297208,77.83,3599.74,0,0.02666666666666667,0
502,TRANSFER,1.0,C6882074066,0.0,0.0,C5033992825,0.0,1.0,0,0.22333333333333333,0
40,PAYMENT,7.52,C7508522951,12.41,4.89,M9900829971,0.0,0.0,0,0.0,0
289,PAYMENT,1.0,C8236361108,0.0,0.0,M9640701016,0.0,0.0,0,0.0,0
635,CASH_IN,31553.8,C9462806178,18.54,31572.34,C6157617867,0.0,0.0,0,0.0,0
232,CASH_OUT,105.68,C3421719519,109.19,3.51,M4390543744,0.0,0.0,1,0.013333333333333334,0
164,TRANSFER,181.36,C5952894290,168.12,0.0,C5125568431,428.4,428.4,1,0.01,0
398,DEBIT,1059.28,C9544423456,3026.78,1967.5,M6692705133,0.0,0.0,0,0.013333333333333334,0
267,DEBIT,607.13,C8719734235,856.77,249.64,M6659847491,0.0,0.0,0,0.01,0
170,TRANSFER,1132.63,C3147818256,1018.73,0.0,C4873807154,0.0,1132.63,1,0.08666666666666667,0
382,CASH_OUT,23131.39,C4419410162,24818.16,1686.77,M6866146362,0.0,0.0,1,0.0,0
94,TRANSFER,103.4,C2181241943,122.24,18.84,C6306523372,0.0,0.0,1,0.16666666666666666,0
477,PAYMENT,12.54,C1657675888,54.39,41.85,M8058679999,0.0,0.0,0,0.0,0
538,DEBIT,1.0,C5778781449,0.0,0.0,M7514017540,0.0,0.0,0,0.043333333333333335,0
314,PAYMENT,20.62,C5578056564,87.4,66.78,M5449848690,0.0,0.0,0,0.0,0
515,CASH_OUT,943.85,C4928783441,944.06,0.21,M2187592160,0.0,0.0,1,0.23333333333333334,0
527,PAYMENT,89.47,C5696548897,1225.43,1135.96,M7366396017,0.0,0.0,0,0.0,0
236,CASH_OUT,1488.2,C6168291913,1553.94,65.74,M2773408660,0.0,0.0,1,0.0033333333333333335,0
668,CASH_OUT,1929.8,C3693985578,1722.48,0.0,M7270955446,0.0,0.0,1,0.16333333333333333,0
660,TRANSFER,8505.43,C3923823693,11505.99,3000.56,C9844874547,0.0,0.0,1,0.32666666666666666,0
170,CASH_OUT,60.42,C1614685938,87.67,27.25,C5578056564,66.78,66.78,0,0.0033333333333333335,0
132,TRANSFER,6.34,C5666504394,8.12,1.78,C8826851692,64689.22,64695.56,0,0.0,0
659,CASH_OUT,1.0,C6777263354,0.0,0.0,C7074050517,26.91,26.91,0,0.04666666666666667,0
523,PAYMENT,1.0,C6576395496,0.0,0.0,M6692705133,0.0,0.0,0,0.0,0
358,TRANSFER,1002.91,C8015124886,1303.03,300.12,M8643636805,0.0,0.0,1,0.10666666666666667,0
433,PAYMENT,1.37,C7664258343,1.54,0.17,M1357561213,0.0,0.0,0,0.0,0
709,PAYMENT,99.95,C8584566722,255.88,155.93,M1504729135,0.0,0.0,0,0.0,0
380,TRANSFER,61.64,C5976777081,64.07,2.43,C3313993297,35.98,35.98,1,0.11666666666666667,0
443,PAYMENT,10094.52,C6037168610,15878.08,5783.56,M9640701016,0.0,0.0,0,0.0,0
671,DEBIT,1.88,C7638836058,3.04,1.16,M9773795424,0.0,0.0,0,0.043333333333333335,0
278,PAYMENT,11.41,C1596471620,5432.06,5420.65,M3145756342,0.0,0.0,0,0.0,0
395,CASH_OUT,49.95,C6065662867,63.39,13.44,M9410569618,0.0,0.0,1,0.016666666666666666,0
424,CASH_OUT,2711.24,C3693985578,2370.49,0.0,M9776500600,0.0,0.0,1,0.36333333333333334,0
557,CASH_IN,4809.42,C2924568778,58.9,4868.32,C6554972315,4.59,4.59,0,0.0,0
12,TRANSFER,1487.22,C9842186844,1737.89,250.67,M2910594463,0.0,0.0,1,0.10333333333333333,0
272,PAYMENT,359.1,C1981049082,4110.97,3751.87,M9288057824,0.0,0.0,0,0.0,0
106,CASH_OUT,1344.94,C5693307665,1300.07,0.0,M1857561275,0.0,0.0,1,0.05,0
240,PAYMENT,2039.87,C3589530484,108505.31,106465.44,M1413599241,0.0,0.0,0,0.0,0
522,TRANSFER,3.82,C9771848610,4.16,0.34,C3201397080,26.3,30.12,0,0.18333333333333332,0
410,CASH_OUT,2.18,C6241752544,6.5,4.32,C6496596008,0.0,0.0,0,0.056666666666666664,0
340,PAYMENT,1.0,C7337225482,0.0,0.0,M1442421654,0.0,0.0,0,0.0,0
286,TRANSFER,2.2,C6038780151,3.8,1.6,C8901585274,173.29,175.49,0,0.02666666666666667,0
263,CASH_OUT,198.22,C9703905715,276.99,78.77,M2518433834,0.0,0.0,1,0.0033333333333333335,0
59,TRANSFER,1705.73,C3815235019,1585.78,0.0,M9752092528,0.0,0.0,1,0.4166666666666667,0
584,CASH_OUT,943.43,C5328166990,1275.98,332.55,M3145756342,0.0,0.0,1,0.03,0
105,CASH_OUT,1.0,C8763140509,0.0,0.0,C8906163641,162.92,162.92,0,0.0,0
439,CASH_OUT,105388.67,C4308701294,142940.47,37551.8,C1004665657,0.0,0.0,1,0.013333333333333334,0
610,DEBIT,55.92,C3958590550,95.42,39.5,M8044997538,0.0,0.0,0,0.03,0
504,PAYMENT,1.0,C3738900744,0.0,0.0,M3107992942,0.0,0.0,0,0.0,0
557,PAYMENT,1.0,C6306523372,0.0,0.0,M8727805468,0.0,0.0,0,0.0,0
25,PAYMENT,4.03,C2149938334,6.02,1.99,M3705237613,0.0,0.0,0,0.0,0
183,TRANSFER,2865.73,C2870403050,4053.08,1187.35,M3660800029,0.0,0.0,1,0.17666666666666667,0
365,TRANSFER,5103.21,C9677466102,4764.08,0.0,M2773408660,0.0,0.0,1,0.74,1
92,CASH_OUT,1.0,C3774110439,0.0,0.0,C3707166618,1.0,1.0,0,0.006666666666666667,0
561,PAYMENT,1.0,C6638034087,0.0,0.0,M8458323087,0.0,0.0,0,0.0,0
156,PAYMENT,10.71,C8543865915,13.26,2.55,M7351460539,0.0,0.0,0,0.0,0
50,TRANSFER,400.3,C9953716239,335.23,0.0,C8293928340,7.91,7.91,1,0.19333333333333333,0
293,TRANSFER,16.89,C5419627962,35.88,18.99,C6982610835,0.0,16.89,0,0.15333333333333332,0
312,PAYMENT,40.07,C3910678913,153.44,113.37,M4460319291,0.0,0.0,0,0.0,0
330,CASH_OUT,64.54,C8178927766,61.29,0.0,C6795522649,0.0,0.0,1,0.043333333333333335,0
430,PAYMENT,3747.48,C3334938378,181707.6,177960.12,M3595066420,0.0,0.0,0,0.0,0
446,PAYMENT,512.23,C7872873371,847.32,335.09,M1413599241,0.0,0.0,0,0.0,0
559,CASH_OUT,1.0,C3207160929,0.42,0.0,C6204041308,7576.93,7576.93,0,0.023333333333333334,0
591,CASH_OUT,3549.16,C7154795660,4554.52,1005.36,C8281641403,79.67,79.67,1,0.023333333333333334,0
218,TRANSFER,102.49,C8001729836,176.74,74.25,C7803990970,91.32,193.81,0,0.02,0
713,DEBIT,4602.26,C4574027737,6426.45,1824.19,M3536590481,0.0,0.0,0,0.03666666666666667,0
71,CASH_OUT,705.93,C1602569046,832.46,126.53,M3846182436,0.0,0.0,1,0.0033333333333333335,0
480,TRANSFER,441.56,C5694848867,464.14,22.58,C1387652480,0.0,441.56,1,0.07666666666666666,0
142,PAYMENT,2.5,C3978287288,7.41,4.91,M3156792018,0.0,0.0,0,0.0,0
631,TRANSFER,180.52,C6134840512,461.19,280.67,C7759781156,0.0,180.52,0,0.07,0
706,PAYMENT,1.0,C7824150224,0.0,0.0,M4588312351,0.0,0.0,0,0.0,0
656,TRANSFER,1.0,C1364994639,0.0,0.0,C7665963761,15.96,16.96,0,0.2,0
117,CASH_OUT,404.13,C5162260671,867.55,463.42,C7481631841,1224.3,1224.3,0,0.013333333333333334,0
403,PAYMENT,11.0,C6618965944,16.2,5.2,M5000316394,0.0,0.0,0,0.0,0
222,CASH_OUT,1.0,C6142469284,0.0,0.0,C7608153267,444.2,444.2,0,0.0033333333333333335,0
698,DEBIT,1.0,C5489485517,0.0,0.0,M7341757401,0.0,0.0,0,0.05,0
381,CASH_OUT,33.86,C5418232833,105.56,71.7,C6710338189,0.0,0.0,0,0.013333333333333334,0
568,PAYMENT,6857.76,C3465740756,11773.09,4915.33,M6651754819,0.0,0.0,0,0.0,0
131,PAYMENT,316.57,C3776011793,337.96,21.39,M6845287382,0.0,0.0,0,0.0,0
553,CASH_OUT,1.0,C1795212538,0.0,0.0,C1084790270,158.96,158.96,0,0.05,0
429,CASH_OUT,1.0,C5433722159,0.46,0.0,C8203447752,4926.38,4926.38,0,0.04,0
356,TRANSFER,4629.73,C2382129132,4380.54,0.0,C5515628633,0.0,4629.73,1,0.03666666666666667,0
79,PAYMENT,293.38,C3746317213,367.13,73.75,M7960713821,0.0,0.0,0,0.0,0
571,TRANSFER,436.51,C4914929023,536.66,100.15,C6955593943,0.0,0.0,1,0.18,0
229,PAYMENT,69.92,C2524751277,137.09,67.17,M1442421654,0.0,0.0,0,0.0,0
519,TRANSFER,356.2,C8690920484,317.25,0.0,M8102481401,0.0,0.0,1,0.23,0
459,PAYMENT,1.0,C3532855799,0.83,0.0,M4588312351,0.0,0.0,0,0.0,0
508,TRANSFER,467.89,C5861829469,408.46,0.0,C5567816720,0.0,0.0,1,0.23333333333333334,0
239,TRANSFER,444.82,C9981691030,1020.86,576.04,C8833889083,11.75,456.57,0,0.006666666666666667,0
671,DEBIT,33.39,C1678500147,64.17,30.78,M7343954769,0.0,0.0,0,0.03333333333333333,0
472,PAYMENT,1.0,C1364994639,0.0,0.0,M5919148165,0.0,0.0,0,0.0,0
49,CASH_OUT,1.0,C8184602688,0.0,0.0,C2818381356,37.29,37.29,0,0.0,0
327,TRANSFER,3249.81,C3978287288,3706.19,456.38,M4892544235,0.0,0.0,1,0.21666666666666667,0
242,PAYMENT,130.44,C6458544482,176.45,46.01,M7713758036,0.0,0.0,0,0.0,0
247,PAYMENT,1.0,C1004665657,0.0,0.0,M4306983924,0.0,0.0,0,0.0,0
88,PAYMENT,140.25,C7533932947,258.91,118.66,M8740820392,0.0,0.0,0,0.0,0
570,PAYMENT,16.8,C4046558332,40.13,23.33,M3660800029,0.0,0.0,0,0.0,0
544,PAYMENT,588.97,C3878201524,704.79,115.82,M4460319291,0.0,0.0,0,0.0,0
656,CASH_OUT,4161.14,C7858937483,4488.29,327.15,C6299224734,16285.0,16285.0,1,0.013333333333333334,0
658,PAYMENT,32.28,C1513003815,36.97,4.69,M6361225622,0.0,0.0,0,0.0,0
598,CASH_OUT,2.63,C7287517250,5.94,3.31,C9484167278,27.08,27.08,0,0.03666666666666667,0
250,PAYMENT,1.0,C5150090143,1.0,0.0,M2303835765,0.0,0.0,0,0.0,0
457,TRANSFER,22.33,C8318855178,94.31,71.98,C5461537013,44.35,66.68,0,0.12,0
689,CASH_IN,112456.69,C2812140441,179.33,112636.02,C1036351450,3.37,3.37,0,0.0,0
537,CASH_OUT,3759.31,C8189916797,8871.51,5112.2,C6201313620,0.0,0.0,0,0.023333333333333334,0
617,CASH_OUT,1.0,C3464975279,0.0,0.0,C6986770879,0.0,0.0,0,0.06333333333333334,0
344,CASH_OUT,73.08,C2445662585,115.19,42.11,C5686850445,3876.89,3876.89,0,0.006666666666666667,0
600,CASH_OUT,2450.37,C5625980561,2510.66,60.29,C1939042955,54703.68,54703.68,1,0.04666666666666667,0
668,TRANSFER,7.59,C5689870435,35.33,27.74,C5416031878,189.81,197.4,0,0.07333333333333333,0
285,CASH_IN,20913.66,C1624173500,293.99,21207.65,C4274374218,0.0,0.0,0,0.0,0
581,CASH_OUT,4431.73,C5431267548,4539.42,107.69,C4039019230,1459.71,1459.71,1,0.05333333333333334,0
77,PAYMENT,1.0,C1361845490,1.0,0.0,M1647181551,0.0,0.0,0,0.0,0
684,PAYMENT,2902.04,C9123207735,4462.7,1560.66,M6282009986,0.0,0.0,0,0.0,0
265,PAYMENT,1.0,C6562144159,0.0,0.0,M2228388623,0.0,0.0,0,0.0,0
641,TRANSFER,4205.45,C3783009621,4868.58,663.13,M6041646576,0.0,0.0,1,0.32666666666666666,0
688,CASH_OUT,4505.63,C7597996327,3951.75,0.0,C9504724761,0.0,0.0,1,0.24333333333333335,0
190,CASH_OUT,400.79,C1955345537,486.18,85.39,M8728631945,0.0,0.0,1,0.013333333333333334,0
134,CASH_IN,75964.51,C8706093841,144476.87,220441.38,C8131923452,2.48,2.48,0,0.0,0
218,TRANSFER,1.0,C2017675569,0.0,0.0,C2960432117,37.65,38.65,0,0.16,0
327,TRANSFER,3178.17,C7248258423,3281.19,103.02,C5067245523,434.94,434.94,1,0.03333333333333333,0
604,CASH_IN,5393.72,C1067198189,27.34,5421.06,C1586412136,16.52,16.52,0,0.0,0
198,PAYMENT,4358.08,C2812140441,112636.02,108277.94,M7764117705,0.0,0.0,0,0.0,0
535,DEBIT,1.0,C7664258343,0.17,0.0,M1732578761,0.0,0.0,0,0.043333333333333335,0
183,PAYMENT,16736.88,C4531928910,85845.57,69108.69,M1802753761,0.0,0.0,0,0.0,0
612,TRANSFER,2013.17,C3891796055,2748.59,735.42,M9590331226,0.0,0.0,1,0.3,0
159,PAYMENT,1176.98,C9421518487,2772.32,1595.34,M5270048042,0.0,0.0,0,0.0,0
383,TRANSFER,3701.58,C6075963527,4245.8,544.22,M6199197408,0.0,0.0,1,0.22,0
49,TRANSFER,3915.57,C9660523876,4299.17,383.6,M7537130187,0.0,0.0,1,0.19666666666666666,0
249,PAYMENT,1269.29,C2047905204,2458.0,1188.71,M1711271599,0.0,0.0,0,0.0,0
11,PAYMENT,13014.57,C4647891535,13592.13,577.56,M3317856944,0.0,0.0,0,0.0,0
339,TRANSFER,42363.84,C4163119785,39501.13,0.0,M5815678365,0.0,0.0,1,0.7866666666666666,1
31,CASH_OUT,30.63,C5600836559,33.36,2.73,C6633778586,0.0,0.0,0,0.0033333333333333335,0
365,CASH_IN,132554.76,C1722124509,298.62,132853.38,C4873807154,1132.63,1132.63,0,0.0,0
278,TRANSFER,2321.01,C2073755632,2165.12,0.0,C8295757364,2.9,2.9,1,0.6733333333333333,1
234,CASH_OUT,1.0,C2566942273,1.23,0.23,C7873709012,35998.85,35998.85,0,0.0,0
594,PAYMENT,602.62,C1158998032,844.95,242.33,M6361225622,0.0,0.0,0,0.0,0
27,DEBIT,1.0,C7772180882,0.0,0.0,M5585110649,0.0,0.0,0,0.02666666666666667,0
152,CASH_IN,53272.12,C9715314442,0.0,53272.12,C9147687657,1.0,1.0,0,0.0,0
394,CASH_OUT,166307.17,C8706093841,220441.38,54134.21,C1561417687,0.0,0.0,0,0.0,0
451,PAYMENT,1514.97,C2390587865,5068.98,3554.01,M3297681898,0.0,0.0,0,0.0,0
282,TRANSFER,1.0,C9306142066,1.21,0.21,C6952554500,2.78,3.78,0,0.23,0
177,CASH_OUT,1177.73,C4152835101,1130.38,0.0,C5428082088,0.0,0.0,1,0.06,0
395,CASH_IN,91749.98,C4231729466,14.76,91764.74,C7471636437,0.0,0.0,0,0.0,0
100,PAYMENT,8.46,C7311011808,9.74,1.28,M8626371177,0.0,0.0,0,0.0,0
334,TRANSFER,1.0,C7845366946,0.0,0.0,C9916336966,0.0,1.0,0,0.22,0
648,TRANSFER,147.56,C6910112521,127.0,0.0,M3605446007,0.0,0.0,1,0.23666666666666666,0
718,CASH_OUT,3332.31,C4864126433,2836.66,0.0,M6200141898,0.0,0.0,1,0.22333333333333333,0
325,TRANSFER,2832.08,C8831899893,3661.46,829.38,M4892544235,0.0,0.0,1,0.21333333333333335,0
83,PAYMENT,1.0,C2232285036,0.0,0.0,M3019265031,0.0,0.0,0,0.0,0
425,PAYMENT,15.35,C9526836552,63.77,48.42,M2695447268,0.0,0.0,0,0.0,0
349,TRANSFER,1.8,C1553753599,3.82,2.02,C6012067717,0.13,1.93,0,0.16333333333333333,0
339,PAYMENT,10.2,C3361388464,17.21,7.01,M7437168216,0.0,0.0,0,0.0,0
475,CASH_OUT,333.99,C4647891535,577.56,243.57,C5982744929,164.57,164.57,0,0.03666666666666667,0
152,PAYMENT,1.0,C6244338653,0.0,0.0,M1666898313,0.0,0.0,0,0.0,0
260,PAYMENT,82.76,C5328166990,332.55,249.79,M6865994703,0.0,0.0,0,0.0,0
349,TRANSFER,2886.55,C9461708554,3978.47,1091.92,M8646369354,0.0,0.0,1,0.20666666666666667,0
47,CASH_OUT,1655.13,C6732648420,2103.24,448.11,M8058679999,0.0,0.0,1,0.0,0
396,CASH_OUT,2.36,C2079501936,6.63,4.27,C2866092821,98512.33,98512.33,0,0.0,0
189,TRANSFER,1456.78,C1209063208,1691.57,234.79,C6231117883,108.25,108.25,1,0.03333333333333333,0
73,TRANSFER,1537.27,C4590711152,2058.79,521.52,M8964269909,0.0,0.0,1,0.15,0
720,TRANSFER,1280.17,C9581991473,1762.41,482.24,M8044997538,0.0,0.0,1,0.19333333333333333,0
100,TRANSFER,1.0,C3799264931,0.0,0.0,C5421051452,100.71,101.71,0,0.06,0
257,PAYMENT,1.0,C6633778586,0.0,0.0,M6846530109,0.0,0.0,0,0.0,0
485,PAYMENT,1.0,C7374584386,0.0,0.0,M6894024976,0.0,0.0,0,0.0,0
4,TRANSFER,1.0,C8236361108,0.0,0.0,C6542943838,2.37,3.37,0,0.22666666666666666,0
580,PAYMENT,1.23,C9272277508,364.21,362.98,M7717262223,0.0,0.0,0,0.0,0
638,PAYMENT,1973.14,C8189916797,5112.2,3139.06,M6846530109,0.0,0.0,0,0.0,0
525,PAYMENT,9.29,C1304205279,15.01,5.72,M3846182436,0.0,0.0,0,0.0,0
256,CASH_IN,88050.04,C5421051452,101.71,88151.75,C8055556030,0.0,0.0,0,0.0,0
593,CASH_OUT,56.31,C4473306055,79.23,22.92,C5403510324,161.62,161.62,0,0.03333333333333333,0
85,PAYMENT,210.84,C1158998032,242.33,31.49,M7717262223,0.0,0.0,0,0.0,0
613,PAYMENT,5507.53,C4231729466,91764.74,86257.21,M8218146534,0.0,0.0,0,0.0,0
711,DEBIT,1.0,C6691628146,0.0,0.0,M4665677395,0.0,0.0,0,0.04666666666666667,0
123,CASH_OUT,1.0,C8109891300,0.0,0.0,C2924568778,4868.32,4868.32,0,0.0,0
702,PAYMENT,39.57,C1546696950,143.4,103.83,M7713758036,0.0,0.0,0,0.0,0
86,PAYMENT,22951.45,C7127904756,91171.0,68219.55,M3438830691,0.0,0.0,0,0.0,0
507,PAYMENT,1.0,C9138644862,0.0,0.0,M5919148165,0.0,0.0,0,0.0,0
308,TRANSFER,2851.94,C2566942273,2561.0,0.0,C5028688786,0.0,0.0,1,0.7866666666666666,1
179,PAYMENT,149.48,C1798112150,445.67,296.19,M5067400473,0.0,0.0,0,0.0,0
27,TRANSFER,2243.29,C1563524533,2621.33,378.04,M7437168216,0.0,0.0,1,0.16666666666666666,0
431,PAYMENT,18.76,C6458544482,46.01,27.25,M6771941776,0.0,0.0,0,0.0,0
452,TRANSFER,3470.11,C7199283151,4038.37,568.26,M2635881694,0.0,0.0,1,0.29,0
172,PAYMENT,1.0,C1439427140,0.95,0.0,M7664045502,0.0,0.0,0,0.0,0
72,PAYMENT,10.28,C8507497883,32.29,22.01,M2571632270,0.0,0.0,0,0.0,0
308,PAYMENT,1.0,C8300300577,0.0,0.0,M9021793855,0.0,0.0,0,0.0,0
176,CASH_OUT,1639.5,C9035194895,1576.0,0.0,M1357561213,0.0,0.0,1,0.05,0
74,PAYMENT,109.66,C9285415473,129.63,19.97,M8821456242,0.0,0.0,0,0.0,0
562,PAYMENT,1.0,C8252816758,0.0,0.0,M2129491690,0.0,0.0,0,0.0,0
623,TRANSFER,4000.66,C4928783441,4448.7,448.04,M9918338001,0.0,0.0,1,0.3233333333333333,0
92,PAYMENT,405.79,C2625792787,606.58,200.79,M3322580659,0.0,0.0,0,0.0,0
507,TRANSFER,1.0,C7174772035,0.0,0.0,C8331319481,600.18,601.18,0,0.08,0
656,TRANSFER,1.69,C9333798503,3.66,1.97,C1736086849,92.92,94.61,0,0.11333333333333333,0
243,CASH_OUT,1.0,C8339176912,0.0,0.0,C6098775210,16.7,16.7,0,0.016666666666666666,0
470,CASH_OUT,227.51,C8285000265,454.76,227.25,C1510289448,577.41,577.41,0,0.04,0
437,PAYMENT,2.09,C3846570058,2.42,0.33,M9921025990,0.0,0.0,0,0.0,0
671,PAYMENT,49.67,C3245108207,75.19,25.52,M4601406440,0.0,0.0,0,0.0,0
595,CASH_IN,40104.14,C4927019611,256.85,40360.99,C8831899893,829.38,829.38,0,0.0,0
447,PAYMENT,1455.22,C4472312361,1581.99,126.77,M3660800029,0.0,0.0,0,0.0,0
494,CASH_OUT,19176.32,C1624173500,21207.65,2031.33,C7483366056,0.0,0.0,0,0.016666666666666666,0
677,CASH_OUT,2142.89,C6548442140,2265.13,122.24,C5515628633,4629.73,4629.73,1,0.016666666666666666,0
274,PAYMENT,1.0,C2620054076,0.0,0.0,M8218146534,0.0,0.0,0,0.0,0
346,TRANSFER,551.41,C8282534126,676.92,125.51,M5919148165,0.0,0.0,1,0.14333333333333334,0
151,CASH_OUT,2977.16,C2848792488,3001.52,24.36,M1504729135,0.0,0.0,1,0.0033333333333333335,0
239,PAYMENT,75.51,C1730074215,93.28,17.77,M1783432867,0.0,0.0,0,0.0,0
704,PAYMENT,150.94,C5588254555,247.59,96.65,M1888107487,0.0,0.0,0,0.0,0
564,PAYMENT,1.0,C5474951950,0.0,0.0,M8667946580,0.0,0.0,0,0.0,0
502,PAYMENT,197.47,C1471997674,285.87,88.4,M4456193555,0.0,0.0,0,0.0,0
316,PAYMENT,1.0,C5071897791,0.0,0.0,M7282885927,0.0,0.0,0,0.0,0
237,TRANSFER,303.64,C8015124886,300.12,0.0,C8208643631,826.92,1130.56,1,0.013333333333333334,0
370,TRANSFER,335.4,C4632522232,359.47,24.07,C5064162365,674.01,1009.41,0,0.01,0
467,TRANSFER,1878.83,C3107125807,1690.6,0.0,M4211837506,0.0,0.0,1,0.56,1
461,CASH_OUT,1624.83,C1558631501,2124.77,499.94,C2893321208,0.0,0.0,1,0.05,0
352,PAYMENT,1.0,C6576395496,0.0,0.0,M6275155878,0.0,0.0,0,0.0,0
154,CASH_OUT,5.54,C6246716604,10.97,5.43,C3758823240,358.19,358.19,0,0.0,0
640,CASH_OUT,156409.33,C2549748436,130801.18,0.0,M8768773991,0.0,0.0,1,0.15,0
17,CASH_OUT,332.3,C6134840512,280.67,0.0,C6732648420,448.11,448.11,1,0.016666666666666666,0
493,CASH_IN,1968.64,C3313993297,35.98,2004.62,C3095318649,0.0,0.0,0,0.0,0
247,PAYMENT,3.84,C8953271391,8.13,4.29,M6846530109,0.0,0.0,0,0.0,0
79,PAYMENT,138.42,C4530959836,410.04,271.62,M6786043791,0.0,0.0,0,0.0,0
443,TRANSFER,1.0,C7150970643,0.0,0.0,C2756070122,0.0,1.0,0,0.22,0
213,TRANSFER,1.0,C7829772942,1.33,0.33,C1625217504,340.08,341.08,0,0.01,0
617,CASH_IN,45011.62,C8760642358,71.35,45082.97,C3343459102,213.95,213.95,0,0.0,0
190,CASH_OUT,1331.13,C7074050517,1748.87,417.74,M4554178984,0.0,0.0,1,0.0,0
322,PAYMENT,2.37,C5625980561,60.29,57.92,M6932365592,0.0,0.0,0,0.0,0
285,TRANSFER,4316.14,C7579604766,4867.37,551.23,M1343875431,0.0,0.0,1,0.22333333333333333,0
486,CASH_OUT,12.28,C4605117440,21.34,9.06,C8272725281,132462.37,132462.37,0,0.0,0
318,TRANSFER,4768.78,C2020395327,16342.41,11573.63,C8106401208,1094.63,5863.41,0,0.0,0
445,TRANSFER,1.0,C7337225482,0.0,0.0,C6102144947,15.23,16.23,0,0.19,0
504,TRANSFER,382.41,C4026113008,440.37,57.96,C9981364488,0.0,0.0,1,0.17,0
562,DEBIT,1.0,C9857430687,0.0,0.0,M6045729129,0.0,0.0,0,0.043333333333333335,0
551,PAYMENT,1.0,C6110646714,0.0,0.0,M6130446648,0.0,0.0,0,0.0,0
682,CASH_IN,40576.39,C7002076563,43.8,40620.19,C2537965898,1.28,1.28,0,0.0,0
546,CASH_OUT,2491.53,C5667503195,2319.98,0.0,C8241550421,53.58,53.58,1,0.15333333333333332,0
363,DEBIT,80.67,C3483827971,178.17,97.5,M2129491690,0.0,0.0,0,0.02,0
40,CASH_OUT,2634.56,C2554039848,2472.3,0.0,C9909257076,0.0,0.0,1,0.043333333333333335,0
147,PAYMENT,38.87,C1600566083,52.53,13.66,M8063693463,0.0,0.0,0,0.0,0
82,CASH_OUT,3538.2,C7590302909,3155.68,0.0,C7321180787,3.55,3.55,1,0.05333333333333334,0
93,CASH_OUT,4219.51,C9986353481,4007.11,0.0,C8055556030,0.0,0.0,1,0.04,0
383,DEBIT,1.0,C7757700186,0.0,0.0,M4865979921,0.0,0.0,0,0.043333333333333335,0
591,DEBIT,1.0,C8997701619,3.19,2.19,M4122901114,0.0,0.0,0,0.04,0
104,PAYMENT,1.0,C5783809766,0.0,0.0,M2635881694,0.0,0.0,0,0.0033333333333333335,0
210,TRANSFER,1.0,C5754363475,0.0,0.0,C5613655595,0.0,1.0,0,0.23,0
307,PAYMENT,36.67,C3206955437,43.89,7.22,M7341757401,0.0,0.0,0,0.0,0
659,PAYMENT,209.92,C9912233947,264.22,54.3,M9098037639,0.0,0.0,0,0.0,0
123,PAYMENT,319.0,C9272277508,362.98,43.98,M7764117705,0.0,0.0,0,0.0,0
570,TRANSFER,31055.85,C9376711497,29935.62,0.0,M7702529931,0.0,0.0,1,0.9533333333333334,1
559,PAYMENT,1.0,C8388580360,1.0,0.0,M6053489772,0.0,0.0,0,0.0,0
172,TRANSFER,18124.8,C5334769475,35394.42,17269.62,C1590985753,236.91,18361.71,0,0.0,0
550,TRANSFER,3644.29,C6618965944,3239.14,0.0,M5891831621,0.0,0.0,1,0.94,1
445,PAYMENT,327.49,C4735313433,349.28,21.79,M4211837506,0.0,0.0,0,0.0,0
122,CASH_OUT,3218.48,C5759234471,4469.83,1251.35,C9738752801,562.58,562.58,1,0.0,0
343,TRANSFER,2689.44,C2617999521,2339.07,0.0,C4706249669,58.56,58.56,1,0.4266666666666667,0
517,PAYMENT,57.46,C5328166990,249.79,192.33,M4665677395,0.0,0.0,0,0.0,0
436,TRANSFER,144.74,C5403510324,161.62,16.88,M2635881694,0.0,0.0,1,0.16666666666666666,0
622,CASH_OUT,177.13,C8584566722,155.93,0.0,M1122712790,0.0,0.0,1,0.07666666666666666,0
216,TRANSFER,173.35,C5802739154,204.65,31.3,C4538382315,4.65,4.65,1,0.12333333333333334,0
474,TRANSFER,100.81,C3088517710,86.85,0.0,M2555936898,0.0,0.0,1,0.23,0
268,CASH_OUT,1843.7,C6402580787,1867.4,23.7,M5412437658,0.0,0.0,1,0.0033333333333333335,0
429,CASH_OUT,1.0,C7242730249,0.0,0.0,C5215140451,0.0,0.0,0,0.08666666666666667,0
13,DEBIT,294.98,C6929897032,384.52,89.54,M5734228580,0.0,0.0,0,0.013333333333333334,0
717,PAYMENT,1.0,C6710338189,0.0,0.0,M2625035499,0.0,0.0,0,0.0,0
705,TRANSFER,55438.79,C4531928910,69108.69,13669.9,C6171239466,28.76,28.76,1,0.20666666666666667,0
150,TRANSFER,1.0,C1439427140,0.0,0.0,C5010075517,0.0,1.0,0,0.21333333333333335,0
686,CASH_OUT,343.06,C9623534576,391.67,48.61,M7341757401,0.0,0.0,1,0.03,0
448,PAYMENT,1.0,C8458717057,0.0,0.0,M8083396378,0.0,0.0,0,0.0,0
703,CASH_OUT,246.63,C1234359689,339.46,92.83,M6011842297,0.0,0.0,1,0.02666666666666667,0
706,TRANSFER,854.5,C1662259333,1162.71,308.21,M4641902461,0.0,0.0,1,0.16,0
340,PAYMENT,1.0,C2149938334,1.99,0.99,M9441870024,0.0,0.0,0,0.0,0
452,PAYMENT,1.07,C1726990714,28.99,27.92,M5449848690,0.0,0.0,0,0.0,0
661,PAYMENT,2.28,C6952554500,3.78,1.5,M6606958660,0.0,0.0,0,0.0,0
622,PAYMENT,289.08,C8316648259,394.1,105.02,M4390543744,0.0,0.0,0,0.0,0
111,DEBIT,1.0,C6711463258,0.63,0.0,M3595066420,0.0,0.0,0,0.03,0
350,TRANSFER,1472.84,C8487449580,1656.12,183.28,M9590331226,0.0,0.0,1,0.13666666666666666,0
560,PAYMENT,1.0,C6289150149,0.0,0.0,M7750131975,0.0,0.0,0,0.0,0
493,CASH_OUT,1.0,C6910112521,0.0,0.0,C9421518487,1595.34,1595.34,0,0.04,0
414,TRANSFER,14.1,C4482141802,18.92,4.82,C6110646714,0.0,14.1,0,0.15666666666666668,0
155,TRANSFER,2103.69,C4248149900,2107.06,3.37,M3960136787,0.0,0.0,1,0.38666666666666666,0
1,PAYMENT,112.56,C5646880148,346.38,233.82,M8276498637,0.0,0.0,0,0.0,0
467,DEBIT,1.0,C6618965944,0.0,0.0,M5000316394,0.0,0.0,0,0.04666666666666667,0
379,CASH_OUT,215.27,C1400330495,306.67,91.4,M6790024996,0.0,0.0,1,0.01,0
302,TRANSFER,1.0,C8419590655,0.0,0.0,C2400094541,0.0,1.0,0,0.22666666666666666,0
710,CASH_OUT,4089.29,C1756345332,3604.96,0.0,M1442421654,0.0,0.0,1,0.23333333333333334,0
150,PAYMENT,1.82,C3376077463,2.73,0.91,M6247463262,0.0,0.0,0,0.0,0
664,TRANSFER,746.74,C6178804925,786.86,40.12,C3910678913,113.37,113.37,1,0.13,0
389,CASH_OUT,1.0,C3894673596,0.08,0.0,C7472806994,17788.51,17788.51,0,0.0,0
618,CASH_OUT,167.05,C8199372599,219.7,52.65,M9288057824,0.0,0.0,1,0.03666666666666667,0
9,DEBIT,1.0,C3106408413,0.32,0.0,M4399143287,0.0,0.0,0,0.023333333333333334,0
661,TRANSFER,4113.44,C3971203213,14018.69,9905.25,C4531928910,13669.9,17783.34,0,0.006666666666666667,0
26,PAYMENT,65.09,C8055515912,69.79,4.7,M8083396378,0.0,0.0,0,0.0,0
514,TRANSFER,2298.47,C2188332531,2572.07,273.6,M3690714075,0.0,0.0,1,0.31,0
299,TRANSFER,15.57,C7608141858,72.47,56.9,C6329323383,109.74,125.31,0,0.03333333333333333,0
615,CASH_OUT,1.0,C8039917766,0.0,0.0,C5416031878,197.4,197.4,0,0.05333333333333334,0
550,CASH_OUT,1865.16,C5474951950,1597.93,0.0,C3639796200,327.14,327.14,1,0.15,0
449,CASH_OUT,3633.49,C8570850267,4234.72,601.23,M3317856944,0.0,0.0,1,0.043333333333333335,0
119,TRANSFER,62.57,C6334440295,69.54,6.97,M6284297249,0.0,0.0,1,0.16666666666666666,0
400,TRANSFER,1.0,C1194576436,0.0,0.0,C5220094152,43048.88,43049.88,0,0.0,0
433,PAYMENT,44.74,C6894699853,99.99,55.25,M7960713821,0.0,0.0,0,0.0,0
564,PAYMENT,1.0,C2076341629,0.0,0.0,M1504729135,0.0,0.0,0,0.0,0
576,PAYMENT,1.0,C1230249217,0.0,0.0,M9255306810,0.0,0.0,0,0.0,0
187,PAYMENT,1.0,C9903351330,0.0,0.0,M6992094064,0.0,0.0,0,0.0,0
607,CASH_OUT,891.5,C6642266247,976.57,85.07,C8832617672,0.0,0.0,1,0.043333333333333335,0
213,CASH_OUT,435.24,C3520417815,531.98,96.74,C4073772623,13.59,13.59,0,0.01,0
163,TRANSFER,76705.6,C9451577335,87563.0,10857.4,C9115282784,710.16,710.16,1,0.03666666666666667,0
38,CASH_OUT,5192.08,C5536224717,4847.95,0.0,M5380159400,0.0,0.0,1,0.03333333333333333,0
670,CASH_OUT,1233.75,C5667503195,1656.26,422.51,M2391874847,0.0,0.0,1,0.02666666666666667,0
56,CASH_IN,2239.84,C4683585586,493.27,2733.11,C1913706213,0.0,0.0,0,0.0,0
68,CASH_OUT,130.25,C8906163641,162.92,32.67,M1692044390,0.0,0.0,1,0.006666666666666667,0
509,PAYMENT,1.0,C6717963562,0.0,0.0,M4125758723,0.0,0.0,0,0.0,0
375,TRANSFER,1983.55,C3815235019,2127.01,143.46,M4093474499,0.0,0.0,1,0.2833333333333333,0
436,PAYMENT,1.0,C6974875750,0.0,0.0,M2121448210,0.0,0.0,0,0.0,0
11,TRANSFER,1755.71,C5659161352,2488.79,733.08,M7437168216,0.0,0.0,1,0.15666666666666668,0
200,TRANSFER,58.8,C3293560436,189.62,130.82,C6237376063,8.91,67.71,0,0.12,0
484,CASH_OUT,3.01,C3369305560,12.71,9.7,C3891796055,735.42,735.42,0,0.04666666666666667,0
629,CASH_OUT,92.15,C1589582865,134.15,42.0,C3791027186,2620.78,2620.78,0,0.02,0
628,DEBIT,211.63,C8285000265,227.25,15.62,M2115862756,0.0,0.0,0,0.03,0
102,TRANSFER,2568.38,C2963288053,3595.49,1027.11,C3098948446,19.88,19.88,1,0.11666666666666667,0
96,CASH_OUT,202.45,C1417436465,288.07,85.62,M8740820392,0.0,0.0,1,0.0,0
278,DEBIT,1.0,C8380312396,1.13,0.13,M4390543744,0.0,0.0,0,0.03666666666666667,0
539,CASH_OUT,4225.45,C2379592595,3794.63,0.0,M3119908041,0.0,0.0,1,0.23,0
707,PAYMENT,1.0,C1506211965,0.0,0.0,M7960713821,0.0,0.0,0,0.0033333333333333335,0
594,TRANSFER,15.45,C9343730920,43.77,28.32,C6884333221,2.0,17.45,0,0.17333333333333334,0
438,PAYMENT,5.13,C5800633419,6.74,1.61,M5891831621,0.0,0.0,0,0.0,0
656,PAYMENT,551.78,C8331319481,601.18,49.4,M3660800029,0.0,0.0,0,0.0,0
601,CASH_IN,47685.08,C6471691689,529.24,48214.32,C7575259637,12.35,12.35,0,0.0,0
479,TRANSFER,54.0,C3739951076,242.44,188.44,C5861829469,0.0,54.0,0,0.11666666666666667,0
476,TRANSFER,3511.0,C4700855390,3898.31,387.31,M4456193555,0.0,0.0,1,0.30666666666666664,0
83,TRANSFER,59.56,C1526723719,77.92,18.36,C7637761996,14.11,73.67,0,0.13666666666666666,0
329,DEBIT,3907.74,C8556573246,21497.7,17589.96,M6820149016,0.0,0.0,0,0.02,0
380,CASH_OUT,2563.34,C8991678061,3001.06,437.72,M1647181551,0.0,0.0,1,0.01,0
337,TRANSFER,158.13,C1945826486,341.3,183.17,C9861449701,65.82,223.95,0,0.013333333333333334,0
166,TRANSFER,159.32,C2274350418,223.56,64.24,C7135394336,0.0,0.0,1,0.15,0
349,TRANSFER,5.2,C3149484176,10.44,5.24,C6674372082,0.0,5.2,0,0.15,0
240,CASH_OUT,236.14,C4572433066,314.04,77.9,C5578056564,66.78,66.78,0,0.0033333333333333335,0
61,PAYMENT,533.71,C2148679234,668.4,134.69,M7270955446,0.0,0.0,0,0.0,0
358,TRANSFER,3699.48,C2424706705,4316.34,616.86,M7717262223,0.0,0.0,1,0.21,0
522,PAYMENT,9.7,C9503597301,32.34,22.64,M6558769264,0.0,0.0,0,0.0,0
412,PAYMENT,128.48,C8117478955,259.23,130.75,M2625035499,0.0,0.0,0,0.0,0
617,PAYMENT,5.27,C5031086659,20.28,15.01,M8778927211,0.0,0.0,0,0.0,0
283,PAYMENT,233.22,C1558631501,499.94,266.72,M6932365592,0.0,0.0,0,0.0,0
406,CASH_OUT,1.0,C9354542654,0.0,0.0,C6929897032,89.54,89.54,0,0.02666666666666667,0
190,TRANSFER,185.84,C9711080868,202.28,16.44,C5431267548,107.69,107.69,1,0.03666666666666667,0
441,CASH_OUT,62.47,C7792729530,86.49,24.02,M5564953924,0.0,0.0,1,0.056666666666666664,0
523,PAYMENT,9444.71,C9451577335,10857.4,1412.69,M2695447268,0.0,0.0,0,0.0,0
44,TRANSFER,1.0,C4807122420,0.0,0.0,C7019900273,16652.06,16653.06,0,0.0,0
515,TRANSFER,10181.34,C7620473079,10959.45,778.11,M7192742877,0.0,0.0,1,0.32,0
718,TRANSFER,3785.77,C7949795085,3693.82,0.0,C5010075517,1.0,3786.77,1,0.32,0
146,PAYMENT,1.0,C5911625145,1.63,0.63,M3355504998,0.0,0.0,0,0.0,0
539,PAYMENT,1.0,C6244338653,0.0,0.0,M9896529524,0.0,0.0,0,0.0,0
345,CASH_OUT,410.95,C6720572969,535.21,124.26,M9776500600,0.0,0.0,1,0.023333333333333334,0
44,TRANSFER,1557.91,C2646331504,1384.04,0.0,M8044997538,0.0,0.0,1,0.36333333333333334,0
261,TRANSFER,1.0,C2635231601,0.0,0.0,C1741134891,8.0,9.0,0,0.19666666666666666,0
177,PAYMENT,1.0,C8612747444,0.0,0.0,M9098037639,0.0,0.0,0,0.0,0
381,CASH_IN,4276.35,C9229469952,0.0,4276.35,C6877052039,716.93,716.93,0,0.0,0
708,DEBIT,459.84,C8093179263,485.29,25.45,M3192202822,0.0,0.0,0,0.04,0
400,TRANSFER,2954.05,C9663561486,2943.69,0.0,M6101516825,0.0,0.0,1,0.75,1
445,PAYMENT,60.34,C3878201524,115.82,55.48,M8903212516,0.0,0.0,0,0.0,0
116,CASH_OUT,276.22,C6921525436,375.57,99.35,C3075362821,18.0,18.0,1,0.0,0
422,CASH_OUT,829.76,C9461708554,1091.92,262.16,M4122901114,0.0,0.0,1,0.056666666666666664,0
488,TRANSFER,2548.72,C3971203213,9905.25,7356.53,C4311931853,763.07,3311.79,0,0.02,0
633,TRANSFER,2911.67,C6307626407,3181.39,269.72,M4158643786,0.0,0.0,1,0.32666666666666666,0
682,TRANSFER,3650.48,C4627032705,4094.48,444.0,M3192202822,0.0,0.0,1,0.30333333333333334,0
55,TRANSFER,2008.11,C7664258343,1961.81,0.0,C5115980792,3.6,2011.71,1,0.22666666666666666,0
227,PAYMENT,405.53,C5933179746,2314.08,1908.55,M5919148165,0.0,0.0,0,0.0,0
531,PAYMENT,1.0,C2149938334,0.99,0.0,M7651029165,0.0,0.0,0,0.0,0
190,PAYMENT,281.03,C6877052039,716.93,435.9,M7717262223,0.0,0.0,0,0.0,0
4,PAYMENT,3244.38,C3975704877,6061.51,2817.13,M2711123163,0.0,0.0,0,0.0,0
152,CASH_OUT,163.57,C2950049698,162.51,0.0,C9597198563,0.0,0.0,1,0.023333333333333334,0
623,PAYMENT,1.0,C9547119184,0.0,0.0,M6515490818,0.0,0.0,0,0.0,0
490,TRANSFER,2443.69,C2566942273,2206.99,0.0,C8208584394,14.93,14.93,1,0.8,1
710,CASH_OUT,1879.87,C2377246195,2006.26,126.39,C4956843441,44.82,44.82,1,0.03333333333333333,0
71,PAYMENT,8.83,C8160279830,3625.78,3616.95,M2243802345,0.0,0.0,0,0.0,0
356,TRANSFER,2021.57,C1245522987,2708.53,686.96,M6525576685,0.0,0.0,1,0.18333333333333332,0
527,CASH_OUT,103.54,C6548442140,122.24,18.7,C8239941612,782.43,782.43,1,0.04666666666666667,0
469,DEBIT,42.57,C8199372599,52.65,10.08,M4665677395,0.0,0.0,0,0.02666666666666667,0
341,CASH_IN,92077.35,C6618965944,0.0,92077.35,C5931025271,471.23,471.23,0,0.0,0
366,CASH_OUT,1.0,C1257324536,0.0,0.0,C7965608188,47.5,47.5,0,0.013333333333333334,0
319,CASH_OUT,1736.89,C2947476917,3382.78,1645.89,C3260842187,1191.54,1191.54,0,0.0,0
426,TRANSFER,35569.79,C8235363119,69756.07,34186.28,C7465834732,71257.13,106826.92,0,0.0,0
379,TRANSFER,1.0,C1004665657,0.0,0.0,C6673381261,2.04,3.04,0,0.21666666666666667,0
487,PAYMENT,296.77,C5891280823,816.57,519.8,M1240140248,0.0,0.0,0,0.0,0
600,CASH_OUT,27994.49,C5899025962,57561.04,29566.55,C2549748436,0.0,0.0,0,0.01,0
417,CASH_OUT,1.0,C9437783771,0.0,0.0,C2126077199,0.0,0.0,0,0.09666666666666666,0
75,CASH_OUT,38241.88,C3698343112,43486.03,5244.15,C6405851839,2.8,2.8,1,0.0,0
381,TRANSFER,227.26,C2984460654,566.31,339.05,C2268523764,1864.79,2092.05,0,0.006666666666666667,0
7,CASH_OUT,100.97,C8854238082,118.04,17.07,C7146318035,54.78,54.78,0,0.006666666666666667,0
66,TRANSFER,38142.3,C6464693977,42321.01,4178.71,M2156184315,0.0,0.0,1,0.25333333333333335,0
225,PAYMENT,1.07,C1340272119,110.33,109.26,M2328736852,0.0,0.0,0,0.0,0
96,CASH_OUT,1.0,C2267619081,0.0,0.0,C9166381136,547.81,547.81,0,0.006666666666666667,0
290,CASH_OUT,530.18,C8527715219,649.67,119.49,C9263135031,0.0,0.0,1,0.02,0
80,PAYMENT,15.15,C9533595495,22.02,6.87,M2625035499,0.0,0.0,0,0.0,0
672,TRANSFER,3366.73,C9858643842,4808.07,1441.34,C7166868574,0.0,0.0,1,0.30666666666666664,0
56,CASH_OUT,63.08,C4277561834,76.27,13.19,M6053489772,0.0,0.0,1,0.0033333333333333335,0
185,PAYMENT,1.0,C1446457642,0.0,0.0,M5714658227,0.0,0.0,0,0.0,0
202,PAYMENT,366.93,C3384006407,831.13,464.2,M8626371177,0.0,0.0,0,0.0,0
277,TRANSFER,1664.59,C3412365931,1696.12,31.53,C8570333548,0.0,0.0,1,0.25666666666666665,0
523,TRANSFER,113459.14,C5151086814,96437.31,0.0,M3355504998,0.0,0.0,1,0.87,1
251,TRANSFER,4.43,C1288765093,91.48,87.05,C8684942020,106.74,111.17,0,0.03666666666666667,0
597,CASH_OUT,894.45,C2612579345,1175.62,281.17,M9933702652,0.0,0.0,1,0.02666666666666667,0
511,PAYMENT,2.42,C4482141802,4.82,2.4,M2541015125,0.0,0.0,0,0.0,0
551,PAYMENT,1.0,C8755749566,0.0,0.0,M6790024996,0.0,0.0,0,0.0,0
10,PAYMENT,1.0,C5868640848,0.0,0.0,M9977193987,0.0,0.0,0,0.0,0
497,TRANSFER,2339.57,C4550353803,3971.86,1632.29,C6128695961,378.89,2718.46,0,0.03333333333333333,0
573,PAYMENT,240.0,C9410288290,645.18,405.18,M3072183247,0.0,0.0,0,0.0,0
532,TRANSFER,3290.53,C7832220535,6268.49,2977.96,C4252504650,12.17,3302.7,0,0.03666666666666667,0
549,TRANSFER,154.52,C6496933442,271.7,117.18,C3995732958,2189.15,2343.67,0,0.023333333333333334,0
168,CASH_OUT,2608.66,C5992908271,3029.05,420.39,C1282103057,409.67,409.67,1,0.0033333333333333335,0
566,TRANSFER,2831.95,C7529817193,4262.42,1430.47,C2178158203,0.0,2831.95,0,0.05,0
501,CASH_IN,73392.48,C5884391502,0.0,73392.48,C6206015111,1015.71,1015.71,0,0.0,0
59,TRANSFER,47.5,C5861829469,54.0,6.5,C5868640848,0.0,47.5,1,0.16333333333333333,0
104,CASH_OUT,3761.12,C9309500117,4827.43,1066.31,M6247463262,0.0,0.0,1,0.0,0
114,CASH_OUT,39.53,C9912233947,54.3,14.77,M3811254192,0.0,0.0,1,0.0,0
528,PAYMENT,1.0,C1131267917,0.69,0.0,M9410569618,0.0,0.0,0,0.0,0
683,DEBIT,8.78,C4712367625,36.3,27.52,M1257854279,0.0,0.0,0,0.03,0
115,CASH_OUT,2176.09,C5512036684,1852.6,0.0,C6661014794,0.0,0.0,1,0.05,0
275,PAYMENT,41.85,C1602569046,126.53,84.68,M8626371177,0.0,0.0,0,0.0,0
118,CASH_OUT,114.16,C6894808149,96.8,0.0,M7928143230,0.0,0.0,1,0.013333333333333334,0
317,TRANSFER,3718.11,C2836553621,4315.31,597.2,C7465834732,106826.92,106826.92,1,0.0,0
88,TRANSFER,9787.4,C1110724913,10091.67,304.27,M2571632270,0.0,0.0,1,0.21666666666666667,0
397,DEBIT,1.05,C5604529187,2.8,1.75,M9444143872,0.0,0.0,0,0.04,0
160,TRANSFER,210.66,C2480915452,137385.94,137175.28,C4683585586,2733.11,2943.77,0,0.0,0
532,TRANSFER,2.27,C2079770569,6.28,4.01,C6634526139,0.0,2.27,0,0.17666666666666667,0
89,CASH_OUT,1.0,C1484664056,0.0,0.0,C1230624431,38.34,38.34,0,0.0033333333333333335,0
211,PAYMENT,484.55,C5641959772,751.39,266.84,M6606958660,0.0,0.0,0,0.0,0
312,CASH_OUT,1761.93,C6887132821,2087.65,325.72,C3196545325,992.45,992.45,1,0.0033333333333333335,0
271,TRANSFER,303.13,C4655730355,671.88,368.75,C7209571615,1054.09,1357.22,0,0.0033333333333333335,0
689,TRANSFER,285.29,C6745958212,457.6,172.31,C5586143660,3080.65,3365.94,0,0.013333333333333334,0
558,TRANSFER,332.25,C8638763775,430.14,97.89,M2711123163,0.0,0.0,1,0.17,0
30,PAYMENT,1.0,C6797436140,0.0,0.0,M3846182436,0.0,0.0,0,0.0,0
543,TRANSFER,1449.06,C4277581356,1208.58,0.0,C9516893896,22.41,1471.47,1,0.24666666666666667,0
298,TRANSFER,1084.05,C5129478722,1439.49,355.44,M4093474499,0.0,0.0,1,0.11,0
715,CASH_OUT,688.73,C1245522987,686.96,0.0,M5325865521,0.0,0.0,1,0.14666666666666667,0
311,PAYMENT,1.0,C3047869247,0.0,0.0,M9043367776,0.0,0.0,0,0.0,0
651,TRANSFER,2482.83,C4242550727,2241.5,0.0,M4399143287,0.0,0.0,1,0.92,1
214,PAYMENT,1.0,C5783809766,0.0,0.0,M3508990774,0.0,0.0,0,0.0,0
373,TRANSFER,1.0,C5612645121,0.0,0.0,C6656646925,0.0,1.0,0,0.22,0
554,DEBIT,79.4,C4714465905,275.23,195.83,M5794335854,0.0,0.0,0,0.023333333333333334,0
419,PAYMENT,3.54,C1248786714,6.92,3.38,M4242579642,0.0,0.0,0,0.0,0
225,PAYMENT,1.0,C4203205881,0.0,0.0,M9776500600,0.0,0.0,0,0.0,0
71,TRANSFER,4216.6,C9894847574,4178.91,0.0,M6651020291,0.0,0.0,1,0.8166666666666667,1
483,PAYMENT,170.2,C2311597141,290.74,120.54,M2839566253,0.0,0.0,0,0.0,0
695,PAYMENT,411.93,C1457632732,471.09,59.16,M7861571879,0.0,0.0,0,0.0,0
614,TRANSFER,247.55,C4471642620,224.12,0.0,M7651029165,0.0,0.0,1,0.24,0
532,PAYMENT,206.81,C4748302739,589.03,382.22,M5869990861,0.0,0.0,0,0.0,0
58,PAYMENT,1.0,C4460967357,0.0,0.0,M5869990861,0.0,0.0,0,0.0,0
464,TRANSFER,24.3,C5785481124,32.7,8.4,C8940731272,312.26,336.56,0,0.06,0
300,PAYMENT,1.0,C8588769565,0.0,0.0,M5985331805,0.0,0.0,0,0.0,0
585,TRANSFER,5741.47,C3698343112,5244.15,0.0,M1908459040,0.0,0.0,1,0.9633333333333334,1
369,PAYMENT,182.46,C4558302256,292.86,110.4,M9620935604,0.0,0.0,0,0.0,0
32,PAYMENT,1.0,C3376077463,0.91,0.0,M4865979921,0.0,0.0,0,0.0,0
196,TRANSFER,80.55,C4939447721,77.55,0.0,C2836553621,597.2,597.2,1,0.02,0
695,TRANSFER,1.0,C1667483244,1.0,0.0,C7829772942,0.33,1.33,0,0.22,0
416,TRANSFER,857.59,C9272277508,1134.42,276.83,M2910594463,0.0,0.0,1,0.13666666666666666,0
46,PAYMENT,1.0,C7573442717,0.0,0.0,M6866146362,0.0,0.0,0,0.0,0
431,PAYMENT,2.27,C8295757364,2.9,0.63,M1504729135,0.0,0.0,0,0.0,0
40,PAYMENT,1.0,C8236361108,0.0,0.0,M2249831874,0.0,0.0,0,0.0,0
551,TRANSFER,6289.87,C9420979586,7562.3,1272.43,M5564953924,0.0,0.0,1,0.3233333333333333,0
665,CASH_OUT,15.15,C3693916084,21.01,5.86,C8076527214,0.0,0.0,0,0.03,0
187,TRANSFER,1.0,C6474354351,0.0,0.0,C6618965944,92077.35,92078.35,0,0.0,0
313,CASH_OUT,3371.89,C5539308214,4516.54,1144.65,M6651020291,0.0,0.0,1,0.006666666666666667,0
300,PAYMENT,1.0,C3555656321,0.0,0.0,M1999913493,0.0,0.0,0,0.0,0
437,CASH_OUT,180.88,C3438771483,326.28,145.4,C2965718821,0.0,0.0,0,0.043333333333333335,0
235,TRANSFER,1.0,C4471642620,0.0,0.0,C7904559790,14.15,15.15,0,0.19333333333333333,0
22,PAYMENT,16.38,C6548442140,18.7,2.32,M9068916300,0.0,0.0,0,0.0,0
225,PAYMENT,1.0,C3147818256,0.0,0.0,M5449848690,0.0,0.0,0,0.0,0
617,PAYMENT,8.97,C7266763552,17.01,8.04,M3660800029,0.0,0.0,0,0.0,0
512,TRANSFER,3140.33,C5898890707,2688.83,0.0,M7537130187,0.0,0.0,1,0.93,1
519,PAYMENT,1.0,C2549748436,0.0,0.0,M5570190774,0.0,0.0,0,0.0,0
163,PAYMENT,7999.04,C8674224347,11931.82,3932.78,M6932365592,0.0,0.0,0,0.0,0
602,TRANSFER,946.16,C2870403050,1187.35,241.19,M8548290298,0.0,0.0,1,0.16333333333333333,0
564,PAYMENT,45.52,C3171050399,57.7,12.18,M7341757401,0.0,0.0,0,0.0,0
476,CASH_OUT,2273.79,C2168041588,2569.98,296.19,C9381721143,4198.93,4198.93,1,0.05,0
498,PAYMENT,569.21,C4015479599,1378.94,809.73,M6606958660,0.0,0.0,0,0.0,0
9,TRANSFER,1.0,C1197449658,0.32,0.0,C9703905715,78.77,79.77,0,0.11666666666666667,0
305,PAYMENT,758.51,C4026379752,879.58,121.07,M7570511906,0.0,0.0,0,0.0,0
430,TRANSFER,1.0,C3783290795,0.0,0.0,C2331039957,0.0,1.0,0,0.20666666666666667,0
125,TRANSFER,14582.64,C6789448659,16133.65,1551.01,M7537130187,0.0,0.0,1,0.23,0
504,CASH_IN,31827.1,C6576395496,0.0,31827.1,C8168204967,56.0,56.0,0,0.0,0
69,PAYMENT,2558.47,C5935852056,3666.98,1108.51,M8727805468,0.0,0.0,0,0.0,0
695,PAYMENT,31.49,C5578056564,66.78,35.29,M6932365592,0.0,0.0,0,0.0,0
684,CASH_OUT,1.0,C7402059279,0.0,0.0,C8949781901,143749.56,143749.56,0,0.0,0
623,DEBIT,35.86,C2082326234,78.11,42.25,M3476758136,0.0,0.0,0,0.03,0
324,PAYMENT,1.36,C1489726608,3.47,2.11,M9068916300,0.0,0.0,0,0.0,0
93,CASH_OUT,4568.58,C7710396573,4824.15,255.57,C5141285960,27.01,27.01,1,0.0,0
244,CASH_OUT,15713.59,C4283432667,33191.56,17477.97,C8199372599,10.08,10.08,0,0.0033333333333333335,0
24,CASH_IN,9793.67,C9403748506,46.84,9840.51,C4507822591,13.0,13.0,0,0.0,0
612,CASH_OUT,1.0,C8926438617,0.0,0.0,C9639245200,38.32,38.32,0,0.05333333333333334,0
154,PAYMENT,8.82,C8285000265,15.62,6.8,M1185303518,0.0,0.0,0,0.0,0
552,CASH_IN,49753.36,C1981049082,3751.87,53505.23,C1730074215,17.77,17.77,0,0.0,0
188,PAYMENT,34.43,C8331319481,49.4,14.97,M4390543744,0.0,0.0,0,0.0,0
463,PAYMENT,1.0,C3667740351,0.0,0.0,M9620935604,0.0,0.0,0,0.0,0
217,TRANSFER,2529.8,C2515672889,2598.26,68.46,M6786043791,0.0,0.0,1,0.4166666666666667,0
716,TRANSFER,235.59,C1662259333,308.21,72.62,M4035639663,0.0,0.0,1,0.16333333333333333,0
651,TRANSFER,1.29,C8543865915,2.55,1.26,C3869963931,109722.78,109724.07,0,0.0,0
159,CASH_OUT,13.58,C1657675888,41.85,28.27,C4655730355,368.75,368.75,0,0.0,0
132,PAYMENT,7631.28,C8934097788,8272.73,641.45,M4035639663,0.0,0.0,0,0.0,0
211,PAYMENT,1.0,C8086527181,0.0,0.0,M7928143230,0.0,0.0,0,0.0,0
169,PAYMENT,1.0,C2388450337,0.0,0.0,M2115862756,0.0,0.0,0,0.0,0
502,PAYMENT,91.05,C6317889312,281.85,190.8,M1732578761,0.0,0.0,0,0.0,0
474,CASH_OUT,3631.8,C7958672456,4378.78,746.98,M6011842297,0.0,0.0,1,0.03666666666666667,0
391,CASH_OUT,15.44,C6868336102,22.66,7.22,C3846570058,0.33,0.33,0,0.016666666666666666,0
275,PAYMENT,1.0,C8076527214,0.0,0.0,M6865994703,0.0,0.0,0,0.0,0
569,TRANSFER,127.44,C3725152347,375.34,247.9,C3923699745,19.64,147.08,0,0.06666666666666667,0
578,PAYMENT,170.69,C6287793163,149557.47,149386.78,M7951820749,0.0,0.0,0,0.0,0
30,PAYMENT,59.8,C6562434335,119.18,59.38,M8646369354,0.0,0.0,0,0.0,0
2,CASH_IN,7595.72,C1940684569,87.0,7682.72,C9279291478,0.0,0.0,0,0.006666666666666667,0
81,PAYMENT,244.51,C7551874474,708.02,463.51,M9900829971,0.0,0.0,0,0.0,0
492,CASH_OUT,1.0,C6974875750,0.0,0.0,C2320763135,63.51,63.51,0,0.05,0
681,CASH_OUT,488.97,C6358023411,435.6,0.0,C4706249669,58.56,58.56,1,0.06,0
288,PAYMENT,60.12,C6642266247,85.07,24.95,M4641902461,0.0,0.0,0,0.0,0
384,CASH_IN,23102.09,C4752171298,0.0,23102.09,C6242173772,5.12,5.12,0,0.0,0
637,PAYMENT,6.54,C9370133343,10.28,3.74,M1802753761,0.0,0.0,0,0.0,0
236,CASH_OUT,194.06,C6469458472,237.53,43.47,M1802753761,0.0,0.0,1,0.0033333333333333335,0
30,PAYMENT,5546.69,C6576395496,31827.1,26280.41,M7750131975,0.0,0.0,0,0.0,0
156,CASH_OUT,136.39,C1084790270,158.96,22.57,C9903351330,0.0,0.0,1,0.006666666666666667,0
683,TRANSFER,146.8,C4633257620,136.94,0.0,C7977267911,0.52,0.52,1,0.22333333333333333,0
54,CASH_OUT,354.86,C1489726608,380.95,26.09,M3517195150,0.0,0.0,1,0.0,0
539,TRANSFER,36.79,C9526836552,48.42,11.63,C5409514899,772.66,809.45,0,0.05,0
445,CASH_IN,100350.12,C4283432667,17477.97,117828.09,C3360791536,0.52,0.52,0,0.0,0
637,DEBIT,2.54,C9248574674,4.57,2.03,M2555936898,0.0,0.0,0,0.043333333333333335,0
158,PAYMENT,69.92,C7059726570,164.12,94.2,M7514017540,0.0,0.0,0,0.0,0
378,TRANSFER,2451.82,C8617360361,2978.55,526.73,M5959736235,0.0,0.0,1,0.19,0
404,CASH_OUT,12.5,C9218363978,22.81,10.31,C1862812038,0.0,0.0,0,0.013333333333333334,0
511,TRANSFER,1975.34,C6155234610,2357.98,382.64,C6317189421,10236.88,10236.88,1,0.023333333333333334,0
520,CASH_IN,20765.34,C4786674545,0.0,20765.34,C4322510552,1527.04,1527.04,0,0.0,0
479,PAYMENT,1.0,C7452729913,0.0,0.0,M7192742877,0.0,0.0,0,0.0,0
192,CASH_IN,102026.46,C1387652480,441.56,102468.02,C6299224734,16285.0,16285.0,0,0.0,0
264,PAYMENT,17.21,C1654477195,23.6,6.39,M1694904767,0.0,0.0,0,0.0,0
552,PAYMENT,1.0,C6711463258,0.0,0.0,M2518433834,0.0,0.0,0,0.0,0
459,TRANSFER,156.71,C1625217504,341.08,184.37,C9237880732,23.73,180.44,0,0.056666666666666664,0
583,CASH_OUT,2007.03,C5297902885,2360.25,353.22,C7937993287,105.36,105.36,1,0.023333333333333334,0
334,CASH_OUT,10281.66,C9807209816,12569.07,2287.41,M4329446784,0.0,0.0,1,0.01,0
401,PAYMENT,60.91,C4037867512,231.1,170.19,M2839566253,0.0,0.0,0,0.0,0
56,PAYMENT,14.57,C6369130994,18.02,3.45,M9020002737,0.0,0.0,0,0.0,0
594,PAYMENT,5.33,C9704383251,6.02,0.69,M4093474499,0.0,0.0,0,0.0,0
585,CASH_OUT,442.54,C7333678472,13697.84,13255.3,C7016293621,45.14,45.14,0,0.01,0
188,TRANSFER,383.13,C9147736635,375.91,0.0,M4820942294,0.0,0.0,1,0.24,0
594,CASH_OUT,83.08,C2349641712,90.23,7.15,M6313472215,0.0,0.0,1,0.04,0
67,PAYMENT,1.0,C7576309274,0.0,0.0,M4820942294,0.0,0.0,0,0.0,0
294,PAYMENT,4541.09,C3377702111,83889.39,79348.3,M4242579642,0.0,0.0,0,0.0,0
299,CASH_OUT,1673.99,C1644608746,4161.71,2487.72,C1378134712,10935.64,10935.64,0,0.0,0
625,TRANSFER,4805.3,C2540492440,4423.53,0.0,M7532669066,0.0,0.0,1,0.9633333333333334,1
499,PAYMENT,18.73,C2979958124,23.04,4.31,M2885370603,0.0,0.0,0,0.0,0
394,PAYMENT,1446.76,C2067970820,1524.7,77.94,M6041646576,0.0,0.0,0,0.0,0
108,PAYMENT,285.96,C2586568081,371.57,85.61,M3208200227,0.0,0.0,0,0.0,0
12,TRANSFER,2390.32,C2513206988,3128.41,738.09,M3536590481,0.0,0.0,1,0.14333333333333334,0
434,CASH_OUT,1.0,C5911625145,0.63,0.0,C9868845806,7921.53,7921.53,0,0.04,0
553,TRANSFER,745.95,C9539945315,910.39,164.44,C8638763775,97.89,843.84,0,0.03333333333333333,0
522,PAYMENT,137.27,C4700855390,387.31,250.04,M3965860354,0.0,0.0,0,0.0,0
355,PAYMENT,27.42,C6952291828,38.03,10.61,M1466305100,0.0,0.0,0,0.0,0
584,PAYMENT,1.0,C3694860228,1.0,0.0,M4588312351,0.0,0.0,0,0.0,0
594,CASH_OUT,2868.48,C8809871735,3002.17,133.69,M3223687972,0.0,0.0,1,0.023333333333333334,0
117,CASH_OUT,45.66,C7915226263,60.15,14.49,C6963052185,0.0,0.0,1,0.0033333333333333335,0
13,TRANSFER,39.2,C6894699853,55.25,16.05,C9147687657,1.0,40.2,0,0.13333333333333333,0
178,CASH_IN,8055.98,C5141593270,0.0,8055.98,C5952163720,0.0,0.0,0,0.0,0
282,PAYMENT,1.0,C2176904638,0.0,0.0,M9098037639,0.0,0.0,0,0.0,0
301,PAYMENT,10.48,C6102144947,16.23,5.75,M7343954769,0.0,0.0,0,0.0,0
154,DEBIT,6.18,C3035761595,7.21,1.03,M8458323087,0.0,0.0,0,0.02666666666666667,0
297,PAYMENT,84.03,C1696846464,143.22,59.19,M9021793855,0.0,0.0,0,0.0,0
571,CASH_IN,22129.53,C5064162365,1009.41,23138.94,C3313993297,2004.62,2004.62,0,0.0033333333333333335,0
486,PAYMENT,274.71,C1667779376,440.56,165.85,M9398575277,0.0,0.0,0,0.0,0
410,TRANSFER,1.0,C2388450337,0.0,0.0,C3369305560,9.7,10.7,0,0.16333333333333333,0
250,PAYMENT,130.98,C2254516608,164.22,33.24,M8768773991,0.0,0.0,0,0.0,0
216,TRANSFER,27.38,C2818381356,37.29,9.91,C3651552513,322.68,350.06,0,0.006666666666666667,0
646,TRANSFER,252.02,C8480622107,634.33,382.31,C2076151332,16.48,268.5,0,0.056666666666666664,0
704,TRANSFER,2.92,C4631048029,11.98,9.06,C4605117440,9.06,11.98,0,0.14,0
179,TRANSFER,26.0,C3201397080,30.12,4.12,C1526723719,18.36,44.36,0,0.13,0
86,CASH_OUT,3547.36,C2848792488,4084.15,536.79,M2418407139,0.0,0.0,1,0.0,0
402,TRANSFER,6791.57,C3772636814,8668.03,1876.46,C5141593270,8055.98,14847.55,0,0.0,0
690,PAYMENT,100.81,C1857596764,326.11,225.3,M8727805468,0.0,0.0,0,0.0,0
98,PAYMENT,1.64,C2771211118,4.49,2.85,M7861571879,0.0,0.0,0,0.0,0
439,PAYMENT,42.04,C7805633786,46.57,4.53,M5919148165,0.0,0.0,0,0.0,0
343,CASH_OUT,1170.76,C3946766309,1430.17,259.41,C4518871744,0.0,0.0,1,0.01,0
628,PAYMENT,1.0,C6725038117,0.0,0.0,M6361225622,0.0,0.0,0,0.0,0
94,PAYMENT,17.81,C6544063167,59.8,41.99,M6865994703,0.0,0.0,0,0.0,0
385,PAYMENT,324.52,C3412273600,34039.8,33715.28,M6651020291,0.0,0.0,0,0.0,0
563,TRANSFER,1.0,C4040409964,0.0,0.0,C8763140509,0.0,1.0,0,0.22333333333333333,0
206,CASH_OUT,19422.46,C8760642358,45082.97,25660.51,C7209571615,1357.22,1357.22,0,0.0,0
384,PAYMENT,668.51,C6493800024,1224.68,556.17,M8030400668,0.0,0.0,0,0.0,0
19,PAYMENT,15.82,C1654602021,43.64,27.82,M7764117705,0.0,0.0,0,0.0,0
7,TRANSFER,129676.44,C2812140441,108277.94,0.0,M2303835765,0.0,0.0,1,0.43,0
599,TRANSFER,1904.33,C1361845490,1910.2,5.87,M7664045502,0.0,0.0,1,0.46,0
54,CASH_OUT,27.58,C5375461598,57.17,29.59,C5483308751,9913.02,9913.02,0,0.0,0
219,PAYMENT,1.0,C6638034087,0.0,0.0,M2571632270,0.0,0.0,0,0.0,0
126,PAYMENT,1.0,C6633778586,0.0,0.0,M1185303518,0.0,0.0,0,0.0,0
657,PAYMENT,14.66,C6458544482,27.25,12.59,M7664045502,0.0,0.0,0,0.0,0
43,TRANSFER,38.67,C8241550421,53.58,14.91,C3511301900,0.0,38.67,0,0.16,0
433,TRANSFER,135246.39,C3334938378,177960.12,42713.73,C7882206934,2.67,2.67,1,0.3,0
125,CASH_OUT,18928.05,C1233079614,19686.92,758.87,C3434757387,0.0,0.0,1,0.0,0
73,PAYMENT,81.55,C1276905285,189.97,108.42,M8740820392,0.0,0.0,0,0.0,0
206,DEBIT,5.87,C5861829469,6.5,0.63,M2604788242,0.0,0.0,0,0.03,0
530,TRANSFER,3026.48,C7805745017,4147.39,1120.91,M6845287382,0.0,0.0,1,0.2966666666666667,0
342,PAYMENT,116.38,C9454207717,323.76,207.38,M8144889126,0.0,0.0,0,0.0,0
374,TRANSFER,299.84,C2777816561,266.03,0.0,C7536876169,42218.96,42218.96,1,0.0,0
713,CASH_OUT,568.5,C3380064537,537.3,0.0,M2541015125,0.0,0.0,1,0.12666666666666668,0
347,TRANSFER,1804.49,C6923893872,1557.13,0.0,M1999913493,0.0,0.0,1,0.39,0
468,TRANSFER,3.25,C8370987661,3.61,0.36,C1067198189,5421.06,5424.31,0,0.04666666666666667,0
122,TRANSFER,490.46,C5667503195,422.51,0.0,M1857561275,0.0,0.0,1,0.21333333333333335,0
84,CASH_OUT,903.68,C8669484644,848.93,0.0,C4226113732,0.0,0.0,1,0.08333333333333333,0
148,TRANSFER,113.9,C4427620889,256.99,143.09,C6385791669,1.74,115.64,0,0.08,0
512,PAYMENT,1.0,C4268713302,0.0,0.0,M4211837506,0.0,0.0,0,0.0,0
562,TRANSFER,3.7,C1594312071,6.44,2.74,C8636525027,36873.52,36877.22,0,0.0,0
118,PAYMENT,1172.64,C4776436931,63139.09,61966.45,M4554178984,0.0,0.0,0,0.0,0
656,PAYMENT,1.08,C3587283948,1.49,0.41,M6101516825,0.0,0.0,0,0.0,0
407,TRANSFER,2.09,C3185386258,3.26,1.17,C3951331472,0.0,2.09,0,0.18333333333333332,0
559,PAYMENT,1.0,C7894019119,0.0,0.0,M9900829971,0.0,0.0,0,0.0,0
4,PAYMENT,66.46,C5431267548,107.69,41.23,M1357561213,0.0,0.0,0,0.0,0
281,PAYMENT,680.98,C2647489402,1155.03,474.05,M1811839103,0.0,0.0,0,0.0,0
652,TRANSFER,1.0,C8339176912,0.0,0.0,C1772303297,0.0,1.0,0,0.23,0
432,CASH_IN,95916.84,C2369705770,366.49,96283.33,C5736462531,710.25,710.25,0,0.0,0
368,TRANSFER,15.37,C7857580528,35.35,19.98,C5976777081,2.43,17.8,0,0.15,0
386,TRANSFER,7463.32,C5483308751,9913.02,2449.7,C7418301077,1016.24,8479.56,1,0.0,0
213,CASH_IN,52933.41,C9523104008,673.23,53606.64,C5710360983,0.0,0.0,0,0.0,0
558,TRANSFER,276.82,C6155234610,382.64,105.82,M6771941776,0.0,0.0,1,0.17,0
42,TRANSFER,72.86,C1276905285,108.42,35.56,C5416031878,197.4,270.26,0,0.006666666666666667,0
497,DEBIT,4201.5,C5296710795,5343.84,1142.34,M4641902461,0.0,0.0,0,0.03666666666666667,0
84,CASH_OUT,1.0,C7483366056,0.0,0.0,C9909257076,0.0,0.0,0,0.006666666666666667,0
109,PAYMENT,1.37,C4102872611,2.4,1.03,M4242579642,0.0,0.0,0,0.0,0
406,DEBIT,37349.4,C2087974350,44245.98,6896.58,M3145756342,0.0,0.0,0,0.016666666666666666,0
691,TRANSFER,1204.21,C2047905204,1188.71,0.0,M9900829971,0.0,0.0,1,0.43666666666666665,0
327,PAYMENT,2895.83,C1541964762,11823.82,8927.99,M1185303518,0.0,0.0,0,0.0,0
283,TRANSFER,1898.94,C3035761595,1972.45,73.51,C3367665472,24.43,24.43,1,0.22333333333333333,0
84,PAYMENT,6.85,C2405746777,30.03,23.18,M6999146585,0.0,0.0,0,0.0,0
436,PAYMENT,1.0,C6673381261,3.04,2.04,M9020002737,0.0,0.0,0,0.0,0
444,CASH_OUT,1125.77,C5031086659,1067.25,0.0,C9798548049,8.93,8.93,1,0.4066666666666667,0
582,DEBIT,1604.17,C6089026099,1858.38,254.21,M7050091525,0.0,0.0,0,0.03333333333333333,0
656,PAYMENT,23.24,C6305160342,48.36,25.12,M7453081889,0.0,0.0,0,0.0,0
563,CASH_OUT,3259.67,C8468071953,4554.36,1294.69,M9620935604,0.0,0.0,1,0.02,0
530,CASH_OUT,1585.56,C3088517710,1804.24,218.68,M5990749811,0.0,0.0,1,0.03,0
69,PAYMENT,39.24,C6173344564,47.17,7.93,M5412437658,0.0,0.0,0,0.0,0
631,DEBIT,1.0,C8675071314,0.0,0.0,M8389750357,0.0,0.0,0,0.05333333333333334,0
435,CASH_OUT,1076.97,C6122110529,1005.67,0.0,M6515490818,0.0,0.0,1,0.4033333333333333,0
333,PAYMENT,1.0,C1855256552,0.0,0.0,M9021793855,0.0,0.0,0,0.0,0
567,CASH_OUT,270.86,C1798112150,296.19,25.33,M1999913493,0.0,0.0,1,0.04,0
386,CASH_OUT,1027.88,C4735313433,858.65,0.0,M4211837506,0.0,0.0,1,0.18666666666666668,0
319,TRANSFER,1829.09,C2465576748,1602.74,0.0,M2695447268,0.0,0.0,1,0.42,0
351,CASH_OUT,4237.77,C3653594796,3726.08,0.0,M4390543744,0.0,0.0,1,0.13,0
711,PAYMENT,35.6,C4706249669,58.56,22.96,M7343954769,0.0,0.0,0,0.0,0
423,PAYMENT,1.0,C9909257076,0.0,0.0,M8821456242,0.0,0.0,0,0.0,0
390,TRANSFER,60.25,C7403028869,68.49,8.24,C9428056968,212.65,272.9,0,0.013333333333333334,0
591,CASH_OUT,1.0,C8300300577,0.0,0.0,C3598862507,0.0,0.0,0,0.06333333333333334,0
62,CASH_OUT,13138.94,C2214741296,18474.82,5335.88,C9954587710,11.81,11.81,1,0.0,0
720,TRANSFER,48.9,C6000009225,56.37,7.47,C8369792370,0.0,0.0,1,0.16666666666666666,0
638,PAYMENT,38.72,C4683935600,83975.65,83936.93,M3536590481,0.0,0.0,0,0.0,0
578,PAYMENT,2696.51,C8106401208,5863.41,3166.9,M3660800029,0.0,0.0,0,0.0,0
22,TRANSFER,1045.33,C9945002229,1384.42,339.09,C9248574674,2.03,2.03,1,0.10666666666666667,0
37,CASH_OUT,4144.56,C1131267917,4620.81,476.25,M3019265031,0.0,0.0,1,0.0,0
414,TRANSFER,21.26,C6131005449,54.58,33.32,C3201397080,4.12,25.38,0,0.12,0
606,PAYMENT,41.71,C9911329062,72.72,31.01,M3965860354,0.0,0.0,0,0.0,0
503,DEBIT,139.92,C6715961218,491.57,351.65,M6041646576,0.0,0.0,0,0.023333333333333334,0
77,TRANSFER,10.63,C1039887139,32.19,21.56,C1662259333,72.62,83.25,0,0.09,0
677,PAYMENT,1.0,C9922723063,0.0,0.0,M2129491690,0.0,0.0,0,0.0,0
671,TRANSFER,1.0,C1430073711,0.0,0.0,C4102821948,76.5,77.5,0,0.16,0
707,CASH_IN,13661.56,C2704657157,6.18,13667.74,C1660370908,0.0,0.0,0,0.0,0
642,PAYMENT,6.17,C9376277483,20.45,14.28,M2916502228,0.0,0.0,0,0.0,0
62,TRANSFER,3.41,C9954587710,11.81,8.4,C1051354601,0.3,3.71,0,0.16333333333333333,0
629,TRANSFER,35.56,C8933377472,61.84,26.28,C5293274004,0.0,35.56,0,0.17666666666666667,0
576,TRANSFER,3758.32,C3521300895,4187.84,429.52,C7805745017,1120.91,1120.91,1,0.05333333333333334,0
410,CASH_OUT,3897.85,C7417183769,4863.16,965.31,M8366710477,0.0,0.0,1,0.02666666666666667,0
365,TRANSFER,5050.03,C9958044697,4710.25,0.0,M5380159400,0.0,0.0,1,0.74,1
78,DEBIT,1.0,C6991473746,0.0,0.0,M8218146534,0.0,0.0,0,0.03,0
692,TRANSFER,2886.67,C1370292681,3316.57,429.9,C3520417815,96.74,2983.41,0,0.03333333333333333,0
592,PAYMENT,3238.99,C5035765954,23957.31,20718.32,M1692044390,0.0,0.0,0,0.0,0
468,PAYMENT,5066.78,C7648059419,82857.28,77790.5,M5315720088,0.0,0.0,0,0.0,0
151,TRANSFER,313.23,C6206015111,1015.71,702.48,C4736031885,41690.76,42003.99,0,0.0,0
680,PAYMENT,1.0,C5879617459,0.0,0.0,M1413599241,0.0,0.0,0,0.0,0
71,TRANSFER,1203.84,C2480915452,137175.28,135971.44,C3144490990,4.07,1207.91,0,0.0033333333333333335,0
517,DEBIT,57.97,C8281641403,79.67,21.7,M9773795424,0.0,0.0,0,0.03333333333333333,0
308,PAYMENT,1.0,C7823288650,0.0,0.0,M1694904767,0.0,0.0,0,0.0,0
157,CASH_IN,71109.06,C2111272861,100.91,71209.97,C7473868020,0.0,0.0,0,0.0,0
411,CASH_OUT,2297.25,C6000952470,3199.39,902.14,M8643636805,0.0,0.0,1,0.03666666666666667,0
630,TRANSFER,1.0,C7004964045,0.0,0.0,C5125568431,428.4,429.4,0,0.10666666666666667,0
383,TRANSFER,2529.57,C3884642366,3266.32,736.75,C2178158203,2831.95,5361.52,0,0.0,0
694,CASH_OUT,4043.4,C5646751885,3758.43,0.0,M8044997538,0.0,0.0,1,0.23333333333333334,0
407,TRANSFER,3957.05,C1225953184,3649.17,0.0,M6401844042,0.0,0.0,1,0.7633333333333333,1
584,PAYMENT,1.0,C5763350700,1.69,0.69,M3208200227,0.0,0.0,0,0.0,0
206,TRANSFER,63.98,C2586568081,85.61,21.63,C7623575561,22.55,86.53,0,0.11,0
371,PAYMENT,179.21,C9461708554,262.16,82.95,M6651020291,0.0,0.0,0,0.0,0
12,PAYMENT,78.33,C2311597141,120.54,42.21,M7532669066,0.0,0.0,0,0.0,0
535,CASH_OUT,27.46,C6929897032,89.54,62.08,C5694628398,1.0,1.0,0,0.03666666666666667,0
66,TRANSFER,1155.09,C1271730355,1527.49,372.4,C3667292043,346.58,1501.67,0,0.0033333333333333335,0
560,TRANSFER,1.0,C4633257620,0.0,0.0,C7660813178,52.83,53.83,0,0.17,0
702,PAYMENT,9.16,C6884333221,17.45,8.29,M4035639663,0.0,0.0,0,0.0,0
2,TRANSFER,55.53,C7637761996,73.67,18.14,C5297902885,353.22,353.22,1,0.016666666666666666,0
561,DEBIT,10380.84,C2071552532,21131.73,10750.89,M9065458220,0.0,0.0,0,0.03333333333333333,0
650,TRANSFER,2768.31,C5483308751,2449.7,0.0,C8737025391,28.04,28.04,1,0.7866666666666666,1
691,TRANSFER,2.15,C8309221034,6.29,4.14,C2020262123,2.79,4.94,0,0.17333333333333334,0
556,PAYMENT,48.48,C8316648259,105.02,56.54,M9933702652,0.0,0.0,0,0.0,0
608,DEBIT,120.73,C8902114913,196.54,75.81,M2541015125,0.0,0.0,0,0.02666666666666667,0
245,TRANSFER,1.0,C4227004325,0.0,0.0,C1624173500,2031.33,2032.33,0,0.01,0
339,PAYMENT,5.07,C8880079328,9.26,4.19,M9444143872,0.0,0.0,0,0.0,0
60,TRANSFER,3501.1,C4178659381,3781.58,280.48,C1104906255,2.64,2.64,1,0.21333333333333335,0
302,TRANSFER,1805.69,C7808938880,1558.74,0.0,M7750131975,0.0,0.0,1,0.4,0
100,TRANSFER,1071.51,C1281199333,1218.54,147.03,M2187592160,0.0,0.0,1,0.17,0
27,TRANSFER,3189.1,C6242173772,3090.55,0.0,M4952177946,0.0,0.0,1,0.77,1
346,CASH_OUT,1131.93,C3875303857,988.61,0.0,M4125758723,0.0,0.0,1,0.14666666666666667,0
620,CASH_OUT,1.0,C2289624427,0.0,0.0,C3693985578,0.0,0.0,0,0.06333333333333334,0
523,PAYMENT,12.95,C5724657556,18614.6,18601.65,M7532669066,0.0,0.0,0,0.0,0
179,TRANSFER,7.89,C6161147047,9.77,1.88,C7248258423,103.02,110.91,0,0.043333333333333335,0
604,CASH_OUT,7.35,C7640078465,16.76,9.41,C2960488639,12.66,12.66,0,0.03,0
59,CASH_OUT,60.95,C7623575561,86.53,25.58,M1694904767,0.0,0.0,1,0.0033333333333333335,0
471,TRANSFER,98.45,C3931997465,388.34,289.89,C4990452762,206.26,304.71,0,0.043333333333333335,0
542,PAYMENT,1.0,C9697414638,0.0,0.0,M2328736852,0.0,0.0,0,0.0,0
452,TRANSFER,4795.32,C8180620422,4557.44,0.0,M3297681898,0.0,0.0,1,0.9033333333333333,1
616,TRANSFER,1.0,C7808938880,0.0,0.0,C3420671425,50.79,51.79,0,0.18,0
110,CASH_OUT,1410.72,C4322510552,1527.04,116.32,M7532669066,0.0,0.0,1,0.0033333333333333335,0
239,TRANSFER,3.22,C3476426797,3.69,0.47,C1430073711,0.0,3.22,0,0.23,0
91,TRANSFER,1873.99,C6922713963,2358.13,484.14,C7894019119,0.0,0.0,1,0.18666666666666668,0
59,CASH_OUT,123.74,C8730507757,109.45,0.0,M8667946580,0.0,0.0,1,0.006666666666666667,0
260,CASH_OUT,1.0,C2099184899,0.0,0.0,C3479708607,0.0,0.0,0,0.02666666666666667,0
143,PAYMENT,1775.37,C8757570742,2377.34,601.97,M4160161496,0.0,0.0,0,0.0,0
312,TRANSFER,1.0,C9771848610,0.34,0.0,C7243352390,26.61,27.61,0,0.16666666666666666,0
392,TRANSFER,442.33,C7499349987,636.42,194.09,C7805633786,4.53,446.86,0,0.013333333333333334,0
82,PAYMENT,1702.84,C6320115677,1976.4,273.56,M4158643786,0.0,0.0,0,0.0,0
252,PAYMENT,284.65,C9691572571,604.36,319.71,M1783432867,0.0,0.0,0,0.0,0
669,CASH_OUT,635.78,C5584288132,666.98,31.2,C1799718923,0.38,0.38,1,0.02666666666666667,0
79,TRANSFER,3363.23,C3338877621,4207.73,844.5,C9274189261,201.66,201.66,1,0.03,0
316,CASH_OUT,46.89,C9851745648,151.51,104.62,C8252045593,12360.88,12360.88,0,0.0033333333333333335,0
6,TRANSFER,852.84,C7517938612,938.67,85.83,C4067961943,0.0,0.0,1,0.17,0
454,CASH_IN,105.75,C1242425303,188.14,293.89,C3465883999,121226.85,121226.85,0,0.0,0
699,CASH_IN,10268.53,C6313758032,0.76,10269.29,C9218363978,10.31,10.31,0,0.0,0
700,TRANSFER,1.0,C2554039848,0.0,0.0,C1036351450,3.37,4.37,0,0.21333333333333335,0
269,PAYMENT,4182.54,C3271361431,5173.35,990.81,M9558906999,0.0,0.0,0,0.0,0
244,CASH_OUT,87.1,C6649827836,93.83,6.73,M3536590481,0.0,0.0,1,0.01,0
575,PAYMENT,1.0,C8102515984,0.0,0.0,M6999146585,0.0,0.0,0,0.0,0
219,CASH_IN,66749.04,C9155819200,16.87,66765.91,C9274189261,201.66,201.66,0,0.0,0
403,TRANSFER,500.45,C2424706705,616.86,116.41,C4131356954,4510.37,4510.37,1,0.0,0
48,PAYMENT,2.1,C7556046460,2.38,0.28,M4460319291,0.0,0.0,0,0.0,0
279,CASH_OUT,215.11,C6121801720,278.38,63.27,M6053489772,0.0,0.0,1,0.0033333333333333335,0
237,PAYMENT,1.0,C8795212264,0.0,0.0,M3019265031,0.0,0.0,0,0.0,0
241,CASH_OUT,988.18,C9986353481,956.94,0.0,M5714658227,0.0,0.0,1,0.11333333333333333,0
420,PAYMENT,2016.02,C8949781901,143749.56,141733.54,M3355504998,0.0,0.0,0,0.0,0
421,DEBIT,33.14,C7248258423,110.91,77.77,M8646369354,0.0,0.0,0,0.03,0
446,TRANSFER,3483.27,C2439622619,3964.61,481.34,M7951820749,0.0,0.0,1,0.29,0
260,DEBIT,200.24,C5067245523,434.94,234.7,M6606958660,0.0,0.0,0,0.01,0
367,TRANSFER,16.42,C1798112150,25.33,8.91,C9451577335,1412.69,1429.11,0,0.01,0
345,PAYMENT,1.12,C4345526911,5.28,4.16,M2635881694,0.0,0.0,0,0.0,0
200,CASH_OUT,1433.84,C7215110267,1725.24,291.4,M3660800029,0.0,0.0,1,0.0,0
391,TRANSFER,229.31,C8995970241,218.95,0.0,M3690714075,0.0,0.0,1,0.23,0
511,CASH_OUT,1.0,C9202102595,0.0,0.0,C9798613995,0.0,0.0,0,0.06,0
351,TRANSFER,2060.95,C7857580528,2287.88,226.93,M2773408660,0.0,0.0,1,0.19333333333333333,0
654,PAYMENT,1246.32,C3734252963,1299.51,53.19,M5794335854,0.0,0.0,0,0.0,0
565,TRANSFER,6025.39,C6037168610,5783.56,0.0,M9020002737,0.0,0.0,1,0.9633333333333334,1
519,PAYMENT,1.0,C1561417687,0.0,0.0,M1096405016,0.0,0.0,0,0.0,0
76,PAYMENT,42.05,C1676168421,56.62,14.57,M3660800029,0.0,0.0,0,0.0,0
690,CASH_OUT,975.6,C1205082311,993.23,17.63,M6692705133,0.0,0.0,1,0.03666666666666667,0
302,CASH_OUT,3860.49,C7664258343,4427.98,567.49,M6101516825,0.0,0.0,1,0.006666666666666667,0
584,PAYMENT,1125.18,C2111272861,71209.97,70084.79,M2418407139,0.0,0.0,0,0.0,0
291,PAYMENT,228.8,C7872873371,335.09,106.29,M4601406440,0.0,0.0,0,0.0,0
477,CASH_OUT,494.73,C1770278136,518.02,23.29,C2464137110,1409.57,1409.57,1,0.06,0
686,PAYMENT,1.0,C7161404428,0.0,0.0,M2916502228,0.0,0.0,0,0.0,0
702,TRANSFER,1.0,C5783809766,0.0,0.0,C4143852021,668.79,669.79,0,0.08,0
442,DEBIT,2.46,C6542943838,3.37,0.91,M6384311581,0.0,0.0,0,0.043333333333333335,0
480,CASH_OUT,1059.67,C5710360983,1158.34,98.67,M6361225622,0.0,0.0,1,0.07666666666666666,0
491,TRANSFER,321.64,C8199372599,373.75,52.11,M9441870024,0.0,0.0,1,0.17,0
70,TRANSFER,260.57,C9981691030,576.04,315.47,C6562144159,0.0,260.57,0,0.016666666666666666,0
180,DEBIT,1.0,C6725038117,0.0,0.0,M7437168216,0.0,0.0,0,0.03,0
638,CASH_OUT,1682.77,C3520417815,2983.41,1300.64,C6714723660,0.0,0.0,0,0.02,0
235,PAYMENT,116.41,C8719734235,249.64,133.23,M6744039057,0.0,0.0,0,0.0,0
408,PAYMENT,23.9,C4794276323,115.82,91.92,M3094407076,0.0,0.0,0,0.0,0
493,TRANSFER,37.0,C6761084958,122.22,85.22,C7266763552,8.04,45.04,0,0.14,0
9,TRANSFER,1101.16,C8419590655,1497.91,396.75,M9410569618,0.0,0.0,1,0.09666666666666666,0
592,TRANSFER,5354.02,C7894019119,4877.86,0.0,M3811254192,0.0,0.0,1,0.97,1
152,CASH_IN,81500.38,C8674224347,3932.78,85433.16,C9771848610,0.0,0.0,0,0.0,0
655,TRANSFER,2800.2,C4277561834,2813.77,13.57,C5036200310,92.22,92.22,1,0.2966666666666667,0
701,PAYMENT,1.0,C4147025728,1.0,0.0,M3605446007,0.0,0.0,0,0.0,0
602,PAYMENT,395.95,C5992908271,420.39,24.44,M3846182436,0.0,0.0,0,0.0,0
407,TRANSFER,5658.63,C9248046539,8417.32,2758.69,C1124331395,29.35,5687.98,0,0.01,0
208,TRANSFER,9664.19,C9462806178,31572.34,21908.15,C1182758417,0.0,9664.19,0,0.0,0
523,TRANSFER,73.39,C3196545325,992.45,919.06,C5872148707,2.85,76.24,0,0.14333333333333334,0
462,PAYMENT,1.0,C7910439839,0.0,0.0,M4865979921,0.0,0.0,0,0.0,0
538,PAYMENT,183.62,C3946766309,259.41,75.79,M3566125120,0.0,0.0,0,0.0,0
56,DEBIT,408.48,C3880327491,622.11,213.63,M3355504998,0.0,0.0,0,0.01,0
323,PAYMENT,127.89,C8943866829,197.62,69.73,M9523139706,0.0,0.0,0,0.0,0
236,TRANSFER,17.87,C7825844140,22.52,4.65,C6548442140,2.32,20.19,0,0.16666666666666666,0
196,CASH_OUT,81.04,C1736086849,94.61,13.57,C8180620422,0.0,0.0,1,0.0033333333333333335,0
590,PAYMENT,62.41,C4880176825,2146.58,2084.17,M8102481401,0.0,0.0,0,0.0,0
64,CASH_OUT,496.67,C5294535887,437.06,0.0,M5535650160,0.0,0.0,1,0.02,0
479,PAYMENT,75.42,C1400330495,91.4,15.98,M9404002665,0.0,0.0,0,0.0,0
378,PAYMENT,1.0,C4471642620,0.0,0.0,M1783432867,0.0,0.0,0,0.0,0
87,CASH_OUT,4453.41,C7561728644,4406.29,0.0,M2555936898,0.0,0.0,1,0.05,0
263,DEBIT,6.57,C3567900251,11.83,5.26,M4952177946,0.0,0.0,0,0.02,0
595,PAYMENT,160.03,C8689593739,181.23,21.2,M7764117705,0.0,0.0,0,0.0,0
493,PAYMENT,1.0,C7340428136,0.39,0.0,M1199447370,0.0,0.0,0,0.0,0
280,PAYMENT,1.0,C9697414638,0.0,0.0,M9918338001,0.0,0.0,0,0.0,0
580,TRANSFER,30.84,C9623534576,48.61,17.77,C3197757742,13.13,43.97,0,0.14333333333333334,0
594,CASH_OUT,1.0,C8055556030,0.0,0.0,C1602569046,84.68,84.68,0,0.05333333333333334,0
137,PAYMENT,1.0,C5693307665,0.0,0.0,M8874242713,0.0,0.0,0,0.0,0
543,PAYMENT,16.83,C1717346250,112.22,95.39,M3317856944,0.0,0.0,0,0.0,0
476,PAYMENT,1.0,C7631970791,0.0,0.0,M3536590481,0.0,0.0,0,0.0,0
579,CASH_OUT,609.28,C4079223686,1821.8,1212.52,C3383331379,1712.75,1712.75,0,0.01,0
111,CASH_OUT,56.28,C3144490990,1207.91,1151.63,C7508080884,11.71,11.71,0,0.006666666666666667,0
541,PAYMENT,102.28,C5306459450,130.48,28.2,M8626371177,0.0,0.0,0,0.0,0
504,TRANSFER,299.78,C1952396600,373.78,74.0,C4147025728,0.0,299.78,1,0.07666666666666666,0
702,PAYMENT,444.39,C6493800024,556.17,111.78,M3317856944,0.0,0.0,0,0.0,0
47,PAYMENT,1.0,C8624454880,1.86,0.86,M3107992942,0.0,0.0,0,0.0,0
266,PAYMENT,1.43,C4719780110,2.13,0.7,M7702529931,0.0,0.0,0,0.0,0
278,PAYMENT,17237.75,C1387652480,102468.02,85230.27,M3313346852,0.0,0.0,0,0.0,0
623,CASH_OUT,4.64,C9533595495,6.87,2.23,C7638836058,1.16,1.16,0,0.043333333333333335,0
395,CASH_OUT,1212.09,C2948728483,2828.45,1616.36,C3117951204,0.0,0.0,0,0.01,0
110,PAYMENT,23.34,C5492496998,90.33,66.99,M1083302600,0.0,0.0,0,0.0,0
467,TRANSFER,1.0,C8418332121,0.0,0.0,C3377702111,79348.3,79349.3,0,0.0,0
370,PAYMENT,1.0,C7561728644,0.0,0.0,M5412437658,0.0,0.0,0,0.0,0
386,TRANSFER,568.12,C6169243284,633.16,65.04,M1802753761,0.0,0.0,1,0.16666666666666666,0
419,TRANSFER,2806.63,C8039917766,2973.11,166.48,C4956362540,0.0,2806.63,1,0.06,0
715,TRANSFER,506.29,C9860949331,580.72,74.43,M4211837506,0.0,0.0,1,0.17,0
83,TRANSFER,1.0,C8132531532,0.0,0.0,C5625342041,327.89,328.89,0,0.016666666666666666,0
117,PAYMENT,132.55,C4282810353,196.59,64.04,M5000316394,0.0,0.0,0,0.0,0
365,PAYMENT,1.0,C3095318649,0.0,0.0,M2571632270,0.0,0.0,0,0.0,0
395,TRANSFER,743.15,C9078786223,650.67,0.0,M5714658227,0.0,0.0,1,0.2733333333333333,0
171,CASH_OUT,916.34,C1422701550,893.54,0.0,M3119908041,0.0,0.0,1,0.08333333333333333,0
509,TRANSFER,2679.92,C1521521078,3140.88,460.96,M3297681898,0.0,0.0,1,0.28,0
116,PAYMENT,20.02,C6884882440,40.99,20.97,M1199447370,0.0,0.0,0,0.0,0
181,DEBIT,7.41,C3574081104,9.56,2.15,M6771941776,0.0,0.0,0,0.023333333333333334,0
336,PAYMENT,4298.62,C7627266377,6426.34,2127.72,M7750131975,0.0,0.0,0,0.0,0
197,CASH_OUT,618.17,C9725528903,935.07,316.9,C8084809436,0.0,0.0,0,0.0033333333333333335,0
673,TRANSFER,1.87,C6674372082,5.2,3.33,C8285786023,35.81,37.68,0,0.13666666666666666,0
508,CASH_OUT,987.95,C9318010743,1284.3,296.35,C4807122420,0.0,0.0,1,0.03,0
310,PAYMENT,3.73,C9730449971,13.7,9.97,M4908108692,0.0,0.0,0,0.0,0
507,TRANSFER,4732.01,C1529290976,4198.89,0.0,M3297681898,0.0,0.0,1,0.94,1
45,DEBIT,1047.88,C2068687175,8846.11,7798.23,M6199197408,0.0,0.0,0,0.01,0
68,PAYMENT,317.93,C3978287288,456.38,138.45,M3690714075,0.0,0.0,0,0.0,0
303,TRANSFER,2694.11,C4683585586,2943.77,249.66,C8133593748,9574.59,12268.7,0,0.0,0
137,DEBIT,1.0,C6717963562,0.0,0.0,M9026301048,0.0,0.0,0,0.02666666666666667,0
5,DEBIT,1.0,C3528924461,0.0,0.0,M5985331805,0.0,0.0,0,0.03333333333333333,0
203,TRANSFER,3880.4,C8612747444,3632.54,0.0,M1357561213,0.0,0.0,1,0.8133333333333334,1
32,PAYMENT,10.87,C1676168421,14.57,3.7,M8366710477,0.0,0.0,0,0.0,0
708,TRANSFER,1.0,C9677466102,0.0,0.0,C2076341629,0.0,1.0,0,0.22666666666666666,0
53,CASH_OUT,7.01,C1041531046,11.5,4.49,C6576426590,31.55,31.55,0,0.0,0
284,TRANSFER,1274.56,C9957813353,1256.96,0.0,M6786043791,0.0,0.0,1,0.36333333333333334,0
179,TRANSFER,122.65,C8719734235,133.23,10.58,M9900829971,0.0,0.0,1,0.16,0
335,PAYMENT,34.41,C7979466538,74.25,39.84,M2604788242,0.0,0.0,0,0.0,0
459,TRANSFER,1223.48,C1205082311,1063.7,0.0,C2419931729,0.0,0.0,1,0.44,0
717,TRANSFER,1.0,C4163119785,0.0,0.0,C4536306171,9983.49,9984.49,0,0.0033333333333333335,0
455,TRANSFER,3964.4,C5141285960,4368.11,403.71,C7199283151,568.26,4532.66,1,0.03666666666666667,0
672,CASH_OUT,11.41,C4277561834,13.57,2.16,C7627266377,2127.72,2127.72,0,0.02,0
237,CASH_OUT,1044.42,C7904559790,1293.85,249.43,M9590331226,0.0,0.0,1,0.006666666666666667,0
443,PAYMENT,1.0,C7757700186,0.0,0.0,M9068916300,0.0,0.0,0,0.0,0
250,CASH_IN,36182.51,C1749459431,64.71,36247.22,C3480920839,71.34,71.34,0,0.0,0
326,TRANSFER,1388.5,C1121863227,1573.91,185.41,C3975704877,2817.13,4205.63,0,0.0033333333333333335,0
626,PAYMENT,1.0,C1855256552,0.0,0.0,M8727805468,0.0,0.0,0,0.0,0
457,PAYMENT,50.88,C1602569046,84.68,33.8,M2885370603,0.0,0.0,0,0.0,0
435,TRANSFER,1.0,C5647317872,0.0,0.0,C3033747850,101.49,102.49,0,0.12,0
162,PAYMENT,1.0,C3528924461,0.0,0.0,M6786043791,0.0,0.0,0,0.0,0
530,PAYMENT,1.0,C8471762590,0.0,0.0,M8768773991,0.0,0.0,0,0.0,0
404,PAYMENT,3.0,C7852415525,4.1,1.1,M6199197408,0.0,0.0,0,0.0,0
642,TRANSFER,5454.81,C6317189421,10236.88,4782.07,C6353758928,460.81,5915.62,0,0.03333333333333333,0
576,PAYMENT,10.44,C1657675888,28.27,17.83,M2249831874,0.0,0.0,0,0.0,0
383,CASH_OUT,839.76,C7620473079,778.11,0.0,C3197757742,43.97,43.97,1,0.16,0
491,PAYMENT,1.0,C3799264931,0.0,0.0,M9404002665,0.0,0.0,0,0.0,0
379,PAYMENT,1.0,C8132531532,0.0,0.0,M8548290298,0.0,0.0,0,0.0,0
315,TRANSFER,1.0,C4095476665,0.0,0.0,C5125568431,429.4,430.4,0,0.01,0
355,PAYMENT,3150.72,C1749459431,36247.22,33096.5,M8861351706,0.0,0.0,0,0.0,0
559,TRANSFER,1.31,C5600836559,2.73,1.42,C7596745715,0.0,1.31,0,0.18333333333333332,0
513,TRANSFER,2921.15,C4252504650,3302.7,381.55,M4456193555,0.0,0.0,1,0.30333333333333334,0
414,PAYMENT,13.45,C7027529118,15.62,2.17,M5891831621,0.0,0.0,0,0.0,0
499,PAYMENT,1.0,C1684598046,0.0,0.0,M1099218439,0.0,0.0,0,0.0,0
486,PAYMENT,576.87,C4660390742,1017.82,440.95,M9410569618,0.0,0.0,0,0.0,0
582,CASH_OUT,739.63,C8373547961,13761.77,13022.14,C2914126243,2093.31,2093.31,0,0.0033333333333333335,0
49,TRANSFER,1109.6,C6674372082,954.18,0.0,M1888107487,0.0,0.0,1,0.31666666666666665,0
575,PAYMENT,1.0,C5694190173,0.0,0.0,M5694439775,0.0,0.0,0,0.0,0
479,CASH_OUT,3703.9,C9248574674,3444.96,0.0,C3205292512,2057.93,2057.93,1,0.3233333333333333,0
476,CASH_OUT,8.52,C7958672456,746.98,738.46,C8075122626,0.29,0.29,0,0.04,0
329,TRANSFER,320.73,C1660370908,372.08,51.35,M7951820749,0.0,0.0,1,0.15,0
439,CASH_OUT,4304.35,C2616884203,4889.81,585.46,M6495967005,0.0,0.0,1,0.03333333333333333,0
665,TRANSFER,1984.81,C3426665919,1932.09,0.0,C3693916084,5.86,5.86,1,0.6933333333333334,1
157,TRANSFER,63.56,C6155234610,105.82,42.26,C3149533961,0.0,63.56,0,0.14666666666666667,0
718,PAYMENT,16.38,C9503597301,22.64,6.26,M4601406440,0.0,0.0,0,0.0,0
219,PAYMENT,8.65,C5689870435,27.74,19.09,M9098037639,0.0,0.0,0,0.0,0
671,CASH_OUT,342.06,C4627032705,444.0,101.94,M3508990774,0.0,0.0,1,0.02666666666666667,0
347,CASH_IN,10347.95,C9986353481,0.0,10347.95,C5269728610,107.12,107.12,0,0.0,0
240,PAYMENT,4457.81,C2633177480,5456.76,998.95,M8790289305,0.0,0.0,0,0.0,0
583,PAYMENT,1.0,C2047905204,0.0,0.0,M1257854279,0.0,0.0,0,0.0,0
323,PAYMENT,11.77,C5419627962,18.99,7.22,M7664045502,0.0,0.0,0,0.0,0
138,CASH_OUT,3732.8,C8471762590,3945.05,212.25,M8768773991,0.0,0.0,1,0.0,0
648,TRANSFER,1.0,C4356175095,2.8,1.8,C3294092753,119100.21,119101.21,0,0.0,0
697,DEBIT,14.65,C1230624431,38.34,23.69,M3094407076,0.0,0.0,0,0.03,0
343,TRANSFER,2536.19,C9806189256,3618.47,1082.28,M3580582653,0.0,0.0,1,0.16666666666666666,0
271,CASH_OUT,484.85,C6000952470,902.14,417.29,C3328710672,50.96,50.96,0,0.013333333333333334,0
621,CASH_OUT,192.96,C9318010743,296.35,103.39,C4490722186,244.82,244.82,0,0.02666666666666667,0
412,PAYMENT,501.52,C1392245997,852.32,350.8,M8768773991,0.0,0.0,0,0.0,0
466,TRANSFER,84917.97,C4641561499,71957.61,0.0,C9303285822,285.39,285.39,1,0.45666666666666667,0
375,PAYMENT,1.0,C7625464411,0.0,0.0,M1368287033,0.0,0.0,0,0.0,0
714,CASH_OUT,23.45,C5150074940,92.57,69.12,C8598503901,48.49,48.49,0,0.03,0
699,CASH_OUT,3059.75,C9715314442,53272.12,50212.37,C7099469983,852.86,852.86,0,0.0,0
455,PAYMENT,94.13,C6704841644,374.11,279.98,M8443061472,0.0,0.0,0,0.0,0
187,CASH_OUT,2035.46,C3313993297,2004.62,0.0,M9625656293,0.0,0.0,1,0.04666666666666667,0
521,CASH_OUT,1.04,C2351531223,1.63,0.59,C7088451458,27950.35,27950.35,0,0.013333333333333334,0
64,TRANSFER,1.0,C8132531532,0.0,0.0,C1051354601,3.71,4.71,0,0.2,0
120,TRANSFER,1886.7,C4419410162,1686.77,0.0,M3566125120,0.0,0.0,1,0.4266666666666667,0
126,TRANSFER,93.1,C4322510552,116.32,23.22,M8218146534,0.0,0.0,1,0.15,0
100,TRANSFER,1320.65,C2266622851,1433.35,112.7,C7242730249,0.0,0.0,1,0.19666666666666666,0
386,PAYMENT,4.79,C7602474923,10.24,5.45,M7664045502,0.0,0.0,0,0.0,0
266,PAYMENT,198.75,C9842186844,250.67,51.92,M3317856944,0.0,0.0,0,0.0,0
142,PAYMENT,3741.78,C1182758417,9664.19,5922.41,M6247463262,0.0,0.0,0,0.0,0
118,TRANSFER,2585.71,C5802739154,3610.4,1024.69,C2227193073,67.16,67.16,1,0.08333333333333333,0
197,CASH_OUT,34.93,C8394040015,37.99,3.06,C5935852056,1108.51,1108.51,0,0.006666666666666667,0
31,PAYMENT,495.89,C4143852021,669.79,173.9,M7366396017,0.0,0.0,0,0.0,0
527,PAYMENT,32.8,C4201225242,82.0,49.2,M6744039057,0.0,0.0,0,0.0,0
52,CASH_OUT,3622.58,C8184602688,4300.62,678.04,M5815678365,0.0,0.0,1,0.0,0
184,CASH_OUT,394.88,C8291250562,486.48,91.6,C2870403050,241.19,241.19,1,0.013333333333333334,0
208,PAYMENT,844.98,C4786674545,20765.34,19920.36,M6651754819,0.0,0.0,0,0.0,0
310,CASH_OUT,1548.74,C5586143660,3365.94,1817.2,C3420671425,51.79,51.79,0,0.006666666666666667,0
66,CASH_OUT,1.0,C1799718923,0.38,0.0,C2452066459,3.13,3.13,0,0.0033333333333333335,0
450,TRANSFER,16895.34,C3185089287,132173.09,115277.75,C4097887746,0.0,16895.34,0,0.0033333333333333335,0
166,TRANSFER,3119.9,C6947080764,3887.07,767.17,C4282810353,64.04,64.04,1,0.10333333333333333,0
528,CASH_OUT,13885.02,C8133593748,12268.7,0.0,M2115406331,0.0,0.0,1,0.19333333333333333,0
90,CASH_OUT,417.45,C8617360361,526.73,109.28,C5284391408,1.29,1.29,1,0.006666666666666667,0
1,CASH_OUT,375.04,C6588316233,357.12,0.0,C2242377075,366.22,366.22,1,0.023333333333333334,0
662,CASH_OUT,1995.02,C1977515194,2464.22,469.2,C6169243284,65.04,65.04,1,0.023333333333333334,0
680,PAYMENT,7730.79,C7534583219,108077.06,100346.27,M1466305100,0.0,0.0,0,0.0,0
214,PAYMENT,1.0,C1099541460,0.0,0.0,M9916475897,0.0,0.0,0,0.0,0
687,TRANSFER,1.0,C2973888646,0.15,0.0,C8624454880,0.86,1.86,0,0.22,0
187,CASH_OUT,1.0,C3316787198,1.65,0.65,C6618965944,92078.35,92078.35,0,0.0,0
684,PAYMENT,1.0,C7638836058,1.16,0.16,M3072183247,0.0,0.0,0,0.0,0
107,PAYMENT,13.09,C6276339732,48.35,35.26,M7664045502,0.0,0.0,0,0.0,0
220,TRANSFER,1.0,C4413838650,0.0,0.0,C8151583833,0.0,1.0,0,0.23,0
41,PAYMENT,1.0,C6942989052,0.0,0.0,M6606958660,0.0,0.0,0,0.0,0
676,CASH_OUT,10164.5,C8086684009,131939.66,121775.16,C4067213499,606.65,606.65,0,0.0033333333333333335,0
441,PAYMENT,490.39,C3260842187,1191.54,701.15,M7678293431,0.0,0.0,0,0.0,0
503,TRANSFER,1.0,C7374584386,0.0,0.0,C6717963562,0.0,1.0,0,0.22333333333333333,0
619,PAYMENT,1.0,C3047869247,0.0,0.0,M2418407139,0.0,0.0,0,0.0,0
299,PAYMENT,8357.65,C6287793163,149386.78,141029.13,M2655546199,0.0,0.0,0,0.0,0
101,TRANSFER,1263.16,C9780187424,1400.05,136.89,C3328710672,50.96,1314.12,1,0.006666666666666667,0
98,TRANSFER,4.89,C6884333221,8.29,3.4,C1857596764,225.3,230.19,0,0.03,0
584,DEBIT,1.0,C6904897514,0.0,0.0,M7437168216,0.0,0.0,0,0.04666666666666667,0
709,DEBIT,1.0,C5150090143,0.0,0.0,M3355504998,0.0,0.0,0,0.04666666666666667,0
343,CASH_OUT,3679.54,C3426709025,3976.31,296.77,M8389750357,0.0,0.0,1,0.013333333333333334,0
416,PAYMENT,1.0,C9553561889,0.32,0.0,M9822499208,0.0,0.0,0,0.0,0
82,CASH_OUT,2.59,C3828935922,7.48,4.89,C2140169349,138326.26,138326.26,0,0.0033333333333333335,0
132,CASH_OUT,533.45,C7010379415,621.7,88.25,M1692044390,0.0,0.0,1,0.0033333333333333335,0
195,PAYMENT,1.0,C7736142481,0.0,0.0,M7512767226,0.0,0.0,0,0.0,0
137,PAYMENT,5.53,C1600566083,13.66,8.13,M1857561275,0.0,0.0,0,0.0,0
285,TRANSFER,13.16,C1602569046,33.8,20.64,C8527715219,119.49,132.65,0,0.03,0
541,PAYMENT,113.3,C3965572185,205.19,91.89,M7951820749,0.0,0.0,0,0.0,0
261,CASH_OUT,2414.65,C8458717057,2937.26,522.61,C9123612497,12.72,12.72,1,0.0033333333333333335,0
319,TRANSFER,1.0,C9279291478,0.0,0.0,C3346569443,376.01,377.01,0,0.01,0
335,CASH_OUT,306.59,C4602080228,294.34,0.0,C2009317340,0.0,0.0,1,0.05333333333333334,0
594,CASH_OUT,59.41,C2327372855,51.14,0.0,C3434757387,0.0,0.0,1,0.06333333333333334,0
444,CASH_OUT,17.15,C5140460939,50.78,33.63,C6822870815,673.88,673.88,0,0.05,0
205,PAYMENT,1.0,C6991473746,0.0,0.0,M1692044390,0.0,0.0,0,0.0,0
241,DEBIT,33.82,C8318855178,71.98,38.16,M7351460539,0.0,0.0,0,0.02,0
418,CASH_OUT,3777.38,C2343100352,4705.43,928.05,C7882206934,2.67,2.67,0,0.03,0
361,CASH_OUT,362.74,C3346569443,377.01,14.27,M6282009986,0.0,0.0,1,0.02666666666666667,0
256,PAYMENT,471.04,C7183058541,659.95,188.91,M2604788242,0.0,0.0,0,0.0,0
95,CASH_OUT,3170.34,C7601519165,2932.03,0.0,M4689605624,0.0,0.0,1,0.05,0
253,TRANSFER,4717.8,C8388580360,4062.38,0.0,M4306983924,0.0,0.0,1,0.8233333333333334,1
106,TRANSFER,2.66,C2349641712,7.15,4.49,C8969097897,0.0,2.66,0,0.17,0
165,DEBIT,621.32,C7519578899,761.46,140.14,M5315720088,0.0,0.0,0,0.016666666666666666,0
512,TRANSFER,78.14,C5269728610,107.12,28.98,M9255306810,0.0,0.0,1,0.17666666666666667,0
679,PAYMENT,1.0,C4636537575,0.0,0.0,M8643636805,0.0,0.0,0,0.0,0
457,CASH_OUT,100.24,C6043349038,249.81,149.57,C6795522649,0.0,0.0,0,0.04,0
373,CASH_OUT,3239.81,C6587537178,2980.23,0.0,C5659161352,733.08,733.08,1,0.1,0
276,TRANSFER,1093.64,C3783290795,1281.87,188.23,M8626371177,0.0,0.0,1,0.11333333333333333,0
514,TRANSFER,3579.02,C6009268066,4915.43,1336.41,M3119908041,0.0,0.0,1,0.31333333333333335,0
486,TRANSFER,1.0,C9857430687,0.0,0.0,C5783809766,0.0,1.0,0,0.23,0
440,TRANSFER,6.63,C3367665472,24.43,17.8,C9421518487,1595.34,1601.97,0,0.04666666666666667,0
441,PAYMENT,1.0,C7596745715,1.31,0.31,M7437168216,0.0,0.0,0,0.0,0
427,CASH_OUT,2142.92,C4473306055,2984.51,841.59,M5380159400,0.0,0.0,1,0.04666666666666667,0
527,PAYMENT,1172.29,C2948728483,1616.36,444.07,M3019265031,0.0,0.0,0,0.0,0
433,PAYMENT,1.0,C1306702926,0.0,0.0,M9620935604,0.0,0.0,0,0.0,0
491,PAYMENT,1.02,C6153541642,1.57,0.55,M3208200227,0.0,0.0,0,0.0,0
400,TRANSFER,4470.44,C3875303857,4552.73,82.29,C6628158856,69653.05,69653.05,1,0.0,0
13,CASH_OUT,28.74,C8417757797,31.73,2.99,C2017675569,0.0,0.0,0,0.006666666666666667,0
397,TRANSFER,428.12,C6619138852,389.55,0.0,M6247463262,0.0,0.0,1,0.23333333333333334,0
665,PAYMENT,1.0,C4034047118,0.0,0.0,M7570511906,0.0,0.0,0,0.0,0
445,PAYMENT,18.87,C6402580787,23.7,4.83,M3517195150,0.0,0.0,0,0.0,0
236,TRANSFER,25.86,C8293453178,38.06,12.2,C6805759868,2188.28,2214.14,0,0.0,0
225,TRANSFER,1751.48,C3369305560,2241.51,490.03,C8046300793,6250.67,8002.15,1,0.006666666666666667,0
205,TRANSFER,1.09,C1600406558,1.25,0.16,C4356175095,1.8,2.89,0,0.23,0
534,TRANSFER,3406.25,C8750840032,4430.25,1024.0,M6011842297,0.0,0.0,1,0.30666666666666664,0
704,TRANSFER,1437.2,C7540301973,1602.83,165.63,M3965860354,0.0,0.0,1,0.20333333333333334,0
701,PAYMENT,1.0,C7100408092,0.0,0.0,M8138332494,0.0,0.0,0,0.0,0
137,TRANSFER,4887.74,C7620473079,4843.02,0.0,C6037168610,0.0,0.0,1,0.7666666666666667,1
418,CASH_OUT,38.43,C2014766981,50.34,11.91,C2266622851,112.7,112.7,0,0.05,0
597,TRANSFER,1716.24,C7601519165,1470.46,0.0,C3887823121,686.4,686.4,1,0.2733333333333333,0
595,PAYMENT,1.0,C5150090143,0.0,0.0,M9288057824,0.0,0.0,0,0.0,0
589,TRANSFER,654.56,C5736462531,710.25,55.69,C7199283151,4532.66,5187.22,0,0.03,0
361,TRANSFER,22.21,C7098134112,27.3,5.09,C4427620889,143.09,165.3,0,0.02666666666666667,0
612,TRANSFER,634.28,C8612747444,580.11,0.0,M2155671697,0.0,0.0,1,0.27,0
584,PAYMENT,1.0,C2653032484,0.0,0.0,M6401844042,0.0,0.0,0,0.0,0
366,TRANSFER,3176.58,C5695387521,2710.39,0.0,M4689605624,0.0,0.0,1,0.7366666666666667,1
113,PAYMENT,5.62,C8293453178,12.2,6.58,M3811254192,0.0,0.0,0,0.0,0
528,DEBIT,135.62,C5439176290,329.41,193.79,M6498703287,0.0,0.0,0,0.023333333333333334,0
34,CASH_OUT,703.62,C3806215682,71713.1,71009.48,C7858937483,327.15,327.15,0,0.0,0
198,TRANSFER,1284.72,C4550353803,1632.29,347.57,C1553155490,335.36,1620.08,0,0.0033333333333333335,0
644,PAYMENT,1.0,C1684598046,0.0,0.0,M6894024976,0.0,0.0,0,0.0,0
337,CASH_OUT,9.08,C1818112342,10.92,1.84,C9691572571,319.71,319.71,0,0.013333333333333334,0
190,DEBIT,3570.3,C9086117171,5586.67,2016.37,M8366710477,0.0,0.0,0,0.02,0
683,TRANSFER,4483.7,C3313993297,4678.02,194.32,M1811839103,0.0,0.0,1,0.33,0
454,TRANSFER,3671.29,C7801948900,6185.15,2513.86,C8229344434,1.0,3672.29,0,0.03333333333333333,0
661,TRANSFER,3524.37,C3117951204,4780.07,1255.7,M3831598303,0.0,0.0,1,0.31666666666666665,0
315,CASH_OUT,3070.94,C6128695961,2718.46,0.0,M5794335854,0.0,0.0,1,0.12,0
716,TRANSFER,66.64,C5461537013,66.68,0.04,C2554039848,0.0,0.0,1,0.22333333333333333,0
486,CASH_OUT,4.22,C6110646714,14.1,9.88,C2801177461,0.0,0.0,0,0.043333333333333335,0
57,TRANSFER,8.47,C7508080884,11.71,3.24,C6201313620,0.0,8.47,0,0.17333333333333334,0
296,PAYMENT,1152.51,C3791027186,2620.78,1468.27,M9576264323,0.0,0.0,0,0.0,0
302,PAYMENT,197.12,C4062777850,897.1,699.98,M4390543744,0.0,0.0,0,0.0,0
380,CASH_OUT,56098.38,C8453283834,70555.18,14456.8,C9558091177,0.0,0.0,0,0.006666666666666667,0
348,TRANSFER,1815.48,C6515369278,2290.05,474.57,C2948728483,444.07,444.07,1,0.006666666666666667,0
706,CASH_IN,47777.87,C6358023411,0.0,47777.87,C6289150149,0.0,0.0,0,0.0,0
505,PAYMENT,1.0,C4159699467,0.0,0.0,M3580582653,0.0,0.0,0,0.0,0
54,CASH_OUT,374.07,C2647489402,474.05,99.98,M9590331226,0.0,0.0,1,0.0,0
308,CASH_OUT,39.57,C2311597141,42.21,2.64,C8241550421,14.91,14.91,0,0.016666666666666666,0
575,PAYMENT,1.0,C6711463258,0.0,0.0,M4158643786,0.0,0.0,0,0.0,0
92,PAYMENT,1.53,C4277561834,2.16,0.63,M4460319291,0.0,0.0,0,0.0,0
499,DEBIT,505.59,C7801180691,3964.29,3458.7,M9918338001,0.0,0.0,0,0.02666666666666667,0
546,CASH_OUT,158.85,C9691572571,319.71,160.86,C2616884203,585.46,585.46,0,0.03,0
144,PAYMENT,2.52,C7287517250,3.31,0.79,M2418407139,0.0,0.0,0,0.0,0
351,TRANSFER,6051.89,C3980491761,7911.64,1859.75,C4880176825,2084.17,8136.06,0,0.0,0
429,PAYMENT,1.0,C6719736115,0.0,0.0,M9021793855,0.0,0.0,0,0.0,0
630,PAYMENT,12140.37,C5856127658,118274.44,106134.07,M1466305100,0.0,0.0,0,0.0,0
359,CASH_OUT,10.07,C9514255777,14.74,4.67,C9479654136,0.0,0.0,0,0.023333333333333334,0
633,TRANSFER,692.53,C2416760621,701.64,9.11,C2891100776,45.94,45.94,1,0.13666666666666666,0
112,PAYMENT,15418.21,C8477300991,62009.32,46591.11,M4456193555,0.0,0.0,0,0.0,0
36,CASH_OUT,1931.91,C1546957087,2290.08,358.17,M3517195150,0.0,0.0,1,0.0,0
147,TRANSFER,9.98,C3075362821,18.0,8.02,C8055556030,0.0,9.98,0,0.15,0
30,CASH_OUT,1.99,C3185089287,115277.75,115275.76,C7685540186,128.7,128.7,0,0.0,0
209,CASH_OUT,67276.15,C6618965944,92078.35,24802.2,C4102821948,77.5,77.5,0,0.0,0
669,TRANSFER,4.56,C5187948804,333.57,329.01,C2191714875,0.51,5.07,0,0.11333333333333333,0
579,PAYMENT,154.94,C4143852021,173.9,18.96,M1783432867,0.0,0.0,0,0.0,0
464,TRANSFER,2328.54,C6619138852,2594.46,265.92,M3508990774,0.0,0.0,1,0.29333333333333333,0
222,PAYMENT,51.56,C5364727160,164.76,113.2,M2885370603,0.0,0.0,0,0.0,0
572,PAYMENT,9.44,C8350384902,36.76,27.32,M1732578761,0.0,0.0,0,0.0,0
341,CASH_OUT,2614.19,C5428082088,2224.17,0.0,C9433570024,3.02,3.02,1,0.12666666666666668,0
330,DEBIT,1.3,C7920516981,1.88,0.58,M8643636805,0.0,0.0,0,0.04,0
637,CASH_OUT,79768.8,C7534583219,100346.27,20577.47,M2243802345,0.0,0.0,1,0.016666666666666666,0
719,PAYMENT,132.25,C3019214800,455.03,322.78,M8389750357,0.0,0.0,0,0.0,0
44,CASH_OUT,1034.82,C4972536230,1376.64,341.82,M1676220116,0.0,0.0,1,0.0033333333333333335,0
530,TRANSFER,152.55,C7292376027,195.92,43.37,C7088949191,0.0,152.55,0,0.09333333333333334,0
584,TRANSFER,89022.71,C1785418196,122106.47,33083.76,M3660800029,0.0,0.0,1,0.29,0
328,CASH_OUT,302.29,C3887823121,686.4,384.11,C5307145891,16.65,16.65,0,0.01,0
187,TRANSFER,1772.74,C4633257620,1484.03,0.0,M4158643786,0.0,0.0,1,0.38,0
70,DEBIT,1209.43,C7529817193,1430.47,221.04,M6744039057,0.0,0.0,0,0.01,0
349,CASH_OUT,1838.55,C1553155490,1620.08,0.0,M8044997538,0.0,0.0,1,0.13666666666666666,0
556,PAYMENT,1.0,C1422701550,0.0,0.0,M5891831621,0.0,0.0,0,0.0,0
634,CASH_OUT,1.0,C8236980551,0.0,0.0,C8375996697,0.0,0.0,0,0.06,0
556,PAYMENT,470.97,C1005502537,711.59,240.62,M9558906999,0.0,0.0,0,0.0,0
97,CASH_OUT,1.0,C3587283948,0.41,0.0,C2181241943,18.84,18.84,0,0.0,0
46,CASH_OUT,3684.4,C8832617672,3564.85,0.0,C7340428136,0.0,0.0,1,0.043333333333333335,0
351,PAYMENT,9154.58,C3605585995,118871.41,109716.83,M1676220116,0.0,0.0,0,0.0,0
365,PAYMENT,2906.65,C9633533290,19109.55,16202.9,M5937271321,0.0,0.0,0,0.0,0
587,PAYMENT,22.05,C8086172302,25.72,3.67,M7192742877,0.0,0.0,0,0.0,0
243,CASH_OUT,1385.74,C5268845844,1905.52,519.78,M8063693463,0.0,0.0,1,0.0033333333333333335,0
495,TRANSFER,23.29,C6645808194,24.68,1.39,C6305160342,25.12,48.41,0,0.14333333333333334,0
709,PAYMENT,14.12,C2254516608,33.24,19.12,M3019265031,0.0,0.0,0,0.0,0
626,PAYMENT,23.78,C7045593274,25.09,1.31,M3534186676,0.0,0.0,0,0.0,0
307,PAYMENT,19.52,C3396953414,89.85,70.33,M8903212516,0.0,0.0,0,0.0,0
137,PAYMENT,1.0,C9388140708,0.0,0.0,M2155671697,0.0,0.0,0,0.0,0
490,TRANSFER,1.0,C6048096802,1.76,0.76,C1676168421,3.7,4.7,0,0.17333333333333334,0
363,PAYMENT,1.0,C9388140708,0.0,0.0,M7341757401,0.0,0.0,0,0.0,0
133,CASH_IN,29003.71,C2382129132,0.0,29003.71,C4022245086,0.0,0.0,0,0.0,0
673,CASH_OUT,42.73,C3780439666,54.57,11.84,C4507822591,13.0,13.0,1,0.023333333333333334,0
95,DEBIT,335.67,C4660390742,440.95,105.28,M2571632270,0.0,0.0,0,0.016666666666666666,0
609,PAYMENT,21.36,C3245108207,25.52,4.16,M9441870024,0.0,0.0,0,0.0,0
111,CASH_OUT,13046.79,C6336171726,26980.26,13933.47,C5416031878,270.26,270.26,0,0.0,0
456,PAYMENT,40.62,C6726515966,50.24,9.62,M6732306182,0.0,0.0,0,0.0,0
10,PAYMENT,18.4,C8906163641,32.67,14.27,M9021793855,0.0,0.0,0,0.0,0
2,TRANSFER,1.0,C5694190173,0.0,0.0,C4509456565,0.0,1.0,0,0.23,0
473,CASH_OUT,3459.66,C4332894265,2902.73,0.0,C8137764127,0.0,0.0,1,0.35,0
129,TRANSFER,103.24,C5036200310,92.22,0.0,C6353758928,5915.62,5915.62,1,0.006666666666666667,0
517,TRANSFER,501.34,C1521521078,460.96,0.0,M2328736852,0.0,0.0,1,0.23333333333333334,0
527,PAYMENT,20.56,C5578056564,35.29,14.73,M8144352013,0.0,0.0,0,0.0,0
81,CASH_OUT,1.0,C2965718821,0.0,0.0,C9553561889,0.0,0.0,0,0.006666666666666667,0
144,CASH_OUT,135.28,C4776436931,61966.45,61831.17,C5884080139,625.62,625.62,0,0.0,0
612,PAYMENT,1.0,C7229869819,0.0,0.0,M2303835765,0.0,0.0,0,0.0,0
372,CASH_IN,15278.02,C9441018790,7.51,15285.53,C4466589567,2181.46,2181.46,0,0.0,0
680,CASH_OUT,3285.96,C3574081104,4499.93,1213.97,M9021793855,0.0,0.0,1,0.02,0
1,CASH_OUT,10.04,C7266763552,45.04,35.0,C6469458472,43.47,43.47,0,0.01,0
47,CASH_OUT,60184.81,C8086684009,121775.16,61590.35,C3674551397,2462.45,2462.45,0,0.0,0
652,TRANSFER,1.0,C3598862507,0.0,0.0,C7772180882,0.0,1.0,0,0.23,0
686,PAYMENT,1.0,C4455798713,0.0,0.0,M4908108692,0.0,0.0,0,0.0,0
193,PAYMENT,28.39,C7965608188,47.5,19.11,M4820942294,0.0,0.0,0,0.0,0
280,TRANSFER,4.13,C1792214339,12.22,8.09,C2295574037,0.0,4.13,0,0.16,0
90,CASH_OUT,7.5,C5307145891,16.65,9.15,C9484167278,27.08,27.08,0,0.0,0
66,PAYMENT,8.24,C9481076448,12.47,4.23,M3965860354,0.0,0.0,0,0.0,0
580,TRANSFER,67.98,C8531118333,160.88,92.9,C1104906255,2.64,70.62,0,0.16333333333333333,0
418,PAYMENT,1.0,C4419410162,0.0,0.0,M3469205576,0.0,0.0,0,0.0,0
320,CASH_OUT,2279.22,C7934137693,2764.94,485.72,M3119908041,0.0,0.0,1,0.006666666666666667,0
189,DEBIT,1.0,C8033062794,0.0,0.0,M3846182436,0.0,0.0,0,0.03,0
282,PAYMENT,5900.01,C6509985983,32568.46,26668.45,M9977193987,0.0,0.0,0,0.0,0
322,TRANSFER,135.75,C8684026200,207.03,71.28,C7825844140,4.65,140.4,0,0.043333333333333335,0
63,TRANSFER,180.72,C9454207717,207.38,26.66,C2377246195,126.39,126.39,1,0.03666666666666667,0
608,PAYMENT,1.0,C1173215225,1.0,0.0,M1666898313,0.0,0.0,0,0.0,0
178,PAYMENT,1.0,C2176904638,0.0,0.0,M7928143230,0.0,0.0,0,0.0,0
657,PAYMENT,1.0,C2720484983,0.0,0.0,M3831598303,0.0,0.0,0,0.0,0
614,CASH_OUT,1.0,C9650701349,0.0,0.0,C8923555411,0.0,0.0,0,0.06333333333333334,0
440,TRANSFER,134.34,C1558631501,266.72,132.38,C5329194647,61.14,195.48,0,0.056666666666666664,0
460,CASH_OUT,357.09,C2176904638,383.26,26.17,M3355504998,0.0,0.0,1,0.05333333333333334,0
266,TRANSFER,104.71,C9470922075,114.6,9.89,M6744039057,0.0,0.0,1,0.16666666666666666,0
626,TRANSFER,3115.36,C6405851839,3567.31,451.95,C9403748506,9840.51,12955.87,1,0.006666666666666667,0
656,TRANSFER,4908.53,C1614685938,4251.09,0.0,M7764117705,0.0,0.0,1,0.9466666666666667,1
348,TRANSFER,71.88,C3746317213,73.75,1.87,M6651020291,0.0,0.0,1,0.17,0
423,CASH_OUT,2805.33,C6634526139,2955.3,149.97,M6771941776,0.0,0.0,1,0.056666666666666664,0
502,PAYMENT,4.34,C4538382315,4.65,0.31,M3119908041,0.0,0.0,0,0.0,0
675,TRANSFER,988.44,C4853479481,987.94,0.0,M8218146534,0.0,0.0,1,0.39,0
224,TRANSFER,3545.01,C5151086814,3465.66,0.0,M5919148165,0.0,0.0,1,0.8266666666666667,1
459,PAYMENT,1.7,C1818112342,1.84,0.14,M2555936898,0.0,0.0,0,0.0,0
6,PAYMENT,1.0,C9433570024,3.02,2.02,M3223687972,0.0,0.0,0,0.0,0
58,PAYMENT,259.78,C6000952470,417.29,157.51,M3566125120,0.0,0.0,0,0.0,0
225,PAYMENT,1646.27,C3465740756,4915.33,3269.06,M2885370603,0.0,0.0,0,0.0,0
156,DEBIT,2.78,C6447717367,6.14,3.36,M5315720088,0.0,0.0,0,0.023333333333333334,0
108,DEBIT,1.3,C1817804383,2.2,0.9,M3811254192,0.0,0.0,0,0.023333333333333334,0
1,PAYMENT,1.0,C2283298067,0.49,0.0,M1083302600,0.0,0.0,0,0.0,0
107,CASH_OUT,39.46,C5634076661,41.79,2.33,C4807122420,0.0,0.0,0,0.0033333333333333335,0
720,CASH_OUT,2650.25,C7846365089,3424.04,773.79,C4558302256,110.4,110.4,1,0.03,0
15,PAYMENT,1.0,C5135595227,0.0,0.0,M3831598303,0.0,0.0,0,0.0,0
636,CASH_OUT,199.66,C5439176290,193.79,0.0,C3438771483,145.4,145.4,1,0.06,0
491,TRANSFER,32.72,C1457632732,59.16,26.44,C6069848439,29.28,62.0,0,0.13,0
151,TRANSFER,6.45,C5785481124,8.4,1.95,C4207337120,114.48,120.93,0,0.04,0
361,TRANSFER,2945.07,C8934927891,2946.09,1.02,C5035765954,20718.32,20718.32,1,0.0,0
317,PAYMENT,1.71,C9621419224,451.37,449.66,M2115406331,0.0,0.0,0,0.0,0
507,TRANSFER,46.08,C1045302356,87.3,41.22,C8991977937,102.56,148.64,0,0.07666666666666666,0
676,PAYMENT,1.0,C8584566722,0.0,0.0,M3536590481,0.0,0.0,0,0.0,0
269,TRANSFER,87.96,C1558631501,132.38,44.42,C7208619610,27.39,115.35,0,0.08,0
222,CASH_OUT,13.03,C6097953682,21.75,8.72,C3098948446,19.88,19.88,0,0.0033333333333333335,0
191,CASH_OUT,1.0,C1674555072,0.0,0.0,C1160913827,17.93,17.93,0,0.01,0
542,CASH_OUT,3062.26,C2905584866,4035.63,973.37,C1400330495,15.98,15.98,1,0.023333333333333334,0
634,TRANSFER,3796.93,C1439921366,4267.01,470.08,C1242425303,293.89,4090.82,1,0.04,0
397,CASH_OUT,3482.5,C4353689019,4687.09,1204.59,C1485574228,24.96,24.96,1,0.006666666666666667,0
436,PAYMENT,1.0,C2493660313,0.0,0.0,M3595066420,0.0,0.0,0,0.0,0
559,PAYMENT,1.0,C6588316233,0.0,0.0,M3192202822,0.0,0.0,0,0.0,0
539,TRANSFER,6338.33,C8325222092,5407.9,0.0,C8570850267,601.23,601.23,1,0.41,0
535,PAYMENT,1.0,C4277561834,0.63,0.0,M5734228580,0.0,0.0,0,0.0,0
75,PAYMENT,37.82,C1104906255,70.62,32.8,M3476758136,0.0,0.0,0,0.0,0
523,CASH_IN,29606.24,C8666074487,0.0,29606.24,C2965718821,0.0,0.0,0,0.0,0
364,PAYMENT,745.49,C8208643631,1130.56,385.07,M3317856944,0.0,0.0,0,0.0,0
2,TRANSFER,2298.19,C2041349374,2663.65,365.46,C1290050198,5134.72,5134.72,1,0.01,0
330,TRANSFER,4598.59,C5686850445,3876.89,0.0,M1783432867,0.0,0.0,1,0.7566666666666667,1
143,CASH_OUT,1440.57,C6754503097,1982.76,542.19,C5634076661,2.33,2.33,1,0.0,0
134,CASH_OUT,2292.26,C2613385303,3267.15,974.89,M8910440683,0.0,0.0,1,0.0,0
286,CASH_IN,8194.6,C4110258855,132.13,8326.73,C5759272717,40.64,40.64,0,0.0,0
490,CASH_IN,17569.76,C5272119095,2.0,17571.76,C5778781449,0.0,0.0,0,0.0,0
2,CASH_IN,145372.22,C1257324536,0.0,145372.22,C8532327465,332.47,332.47,0,0.0,0
546,TRANSFER,30.97,C2445662585,42.11,11.14,C2020262123,4.94,35.91,0,0.14,0
112,PAYMENT,12654.16,C7002076563,40620.19,27966.03,M4689605624,0.0,0.0,0,0.0,0
186,TRANSFER,844.65,C8239941612,782.43,0.0,M8144352013,0.0,0.0,1,0.32666666666666666,0
343,TRANSFER,45.01,C8796293088,97.34,52.33,C9392515666,396.3,441.31,0,0.0033333333333333335,0
437,CASH_OUT,1312.51,C6618965944,24802.2,23489.69,C7305101214,0.0,0.0,0,0.013333333333333334,0
168,TRANSFER,178.98,C2158638062,249.45,70.47,C9455610447,62.8,241.78,0,0.006666666666666667,0
262,CASH_OUT,3047.62,C8236361108,2765.87,0.0,M2773408660,0.0,0.0,1,0.08333333333333333,0
241,PAYMENT,1.0,C9147736635,0.0,0.0,M1122712790,0.0,0.0,0,0.0,0
348,TRANSFER,1.0,C2065354117,0.36,0.0,C9392707144,423.14,424.14,0,0.01,0
187,PAYMENT,980.83,C3791027186,1468.27,487.44,M3094407076,0.0,0.0,0,0.0,0
244,CASH_OUT,1951.48,C6418365941,6271.8,4320.32,C8015124886,0.0,0.0,0,0.0,0
87,TRANSFER,2459.69,C6663846005,2114.48,0.0,M5794335854,0.0,0.0,1,0.64,1
401,PAYMENT,25.55,C5431267548,41.23,15.68,M5412437658,0.0,0.0,0,0.0,0
139,PAYMENT,4.43,C9136780852,4.88,0.45,M2115406331,0.0,0.0,0,0.0,0
531,DEBIT,1.0,C8131923452,2.48,1.48,M1096405016,0.0,0.0,0,0.04,0
94,CASH_OUT,149.08,C1993998848,209.15,60.07,M1096405016,0.0,0.0,1,0.0033333333333333335,0
342,CASH_OUT,143.2,C4026379752,121.07,0.0,C7873709012,35998.85,35998.85,1,0.023333333333333334,0
381,PAYMENT,1.0,C7596745715,0.31,0.0,M7512767226,0.0,0.0,0,0.0,0
72,CASH_OUT,758.26,C4473306055,841.59,83.33,M2518433834,0.0,0.0,1,0.0033333333333333335,0
671,PAYMENT,1.0,C5693307665,0.0,0.0,M7282885927,0.0,0.0,0,0.0,0
87,TRANSFER,14083.33,C5724657556,18601.65,4518.32,C2950049698,0.0,14083.33,1,0.0,0
711,CASH_OUT,3410.03,C7166868574,4396.09,986.06,C7340498236,1220.86,1220.86,1,0.013333333333333334,0
370,CASH_OUT,1747.11,C2914590233,2152.15,405.04,M8728631945,0.0,0.0,1,0.01,0
432,TRANSFER,3377.11,C1316756902,3366.85,0.0,M1676220116,0.0,0.0,1,0.8866666666666667,1
102,PAYMENT,5895.07,C6313758032,10269.29,4374.22,M8218146534,0.0,0.0,0,0.0,0
291,PAYMENT,11.09,C8241550421,14.91,3.82,M4093474499,0.0,0.0,0,0.0,0
89,DEBIT,449.29,C6075963527,544.22,94.93,M4601406440,0.0,0.0,0,0.016666666666666666,0
326,CASH_OUT,69.55,C9292791081,179.11,109.56,C9660523876,383.6,383.6,0,0.006666666666666667,0
343,PAYMENT,381.34,C5268845844,519.78,138.44,M6894024976,0.0,0.0,0,0.0,0
40,PAYMENT,1.0,C9136780852,0.45,0.0,M4160161496,0.0,0.0,0,0.0,0
259,PAYMENT,470.65,C3389594115,11131.32,10660.67,M5869990861,0.0,0.0,0,0.0,0
49,PAYMENT,3042.03,C3412273600,33715.28,30673.25,M5000316394,0.0,0.0,0,0.0,0
150,PAYMENT,1.0,C5778781449,0.0,0.0,M7678293431,0.0,0.0,0,0.0,0
429,TRANSFER,255.59,C4322510552,279.53,23.94,C1684598046,0.0,255.59,1,0.06,0
45,CASH_OUT,129.24,C5067245523,234.7,105.46,C1847275937,0.0,0.0,0,0.0033333333333333335,0
661,PAYMENT,185.31,C5125568431,430.4,245.09,M5156392601,0.0,0.0,0,0.0,0
652,TRANSFER,191.35,C3783009621,663.13,471.78,C1083651970,0.0,191.35,0,0.06666666666666667,0
512,DEBIT,440.15,C3384006407,464.2,24.05,M4329446784,0.0,0.0,0,0.03,0
185,CASH_OUT,111.83,C7088949191,152.55,40.72,C3360791536,0.52,0.52,1,0.0,0
25,TRANSFER,178.77,C2926780541,210.76,31.99,C2075321966,59595.51,59774.28,0,0.0,0
442,TRANSFER,1386.61,C7818568548,1625.12,238.51,M6199197408,0.0,0.0,1,0.19,0
209,PAYMENT,2019.38,C6464693977,4178.71,2159.33,M2129491690,0.0,0.0,0,0.0,0
111,PAYMENT,1.99,C3828935922,4.89,2.9,M6790024996,0.0,0.0,0,0.0,0
545,PAYMENT,1.0,C5613655595,1.0,0.0,M8821456242,0.0,0.0,0,0.0,0
430,TRANSFER,107.28,C9067664957,123.93,16.65,C8287542751,164.75,272.03,0,0.05333333333333334,0
483,PAYMENT,7535.23,C8046300793,8002.15,466.92,M4641902461,0.0,0.0,0,0.0,0
112,CASH_OUT,1.0,C8755749566,0.0,0.0,C5600836559,1.42,1.42,0,0.0033333333333333335,0
687,TRANSFER,1795.66,C4633257620,2327.77,532.11,C4287687478,75.56,1871.22,1,0.05,0
255,TRANSFER,88.28,C3438771483,145.4,57.12,C4662861038,332.58,420.86,0,0.0033333333333333335,0
233,PAYMENT,1.0,C9547119184,0.0,0.0,M9444143872,0.0,0.0,0,0.0,0
394,CASH_OUT,889.34,C8833399096,806.75,0.0,C3815389788,58.62,58.62,1,0.14666666666666667,0
476,PAYMENT,46.1,C2350701477,145.64,99.54,M7928143230,0.0,0.0,0,0.0,0
269,CASH_OUT,119969.98,C4283432667,117828.09,0.0,C7623575561,25.58,25.58,1,0.07333333333333333,0
633,TRANSFER,3074.96,C7839819230,4062.12,987.16,C4645120421,73.03,73.03,1,0.22,0
285,PAYMENT,7.44,C2416760621,9.11,1.67,M7960713821,0.0,0.0,0,0.0,0
287,CASH_IN,33014.78,C6649827836,6.73,33021.51,C8178927766,0.0,0.0,0,0.0,0
632,PAYMENT,30.76,C4794276323,91.92,61.16,M2136107759,0.0,0.0,0,0.0,0
136,CASH_OUT,99.58,C7208619610,115.35,15.77,C3338877621,844.5,844.5,0,0.006666666666666667,0
164,TRANSFER,45.87,C3878201524,55.48,9.61,M3690714075,0.0,0.0,1,0.15666666666666668,0
288,TRANSFER,1.0,C5693307665,0.0,0.0,C9539945315,164.44,165.44,0,0.04666666666666667,0
202,CASH_OUT,3166.12,C7920516981,3232.42,66.3,C1288335378,63.77,63.77,1,0.0,0
55,CASH_OUT,1.0,C5783809766,1.0,0.0,C4972536230,341.82,341.82,0,0.0033333333333333335,0
46,TRANSFER,35.21,C3958590550,39.5,4.29,C8317619798,49.15,84.36,0,0.1,0
487,TRANSFER,1332.29,C8285000265,1339.25,6.96,M8861351706,0.0,0.0,1,0.27,0
61,TRANSFER,19.54,C3149533961,63.56,44.02,C2065354117,0.0,19.54,0,0.16333333333333333,0
600,PAYMENT,1.0,C8274219704,0.0,0.0,M8768773991,0.0,0.0,0,0.0,0
281,TRANSFER,3125.4,C4632522232,2886.24,0.0,M1442421654,0.0,0.0,1,0.8233333333333334,1
694,TRANSFER,905.43,C8372755146,1403.58,498.15,C3020939193,38.01,943.44,0,0.03666666666666667,0
83,CASH_OUT,144.23,C8261111839,190.42,46.19,C9798613995,0.0,0.0,0,0.0033333333333333335,0
658,CASH_OUT,1.0,C4283432667,0.0,0.0,C5647317872,0.0,0.0,0,0.056666666666666664,0
206,TRANSFER,1917.67,C8588769565,2625.77,708.1,M5412437658,0.0,0.0,1,0.18666666666666668,0
593,PAYMENT,1589.12,C6464693977,2159.33,570.21,M1888107487,0.0,0.0,0,0.0,0
95,PAYMENT,13.47,C1026224160,56.97,43.5,M9822499208,0.0,0.0,0,0.0,0
166,TRANSFER,224.06,C5328166990,192.33,0.0,M8626371177,0.0,0.0,1,0.22666666666666666,0
264,CASH_OUT,61.28,C6069848439,62.0,0.72,M3690714075,0.0,0.0,1,0.03,0
52,CASH_OUT,971.51,C5696548897,1135.96,164.45,M3208200227,0.0,0.0,1,0.0,0
550,TRANSFER,1.0,C9388140708,0.0,0.0,C5625980561,57.92,58.92,0,0.16333333333333333,0
538,DEBIT,699.11,C3698305085,1223.85,524.74,M1802753761,0.0,0.0,0,0.03,0
94,CASH_OUT,45.68,C1660370908,51.35,5.67,C8417757797,2.99,2.99,1,0.0033333333333333335,0
408,PAYMENT,57.15,C4645120421,73.03,15.88,M9590331226,0.0,0.0,0,0.0,0
433,PAYMENT,610.49,C2654584280,1965.07,1354.58,M1999913493,0.0,0.0,0,0.0,0
319,PAYMENT,1534.01,C6805759868,2214.14,680.13,M7230477043,0.0,0.0,0,0.0,0
600,TRANSFER,78.11,C6168291913,65.74,0.0,M7537130187,0.0,0.0,1,0.24,0
443,TRANSFER,3.25,C3660223333,5.62,2.37,C3476426797,0.47,3.72,0,0.17333333333333334,0
53,TRANSFER,698.41,C4067213499,606.65,0.0,C3127657643,0.0,0.0,1,0.29,0
29,PAYMENT,1148.95,C5903457537,1635.19,486.24,M3094407076,0.0,0.0,0,0.0,0
166,PAYMENT,98.36,C3739951076,188.44,90.08,M7514017540,0.0,0.0,0,0.0,0
436,DEBIT,15.72,C2274350418,64.24,48.52,M8861351706,0.0,0.0,0,0.02666666666666667,0
284,PAYMENT,1.0,C3102209245,0.78,0.0,M8144889126,0.0,0.0,0,0.0,0
676,TRANSFER,808.07,C1195066088,1038.52,230.45,C2137651678,44491.35,45299.42,1,0.0033333333333333335,0
322,TRANSFER,37.6,C8243746556,51.16,13.56,C3465883999,121226.85,121226.85,1,0.0,0
580,TRANSFER,1.0,C4203205881,0.0,0.0,C7561728644,0.0,1.0,0,0.23,0
368,PAYMENT,6.85,C2405746777,23.18,16.33,M6053489772,0.0,0.0,0,0.0,0
226,PAYMENT,1.0,C1033015788,0.0,0.0,M8903212516,0.0,0.0,0,0.0,0
126,CASH_OUT,1.0,C8211516617,0.0,0.0,C5606736607,8.44,8.44,0,0.0033333333333333335,0
212,CASH_OUT,2942.67,C8852676046,3825.22,882.55,C4972536230,341.82,341.82,1,0.0033333333333333335,0
625,TRANSFER,1348.33,C7016293621,1576.34,228.01,M1999913493,0.0,0.0,1,0.19333333333333333,0
542,PAYMENT,1.59,C1754368373,7.77,6.18,M7351460539,0.0,0.0,0,0.0,0
279,PAYMENT,310.06,C5569295400,942.02,631.96,M8646369354,0.0,0.0,0,0.0,0
586,CASH_IN,13696.62,C8858766173,50814.24,64510.86,C7601519165,0.0,0.0,0,0.0,0
361,PAYMENT,1.0,C4602080228,0.0,0.0,M4158643786,0.0,0.0,0,0.0,0
241,CASH_OUT,1.0,C1519709079,0.0,0.0,C3716924538,0.0,0.0,0,0.023333333333333334,0
664,TRANSFER,1562.43,C3799620568,1833.29,270.86,M4125758723,0.0,0.0,1,0.27666666666666667,0
328,PAYMENT,152.92,C3045102506,347.55,194.63,M2249831874,0.0,0.0,0,0.0,0
16,PAYMENT,1.0,C9432088993,0.0,0.0,M9065458220,0.0,0.0,0,0.0,0
329,CASH_OUT,3863.46,C3958590550,4009.29,145.83,C4405620755,0.0,0.0,1,0.01,0
117,CASH_OUT,37.86,C5268845844,138.44,100.58,C2982979741,0.0,0.0,0,0.0033333333333333335,0
178,CASH_OUT,3180.14,C4751509023,3751.62,571.48,C9493209128,0.0,0.0,1,0.0,0
621,CASH_OUT,3336.03,C7935554354,3524.03,188.0,M9410569618,0.0,0.0,1,0.02666666666666667,0
414,PAYMENT,1.0,C2017675569,0.0,0.0,M5156392601,0.0,0.0,0,0.0,0
372,CASH_OUT,1.0,C2099184899,0.0,0.0,C2540492440,0.0,0.0,0,0.03333333333333333,0
660,PAYMENT,9.84,C6892752604,12.55,2.71,M4122901114,0.0,0.0,0,0.0,0
548,TRANSFER,81.17,C9919491730,100.98,19.81,C9863781331,0.0,0.0,1,0.17666666666666667,0
383,TRANSFER,162.79,C3280805846,151.15,0.0,M4329446784,0.0,0.0,1,0.23,0
376,CASH_IN,7894.22,C5293274004,35.56,7929.78,C3245108207,4.16,4.16,0,0.0,0
195,CASH_OUT,1823.85,C1230624431,2440.94,617.09,M6790024996,0.0,0.0,1,0.0,0
642,CASH_IN,21002.26,C7896596272,0.0,21002.26,C4658080160,23.96,23.96,0,0.0,0
168,TRANSFER,2.84,C3259520140,10.78,7.94,C9479654136,0.0,2.84,0,0.15333333333333332,0
480,PAYMENT,15946.46,C1749459431,33096.5,17150.04,M9620935604,0.0,0.0,0,0.0,0
602,TRANSFER,4874.95,C3653594796,4803.92,0.0,M5270048042,0.0,0.0,1,0.97,1
198,TRANSFER,1.0,C6715705115,0.0,0.0,C9457665185,126.85,127.85,0,0.06,0
139,TRANSFER,1481.85,C9904586976,2060.51,578.66,C8624454880,1.86,1.86,1,0.13333333333333333,0
39,CASH_OUT,120.86,C1667779376,165.85,44.99,M7651029165,0.0,0.0,1,0.0033333333333333335,0
509,TRANSFER,5.0,C1304205279,5.72,0.72,C5710360983,98.67,103.67,0,0.11666666666666667,0
22,PAYMENT,1.0,C2149938334,0.0,0.0,M5985331805,0.0,0.0,0,0.0,0
54,TRANSFER,739.56,C1885113834,658.59,0.0,M4035639663,0.0,0.0,1,0.29,0
508,PAYMENT,1.0,C3434757387,0.0,0.0,M7514017540,0.0,0.0,0,0.0,0
230,PAYMENT,1.0,C7369118672,0.0,0.0,M8144352013,0.0,0.0,0,0.0,0
329,CASH_OUT,2070.82,C8763140509,2010.1,0.0,M3156792018,0.0,0.0,1,0.11333333333333333,0
541,TRANSFER,82.31,C7937993287,105.36,23.05,C8823677798,2614.43,2614.43,1,0.04,0
316,PAYMENT,2942.82,C9229469952,4276.35,1333.53,M1257854279,0.0,0.0,0,0.0,0
587,PAYMENT,10.15,C9912233947,14.77,4.62,M9558906999,0.0,0.0,0,0.0,0
257,TRANSFER,56.7,C8943866829,69.73,13.03,M8768773991,0.0,0.0,1,0.16666666666666666,0
179,CASH_OUT,7936.86,C2591589823,10487.3,2550.44,M7651029165,0.0,0.0,1,0.0,0
512,CASH_OUT,3.63,C3362646960,7.91,4.28,C6405851839,451.95,451.95,0,0.043333333333333335,0
410,PAYMENT,2.14,C3363629219,7.26,5.12,M7192742877,0.0,0.0,0,0.0,0
70,PAYMENT,74.24,C6317889312,190.8,116.56,M7969674420,0.0,0.0,0,0.0,0
311,TRANSFER,24653.6,C6649827836,33021.51,8367.91,C2549748436,0.0,24653.6,0,0.0,0
384,CASH_OUT,715.14,C3328710672,1314.12,598.98,C7266763552,35.0,35.0,0,0.013333333333333334,0
481,CASH_OUT,55.73,C6043349038,149.57,93.84,C5077921573,1922.59,1922.59,0,0.03333333333333333,0
645,TRANSFER,1.0,C2699887270,0.52,0.0,C2704657157,13667.74,13668.74,0,0.0033333333333333335,0
196,PAYMENT,263.04,C3931997465,289.89,26.85,M1811839103,0.0,0.0,0,0.0,0
475,CASH_OUT,1.0,C9704383251,0.69,0.0,C3142452709,0.0,0.0,0,0.09333333333333334,0
357,CASH_OUT,115.77,C6611356986,225.64,109.87,C1756345332,0.0,0.0,0,0.006666666666666667,0
64,CASH_OUT,5446.78,C5785481124,4622.73,0.0,M7861571879,0.0,0.0,1,0.03666666666666667,0
47,PAYMENT,138.14,C4440904834,219.99,81.85,M3145756342,0.0,0.0,0,0.0,0
694,DEBIT,24605.97,C3874432021,26449.9,1843.93,M7168105904,0.0,0.0,0,0.03666666666666667,0
63,TRANSFER,20.77,C7266763552,35.0,14.23,C2811967841,30.75,51.52,0,0.11666666666666667,0
188,PAYMENT,1.58,C9717175839,3.27,1.69,M6525576685,0.0,0.0,0,0.0,0
499,DEBIT,657.8,C6204862411,878.06,220.26,M5585110649,0.0,0.0,0,0.03333333333333333,0
449,TRANSFER,26767.6,C6358023411,47777.87,21010.27,C7750819485,0.0,26767.6,0,0.0033333333333333335,0
553,TRANSFER,206.85,C7464468567,271.76,64.91,C3196545325,919.06,1125.91,0,0.04666666666666667,0
561,TRANSFER,1842.15,C2699887270,2412.45,570.3,M4522855590,0.0,0.0,1,0.3,0
371,PAYMENT,828.8,C2965164102,53473.29,52644.49,M4160161496,0.0,0.0,0,0.0,0
450,PAYMENT,1.0,C9533595495,2.23,1.23,M2418407139,0.0,0.0,0,0.0,0
355,PAYMENT,201.08,C4655730355,368.75,167.67,M4665677395,0.0,0.0,0,0.0,0
186,TRANSFER,3.49,C9123612497,12.72,9.23,C9337145038,591.9,595.39,0,0.01,0
692,CASH_OUT,142.77,C2237386857,198.31,55.54,C2370592316,1090.27,1090.27,1,0.02666666666666667,0
558,TRANSFER,1.0,C1127978094,0.0,0.0,C6566372886,0.0,1.0,0,0.22333333333333333,0
707,TRANSFER,2464.51,C6719736115,3228.21,763.7,M2518433834,0.0,0.0,1,0.27666666666666667,0
670,PAYMENT,1.0,C8505373158,0.0,0.0,M8218146534,0.0,0.0,0,0.0,0
372,PAYMENT,39.16,C1569113257,64.35,25.19,M2155671697,0.0,0.0,0,0.0,0
21,CASH_OUT,1.0,C2283298067,0.0,0.0,C7077131430,0.29,0.29,0,0.0033333333333333335,0
408,TRANSFER,565.21,C5659161352,733.08,167.87,C7568861677,716.1,1281.31,0,0.013333333333333334,0
598,CASH_OUT,22932.96,C4919706735,25257.08,2324.12,C4647891535,243.57,243.57,0,0.0033333333333333335,0
597,CASH_OUT,524.59,C2308638549,671.81,147.22,C6924716023,57.02,57.02,0,0.023333333333333334,0
377,CASH_OUT,79.08,C9851745648,104.62,25.54,M9404002665,0.0,0.0,1,0.013333333333333334,0
268,CASH_OUT,118.79,C4700855390,250.04,131.25,C1589582865,42.0,42.0,0,0.013333333333333334,0
645,PAYMENT,16584.51,C5400463094,53909.83,37325.32,M4522855590,0.0,0.0,0,0.0,0
511,PAYMENT,70.14,C4147025728,299.78,229.64,M1802753761,0.0,0.0,0,0.0,0
628,TRANSFER,38.25,C7059726570,94.2,55.95,C3799620568,270.86,309.11,0,0.07333333333333333,0
319,CASH_IN,60836.97,C9861449701,223.95,61060.92,C6795522649,0.0,0.0,0,0.0,0
597,TRANSFER,2795.57,C7625464411,2741.71,0.0,C8543865915,1.26,1.26,1,0.9166666666666666,1
654,PAYMENT,17.77,C3480920839,71.34,53.57,M2604788242,0.0,0.0,0,0.0,0
542,CASH_OUT,364.37,C7551874474,463.51,99.14,M3156792018,0.0,0.0,1,0.03333333333333333,0
199,TRANSFER,986.31,C3423086220,827.22,0.0,M1676220116,0.0,0.0,1,0.32666666666666666,0
383,PAYMENT,1.52,C3361388464,7.01,5.49,M1694904767,0.0,0.0,0,0.0,0
267,CASH_OUT,3861.96,C4311931853,3311.79,0.0,C8953271391,4.29,4.29,1,0.08333333333333333,0
548,PAYMENT,233.6,C5951406973,329.83,96.23,M8903212516,0.0,0.0,0,0.0,0
240,CASH_OUT,2315.48,C1041531046,2249.14,0.0,M9026301048,0.0,0.0,1,0.08,0
344,CASH_IN,12326.59,C1110724913,304.27,12630.86,C1682781467,345.3,345.3,0,0.0,0
439,CASH_OUT,23.38,C1431494396,48.22,24.84,C6548442140,20.19,20.19,0,0.04666666666666667,0
153,PAYMENT,187.07,C6619138852,265.92,78.85,M8063693463,0.0,0.0,0,0.0,0
93,TRANSFER,2029.29,C3102209245,2338.91,309.62,M7702529931,0.0,0.0,1,0.19333333333333333,0
717,PAYMENT,1.0,C9546021691,0.0,0.0,M6130446648,0.0,0.0,0,0.0,0
538,PAYMENT,4.74,C8293928340,7.91,3.17,M9620935604,0.0,0.0,0,0.0,0
4,CASH_OUT,849.05,C7839819230,987.16,138.11,C8272725281,132462.37,132462.37,1,0.006666666666666667,0
531,TRANSFER,662.47,C8325222092,716.15,53.68,M6820149016,0.0,0.0,1,0.17333333333333334,0
232,CASH_OUT,1.0,C1572827654,0.0,0.0,C4735334423,695.4,695.4,0,0.006666666666666667,0
17,PAYMENT,50.99,C6317889312,116.56,65.57,M6130446648,0.0,0.0,0,0.0,0
50,PAYMENT,15.86,C3057629778,35.53,19.67,M7192742877,0.0,0.0,0,0.0,0
96,PAYMENT,1.0,C4719780110,0.7,0.0,M6692705133,0.0,0.0,0,0.0,0
691,CASH_OUT,1.0,C4939447721,0.0,0.0,C6548442140,20.19,20.19,0,0.04666666666666667,0
318,TRANSFER,1334.22,C2620054076,1413.85,79.63,M8643636805,0.0,0.0,1,0.19666666666666666,0
453,CASH_OUT,709.45,C7767834064,773.91,64.46,M6583604299,0.0,0.0,1,0.056666666666666664,0
710,TRANSFER,5.27,C6173344564,7.93,2.66,C5031086659,0.0,5.27,0,0.17666666666666667,0
9,CASH_OUT,1.0,C1127978094,0.0,0.0,C7088451458,27950.35,27950.35,0,0.0033333333333333335,0
196,CASH_OUT,1145.81,C5992908271,1238.47,92.66,M1504729135,0.0,0.0,1,0.0,0
93,CASH_OUT,1.0,C8134112721,0.0,0.0,C4460967357,0.0,0.0,0,0.0033333333333333335,0
629,PAYMENT,8.56,C5694848867,22.58,14.02,M2839566253,0.0,0.0,0,0.0,0
511,PAYMENT,1.0,C3291226621,0.0,0.0,M1343875431,0.0,0.0,0,0.0,0
175,CASH_OUT,568.47,C8318855178,577.27,8.8,C4632522232,0.0,0.0,1,0.03666666666666667,0
297,PAYMENT,476.82,C4202607993,504.22,27.4,M8667946580,0.0,0.0,0,0.0,0
110,DEBIT,404.72,C2836553621,597.2,192.48,M6275155878,0.0,0.0,0,0.01,0
45,PAYMENT,1.0,C9844874547,0.0,0.0,M3469205576,0.0,0.0,0,0.0,0
17,DEBIT,1.0,C8351491401,0.0,0.0,M8964269909,0.0,0.0,0,0.023333333333333334,0
201,DEBIT,640.17,C2174793230,1206.82,566.65,M8325043570,0.0,0.0,0,0.01,0
681,CASH_OUT,1036.36,C4655935832,1055.05,18.69,C7581349462,72269.44,72269.44,1,0.03333333333333333,0
601,TRANSFER,1.0,C8833399096,0.0,0.0,C3923699745,147.08,148.08,0,0.12666666666666668,0
572,PAYMENT,1.0,C9677466102,0.0,0.0,M4093474499,0.0,0.0,0,0.0,0
68,PAYMENT,45.99,C9237880732,180.44,134.45,M2655546199,0.0,0.0,0,0.0,0
433,TRANSFER,984.63,C5115980792,2011.71,1027.08,C6761084958,85.22,1069.85,0,0.05333333333333334,0
483,TRANSFER,3108.79,C8086527181,2748.02,0.0,M9918338001,0.0,0.0,1,0.9266666666666666,1
137,CASH_OUT,1.0,C9255898264,0.0,0.0,C3102209245,309.62,309.62,0,0.0033333333333333335,0
105,PAYMENT,1.0,C4012917912,0.0,0.0,M1122712790,0.0,0.0,0,0.0033333333333333335,0
378,TRANSFER,3897.46,C6875597607,4502.3,604.84,C5884391502,73392.48,73392.48,1,0.0,0
368,TRANSFER,3409.79,C8055556030,3203.08,0.0,C6777263354,0.0,0.0,1,0.7566666666666667,1
399,TRANSFER,1.0,C9597198563,0.0,0.0,C4440904834,81.85,82.85,0,0.11333333333333333,0
699,TRANSFER,810.93,C4574027737,1824.19,1013.26,C9303765140,84.66,895.59,0,0.05,0
609,CASH_OUT,1957.54,C7763765757,2042.39,84.85,M6999146585,0.0,0.0,1,0.04,0
255,TRANSFER,2.08,C9354711271,8.43,6.35,C2670036982,48.28,50.36,0,0.09333333333333334,0
363,PAYMENT,1.0,C7736142481,0.0,0.0,M3119908041,0.0,0.0,0,0.0,0
507,PAYMENT,32.72,C8556573246,17589.96,17557.24,M1676220116,0.0,0.0,0,0.0,0
487,TRANSFER,1.0,C7100408092,0.0,0.0,C6619138852,78.85,79.85,0,0.17,0
331,TRANSFER,795.18,C5031086659,970.2,175.02,C2419931729,0.0,795.18,1,0.0,0
661,TRANSFER,3401.98,C4106464319,2988.98,0.0,C9138644862,0.0,3401.98,1,0.41,0
272,TRANSFER,1662.43,C3470617247,3483.56,1821.13,C4750707607,94.02,1756.45,0,0.0,0
675,TRANSFER,1.0,C6663846005,0.0,0.0,C3758823240,358.19,359.19,0,0.09333333333333334,0
627,CASH_OUT,3.99,C6334440295,6.97,2.98,C6773938304,0.0,0.0,0,0.043333333333333335,0
58,PAYMENT,235.06,C3878719791,677.71,442.65,M4125758723,0.0,0.0,0,0.0,0
136,CASH_IN,55405.46,C5161807235,384.8,55790.26,C2947476917,1645.89,1645.89,0,0.0,0
267,CASH_OUT,1825.25,C5271453859,2222.02,396.77,C1439921366,470.08,470.08,1,0.006666666666666667,0
150,PAYMENT,1.0,C2149938334,0.0,0.0,M4588312351,0.0,0.0,0,0.0,0
580,PAYMENT,1.0,C3894673596,0.0,0.0,M2604788242,0.0,0.0,0,0.0,0
187,TRANSFER,128.12,C2870403050,241.19,113.07,C7154795660,1005.36,1133.48,0,0.006666666666666667,0
700,TRANSFER,49.12,C8902275119,122.54,73.42,C7472806994,17788.51,17837.63,0,0.0033333333333333335,0
192,CASH_OUT,104.87,C1281199333,147.03,42.16,C9508499533,919.11,919.11,0,0.006666666666666667,0
709,CASH_OUT,11.49,C3367665472,17.8,6.31,C4095476665,0.0,0.0,0,0.03,0
183,TRANSFER,52.62,C6880115912,97.21,44.59,C1209063208,234.79,287.41,0,0.006666666666666667,0
523,TRANSFER,467.31,C4492602049,396.22,0.0,C3185089287,115275.76,115275.76,1,0.0033333333333333335,0
8,TRANSFER,1517.18,C6804850108,1777.63,260.45,C7660813178,53.83,53.83,1,0.07666666666666666,0
314,TRANSFER,14.11,C8737025391,28.04,13.93,C7150970643,0.0,14.11,0,0.15666666666666668,0
681,CASH_OUT,390.71,C6882074066,441.61,50.9,M1199447370,0.0,0.0,1,0.03333333333333333,0
452,PAYMENT,32.91,C8047877267,40.48,7.57,M4865979921,0.0,0.0,0,0.0,0
308,TRANSFER,1.0,C8570333548,0.0,0.0,C2973888646,0.0,1.0,0,0.22666666666666666,0
153,CASH_OUT,1.0,C4095476665,0.0,0.0,C2549748436,24653.6,24653.6,0,0.0,0
605,PAYMENT,11.31,C2586568081,21.63,10.32,M6361225622,0.0,0.0,0,0.0,0
362,TRANSFER,196.05,C9455610447,241.78,45.73,C1682781467,345.3,541.35,0,0.01,0
154,PAYMENT,1.0,C8139209752,0.0,0.0,M1306420495,0.0,0.0,0,0.0,0
675,PAYMENT,46.46,C9250327663,261.83,215.37,M2604788242,0.0,0.0,0,0.0,0
529,TRANSFER,64.82,C9250327663,215.37,150.55,C3694860228,0.0,64.82,0,0.11666666666666667,0
343,PAYMENT,1.0,C9078786223,0.0,0.0,M2541015125,0.0,0.0,0,0.0,0
360,PAYMENT,209.56,C7016293621,228.01,18.45,M8643636805,0.0,0.0,0,0.0,0
454,PAYMENT,267.01,C2419931729,795.18,528.17,M9977193987,0.0,0.0,0,0.0,0
417,TRANSFER,204.84,C5646880148,233.82,28.98,M9523139706,0.0,0.0,1,0.15333333333333332,0
516,PAYMENT,1.14,C8110054933,2.43,1.29,M4896576569,0.0,0.0,0,0.0,0
335,TRANSFER,458.71,C8638763775,843.84,385.13,C8858766173,64510.86,64969.57,0,0.0,0
439,PAYMENT,760.41,C7568861677,1281.31,520.9,M6515490818,0.0,0.0,0,0.0,0
196,PAYMENT,29.38,C6959501845,46.05,16.67,M7343954769,0.0,0.0,0,0.0,0
585,TRANSFER,127587.4,C4633987776,141212.02,13624.62,M8778927211,0.0,0.0,1,0.32666666666666666,0
332,PAYMENT,24.05,C6415031531,71.8,47.75,M6786043791,0.0,0.0,0,0.0,0
62,PAYMENT,36.11,C8575707116,92.12,56.01,M7340036327,0.0,0.0,0,0.0,0
653,PAYMENT,424.85,C2867302554,677.79,252.94,M2121448210,0.0,0.0,0,0.0,0
279,CASH_OUT,35.56,C6732648420,448.11,412.55,C2072355594,56.78,56.78,0,0.0,0
224,TRANSFER,70.91,C2625792787,200.79,129.88,C4873807154,1132.63,1203.54,0,0.006666666666666667,0
34,CASH_OUT,4163.16,C6173344564,4146.62,0.0,M6045729129,0.0,0.0,1,0.043333333333333335,0
69,PAYMENT,1.0,C4642197907,0.0,0.0,M8964269909,0.0,0.0,0,0.0,0
144,TRANSFER,1077.26,C1245522987,912.85,0.0,M2635881694,0.0,0.0,1,0.31,0
254,TRANSFER,513.37,C7430757004,566.74,53.37,M8903212516,0.0,0.0,1,0.17666666666666667,0
89,PAYMENT,1.0,C7340428136,0.0,0.0,M1306420495,0.0,0.0,0,0.0,0
190,PAYMENT,16.29,C1160913827,17.93,1.64,M6744039057,0.0,0.0,0,0.0,0
609,TRANSFER,3392.95,C5972484792,4416.53,1023.58,M2635881694,0.0,0.0,1,0.31333333333333335,0
366,CASH_OUT,687.01,C4713453204,761.92,74.91,M9576264323,0.0,0.0,1,0.02,0
583,PAYMENT,105.11,C6496933442,117.18,12.07,M4125758723,0.0,0.0,0,0.0,0
112,PAYMENT,47.09,C2237386857,55.54,8.45,M7453081889,0.0,0.0,0,0.0,0
7,CASH_OUT,1.0,C6069848439,0.72,0.0,C9986353481,10347.95,10347.95,0,0.006666666666666667,0
141,TRANSFER,10.68,C7792729530,24.02,13.34,C8265834251,0.0,10.68,0,0.15,0
98,PAYMENT,3.63,C7508522951,4.89,1.26,M8144352013,0.0,0.0,0,0.0,0
663,TRANSFER,1.0,C8948573913,0.0,0.0,C6448324230,0.0,1.0,0,0.22333333333333333,0
41,CASH_OUT,4605.11,C1205082311,3972.84,0.0,C1717346250,95.39,95.39,1,0.02666666666666667,0
704,CASH_OUT,150.06,C6115750294,225.14,75.08,C1248704157,0.0,0.0,0,0.03,0
86,TRANSFER,1898.16,C3319936135,1953.62,55.46,M3660800029,0.0,0.0,1,0.3433333333333333,0
593,PAYMENT,1.28,C5184564874,5.11,3.83,M6495967005,0.0,0.0,0,0.0,0
505,PAYMENT,78.0,C3615507143,144.7,66.7,M3355504998,0.0,0.0,0,0.0,0
499,CASH_OUT,2820.75,C4277581356,3808.14,987.39,C6517150278,14.37,14.37,1,0.023333333333333334,0
338,TRANSFER,1714.77,C6572436051,1710.31,0.0,C4460967357,0.0,0.0,1,0.42333333333333334,0
479,CASH_OUT,1.0,C5714169271,0.0,0.0,C5856127658,106134.07,106134.07,0,0.0033333333333333335,0
294,PAYMENT,298.18,C6515369278,474.57,176.39,M8778927211,0.0,0.0,0,0.0,0
184,PAYMENT,3.07,C7671625956,8.22,5.15,M8030400668,0.0,0.0,0,0.0,0
613,TRANSFER,22906.19,C8942167666,88886.32,65980.13,C5364727160,113.2,23019.39,0,0.0,0
142,PAYMENT,4.38,C3744446292,9.59,5.21,M6932365592,0.0,0.0,0,0.0,0
426,CASH_OUT,1.47,C3746317213,1.87,0.4,C4696689457,0.0,0.0,0,0.08666666666666667,0
545,PAYMENT,11.91,C6585609060,30.51,18.6,M3457877922,0.0,0.0,0,0.0,0
170,TRANSFER,1.0,C8721631198,0.0,0.0,C6157617867,0.0,1.0,0,0.22,0
515,CASH_OUT,174.64,C6618926823,174.67,0.03,C6640801643,741.84,741.84,1,0.07,0
106,TRANSFER,113.28,C1110533960,95.28,0.0,C6474354351,0.0,113.28,1,0.19,0
243,DEBIT,1014.26,C6204041308,7576.93,6562.67,M6200141898,0.0,0.0,0,0.01,0
332,PAYMENT,59.62,C6115750294,75.08,15.46,M8276498637,0.0,0.0,0,0.0,0
702,PAYMENT,597.46,C9963334018,1190.24,592.78,M9021793855,0.0,0.0,0,0.0,0
541,PAYMENT,19.69,C8779941999,29.56,9.87,M9977193987,0.0,0.0,0,0.0,0
604,PAYMENT,1312.95,C2752536389,1568.14,255.19,M8728631945,0.0,0.0,0,0.0,0
572,TRANSFER,3144.64,C4927019611,40360.99,37216.35,C7736142481,0.0,3144.64,0,0.006666666666666667,0
394,PAYMENT,4.96,C4239406957,19.11,14.15,M2869931869,0.0,0.0,0,0.0,0
27,TRANSFER,357.01,C5162260671,463.42,106.41,C9218363978,10.31,10.31,1,0.11666666666666667,0
554,PAYMENT,3.89,C2431779064,8.6,4.71,M1802753761,0.0,0.0,0,0.0,0
700,CASH_OUT,1.0,C9259157845,0.0,0.0,C8300300577,0.0,0.0,0,0.056666666666666664,0
220,CASH_OUT,1.14,C7015992643,3.61,2.47,C6392415228,0.0,0.0,0,0.006666666666666667,0
496,PAYMENT,5.3,C1736086849,13.57,8.27,M2518433834,0.0,0.0,0,0.0,0
680,PAYMENT,59.97,C8471762590,212.25,152.28,M5570190774,0.0,0.0,0,0.0,0
453,PAYMENT,1.0,C5735817014,0.0,0.0,M2604788242,0.0,0.0,0,0.0,0
568,PAYMENT,1.0,C3316787198,0.65,0.0,M6651754819,0.0,0.0,0,0.0,0
238,DEBIT,1.0,C4734111722,0.0,0.0,M8667946580,0.0,0.0,0,0.03666666666666667,0
450,CASH_OUT,1913.08,C7937993287,2677.63,764.55,C9798548049,8.93,8.93,1,0.05,0
618,CASH_OUT,16.34,C3734252963,53.19,36.85,C3597724331,0.0,0.0,0,0.03333333333333333,0
345,CASH_OUT,41.62,C7640122370,50.29,8.67,C3434757387,0.0,0.0,1,0.013333333333333334,0
117,PAYMENT,11.22,C3691864041,49.31,38.09,M2916502228,0.0,0.0,0,0.0,0
119,PAYMENT,19.69,C8933377472,26.28,6.59,M3846182436,0.0,0.0,0,0.0,0
676,TRANSFER,1943.36,C9067664957,1889.04,0.0,C6161147047,1.88,1.88,1,0.7266666666666667,1
215,PAYMENT,1.0,C6789292252,0.0,0.0,M2555936898,0.0,0.0,0,0.0,0
133,CASH_OUT,2018.16,C4104309491,1973.16,0.0,C2601198885,0.0,0.0,1,0.04666666666666667,0
609,CASH_OUT,3024.24,C8160279830,3616.95,592.71,C1602569046,20.64,20.64,0,0.023333333333333334,0
419,TRANSFER,1.0,C5433722159,0.0,0.0,C5474951950,0.0,1.0,0,0.20666666666666667,0
122,PAYMENT,1.0,C9479654136,2.84,1.84,M9020002737,0.0,0.0,0,0.0,0
74,CASH_OUT,5548.75,C7470843264,4769.24,0.0,M7351460539,0.0,0.0,1,0.04,0
682,TRANSFER,389.5,C8532327465,332.47,0.0,M1185303518,0.0,0.0,1,0.22666666666666666,0
625,PAYMENT,29.01,C6415031531,47.75,18.74,M8389750357,0.0,0.0,0,0.0,0
136,TRANSFER,103.92,C2879792991,102.52,0.0,M7437168216,0.0,0.0,1,0.20333333333333334,0
236,PAYMENT,1.0,C7027529118,2.17,1.17,M8548290298,0.0,0.0,0,0.0,0
520,PAYMENT,2.88,C1225447588,7.5,4.62,M6845287382,0.0,0.0,0,0.0,0
84,TRANSFER,18.3,C9343730920,28.32,10.02,C1795212538,0.0,18.3,0,0.16333333333333333,0
617,TRANSFER,82.65,C1417436465,85.62,2.97,C7534583219,20577.47,20577.47,1,0.0033333333333333335,0
297,PAYMENT,37.8,C1613549255,73.42,35.62,M3495411322,0.0,0.0,0,0.0,0
468,TRANSFER,1.0,C2830154607,0.0,0.0,C4631048029,9.06,10.06,0,0.19,0
550,TRANSFER,1.0,C4538382315,0.31,0.0,C3532855799,0.0,1.0,0,0.22333333333333333,0
561,CASH_OUT,248022.87,C2317723211,242344.04,0.0,M8667946580,0.0,0.0,1,0.24333333333333335,0
10,CASH_OUT,230.58,C7803990970,193.81,0.0,M9581187661,0.0,0.0,1,0.013333333333333334,0
214,CASH_IN,21212.7,C8086172302,3.67,21216.37,C8868054898,23.8,23.8,0,0.0,0
193,TRANSFER,1543.53,C3792347639,1692.49,148.96,M5315720088,0.0,0.0,1,0.21333333333333335,0
720,PAYMENT,154.07,C3614915281,323.29,169.22,M7651029165,0.0,0.0,0,0.0,0
495,TRANSFER,1308.47,C3109688769,1191.87,0.0,C6715705115,0.0,0.0,1,0.4533333333333333,0
5,CASH_OUT,2.03,C6477862024,5.48,3.45,C2349641712,4.49,4.49,0,0.03,0
534,PAYMENT,1.0,C3553440342,0.86,0.0,M9916475897,0.0,0.0,0,0.0,0
8,CASH_OUT,7.57,C3171050399,12.18,4.61,C7004964045,0.0,0.0,0,0.006666666666666667,0
28,TRANSFER,19340.11,C9715314442,50212.37,30872.26,C1276905285,35.56,19375.67,0,0.0,0
206,CASH_OUT,124.44,C5578929439,141.61,17.17,C2082326234,42.25,42.25,0,0.006666666666666667,0
650,PAYMENT,1.0,C8236980551,0.0,0.0,M1647181551,0.0,0.0,0,0.0,0
272,PAYMENT,1.0,C2525930586,0.0,0.0,M2839566253,0.0,0.0,0,0.0,0
267,PAYMENT,1.0,C4895020135,1.0,0.0,M3322580659,0.0,0.0,0,0.0,0
185,TRANSFER,4768.21,C6582557981,74459.42,69691.21,C5570828113,13.18,4781.39,0,0.0,0
408,CASH_OUT,6.4,C5151887478,711.13,704.73,C1722124509,132853.38,132853.38,0,0.0,0
463,PAYMENT,483.99,C4590711152,521.52,37.53,M9098037639,0.0,0.0,0,0.0,0
665,PAYMENT,1.0,C3698343112,0.0,0.0,M1802753761,0.0,0.0,0,0.0,0
57,CASH_OUT,184.2,C3389594115,10660.67,10476.47,C5600836559,1.42,1.42,0,0.0,0
33,PAYMENT,1.0,C7601519165,0.0,0.0,M2885370603,0.0,0.0,0,0.0,0
364,PAYMENT,1.0,C8076527214,0.0,0.0,M3208200227,0.0,0.0,0,0.0,0
238,PAYMENT,183.1,C4015479599,809.73,626.63,M6558769264,0.0,0.0,0,0.0,0
189,CASH_OUT,1242.62,C8106906538,1490.83,248.21,C7174772035,0.0,0.0,0,0.0,0
145,CASH_OUT,1.0,C8761956684,0.0,0.0,C5431267548,15.68,15.68,0,0.0033333333333333335,0
573,TRANSFER,1.0,C4203205881,0.0,0.0,C2914590233,405.04,406.04,0,0.10333333333333333,0
100,CASH_OUT,673.97,C1667483244,592.56,0.0,M6866146362,0.0,0.0,1,0.10333333333333333,0
410,CASH_OUT,1.0,C4026379752,0.0,0.0,C8102515984,0.0,0.0,0,0.06666666666666667,0
145,TRANSFER,3986.97,C2960488639,4355.7,368.73,M5937271321,0.0,0.0,1,0.18333333333333332,0
641,TRANSFER,1788.46,C6656646925,2043.16,254.7,M1122712790,0.0,0.0,1,0.29333333333333333,0
11,TRANSFER,1078.49,C9136780852,1450.9,372.41,M5412437658,0.0,0.0,1,0.09333333333333334,0
427,TRANSFER,63.53,C9703905715,79.77,16.24,C1439427140,0.0,63.53,0,0.15666666666666668,0
222,TRANSFER,5.44,C1084790270,22.57,17.13,C6218955985,16878.56,16884.0,0,0.0,0
475,CASH_OUT,1.0,C7573691558,0.0,0.0,C3707166618,1.0,1.0,0,0.09333333333333334,0
468,CASH_OUT,167.82,C7710396573,255.57,87.75,C9904586976,578.66,578.66,0,0.04666666666666667,0
128,PAYMENT,1.0,C9857430687,0.0,0.0,M9576264323,0.0,0.0,0,0.0,0
659,CASH_OUT,545.52,C6583444930,750.4,204.88,M6247463262,0.0,0.0,1,0.023333333333333334,0
404,DEBIT,3.56,C2654584280,1354.58,1351.02,M5794335854,0.0,0.0,0,0.016666666666666666,0
362,PAYMENT,6.94,C8093179263,25.45,18.51,M9065458220,0.0,0.0,0,0.0,0
382,CASH_OUT,14.64,C4143852021,18.96,4.32,C2566942273,0.0,0.0,0,0.023333333333333334,0
91,CASH_OUT,209.0,C7529817193,221.04,12.04,C8949781901,141733.54,141733.54,0,0.0,0
157,PAYMENT,1.0,C3598862507,0.0,0.0,M3457877922,0.0,0.0,0,0.0,0
406,CASH_OUT,2758.98,C4734111722,3183.75,424.77,M2655546199,0.0,0.0,1,0.013333333333333334,0
134,PAYMENT,1.0,C6128695961,0.0,0.0,M2541015125,0.0,0.0,0,0.0,0
424,TRANSFER,1.0,C5536224717,0.0,0.0,C5336127859,4.8,5.8,0,0.17666666666666667,0
49,PAYMENT,263.45,C2168041588,296.19,32.74,M9288057824,0.0,0.0,0,0.0,0
539,TRANSFER,20344.1,C3710566582,19119.25,0.0,M2518433834,0.0,0.0,1,0.9366666666666666,1
526,CASH_OUT,1119.78,C7805745017,1120.91,1.13,M8458323087,0.0,0.0,1,0.13333333333333333,0
28,PAYMENT,384.42,C4564751926,598.4,213.98,M3846182436,0.0,0.0,0,0.0,0
365,TRANSFER,93.07,C4147025728,229.64,136.57,C8046300793,466.92,559.99,0,0.01,0
504,PAYMENT,553.91,C7961674558,796.4,242.49,M5067400473,0.0,0.0,0,0.0,0
519,TRANSFER,1.0,C6991473746,0.0,0.0,C8015124886,0.0,1.0,0,0.22333333333333333,0
683,TRANSFER,4859.08,C3780439666,4444.81,0.0,M4892544235,0.0,0.0,1,0.9166666666666666,1
44,TRANSFER,43.18,C8316205130,64.62,21.44,C4422700486,4.7,47.88,0,0.13,0
165,PAYMENT,60.53,C1065857791,261.86,201.33,M7861571879,0.0,0.0,0,0.0,0
479,TRANSFER,250.83,C7467073633,272.7,21.87,C3392080953,0.61,0.61,1,0.17,0
482,PAYMENT,381.6,C7371573279,569.99,188.39,M4554178984,0.0,0.0,0,0.0,0
469,TRANSFER,4526.58,C8943866829,4222.87,0.0,M6515490818,0.0,0.0,1,0.9133333333333333,1
181,PAYMENT,1.0,C3316787198,0.0,0.0,M9444143872,0.0,0.0,0,0.0,0
457,CASH_IN,60026.83,C3906611156,6.94,60033.77,C2266622851,112.7,112.7,0,0.0,0
585,CASH_OUT,2.59,C2295574037,4.13,1.54,C4098389895,59.78,59.78,0,0.03666666666666667,0
673,PAYMENT,62.18,C3853978147,235.13,172.95,M3605446007,0.0,0.0,0,0.0,0
469,PAYMENT,1.0,C6910112521,0.0,0.0,M4160161496,0.0,0.0,0,0.0,0
370,CASH_OUT,1.0,C1306702926,0.0,0.0,C9857430687,0.0,0.0,0,0.03333333333333333,0
128,TRANSFER,16005.68,C6341783555,21865.11,5859.43,C2180484299,8.34,8.34,1,0.18666666666666668,0
661,DEBIT,1.0,C8055556030,0.0,0.0,M6771941776,0.0,0.0,0,0.05333333333333334,0
135,CASH_OUT,58569.49,C8706093841,54134.21,0.0,C9660523876,383.6,383.6,1,0.01,0
195,CASH_OUT,1183.39,C1596471620,5420.65,4237.26,C7154795660,1133.48,1133.48,0,0.0,0
85,TRANSFER,12155.33,C9633533290,16202.9,4047.57,M1199447370,0.0,0.0,1,0.24333333333333335,0
153,PAYMENT,230.92,C4915196257,255.32,24.4,M6313472215,0.0,0.0,0,0.0,0
277,CASH_OUT,42.68,C6534540349,57.15,14.47,C6613888489,0.0,0.0,0,0.0,0
174,CASH_OUT,30.28,C3910678913,113.37,83.09,C8236980551,0.0,0.0,0,0.0033333333333333335,0
623,CASH_OUT,82.51,C9786748825,105.59,23.08,C4040409964,0.0,0.0,1,0.03333333333333333,0
422,PAYMENT,182.22,C5870268582,296.24,114.02,M1666898313,0.0,0.0,0,0.0,0
44,PAYMENT,1.0,C4277561834,0.0,0.0,M3192202822,0.0,0.0,0,0.0,0
704,PAYMENT,146.01,C5982744929,164.57,18.56,M6866146362,0.0,0.0,0,0.0,0
102,TRANSFER,38.08,C7185179917,50.04,11.96,M8740820392,0.0,0.0,1,0.16333333333333333,0
683,PAYMENT,255.54,C9115282784,710.16,454.62,M7537130187,0.0,0.0,0,0.0,0
475,CASH_OUT,1.0,C4471642620,0.0,0.0,C3783009621,471.78,471.78,0,0.09333333333333334,0
220,PAYMENT,47.45,C2067970820,77.94,30.49,M5067400473,0.0,0.0,0,0.0,0
185,TRANSFER,4.31,C6554972315,4.59,0.28,C5175416378,0.0,4.31,0,0.23333333333333334,0
329,TRANSFER,220.31,C9981691030,315.47,95.16,C2752536389,255.19,475.5,0,0.0,0
12,TRANSFER,2050.87,C6649827836,8367.91,6317.04,C8229344434,3672.29,5723.16,0,0.0,0
200,PAYMENT,19.88,C1104906255,32.8,12.92,M6200141898,0.0,0.0,0,0.0,0
311,CASH_OUT,3216.41,C8547068234,4135.38,918.97,C4455798713,0.0,0.0,1,0.006666666666666667,0
407,TRANSFER,693.02,C4706249669,590.59,0.0,M2839566253,0.0,0.0,1,0.2833333333333333,0
175,DEBIT,8.68,C9123612497,9.23,0.55,M2518433834,0.0,0.0,0,0.03,0
675,CASH_OUT,1.77,C6241752544,4.32,2.55,C1955345537,85.39,85.39,0,0.03,0
474,PAYMENT,113.89,C3293560436,130.82,16.93,M5815678365,0.0,0.0,0,0.0,0
717,TRANSFER,2918.4,C8133593748,4122.1,1203.7,C4719780110,0.0,2918.4,1,0.03666666666666667,0
204,PAYMENT,6178.37,C8083175325,20119.85,13941.48,M6820149016,0.0,0.0,0,0.0,0
476,CASH_OUT,135.49,C9312085761,241.27,105.78,C2780016559,96.74,96.74,0,0.043333333333333335,0
286,PAYMENT,23.72,C5118430494,32.7,8.98,M4601406440,0.0,0.0,0,0.0,0
282,PAYMENT,1.0,C1506211965,0.0,0.0,M6866146362,0.0,0.0,0,0.0,0
644,TRANSFER,573.4,C8757570742,601.97,28.57,M5564953924,0.0,0.0,1,0.18333333333333332,0
177,TRANSFER,511.75,C3328710672,598.98,87.23,M7366396017,0.0,0.0,1,0.17,0
274,TRANSFER,1600.96,C2237386857,1506.05,0.0,M5815678365,0.0,0.0,1,0.3933333333333333,0
373,PAYMENT,1.0,C8763140509,0.0,0.0,M8790289305,0.0,0.0,0,0.0,0
495,TRANSFER,1.0,C4226113732,0.0,0.0,C3965676060,682.82,683.82,0,0.08,0
410,TRANSFER,403.83,C7596745715,572.52,168.69,M3534186676,0.0,0.0,1,0.09666666666666666,0
227,PAYMENT,105.44,C6214917780,226.47,121.03,M9404002665,0.0,0.0,0,0.0,0
92,PAYMENT,27.03,C8684026200,71.28,44.25,M7512767226,0.0,0.0,0,0.0,0
595,CASH_OUT,337.51,C2960488639,368.73,31.22,C2050340486,0.0,0.0,1,0.04,0
678,TRANSFER,2480.2,C8243746556,2394.54,0.0,M6045729129,0.0,0.0,1,0.8733333333333333,1
91,PAYMENT,5252.17,C7534583219,20577.47,15325.3,M6361225622,0.0,0.0,0,0.0,0
453,CASH_OUT,153.99,C7596745715,168.69,14.7,C4460967357,0.0,0.0,1,0.056666666666666664,0
374,TRANSFER,1.0,C2591414076,0.0,0.0,C6488854841,8.22,9.22,0,0.18333333333333332,0
148,TRANSFER,4910.05,C8285786023,4434.15,0.0,M6992094064,0.0,0.0,1,0.7733333333333333,1
432,CASH_OUT,570.1,C1197092148,603.01,32.91,C5759234471,1251.35,1251.35,0,0.04666666666666667,0
337,TRANSFER,276.76,C9410288290,405.18,128.42,C9916336966,1.0,277.76,0,0.016666666666666666,0
248,DEBIT,258.96,C5903457537,486.24,227.28,M6199197408,0.0,0.0,0,0.013333333333333334,0
548,CASH_OUT,3.93,C4345526911,4.16,0.23,C3725152347,247.9,247.9,0,0.05,0
498,PAYMENT,98.9,C3958590550,145.83,46.93,M3965860354,0.0,0.0,0,0.0,0
11,CASH_OUT,61288.8,C5421051452,88151.75,26862.95,C1558631501,44.42,44.42,0,0.0,0
401,TRANSFER,212.94,C2633177480,998.95,786.01,C2486744752,4.88,217.82,0,0.02666666666666667,0
348,TRANSFER,7.57,C4605117440,11.98,4.41,C3555656321,0.0,7.57,0,0.16,0
243,TRANSFER,891.6,C8299146480,901.88,10.28,C8133593748,1203.7,1203.7,1,0.01,0
422,CASH_OUT,1.0,C3128675098,0.0,0.0,C6124453431,0.0,0.0,0,0.08666666666666667,0
685,DEBIT,1.0,C1561417687,0.0,0.0,M8235474949,0.0,0.0,0,0.05,0
312,CASH_OUT,1.0,C9863781331,0.0,0.0,C3931997465,26.85,26.85,0,0.016666666666666666,0
641,PAYMENT,438.66,C3821211202,540.67,102.01,M6495967005,0.0,0.0,0,0.0,0
196,PAYMENT,992.08,C9123207735,1560.66,568.58,M1857561275,0.0,0.0,0,0.0,0
329,CASH_OUT,418.97,C3698305085,524.74,105.77,M5990749811,0.0,0.0,1,0.023333333333333334,0
69,TRANSFER,19.03,C2620054076,79.63,60.6,C6640801643,741.84,760.87,0,0.013333333333333334,0
78,PAYMENT,191.89,C1005502537,240.62,48.73,M3580582653,0.0,0.0,0,0.0,0
50,PAYMENT,1.0,C9717175839,1.69,0.69,M8138332494,0.0,0.0,0,0.0,0
435,CASH_IN,13892.42,C7664258343,567.49,14459.91,C8390631634,148881.42,148881.42,0,0.0,0
682,PAYMENT,1.0,C1225052083,0.0,0.0,M9255306810,0.0,0.0,0,0.0,0
153,DEBIT,1.0,C6448324230,1.0,0.0,M9776500600,0.0,0.0,0,0.03,0
695,TRANSFER,3742.56,C3434757387,3859.39,116.83,C6583444930,204.88,3947.44,1,0.05,0
475,CASH_OUT,1.0,C9989642546,0.0,0.0,C9116428507,0.0,0.0,0,0.09333333333333334,0
17,TRANSFER,59.49,C6923301988,67.31,7.82,C2732553940,865.49,924.98,0,0.013333333333333334,0
2,PAYMENT,7743.27,C2308496151,87539.12,79795.85,M5694439775,0.0,0.0,0,0.0,0
625,PAYMENT,1.0,C4310415016,0.0,0.0,M3811254192,0.0,0.0,0,0.0,0
717,PAYMENT,6157.37,C2247484671,101961.77,95804.4,M7341757401,0.0,0.0,0,0.0,0
578,CASH_OUT,105.03,C4472312361,126.77,21.74,C9842186844,51.92,51.92,1,0.03666666666666667,0
157,PAYMENT,1.0,C2646331504,0.0,0.0,M3457877922,0.0,0.0,0,0.0,0
28,TRANSFER,1.0,C9989642546,0.0,0.0,C2191714875,5.07,6.07,0,0.18666666666666668,0
306,PAYMENT,2156.98,C3906611156,60033.77,57876.79,M3317856944,0.0,0.0,0,0.0,0
161,TRANSFER,2900.0,C8982597239,3872.9,972.9,C2407863065,222.08,222.08,1,0.016666666666666666,0
568,PAYMENT,41.43,C5736462531,55.69,14.26,M3566125120,0.0,0.0,0,0.0,0
17,TRANSFER,7.86,C1798112150,8.91,1.05,C2445662585,11.14,19.0,0,0.13,0
679,TRANSFER,3406.71,C4864126433,3607.85,201.14,C1430073711,3.22,3.22,1,0.31333333333333335,0
65,PAYMENT,10300.23,C7648059419,77790.5,67490.27,M9398575277,0.0,0.0,0,0.0,0
465,PAYMENT,125.13,C3045102506,194.63,69.5,M3960136787,0.0,0.0,0,0.0,0
420,CASH_OUT,15292.43,C8453283834,14456.8,0.0,M2541015125,0.0,0.0,1,0.2733333333333333,0
455,CASH_OUT,2390.49,C1004665657,2209.81,0.0,M6606958660,0.0,0.0,1,0.38,0
41,DEBIT,15.79,C7299420031,17.94,2.15,M8144352013,0.0,0.0,0,0.023333333333333334,0
395,CASH_OUT,32.42,C3149533961,44.02,11.6,C6534540349,14.47,14.47,0,0.006666666666666667,0
256,CASH_IN,1968.39,C6534540349,14.47,1982.86,C4645120421,15.88,15.88,0,0.0,0
146,TRANSFER,1.0,C8132531532,0.0,0.0,C5586143660,1817.2,1818.2,0,0.006666666666666667,0
439,TRANSFER,335.7,C7699500243,290.12,0.0,C8033062794,0.0,0.0,1,0.22666666666666666,0
178,DEBIT,1.0,C4034047118,0.0,0.0,M9523139706,0.0,0.0,0,0.03,0
87,TRANSFER,1.0,C8669484644,0.0,0.0,C5492496998,66.99,67.99,0,0.12666666666666668,0
515,CASH_IN,88100.02,C6491309593,5.69,88105.71,C8625774078,370.12,370.12,0,0.0,0
475,CASH_OUT,2628.05,C3995732958,2343.67,0.0,C1809283659,4.21,4.21,1,0.3466666666666667,0
625,CASH_OUT,7747.23,C4600630513,8914.39,1167.16,M7948094928,0.0,0.0,1,0.023333333333333334,0
21,CASH_IN,135697.32,C9738752801,562.58,136259.9,C4745927824,0.0,0.0,0,0.0,0
547,TRANSFER,41.45,C6493800024,111.78,70.33,C7965608188,19.11,60.56,0,0.13666666666666666,0
661,PAYMENT,1.0,C5281907480,0.0,0.0,M7282885927,0.0,0.0,0,0.0,0
166,TRANSFER,2588.2,C7665963761,2894.36,306.16,M1306420495,0.0,0.0,1,0.14666666666666667,0
549,TRANSFER,614.56,C6246716604,841.75,227.19,C6562434335,59.38,59.38,1,0.12666666666666668,0
163,CASH_OUT,202.05,C4550353803,347.57,145.52,C9078786223,0.0,0.0,0,0.0,0
106,CASH_IN,88145.07,C5975196341,16827.6,104972.67,C2178158203,5361.52,5361.52,0,0.0,0
400,PAYMENT,18.76,C3098948446,19.88,1.12,M2303835765,0.0,0.0,0,0.0,0
114,PAYMENT,2637.25,C8235363119,34186.28,31549.03,M3595066420,0.0,0.0,0,0.0,0
262,CASH_IN,3459.1,C3115806625,0.0,3459.1,C6618926823,0.03,0.03,0,0.0,0
639,CASH_OUT,716.72,C6048096802,823.42,106.7,M6284297249,0.0,0.0,1,0.05,0
407,PAYMENT,2.82,C6477862024,3.45,0.63,M9576264323,0.0,0.0,0,0.0,0
43,PAYMENT,69.18,C8578226896,148.98,79.8,M7861571879,0.0,0.0,0,0.0,0
169,TRANSFER,48692.21,C5071218314,57736.05,9043.84,C3758823240,359.19,359.19,1,0.013333333333333334,0
306,TRANSFER,193.07,C9434946584,189.75,0.0,C7603978731,189.31,189.31,1,0.05,0
522,TRANSFER,82.49,C2266622851,112.7,30.21,C7872873371,106.29,188.78,1,0.08,0
485,PAYMENT,1.65,C1430073711,3.22,1.57,M6247463262,0.0,0.0,0,0.0,0
140,PAYMENT,2537.99,C6418365941,4320.32,1782.33,M1257854279,0.0,0.0,0,0.0,0
2,PAYMENT,96.8,C8168394616,473.89,377.09,M6732306182,0.0,0.0,0,0.0,0
149,TRANSFER,811.34,C6761084958,1069.85,258.51,C6469458472,43.47,854.81,0,0.0,0
186,PAYMENT,1.0,C9369574998,0.0,0.0,M5891831621,0.0,0.0,0,0.0,0
246,CASH_OUT,1.0,C3178995337,0.0,0.0,C9945002229,339.09,339.09,0,0.013333333333333334,0
92,TRANSFER,2159.78,C1383539822,1844.34,0.0,C2914126243,2093.31,2093.31,1,0.056666666666666664,0
411,PAYMENT,23.42,C7635473142,46.77,23.35,M8728631945,0.0,0.0,0,0.0,0
351,PAYMENT,1.0,C6711463258,0.0,0.0,M1368287033,0.0,0.0,0,0.0,0
449,CASH_OUT,365.08,C4322510552,330.3,0.0,M8325043570,0.0,0.0,1,0.10333333333333333,0
131,TRANSFER,655.23,C5419627962,733.4,78.17,C2510308881,316.58,316.58,1,0.013333333333333334,0
133,PAYMENT,567.28,C7209571615,1357.22,789.94,M6999146585,0.0,0.0,0,0.0,0
116,TRANSFER,1.0,C1572827654,0.0,0.0,C9470922075,9.89,10.89,0,0.19,0
251,TRANSFER,29975.28,C1939042955,54703.68,24728.4,C8852676046,882.55,30857.83,0,0.0,0
487,CASH_OUT,1.0,C4471642620,0.0,0.0,C8184602688,678.04,678.04,0,0.08,0
613,CASH_OUT,158.69,C4990452762,304.71,146.02,C7759781156,180.52,180.52,0,0.02666666666666667,0
185,PAYMENT,1.0,C4853479481,0.0,0.0,M3580582653,0.0,0.0,0,0.0,0
494,CASH_IN,24225.13,C7299420031,2.15,24227.28,C9493209128,0.0,0.0,0,0.0,0
522,PAYMENT,1.0,C6092773357,1.0,0.0,M5449848690,0.0,0.0,0,0.0,0
261,CASH_OUT,42.66,C5625980561,58.92,16.26,C1065857791,201.33,201.33,0,0.0,0
492,TRANSFER,3470.87,C3316787198,3800.93,330.06,C4042413312,13.93,13.93,1,0.26,0
68,CASH_OUT,1731.09,C3874432021,1843.93,112.84,C8203447752,4926.38,4926.38,0,0.0,0
235,PAYMENT,28.77,C3734252963,36.85,8.08,M2625035499,0.0,0.0,0,0.0,0
13,PAYMENT,7.77,C3783290795,188.23,180.46,M8858274691,0.0,0.0,0,0.0,0
216,TRANSFER,95.45,C4558302256,110.4,14.95,C4645120421,15.88,111.33,1,0.09,0
657,TRANSFER,11320.08,C9403748506,12955.87,1635.79,C3774110439,0.0,0.0,1,0.3433333333333333,0
470,DEBIT,19.48,C4046558332,23.33,3.85,M4160161496,0.0,0.0,0,0.04,0
261,DEBIT,13.16,C7596745715,14.7,1.54,M6200141898,0.0,0.0,0,0.03333333333333333,0
449,CASH_OUT,26.71,C4877520294,73.86,47.15,C3313993297,194.32,194.32,0,0.04666666666666667,0
426,PAYMENT,3.07,C4143852021,4.32,1.25,M2586712032,0.0,0.0,0,0.0,0
261,PAYMENT,1.0,C8755749566,0.0,0.0,M6865994703,0.0,0.0,0,0.0,0
596,CASH_OUT,1.45,C8055515912,4.7,3.25,C9639245200,38.32,38.32,0,0.03666666666666667,0
608,PAYMENT,1.0,C3207160929,0.0,0.0,M8235474949,0.0,0.0,0,0.0,0
200,TRANSFER,65.25,C2158638062,70.47,5.22,C2017675569,0.0,65.25,1,0.16333333333333333,0
483,CASH_OUT,2542.0,C1521521078,2359.74,0.0,C5659161352,167.87,167.87,1,0.29333333333333333,0
388,PAYMENT,1.52,C2941289685,1.71,0.19,M3119908041,0.0,0.0,0,0.0,0
614,TRANSFER,49007.44,C3906611156,57876.79,8869.35,C3623588379,0.0,0.0,1,0.27666666666666667,0
717,PAYMENT,1.0,C4431078106,0.0,0.0,M2869931869,0.0,0.0,0,0.0,0
76,TRANSFER,43749.84,C6471691689,48214.32,4464.48,M7750131975,0.0,0.0,1,0.25666666666666665,0
442,PAYMENT,3.36,C9470922075,10.89,7.53,M2129491690,0.0,0.0,0,0.0,0
597,TRANSFER,197.04,C5125568431,245.09,48.05,C6554972315,0.28,197.32,0,0.09666666666666666,0
504,CASH_OUT,393.15,C5409514899,809.45,416.3,C1197092148,32.91,32.91,0,0.03666666666666667,0
609,PAYMENT,2849.3,C1141312095,3936.54,1087.24,M4588312351,0.0,0.0,0,0.0,0
296,PAYMENT,202.69,C8852676046,30857.83,30655.14,M8861351706,0.0,0.0,0,0.0,0
214,TRANSFER,4112.42,C5879617459,4836.42,724.0,M1504729135,0.0,0.0,1,0.21333333333333335,0
524,CASH_OUT,944.43,C3511301900,902.65,0.0,M2228388623,0.0,0.0,1,0.23,0
456,PAYMENT,512.37,C1981049082,53505.23,52992.86,M5794335854,0.0,0.0,0,0.0,0
287,PAYMENT,1.0,C7910439839,0.0,0.0,M9640701016,0.0,0.0,0,0.0,0
438,CASH_OUT,16114.1,C8760642358,25660.51,9546.41,C4067213499,0.0,0.0,0,0.013333333333333334,0
16,PAYMENT,1.0,C1383539822,0.0,0.0,M2228388623,0.0,0.0,0,0.0,0
339,TRANSFER,1.0,C9776185998,0.0,0.0,C9691572571,160.86,161.86,0,0.04666666666666667,0
199,PAYMENT,1.0,C7415801613,0.0,0.0,M6659847491,0.0,0.0,0,0.0,0
225,PAYMENT,1.0,C7590302909,0.0,0.0,M2249831874,0.0,0.0,0,0.0,0
321,CASH_OUT,242.58,C4508521152,722.15,479.57,C5336127859,5.8,5.8,0,0.013333333333333334,0
354,PAYMENT,2.97,C9912233947,4.62,1.65,M3595066420,0.0,0.0,0,0.0,0
635,CASH_IN,110804.55,C2317723211,0.0,110804.55,C2493660313,0.0,0.0,0,0.0,0
691,TRANSFER,3334.22,C1242425303,4090.82,756.6,C4655730355,167.67,3501.89,0,0.03,0
271,CASH_OUT,21.56,C7103588071,42.69,21.13,C6745958212,172.31,172.31,0,0.0,0
433,CASH_OUT,64.19,C7517938612,85.83,21.64,C3291270703,706.91,706.91,0,0.05333333333333334,0
511,PAYMENT,112.67,C9381721143,4198.93,4086.26,M6894024976,0.0,0.0,0,0.0,0
431,PAYMENT,1.0,C1316756902,0.0,0.0,M2136107759,0.0,0.0,0,0.0,0
300,CASH_OUT,70409.6,C8826851692,64695.56,0.0,C1707196784,0.0,0.0,1,0.06333333333333334,0
68,PAYMENT,399.27,C1870644102,646.45,247.18,M1458227039,0.0,0.0,0,0.0,0
78,TRANSFER,320.76,C6620138568,394.0,73.24,M3145756342,0.0,0.0,1,0.16,0
43,DEBIT,1.0,C6674372082,0.0,0.0,M8443061472,0.0,0.0,0,0.02666666666666667,0
644,PAYMENT,73.65,C9673185158,208.18,134.53,M8858274691,0.0,0.0,0,0.0,0
71,PAYMENT,1.0,C4526242854,0.0,0.0,M8325043570,0.0,0.0,0,0.0,0
114,PAYMENT,249.81,C6320115677,273.56,23.75,M3811254192,0.0,0.0,0,0.0,0
474,CASH_OUT,2768.19,C6334440295,3781.05,1012.86,C4659306670,723.04,723.04,1,0.04,0
651,CASH_OUT,1114.23,C6443749394,1222.17,107.94,C8086527181,0.0,0.0,1,0.03333333333333333,0
291,PAYMENT,99.23,C4252504650,381.55,282.32,M3369412470,0.0,0.0,0,0.0,0
603,TRANSFER,1.0,C8987073217,1.0,0.0,C6562144159,260.57,261.57,0,0.11,0
193,CASH_OUT,830.43,C7575259637,1161.11,330.68,C3214080278,4.14,4.14,1,0.0,0
181,CASH_OUT,17.27,C1494287462,53.1,35.83,C6837975356,0.0,0.0,0,0.0,0
264,TRANSFER,117.53,C6000952470,157.51,39.98,M6651754819,0.0,0.0,1,0.16333333333333333,0
623,CASH_IN,86083.36,C9420979586,1272.43,87355.79,C5703357871,2554.18,2554.18,0,0.0,0
58,CASH_OUT,2.33,C4356175095,2.89,0.56,C7631970791,0.0,0.0,0,0.0033333333333333335,0
412,TRANSFER,4163.69,C8274273035,4433.1,269.41,M6894024976,0.0,0.0,1,0.27666666666666667,0
157,TRANSFER,44116.25,C1139082827,49546.08,5429.83,M7514017540,0.0,0.0,1,0.22333333333333333,0
481,TRANSFER,2298.64,C2237386857,2114.04,0.0,M8325043570,0.0,0.0,1,0.79,1
52,CASH_OUT,2.4,C7061419749,3.88,1.48,C1862812038,0.0,0.0,0,0.0033333333333333335,0
238,CASH_OUT,4860.27,C9376711497,4983.17,122.9,C8033702319,3.4,3.4,1,0.0033333333333333335,0
19,PAYMENT,14.73,C8868054898,23.8,9.07,M7960713821,0.0,0.0,0,0.0,0
709,PAYMENT,5.83,C4765583254,9.52,3.69,M8548290298,0.0,0.0,0,0.0,0
525,PAYMENT,92.15,C1870644102,247.18,155.03,M6284297249,0.0,0.0,0,0.0,0
716,PAYMENT,1.0,C2389803385,0.0,0.0,M7764117705,0.0,0.0,0,0.0,0
83,CASH_OUT,1019.31,C4403845222,879.73,0.0,M5067400473,0.0,0.0,1,0.08,0
202,CASH_OUT,1.0,C5072538783,0.0,0.0,C4641561499,0.0,0.0,0,0.013333333333333334,0
511,PAYMENT,1.0,C9503787171,0.84,0.0,M8144889126,0.0,0.0,0,0.0,0
219,PAYMENT,1.0,C9165632300,0.0,0.0,M9523139706,0.0,0.0,0,0.0,0
471,TRANSFER,291.4,C6156843353,329.91,38.51,C1654602021,27.82,319.22,0,0.06,0
238,PAYMENT,4.75,C3361388464,5.49,0.74,M6932365592,0.0,0.0,0,0.0,0
586,PAYMENT,13365.46,C5161807235,55790.26,42424.8,M2541015125,0.0,0.0,0,0.0,0
270,PAYMENT,1.0,C3127657643,0.0,0.0,M3534186676,0.0,0.0,0,0.0,0
292,TRANSFER,53.2,C4990452762,146.02,92.82,C1513003815,4.69,57.89,0,0.12,0
629,CASH_OUT,1.0,C5855415646,0.0,0.0,C5483308751,0.0,0.0,0,0.06,0
265,TRANSFER,4158.82,C4202607993,4964.79,805.97,M1888107487,0.0,0.0,1,0.22,0
287,TRANSFER,110.24,C6887132821,325.72,215.48,C3035761595,73.51,183.75,0,0.013333333333333334,0
671,TRANSFER,24845.47,C5364727160,23019.39,0.0,M4522855590,0.0,0.0,1,0.8766666666666667,1
541,CASH_OUT,7.08,C1084790270,17.13,10.05,C8086527181,0.0,0.0,0,0.03333333333333333,0
47,PAYMENT,570.22,C3980491761,1859.75,1289.53,M3072183247,0.0,0.0,0,0.0,0
705,PAYMENT,450.98,C3987248494,496.55,45.57,M1122712790,0.0,0.0,0,0.0,0
713,TRANSFER,1.0,C3815287619,0.0,0.0,C3107125807,0.0,1.0,0,0.21333333333333335,0
541,CASH_OUT,1179.26,C7287517250,1438.74,259.48,M7651029165,0.0,0.0,1,0.03,0
117,PAYMENT,1.0,C9123612497,0.55,0.0,M9773795424,0.0,0.0,0,0.0,0
244,TRANSFER,1.0,C5428082088,0.0,0.0,C1977515194,469.2,470.2,0,0.013333333333333334,0
172,CASH_OUT,5387.59,C9776185998,4623.84,0.0,C5150090143,0.0,0.0,1,0.043333333333333335,0
210,PAYMENT,16.99,C9805620900,40.42,23.43,M1199447370,0.0,0.0,0,0.0,0
330,PAYMENT,24.81,C7186766399,44.91,20.1,M2635881694,0.0,0.0,0,0.0,0
578,TRANSFER,46.52,C8625774078,370.12,323.6,C3197757742,43.97,90.49,0,0.09333333333333334,0
532,TRANSFER,3094.69,C1149460439,2824.22,0.0,C8734449371,1190.1,1190.1,1,0.36,0
171,PAYMENT,1.0,C9558091177,0.0,0.0,M9625656293,0.0,0.0,0,0.0,0
544,CASH_OUT,580.73,C7671625956,780.65,199.92,C2020262123,35.91,35.91,1,0.03,0
235,PAYMENT,468.42,C3965676060,683.82,215.4,M3107992942,0.0,0.0,0,0.0,0
147,TRANSFER,3574.55,C6868336102,3770.84,196.29,C8086527181,0.0,0.0,1,0.18333333333333332,0
515,CASH_OUT,1968.22,C5736462531,1945.32,0.0,C2960488639,31.22,31.22,1,0.17,0
710,TRANSFER,103.3,C4731897202,132.78,29.48,C8477300991,46591.11,46694.41,0,0.0033333333333333335,0
163,PAYMENT,1.0,C6674372082,0.0,0.0,M8083396378,0.0,0.0,0,0.0,0
509,TRANSFER,2074.46,C6642266247,2004.18,0.0,M6200141898,0.0,0.0,1,0.7666666666666667,1
143,TRANSFER,2483.36,C6477862024,2903.04,419.68,C5789617427,0.0,0.0,1,0.13666666666666666,0
335,TRANSFER,19.11,C8325222092,53.68,34.57,C3426709025,296.77,315.88,0,0.0,0
92,PAYMENT,1.0,C2224336336,0.0,0.0,M3107992942,0.0,0.0,0,0.0,0
159,CASH_OUT,115.38,C9630522755,117.67,2.29,M1458227039,0.0,0.0,1,0.01,0
141,PAYMENT,29.88,C3615507143,66.7,36.82,M5570190774,0.0,0.0,0,0.0,0
428,CASH_OUT,7347.8,C2950049698,14083.33,6735.53,C8791183272,5317.21,5317.21,0,0.0033333333333333335,0
223,PAYMENT,1.0,C6789292252,0.0,0.0,M2839566253,0.0,0.0,0,0.0,0
286,PAYMENT,170.44,C8625774078,323.6,153.16,M8821456242,0.0,0.0,0,0.0,0
39,CASH_IN,7378.38,C9503787171,0.0,7378.38,C4602080228,0.0,0.0,0,0.0,0
112,PAYMENT,73.07,C5696548897,164.45,91.38,M2635881694,0.0,0.0,0,0.0,0
472,CASH_OUT,1474.17,C3772636814,1876.46,402.29,C9080621072,6598.81,6598.81,0,0.03333333333333333,0
55,TRANSFER,113.66,C8168036130,230.57,116.91,C5992908271,92.66,206.32,0,0.02666666666666667,0
116,PAYMENT,94.92,C5182110973,142.77,47.85,M1908459040,0.0,0.0,0,0.0,0
306,PAYMENT,45.19,C6231117883,108.25,63.06,M3580582653,0.0,0.0,0,0.0,0
348,CASH_OUT,257.19,C1322401182,339.68,82.49,M3476758136,0.0,0.0,1,0.013333333333333334,0
12,TRANSFER,260.82,C5297902885,353.22,92.4,M3322580659,0.0,0.0,1,0.13,0
298,TRANSFER,2.98,C5515628633,4629.73,4626.75,C1230624431,617.09,620.07,0,0.0,0
540,CASH_OUT,4461.26,C1276905285,19375.67,14914.41,C8033062794,0.0,0.0,0,0.02,0
533,CASH_IN,41261.02,C8617360361,109.28,41370.3,C4590711152,37.53,37.53,0,0.0,0
679,PAYMENT,9.34,C3003484425,21.65,12.31,M2155671697,0.0,0.0,0,0.0,0
690,PAYMENT,654.81,C4659306670,723.04,68.23,M8235474949,0.0,0.0,0,0.0,0
437,CASH_OUT,117.45,C7839819230,138.11,20.66,M7366396017,0.0,0.0,1,0.06,0
411,PAYMENT,182.64,C4673457063,290.79,108.15,M1099218439,0.0,0.0,0,0.0,0
208,CASH_OUT,290.2,C6715961218,351.65,61.45,M5694439775,0.0,0.0,1,0.0,0
126,CASH_OUT,85.41,C8879525611,132.42,47.01,C9343730920,10.02,10.02,0,0.0033333333333333335,0
89,PAYMENT,25.49,C5667181604,73.81,48.32,M3960136787,0.0,0.0,0,0.0,0
244,CASH_OUT,1.0,C2050340486,0.0,0.0,C9806189256,1082.28,1082.28,0,0.01,0
122,CASH_OUT,1.0,C3365835550,1.42,0.42,C6618926823,0.03,0.03,0,0.0033333333333333335,0
662,CASH_IN,4625.98,C6121801720,63.27,4689.25,C7135394336,0.0,0.0,0,0.0,0
598,CASH_OUT,10.7,C2266622851,30.21,19.51,C6369130994,3.45,3.45,0,0.03333333333333333,0
60,CASH_OUT,1.0,C2802141793,0.0,0.0,C3171050399,4.61,4.61,0,0.0033333333333333335,0
653,CASH_OUT,5352.22,C6649827836,6317.04,964.82,M9752092528,0.0,0.0,1,0.02666666666666667,0
625,TRANSFER,1.0,C4159699467,0.0,0.0,C1439427140,63.53,64.53,0,0.17333333333333334,0
170,CASH_OUT,1530.06,C9248046539,2758.69,1228.63,C5315211627,61375.13,61375.13,0,0.0,0
282,PAYMENT,1.0,C2973888646,1.0,0.0,M7437168216,0.0,0.0,0,0.0,0
670,PAYMENT,300.13,C7154795660,1133.48,833.35,M7928143230,0.0,0.0,0,0.0,0
457,DEBIT,52.82,C2952996248,73.78,20.96,M5937271321,0.0,0.0,0,0.03,0
684,PAYMENT,351.51,C9856756553,532.4,180.89,M4093474499,0.0,0.0,0,0.0,0
461,CASH_OUT,1425.28,C4668931881,1557.41,132.13,M2121448210,0.0,0.0,1,0.08,0
468,CASH_IN,65633.03,C3694860228,64.82,65697.85,C1422701550,0.0,0.0,0,0.0,0
15,CASH_OUT,127.48,C5031086659,175.02,47.54,M2187592160,0.0,0.0,1,0.006666666666666667,0
133,PAYMENT,1.0,C8453283834,0.0,0.0,M9640701016,0.0,0.0,0,0.0,0
44,PAYMENT,890.76,C9309500117,1066.31,175.55,M8858274691,0.0,0.0,0,0.0,0
376,PAYMENT,1.0,C6038780151,1.6,0.6,M3476758136,0.0,0.0,0,0.0,0
332,TRANSFER,26.65,C6317889312,65.57,38.92,C8012696455,156.32,182.97,0,0.02,0
144,PAYMENT,2281.29,C5724657556,4518.32,2237.03,M4460319291,0.0,0.0,0,0.0,0
699,PAYMENT,20.51,C4713453204,74.91,54.4,M4865979921,0.0,0.0,0,0.0,0
546,TRANSFER,2.18,C7640122370,8.67,6.49,C4356175095,0.56,2.74,0,0.17,0
334,TRANSFER,3177.95,C9844874547,2992.19,0.0,C2464137110,1409.57,1409.57,1,0.11333333333333333,0
580,CASH_OUT,2371.06,C5474951950,3343.71,972.65,C9630522755,2.29,2.29,1,0.02666666666666667,0
173,PAYMENT,414.3,C2970753705,556.98,142.68,M9026301048,0.0,0.0,0,0.0,0
699,DEBIT,2.3,C7321180787,3.55,1.25,M7861571879,0.0,0.0,0,0.043333333333333335,0
640,PAYMENT,75.58,C4668931881,132.13,56.55,M1357561213,0.0,0.0,0,0.0,0
125,TRANSFER,2.26,C9354711271,6.35,4.09,C4993808565,1.71,3.97,0,0.15333333333333332,0
153,PAYMENT,536.16,C6947080764,767.17,231.01,M3317856944,0.0,0.0,0,0.0,0
40,TRANSFER,1.0,C7380780055,0.47,0.0,C1127978094,0.0,1.0,0,0.22333333333333333,0
579,DEBIT,1.0,C8763140509,0.0,0.0,M8643636805,0.0,0.0,0,0.04666666666666667,0
700,TRANSFER,313.75,C3758823240,359.19,45.44,M9021793855,0.0,0.0,1,0.16666666666666666,0
449,CASH_OUT,2792.79,C5439176290,2546.95,0.0,M5734228580,0.0,0.0,1,0.37666666666666665,0
660,TRANSFER,201.77,C5329194647,195.48,0.0,M9410569618,0.0,0.0,1,0.23666666666666666,0
664,CASH_OUT,57.22,C6619138852,79.85,22.63,C3365835550,0.42,0.42,1,0.03,0
529,PAYMENT,479.36,C3291270703,706.91,227.55,M2243802345,0.0,0.0,0,0.0,0
290,TRANSFER,141.32,C6558450990,156.4,15.08,C2308496151,79795.85,79795.85,1,0.0,0
186,TRANSFER,2496.35,C8624454880,2109.57,0.0,M1458227039,0.0,0.0,1,0.6266666666666667,1
670,CASH_OUT,36.41,C7920516981,66.3,29.89,C7004964045,0.0,0.0,0,0.03,0
337,PAYMENT,2.44,C8309221034,4.14,1.7,M7351460539,0.0,0.0,0,0.0,0
569,TRANSFER,1.0,C8178927766,0.0,0.0,C1430073711,1.57,2.57,0,0.23,0
677,TRANSFER,1.6,C3259520140,7.94,6.34,C2510308881,316.58,318.18,0,0.07,0
274,CASH_OUT,4780.71,C8325222092,4176.63,0.0,C7784217828,0.0,0.0,1,0.08333333333333333,0
103,CASH_OUT,4579.91,C7882206934,4528.37,0.0,M6247463262,0.0,0.0,1,0.04666666666666667,0
262,PAYMENT,5474.33,C6204041308,6562.67,1088.34,M6763471833,0.0,0.0,0,0.0,0
257,DEBIT,17491.03,C7472806994,17837.63,346.6,M6820149016,0.0,0.0,0,0.02,0
5,PAYMENT,62.64,C3483827971,97.5,34.86,M6763471833,0.0,0.0,0,0.0,0
294,CASH_OUT,6509.93,C1124331395,5687.98,0.0,M5067400473,0.0,0.0,1,0.10666666666666667,0
492,DEBIT,1.0,C8926438617,0.0,0.0,M1888107487,0.0,0.0,0,0.043333333333333335,0
322,PAYMENT,1.0,C7988845536,0.0,0.0,M2773408660,0.0,0.0,0,0.0,0
647,TRANSFER,66490.18,C5704029171,56360.94,0.0,C4042413312,13.93,13.93,1,0.73,1
574,CASH_OUT,1.03,C2349641712,4.49,3.46,C7633342225,0.46,0.46,0,0.04666666666666667,0
312,DEBIT,46.26,C6837342064,121.33,75.07,M1413599241,0.0,0.0,0,0.023333333333333334,0
508,CASH_OUT,1600.83,C7462972995,1535.74,0.0,C6156843353,38.51,38.51,1,0.18333333333333332,0
126,CASH_IN,65564.01,C2591414076,0.0,65564.01,C2687477596,2636.52,2636.52,0,0.0,0
187,PAYMENT,41.82,C4398953973,151.34,109.52,M3536590481,0.0,0.0,0,0.0,0
694,CASH_OUT,1.0,C5634076661,2.33,1.33,C1590985753,18361.71,18361.71,0,0.006666666666666667,0
522,DEBIT,229.27,C9303765140,895.59,666.32,M2129491690,0.0,0.0,0,0.03,0
85,CASH_IN,120306.38,C5175416378,4.31,120310.69,C8795212264,0.0,0.0,0,0.0,0
698,TRANSFER,4306.34,C2416760621,3643.18,0.0,C6043349038,93.84,4400.18,1,0.28,0
262,CASH_OUT,2.56,C2452066459,3.13,0.57,C8902275119,73.42,73.42,0,0.01,0
80,CASH_OUT,21.69,C6591038760,79.72,58.03,C5724657556,2237.03,2237.03,0,0.0033333333333333335,0
46,PAYMENT,1.0,C8084809436,0.0,0.0,M7750131975,0.0,0.0,0,0.0,0
639,CASH_OUT,1426.69,C2947476917,1645.89,219.2,C8394198376,7064.68,7064.68,1,0.006666666666666667,0
248,TRANSFER,1.0,C2918260963,0.0,0.0,C5077921573,1922.59,1923.59,0,0.01,0
480,PAYMENT,1.0,C9437783771,0.0,0.0,M2555936898,0.0,0.0,0,0.0,0
531,TRANSFER,813.86,C1446457642,986.4,172.54,C6877052039,435.9,435.9,1,0.06666666666666667,0
149,CASH_OUT,1547.13,C5215140451,1383.38,0.0,C2149938334,0.0,0.0,1,0.05333333333333334,0
323,PAYMENT,1.0,C2388450337,0.0,0.0,M9933702652,0.0,0.0,0,0.0,0
511,TRANSFER,59.74,C7059726570,55.95,0.0,M8044997538,0.0,0.0,1,0.22666666666666666,0
370,CASH_IN,9103.24,C3866755218,8.08,9111.32,C3971203213,7356.53,7356.53,0,0.0,0
254,CASH_OUT,1693.52,C9623534576,1851.39,157.87,M6786043791,0.0,0.0,1,0.0033333333333333335,0
254,CASH_OUT,1.0,C2389803385,0.0,0.0,C5036200310,0.0,0.0,0,0.02666666666666667,0
392,PAYMENT,7.18,C8999963054,13.35,6.17,M6199197408,0.0,0.0,0,0.0,0
298,CASH_IN,20060.02,C9503597301,6.26,20066.28,C6732648420,412.55,412.55,0,0.0,0
442,PAYMENT,1.0,C9702693937,0.0,0.0,M4588312351,0.0,0.0,0,0.0,0
586,TRANSFER,1589.96,C8211516617,1509.93,0.0,C2948728483,444.07,444.07,1,0.31666666666666665,0
156,TRANSFER,117.52,C1282103057,409.67,292.15,C4712367625,27.52,145.04,0,0.013333333333333334,0
465,CASH_OUT,3803.56,C9573276057,4162.73,359.17,C4965395580,15.85,15.85,1,0.03666666666666667,0
97,TRANSFER,154.95,C6634526139,149.97,0.0,C3098948446,1.12,156.07,1,0.15,0
285,CASH_OUT,241.73,C9249923427,251.5,9.77,C7333316743,0.69,0.69,1,0.016666666666666666,0
407,TRANSFER,1205.37,C6038780151,1316.43,111.06,M9625656293,0.0,0.0,1,0.20666666666666667,0
568,PAYMENT,160.41,C8691288568,477.38,316.97,M2518433834,0.0,0.0,0,0.0,0
41,PAYMENT,114.42,C9272277508,276.83,162.41,M9404002665,0.0,0.0,0,0.0,0
222,PAYMENT,470.92,C7832220535,2977.96,2507.04,M6558769264,0.0,0.0,0,0.0,0
530,PAYMENT,1.0,C2850820685,0.0,0.0,M5564953924,0.0,0.0,0,0.0,0
354,CASH_OUT,1571.85,C2891100776,1969.66,397.81,C5785481124,0.0,0.0,1,0.01,0
414,TRANSFER,1616.74,C4067213499,1676.58,59.84,M8643636805,0.0,0.0,1,0.27,0
304,TRANSFER,1529.17,C8493451569,1558.16,28.99,M2773408660,0.0,0.0,1,0.22,0
48,DEBIT,1.0,C9663561486,0.0,0.0,M5570190774,0.0,0.0,0,0.02666666666666667,0
238,CASH_OUT,3434.32,C2830154607,3338.8,0.0,C3250402001,12.05,12.05,1,0.07,0
456,TRANSFER,180.97,C6206015111,702.48,521.51,C7004510516,205.73,386.7,0,0.04,0
184,TRANSFER,5724.27,C3250402001,4847.57,0.0,M3476758136,0.0,0.0,1,0.7966666666666666,1
103,TRANSFER,2770.66,C8110054933,3296.03,525.37,C9103115140,28651.65,28651.65,1,0.0,0
555,PAYMENT,1.0,C1799718923,0.0,0.0,M6041646576,0.0,0.0,0,0.0,0
307,PAYMENT,56.3,C3097302637,107.07,50.77,M8325043570,0.0,0.0,0,0.0,0
451,TRANSFER,1.0,C4026379752,0.0,0.0,C8285000265,6.96,7.96,0,0.19,0
699,TRANSFER,80.64,C7010379415,88.25,7.61,C4180599722,31.05,31.05,1,0.13,0
486,CASH_OUT,82.4,C3328710672,87.23,4.83,C1370292681,429.9,429.9,1,0.06,0
94,CASH_OUT,13268.5,C5975196341,104972.67,91704.17,C7499349987,194.09,194.09,0,0.0,0
121,TRANSFER,373.77,C3651552513,350.06,0.0,C1311570307,690.36,690.36,1,0.013333333333333334,0
655,DEBIT,7.43,C1613549255,35.62,28.19,M1442421654,0.0,0.0,0,0.03,0
512,TRANSFER,60.79,C9019515562,64.62,3.83,C8578226896,79.8,140.59,0,0.09333333333333334,0
395,DEBIT,296.72,C3058982440,738.08,441.36,M7570511906,0.0,0.0,0,0.02,0
346,CASH_IN,80611.14,C6877052039,435.9,81047.04,C2660286914,3.61,3.61,0,0.0,0
393,PAYMENT,1.0,C7705605962,0.0,0.0,M6275155878,0.0,0.0,0,0.0,0
495,TRANSFER,539.18,C2646331504,652.9,113.72,C1457632732,26.44,26.44,1,0.13,0
124,PAYMENT,1.0,C2409274786,0.0,0.0,M8626371177,0.0,0.0,0,0.0,0
451,CASH_IN,15044.77,C3987248494,45.57,15090.34,C2254516608,19.12,19.12,0,0.0,0
352,CASH_OUT,3019.81,C6046864799,4271.75,1251.94,M7764117705,0.0,0.0,1,0.013333333333333334,0
339,PAYMENT,454.58,C7209571615,789.94,335.36,M8643636805,0.0,0.0,0,0.0,0
200,PAYMENT,1.0,C7321180787,1.25,0.25,M4160161496,0.0,0.0,0,0.0,0
555,TRANSFER,10.78,C2952996248,20.96,10.18,C5364727160,0.0,10.78,0,0.17,0
52,PAYMENT,163.03,C6947080764,231.01,67.98,M5156392601,0.0,0.0,0,0.0,0
118,PAYMENT,4.67,C8906163641,14.27,9.6,M7960713821,0.0,0.0,0,0.0,0
244,TRANSFER,703.7,C5071897791,911.14,207.44,C6329323383,125.31,125.31,1,0.03,0
6,CASH_OUT,43.43,C6715961218,61.45,18.02,C5570828113,4781.39,4781.39,0,0.01,0
279,PAYMENT,14.62,C7208619610,15.77,1.15,M8727805468,0.0,0.0,0,0.0,0
502,PAYMENT,455.84,C6640801643,760.87,305.03,M2129491690,0.0,0.0,0,0.0,0
716,CASH_OUT,34.02,C6156843353,38.51,4.49,C4531928910,17783.34,17783.34,0,0.013333333333333334,0
147,PAYMENT,42.85,C4067213499,59.84,16.99,M6053489772,0.0,0.0,0,0.0,0
570,PAYMENT,1.0,C3074232200,0.0,0.0,M7282885927,0.0,0.0,0,0.0,0
70,PAYMENT,280.18,C5879617459,724.0,443.82,M7453081889,0.0,0.0,0,0.0,0
324,PAYMENT,1.0,C3280805846,0.0,0.0,M9523139706,0.0,0.0,0,0.0,0
38,CASH_OUT,107.83,C7759781156,180.52,72.69,C6075963527,94.93,94.93,0,0.0033333333333333335,0
648,PAYMENT,213.34,C9943959352,229.66,16.32,M8102481401,0.0,0.0,0,0.0,0
414,TRANSFER,101.2,C7376649850,289.41,188.21,C3975704877,4205.63,4306.83,0,0.006666666666666667,0
165,TRANSFER,2013.09,C3746317213,2068.0,54.91,C4748302739,382.22,382.22,1,0.04666666666666667,0
544,CASH_OUT,3371.62,C2311597141,2881.44,0.0,C2188332531,273.6,273.6,1,0.16,0
318,PAYMENT,3895.99,C2965164102,52644.49,48748.5,M6361225622,0.0,0.0,0,0.0,0
479,PAYMENT,1.0,C1116402431,0.0,0.0,M7570511906,0.0,0.0,0,0.0,0
553,CASH_IN,99234.56,C1983297492,37.82,99272.38,C7691931213,14943.87,14943.87,0,0.0,0
244,TRANSFER,16958.94,C6218955985,16884.0,0.0,M9631695368,0.0,0.0,1,0.9566666666666667,1
666,CASH_OUT,114574.53,C9270323795,135359.1,20784.57,C6634526139,0.0,0.0,1,0.013333333333333334,0
89,PAYMENT,1.2,C6756711494,1.64,0.44,M7512767226,0.0,0.0,0,0.0,0
297,PAYMENT,1.0,C9259157845,0.0,0.0,M2249831874,0.0,0.0,0,0.0,0
707,TRANSFER,3800.8,C6471691689,4464.48,663.68,M6200141898,0.0,0.0,1,0.31,0
520,TRANSFER,1.0,C7229869819,0.0,0.0,C7161404428,0.0,1.0,0,0.22333333333333333,0
375,PAYMENT,21.46,C1494287462,35.83,14.37,M9625656293,0.0,0.0,0,0.0,0
464,PAYMENT,45.93,C1717346250,95.39,49.46,M6932365592,0.0,0.0,0,0.0,0
428,TRANSFER,88.04,C2350701477,99.54,11.5,C4713453204,54.4,54.4,1,0.11333333333333333,0
46,PAYMENT,6034.62,C9868845806,7921.53,1886.91,M4820942294,0.0,0.0,0,0.0,0
564,PAYMENT,4.71,C2445662585,19.0,14.29,M3469205576,0.0,0.0,0,0.0,0
118,CASH_OUT,1.0,C6566372886,1.0,0.0,C5693307665,0.0,0.0,0,0.0033333333333333335,0
671,PAYMENT,1.0,C2578662692,0.84,0.0,M2916502228,0.0,0.0,0,0.0,0
259,CASH_OUT,1.0,C4268713302,0.0,0.0,C7099469983,852.86,852.86,0,0.016666666666666666,0
555,CASH_OUT,2386.82,C6714723660,2279.1,0.0,M6282009986,0.0,0.0,1,0.18,0
491,TRANSFER,4740.31,C4283432667,4686.36,0.0,C9259157845,0.0,0.0,1,0.9533333333333334,1
6,PAYMENT,2.08,C6944371787,5782.45,5780.37,M6275155878,0.0,0.0,0,0.0,0
451,TRANSFER,61.34,C4098389895,59.78,0.0,M7537130187,0.0,0.0,1,0.22666666666666666,0
214,CASH_OUT,196.48,C1242425303,756.6,560.12,C7581349462,72269.44,72269.44,0,0.0,0
204,PAYMENT,1.0,C3598862507,0.0,0.0,M4035639663,0.0,0.0,0,0.0,0
8,TRANSFER,42.33,C3097302637,50.77,8.44,C1772303297,1.0,43.33,1,0.13666666666666666,0
404,TRANSFER,2901.75,C6792661894,3504.51,602.76,M3313346852,0.0,0.0,1,0.21666666666666667,0
526,CASH_OUT,599.3,C7937993287,764.55,165.25,C1182758417,5922.41,5922.41,0,0.01,0
653,TRANSFER,1648.0,C7451071432,2003.57,355.57,M6558769264,0.0,0.0,1,0.2833333333333333,0
450,TRANSFER,139.98,C9272277508,162.41,22.43,C2785736751,0.0,0.0,1,0.16666666666666666,0
664,TRANSFER,1955.75,C2349641712,2605.1,649.35,C5862655247,14.42,14.42,1,0.24,0
14,CASH_IN,121799.05,C1667779376,44.99,121844.04,C5870268582,114.02,114.02,0,0.0,0
534,PAYMENT,324.22,C9861449701,61060.92,60736.7,M2635881694,0.0,0.0,0,0.0,0
604,TRANSFER,10.56,C1657675888,17.83,7.27,C9451577335,1429.11,1439.67,0,0.05,0
526,CASH_OUT,129367.19,C1722124509,132853.38,3486.19,M9896529524,0.0,0.0,1,0.013333333333333334,0
448,CASH_OUT,39.15,C9981691030,95.16,56.01,C9677466102,0.0,0.0,0,0.05,0
344,CASH_OUT,1.0,C4034047118,0.0,0.0,C6265016831,0.0,0.0,0,0.03666666666666667,0
173,PAYMENT,2.61,C4577406847,9.43,6.82,M1647181551,0.0,0.0,0,0.0,0
416,PAYMENT,16474.1,C3294092753,119101.21,102627.11,M2187592160,0.0,0.0,0,0.0,0
517,PAYMENT,1.0,C6588316233,0.0,0.0,M7270955446,0.0,0.0,0,0.0,0
131,PAYMENT,35.66,C3958590550,46.93,11.27,M4952177946,0.0,0.0,0,0.0,0
678,PAYMENT,1.0,C6777263354,0.0,0.0,M5694439775,0.0,0.0,0,0.0,0
654,PAYMENT,1.0,C5647317872,0.0,0.0,M4158643786,0.0,0.0,0,0.0,0
515,PAYMENT,11.07,C8689593739,21.2,10.13,M6651754819,0.0,0.0,0,0.0,0
101,DEBIT,1.0,C8505373158,0.0,0.0,M2115406331,0.0,0.0,0,0.02666666666666667,0
43,PAYMENT,15943.49,C6628158856,69653.05,53709.56,M8821456242,0.0,0.0,0,0.0,0
615,PAYMENT,1.0,C5693307665,0.0,0.0,M3690714075,0.0,0.0,0,0.0,0
480,PAYMENT,302.59,C7579604766,551.23,248.64,M1185303518,0.0,0.0,0,0.0,0
57,TRANSFER,1.0,C5695387521,0.0,0.0,C4745927824,0.0,1.0,0,0.23333333333333334,0
696,CASH_OUT,1143.25,C5759234471,1251.35,108.1,C9844874547,0.0,0.0,0,0.03333333333333333,0
315,DEBIT,711.13,C6469458472,854.81,143.68,M2249831874,0.0,0.0,0,0.016666666666666666,0
603,PAYMENT,59.11,C5588254555,96.65,37.54,M1442421654,0.0,0.0,0,0.0,0
255,DEBIT,322.71,C5884080139,625.62,302.91,M2586712032,0.0,0.0,0,0.013333333333333334,0
146,PAYMENT,21.59,C3698305085,105.77,84.18,M7532669066,0.0,0.0,0,0.0,0
11,CASH_IN,68635.79,C4895020135,0.0,68635.79,C5183211669,41.4,41.4,0,0.0,0
562,DEBIT,5.02,C8761469117,12.22,7.2,M5270048042,0.0,0.0,0,0.03,0
283,TRANSFER,3263.22,C1084790270,4401.83,1138.61,M4160161496,0.0,0.0,1,0.21666666666666667,0
161,CASH_OUT,5744.19,C2409274786,4891.54,0.0,C6509985983,26668.45,26668.45,1,0.0033333333333333335,0
716,PAYMENT,32.76,C7685540186,128.7,95.94,M3536590481,0.0,0.0,0,0.0,0
582,PAYMENT,94.9,C3371357111,211.71,116.81,M5380159400,0.0,0.0,0,0.0,0
281,TRANSFER,4.26,C2683446724,5.04,0.78,C6313758032,4374.22,4378.48,0,0.0,0
419,DEBIT,3798.75,C9633533290,4047.57,248.82,M5067400473,0.0,0.0,0,0.043333333333333335,0
400,TRANSFER,505.28,C8995045543,539.15,33.87,M3705237613,0.0,0.0,1,0.17,0
674,CASH_IN,37713.72,C2625792787,129.88,37843.6,C1541964762,8927.99,8927.99,0,0.0,0
480,CASH_OUT,1.0,C9597198563,0.0,0.0,C4786674545,19920.36,19920.36,0,0.04,0
317,TRANSFER,44.22,C6169243284,65.04,20.82,C4558302256,14.95,59.17,0,0.12333333333333334,0
42,TRANSFER,893.25,C6288227800,764.67,0.0,M5919148165,0.0,0.0,1,0.29,0
268,PAYMENT,1.28,C2431779064,4.71,3.43,M7570511906,0.0,0.0,0,0.0,0
99,PAYMENT,98.91,C3783290795,180.46,81.55,M2129491690,0.0,0.0,0,0.0,0
394,PAYMENT,1.0,C4040409964,0.0,0.0,M6200141898,0.0,0.0,0,0.0,0
44,TRANSFER,1.0,C9597198563,0.0,0.0,C9370133343,3.74,4.74,0,0.19,0
527,CASH_IN,81794.58,C2349406919,4363.28,86157.86,C1885113834,0.0,0.0,0,0.0,0
689,PAYMENT,76.25,C7420846622,280.05,203.8,M4399143287,0.0,0.0,0,0.0,0
337,PAYMENT,92.02,C9780187424,136.89,44.87,M4665677395,0.0,0.0,0,0.0,0
81,TRANSFER,1894.04,C7949795085,2525.91,631.87,M9590331226,0.0,0.0,1,0.18333333333333332,0
322,CASH_OUT,1190.49,C4413838650,1404.17,213.68,M3469205576,0.0,0.0,1,0.006666666666666667,0
653,PAYMENT,2.31,C3476426797,3.72,1.41,M4865979921,0.0,0.0,0,0.0,0
525,CASH_OUT,1441.73,C6534540349,1982.86,541.13,M2910594463,0.0,0.0,1,0.02666666666666667,0
619,CASH_OUT,70.16,C8902275119,73.42,3.26,M9900829971,0.0,0.0,1,0.05,0
35,CASH_OUT,1.0,C2941289685,0.19,0.0,C5067116918,1294.67,1294.67,0,0.0033333333333333335,0
477,PAYMENT,2.23,C6557907251,236.69,234.46,M9288057824,0.0,0.0,0,0.0,0
651,PAYMENT,117.05,C1654602021,319.22,202.17,M8235474949,0.0,0.0,0,0.0,0
188,PAYMENT,8.04,C3615507143,36.82,28.78,M8102481401,0.0,0.0,0,0.0,0
137,PAYMENT,8.91,C5689870435,19.09,10.18,M8727805468,0.0,0.0,0,0.0,0
438,CASH_OUT,3861.58,C6353758928,5915.62,2054.04,C2612579345,281.17,281.17,0,0.02,0
567,PAYMENT,42.31,C9697354961,108.2,65.89,M6275155878,0.0,0.0,0,0.0,0
43,CASH_OUT,515.32,C1489726608,680.76,165.44,C8995045543,33.87,33.87,1,0.0033333333333333335,0
228,PAYMENT,82.35,C9274189261,201.66,119.31,M8728631945,0.0,0.0,0,0.0,0
299,PAYMENT,1.0,C7894019119,0.0,0.0,M8443061472,0.0,0.0,0,0.0,0
622,PAYMENT,101.57,C2984460654,339.05,237.48,M6659847491,0.0,0.0,0,0.0,0
266,PAYMENT,1.65,C6562144159,261.57,259.92,M7437168216,0.0,0.0,0,0.0,0
425,PAYMENT,28.0,C1678500147,30.78,2.78,M6130446648,0.0,0.0,0,0.0,0
440,CASH_OUT,90993.41,C5871743247,126129.6,35136.19,C7533932947,118.66,118.66,1,0.016666666666666666,0
203,TRANSFER,1.0,C3109688769,0.0,0.0,C3783290795,81.55,82.55,0,0.11666666666666667,0
437,CASH_OUT,875.1,C2465576748,1023.67,148.57,C1722124509,3486.19,3486.19,1,0.05333333333333334,0
11,DEBIT,19.15,C5160575046,22.25,3.1,M1083302600,0.0,0.0,0,0.02,0
575,PAYMENT,4.23,C9505085936,7.31,3.08,M3566125120,0.0,0.0,0,0.0,0
300,CASH_OUT,3751.24,C6415031531,3269.6,0.0,M3469205576,0.0,0.0,1,0.11333333333333333,0
599,PAYMENT,112.28,C4820055862,126.35,14.07,M2655546199,0.0,0.0,0,0.0,0
281,CASH_OUT,291.88,C4907446848,318.17,26.29,M6606958660,0.0,0.0,1,0.01,0
553,PAYMENT,1.0,C8369792370,0.0,0.0,M1504729135,0.0,0.0,0,0.0,0
631,TRANSFER,1.0,C3142452709,0.0,0.0,C1207916194,1.0,2.0,0,0.23333333333333334,0
494,TRANSFER,1697.81,C5254923696,1904.78,206.97,M8964269909,0.0,0.0,1,0.28,0
127,CASH_OUT,20.03,C4282810353,64.04,44.01,C2613385303,974.89,974.89,0,0.01,0
636,TRANSFER,42.65,C2620054076,60.6,17.95,C8505373158,0.0,42.65,0,0.17666666666666667,0
618,PAYMENT,294.07,C8982597239,972.9,678.83,M2155671697,0.0,0.0,0,0.0,0
138,PAYMENT,1.0,C3362657890,0.0,0.0,M7050091525,0.0,0.0,0,0.0,0
31,CASH_OUT,83.45,C7196439534,167.58,84.13,C5129478722,355.44,355.44,0,0.006666666666666667,0
256,CASH_OUT,1.0,C3623588379,0.0,0.0,C1939042955,24728.4,24728.4,0,0.0033333333333333335,0
175,TRANSFER,17.41,C8507497883,22.01,4.6,C9438411468,5.65,23.06,0,0.13666666666666666,0
438,PAYMENT,1.0,C5694806361,0.0,0.0,M3107992942,0.0,0.0,0,0.0,0
502,PAYMENT,41.91,C8039917766,166.48,124.57,M5380159400,0.0,0.0,0,0.0,0
223,TRANSFER,167.02,C9303765140,666.32,499.3,C9941564880,458.88,625.9,0,0.0033333333333333335,0
275,TRANSFER,3369.55,C8102515984,2948.23,0.0,M1099218439,0.0,0.0,1,0.8366666666666667,1
457,CASH_OUT,1031.29,C4600630513,1167.16,135.87,C5418232833,71.7,71.7,1,0.06333333333333334,0
479,CASH_OUT,2428.06,C2720484983,2849.04,420.98,C2774884818,3420.29,3420.29,1,0.02666666666666667,0
619,PAYMENT,1.0,C7805745017,1.13,0.13,M8044997538,0.0,0.0,0,0.0,0
6,CASH_OUT,2.14,C8394040015,3.06,0.92,C5307145891,9.15,9.15,0,0.023333333333333334,0
618,PAYMENT,1.18,C1225447588,4.62,3.44,M8778927211,0.0,0.0,0,0.0,0
82,PAYMENT,1471.45,C6923206003,2178.94,707.49,M2555936898,0.0,0.0,0,0.0,0
480,CASH_IN,28308.54,C3424843951,0.0,28308.54,C6837975356,0.0,0.0,0,0.0,0
625,CASH_OUT,1519.83,C7022683808,1359.73,0.0,C4507822591,13.0,13.0,1,0.16666666666666666,0
65,CASH_OUT,788.91,C6691628146,740.22,0.0,M3580582653,0.0,0.0,1,0.07,0
663,CASH_IN,6748.77,C6443749394,107.94,6856.71,C6587537178,0.0,0.0,0,0.0,0
720,CASH_IN,101891.71,C3846570058,0.33,101892.04,C8588769565,708.1,708.1,0,0.0,0
22,CASH_IN,9916.63,C7818568548,238.51,10155.14,C7022683808,0.0,0.0,0,0.0,0
403,CASH_OUT,2638.4,C8650676663,2944.94,306.54,M1811839103,0.0,0.0,1,0.006666666666666667,0
401,CASH_OUT,2.51,C3555656321,7.57,5.06,C4524233168,0.0,0.0,0,0.016666666666666666,0
357,CASH_OUT,2686.75,C4405620755,2994.19,307.44,M4601406440,0.0,0.0,1,0.013333333333333334,0
619,CASH_OUT,2700.75,C4658080160,2824.8,124.05,M4399143287,0.0,0.0,1,0.02666666666666667,0
651,CASH_IN,126254.62,C8291250562,91.6,126346.22,C6313758032,4378.48,4378.48,0,0.0,0
594,CASH_OUT,1.0,C4470591645,0.0,0.0,C4361393222,0.0,0.0,0,0.06333333333333334,0
145,PAYMENT,1.0,C9912233947,1.65,0.65,M1099218439,0.0,0.0,0,0.0,0
30,PAYMENT,8.19,C1494287462,14.37,6.18,M7050091525,0.0,0.0,0,0.0,0
544,TRANSFER,2927.08,C7246858055,2488.76,0.0,M4125758723,0.0,0.0,1,0.93,1
473,TRANSFER,3191.27,C8934927891,3788.45,597.18,M8727805468,0.0,0.0,1,0.29333333333333333,0
296,TRANSFER,14292.21,C8083175325,13941.48,0.0,M5990749811,0.0,0.0,1,0.9,1
7,CASH_OUT,6112.1,C1940684569,7682.72,1570.62,C3978287288,138.45,138.45,1,0.0,0
547,PAYMENT,5.87,C5625980561,16.26,10.39,M1257854279,0.0,0.0,0,0.0,0
593,CASH_OUT,60.43,C4572433066,77.9,17.47,M4242579642,0.0,0.0,1,0.03666666666666667,0
483,PAYMENT,662.32,C7750819485,26767.6,26105.28,M4456193555,0.0,0.0,0,0.0,0
585,PAYMENT,1.0,C7135394336,0.0,0.0,M8030400668,0.0,0.0,0,0.0,0
5,PAYMENT,70.44,C6704841644,279.98,209.54,M6846530109,0.0,0.0,0,0.0,0
468,CASH_OUT,56199.15,C5884391502,73392.48,17193.33,C4642197907,0.0,0.0,1,0.013333333333333334,0
508,TRANSFER,1639.64,C9611537583,4479.81,2840.17,C1033015788,0.0,1639.64,0,0.056666666666666664,0
702,TRANSFER,114.62,C9457665185,127.85,13.23,M8144352013,0.0,0.0,1,0.17333333333333334,0
719,CASH_OUT,12647.43,C3645901955,52495.65,39848.22,C3910678913,83.09,83.09,0,0.016666666666666666,0
522,PAYMENT,14.68,C3483827971,34.86,20.18,M2711123163,0.0,0.0,0,0.0,0
319,PAYMENT,439.54,C3144490990,1151.63,712.09,M3192202822,0.0,0.0,0,0.0,0
270,PAYMENT,1.0,C4274374218,0.0,0.0,M7717262223,0.0,0.0,0,0.0,0
523,TRANSFER,1.0,C7369118672,0.0,0.0,C9409682410,14.31,15.31,0,0.19333333333333333,0
524,PAYMENT,1.0,C8730507757,0.0,0.0,M4689605624,0.0,0.0,0,0.0,0
42,TRANSFER,104098.46,C3185089287,115275.76,11177.3,M8058679999,0.0,0.0,1,0.26,0
429,CASH_OUT,6.96,C2254516608,19.12,12.16,C5695387521,0.0,0.0,0,0.043333333333333335,0
553,PAYMENT,3.76,C6102144947,5.75,1.99,M2586712032,0.0,0.0,0,0.0,0
147,TRANSFER,1.0,C3995732958,0.0,0.0,C4765583254,3.69,4.69,0,0.18333333333333332,0
681,CASH_OUT,6719.29,C7751356568,5988.19,0.0,C6638034087,0.0,0.0,1,0.22,0
75,PAYMENT,1022.48,C4873807154,1203.54,181.06,M9822499208,0.0,0.0,0,0.0,0
426,CASH_OUT,1.0,C3713284816,1.3,0.3,C4586784711,28.54,28.54,0,0.07666666666666666,0
535,DEBIT,1500.24,C7801948900,2513.86,1013.62,M1257854279,0.0,0.0,0,0.03,0
248,PAYMENT,1.69,C3791815554,3.41,1.72,M6845287382,0.0,0.0,0,0.0,0
540,PAYMENT,8.31,C2445662585,14.29,5.98,M9921025990,0.0,0.0,0,0.0,0
73,PAYMENT,1.0,C1225953184,0.0,0.0,M5815678365,0.0,0.0,0,0.0,0
360,TRANSFER,5553.9,C7625464411,4956.06,0.0,M3811254192,0.0,0.0,1,0.74,1
594,PAYMENT,22.9,C4097887746,16895.34,16872.44,M3566125120,0.0,0.0,0,0.0,0
386,DEBIT,1320.05,C1940684569,1570.62,250.57,M5891831621,0.0,0.0,0,0.013333333333333334,0
538,CASH_OUT,4193.48,C8532327465,3753.74,0.0,M9068916300,0.0,0.0,1,0.23333333333333334,0
707,CASH_OUT,3119.49,C2087974350,6896.58,3777.09,C1506211965,0.0,0.0,0,0.02,0
18,TRANSFER,3081.18,C3389594115,10476.47,7395.29,C2390587865,3554.01,6635.19,0,0.0,0
693,TRANSFER,1.0,C1817804383,0.9,0.0,C4734111722,424.77,425.77,0,0.09,0
335,CASH_OUT,21568.13,C9592390865,19657.71,0.0,M6282009986,0.0,0.0,1,0.19333333333333333,0
506,PAYMENT,599.88,C6046864799,1251.94,652.06,M2249831874,0.0,0.0,0,0.0,0
345,TRANSFER,29.14,C9579064478,269.52,240.38,C8943866829,0.0,29.14,0,0.08666666666666667,0
670,CASH_OUT,919.44,C9807209816,2287.41,1367.97,C7961674558,242.49,242.49,0,0.006666666666666667,0
612,PAYMENT,12212.99,C5100282913,63112.04,50899.05,M5794335854,0.0,0.0,0,0.0,0
244,TRANSFER,427.05,C2848792488,536.79,109.74,C9691572571,161.86,588.91,1,0.01,0
688,CASH_OUT,3218.35,C4102872611,2786.28,0.0,C2752536389,475.5,475.5,1,0.17,0
613,CASH_OUT,1474.12,C8663837890,1571.12,97.0,M4522855590,0.0,0.0,1,0.03666666666666667,0
140,CASH_OUT,3282.86,C4098389895,3496.62,213.76,M2778069478,0.0,0.0,1,0.0,0
74,TRANSFER,704.95,C9677466102,679.18,0.0,C9302705838,354.15,354.15,1,0.06666666666666667,0
522,TRANSFER,13138.23,C7002076563,27966.03,14827.8,C7519578899,140.14,13278.37,0,0.0,0
403,CASH_IN,143736.04,C8261111839,46.19,143782.23,C5610783750,5.66,5.66,0,0.0,0
315,TRANSFER,640.6,C2633177480,786.01,145.41,C2756070122,1.0,641.6,0,0.0033333333333333335,0
501,PAYMENT,1.0,C1408988968,0.0,0.0,M6763471833,0.0,0.0,0,0.0,0
325,PAYMENT,1.0,C5646751885,0.0,0.0,M6282009986,0.0,0.0,0,0.0,0
360,TRANSFER,9.76,C1659663750,36.84,27.08,C7805745017,0.13,9.89,0,0.15333333333333332,0
488,CASH_OUT,4.25,C9798548049,8.93,4.68,C7965608188,60.56,60.56,0,0.05,0
645,PAYMENT,630.44,C3891796055,735.42,104.98,M9896529524,0.0,0.0,0,0.0,0
226,DEBIT,1.0,C8388580360,0.0,0.0,M9625656293,0.0,0.0,0,0.03,0
300,PAYMENT,1.0,C9379439373,0.0,0.0,M7928143230,0.0,0.0,0,0.0,0
563,TRANSFER,2066.53,C5025070544,2830.72,764.19,M4522855590,0.0,0.0,1,0.2966666666666667,0
709,PAYMENT,8.52,C2350701477,11.5,2.98,M7270955446,0.0,0.0,0,0.0,0
142,TRANSFER,2138.49,C1726990714,2490.25,351.76,M7764117705,0.0,0.0,1,0.16,0
386,CASH_OUT,5308.3,C6110646714,4847.34,0.0,M2249831874,0.0,0.0,1,0.13333333333333333,0
276,DEBIT,103.07,C3371357111,116.81,13.74,M6583604299,0.0,0.0,0,0.023333333333333334,0
555,DEBIT,247.87,C8274273035,269.41,21.54,M2571632270,0.0,0.0,0,0.03,0
85,CASH_OUT,163.2,C9856756553,180.89,17.69,C4178659381,280.48,280.48,1,0.01,0
452,PAYMENT,1.0,C6995554056,0.0,0.0,M4952177946,0.0,0.0,0,0.0,0
15,PAYMENT,5545.66,C3906611156,8869.35,3323.69,M6583604299,0.0,0.0,0,0.0,0
244,TRANSFER,720.55,C2139078760,794.38,73.83,C3245108207,4.16,724.71,0,0.016666666666666666,0
390,PAYMENT,1.0,C9437783771,0.0,0.0,M8235474949,0.0,0.0,0,0.0,0
279,TRANSFER,569.74,C3020939193,943.44,373.7,C6649827836,964.82,1534.56,0,0.0,0
555,TRANSFER,638.27,C3297096148,738.55,100.28,C9123612497,0.0,638.27,1,0.05333333333333334,0
516,PAYMENT,1.0,C1691293717,0.0,0.0,M3566125120,0.0,0.0,0,0.0,0
479,PAYMENT,8619.7,C2770980600,14821.12,6201.42,M6525576685,0.0,0.0,0,0.0,0
683,PAYMENT,1.0,C1011759631,0.0,0.0,M3438830691,0.0,0.0,0,0.0,0
553,PAYMENT,261.43,C1546957087,358.17,96.74,M1185303518,0.0,0.0,0,0.0,0
54,CASH_OUT,1337.77,C7022683808,1647.49,309.72,M2625035499,0.0,0.0,1,0.0,0
436,PAYMENT,1.0,C2850820685,0.0,0.0,M8366710477,0.0,0.0,0,0.0,0
216,TRANSFER,5293.16,C6341783555,5859.43,566.27,C7640078465,9.41,9.41,1,0.17,0
268,PAYMENT,19.22,C7623575561,25.58,6.36,M8366710477,0.0,0.0,0,0.0,0
41,DEBIT,44.17,C2515672889,68.46,24.29,M1888107487,0.0,0.0,0,0.02,0
210,CASH_OUT,115.31,C2242377075,366.22,250.91,C6618965944,23489.69,23489.69,0,0.0033333333333333335,0
44,CASH_OUT,458.46,C3369305560,490.03,31.57,M2635881694,0.0,0.0,1,0.013333333333333334,0
181,CASH_OUT,2732.55,C8106401208,3166.9,434.35,C5783809766,0.0,0.0,0,0.0,0
662,CASH_OUT,275.47,C3521300895,429.52,154.05,C2825957977,57.48,57.48,0,0.023333333333333334,0
409,TRANSFER,420.06,C5891280823,519.8,99.74,C2830154607,0.0,0.0,1,0.16,0
27,CASH_OUT,4597.52,C2570991899,4945.61,348.09,M8861351706,0.0,0.0,1,0.0033333333333333335,0
700,PAYMENT,5.29,C5606736607,8.44,3.15,M2187592160,0.0,0.0,0,0.0,0
343,CASH_OUT,323.87,C1311570307,690.36,366.49,C8139209752,0.0,0.0,0,0.016666666666666666,0
178,PAYMENT,1.0,C2351531223,0.59,0.0,M5449848690,0.0,0.0,0,0.0,0
8,TRANSFER,1.0,C9558091177,0.0,0.0,C3178995337,0.0,1.0,0,0.19666666666666666,0
576,TRANSFER,360.76,C2789144223,437.71,76.95,C2050340486,0.0,0.0,1,0.17333333333333334,0
615,PAYMENT,7109.1,C7002076563,14827.8,7718.7,M3072183247,0.0,0.0,0,0.0,0
98,CASH_OUT,361.01,C9392707144,424.14,63.13,C9780187424,44.87,44.87,0,0.0,0
408,TRANSFER,368.18,C8638763775,385.13,16.95,M9404002665,0.0,0.0,1,0.17666666666666667,0
244,PAYMENT,266.4,C8118065825,285.34,18.94,M7270955446,0.0,0.0,0,0.0,0
177,PAYMENT,3082.0,C5570828113,4781.39,1699.39,M5156392601,0.0,0.0,0,0.0,0
392,CASH_OUT,80.23,C4710967433,126.39,46.16,C9379439373,0.0,0.0,0,0.016666666666666666,0
116,PAYMENT,1.0,C1754603440,0.0,0.0,M8964269909,0.0,0.0,0,0.0,0
382,PAYMENT,1.0,C4635552887,0.0,0.0,M9020002737,0.0,0.0,0,0.0,0
518,PAYMENT,1.0,C2554039848,0.0,0.0,M1442421654,0.0,0.0,0,0.0,0
272,TRANSFER,3.09,C5130589741,6.69,3.6,C8755749566,0.0,3.09,0,0.17,0
391,CASH_OUT,21722.89,C3424843951,28308.54,6585.65,C6012067717,1.93,1.93,0,0.0,0
214,PAYMENT,924.88,C5067116918,1294.67,369.79,M1647181551,0.0,0.0,0,0.0,0
261,TRANSFER,6.46,C6097953682,8.72,2.26,C4972536230,341.82,348.28,0,0.006666666666666667,0
200,PAYMENT,3444.41,C5367513465,5456.57,2012.16,M2518433834,0.0,0.0,0,0.0,0
52,TRANSFER,2818.74,C9851745648,2598.64,0.0,C2982979741,0.0,0.0,1,0.8033333333333333,1
244,TRANSFER,261.31,C9136780852,372.41,111.1,M7537130187,0.0,0.0,1,0.15666666666666668,0
498,TRANSFER,1318.93,C6169243284,1401.55,82.62,C7846365089,773.79,773.79,1,0.07,0
98,TRANSFER,1.0,C5078551333,0.0,0.0,C7799567490,1.4,2.4,0,0.23,0
433,PAYMENT,118.04,C1625217504,184.37,66.33,M6313472215,0.0,0.0,0,0.0,0
280,TRANSFER,3370.24,C4130305126,4010.13,639.89,M9933702652,0.0,0.0,1,0.21666666666666667,0
252,CASH_OUT,1.0,C5482431018,1.0,0.0,C9272277508,22.43,22.43,0,0.02,0
291,TRANSFER,548.05,C8458717057,522.61,0.0,C7464468567,64.91,64.91,1,0.18333333333333332,0
252,PAYMENT,13.02,C7266763552,14.23,1.21,M2136107759,0.0,0.0,0,0.0,0
353,CASH_OUT,21737.96,C8441393731,32712.45,10974.49,C8274273035,21.54,21.54,0,0.0,0
715,TRANSFER,764.8,C5993571693,1078.37,313.57,M2869931869,0.0,0.0,1,0.15333333333333332,0
490,PAYMENT,108.02,C3188382776,1459.39,1351.37,M4908108692,0.0,0.0,0,0.0,0
523,TRANSFER,810.04,C8695129534,1043.79,233.75,C4642197907,0.0,810.04,0,0.03333333333333333,0
201,CASH_OUT,4.34,C4507822591,13.0,8.66,C8055515912,3.25,3.25,0,0.006666666666666667,0
292,TRANSFER,1.0,C6955593943,0.0,0.0,C4748302739,382.22,383.22,0,0.01,0
99,CASH_OUT,4326.63,C9354542654,4210.54,0.0,C7376649850,188.21,188.21,1,0.03333333333333333,0
605,TRANSFER,77287.38,C8858766173,64969.57,0.0,M7230477043,0.0,0.0,1,0.8466666666666667,1
307,TRANSFER,104.86,C1282103057,292.15,187.29,C3734252963,8.08,112.94,0,0.04,0
534,TRANSFER,1.0,C2099184899,0.0,0.0,C7937993287,165.25,166.25,0,0.11666666666666667,0
471,CASH_OUT,145.05,C5271453859,396.77,251.72,C8763140509,0.0,0.0,0,0.04,0
135,TRANSFER,71.59,C1993998848,60.07,0.0,C6928691380,54.44,54.44,1,0.12333333333333334,0
33,TRANSFER,1951.59,C1722124509,3486.19,1534.6,C6910112521,0.0,1951.59,0,0.0,0
293,CASH_OUT,2692.06,C7088949191,2402.82,0.0,C2317723211,110804.55,110804.55,1,0.0,0
516,CASH_OUT,5247.38,C8229344434,5723.16,475.78,C5584288132,31.2,31.2,1,0.023333333333333334,0
484,TRANSFER,190.13,C4642197907,810.04,619.91,C8695129534,233.75,423.88,0,0.06333333333333334,0
577,CASH_OUT,1.0,C7539399243,0.0,0.0,C4683935600,83936.93,83936.93,0,0.0033333333333333335,0
713,CASH_OUT,1530.01,C5140460939,1825.71,295.7,C7540301973,165.63,165.63,1,0.023333333333333334,0
356,CASH_IN,127070.33,C9717175839,0.69,127071.02,C5633956194,0.0,0.0,0,0.0,0
366,PAYMENT,2.44,C5118430494,8.98,6.54,M4892544235,0.0,0.0,0,0.0,0
195,CASH_OUT,720.82,C3260842187,701.15,0.0,M1857561275,0.0,0.0,1,0.09666666666666666,0
272,CASH_OUT,1.0,C6572436051,0.0,0.0,C5215140451,0.0,0.0,0,0.02666666666666667,0
103,TRANSFER,2019.59,C9279291478,1796.65,0.0,C3952295757,79.25,2098.84,1,0.056666666666666664,0
515,PAYMENT,1.0,C4594787485,1.0,0.0,M9918338001,0.0,0.0,0,0.0,0
389,CASH_OUT,21030.71,C4531928910,17783.34,0.0,M1357561213,0.0,0.0,1,0.12,0
43,CASH_OUT,1359.81,C8517413631,1792.4,432.59,M2156184315,0.0,0.0,1,0.0,0
155,TRANSFER,1.0,C5626388820,0.0,0.0,C7838460497,184.95,185.95,0,0.043333333333333335,0
247,TRANSFER,1179.71,C2963288053,1027.11,0.0,C2050340486,0.0,0.0,1,0.3466666666666667,0
456,CASH_OUT,3162.59,C7462972995,3577.4,414.81,C5735817014,0.0,0.0,1,0.04666666666666667,0
685,TRANSFER,173.56,C5903457537,227.28,53.72,C6882074066,50.9,224.46,0,0.07333333333333333,0
341,PAYMENT,1.0,C2351531223,0.0,0.0,M6692705133,0.0,0.0,0,0.0,0
245,DEBIT,1.0,C9626333315,0.0,0.0,M5067400473,0.0,0.0,0,0.03666666666666667,0
718,CASH_OUT,5.34,C1626733282,26.97,21.63,C6362597344,0.0,0.0,0,0.03333333333333333,0
577,PAYMENT,6058.37,C2950049698,6735.53,677.16,M3636366799,0.0,0.0,0,0.0,0
231,TRANSFER,2395.65,C3363629219,2222.43,0.0,M9020002737,0.0,0.0,1,0.7466666666666667,1
646,CASH_OUT,180.94,C8235717104,193.51,12.57,C7904559790,249.43,249.43,0,0.02666666666666667,0
346,TRANSFER,3842.68,C8532327465,3276.16,0.0,M8626371177,0.0,0.0,1,0.7566666666666667,1
706,PAYMENT,2.26,C6156843353,4.49,2.23,M6999146585,0.0,0.0,0,0.0,0
362,PAYMENT,20.92,C7887950851,22.49,1.57,M2778069478,0.0,0.0,0,0.0,0
568,PAYMENT,1.0,C2052811909,1.0,0.0,M3534186676,0.0,0.0,0,0.0,0
471,CASH_OUT,1.0,C4632522232,0.0,0.0,C6645808194,1.39,1.39,0,0.09,0
443,CASH_OUT,112.11,C2570991899,348.09,235.98,C3003484425,12.31,12.31,0,0.03666666666666667,0
124,CASH_IN,39370.97,C6027311960,0.0,39370.97,C2174793230,566.65,566.65,0,0.0,0
548,TRANSFER,408.21,C8229344434,475.78,67.57,M1783432867,0.0,0.0,1,0.17,0
118,TRANSFER,7.74,C1730074215,17.77,10.03,C4627032705,101.94,109.68,0,0.04,0
445,TRANSFER,250.28,C2570991899,235.98,0.0,C8517413631,432.59,682.87,1,0.08333333333333333,0
715,PAYMENT,9.59,C3429019820,19.13,9.54,M6692705133,0.0,0.0,0,0.0,0
679,CASH_OUT,1888.79,C7038841740,2399.03,510.24,M7713758036,0.0,0.0,1,0.02666666666666667,0
354,TRANSFER,1551.37,C9479654136,1870.99,319.62,C9963334018,592.78,592.78,1,0.0033333333333333335,0
701,TRANSFER,1.0,C8923555411,0.0,0.0,C2962750929,94.68,95.68,0,0.12333333333333334,0
393,TRANSFER,613.15,C7872090713,859.19,246.04,C2850820685,0.0,613.15,1,0.006666666666666667,0
679,PAYMENT,1.0,C9958044697,0.0,0.0,M9921025990,0.0,0.0,0,0.0,0
485,PAYMENT,6.43,C2952996248,10.18,3.75,M1676220116,0.0,0.0,0,0.0,0
34,CASH_OUT,59.53,C4147025728,136.57,77.04,C4605117440,4.41,4.41,0,0.0033333333333333335,0
177,TRANSFER,106.64,C4627032705,109.68,3.04,C5375461598,29.59,136.23,1,0.056666666666666664,0
261,TRANSFER,1213.1,C5819946657,1292.3,79.2,C3746317213,54.91,1268.01,0,0.006666666666666667,0
686,PAYMENT,10.56,C5982744929,18.56,8.0,M1122712790,0.0,0.0,0,0.0,0
664,PAYMENT,68.53,C1446457642,172.54,104.01,M7050091525,0.0,0.0,0,0.0,0
167,TRANSFER,140336.87,C8291250562,126346.22,0.0,M9255306810,0.0,0.0,1,0.9666666666666667,1
286,PAYMENT,1.0,C1529290976,0.0,0.0,M1442421654,0.0,0.0,0,0.0,0
690,TRANSFER,30915.88,C7292076361,32199.3,1283.42,C9078786223,0.0,30915.88,0,0.02,0
290,CASH_OUT,1650.02,C7471636437,1446.04,0.0,M9020002737,0.0,0.0,1,0.13,0
360,PAYMENT,17.0,C8505373158,42.65,25.65,M6045729129,0.0,0.0,0,0.0,0
4,PAYMENT,20.49,C7227593033,30.21,9.72,M6525576685,0.0,0.0,0,0.0,0
6,CASH_IN,87379.52,C2905584866,973.37,88352.89,C6673381261,2.04,2.04,0,0.0,0
489,CASH_OUT,2520.63,C9455610447,2913.08,392.45,C3792347639,148.96,148.96,1,0.02666666666666667,0
372,DEBIT,1.0,C9903351330,0.0,0.0,M4456193555,0.0,0.0,0,0.04,0
16,TRANSFER,1.3,C7602474923,5.45,4.15,C3910678913,83.09,84.39,0,0.09,0
692,CASH_OUT,2160.61,C5072538783,2362.39,201.78,M1240140248,0.0,0.0,1,0.02666666666666667,0
185,PAYMENT,17.14,C6320115677,23.75,6.61,M9822499208,0.0,0.0,0,0.0,0
536,PAYMENT,336.46,C1682781467,541.35,204.89,M8874242713,0.0,0.0,0,0.0,0
560,PAYMENT,1.17,C2020262123,35.91,34.74,M6744039057,0.0,0.0,0,0.0,0
279,DEBIT,2.64,C4256292393,3.98,1.34,M2328736852,0.0,0.0,0,0.03333333333333333,0
2,PAYMENT,26.63,C4668931881,56.55,29.92,M4125758723,0.0,0.0,0,0.0,0
398,PAYMENT,19050.69,C5220094152,43049.88,23999.19,M7928143230,0.0,0.0,0,0.0,0
308,CASH_OUT,1.0,C4283432667,0.0,0.0,C7004964045,0.0,0.0,0,0.03333333333333333,0
497,PAYMENT,1.0,C4322510552,0.0,0.0,M4093474499,0.0,0.0,0,0.0,0
25,CASH_OUT,1924.71,C4503614567,2680.93,756.22,M4896576569,0.0,0.0,1,0.006666666666666667,0
662,DEBIT,59.99,C1264739091,65.09,5.1,M3094407076,0.0,0.0,0,0.03333333333333333,0
374,TRANSFER,3276.38,C2635231601,3805.92,529.54,C2721355673,77.93,77.93,1,0.13,0
518,CASH_OUT,1.52,C8933377472,6.59,5.07,C2148679234,134.69,134.69,0,0.03,0
279,PAYMENT,1.0,C1515024824,0.0,0.0,M5449848690,0.0,0.0,0,0.0,0
38,CASH_OUT,181.04,C9633533290,248.82,67.78,M7651029165,0.0,0.0,1,0.0,0
603,TRANSFER,90.67,C1654602021,202.17,111.5,C7801948900,1013.62,1104.29,0,0.05,0
513,TRANSFER,1149.53,C9403748506,1635.79,486.26,C2620054076,17.95,1167.48,0,0.03333333333333333,0
497,TRANSFER,1612.3,C2914126243,2093.31,481.01,C2510308881,318.18,318.18,1,0.10666666666666667,0
348,TRANSFER,2013.96,C6353758928,2054.04,40.08,C4682870880,10.08,10.08,1,0.2633333333333333,0
331,TRANSFER,1012.54,C2416760621,915.95,0.0,M9933702652,0.0,0.0,1,0.32,0
139,CASH_OUT,1.0,C8285786023,0.0,0.0,C9514255777,4.67,4.67,0,0.0033333333333333335,0
674,PAYMENT,8.07,C8868054898,9.07,1.0,M9444143872,0.0,0.0,0,0.0,0
412,CASH_OUT,2794.91,C9354711271,2588.55,0.0,C8293928340,3.17,3.17,1,0.37,0
642,PAYMENT,35.45,C2274350418,48.52,13.07,M5985331805,0.0,0.0,0,0.0,0
384,PAYMENT,8.4,C7805745017,9.89,1.49,M1647181551,0.0,0.0,0,0.0,0
630,TRANSFER,1285.78,C4227004325,1243.94,0.0,M4908108692,0.0,0.0,1,0.4633333333333333,0
351,CASH_OUT,211.83,C5071897791,207.44,0.0,C4919706735,2324.12,2324.12,1,0.03333333333333333,0
607,TRANSFER,33.61,C6169243284,82.62,49.01,C8109891300,0.0,33.61,0,0.17333333333333334,0
178,CASH_OUT,654.14,C9166381136,547.81,0.0,C4564751926,213.98,213.98,1,0.08333333333333333,0
371,PAYMENT,100.4,C6655089949,352.27,251.87,M6744039057,0.0,0.0,0,0.0,0
411,CASH_OUT,67833.56,C9155819200,66765.91,0.0,M1802753761,0.0,0.0,1,0.25333333333333335,0
407,PAYMENT,881.59,C7199283151,5187.22,4305.63,M6786043791,0.0,0.0,0,0.0,0
388,PAYMENT,442.4,C3783009621,471.78,29.38,M2869931869,0.0,0.0,0,0.0,0
677,TRANSFER,3170.72,C6687206971,3581.74,411.02,M7537130187,0.0,0.0,1,0.3,0
669,PAYMENT,133.25,C1682781467,204.89,71.64,M7230477043,0.0,0.0,0,0.0,0
65,TRANSFER,250.15,C1847275937,224.58,0.0,M2711123163,0.0,0.0,1,0.24,0
227,TRANSFER,16.75,C8991514523,28.1,11.35,C2602884797,8391.19,8407.94,0,0.0,0
394,DEBIT,1.0,C5778781449,0.0,0.0,M6744039057,0.0,0.0,0,0.043333333333333335,0
90,CASH_OUT,1.0,C1572827654,0.0,0.0,C8796286443,0.0,0.0,0,0.006666666666666667,0
176,TRANSFER,42.84,C1065857791,201.33,158.49,C7016293621,18.45,61.29,0,0.056666666666666664,0
313,TRANSFER,2669.98,C1644608746,2487.72,0.0,M9026301048,0.0,0.0,1,0.7466666666666667,1
203,PAYMENT,8.02,C8265834251,10.68,2.66,M1908459040,0.0,0.0,0,0.0,0
28,PAYMENT,1.0,C7333316743,0.69,0.0,M9444143872,0.0,0.0,0,0.0,0
536,DEBIT,345.55,C3971203213,7356.53,7010.98,M3355504998,0.0,0.0,0,0.02666666666666667,0
38,CASH_OUT,495.42,C2635231601,529.54,34.12,C1195066088,230.45,230.45,1,0.0033333333333333335,0
129,TRANSFER,51.66,C8182649048,59.14,7.48,C9035194895,0.0,51.66,0,0.13666666666666666,0
697,TRANSFER,1.0,C5693307665,0.0,0.0,C3075362821,8.02,9.02,0,0.19,0
427,PAYMENT,1231.32,C9868845806,1886.91,655.59,M1783432867,0.0,0.0,0,0.0,0
636,CASH_OUT,181.06,C9467483275,528.09,347.03,C1590985753,18361.71,18361.71,0,0.006666666666666667,0
481,CASH_IN,16947.28,C3815389788,58.62,17005.9,C7759781156,72.69,72.69,0,0.0,0
96,CASH_OUT,1804.52,C4776677517,1675.66,0.0,C3739951076,90.08,90.08,1,0.04,0
280,PAYMENT,1.0,C3365835550,0.42,0.0,M2625035499,0.0,0.0,0,0.0,0
209,TRANSFER,1.0,C6496596008,0.0,0.0,C7337225482,0.0,1.0,0,0.23,0
89,TRANSFER,1.0,C6069848439,0.0,0.0,C1045302356,41.22,42.22,0,0.15,0
369,PAYMENT,80.14,C1446457642,104.01,23.87,M7514017540,0.0,0.0,0,0.0,0
273,CASH_OUT,2627.38,C4159699467,3206.73,579.35,C4776677517,0.0,0.0,1,0.0033333333333333335,0
313,PAYMENT,178.36,C4736031885,42003.99,41825.63,M8858274691,0.0,0.0,0,0.0,0
149,CASH_OUT,1.0,C3361388464,0.74,0.0,C2304963614,8099.94,8099.94,0,0.0,0
546,PAYMENT,35.2,C9987064419,133.26,98.06,M8144889126,0.0,0.0,0,0.0,0
354,CASH_IN,1734.4,C5381866906,452.12,2186.52,C2721355673,77.93,77.93,0,0.0,0
77,TRANSFER,1.0,C3738900744,0.0,0.0,C9546021691,0.0,1.0,0,0.23333333333333334,0
202,PAYMENT,1.0,C2050340486,0.0,0.0,M1368287033,0.0,0.0,0,0.0,0
59,TRANSFER,85.47,C5297902885,92.4,6.93,C7393195616,8.07,93.54,0,0.13666666666666666,0
10,CASH_OUT,133.09,C6081137534,659.26,526.17,C2916728422,10643.42,10643.42,0,0.013333333333333334,0
294,DEBIT,727.18,C7475684019,1011.91,284.73,M4665677395,0.0,0.0,0,0.01,0
442,PAYMENT,298.17,C5802739154,1024.69,726.52,M7969674420,0.0,0.0,0,0.0,0
535,TRANSFER,391.67,C4928783441,448.04,56.37,C5584288132,31.2,422.87,0,0.06666666666666667,0
236,PAYMENT,11.92,C6458544482,12.59,0.67,M7270955446,0.0,0.0,0,0.0,0
234,TRANSFER,292.58,C8940731272,336.56,43.98,C4997866845,0.0,292.58,1,0.023333333333333334,0
585,TRANSFER,3402.36,C1589582865,4179.22,776.86,C8394198376,7064.68,7064.68,1,0.02,0
35,PAYMENT,959.81,C2370592316,1090.27,130.46,M4820942294,0.0,0.0,0,0.0,0
552,PAYMENT,679.18,C7832220535,2507.04,1827.86,M6053489772,0.0,0.0,0,0.0,0
198,PAYMENT,653.56,C1033015788,1639.64,986.08,M6865994703,0.0,0.0,0,0.0,0
22,TRANSFER,79.72,C8527715219,132.65,52.93,C8131923452,1.48,81.2,0,0.15,0
441,TRANSFER,1.0,C1011759631,0.0,0.0,C5439176290,0.0,1.0,0,0.22,0
395,PAYMENT,250.92,C2891100776,397.81,146.89,M5380159400,0.0,0.0,0,0.0,0
36,TRANSFER,487.52,C3108307952,590.77,103.25,M1357561213,0.0,0.0,1,0.16333333333333333,0
150,PAYMENT,646.91,C5586143660,1818.2,1171.29,M2518433834,0.0,0.0,0,0.0,0
82,CASH_OUT,5.94,C7186766399,20.1,14.16,C5492496998,67.99,67.99,0,0.0,0
72,TRANSFER,3579.87,C3906611156,3323.69,0.0,M7453081889,0.0,0.0,1,0.8266666666666667,1
164,PAYMENT,2.43,C8168204967,56.0,53.57,M9631695368,0.0,0.0,0,0.0,0
226,CASH_OUT,534.85,C7805633786,446.86,0.0,M9558906999,0.0,0.0,1,0.023333333333333334,0
510,TRANSFER,24.83,C6317889312,38.92,14.09,C5485387618,19.83,44.66,0,0.13666666666666666,0
659,CASH_OUT,385.34,C1392245997,350.8,0.0,C6000009225,7.47,7.47,1,0.06333333333333334,0
391,PAYMENT,1.0,C8394040015,0.92,0.0,M5270048042,0.0,0.0,0,0.0,0
305,PAYMENT,1.0,C1521521078,0.0,0.0,M5869990861,0.0,0.0,0,0.0,0
654,CASH_OUT,704.32,C5421592782,809.37,105.05,C5751366455,0.0,0.0,1,0.05,0
409,TRANSFER,63.32,C6620138568,73.24,9.92,M7960713821,0.0,0.0,1,0.16,0
240,TRANSFER,1.0,C4302632494,0.0,0.0,C9434946584,0.0,1.0,0,0.23,0
683,TRANSFER,60557.62,C7190276026,73492.59,12934.97,M9900829971,0.0,0.0,1,0.2833333333333333,0
130,TRANSFER,52.84,C1682781467,71.64,18.8,C6638034087,0.0,52.84,0,0.14,0
77,TRANSFER,1.0,C1600406558,0.16,0.0,C4067961943,0.0,1.0,0,0.23333333333333334,0
31,PAYMENT,1.0,C6942989052,0.0,0.0,M9921025990,0.0,0.0,0,0.0,0
233,PAYMENT,1.38,C5666504394,1.78,0.4,M9404002665,0.0,0.0,0,0.0,0
577,TRANSFER,799.48,C6099808894,900.82,101.34,C8178361487,0.0,799.48,1,0.07666666666666666,0
466,TRANSFER,6736.26,C2627677155,17699.79,10963.53,C8578226896,140.59,6876.85,0,0.01,0
108,TRANSFER,213.2,C1981049082,52992.86,52779.66,C7666869046,0.0,213.2,0,0.04666666666666667,0
185,PAYMENT,20.36,C8001729836,74.25,53.89,M3438830691,0.0,0.0,0,0.0,0
348,TRANSFER,339.42,C1131267917,476.25,136.83,C3343292475,10046.83,10386.25,0,0.0,0
262,TRANSFER,2097.1,C7418301077,8479.56,6382.46,C8879525611,47.01,2144.11,0,0.0,0
483,CASH_OUT,1.0,C2785736751,0.0,0.0,C3614915281,169.22,169.22,0,0.07666666666666666,0
186,PAYMENT,2.2,C7668801906,10.36,8.16,M2418407139,0.0,0.0,0,0.0,0
697,PAYMENT,24.03,C1696846464,59.19,35.16,M9590331226,0.0,0.0,0,0.0,0
455,PAYMENT,1.43,C6012067717,1.93,0.5,M6583604299,0.0,0.0,0,0.0,0
205,PAYMENT,1.0,C6955593943,0.0,0.0,M7270955446,0.0,0.0,0,0.0,0
379,DEBIT,1.0,C1245522987,0.0,0.0,M3636366799,0.0,0.0,0,0.04,0
376,DEBIT,11040.49,C1257324536,145372.22,134331.73,M6041646576,0.0,0.0,0,0.01,0
68,PAYMENT,1.0,C8370987661,0.36,0.0,M6247463262,0.0,0.0,0,0.0,0
384,CASH_IN,32516.65,C3108307952,103.25,32619.9,C3426665919,0.0,0.0,0,0.0,0
285,PAYMENT,5.31,C5976777081,17.8,12.49,M3508990774,0.0,0.0,0,0.0,0
218,PAYMENT,44.04,C5868640848,47.5,3.46,M8964269909,0.0,0.0,0,0.0,0
348,CASH_IN,135.14,C8151583833,1.0,136.14,C7418301077,6382.46,6382.46,0,0.0,0
283,PAYMENT,23.12,C1261903104,38.42,15.3,M7678293431,0.0,0.0,0,0.0,0
474,PAYMENT,1.0,C6789292252,0.0,0.0,M1257854279,0.0,0.0,0,0.0,0
66,PAYMENT,1.0,C8137764127,0.0,0.0,M2635881694,0.0,0.0,0,0.0,0
463,PAYMENT,18372.16,C4786674545,19920.36,1548.2,M1185303518,0.0,0.0,0,0.0,0
442,TRANSFER,173.47,C3725152347,247.9,74.43,C9597198563,0.0,173.47,0,0.08333333333333333,0
358,PAYMENT,1.0,C2400094541,1.0,0.0,M2555936898,0.0,0.0,0,0.0,0
191,TRANSFER,216.58,C6761084958,258.51,41.93,M2885370603,0.0,0.0,1,0.16333333333333333,0
7,TRANSFER,241.54,C6887132821,215.48,0.0,M8740820392,0.0,0.0,1,0.20666666666666667,0
254,CASH_OUT,1.0,C3713284816,0.3,0.0,C3965676060,215.4,215.4,0,0.01,0
88,TRANSFER,13.21,C6591038760,58.03,44.82,C7818568548,10155.14,10168.35,0,0.0,0
673,TRANSFER,1912.28,C6910112521,1951.59,39.31,C7823288650,0.0,1912.28,1,0.14666666666666667,0
465,CASH_OUT,6420.61,C7002076563,7718.7,1298.09,C6558450990,15.08,15.08,0,0.023333333333333334,0
410,PAYMENT,1.0,C5476654128,2.81,1.81,M1413599241,0.0,0.0,0,0.0,0
667,PAYMENT,18.66,C8001729836,53.89,35.23,M6866146362,0.0,0.0,0,0.0,0
652,TRANSFER,116120.78,C9717175839,127071.02,10950.24,M6692705133,0.0,0.0,1,0.32,0
448,TRANSFER,1079.99,C1378134712,10935.64,9855.65,C4039019230,1459.71,2539.7,0,0.006666666666666667,0
148,PAYMENT,93.42,C2546720356,120.64,27.22,M6865994703,0.0,0.0,0,0.0,0
295,TRANSFER,2843.56,C7333316743,4024.36,1180.8,C8293928340,3.17,2846.73,1,0.0,0
713,PAYMENT,46.04,C7533932947,118.66,72.62,M7437168216,0.0,0.0,0,0.0,0
259,CASH_OUT,2082.85,C7799567490,2928.38,845.53,C7533932947,72.62,72.62,1,0.0033333333333333335,0
504,CASH_OUT,3444.15,C9503787171,7378.38,3934.23,C3384006407,24.05,24.05,0,0.016666666666666666,0
263,TRANSFER,1288.03,C9279291478,1254.17,0.0,M6384311581,0.0,0.0,1,0.37,0
107,PAYMENT,4997.33,C4231729466,86257.21,81259.88,M3495411322,0.0,0.0,0,0.0,0
526,TRANSFER,17.31,C8316648259,56.54,39.23,C1233079614,758.87,776.18,0,0.05,0
578,PAYMENT,388.04,C9963334018,592.78,204.74,M3119908041,0.0,0.0,0,0.0,0
429,PAYMENT,1.0,C7070083150,0.0,0.0,M3072183247,0.0,0.0,0,0.0,0
88,CASH_OUT,65549.65,C9738752801,136259.9,70710.25,C2515672889,24.29,24.29,0,0.0,0
244,TRANSFER,2422.92,C2274350418,2385.11,0.0,M6200141898,0.0,0.0,1,0.7933333333333333,1
408,TRANSFER,4.68,C8316205130,21.44,16.76,C9751963589,82.02,86.7,0,0.11,0
238,CASH_OUT,1.0,C3894673596,0.0,0.0,C9592390865,0.0,0.0,0,0.023333333333333334,0
266,CASH_OUT,1.0,C3815287619,0.0,0.0,C2428156550,0.0,0.0,0,0.02666666666666667,0
355,TRANSFER,3419.41,C7556046460,4340.46,921.05,M4122901114,0.0,0.0,1,0.20666666666666667,0
49,DEBIT,129.16,C5092199300,263.04,133.88,M7570511906,0.0,0.0,0,0.016666666666666666,0
187,CASH_OUT,333.02,C2052811909,458.98,125.96,C1288335378,63.77,63.77,1,0.0,0
326,CASH_OUT,921.06,C8734449371,1190.1,269.04,M1466305100,0.0,0.0,1,0.006666666666666667,0
37,PAYMENT,87.81,C5891280823,99.74,11.93,M2571632270,0.0,0.0,0,0.0,0
67,PAYMENT,109.64,C3303082117,173.71,64.07,M7512767226,0.0,0.0,0,0.0,0
647,PAYMENT,1.0,C7470843264,0.0,0.0,M2115862756,0.0,0.0,0,0.0,0
673,PAYMENT,8.99,C2014766981,11.91,2.92,M1694904767,0.0,0.0,0,0.0,0
204,PAYMENT,1.0,C8584566722,0.0,0.0,M2541015125,0.0,0.0,0,0.0,0
248,PAYMENT,281.66,C4159699467,579.35,297.69,M3317856944,0.0,0.0,0,0.0,0
153,TRANSFER,3881.0,C2774884818,3420.29,0.0,C5883933127,0.0,0.0,1,0.7866666666666666,1
29,TRANSFER,131.35,C3521300895,154.05,22.7,C4888749350,1495.78,1627.13,0,0.0033333333333333335,0
653,CASH_OUT,39.5,C1471997674,88.4,48.9,C4713453204,54.4,54.4,0,0.02666666666666667,0
41,TRANSFER,44.3,C6797174636,56.15,11.85,M1257854279,0.0,0.0,1,0.16333333333333333,0
183,PAYMENT,4382.74,C8760642358,9546.41,5163.67,M1240140248,0.0,0.0,0,0.0,0
170,DEBIT,18.48,C1625217504,66.33,47.85,M8727805468,0.0,0.0,0,0.02,0
324,CASH_OUT,1.0,C3693985578,0.0,0.0,C6463640105,776.52,776.52,0,0.03,0
589,PAYMENT,26.67,C9981691030,56.01,29.34,M1257854279,0.0,0.0,0,0.0,0
128,CASH_OUT,94.94,C4700855390,131.25,36.31,C8109891300,33.61,33.61,0,0.0033333333333333335,0
193,CASH_OUT,108.0,C3965572185,91.89,0.0,C5254923696,206.97,206.97,1,0.01,0
327,TRANSFER,35.44,C9639245200,38.32,2.88,C3923699745,148.08,183.52,0,0.023333333333333334,0
61,CASH_OUT,470.67,C4915196257,648.86,178.19,M9640701016,0.0,0.0,1,0.01,0
468,TRANSFER,11.83,C3933213766,38.87,27.04,C7092693247,0.0,11.83,0,0.16333333333333333,0
602,PAYMENT,70.98,C6038780151,111.06,40.08,M1466305100,0.0,0.0,0,0.0,0
58,TRANSFER,1.0,C1506211965,0.0,0.0,C3371357111,13.74,14.74,0,0.2,0
649,TRANSFER,1098.28,C8737025391,1417.59,319.31,C6726515966,9.62,9.62,1,0.15333333333333332,0
199,TRANSFER,66.46,C1952396600,74.0,7.54,M5794335854,0.0,0.0,1,0.16666666666666666,0
118,CASH_OUT,2699.02,C6795522649,2894.97,195.95,M5734228580,0.0,0.0,1,0.0,0
19,PAYMENT,1.0,C7061419749,1.48,0.48,M8235474949,0.0,0.0,0,0.0,0
514,CASH_OUT,2.23,C6466597005,5.7,3.47,C4509456565,1.0,1.0,0,0.04666666666666667,0
582,CASH_OUT,179.61,C8372755146,498.15,318.54,C5931025271,471.23,471.23,0,0.02,0
555,TRANSFER,396.43,C5625411308,563.9,167.47,M9896529524,0.0,0.0,1,0.12,0
190,TRANSFER,205.96,C5884080139,302.91,96.95,C5744003377,0.0,205.96,0,0.05,0
480,CASH_OUT,9.19,C5976777081,12.49,3.3,C1515024824,0.0,0.0,0,0.06666666666666667,0
423,CASH_OUT,2.68,C1459442845,10.77,8.09,C8901585274,175.49,175.49,0,0.043333333333333335,0
414,TRANSFER,1441.76,C6837975356,1819.8,378.04,M9288057824,0.0,0.0,1,0.18666666666666668,0
122,PAYMENT,2.24,C3567900251,5.26,3.02,M3072183247,0.0,0.0,0,0.0,0
205,PAYMENT,77.23,C1311570307,366.49,289.26,M4601406440,0.0,0.0,0,0.0,0
560,CASH_IN,1355.8,C1209063208,287.41,1643.21,C7873709012,35998.85,35998.85,0,0.0,0
287,CASH_IN,77122.82,C6065662867,13.44,77136.26,C8285000265,7.96,7.96,0,0.0,0
84,CASH_OUT,14756.56,C7691931213,14943.87,187.31,C5933179746,1908.55,1908.55,1,0.0033333333333333335,0
428,PAYMENT,1082.44,C7832220535,1827.86,745.42,M9977193987,0.0,0.0,0,0.0,0
478,PAYMENT,7047.06,C3589530484,106465.44,99418.38,M2418407139,0.0,0.0,0,0.0,0
514,PAYMENT,6.01,C9470922075,7.53,1.52,M1240140248,0.0,0.0,0,0.0,0
562,PAYMENT,320.87,C6822870815,673.88,353.01,M9441870024,0.0,0.0,0,0.0,0
687,PAYMENT,100.24,C6640801643,305.03,204.79,M6401844042,0.0,0.0,0,0.0,0
592,PAYMENT,1.0,C9437783771,0.0,0.0,M4035639663,0.0,0.0,0,0.0,0
288,PAYMENT,55.59,C7872090713,246.04,190.45,M5714658227,0.0,0.0,0,0.0,0
268,TRANSFER,1.0,C2918260963,0.0,0.0,C7376649850,188.21,189.21,0,0.05,0
283,PAYMENT,84.21,C2370592316,130.46,46.25,M5380159400,0.0,0.0,0,0.0,0
403,CASH_OUT,3.91,C2445662585,5.98,2.07,C2148679234,134.69,134.69,0,0.013333333333333334,0
183,CASH_OUT,3764.9,C1245522987,3383.74,0.0,M8778927211,0.0,0.0,1,0.05333333333333334,0
13,TRANSFER,316.03,C5409514899,416.3,100.27,M8790289305,0.0,0.0,1,0.12666666666666668,0
656,CASH_OUT,92.24,C3792347639,148.96,56.72,C3421719519,3.51,3.51,0,0.02666666666666667,0
556,CASH_OUT,170.54,C6792661894,602.76,432.22,C2780136605,8.86,8.86,0,0.02666666666666667,0
512,PAYMENT,16.3,C7467073633,21.87,5.57,M9640701016,0.0,0.0,0,0.0,0
350,PAYMENT,31.89,C9303765140,499.3,467.41,M8626371177,0.0,0.0,0,0.0,0
249,PAYMENT,17.28,C3483827971,20.18,2.9,M8235474949,0.0,0.0,0,0.0,0
79,PAYMENT,4.51,C3878201524,9.61,5.1,M6130446648,0.0,0.0,0,0.0,0
87,PAYMENT,263.06,C4274958945,285.74,22.68,M4211837506,0.0,0.0,0,0.0,0
143,CASH_OUT,2966.56,C4163119785,3243.44,276.88,C1660370908,5.67,5.67,1,0.0,0
386,TRANSFER,4087.56,C3464975279,4245.25,157.69,M9581187661,0.0,0.0,1,0.23666666666666666,0
27,CASH_OUT,58355.31,C1590838716,83224.24,24868.93,M4329446784,0.0,0.0,1,0.0,0
68,TRANSFER,2210.39,C4623960580,2653.01,442.62,M9822499208,0.0,0.0,1,0.18666666666666668,0
517,TRANSFER,1702.1,C9546021691,2294.22,592.12,M2910594463,0.0,0.0,1,0.29,0
709,CASH_OUT,22452.64,C7581349462,72269.44,49816.8,C9337145038,595.39,595.39,0,0.0,0
73,PAYMENT,1.0,C6613888489,0.0,0.0,M9590331226,0.0,0.0,0,0.0,0
464,TRANSFER,3355.78,C9626333315,3867.39,511.61,C6272000062,3590.53,3590.53,1,0.03,0
5,PAYMENT,10.55,C8118065825,18.94,8.39,M7050091525,0.0,0.0,0,0.0,0
135,PAYMENT,1.0,C7229869819,0.0,0.0,M2303835765,0.0,0.0,0,0.0,0
626,CASH_OUT,546.51,C9303765140,467.41,0.0,M8443061472,0.0,0.0,1,0.07333333333333333,0
49,CASH_OUT,1606.74,C5570828113,1699.39,92.65,M7960713821,0.0,0.0,1,0.0033333333333333335,0
663,PAYMENT,16154.27,C3780475472,26524.67,10370.4,M1666898313,0.0,0.0,0,0.0,0
26,PAYMENT,3.12,C2869999754,12.59,9.47,M9900829971,0.0,0.0,0,0.0,0
502,PAYMENT,1.0,C8076527214,0.0,0.0,M9020002737,0.0,0.0,0,0.0,0
651,CASH_OUT,4417.49,C1261903104,4656.59,239.1,C3214080278,4.14,4.14,1,0.03333333333333333,0
316,TRANSFER,1.0,C7638836058,0.16,0.0,C4178659381,280.48,281.48,0,0.01,0
189,TRANSFER,1130.2,C1600406558,1087.42,0.0,M6763471833,0.0,0.0,1,0.33666666666666667,0
468,TRANSFER,1.0,C5508149905,0.0,0.0,C4361393222,0.0,1.0,0,0.22,0
574,PAYMENT,10.08,C6715961218,18.02,7.94,M3469205576,0.0,0.0,0,0.0,0
579,CASH_OUT,1519.14,C3362657890,1799.83,280.69,C2948728483,444.07,444.07,1,0.016666666666666666,0
139,CASH_IN,12.63,C6995554056,0.0,12.63,C7316122432,0.86,0.86,0,0.0,0
699,PAYMENT,1.0,C3716924538,0.0,0.0,M6865994703,0.0,0.0,0,0.0,0
180,CASH_OUT,2436.57,C9798548049,2720.08,283.51,C9744120054,1712.67,1712.67,1,0.0,0
250,TRANSFER,2427.01,C5278201677,2303.25,0.0,C9136780852,111.1,111.1,1,0.3433333333333333,0
169,TRANSFER,1.0,C3738900744,0.0,0.0,C1749459431,17150.04,17151.04,0,0.0,0
195,PAYMENT,17496.02,C8852676046,30655.14,13159.12,M3534186676,0.0,0.0,0,0.0,0
58,PAYMENT,1.0,C6642201119,0.0,0.0,M6651754819,0.0,0.0,0,0.0,0
567,TRANSFER,2139.4,C5144289583,2677.1,537.7,C3836517266,29767.73,31907.13,1,0.013333333333333334,0
425,PAYMENT,4378.18,C8760642358,5163.67,785.49,M9977193987,0.0,0.0,0,0.0,0
241,CASH_OUT,157.57,C9115282784,454.62,297.05,C6329323383,125.31,125.31,0,0.0033333333333333335,0
340,CASH_OUT,5058.12,C4638577630,6305.74,1247.62,C2554039848,0.0,0.0,1,0.013333333333333334,0
615,PAYMENT,855.18,C6287793163,141029.13,140173.95,M6744039057,0.0,0.0,0,0.0,0
630,DEBIT,5.22,C9741628563,19.56,14.34,M6313472215,0.0,0.0,0,0.03,0
134,CASH_OUT,17.07,C1415802902,19.45,2.38,C5278201677,0.0,0.0,0,0.0033333333333333335,0
407,PAYMENT,1.0,C9837912162,0.3,0.0,M6284297249,0.0,0.0,0,0.0,0
334,PAYMENT,508.77,C7420493866,2025.49,1516.72,M5570190774,0.0,0.0,0,0.0,0
370,CASH_OUT,174.42,C6805759868,680.13,505.71,C3294092753,102627.11,102627.11,0,0.0,0
553,CASH_OUT,4266.81,C8948573913,3592.33,0.0,M5959736235,0.0,0.0,1,0.23333333333333334,0
162,TRANSFER,1.0,C3815287619,0.0,0.0,C2645272822,0.0,1.0,0,0.22,0
522,TRANSFER,186.64,C9623534576,157.87,0.0,M8389750357,0.0,0.0,1,0.23,0
442,PAYMENT,120.41,C5381866906,2186.52,2066.11,M6606958660,0.0,0.0,0,0.0,0
334,TRANSFER,92245.87,C5175416378,120310.69,28064.82,C8086527181,0.0,92245.87,0,0.0,0
642,CASH_OUT,620.68,C5560712830,601.43,0.0,M8728631945,0.0,0.0,1,0.13333333333333333,0
237,PAYMENT,1020.13,C5957341287,1102.79,82.66,M8874242713,0.0,0.0,0,0.0,0
293,PAYMENT,1.0,C7004964045,0.0,0.0,M2249831874,0.0,0.0,0,0.0,0
639,PAYMENT,31.0,C8995045543,33.87,2.87,M7928143230,0.0,0.0,0,0.0,0
710,TRANSFER,5.21,C2579206999,9.97,4.76,C4302709858,0.0,5.21,0,0.17333333333333334,0
410,PAYMENT,19.94,C6131005449,33.32,13.38,M4522855590,0.0,0.0,0,0.0,0
304,PAYMENT,18.09,C2914590233,406.04,387.95,M6659847491,0.0,0.0,0,0.0,0
427,PAYMENT,90.43,C4550353803,145.52,55.09,M6247463262,0.0,0.0,0,0.0,0
461,CASH_OUT,47034.35,C2928130926,53121.74,6087.39,M5156392601,0.0,0.0,1,0.01,0
424,CASH_OUT,1853.28,C9409682410,2518.85,665.57,M9576264323,0.0,0.0,1,0.04666666666666667,0
207,TRANSFER,6990.79,C3971203213,7010.98,20.19,M3965860354,0.0,0.0,1,0.4766666666666667,0
186,TRANSFER,1.0,C2379592595,0.0,0.0,C9533595495,1.23,2.23,0,0.23333333333333334,0
347,PAYMENT,1.0,C3361388464,0.0,0.0,M9581187661,0.0,0.0,0,0.0,0
238,TRANSFER,488.97,C3380064537,542.91,53.94,C5125568431,48.05,537.02,1,0.006666666666666667,0
169,CASH_OUT,1626.26,C8503368512,1503.09,0.0,M5714658227,0.0,0.0,1,0.05,0
24,PAYMENT,8.66,C1131267917,136.83,128.17,M7537130187,0.0,0.0,0,0.0,0
217,CASH_OUT,1558.6,C5626388820,2184.86,626.26,M7366396017,0.0,0.0,1,0.0,0
69,CASH_OUT,1.0,C9155819200,0.0,0.0,C6027311960,39370.97,39370.97,0,0.0,0
47,CASH_OUT,226.47,C3880327491,213.63,0.0,M3119908041,0.0,0.0,1,0.0033333333333333335,0
633,PAYMENT,79.3,C1955345537,85.39,6.09,M9098037639,0.0,0.0,0,0.0,0
335,PAYMENT,1.0,C3426665919,0.0,0.0,M1783432867,0.0,0.0,0,0.0,0
614,CASH_IN,61.99,C3952295757,2098.84,2160.83,C9953941533,8.64,8.64,0,0.0033333333333333335,0
602,TRANSFER,613.69,C5474951950,972.65,358.96,C7488943393,0.0,613.69,0,0.03333333333333333,0
49,CASH_OUT,1.0,C2854772804,0.24,0.0,C6585609060,18.6,18.6,0,0.0,0
484,PAYMENT,1.0,C8084809436,0.0,0.0,M4896576569,0.0,0.0,0,0.0,0
692,TRANSFER,1834.75,C8987073217,1918.06,83.31,C7603978731,189.31,189.31,1,0.18333333333333332,0
405,PAYMENT,1.08,C6099808894,101.34,100.26,M5794335854,0.0,0.0,0,0.0,0
534,CASH_OUT,4693.46,C7951902330,4488.45,0.0,M9625656293,0.0,0.0,1,0.22333333333333333,0
653,PAYMENT,1.0,C6362597344,0.0,0.0,M8044997538,0.0,0.0,0,0.0,0
330,CASH_OUT,1685.45,C8953726023,1852.06,166.61,M3831598303,0.0,0.0,1,0.01,0
43,PAYMENT,1.0,C4302632494,0.0,0.0,M5194066484,0.0,0.0,0,0.0,0
634,CASH_OUT,1.0,C2617999521,0.0,0.0,C5296710795,1142.34,1142.34,0,0.043333333333333335,0
64,PAYMENT,88.11,C8695129534,423.88,335.77,M9255306810,0.0,0.0,0,0.0,0
460,CASH_OUT,252.17,C6656646925,254.7,2.53,M7951820749,0.0,0.0,1,0.08,0
160,TRANSFER,9.21,C8638763775,16.95,7.74,C3799620568,309.11,318.32,0,0.006666666666666667,0
431,CASH_OUT,7959.18,C2916728422,10643.42,2684.24,M9576264323,0.0,0.0,1,0.02,0
16,CASH_OUT,3892.0,C7249213370,4609.61,717.61,C6789292252,0.0,0.0,1,0.0,0
120,TRANSFER,5.03,C9953941533,8.64,3.61,C9155819200,0.0,5.03,0,0.17,0
717,PAYMENT,119.14,C1940684569,250.57,131.43,M6275155878,0.0,0.0,0,0.0033333333333333335,0
424,PAYMENT,1.11,C5638860656,1.66,0.55,M1185303518,0.0,0.0,0,0.0,0
449,TRANSFER,4671.58,C3783009621,4704.22,32.64,M6041646576,0.0,0.0,1,0.52,1
664,CASH_OUT,84.72,C6837342064,75.07,0.0,M9822499208,0.0,0.0,1,0.06666666666666667,0
452,CASH_OUT,1.0,C6991473746,0.0,0.0,C3030106617,24.86,24.86,0,0.08,0
169,TRANSFER,68743.33,C4683935600,83936.93,15193.6,C5077921573,1923.59,1923.59,1,0.02,0
583,PAYMENT,1.0,C3738900744,0.0,0.0,M2228388623,0.0,0.0,0,0.0,0
644,PAYMENT,3.36,C3429019820,9.54,6.18,M3690714075,0.0,0.0,0,0.0,0
492,TRANSFER,4169.95,C1225447588,3726.53,0.0,C4807122420,0.0,0.0,1,0.9366666666666666,1
232,CASH_OUT,238.37,C7209571615,335.36,96.99,C6717963562,1.0,1.0,0,0.0,0
201,TRANSFER,23641.37,C1551395583,43730.51,20089.14,C2756070122,641.6,24282.97,0,0.0,0
464,CASH_OUT,20513.13,C4752171298,23102.09,2588.96,C7418301077,6382.46,6382.46,1,0.0033333333333333335,0
31,CASH_OUT,428.35,C2073755632,435.5,7.15,C7965608188,60.56,60.56,1,0.01,0
144,PAYMENT,4.85,C6000952470,39.98,35.13,M9068916300,0.0,0.0,0,0.0,0
2,CASH_OUT,12374.44,C3400244542,21954.44,9580.0,C3305069227,26.16,26.16,0,0.013333333333333334,0
626,TRANSFER,390.06,C9945002229,339.09,0.0,M2328736852,0.0,0.0,1,0.24,0
250,PAYMENT,1.0,C7059726570,0.0,0.0,M1802753761,0.0,0.0,0,0.0,0
302,PAYMENT,18.91,C8270110908,42.66,23.75,M2115406331,0.0,0.0,0,0.0,0
427,TRANSFER,1.0,C7573691558,0.0,0.0,C9409682410,665.57,666.57,0,0.07333333333333333,0
508,TRANSFER,1.0,C2830154607,0.0,0.0,C9455610447,392.45,393.45,0,0.09666666666666666,0
131,TRANSFER,2.01,C8507497883,4.6,2.59,C7895255573,0.0,2.01,0,0.14666666666666667,0
704,DEBIT,1.0,C1484230338,0.0,0.0,M8910440683,0.0,0.0,0,0.05,0
353,TRANSFER,1.0,C5483308751,0.0,0.0,C7805633786,0.0,1.0,0,0.22,0
217,PAYMENT,1.0,C1529290976,0.0,0.0,M1257854279,0.0,0.0,0,0.0,0
328,DEBIT,194.29,C7417183769,965.31,771.02,M4456193555,0.0,0.0,0,0.016666666666666666,0
119,CASH_IN,53005.68,C8373547961,13022.14,66027.82,C5010075517,3786.77,3786.77,0,0.0,0
695,TRANSFER,1298.47,C5296710795,1142.34,0.0,M8443061472,0.0,0.0,1,0.43666666666666665,0
470,PAYMENT,1.0,C4172006012,0.0,0.0,M3536590481,0.0,0.0,0,0.0,0
484,PAYMENT,1.0,C1674555072,0.0,0.0,M4820942294,0.0,0.0,0,0.0,0
190,PAYMENT,142.31,C6204862411,220.26,77.95,M9444143872,0.0,0.0,0,0.0,0
622,PAYMENT,12.55,C9581991473,482.24,469.69,M7270955446,0.0,0.0,0,0.0,0
412,PAYMENT,1.0,C1197449658,0.0,0.0,M1802753761,0.0,0.0,0,0.0,0
430,PAYMENT,1.0,C9912233947,0.65,0.0,M4390543744,0.0,0.0,0,0.0,0
625,CASH_OUT,1.76,C3097302637,8.44,6.68,C2825989011,7819.58,7819.58,0,0.013333333333333334,0
112,DEBIT,1.86,C3412365931,31.53,29.67,M9752092528,0.0,0.0,0,0.016666666666666666,0
506,PAYMENT,6.52,C8182649048,7.48,0.96,M2249831874,0.0,0.0,0,0.0,0
336,PAYMENT,387.15,C5802739154,726.52,339.37,M1888107487,0.0,0.0,0,0.0,0
521,PAYMENT,3.1,C8638763775,7.74,4.64,M1185303518,0.0,0.0,0,0.0,0
173,PAYMENT,21.36,C4928783441,56.37,35.01,M6865994703,0.0,0.0,0,0.0,0
205,PAYMENT,1.0,C3074232200,0.0,0.0,M6866146362,0.0,0.0,0,0.0,0
258,TRANSFER,3552.13,C2774884818,4668.7,1116.57,M2839566253,0.0,0.0,1,0.21666666666666667,0
306,TRANSFER,1.0,C1725783958,0.0,0.0,C6714723660,0.0,1.0,0,0.22666666666666666,0
651,CASH_OUT,2965.92,C6156843353,3125.68,159.76,M3960136787,0.0,0.0,1,0.02666666666666667,0
597,CASH_OUT,4473.02,C5837082260,3967.05,0.0,M6583604299,0.0,0.0,1,0.24,0
56,CASH_IN,122679.85,C9553561889,0.0,122679.85,C2295574037,1.54,1.54,0,0.0,0
597,TRANSFER,3189.67,C7397963801,3075.16,0.0,M9918338001,0.0,0.0,1,0.9433333333333334,1
489,TRANSFER,99.0,C6611356986,109.87,10.87,M3438830691,0.0,0.0,1,0.17666666666666667,0
539,DEBIT,1.0,C2785736751,0.0,0.0,M7341757401,0.0,0.0,0,0.043333333333333335,0
110,CASH_OUT,2071.62,C5724657556,2237.03,165.41,C3259520140,6.34,6.34,1,0.0,0
147,PAYMENT,1.0,C3716924538,0.0,0.0,M2839566253,0.0,0.0,0,0.0,0
124,PAYMENT,1.0,C8926438617,0.0,0.0,M7514017540,0.0,0.0,0,0.0,0
502,PAYMENT,2863.92,C9715314442,30872.26,28008.34,M9410569618,0.0,0.0,0,0.0,0
693,CASH_OUT,3404.55,C6488854841,4439.0,1034.45,C9263135031,0.0,0.0,1,0.023333333333333334,0
248,TRANSFER,63.1,C7759781156,72.69,9.59,C7473868020,0.0,63.1,1,0.16333333333333333,0
449,PAYMENT,100.49,C4673457063,108.15,7.66,M9620935604,0.0,0.0,0,0.0,0
420,CASH_OUT,1310.52,C3196545325,1125.91,0.0,M9900829971,0.0,0.0,1,0.4,0
578,CASH_OUT,13.44,C8316205130,16.76,3.32,C7114223633,2391.81,2391.81,0,0.02666666666666667,0
219,TRANSFER,57399.15,C4231729466,81259.88,23860.73,C4287687478,1871.22,59270.37,0,0.0,0
657,TRANSFER,51302.24,C4767539382,50630.88,0.0,C7243352390,27.61,27.61,1,0.7966666666666666,1
122,PAYMENT,96.58,C8168036130,116.91,20.33,M7702529931,0.0,0.0,0,0.0,0
241,CASH_OUT,1.0,C8178927766,0.0,0.0,C1257324536,134331.73,134331.73,0,0.0,0
427,PAYMENT,391.63,C5879617459,443.82,52.19,M9021793855,0.0,0.0,0,0.0,0
337,TRANSFER,1.0,C2610237679,0.0,0.0,C8953271391,4.29,5.29,0,0.18333333333333332,0
404,CASH_OUT,1.0,C6566372886,0.0,0.0,C3777580509,0.0,0.0,0,0.03666666666666667,0
656,TRANSFER,469.8,C5870891270,525.4,55.6,C5868640848,3.46,3.46,1,0.17,0
187,PAYMENT,15764.65,C5607762160,87744.24,71979.59,M7764117705,0.0,0.0,0,0.0,0
382,CASH_OUT,61.25,C3045102506,69.5,8.25,C8575707116,56.01,56.01,0,0.006666666666666667,0
52,TRANSFER,170.46,C1083651970,191.35,20.89,C9392707144,63.13,63.13,1,0.08666666666666667,0
513,CASH_OUT,380.95,C5306459450,370.59,0.0,C7430757004,53.37,53.37,1,0.06333333333333334,0
597,PAYMENT,1293.88,C1624173500,2032.33,738.45,M2586712032,0.0,0.0,0,0.0,0
595,PAYMENT,173.68,C6868336102,196.29,22.61,M3595066420,0.0,0.0,0,0.0,0
204,PAYMENT,1.0,C5861829469,0.63,0.0,M9065458220,0.0,0.0,0,0.0,0
107,PAYMENT,1.0,C3597724331,0.0,0.0,M8861351706,0.0,0.0,0,0.0033333333333333335,0
529,PAYMENT,2.96,C4248149900,3.37,0.41,M3457877922,0.0,0.0,0,0.0,0
690,CASH_OUT,38.7,C1945826486,183.17,144.47,C1139082827,5429.83,5429.83,0,0.01,0
347,TRANSFER,1.0,C6588316233,0.0,0.0,C1288765093,87.05,88.05,0,0.1,0
174,PAYMENT,1.0,C4696689457,0.0,0.0,M9068916300,0.0,0.0,0,0.0,0
614,CASH_OUT,16.87,C8257484586,27.26,10.39,C5659161352,167.87,167.87,0,0.03,0
20,CASH_OUT,973.97,C4638577630,1247.62,273.65,C8046300793,559.99,559.99,0,0.0,0
74,CASH_IN,96703.82,C7951902330,0.0,96703.82,C1399546384,0.0,0.0,0,0.0,0
427,PAYMENT,36.65,C6761084958,41.93,5.28,M3495411322,0.0,0.0,0,0.0,0
426,PAYMENT,792.24,C8468071953,1294.69,502.45,M9900829971,0.0,0.0,0,0.0,0
571,PAYMENT,338.44,C1276905285,14914.41,14575.97,M4158643786,0.0,0.0,0,0.0,0
81,PAYMENT,3.16,C2073755632,7.15,3.99,M6583604299,0.0,0.0,0,0.0,0
661,TRANSFER,925.51,C7525240100,1230.91,305.4,M1692044390,0.0,0.0,1,0.16,0
201,CASH_OUT,219.5,C4503614567,756.22,536.72,C5515628633,4626.75,4626.75,0,0.01,0
580,PAYMENT,14.5,C6937704752,54.0,39.5,M2910594463,0.0,0.0,0,0.0,0
452,PAYMENT,1710.76,C3205292512,2057.93,347.17,M3156792018,0.0,0.0,0,0.0,0
558,PAYMENT,5.17,C3693916084,5.86,0.69,M9640701016,0.0,0.0,0,0.0,0
699,PAYMENT,1.0,C8339176912,0.0,0.0,M8861351706,0.0,0.0,0,0.0,0
30,PAYMENT,3.22,C8241550421,3.82,0.6,M6651020291,0.0,0.0,0,0.0,0
675,TRANSFER,3.79,C1264739091,5.1,1.31,C2612579345,281.17,284.96,0,0.07666666666666666,0
503,CASH_OUT,1892.94,C9019515562,2642.68,749.74,C9166381136,0.0,0.0,1,0.02666666666666667,0
601,CASH_OUT,310.66,C4734111722,425.77,115.11,C7292376027,43.37,43.37,0,0.03,0
255,PAYMENT,128.36,C5292015249,20814.27,20685.91,M3072183247,0.0,0.0,0,0.0,0
305,TRANSFER,499.69,C5923940434,568.7,69.01,C1439921366,470.08,470.08,1,0.006666666666666667,0
162,TRANSFER,1.0,C3894673596,0.0,0.0,C8033702319,3.4,4.4,0,0.21333333333333335,0
271,CASH_OUT,3496.51,C1225953184,3417.86,0.0,C6447717367,3.36,3.36,1,0.08333333333333333,0
517,TRANSFER,5601.1,C1182758417,5922.41,321.31,M8144352013,0.0,0.0,1,0.34,0
400,PAYMENT,1.0,C6134840512,0.0,0.0,M5959736235,0.0,0.0,0,0.0,0
71,TRANSFER,2298.91,C1792214339,2354.94,56.03,C2602884797,8407.94,8407.94,1,0.01,0
269,CASH_OUT,25359.05,C5421051452,26862.95,1503.9,C1722124509,1534.6,1534.6,1,0.0033333333333333335,0
38,TRANSFER,59470.17,C1981049082,52779.66,0.0,M4456193555,0.0,0.0,1,0.6933333333333334,1
40,PAYMENT,7099.8,C5293274004,7929.78,829.98,M7532669066,0.0,0.0,0,0.0,0
607,PAYMENT,3241.31,C1596471620,4237.26,995.95,M5714658227,0.0,0.0,0,0.0,0
57,TRANSFER,247.41,C9370133032,764.12,516.71,C2268523764,2092.05,2339.46,0,0.0033333333333333335,0
464,TRANSFER,63304.83,C3377702111,79349.3,16044.47,M1096405016,0.0,0.0,1,0.2733333333333333,0
174,CASH_OUT,4.61,C9463197203,14.47,9.86,C8265834251,2.66,2.66,0,0.0,0
240,TRANSFER,66.48,C3197757742,90.49,24.01,C3074232200,0.0,0.0,1,0.16333333333333333,0
425,PAYMENT,132.29,C4873807154,181.06,48.77,M6786043791,0.0,0.0,0,0.0,0
551,CASH_OUT,125.45,C6156843353,159.76,34.31,C2480915452,135971.44,135971.44,0,0.006666666666666667,0
111,TRANSFER,1.0,C7004964045,0.0,0.0,C5993571693,313.57,314.57,0,0.02,0
9,TRANSFER,2350.72,C1772303297,2005.15,0.0,C4440904834,82.85,82.85,1,0.33666666666666667,0
546,TRANSFER,14210.96,C8973989997,14702.58,491.62,M2916502228,0.0,0.0,1,0.33666666666666667,0
600,PAYMENT,1.43,C6892752604,2.71,1.28,M3960136787,0.0,0.0,0,0.0,0
381,PAYMENT,1.0,C7705605962,0.0,0.0,M8768773991,0.0,0.0,0,0.0,0
402,PAYMENT,158.79,C4026816435,351.9,193.11,M9631695368,0.0,0.0,0,0.0,0
578,CASH_OUT,1.0,C6037168610,0.0,0.0,C8760642358,785.49,785.49,0,0.06333333333333334,0
169,TRANSFER,24.97,C1005502537,48.73,23.76,C6720572969,124.26,149.23,0,0.02,0
241,PAYMENT,1.0,C3716924538,0.0,0.0,M6846530109,0.0,0.0,0,0.0,0
214,TRANSFER,16.07,C2423995953,29.51,13.44,C5992908271,206.32,222.39,0,0.023333333333333334,0
461,TRANSFER,1.0,C8926438617,0.0,0.0,C5293274004,829.98,830.98,0,0.08,0
631,PAYMENT,1281.7,C5220094152,23999.19,22717.49,M7437168216,0.0,0.0,0,0.0,0
718,TRANSFER,1229.2,C8429141456,1214.12,0.0,M7861571879,0.0,0.0,1,0.4166666666666667,0
35,PAYMENT,1.0,C3426665919,0.0,0.0,M2625035499,0.0,0.0,0,0.0,0
87,TRANSFER,110.58,C2439622619,481.34,370.76,C3615507143,28.78,139.36,0,0.023333333333333334,0
28,CASH_OUT,122.76,C6385791669,115.64,0.0,M6659847491,0.0,0.0,1,0.01,0
482,TRANSFER,757.04,C9894264595,965.53,208.49,C6882074066,224.46,224.46,1,0.07333333333333333,0
348,TRANSFER,2941.0,C5898890707,2617.95,0.0,M2136107759,0.0,0.0,1,0.7466666666666667,1
84,PAYMENT,112.27,C2633177480,145.41,33.14,M1694904767,0.0,0.0,0,0.0,0
90,TRANSFER,194.22,C7038841740,510.24,316.02,C8083175325,0.0,194.22,0,0.03,0
585,TRANSFER,1.0,C1885113834,0.0,0.0,C3698343112,0.0,1.0,0,0.23,0
298,CASH_OUT,264.05,C6754503097,542.19,278.14,C3280805846,0.0,0.0,0,0.013333333333333334,0
312,TRANSFER,344.78,C8933377472,481.33,136.55,M7713758036,0.0,0.0,1,0.14333333333333334,0
326,PAYMENT,1.81,C7019900273,16653.06,16651.25,M7343954769,0.0,0.0,0,0.0,0
463,PAYMENT,37.32,C5903457537,53.72,16.4,M6101516825,0.0,0.0,0,0.0,0
710,PAYMENT,807.17,C1091729577,1440.22,633.05,M6384311581,0.0,0.0,0,0.0,0
540,PAYMENT,1.0,C7552812957,0.0,0.0,M2418407139,0.0,0.0,0,0.0,0
375,TRANSFER,1.0,C6122110529,0.0,0.0,C2050340486,0.0,1.0,0,0.22,0
359,TRANSFER,1.0,C8380312396,0.13,0.0,C6464693977,570.21,571.21,0,0.013333333333333334,0
44,TRANSFER,383.18,C5141285960,403.71,20.53,C6110646714,0.0,383.18,0,0.02666666666666667,0
250,TRANSFER,1.0,C6072939882,0.0,0.0,C6822870815,353.01,354.01,0,0.013333333333333334,0
709,PAYMENT,8.92,C5689870435,10.18,1.26,M1083302600,0.0,0.0,0,0.0,0
272,CASH_OUT,1.0,C1529290976,0.0,0.0,C2554039848,0.0,0.0,0,0.02666666666666667,0
468,CASH_OUT,3053.46,C3971203213,3617.61,564.15,M1811839103,0.0,0.0,1,0.043333333333333335,0
302,CASH_OUT,32.27,C9633533290,67.78,35.51,C8833399096,0.0,0.0,0,0.006666666666666667,0
226,PAYMENT,8314.68,C8235363119,31549.03,23234.35,M8218146534,0.0,0.0,0,0.0,0
641,CASH_OUT,209.77,C7670476743,229.13,19.36,M5734228580,0.0,0.0,1,0.03666666666666667,0
182,PAYMENT,1.0,C7808938880,0.0,0.0,M7951820749,0.0,0.0,0,0.0,0
68,TRANSFER,133.47,C5375461598,136.23,2.76,C6534540349,541.13,541.13,1,0.013333333333333334,0
386,CASH_OUT,4947.04,C2770980600,6201.42,1254.38,C5272119095,17571.76,17571.76,1,0.0033333333333333335,0
336,TRANSFER,4188.92,C6715961218,4200.4,11.48,M2655546199,0.0,0.0,1,0.44333333333333336,0
538,PAYMENT,5.51,C1569113257,25.19,19.68,M2391874847,0.0,0.0,0,0.0,0
292,TRANSFER,1026.99,C3412365931,1187.4,160.41,C2237386857,0.0,0.0,1,0.10666666666666667,0
384,TRANSFER,4435.08,C8033702319,3886.73,0.0,M8858274691,0.0,0.0,1,0.7366666666666667,1
458,CASH_OUT,18.88,C1602569046,20.64,1.76,C6317152031,22227.45,22227.45,0,0.03,0
243,CASH_OUT,1.0,C1754603440,0.0,0.0,C9433570024,2.02,2.02,0,0.02,0
616,CASH_OUT,653.36,C6102144947,626.18,0.0,M6659847491,0.0,0.0,1,0.13666666666666666,0
136,CASH_OUT,147.59,C4427620889,165.3,17.71,M1099218439,0.0,0.0,1,0.01,0
141,CASH_OUT,2.76,C8055515912,3.25,0.49,C3429019820,6.18,6.18,0,0.0033333333333333335,0
334,PAYMENT,140.09,C2076151332,268.5,128.41,M2243802345,0.0,0.0,0,0.0,0
660,CASH_OUT,87.75,C8478529823,998.07,910.32,C3698343112,1.0,1.0,0,0.03333333333333333,0
227,TRANSFER,1.0,C8239941612,0.0,0.0,C4277581356,987.39,988.39,0,0.01,0
436,PAYMENT,1.0,C4538382315,0.0,0.0,M4554178984,0.0,0.0,0,0.0,0
122,TRANSFER,329.57,C6732648420,412.55,82.98,C2431779064,3.43,333.0,0,0.02666666666666667,0
207,PAYMENT,676.92,C6313758032,4378.48,3701.56,M9441870024,0.0,0.0,0,0.0,0
508,CASH_OUT,4369.54,C5482431018,4846.45,476.91,C6557907251,234.46,234.46,1,0.016666666666666666,0
127,TRANSFER,214.7,C9963334018,204.74,0.0,M2136107759,0.0,0.0,1,0.21,0
413,CASH_OUT,19.88,C6237376063,67.71,47.83,C7193532615,183.6,183.6,0,0.043333333333333335,0
577,TRANSFER,2448.51,C2087974350,3777.09,1328.58,C8252816758,0.0,2448.51,0,0.05,0
370,TRANSFER,193.21,C8487449580,183.28,0.0,M6820149016,0.0,0.0,1,0.23,0
329,PAYMENT,2.89,C2979958124,4.31,1.42,M4588312351,0.0,0.0,0,0.0,0
310,PAYMENT,6243.91,C4736031885,41825.63,35581.72,M8063693463,0.0,0.0,0,0.0,0
395,PAYMENT,1.0,C7845366946,0.0,0.0,M9576264323,0.0,0.0,0,0.0,0
597,CASH_OUT,1.0,C6837342064,0.0,0.0,C8287542751,272.03,272.03,0,0.05333333333333334,0
255,TRANSFER,5135.82,C9798613995,4844.72,0.0,M8858274691,0.0,0.0,1,0.82,1
282,TRANSFER,2.38,C3878201524,5.1,2.72,C4147025728,77.04,79.42,0,0.09333333333333334,0
621,DEBIT,5.31,C9526836552,11.63,6.32,M4242579642,0.0,0.0,0,0.03,0
581,CASH_OUT,509.09,C9544423456,1967.5,1458.41,C4067919621,0.0,0.0,0,0.02666666666666667,0
697,PAYMENT,388.83,C1242425303,560.12,171.29,M9441870024,0.0,0.0,0,0.0,0
390,PAYMENT,154.97,C3019214800,322.78,167.81,M6763471833,0.0,0.0,0,0.0,0
36,TRANSFER,74.63,C1662259333,83.25,8.62,C2452066459,0.57,75.2,0,0.16333333333333333,0
500,TRANSFER,3.01,C7759781156,9.59,6.58,C9379439373,0.0,3.01,0,0.17,0
127,CASH_OUT,4188.32,C8274273035,3955.68,0.0,C9912233947,0.0,0.0,1,0.04666666666666667,0
637,TRANSFER,2736.71,C4131575764,3595.49,858.78,C2099184899,0.0,0.0,1,0.2866666666666667,0
85,PAYMENT,728.2,C7481631841,1224.3,496.1,M3208200227,0.0,0.0,0,0.0,0
602,PAYMENT,569.22,C4277422858,2534.53,1965.31,M3119908041,0.0,0.0,0,0.0,0
565,PAYMENT,713.27,C3667292043,1501.67,788.4,M8740820392,0.0,0.0,0,0.0,0
116,CASH_OUT,257.19,C7904559790,249.43,0.0,M6651754819,0.0,0.0,1,0.01,0
489,TRANSFER,20.7,C5492496998,67.99,47.29,C8674224347,85433.16,85453.86,0,0.0033333333333333335,0
429,TRANSFER,90096.82,C8137972345,81965.15,0.0,C6572436051,0.0,0.0,1,0.9,1
76,TRANSFER,2.17,C7602474923,4.15,1.98,C3147818256,0.0,2.17,0,0.17666666666666667,0
679,CASH_OUT,18.14,C1795212538,18.3,0.16,C5315211627,61375.13,61375.13,0,0.02666666666666667,0
689,PAYMENT,1.0,C9470922075,1.52,0.52,M9590331226,0.0,0.0,0,0.0,0
564,CASH_OUT,1.0,C9493209128,0.0,0.0,C4641561499,0.0,0.0,0,0.06,0
622,CASH_OUT,18.88,C4274958945,22.68,3.8,C2579206999,4.76,4.76,0,0.043333333333333335,0
671,CASH_OUT,16.09,C4710967433,46.16,30.07,C7505693643,0.6,0.6,0,0.02666666666666667,0
421,TRANSFER,1.0,C3550908958,0.0,0.0,C1546696950,103.83,104.83,0,0.10666666666666667,0
199,PAYMENT,1.0,C8570333548,0.0,0.0,M8874242713,0.0,0.0,0,0.0,0
420,TRANSFER,1.0,C4847761430,0.0,0.0,C1981049082,0.0,1.0,0,0.20666666666666667,0
693,TRANSFER,1.0,C8841851495,0.0,0.0,C7823288650,1912.28,1913.28,0,0.06,0
663,CASH_OUT,57.76,C1792214339,56.03,0.0,C9479654136,319.62,319.62,1,0.04666666666666667,0
188,TRANSFER,445.2,C8178361487,799.48,354.28,C6572436051,0.0,445.2,0,0.006666666666666667,0
642,TRANSFER,1.0,C3476426797,1.41,0.41,C8689593739,10.13,11.13,0,0.2,0
261,CASH_OUT,849.12,C7374810067,796.68,0.0,M7713758036,0.0,0.0,1,0.12333333333333334,0
88,PAYMENT,90.57,C3412365931,160.41,69.84,M8044997538,0.0,0.0,0,0.0,0
438,TRANSFER,416.98,C3597724331,556.55,139.57,C8322868827,51.06,51.06,1,0.10333333333333333,0
459,CASH_OUT,3.71,C3744446292,5.21,1.5,C3371357111,14.74,14.74,0,0.06666666666666667,0
124,TRANSFER,2970.93,C7801180691,3458.7,487.77,C7299420031,24227.28,27198.21,0,0.0,0
119,PAYMENT,803.39,C3117951204,1255.7,452.31,M6282009986,0.0,0.0,0,0.0,0
406,CASH_OUT,3969.19,C1364994639,4590.58,621.39,M4522855590,0.0,0.0,1,0.01,0
681,TRANSFER,5.83,C8293453178,6.58,0.75,C6944371787,5780.37,5786.2,0,0.03333333333333333,0
82,CASH_OUT,59.71,C3874432021,112.84,53.13,C6868336102,22.61,22.61,0,0.0033333333333333335,0
22,PAYMENT,20.16,C3783009621,32.64,12.48,M6820149016,0.0,0.0,0,0.0,0
512,PAYMENT,2659.05,C1590838716,24868.93,22209.88,M8858274691,0.0,0.0,0,0.0,0
105,CASH_IN,994.24,C9354542654,0.0,994.24,C7872873371,188.78,188.78,0,0.0,0
31,TRANSFER,4241.73,C5183211669,4438.1,196.37,M2910594463,0.0,0.0,1,0.19,0
236,TRANSFER,1.0,C7337225482,1.0,0.0,C6218484323,304.55,305.55,0,0.01,0
436,TRANSFER,36.06,C3319936135,55.46,19.4,C7575259637,330.68,366.74,0,0.06,0
523,CASH_OUT,4896.26,C9957813353,4886.6,0.0,C2145921803,0.0,0.0,1,0.20666666666666667,0
383,TRANSFER,1809.19,C9702693937,2440.59,631.4,M4554178984,0.0,0.0,1,0.18666666666666668,0
444,TRANSFER,2202.59,C7415801613,2454.65,252.06,M6199197408,0.0,0.0,1,0.2966666666666667,0
535,TRANSFER,1.0,C4776677517,0.0,0.0,C9471306442,0.0,1.0,0,0.22333333333333333,0
363,PAYMENT,336.31,C6341783555,566.27,229.96,M6692705133,0.0,0.0,0,0.0,0
149,PAYMENT,10.13,C1257324536,134331.73,134321.6,M8910440683,0.0,0.0,0,0.0,0
12,TRANSFER,669.17,C6719736115,763.7,94.53,M4896576569,0.0,0.0,1,0.13666666666666666,0
495,PAYMENT,8707.02,C2111272861,70084.79,61377.77,M6786043791,0.0,0.0,0,0.0,0
616,TRANSFER,49.17,C5696548897,91.38,42.21,C4102821948,77.5,126.67,0,0.10666666666666667,0
699,PAYMENT,195.74,C5376302686,243.0,47.26,M2228388623,0.0,0.0,0,0.0,0
338,CASH_IN,74238.38,C1340272119,109.26,74347.64,C7296658772,1350.61,1350.61,0,0.0,0
447,CASH_OUT,435.76,C2419931729,528.17,92.41,M8458323087,0.0,0.0,1,0.05333333333333334,0
456,TRANSFER,72.62,C4147025728,79.42,6.8,M3317856944,0.0,0.0,1,0.17,0
250,PAYMENT,98.68,C3434757387,116.83,18.15,M3605446007,0.0,0.0,0,0.0,0
540,DEBIT,32.09,C3739951076,90.08,57.99,M6763471833,0.0,0.0,0,0.03,0
145,TRANSFER,25476.7,C5064162365,23138.94,0.0,C7103588071,21.13,21.13,1,0.66,1
200,PAYMENT,1.0,C6773938304,0.0,0.0,M8728631945,0.0,0.0,0,0.0,0
229,TRANSFER,1.0,C3185386258,1.17,0.17,C5586143660,1171.29,1172.29,0,0.01,0
312,PAYMENT,113.56,C6469458472,143.68,30.12,M5959736235,0.0,0.0,0,0.0,0
461,DEBIT,5.83,C8719734235,10.58,4.75,M3072183247,0.0,0.0,0,0.04,0
242,CASH_OUT,3741.08,C7620473079,3121.02,0.0,M1666898313,0.0,0.0,1,0.08,0
656,CASH_OUT,4293.17,C3777580509,4001.19,0.0,C4405620755,307.44,307.44,1,0.22,0
231,PAYMENT,202.62,C7823288650,1913.28,1710.66,M7960713821,0.0,0.0,0,0.0,0
703,PAYMENT,2670.84,C6877052039,81047.04,78376.2,M7532669066,0.0,0.0,0,0.0,0
394,CASH_OUT,37.75,C3874432021,53.13,15.38,C4152835101,0.0,0.0,0,0.013333333333333334,0
266,TRANSFER,148.9,C8471762590,152.28,3.38,M1694904767,0.0,0.0,1,0.17333333333333334,0
310,PAYMENT,1.0,C1805492785,0.0,0.0,M6659847491,0.0,0.0,0,0.0,0
461,PAYMENT,2693.73,C1067198189,5424.31,2730.58,M4908108692,0.0,0.0,0,0.0,0
265,PAYMENT,1.0,C7208619610,1.15,0.15,M4125758723,0.0,0.0,0,0.0,0
358,TRANSFER,94.75,C2052811909,125.96,31.21,C8215470878,1230.43,1325.18,0,0.006666666666666667,0
297,CASH_IN,15206.63,C3169561289,347.7,15554.33,C2331039957,1.0,1.0,0,0.0,0
181,PAYMENT,14.21,C1288335378,63.77,49.56,M5380159400,0.0,0.0,0,0.0,0
111,PAYMENT,1.0,C7539399243,0.0,0.0,M3438830691,0.0,0.0,0,0.0033333333333333335,0
131,PAYMENT,17715.9,C8086172302,21216.37,3500.47,M8276498637,0.0,0.0,0,0.0,0
532,TRANSFER,46.15,C2072355594,56.78,10.63,C8991678061,437.72,437.72,1,0.07,0
281,PAYMENT,1.0,C8291250562,0.0,0.0,M2711123163,0.0,0.0,0,0.0,0
342,DEBIT,14018.41,C7299420031,27198.21,13179.8,M3660800029,0.0,0.0,0,0.02,0
193,CASH_OUT,2539.06,C9661615016,2117.28,0.0,C8737025391,319.31,319.31,1,0.05333333333333334,0
487,CASH_OUT,4647.86,C9677466102,3959.59,0.0,M8276498637,0.0,0.0,1,0.3333333333333333,0
650,TRANSFER,1204.56,C2400094541,1448.26,243.7,C2982979741,0.0,1204.56,1,0.04666666666666667,0
625,CASH_IN,79887.42,C6963052185,0.0,79887.42,C7857580528,226.93,226.93,0,0.0,0
216,PAYMENT,37.24,C1558631501,44.42,7.18,M3192202822,0.0,0.0,0,0.0,0
532,PAYMENT,327.09,C8934927891,597.18,270.09,M8643636805,0.0,0.0,0,0.0,0
49,CASH_OUT,1.0,C4311931853,0.0,0.0,C9370133032,516.71,516.71,0,0.01,0
191,DEBIT,42.91,C9673185158,134.53,91.62,M1096405016,0.0,0.0,0,0.016666666666666666,0
308,PAYMENT,14614.55,C9503597301,20066.28,5451.73,M4306983924,0.0,0.0,0,0.0,0
630,CASH_OUT,1.0,C2075413763,1.35,0.35,C3214080278,4.14,4.14,0,0.056666666666666664,0
643,TRANSFER,73.93,C1322401182,82.49,8.56,C6307626407,269.72,343.65,0,0.07666666666666666,0
5,CASH_IN,109903.9,C6504099682,1.9,109905.8,C9432088993,0.0,0.0,0,0.006666666666666667,0
559,CASH_OUT,1.0,C8380312396,0.0,0.0,C7801948900,1104.29,1104.29,0,0.04666666666666667,0
455,PAYMENT,1.0,C4431078106,0.0,0.0,M2555936898,0.0,0.0,0,0.0,0
417,PAYMENT,308.22,C8578226896,6876.85,6568.63,M8325043570,0.0,0.0,0,0.0,0
117,TRANSFER,256.04,C1749459431,17151.04,16895.0,C2423995953,13.44,269.48,0,0.04666666666666667,0
337,TRANSFER,1.0,C6955593943,0.0,0.0,C4586139213,351.04,352.04,0,0.01,0
62,TRANSFER,1.0,C6892752604,1.28,0.28,C1546696950,104.83,105.83,0,0.06666666666666667,0
651,TRANSFER,67852.86,C4895020135,68635.79,782.93,M3072183247,0.0,0.0,1,0.31666666666666665,0
90,PAYMENT,1.0,C4783282817,0.0,0.0,M4601406440,0.0,0.0,0,0.0,0
521,DEBIT,1.0,C1515024824,0.0,0.0,M6992094064,0.0,0.0,0,0.043333333333333335,0
356,PAYMENT,134.89,C1857596764,230.19,95.3,M5449848690,0.0,0.0,0,0.0,0
284,TRANSFER,4028.54,C4524233168,4836.18,807.64,M8138332494,0.0,0.0,1,0.22,0
387,CASH_OUT,13.04,C5578056564,14.73,1.69,C1726990714,351.76,351.76,0,0.013333333333333334,0
217,PAYMENT,1017.24,C9516893896,1471.47,454.23,M6130446648,0.0,0.0,0,0.0,0
119,PAYMENT,2192.79,C7199283151,4305.63,2112.84,M6732306182,0.0,0.0,0,0.0,0
163,CASH_OUT,1.0,C9558091177,0.0,0.0,C6944371787,5786.2,5786.2,0,0.0,0
227,CASH_OUT,75.78,C5913767020,103.36,27.58,C5861829469,0.0,0.0,0,0.0033333333333333335,0
571,TRANSFER,3679.19,C2780136605,4347.21,668.02,M2187592160,0.0,0.0,1,0.31333333333333335,0
70,CASH_OUT,278.3,C2973888646,263.23,0.0,M3019265031,0.0,0.0,1,0.01,0
219,CASH_OUT,329.25,C6952291828,309.37,0.0,M8821456242,0.0,0.0,1,0.023333333333333334,0
92,PAYMENT,1663.5,C8252816758,2448.51,785.01,M3369412470,0.0,0.0,0,0.0,0
561,CASH_OUT,141.23,C3978287288,138.45,0.0,M9977193987,0.0,0.0,1,0.07333333333333333,0
578,CASH_OUT,333.86,C5140460939,295.7,0.0,M8626371177,0.0,0.0,1,0.07666666666666666,0
366,CASH_OUT,382.29,C6464693977,571.21,188.92,C6477862024,419.68,419.68,0,0.016666666666666666,0
668,DEBIT,1578.82,C4131356954,4510.37,2931.55,M5585110649,0.0,0.0,0,0.03,0
377,TRANSFER,4147.14,C4509456565,4571.67,424.53,M3208200227,0.0,0.0,1,0.22,0
117,TRANSFER,4.73,C2586568081,10.32,5.59,C5183211669,196.37,201.1,0,0.02666666666666667,0
484,PAYMENT,1.0,C6157617867,1.0,0.0,M2303835765,0.0,0.0,0,0.0,0
114,CASH_OUT,5.13,C3371357111,14.74,9.61,C1139082827,5429.83,5429.83,0,0.0,0
312,PAYMENT,475.35,C4642197907,619.91,144.56,M4306983924,0.0,0.0,0,0.0,0
417,CASH_OUT,3061.62,C2687477596,2636.52,0.0,C3149533961,11.6,11.6,1,0.36333333333333334,0
612,CASH_IN,138955.43,C6311894154,4.48,138959.91,C6955593943,0.0,0.0,0,0.0,0
512,TRANSFER,1.0,C9263135031,0.0,0.0,C2867302554,252.94,253.94,0,0.1,0
316,PAYMENT,6.53,C6517150278,14.37,7.84,M9620935604,0.0,0.0,0,0.0,0
297,TRANSFER,2917.79,C2918260963,3468.88,551.09,C3196545325,0.0,0.0,1,0.22,0
580,CASH_OUT,1.0,C2075413763,0.35,0.0,C9842186844,51.92,51.92,0,0.05333333333333334,0
60,TRANSFER,801.02,C7292076361,1283.42,482.4,C4633987776,13624.62,14425.64,0,0.0,0
444,PAYMENT,4.36,C1104906255,12.92,8.56,M4456193555,0.0,0.0,0,0.0,0
41,TRANSFER,4252.0,C4067919621,4471.94,219.94,M8389750357,0.0,0.0,1,0.2,0
598,PAYMENT,1.0,C2610237679,0.0,0.0,M1732578761,0.0,0.0,0,0.0,0
89,DEBIT,1.0,C2802141793,0.0,0.0,M1099218439,0.0,0.0,0,0.03,0
565,PAYMENT,1.0,C1287814151,0.0,0.0,M2391874847,0.0,0.0,0,0.0,0
115,CASH_OUT,1.0,C3482206102,1.02,0.02,C1818520766,0.0,0.0,0,0.0033333333333333335,0
701,TRANSFER,188.12,C6554972315,197.32,9.2,C4776677517,0.0,0.0,1,0.17,0
292,PAYMENT,160.96,C6795522649,195.95,34.99,M5380159400,0.0,0.0,0,0.0,0
612,TRANSFER,1.0,C5508149905,0.0,0.0,C8997701619,2.19,3.19,0,0.23,0
523,PAYMENT,525.27,C2982979741,1204.56,679.29,M6692705133,0.0,0.0,0,0.0,0
468,CASH_OUT,533.73,C1230624431,620.07,86.34,M7764117705,0.0,0.0,1,0.05,0
377,CASH_OUT,1.0,C6122110529,0.0,0.0,C3384006407,24.05,24.05,0,0.02,0
562,PAYMENT,6.18,C9218363978,10.31,4.13,M5585110649,0.0,0.0,0,0.0,0
23,CASH_OUT,4127.7,C9830946410,4951.79,824.09,C3836517266,31907.13,31907.13,1,0.0,0
238,PAYMENT,7.46,C7525240100,305.4,297.94,M1666898313,0.0,0.0,0,0.0,0
305,PAYMENT,9209.16,C3846570058,101892.04,92682.88,M8821456242,0.0,0.0,0,0.0,0
303,TRANSFER,1.0,C7705605962,0.0,0.0,C7146318035,54.78,55.78,0,0.13333333333333333,0
317,PAYMENT,148.04,C7540301973,165.63,17.59,M3072183247,0.0,0.0,0,0.0,0
221,PAYMENT,1.0,C7573691558,0.0,0.0,M6275155878,0.0,0.0,0,0.0,0
345,CASH_OUT,1.0,C3426665919,0.0,0.0,C4067919621,219.94,219.94,0,0.016666666666666666,0
473,CASH_OUT,730.01,C7154795660,833.35,103.34,C3971203213,564.15,564.15,1,0.09,0
505,CASH_OUT,223.08,C3102209245,309.62,86.54,C2094024844,141.15,141.15,0,0.03333333333333333,0
531,PAYMENT,1.0,C3260842187,0.0,0.0,M3566125120,0.0,0.0,0,0.0,0
129,CASH_OUT,66.92,C2465576748,148.57,81.65,C9963334018,0.0,0.0,0,0.0033333333333333335,0
431,PAYMENT,769.43,C8547068234,918.97,149.54,M2695447268,0.0,0.0,0,0.0,0
240,CASH_OUT,3099.94,C6470052645,2837.92,0.0,M9288057824,0.0,0.0,1,0.07333333333333333,0
518,CASH_OUT,293.3,C4623960580,442.62,149.32,C4564751926,213.98,213.98,0,0.02666666666666667,0
440,CASH_OUT,144.74,C7838460497,185.95,41.21,M7960713821,0.0,0.0,1,0.04666666666666667,0
301,CASH_OUT,500.42,C2948728483,444.07,0.0,M2243802345,0.0,0.0,1,0.056666666666666664,0
353,TRANSFER,4106.2,C4655730355,3501.89,0.0,C2331039957,1.0,1.0,1,0.7466666666666667,1
13,CASH_OUT,72.58,C4914929023,100.15,27.57,C8556573246,17557.24,17557.24,0,0.006666666666666667,0
384,TRANSFER,126.25,C9115282784,297.05,170.8,C1470939445,290.6,416.85,0,0.006666666666666667,0
592,PAYMENT,1.0,C2283298067,0.0,0.0,M5412437658,0.0,0.0,0,0.0,0
5,CASH_OUT,71.5,C4473306055,83.33,11.83,C2158638062,5.22,5.22,1,0.02,0
549,PAYMENT,48.58,C3438771483,57.12,8.54,M8626371177,0.0,0.0,0,0.0,0
563,CASH_OUT,164.75,C7193532615,183.6,18.85,M3811254192,0.0,0.0,1,0.04,0
558,TRANSFER,1.0,C6756332150,0.0,0.0,C5400463094,37325.32,37326.32,0,0.0033333333333333335,0
613,DEBIT,86.23,C2699887270,570.3,484.07,M9410569618,0.0,0.0,0,0.023333333333333334,0
501,TRANSFER,910.08,C1589582865,776.86,0.0,M5734228580,0.0,0.0,1,0.28,0
581,CASH_OUT,1.0,C7631970791,0.0,0.0,C1036351450,4.37,4.37,0,0.06,0
529,PAYMENT,11.75,C3369305560,31.57,19.82,M1692044390,0.0,0.0,0,0.0,0
324,CASH_OUT,424.03,C7575259637,366.74,0.0,M1783432867,0.0,0.0,1,0.07,0
477,TRANSFER,86.23,C1546957087,96.74,10.51,C1230249217,0.0,86.23,0,0.17333333333333334,0
331,CASH_OUT,7.88,C9457665185,13.23,5.35,C7088949191,0.0,0.0,0,0.013333333333333334,0
280,DEBIT,1.0,C3207160929,0.0,0.0,M7341757401,0.0,0.0,0,0.03666666666666667,0
459,PAYMENT,3102.58,C5523703900,7993.71,4891.13,M7702529931,0.0,0.0,0,0.0,0
280,TRANSFER,3057.74,C2566942273,3510.43,452.69,C3115806625,3459.1,3459.1,1,0.0033333333333333335,0
677,PAYMENT,5.31,C9856756553,17.69,12.38,M9523139706,0.0,0.0,0,0.0,0
348,TRANSFER,1.0,C1799718923,0.0,0.0,C9523104008,53606.64,53607.64,0,0.0,0
265,TRANSFER,345.14,C1470939445,416.85,71.71,C5071897791,0.0,345.14,0,0.023333333333333334,0
251,TRANSFER,2323.63,C8867077130,3344.55,1020.92,C7415801613,252.06,2575.69,0,0.0,0
71,CASH_OUT,2391.02,C2009317340,2373.37,0.0,M9255306810,0.0,0.0,1,0.05333333333333334,0
647,TRANSFER,52.19,C7146318035,55.78,3.59,C6837342064,0.0,52.19,0,0.18333333333333332,0
671,PAYMENT,1.0,C2388450337,0.0,0.0,M1122712790,0.0,0.0,0,0.0,0
193,CASH_OUT,1357.45,C2591589823,2550.44,1192.99,C5416031878,270.26,270.26,0,0.0033333333333333335,0
314,TRANSFER,386.26,C4509456565,424.53,38.27,M7050091525,0.0,0.0,1,0.15666666666666668,0
490,CASH_IN,1485.95,C7077131430,0.29,1486.24,C9454207717,26.66,26.66,0,0.0,0
265,CASH_OUT,23285.88,C3108307952,32619.9,9334.02,M2773408660,0.0,0.0,1,0.0,0
175,TRANSFER,2619.58,C6887132821,3183.6,564.02,C7369118672,0.0,0.0,1,0.13666666666666666,0
496,PAYMENT,1.0,C4767539382,0.0,0.0,M9026301048,0.0,0.0,0,0.0,0
205,PAYMENT,1.0,C8471762590,3.38,2.38,M8325043570,0.0,0.0,0,0.0,0
666,PAYMENT,166.07,C1261903104,239.1,73.03,M1257854279,0.0,0.0,0,0.0,0
125,TRANSFER,2471.43,C3995732958,2890.74,419.31,M9043367776,0.0,0.0,1,0.16,0
577,TRANSFER,2647.33,C8293928340,2846.73,199.4,C1657675888,7.27,2654.6,0,0.06666666666666667,0
406,TRANSFER,1393.5,C1457632732,1331.85,0.0,M6045729129,0.0,0.0,1,0.36333333333333334,0
138,CASH_OUT,40.36,C3420671425,51.79,11.43,C8252045593,12360.88,12360.88,1,0.0,0
154,DEBIT,1464.67,C8791183272,5317.21,3852.54,M9444143872,0.0,0.0,0,0.013333333333333334,0
337,CASH_IN,70161.25,C3369305560,19.82,70181.07,C9155819200,5.03,5.03,0,0.0,0
48,TRANSFER,99.02,C3297096148,100.28,1.26,M7717262223,0.0,0.0,1,0.18,0
477,TRANSFER,280.28,C1271730355,372.4,92.12,C7287517250,259.48,539.76,0,0.05,0
630,DEBIT,36.31,C9274189261,119.31,83.0,M7512767226,0.0,0.0,0,0.03,0
192,CASH_OUT,75.63,C1230249217,86.23,10.6,M9098037639,0.0,0.0,1,0.0033333333333333335,0
458,CASH_OUT,174.0,C4067919621,219.94,45.94,M6495967005,0.0,0.0,1,0.05,0
276,DEBIT,153.41,C6534540349,541.13,387.72,M5985331805,0.0,0.0,0,0.013333333333333334,0
199,CASH_IN,60403.2,C8318855178,8.8,60412.0,C6720572969,149.23,149.23,0,0.0,0
639,PAYMENT,1.0,C8178927766,0.0,0.0,M8366710477,0.0,0.0,0,0.0,0
718,CASH_OUT,1088.06,C3744446292,1295.52,207.46,C1364994639,621.39,621.39,1,0.02666666666666667,0
163,CASH_OUT,197.3,C5510938155,515.76,318.46,C2493660313,0.0,0.0,0,0.006666666666666667,0
374,CASH_OUT,1816.55,C6469318275,1828.29,11.74,C4427620889,17.71,17.71,1,0.02666666666666667,0
120,PAYMENT,2657.26,C9503597301,5451.73,2794.47,M4390543744,0.0,0.0,0,0.0,0
402,PAYMENT,7.05,C2546720356,27.22,20.17,M7702529931,0.0,0.0,0,0.0,0
588,TRANSFER,4472.99,C3142452709,3796.33,0.0,C3423086220,0.0,0.0,1,0.95,1
142,PAYMENT,17076.21,C2317723211,110804.55,93728.34,M9590331226,0.0,0.0,0,0.0,0
370,TRANSFER,1.0,C5275521470,0.0,0.0,C9461708554,82.95,83.95,0,0.11333333333333333,0
435,TRANSFER,3112.85,C3097302637,3500.87,388.02,M5990749811,0.0,0.0,1,0.29333333333333333,0
541,PAYMENT,1.13,C3214080278,4.14,3.01,M3811254192,0.0,0.0,0,0.0,0
163,TRANSFER,25.93,C6178804925,40.12,14.19,C5421051452,1503.9,1529.83,0,0.0033333333333333335,0
654,PAYMENT,44.11,C5418232833,71.7,27.59,M9021793855,0.0,0.0,0,0.0,0
43,CASH_OUT,47.72,C1439427140,64.53,16.81,C7573691558,0.0,0.0,0,0.0033333333333333335,0
364,DEBIT,5.11,C3429019820,6.18,1.07,M4865979921,0.0,0.0,0,0.03666666666666667,0
116,TRANSFER,899.26,C6313758032,3701.56,2802.3,C1248786714,3.38,902.64,0,0.013333333333333334,0
342,CASH_OUT,395.04,C7799567490,845.53,450.49,C1965067727,3.96,3.96,0,0.02,0
592,TRANSFER,87.19,C5067116918,369.79,282.6,C4713453204,54.4,141.59,0,0.06666666666666667,0
253,CASH_OUT,28.21,C2139078760,73.83,45.62,C9660523876,383.6,383.6,0,0.0033333333333333335,0
189,CASH_IN,58357.0,C6576395496,26280.41,84637.41,C4256292393,1.34,1.34,0,0.0,0
181,TRANSFER,53.4,C8575707116,56.01,2.61,C4939447721,0.0,53.4,1,0.16666666666666666,0
2,PAYMENT,932.93,C5115980792,1027.08,94.15,M3705237613,0.0,0.0,0,0.0,0
160,CASH_OUT,241.08,C5626388820,626.26,385.18,C1834624758,171.13,171.13,0,0.0033333333333333335,0
438,PAYMENT,1470.31,C8852676046,13159.12,11688.81,M4456193555,0.0,0.0,0,0.0,0
266,TRANSFER,372.94,C9403748506,486.26,113.32,C9851745648,0.0,0.0,1,0.16666666666666666,0
460,PAYMENT,1.0,C3047869247,0.0,0.0,M9065458220,0.0,0.0,0,0.0,0
14,TRANSFER,1.0,C6797436140,0.0,0.0,C2578662692,0.0,1.0,0,0.2,0
255,TRANSFER,1.0,C6012067717,0.5,0.0,C9123207735,568.58,569.58,0,0.016666666666666666,0
470,TRANSFER,1218.45,C9806189256,1082.28,0.0,M2115406331,0.0,0.0,1,0.44333333333333336,0
172,TRANSFER,387.07,C7099469983,852.86,465.79,C6496933442,12.07,399.14,0,0.006666666666666667,0
655,TRANSFER,230.35,C7004964045,251.98,21.63,M2155671697,0.0,0.0,1,0.17666666666666667,0
207,CASH_OUT,17.63,C9805620900,23.43,5.8,C4102821948,126.67,126.67,0,0.0,0
411,TRANSFER,150.34,C8650676663,306.54,156.2,C2503068227,174.23,324.57,0,0.02666666666666667,0
325,PAYMENT,1.0,C1194576436,0.0,0.0,M3811254192,0.0,0.0,0,0.0,0
212,TRANSFER,11291.82,C3815389788,17005.9,5714.08,C2076151332,128.41,11420.23,0,0.0,0
419,PAYMENT,190.0,C4070964768,48798.51,48608.51,M9068916300,0.0,0.0,0,0.0,0
347,CASH_OUT,185.18,C2173242669,172.58,0.0,M9773795424,0.0,0.0,1,0.056666666666666664,0
495,PAYMENT,54.27,C3396953414,70.33,16.06,M8276498637,0.0,0.0,0,0.0,0
117,PAYMENT,1.0,C5898890707,0.0,0.0,M2695447268,0.0,0.0,0,0.0,0
352,CASH_OUT,2964.06,C5428082088,3984.36,1020.3,C3615507143,139.36,139.36,1,0.006666666666666667,0
443,PAYMENT,1.0,C6069848439,0.0,0.0,M6101516825,0.0,0.0,0,0.0,0
331,TRANSFER,1934.2,C8823677798,2614.43,680.23,C5935852056,1108.51,3042.71,0,0.0033333333333333335,0
569,DEBIT,10.44,C1485574228,24.96,14.52,M8727805468,0.0,0.0,0,0.03,0
293,PAYMENT,13.1,C6305160342,48.41,35.31,M6583604299,0.0,0.0,0,0.0,0
375,CASH_OUT,15.17,C6585609060,18.6,3.43,C4719780110,2918.4,2918.4,0,0.0033333333333333335,0
430,CASH_OUT,344.83,C5482431018,476.91,132.08,M6786043791,0.0,0.0,1,0.04,0
202,CASH_OUT,2135.16,C7706193636,3049.67,914.51,M6282009986,0.0,0.0,1,0.0,0
432,TRANSFER,2555.72,C9633533290,3345.06,789.34,M1888107487,0.0,0.0,1,0.24666666666666667,0
321,TRANSFER,1.01,C1112794026,3.12,2.11,C9941564880,625.9,626.91,0,0.006666666666666667,0
14,TRANSFER,1.0,C8211516617,0.0,0.0,C3612617557,0.0,1.0,0,0.2,0
204,TRANSFER,52.49,C2377246195,126.39,73.9,C9697414638,0.0,52.49,0,0.16,0
448,PAYMENT,1.0,C6756711494,0.44,0.0,M4820942294,0.0,0.0,0,0.0,0
149,CASH_OUT,12.94,C5913767020,27.58,14.64,C1367704871,2.13,2.13,0,0.0,0
429,DEBIT,26.01,C6947080764,67.98,41.97,M8790289305,0.0,0.0,0,0.02666666666666667,0
456,PAYMENT,1.0,C4152835101,0.0,0.0,M6606958660,0.0,0.0,0,0.0,0
556,TRANSFER,1.0,C2963288053,0.0,0.0,C9493209128,0.0,1.0,0,0.22333333333333333,0
666,CASH_OUT,1.0,C1194576436,0.0,0.0,C6789292252,0.0,0.0,0,0.056666666666666664,0
313,TRANSFER,186.33,C5569295400,631.96,445.63,C5877639950,0.31,186.64,0,0.013333333333333334,0
661,TRANSFER,422.08,C9544423456,1458.41,1036.33,C1770278136,23.29,445.37,0,0.06333333333333334,0
290,CASH_OUT,18.9,C1547374338,91.3,72.4,C4022245086,0.0,0.0,0,0.01,0
137,TRANSFER,73.15,C8229344434,67.57,0.0,C4946081594,70.88,144.03,1,0.07,0
562,CASH_OUT,691.4,C6463640105,776.52,85.12,C8274219704,0.0,0.0,0,0.04,0
694,PAYMENT,436.66,C7846365089,773.79,337.13,M4689605624,0.0,0.0,0,0.0,0
504,TRANSFER,4968.5,C4928783441,4417.26,0.0,C9411532909,32502.14,32502.14,1,0.05,0
694,PAYMENT,83.51,C4683585586,249.66,166.15,M9026301048,0.0,0.0,0,0.0,0
529,CASH_OUT,2439.6,C2973888646,3179.62,740.02,M8458323087,0.0,0.0,1,0.02666666666666667,0
320,DEBIT,1.0,C2801177461,0.0,0.0,M5891831621,0.0,0.0,0,0.04,0
520,PAYMENT,568.42,C3304560537,1846.13,1277.71,M1306420495,0.0,0.0,0,0.0,0
639,CASH_IN,15435.33,C1643611097,10.87,15446.2,C8274273035,0.0,0.0,0,0.0,0
503,TRANSFER,106.16,C6515369278,176.39,70.23,C7340428136,0.0,106.16,0,0.12333333333333334,0
709,PAYMENT,1.0,C7631970791,0.0,0.0,M1676220116,0.0,0.0,0,0.0,0
2,TRANSFER,89.82,C8039917766,124.57,34.75,M6284297249,0.0,0.0,1,0.16,0
687,PAYMENT,5246.78,C3589530484,99418.38,94171.6,M6999146585,0.0,0.0,0,0.0,0
187,TRANSFER,1711.18,C7668801906,2342.76,631.58,M5734228580,0.0,0.0,1,0.16666666666666666,0
87,CASH_OUT,3743.37,C4930438209,3767.63,24.26,M7960713821,0.0,0.0,1,0.0033333333333333335,0
342,CASH_OUT,63.06,C7603978731,189.31,126.25,C4067919621,45.94,45.94,0,0.0,0
570,TRANSFER,1.0,C3965572185,0.0,0.0,C8926438617,0.0,1.0,0,0.23,0
146,PAYMENT,8.24,C1741134891,9.0,0.76,M5412437658,0.0,0.0,0,0.0,0
342,DEBIT,806.18,C4466589567,2181.46,1375.28,M3566125120,0.0,0.0,0,0.013333333333333334,0
382,TRANSFER,1.0,C1707196784,0.0,0.0,C1251837136,6.0,7.0,0,0.18333333333333332,0
431,TRANSFER,2717.22,C9434946584,3501.88,784.66,C4907446848,26.29,26.29,1,0.18666666666666668,0
594,PAYMENT,1.96,C5160575046,3.1,1.14,M7366396017,0.0,0.0,0,0.0,0
25,TRANSFER,1.0,C3528924461,0.0,0.0,C6656646925,2.53,3.53,0,0.21333333333333335,0
686,PAYMENT,131.74,C3291270703,227.55,95.81,M3660800029,0.0,0.0,0,0.0,0
6,PAYMENT,6583.55,C5161807235,42424.8,35841.25,M2655546199,0.0,0.0,0,0.0,0
91,TRANSFER,3272.82,C3567900251,3679.16,406.34,M8964269909,0.0,0.0,1,0.20333333333333334,0
493,TRANSFER,2598.76,C5695387521,2233.11,0.0,M5000316394,0.0,0.0,1,0.9133333333333333,1
254,PAYMENT,101.87,C3655790301,236.41,134.54,M8030400668,0.0,0.0,0,0.0,0
247,CASH_OUT,1.0,C9504724761,0.0,0.0,C8663837890,97.0,97.0,0,0.01,0
310,CASH_OUT,172.61,C4683585586,166.15,0.0,C7872873371,188.78,188.78,1,0.02666666666666667,0
304,TRANSFER,879.65,C7635473142,831.26,0.0,C8948573913,0.0,0.0,1,0.3233333333333333,0
402,PAYMENT,69.77,C1684598046,255.59,185.82,M3119908041,0.0,0.0,0,0.0,0
327,CASH_OUT,144.45,C2486744752,217.82,73.37,C7371573279,188.39,188.39,0,0.006666666666666667,0
527,CASH_OUT,1842.0,C9919491730,1887.04,45.04,C1726990714,351.76,351.76,1,0.03666666666666667,0
52,PAYMENT,1.0,C4776677517,0.0,0.0,M5535650160,0.0,0.0,0,0.0,0
322,TRANSFER,2476.64,C8832617672,2952.18,475.54,C2445662585,2.07,2.07,1,0.17333333333333334,0
313,CASH_OUT,4020.77,C6340003593,5172.88,1152.11,M6651020291,0.0,0.0,1,0.006666666666666667,0
287,TRANSFER,2131.2,C4719780110,2918.4,787.2,M1783432867,0.0,0.0,1,0.19333333333333333,0
397,PAYMENT,1.0,C9909257076,0.0,0.0,M8443061472,0.0,0.0,0,0.0,0
403,PAYMENT,1104.76,C9451577335,1439.67,334.91,M3831598303,0.0,0.0,0,0.0,0
349,TRANSFER,4.23,C6620138568,9.92,5.69,C4882343658,0.0,4.23,0,0.15,0
630,CASH_IN,934.35,C2139027119,0.0,934.35,C4605117440,4.41,4.41,0,0.0,0
435,CASH_IN,11506.32,C3952295757,2160.83,13667.15,C2439622619,370.76,370.76,0,0.0,0
442,TRANSFER,140.29,C7872873371,188.78,48.49,M1083302600,0.0,0.0,1,0.16333333333333333,0
105,CASH_IN,171.77,C2173242669,0.0,171.77,C4536306171,9984.49,9984.49,0,0.0,0
419,CASH_OUT,491.96,C2745958114,534.5,42.54,C6447717367,3.36,3.36,0,0.05333333333333334,0
58,CASH_OUT,195.29,C1195066088,230.45,35.16,C1050899550,363.21,363.21,1,0.0033333333333333335,0
580,CASH_OUT,53.24,C9860949331,74.43,21.19,C6470052645,0.0,0.0,0,0.03666666666666667,0
494,TRANSFER,378.61,C6206015111,521.51,142.9,C6656646925,3.53,382.14,0,0.056666666666666664,0
277,TRANSFER,1.0,C5078551333,0.0,0.0,C3591527330,0.0,1.0,0,0.23333333333333334,0
311,TRANSFER,5472.99,C2825989011,7819.58,2346.59,C7805745017,1.49,5474.48,0,0.0,0
360,TRANSFER,144.33,C5072538783,201.78,57.45,C9916336966,277.76,422.09,0,0.006666666666666667,0
551,CASH_OUT,1.0,C5407856339,0.97,0.0,C3362646960,4.28,4.28,0,0.056666666666666664,0
125,TRANSFER,1928.61,C1110533960,2273.15,344.54,C6102144947,0.0,0.0,1,0.17,0
405,CASH_OUT,90332.2,C2866092821,98512.33,8180.13,M5694439775,0.0,0.0,1,0.006666666666666667,0
73,PAYMENT,4.93,C6098775210,16.7,11.77,M3495411322,0.0,0.0,0,0.0,0
681,CASH_OUT,111.63,C4658080160,124.05,12.42,C1754368373,6.18,6.18,0,0.03,0
668,TRANSFER,111.8,C7154795660,103.34,0.0,M5087280062,0.0,0.0,1,0.23,0
347,PAYMENT,2.47,C3438771483,8.54,6.07,M7192742877,0.0,0.0,0,0.0,0
660,PAYMENT,1.0,C8015775567,1.0,0.0,M3846182436,0.0,0.0,0,0.0,0
233,CASH_OUT,48.32,C3303082117,64.07,15.75,C9463197203,9.86,9.86,0,0.0033333333333333335,0
290,CASH_OUT,416.86,C1726990714,351.76,0.0,M1504729135,0.0,0.0,1,0.06333333333333334,0
430,PAYMENT,84.11,C2424706705,116.41,32.3,M9822499208,0.0,0.0,0,0.0,0
631,TRANSFER,3062.62,C6110943464,3097.2,34.58,M4125758723,0.0,0.0,1,0.52,1
594,PAYMENT,19769.63,C6509985983,26668.45,6898.82,M8790289305,0.0,0.0,0,0.0,0
714,CASH_OUT,11405.2,C7333678472,13255.3,1850.1,M1504729135,0.0,0.0,1,0.02,0
552,CASH_IN,299.56,C4706249669,0.0,299.56,C8666074487,29606.24,29606.24,0,0.0,0
142,TRANSFER,805.36,C1067198189,2730.58,1925.22,C8556573246,17557.24,18362.6,0,0.0033333333333333335,0
342,CASH_OUT,5.77,C8779941999,9.87,4.1,C1510289448,577.41,577.41,0,0.02,0
644,CASH_OUT,303.16,C8734449371,269.04,0.0,M5990749811,0.0,0.0,1,0.07333333333333333,0
163,CASH_OUT,1451.12,C3470617247,1821.13,370.01,M5156392601,0.0,0.0,1,0.0,0
499,CASH_OUT,1.0,C5694628398,1.0,0.0,C4873807154,48.77,48.77,0,0.05,0
243,CASH_IN,87.1,C6178804925,14.19,101.29,C2416760621,0.0,0.0,0,0.0033333333333333335,0
368,DEBIT,1.0,C5714169271,0.0,0.0,M1802753761,0.0,0.0,0,0.04,0
560,CASH_OUT,605.62,C5064162365,789.09,183.47,M6992094064,0.0,0.0,1,0.043333333333333335,0
297,CASH_OUT,2313.32,C3532855799,2704.14,390.82,M6011842297,0.0,0.0,1,0.006666666666666667,0
397,TRANSFER,3777.68,C6619138852,3219.52,0.0,M4952177946,0.0,0.0,1,0.7333333333333333,1
298,TRANSFER,7.99,C9463197203,9.86,1.87,C3713284816,0.0,7.99,0,0.17,0
199,PAYMENT,246.38,C5626388820,385.18,138.8,M3846182436,0.0,0.0,0,0.0,0
185,TRANSFER,27355.32,C7088451458,27950.35,595.03,M6820149016,0.0,0.0,1,0.2633333333333333,0
511,PAYMENT,1.0,C8429141456,0.0,0.0,M4892544235,0.0,0.0,0,0.0,0
102,CASH_OUT,14.46,C9929101065,21.47,7.01,C3878201524,2.72,2.72,0,0.0033333333333333335,0
476,PAYMENT,76.02,C9410288290,128.42,52.4,M4390543744,0.0,0.0,0,0.0,0
259,PAYMENT,4018.45,C5856127658,106134.07,102115.62,M6771941776,0.0,0.0,0,0.0,0
617,TRANSFER,4185.61,C1484230338,3808.13,0.0,M1099218439,0.0,0.0,1,0.9466666666666667,1
141,TRANSFER,505.56,C2247484671,95804.4,95298.84,C9305502799,0.0,505.56,0,0.0,0
242,PAYMENT,1.0,C8706093841,0.0,0.0,M8667946580,0.0,0.0,0,0.0,0
105,PAYMENT,190.24,C7579604766,248.64,58.4,M2773408660,0.0,0.0,0,0.0,0
151,TRANSFER,1078.98,C9508499533,919.11,0.0,M2243802345,0.0,0.0,1,0.31,0
653,TRANSFER,1.0,C2458198451,0.0,0.0,C8612747444,0.0,1.0,0,0.23,0
131,PAYMENT,1.0,C9432088993,0.0,0.0,M2136107759,0.0,0.0,0,0.0,0
166,TRANSFER,7945.77,C5829062179,8692.53,746.76,C4097887746,16872.44,24818.21,0,0.0,0
426,CASH_OUT,1.0,C7154795660,0.0,0.0,C7567496105,0.0,0.0,0,0.08666666666666667,0
198,PAYMENT,1.0,C1149460439,0.0,0.0,M4865979921,0.0,0.0,0,0.0,0
479,CASH_OUT,2.23,C2014766981,2.92,0.69,C8380507338,0.0,0.0,0,0.07,0
82,DEBIT,1.0,C7402059279,0.0,0.0,M5919148165,0.0,0.0,0,0.03,0
220,PAYMENT,1.0,C1316756902,0.0,0.0,M3457877922,0.0,0.0,0,0.0,0
432,PAYMENT,7.06,C8943866829,29.14,22.08,M7050091525,0.0,0.0,0,0.0,0
347,PAYMENT,70.97,C2962750929,95.68,24.71,M1368287033,0.0,0.0,0,0.0,0
565,TRANSFER,175.78,C6720572969,149.23,0.0,M3846182436,0.0,0.0,1,0.23,0
471,CASH_OUT,164.42,C7183058541,188.91,24.49,C1817804383,0.0,0.0,0,0.05333333333333334,0
579,TRANSFER,3257.51,C3483827971,3118.61,0.0,M4601406440,0.0,0.0,1,0.9433333333333334,1
106,PAYMENT,562.01,C8133593748,1203.7,641.69,M9441870024,0.0,0.0,0,0.0,0
514,TRANSFER,65.32,C1271730355,92.12,26.8,C7568980185,1.0,1.0,1,0.17333333333333334,0
19,CASH_OUT,869.12,C6995554056,879.98,10.86,C9703905715,16.24,16.24,1,0.006666666666666667,0
593,CASH_OUT,75810.41,C7951902330,96703.82,20893.41,C6425814872,0.0,0.0,0,0.016666666666666666,0
266,CASH_OUT,32.71,C4026113008,57.96,25.25,C9539945315,165.44,165.44,0,0.0,0
393,TRANSFER,196.02,C1489726608,165.44,0.0,M4601406440,0.0,0.0,1,0.23,0
106,PAYMENT,1.0,C1529290976,0.0,0.0,M6999146585,0.0,0.0,0,0.0033333333333333335,0
655,PAYMENT,139.45,C5455441991,424.1,284.65,M5919148165,0.0,0.0,0,0.0,0
554,PAYMENT,97.44,C8991678061,437.72,340.28,M8138332494,0.0,0.0,0,0.0,0
80,CASH_OUT,5285.33,C3424843951,6585.65,1300.32,C7406579219,52.65,52.65,0,0.0,0
263,PAYMENT,11.51,C6237376063,47.83,36.32,M4896576569,0.0,0.0,0,0.0,0
435,CASH_OUT,9056.29,C3952295757,13667.15,4610.86,C9019515562,749.74,749.74,0,0.01,0
574,CASH_OUT,711.91,C4895020135,782.93,71.02,M4160161496,0.0,0.0,1,0.06333333333333334,0
171,TRANSFER,3809.13,C5693307665,3918.0,108.87,C8953726023,166.61,166.61,1,0.09333333333333334,0
712,TRANSFER,3702.03,C7483366056,3950.92,248.89,M6894024976,0.0,0.0,1,0.30666666666666664,0
532,CASH_OUT,1536.88,C9807209816,1367.97,0.0,M7514017540,0.0,0.0,1,0.18333333333333332,0
599,PAYMENT,1.0,C6134840512,0.0,0.0,M1185303518,0.0,0.0,0,0.0,0
73,PAYMENT,81.44,C6640801643,204.79,123.35,M4329446784,0.0,0.0,0,0.0,0
191,PAYMENT,1007.6,C1141312095,1087.24,79.64,M4399143287,0.0,0.0,0,0.0,0
536,PAYMENT,162.27,C4098389895,213.76,51.49,M2228388623,0.0,0.0,0,0.0,0
258,CASH_OUT,1.0,C5694190173,0.0,0.0,C8178927766,0.0,0.0,0,0.02666666666666667,0
51,TRANSFER,2146.21,C2052811909,2009.71,0.0,M6011842297,0.0,0.0,1,0.5866666666666667,1
422,CASH_OUT,10135.7,C9717175839,10950.24,814.54,C2546720356,20.17,20.17,1,0.023333333333333334,0
515,PAYMENT,1.0,C8180620422,0.0,0.0,M2129491690,0.0,0.0,0,0.0,0
653,TRANSFER,4342.91,C8132531532,3862.89,0.0,M5412437658,0.0,0.0,1,0.9433333333333334,1
512,PAYMENT,24.35,C8796293088,52.33,27.98,M3636366799,0.0,0.0,0,0.0,0
288,TRANSFER,3259.67,C2014766981,4460.57,1200.9,M4641902461,0.0,0.0,1,0.21666666666666667,0
80,CASH_OUT,1494.52,C9229469952,1333.53,0.0,M2418407139,0.0,0.0,1,0.05333333333333334,0
642,TRANSFER,2990.83,C1457632732,4029.61,1038.78,M8325043570,0.0,0.0,1,0.31,0
238,CASH_OUT,2420.4,C5714169271,3096.15,675.75,M5194066484,0.0,0.0,1,0.0033333333333333335,0
409,CASH_OUT,489.18,C9691572571,588.91,99.73,C9270323795,20784.57,20784.57,0,0.01,0
508,PAYMENT,2.18,C9370133343,4.74,2.56,M5087280062,0.0,0.0,0,0.0,0
75,TRANSFER,5436.16,C3783009621,4853.42,0.0,M2156184315,0.0,0.0,1,0.8133333333333334,1
188,DEBIT,788.18,C2965254350,2324.07,1535.89,M4689605624,0.0,0.0,0,0.01,0
45,TRANSFER,452.84,C2260326267,501.54,48.7,M4588312351,0.0,0.0,1,0.17,0
540,CASH_OUT,187.98,C4178659381,281.48,93.5,C8178927766,0.0,0.0,0,0.03333333333333333,0
12,CASH_OUT,1.0,C2525930586,0.0,0.0,C2780016559,96.74,96.74,0,0.0033333333333333335,0
129,DEBIT,1.0,C4431078106,0.0,0.0,M8869140487,0.0,0.0,0,0.023333333333333334,0
251,TRANSFER,1.0,C7573442717,0.0,0.0,C3438771483,6.07,7.07,0,0.19666666666666666,0
181,PAYMENT,13.91,C9438411468,23.06,9.15,M7437168216,0.0,0.0,0,0.0,0
605,TRANSFER,1.0,C8763140509,0.0,0.0,C1662259333,8.62,9.62,0,0.20333333333333334,0
622,CASH_OUT,193.84,C6307626407,343.65,149.81,C9392515666,441.31,441.31,0,0.023333333333333334,0
56,TRANSFER,350.81,C2224363672,476.52,125.71,C2428156550,0.0,0.0,1,0.15,0
37,CASH_OUT,267.48,C9467483275,347.03,79.55,M2839566253,0.0,0.0,1,0.0,0
305,TRANSFER,288.66,C6822870815,354.01,65.35,M5325865521,0.0,0.0,1,0.15666666666666668,0
628,CASH_OUT,5264.23,C9343730920,4988.86,0.0,C5175416378,28064.82,28064.82,1,0.14666666666666667,0
410,CASH_OUT,103257.91,C7465834732,106826.92,3569.01,M1306420495,0.0,0.0,1,0.02,0
464,PAYMENT,1593.63,C2268523764,2339.46,745.83,M7570511906,0.0,0.0,0,0.0,0
316,PAYMENT,140.6,C3098948446,156.07,15.47,M4665677395,0.0,0.0,0,0.0,0
41,TRANSFER,1843.96,C1431494396,1849.7,5.74,C9333798503,1.97,1.97,1,0.35,0
529,CASH_OUT,273.47,C7417183769,771.02,497.55,C6012067717,0.0,0.0,0,0.03333333333333333,0
155,PAYMENT,1.0,C2687477596,0.0,0.0,M3660800029,0.0,0.0,0,0.0,0
176,DEBIT,14.54,C3303082117,15.75,1.21,M6651754819,0.0,0.0,0,0.02666666666666667,0
45,PAYMENT,6.35,C7665963761,306.16,299.81,M8030400668,0.0,0.0,0,0.0,0
478,PAYMENT,385.52,C2780136605,668.02,282.5,M5714658227,0.0,0.0,0,0.0,0
65,PAYMENT,1.0,C8380507338,0.0,0.0,M8643636805,0.0,0.0,0,0.0,0
330,TRANSFER,2703.43,C3328710672,2325.3,0.0,M9620935604,0.0,0.0,1,0.72,1
163,CASH_OUT,972.3,C4873807154,1037.6,65.3,M3846182436,0.0,0.0,1,0.0,0
16,PAYMENT,330.58,C1050899550,363.21,32.63,M7678293431,0.0,0.0,0,0.0,0
58,PAYMENT,1.46,C9463197203,1.87,0.41,M8389750357,0.0,0.0,0,0.0,0
344,PAYMENT,4.63,C5269728610,28.98,24.35,M3580582653,0.0,0.0,0,0.0,0
94,TRANSFER,103.73,C6206015111,142.9,39.17,M8044997538,0.0,0.0,1,0.16333333333333333,0
462,TRANSFER,3322.64,C2785736751,3259.1,0.0,C6587537178,0.0,0.0,1,0.8966666666666666,1
678,CASH_OUT,209.4,C7671625956,199.92,0.0,C6789292252,0.0,0.0,1,0.07,0
645,PAYMENT,1.0,C2289624427,0.0,0.0,M2303835765,0.0,0.0,0,0.0,0
588,CASH_OUT,1.0,C1674555072,0.0,0.0,C1798112150,1.05,1.05,0,0.06333333333333334,0
52,PAYMENT,91.89,C5268845844,100.58,8.69,M7764117705,0.0,0.0,0,0.0,0
473,TRANSFER,2563.6,C7645527239,2614.11,50.51,M6011842297,0.0,0.0,1,0.48333333333333334,0
175,CASH_IN,22918.96,C6588252632,0.0,22918.96,C2407863065,222.08,222.08,0,0.0,0
42,CASH_OUT,1.0,C7910817577,0.0,0.0,C9147687657,40.2,40.2,0,0.0,0
85,TRANSFER,934.68,C8750840032,1024.0,89.32,M3156792018,0.0,0.0,1,0.18333333333333332,0
105,DEBIT,1349.19,C7823288650,1710.66,361.47,M6932365592,0.0,0.0,0,0.01,0
6,PAYMENT,1.0,C6711463258,0.0,0.0,M3811254192,0.0,0.0,0,0.0,0
113,PAYMENT,6.71,C9703905715,16.24,9.53,M6200141898,0.0,0.0,0,0.0,0
708,TRANSFER,2.42,C2180484299,8.34,5.92,C4356175095,2.74,5.16,0,0.16666666666666666,0
574,CASH_OUT,4282.19,C9033653743,4762.97,480.78,M7537130187,0.0,0.0,1,0.03,0
295,CASH_OUT,26.47,C6204862411,77.95,51.48,C4242550727,0.0,0.0,0,0.006666666666666667,0
574,TRANSFER,117.76,C2224363672,125.71,7.95,M1357561213,0.0,0.0,1,0.18,0
235,DEBIT,306.43,C6875597607,604.84,298.41,M6771941776,0.0,0.0,0,0.013333333333333334,0
705,PAYMENT,2.46,C2952996248,3.75,1.29,M6011842297,0.0,0.0,0,0.0,0
31,CASH_OUT,685.18,C6698759353,1828.55,1143.37,C2094024844,141.15,141.15,0,0.0033333333333333335,0
321,CASH_OUT,335.8,C6805759868,505.71,169.91,C4530959836,271.62,271.62,0,0.02,0
562,TRANSFER,15.37,C6924716023,57.02,41.65,C4633257620,532.11,547.48,0,0.05,0
480,TRANSFER,690.09,C1050899550,886.52,196.43,C6418365941,1782.33,1782.33,1,0.03333333333333333,0
539,PAYMENT,1.0,C8543865915,1.26,0.26,M3156792018,0.0,0.0,0,0.0,0
97,CASH_OUT,694.42,C3280805846,721.28,26.86,C5774080233,35.24,35.24,1,0.0033333333333333335,0
607,TRANSFER,6316.9,C6443749394,6856.71,539.81,C5182110973,47.85,6364.75,1,0.056666666666666664,0
674,TRANSFER,328.65,C2566942273,452.69,124.04,M6865994703,0.0,0.0,1,0.14666666666666667,0
318,PAYMENT,2.66,C7529817193,12.04,9.38,M7437168216,0.0,0.0,0,0.0,0
598,TRANSFER,3877.48,C3975704877,4306.83,429.35,C6288227800,0.0,3877.48,0,0.056666666666666664,0
568,PAYMENT,1.7,C6620138568,5.69,3.99,M8063693463,0.0,0.0,0,0.0,0
75,PAYMENT,139.12,C9479654136,319.62,180.5,M1343875431,0.0,0.0,0,0.0,0
253,PAYMENT,1.25,C1050899550,196.43,195.18,M7437168216,0.0,0.0,0,0.0,0
486,CASH_OUT,267.31,C7038841740,316.02,48.71,C1862812038,0.0,0.0,1,0.043333333333333335,0
660,PAYMENT,29.1,C1197092148,32.91,3.81,M4460319291,0.0,0.0,0,0.0,0
553,PAYMENT,1.0,C7311011808,1.28,0.28,M3605446007,0.0,0.0,0,0.0,0
232,CASH_OUT,1.0,C6542943838,0.91,0.0,C6714723660,1.0,1.0,0,0.016666666666666666,0
334,TRANSFER,10337.3,C7190276026,12934.97,2597.67,C1233079614,776.18,776.18,1,0.0033333333333333335,0
461,CASH_OUT,953.3,C7369118672,955.71,2.41,C4776436931,61831.17,61831.17,1,0.19,0
135,PAYMENT,1.0,C4431078106,0.0,0.0,M7651029165,0.0,0.0,0,0.0,0
573,PAYMENT,1.0,C1306702926,0.0,0.0,M9581187661,0.0,0.0,0,0.0,0
299,DEBIT,1.0,C9806189256,0.0,0.0,M7928143230,0.0,0.0,0,0.04,0
709,CASH_IN,275.32,C7193532615,18.85,294.17,C4180599722,31.05,31.05,0,0.006666666666666667,0
274,TRANSFER,201.48,C5744003377,205.96,4.48,M8861351706,0.0,0.0,1,0.17333333333333334,0
223,TRANSFER,1.0,C7100408092,0.0,0.0,C2914126243,481.01,482.01,0,0.013333333333333334,0
530,CASH_OUT,4330.61,C6892752604,4582.8,252.19,C4577406847,6.82,6.82,1,0.04,0
690,CASH_OUT,2000.42,C1569113257,2005.34,4.92,M1504729135,0.0,0.0,1,0.09,0
418,CASH_OUT,619.8,C2850820685,613.15,0.0,C9621419224,449.66,449.66,1,0.23,0
608,PAYMENT,21.08,C8880184233,22.74,1.66,M6932365592,0.0,0.0,0,0.0,0
672,CASH_OUT,1.0,C1674555072,0.0,0.0,C1659663750,27.08,27.08,0,0.04666666666666667,0
244,PAYMENT,13.68,C6884882440,20.97,7.29,M4158643786,0.0,0.0,0,0.0,0
258,CASH_OUT,25303.39,C9103115140,28651.65,3348.26,M3534186676,0.0,0.0,1,0.0,0
239,TRANSFER,1.0,C3476426797,0.41,0.0,C1036351450,4.37,5.37,0,0.19333333333333333,0
520,TRANSFER,3737.18,C6098775210,3568.7,0.0,M1185303518,0.0,0.0,1,0.94,1
496,TRANSFER,158.0,C2503068227,324.57,166.57,C9908115095,390.96,548.96,0,0.03333333333333333,0
665,TRANSFER,2649.78,C5751366455,2417.81,0.0,M1096405016,0.0,0.0,1,0.9033333333333333,1
494,PAYMENT,5.55,C9943959352,16.32,10.77,M4665677395,0.0,0.0,0,0.0,0
232,TRANSFER,2.16,C2350701477,2.98,0.82,C7920516981,29.89,32.05,0,0.13,0
84,PAYMENT,7.17,C8001729836,35.23,28.06,M6744039057,0.0,0.0,0,0.0,0
211,CASH_OUT,857.08,C9147687657,990.16,133.08,C9929101065,7.01,7.01,1,0.0,0
223,TRANSFER,2.44,C1594312071,2.74,0.3,C2266622851,19.51,21.95,0,0.17,0
55,PAYMENT,80.22,C7872090713,190.45,110.23,M8740820392,0.0,0.0,0,0.0,0
121,PAYMENT,1.74,C1197092148,3.81,2.07,M8458323087,0.0,0.0,0,0.0,0
199,TRANSFER,3466.12,C2493660313,3721.36,255.24,M1306420495,0.0,0.0,1,0.21666666666666667,0
720,CASH_OUT,69.64,C1230624431,86.34,16.7,C9354711271,0.0,0.0,0,0.03666666666666667,0
358,TRANSFER,193.47,C2439622619,370.76,177.29,C1225953184,0.0,193.47,0,0.016666666666666666,0
476,PAYMENT,20.95,C1195066088,35.16,14.21,M1811839103,0.0,0.0,0,0.0,0
229,CASH_OUT,1.0,C2445662585,2.07,1.07,C9786748825,23.08,23.08,0,0.006666666666666667,0
338,DEBIT,1.0,C6714723660,1.0,0.0,M3831598303,0.0,0.0,0,0.04,0
13,PAYMENT,4824.95,C9715314442,28008.34,23183.39,M8728631945,0.0,0.0,0,0.0,0
702,TRANSFER,431.73,C2745958114,370.42,0.0,C1654602021,111.5,111.5,1,0.12333333333333334,0
699,CASH_IN,1161.97,C2439622619,177.29,1339.26,C2683446724,0.78,0.78,0,0.0,0
227,PAYMENT,20.74,C9245348297,76.36,55.62,M1908459040,0.0,0.0,0,0.0,0
416,CASH_OUT,1.0,C6458544482,0.67,0.0,C6745958212,172.31,172.31,0,0.08666666666666667,0
646,TRANSFER,2767.19,C6069848439,3683.37,916.18,C9945002229,0.0,0.0,1,0.29,0
714,PAYMENT,5222.67,C2877279755,46443.88,41221.21,M7678293431,0.0,0.0,0,0.0,0
178,CASH_OUT,2721.2,C3479708607,2954.17,232.97,C5403510324,16.88,16.88,1,0.0,0
249,DEBIT,14.73,C2670036982,50.36,35.63,M5985331805,0.0,0.0,0,0.016666666666666666,0
635,TRANSFER,359.43,C6110646714,383.18,23.75,M6583604299,0.0,0.0,1,0.17666666666666667,0
516,PAYMENT,207.3,C5416031878,270.26,62.96,M2655546199,0.0,0.0,0,0.0,0
251,PAYMENT,1.0,C2687477596,0.0,0.0,M7713758036,0.0,0.0,0,0.0,0
708,CASH_OUT,2034.11,C8265834251,2105.28,71.17,C6859286614,809.12,809.12,1,0.03666666666666667,0
613,CASH_OUT,2.49,C8997701619,3.19,0.7,C6128695961,0.0,0.0,0,0.04666666666666667,0
542,PAYMENT,421.02,C1257324536,134321.6,133900.58,M1811839103,0.0,0.0,0,0.0,0
176,PAYMENT,1.0,C1099541460,0.0,0.0,M3605446007,0.0,0.0,0,0.0,0
556,PAYMENT,1.0,C8178927766,0.0,0.0,M6820149016,0.0,0.0,0,0.0,0
332,CASH_OUT,8.41,C3293560436,16.93,8.52,C1553753599,2.02,2.02,0,0.013333333333333334,0
614,PAYMENT,1180.84,C7002076563,1298.09,117.25,M4306983924,0.0,0.0,0,0.0,0
566,CASH_OUT,2946.07,C6097953682,2558.05,0.0,C9147736635,0.0,0.0,1,0.18,0
553,CASH_OUT,420.49,C7934137693,485.72,65.23,C4079223686,1212.52,1212.52,0,0.03666666666666667,0
65,DEBIT,1.32,C2295574037,1.54,0.22,M7664045502,0.0,0.0,0,0.02666666666666667,0
540,CASH_OUT,1.0,C3291226621,0.0,0.0,C8675071314,0.0,0.0,0,0.06,0
526,TRANSFER,83.36,C8750840032,89.32,5.96,C1264739091,1.31,1.31,1,0.17333333333333334,0
411,TRANSFER,2.26,C3555656321,5.06,2.8,C2073755632,3.99,6.25,0,0.14,0
347,TRANSFER,1999.5,C6155234610,2660.58,661.08,M8626371177,0.0,0.0,1,0.18333333333333332,0
579,PAYMENT,1.0,C8612747444,1.0,0.0,M7750131975,0.0,0.0,0,0.0,0
462,TRANSFER,364.91,C1110533960,344.54,0.0,C8203447752,4926.38,4926.38,1,0.04666666666666667,0
388,TRANSFER,1.0,C4767539382,0.0,0.0,C4466589567,1375.28,1376.28,0,0.01,0
562,CASH_OUT,4611.09,C4345526911,4102.38,0.0,C7805745017,5474.48,5474.48,1,0.16666666666666666,0
356,PAYMENT,102.68,C3923699745,183.52,80.84,M8276498637,0.0,0.0,0,0.0,0
622,CASH_OUT,54617.75,C5315211627,61375.13,6757.38,M2115862756,0.0,0.0,1,0.01,0
702,TRANSFER,13.41,C3931997465,26.85,13.44,C4939447721,53.4,66.81,0,0.12666666666666668,0
509,TRANSFER,1703.71,C5485387618,1618.94,0.0,M6606958660,0.0,0.0,1,0.54,1
120,CASH_OUT,15082.01,C1276905285,14575.97,0.0,C6392415228,0.0,0.0,1,0.07,0
485,PAYMENT,146.32,C7799567490,450.49,304.17,M1122712790,0.0,0.0,0,0.0,0
217,PAYMENT,1.0,C3738900744,0.0,0.0,M3811254192,0.0,0.0,0,0.0,0
271,TRANSFER,1034.0,C3271361431,990.81,0.0,C6072939882,0.0,0.0,1,0.34,0
661,PAYMENT,9038.94,C4536306171,9984.49,945.55,M6771941776,0.0,0.0,0,0.0,0
404,TRANSFER,4489.22,C8532327465,4228.03,0.0,C2476831585,9275.39,9275.39,1,0.01,0
220,TRANSFER,3002.53,C9354711271,2853.17,0.0,M7951820749,0.0,0.0,1,0.8266666666666667,1
524,PAYMENT,1.0,C7015992643,2.47,1.47,M1466305100,0.0,0.0,0,0.0,0
150,CASH_OUT,2563.36,C4506639908,2698.84,135.48,M3476758136,0.0,0.0,1,0.0033333333333333335,0
622,CASH_OUT,524.78,C9421518487,1601.97,1077.19,C3777580509,0.0,0.0,0,0.02666666666666667,0
709,TRANSFER,1.0,C4783282817,0.0,0.0,C3815287619,0.0,1.0,0,0.21333333333333335,0
137,PAYMENT,117.71,C6246716604,227.19,109.48,M5990749811,0.0,0.0,0,0.0,0
186,TRANSFER,167.44,C8497938394,142.88,0.0,C1589582865,0.0,167.44,1,0.14333333333333334,0
685,TRANSFER,1610.03,C3383331379,1712.75,102.72,C9894847574,0.0,1610.03,0,0.09666666666666666,0
181,CASH_OUT,2535.42,C1569113257,3554.55,1019.13,C2752536389,475.5,475.5,1,0.0033333333333333335,0
636,PAYMENT,1.0,C3163970710,0.0,0.0,M4122901114,0.0,0.0,0,0.0,0
347,CASH_OUT,97.81,C5421592782,105.05,7.24,C4345526911,0.0,0.0,0,0.016666666666666666,0
35,TRANSFER,2.48,C7508080884,3.24,0.76,C3655790301,134.54,137.02,0,0.03,0
232,TRANSFER,2030.37,C5297902885,2257.57,227.2,M1368287033,0.0,0.0,1,0.2,0
98,PAYMENT,214.59,C9094089209,442.15,227.56,M9558906999,0.0,0.0,0,0.0,0
504,PAYMENT,1.0,C8137764127,0.0,0.0,M3192202822,0.0,0.0,0,0.0,0
450,PAYMENT,1.0,C5294535887,0.0,0.0,M3495411322,0.0,0.0,0,0.0,0
36,TRANSFER,1.0,C1383539822,0.0,0.0,C4794276323,61.16,62.16,0,0.12333333333333334,0
524,CASH_OUT,1421.29,C7505693643,1313.47,0.0,M9933702652,0.0,0.0,1,0.19,0
356,PAYMENT,1056.96,C2068687175,7798.23,6741.27,M8548290298,0.0,0.0,0,0.0,0
113,PAYMENT,1.0,C7471636437,0.0,0.0,M8768773991,0.0,0.0,0,0.0,0
232,CASH_IN,1229.62,C6110646714,23.75,1253.37,C8118065825,8.39,8.39,0,0.0,0
28,PAYMENT,1.0,C9343730920,0.0,0.0,M2625035499,0.0,0.0,0,0.0,0
271,TRANSFER,107.56,C5162260671,106.41,0.0,M7192742877,0.0,0.0,1,0.24333333333333335,0
457,TRANSFER,57.22,C9147687657,133.08,75.86,C3655790301,137.02,194.24,0,0.06333333333333334,0
593,CASH_OUT,348.09,C6477862024,419.68,71.59,M8869140487,0.0,0.0,1,0.03666666666666667,0
213,TRANSFER,3366.75,C8086684009,61590.35,58223.6,C5135595227,0.0,3366.75,0,0.0,0
454,PAYMENT,21.01,C1717346250,49.46,28.45,M6282009986,0.0,0.0,0,0.0,0
493,PAYMENT,99.8,C5759234471,108.1,8.3,M3965860354,0.0,0.0,0,0.0,0
314,CASH_OUT,2.27,C7227593033,9.72,7.45,C5272119095,17571.76,17571.76,0,0.0,0
74,PAYMENT,1.68,C1430073711,2.57,0.89,M6384311581,0.0,0.0,0,0.0,0
298,PAYMENT,1.0,C1561417687,0.0,0.0,M2115406331,0.0,0.0,0,0.0,0
165,PAYMENT,3.87,C3149533961,11.6,7.73,M5937271321,0.0,0.0,0,0.0,0
225,TRANSFER,4408.5,C2785736751,4512.26,103.76,C4131575764,858.78,858.78,1,0.03,0
123,CASH_OUT,4255.02,C2139078760,3971.51,0.0,M1185303518,0.0,0.0,1,0.043333333333333335,0
608,CASH_OUT,1551.32,C8285786023,1383.3,0.0,C7296658772,1350.61,1350.61,1,0.12666666666666668,0
621,TRANSFER,2130.18,C2176904638,1995.53,0.0,C1625217504,47.85,47.85,1,0.6466666666666666,1
443,PAYMENT,1946.9,C2308496151,79795.85,77848.95,M8768773991,0.0,0.0,0,0.0,0
550,DEBIT,15.07,C6928691380,54.44,39.37,M2518433834,0.0,0.0,0,0.02666666666666667,0
648,CASH_IN,1131.69,C4928783441,0.0,1131.69,C7784217828,0.0,0.0,0,0.0,0
531,PAYMENT,1.0,C7671041685,0.0,0.0,M6130446648,0.0,0.0,0,0.0,0
185,CASH_OUT,1.0,C5212581851,0.0,0.0,C6557907251,234.46,234.46,0,0.0,0
554,PAYMENT,10.31,C6336171726,13933.47,13923.16,M6744039057,0.0,0.0,0,0.0,0
705,PAYMENT,50.69,C9691572571,99.73,49.04,M7341757401,0.0,0.0,0,0.0,0
326,TRANSFER,68.52,C9597198563,173.47,104.95,C5129478722,355.44,423.96,0,0.0,0
459,PAYMENT,1.0,C6496596008,0.0,0.0,M7717262223,0.0,0.0,0,0.0,0
415,CASH_OUT,84.0,C9455610447,393.45,309.45,C8102515984,0.0,0.0,0,0.03666666666666667,0
37,CASH_OUT,920.28,C5751366455,815.41,0.0,C4248149900,0.41,0.41,1,0.07,0
458,CASH_IN,17613.17,C1795212538,0.16,17613.33,C8203447752,4926.38,4926.38,0,0.0,0
9,TRANSFER,3706.59,C8441393731,10974.49,7267.9,C8208584394,14.93,3721.52,0,0.006666666666666667,0
574,CASH_OUT,1.0,C3774110439,0.0,0.0,C2752536389,475.5,475.5,0,0.06333333333333334,0
583,DEBIT,1.0,C7824150224,0.0,0.0,M7270955446,0.0,0.0,0,0.04666666666666667,0
158,TRANSFER,1.0,C1862812038,0.0,0.0,C5751366455,0.0,1.0,0,0.21666666666666667,0
326,DEBIT,26.44,C4550353803,55.09,28.65,M6515490818,0.0,0.0,0,0.02,0
290,PAYMENT,76.1,C7666129822,124.33,48.23,M4122901114,0.0,0.0,0,0.0,0
587,PAYMENT,1.0,C5508149905,0.0,0.0,M5270048042,0.0,0.0,0,0.0,0
591,CASH_OUT,29.46,C2633177480,33.14,3.68,C2515672889,24.29,24.29,0,0.03666666666666667,0
570,PAYMENT,1.0,C8325222092,0.0,0.0,M3208200227,0.0,0.0,0,0.0,0
627,PAYMENT,7.26,C3918046336,14.13,6.87,M9068916300,0.0,0.0,0,0.0,0
428,TRANSFER,2.84,C5748253283,4.57,1.73,C8390631634,148881.42,148884.26,0,0.0,0
15,TRANSFER,726.13,C9434946584,784.66,58.53,C7464468567,64.91,791.04,0,0.006666666666666667,0
442,CASH_OUT,3051.54,C9484167278,3101.47,49.93,M5412437658,0.0,0.0,1,0.11333333333333333,0
717,CASH_OUT,107405.9,C2317723211,93728.34,0.0,M3297681898,0.0,0.0,1,0.16666666666666666,0
391,CASH_OUT,3930.36,C8796286443,3288.44,0.0,M1199447370,0.0,0.0,1,0.13333333333333333,0
545,TRANSFER,385.18,C4508521152,479.57,94.39,C9218363978,4.13,389.31,0,0.07,0
547,TRANSFER,1.0,C9677466102,0.0,0.0,C1590985753,18361.71,18362.71,0,0.0033333333333333335,0
655,PAYMENT,19.24,C6892752604,252.19,232.95,M8790289305,0.0,0.0,0,0.0,0
96,CASH_OUT,95.18,C4660390742,105.28,10.1,M9590331226,0.0,0.0,1,0.0033333333333333335,0
531,TRANSFER,1.0,C1306702926,0.0,0.0,C5868640848,3.46,4.46,0,0.21666666666666667,0
478,PAYMENT,15500.7,C1749459431,16895.0,1394.3,M3208200227,0.0,0.0,0,0.0,0
101,CASH_OUT,71.14,C9376711497,122.9,51.76,C8370987661,0.0,0.0,0,0.006666666666666667,0
5,TRANSFER,12969.29,C9270323795,20784.57,7815.28,C8285000265,7.96,12977.25,0,0.01,0
91,PAYMENT,24.27,C7920516981,32.05,7.78,M7340036327,0.0,0.0,0,0.0,0
655,TRANSFER,1.0,C6173344564,0.0,0.0,C4067213499,16.99,17.99,0,0.2,0
115,PAYMENT,407.1,C2439622619,1339.26,932.16,M4601406440,0.0,0.0,0,0.0,0
307,PAYMENT,873.98,C3465740756,3269.06,2395.08,M1185303518,0.0,0.0,0,0.0,0
716,PAYMENT,3.99,C7010379415,7.61,3.62,M3495411322,0.0,0.0,0,0.0,0
190,CASH_OUT,25.44,C2635231601,34.12,8.68,C4046558332,3.85,3.85,0,0.006666666666666667,0
4,TRANSFER,82738.11,C3869963931,109724.07,26985.96,C9196564761,0.0,0.0,1,0.13333333333333333,0
200,PAYMENT,1.0,C7070083150,0.0,0.0,M3223687972,0.0,0.0,0,0.0,0
406,TRANSFER,1.0,C3965572185,0.0,0.0,C8902114913,75.81,76.81,0,0.12333333333333334,0
275,PAYMENT,32.79,C1696846464,35.16,2.37,M2391874847,0.0,0.0,0,0.0,0
601,PAYMENT,37.57,C7685540186,95.94,58.37,M2778069478,0.0,0.0,0,0.0,0
196,PAYMENT,1818.76,C2924568778,4868.32,3049.56,M2778069478,0.0,0.0,0,0.0,0
33,PAYMENT,24.99,C4877520294,47.15,22.16,M9523139706,0.0,0.0,0,0.0,0
104,TRANSFER,1.0,C8285786023,0.0,0.0,C9741628563,14.34,15.34,0,0.19333333333333333,0
207,PAYMENT,1.0,C4783282817,0.0,0.0,M1413599241,0.0,0.0,0,0.0,0
270,CASH_OUT,100.65,C5870268582,114.02,13.37,C6156843353,34.31,34.31,0,0.0033333333333333335,0
152,TRANSFER,52.64,C7685540186,58.37,5.73,C9660523876,383.6,436.24,1,0.006666666666666667,0
153,CASH_OUT,566.4,C6046864799,652.06,85.66,M7366396017,0.0,0.0,1,0.0033333333333333335,0
225,CASH_OUT,1216.94,C1005502537,1271.43,54.49,C1798112150,1.05,1.05,1,0.0,0
191,PAYMENT,5.48,C4820055862,14.07,8.59,M7928143230,0.0,0.0,0,0.0,0
227,PAYMENT,4.84,C5569295400,445.63,440.79,M5714658227,0.0,0.0,0,0.0,0
689,PAYMENT,1.0,C3047869247,0.0,0.0,M1357561213,0.0,0.0,0,0.0,0
459,DEBIT,4.75,C1494287462,6.18,1.43,M2586712032,0.0,0.0,0,0.04,0
109,PAYMENT,1.0,C6942989052,0.0,0.0,M6101516825,0.0,0.0,0,0.0033333333333333335,0
551,PAYMENT,1.0,C3553440342,0.0,0.0,M9398575277,0.0,0.0,0,0.0,0
54,CASH_OUT,3.56,C5118430494,6.54,2.98,C4037270171,8507.04,8507.04,0,0.0,0
540,PAYMENT,1.0,C8734449371,0.0,0.0,M6200141898,0.0,0.0,0,0.0,0
677,CASH_OUT,531.13,C2914126243,482.01,0.0,M8727805468,0.0,0.0,1,0.13,0
399,CASH_IN,36352.14,C3612617557,1.0,36353.14,C4325878813,167.22,167.22,0,0.0,0
392,CASH_OUT,4099.66,C5638860656,3787.59,0.0,C8982597239,678.83,678.83,1,0.11666666666666667,0
222,PAYMENT,120.11,C9309500117,175.55,55.44,M6932365592,0.0,0.0,0,0.0,0
500,CASH_OUT,1.0,C2578662692,1.0,0.0,C6334440295,1012.86,1012.86,0,0.04666666666666667,0
655,CASH_OUT,5580.42,C9661615016,4945.13,0.0,C3783290795,82.55,82.55,1,0.2,0
120,PAYMENT,439.47,C8934097788,641.45,201.98,M9921025990,0.0,0.0,0,0.0,0
168,CASH_IN,101855.9,C3207160929,0.0,101855.9,C3108307952,9334.02,9334.02,0,0.0,0
157,CASH_OUT,2642.69,C4482141802,3209.62,566.93,M9444143872,0.0,0.0,1,0.0,0
487,CASH_OUT,876.47,C2670036982,1007.96,131.49,M5270048042,0.0,0.0,1,0.04666666666666667,0
189,PAYMENT,1.0,C1707196784,0.0,0.0,M9410569618,0.0,0.0,0,0.0,0
414,PAYMENT,1.0,C8275679594,0.0,0.0,M4242579642,0.0,0.0,0,0.0,0
373,CASH_IN,243.46,C7340498236,1220.86,1464.32,C5375461598,2.76,2.76,0,0.0,0
623,PAYMENT,1.0,C6142469284,0.0,0.0,M1240140248,0.0,0.0,0,0.0,0
210,TRANSFER,196.88,C9863781331,255.49,58.61,C5483308751,0.0,0.0,1,0.16,0
648,CASH_OUT,58547.9,C3694860228,65697.85,7149.95,C2076341629,1.0,1.0,1,0.013333333333333334,0
528,CASH_OUT,107.17,C3891796055,104.98,0.0,M9026301048,0.0,0.0,1,0.07,0
157,PAYMENT,1596.31,C6877052039,78376.2,76779.89,M6558769264,0.0,0.0,0,0.0,0
719,CASH_OUT,4.81,C2818381356,9.91,5.1,C1470939445,71.71,71.71,0,0.03333333333333333,0
130,CASH_OUT,1.0,C4040409964,0.0,0.0,C2493660313,255.24,255.24,0,0.0033333333333333335,0
549,TRANSFER,864.44,C5077921573,1923.59,1059.15,C4683585586,0.0,864.44,0,0.06,0
714,CASH_OUT,727.13,C9730449971,750.46,23.33,M1783432867,0.0,0.0,1,0.03,0
590,CASH_OUT,67.51,C6929897032,62.08,0.0,C9981691030,29.34,29.34,1,0.06,0
503,TRANSFER,2.35,C5868640848,4.46,2.11,C6732648420,82.98,85.33,0,0.13666666666666666,0
18,CASH_OUT,1.0,C2878930355,0.0,0.0,C8532327465,0.0,0.0,0,0.0033333333333333335,0
600,CASH_OUT,18503.89,C4231729466,23860.73,5356.84,C4403845222,0.0,0.0,0,0.013333333333333334,0
196,TRANSFER,1.44,C8719734235,4.75,3.31,C1730074215,10.03,11.47,0,0.13666666666666666,0
292,CASH_OUT,2274.57,C1674755608,3084.86,810.29,C4102872611,0.0,0.0,1,0.006666666666666667,0
400,CASH_OUT,70.26,C1050899550,195.18,124.92,C7633342225,0.46,0.46,0,0.01,0
549,CASH_OUT,555.06,C7287517250,539.76,0.0,M6515490818,0.0,0.0,1,0.13666666666666666,0
407,PAYMENT,3.26,C6620138568,3.99,0.73,M6651020291,0.0,0.0,0,0.0,0
386,CASH_OUT,132.2,C4037867512,170.19,37.99,M3566125120,0.0,0.0,1,0.016666666666666666,0
170,PAYMENT,1.0,C4531928910,0.0,0.0,M8083396378,0.0,0.0,0,0.0,0
475,PAYMENT,787.09,C4308701294,37551.8,36764.71,M7437168216,0.0,0.0,0,0.0,0
147,CASH_OUT,29655.04,C4927019611,37216.35,7561.31,C7472806994,346.6,346.6,0,0.0,0
118,PAYMENT,1.07,C7710396573,87.75,86.68,M7948094928,0.0,0.0,0,0.0,0
353,TRANSFER,1.0,C9903351330,0.0,0.0,C7665963761,299.81,300.81,0,0.01,0
101,PAYMENT,1.39,C8441393731,7267.9,7266.51,M3019265031,0.0,0.0,0,0.0,0
568,CASH_OUT,1.0,C7337225482,0.0,0.0,C5659161352,167.87,167.87,0,0.05333333333333334,0
190,CASH_OUT,2.25,C3421719519,3.51,1.26,C5633956194,0.0,0.0,0,0.01,0
120,PAYMENT,434.03,C2349406919,86157.86,85723.83,M1306420495,0.0,0.0,0,0.0,0
159,PAYMENT,1.0,C9463197203,0.41,0.0,M3317856944,0.0,0.0,0,0.0,0
388,CASH_OUT,83.2,C1945826486,144.47,61.27,C5689870435,1.26,1.26,0,0.013333333333333334,0
420,CASH_IN,34.42,C8047877267,7.57,41.99,C5536224717,0.0,0.0,0,0.01,0
66,PAYMENT,89.51,C2407863065,222.08,132.57,M1096405016,0.0,0.0,0,0.0,0
417,CASH_OUT,1.0,C2537965898,1.28,0.28,C9503597301,2794.47,2794.47,0,0.06333333333333334,0
561,PAYMENT,7.68,C9786748825,23.08,15.4,M8443061472,0.0,0.0,0,0.0,0
636,CASH_OUT,234.95,C6169243284,273.97,39.02,C9539945315,165.44,165.44,1,0.03,0
571,PAYMENT,40.07,C7393195616,93.54,53.47,M5000316394,0.0,0.0,0,0.0,0
635,PAYMENT,107.63,C6655089949,251.87,144.24,M7512767226,0.0,0.0,0,0.0,0
339,TRANSFER,19.74,C2067970820,30.49,10.75,C8274219704,0.0,19.74,0,0.15,0
310,TRANSFER,3617.36,C2994056084,4209.5,592.14,C1004665657,0.0,0.0,1,0.21666666666666667,0
442,CASH_OUT,1.0,C5461537013,0.04,0.0,C9547119184,0.0,0.0,0,0.09666666666666666,0
250,CASH_OUT,249.49,C2984460654,237.48,0.0,M8768773991,0.0,0.0,1,0.03666666666666667,0
292,PAYMENT,23.15,C4026113008,25.25,2.1,M7713758036,0.0,0.0,0,0.0,0
649,PAYMENT,92.06,C4325878813,167.22,75.16,M9977193987,0.0,0.0,0,0.0,0
141,CASH_OUT,1986.44,C7015992643,1759.03,0.0,M5869990861,0.0,0.0,1,0.05,0
338,CASH_IN,301.9,C5728897164,248.61,550.51,C6098775210,0.0,0.0,0,0.0,0
583,TRANSFER,4851.69,C9806189256,4230.53,0.0,C9702693937,631.4,631.4,1,0.43,0
455,TRANSFER,9397.84,C2020395327,11573.63,2175.79,C4026379752,0.0,9397.84,0,0.016666666666666666,0
694,PAYMENT,13905.9,C4181102664,26381.58,12475.68,M2155671697,0.0,0.0,0,0.0,0
603,DEBIT,3.05,C7092693247,11.83,8.78,M5734228580,0.0,0.0,0,0.03,0
294,CASH_IN,19273.41,C3142452709,0.0,19273.41,C6186758088,0.0,0.0,0,0.0,0
511,TRANSFER,1.0,C7631970791,0.0,0.0,C2866092821,8180.13,8181.13,0,0.016666666666666666,0
119,TRANSFER,38.23,C2178884276,101.61,63.38,C7805745017,5474.48,5512.71,0,0.0033333333333333335,0
29,CASH_OUT,84.95,C5092199300,133.88,48.93,C4227004325,0.0,0.0,0,0.006666666666666667,0
288,TRANSFER,48.15,C8199372599,52.11,3.96,M9625656293,0.0,0.0,1,0.17,0
22,PAYMENT,1.0,C5212581851,0.0,0.0,M7928143230,0.0,0.0,0,0.0,0
629,TRANSFER,223.7,C6572436051,445.2,221.5,C5862655247,14.42,238.12,0,0.056666666666666664,0
161,TRANSFER,315.83,C2099184899,386.74,70.91,M8910440683,0.0,0.0,1,0.14666666666666667,0
134,PAYMENT,1.0,C3716924538,0.0,0.0,M9900829971,0.0,0.0,0,0.0,0
337,CASH_OUT,5.06,C8257484586,10.39,5.33,C5911625145,0.0,0.0,0,0.013333333333333334,0
435,TRANSFER,27727.15,C7536876169,42218.96,14491.81,C9516893896,454.23,28181.38,0,0.0,0
322,TRANSFER,4624.9,C5407856339,3871.86,0.0,C9410288290,52.4,52.4,1,0.5233333333333333,1
361,PAYMENT,1.0,C6961554653,0.0,0.0,M4892544235,0.0,0.0,0,0.0,0
322,CASH_OUT,1.0,C8182649048,0.96,0.0,C4509456565,38.27,38.27,0,0.016666666666666666,0
622,CASH_OUT,2752.25,C9957643727,2891.25,139.0,C9484167278,49.93,49.93,1,0.02,0
159,CASH_OUT,5527.26,C1207916194,4737.38,0.0,C8706093841,0.0,0.0,1,0.043333333333333335,0
398,TRANSFER,500.85,C9546021691,592.12,91.27,M2115406331,0.0,0.0,1,0.16666666666666666,0
297,PAYMENT,344.01,C5829062179,746.76,402.75,M1306420495,0.0,0.0,0,0.0,0
251,CASH_OUT,186.36,C4647891535,243.57,57.21,C7671041685,0.0,0.0,0,0.0033333333333333335,0
68,TRANSFER,209.48,C5067116918,282.6,73.12,C8854238082,17.07,226.55,0,0.056666666666666664,0
468,TRANSFER,110.4,C6329323383,125.31,14.91,M9523139706,0.0,0.0,1,0.17,0
474,PAYMENT,1.0,C5483308751,0.0,0.0,M2711123163,0.0,0.0,0,0.0,0
352,CASH_OUT,56693.19,C6491309593,88105.71,31412.52,C3482206102,0.02,0.02,0,0.0033333333333333335,0
420,PAYMENT,4.34,C6171239466,28.76,24.42,M6606958660,0.0,0.0,0,0.0,0
570,PAYMENT,235.42,C3639796200,327.14,91.72,M3831598303,0.0,0.0,0,0.0,0
405,TRANSFER,2936.15,C5694628398,3334.79,398.64,M1466305100,0.0,0.0,1,0.23666666666666666,0
510,PAYMENT,1.0,C1124331395,0.0,0.0,M7664045502,0.0,0.0,0,0.0,0
133,CASH_IN,2413.24,C4847761430,0.0,2413.24,C3768901084,16046.23,16046.23,0,0.0,0
514,TRANSFER,147.9,C2094024844,141.15,0.0,C3316787198,330.06,330.06,1,0.09666666666666666,0
672,CASH_IN,5365.82,C1446457642,23.87,5389.69,C6246716604,109.48,109.48,0,0.0,0
237,CASH_OUT,520.39,C6168291913,527.94,7.55,C1036351450,5.37,5.37,1,0.05,0
553,TRANSFER,1453.93,C1667483244,1926.92,472.99,C4820055862,8.59,8.59,1,0.22,0
176,TRANSFER,2475.11,C5935852056,3042.71,567.6,M6820149016,0.0,0.0,1,0.13666666666666666,0
648,TRANSFER,1.0,C8076527214,0.0,0.0,C4073772623,13.59,14.59,0,0.2,0
374,PAYMENT,1.0,C2687477596,0.0,0.0,M8443061472,0.0,0.0,0,0.0,0
569,TRANSFER,233.06,C5862655247,238.12,5.06,M8058679999,0.0,0.0,1,0.17666666666666667,0
198,CASH_OUT,1028.22,C6544063167,883.04,0.0,M5325865521,0.0,0.0,1,0.07333333333333333,0
407,PAYMENT,1.0,C6797436140,0.0,0.0,M4665677395,0.0,0.0,0,0.0,0
575,CASH_OUT,703.98,C6859286614,809.12,105.14,C7640122370,6.49,6.49,1,0.056666666666666664,0
110,PAYMENT,338.2,C7292076361,482.4,144.2,M7750131975,0.0,0.0,0,0.0033333333333333335,0
601,CASH_OUT,6.78,C4682870880,10.08,3.3,C8252816758,785.01,785.01,0,0.05,0
469,PAYMENT,1.0,C8015775567,0.0,0.0,M1694904767,0.0,0.0,0,0.0,0
187,PAYMENT,1.0,C7852415525,1.1,0.1,M9441870024,0.0,0.0,0,0.0,0
502,CASH_OUT,578.02,C4277581356,988.39,410.37,C3975704877,429.35,429.35,0,0.023333333333333334,0
400,TRANSFER,662.3,C9717175839,814.54,152.24,M5959736235,0.0,0.0,1,0.10666666666666667,0
332,PAYMENT,18.4,C4877520294,22.16,3.76,M5985331805,0.0,0.0,0,0.0,0
692,TRANSFER,3042.08,C2405746777,4044.67,1002.59,M5990749811,0.0,0.0,1,0.2966666666666667,0
485,DEBIT,1584.72,C1551395583,20089.14,18504.42,M3438830691,0.0,0.0,0,0.023333333333333334,0
298,PAYMENT,106.84,C8106401208,434.35,327.51,M8646369354,0.0,0.0,0,0.0,0
406,CASH_OUT,1368.84,C7757700186,1262.45,0.0,C4526242854,0.0,0.0,1,0.14,0
330,TRANSFER,1.0,C2094024844,0.0,0.0,C8880184233,1.66,2.66,0,0.22,0
441,TRANSFER,4.26,C2072355594,10.63,6.37,C6418365941,1782.33,1786.59,0,0.04666666666666667,0
666,CASH_OUT,366.23,C8184602688,678.04,311.81,C5474951950,358.96,358.96,0,0.016666666666666666,0
264,PAYMENT,1.37,C6466597005,3.47,2.1,M2571632270,0.0,0.0,0,0.0,0
448,CASH_OUT,551.18,C1457632732,1038.78,487.6,C8057994126,51931.4,51931.4,0,0.05,0
430,CASH_IN,11483.81,C5673482258,0.0,11483.81,C7645527239,50.51,50.51,0,0.0,0
315,TRANSFER,1941.65,C8377088167,2145.71,204.06,C9451577335,334.91,2276.56,0,0.0033333333333333335,0
168,TRANSFER,10893.48,C1257324536,133900.58,123007.1,C7539399243,0.0,10893.48,0,0.013333333333333334,0
560,TRANSFER,4064.25,C5476654128,3979.81,0.0,C9033653743,480.78,480.78,1,0.48333333333333334,0
138,TRANSFER,1385.46,C3815389788,5714.08,4328.62,C3480920839,53.57,1439.03,0,0.0033333333333333335,0
270,PAYMENT,3033.24,C6043349038,4400.18,1366.94,M3705237613,0.0,0.0,0,0.0,0
488,CASH_IN,991.86,C7430757004,53.37,1045.23,C5569145346,0.0,0.0,0,0.0,0
198,CASH_IN,102844.37,C2082326234,42.25,102886.62,C2965164102,48748.5,48748.5,0,0.0,0
110,PAYMENT,17.4,C5879617459,52.19,34.79,M3192202822,0.0,0.0,0,0.0,0
653,TRANSFER,4874.39,C1471997674,4099.89,0.0,M5734228580,0.0,0.0,1,0.9433333333333334,1
262,CASH_IN,133017.51,C4482141802,566.93,133584.44,C2350701477,0.82,0.82,0,0.0,0
241,TRANSFER,324.8,C6754503097,278.14,0.0,M3595066420,0.0,0.0,1,0.23666666666666666,0
717,PAYMENT,10.54,C5694628398,398.64,388.1,M6313472215,0.0,0.0,0,0.0,0
273,TRANSFER,1.0,C8948573913,0.0,0.0,C8131923452,81.2,82.2,0,0.12,0
16,TRANSFER,2761.4,C3271361431,2328.47,0.0,M6846530109,0.0,0.0,1,0.6933333333333334,1
615,PAYMENT,2.01,C4022360089,3.73,1.72,M8458323087,0.0,0.0,0,0.0,0
679,TRANSFER,816.97,C5077921573,1059.15,242.18,C9645619869,0.0,816.97,0,0.043333333333333335,0
353,TRANSFER,1.0,C7088949191,0.0,0.0,C3716924538,0.0,1.0,0,0.22,0
76,PAYMENT,2.28,C4882343658,4.23,1.95,M3605446007,0.0,0.0,0,0.0,0
225,CASH_IN,29146.73,C5588254555,37.54,29184.27,C4310415016,0.0,0.0,0,0.0,0
502,CASH_IN,25262.09,C3438771483,7.07,25269.16,C8997701619,0.7,0.7,0,0.0,0
500,PAYMENT,5.8,C9673185158,91.62,85.82,M5315720088,0.0,0.0,0,0.0,0
77,PAYMENT,134.41,C4015479599,626.63,492.22,M6313472215,0.0,0.0,0,0.0,0
520,PAYMENT,1.0,C5036200310,0.0,0.0,M9065458220,0.0,0.0,0,0.0,0
253,TRANSFER,1256.32,C2654584280,1351.02,94.7,M6558769264,0.0,0.0,1,0.19666666666666666,0
270,DEBIT,1.0,C7174772035,0.0,0.0,M9021793855,0.0,0.0,0,0.03666666666666667,0
383,TRANSFER,6.43,C9943959352,10.77,4.34,C7406579219,52.65,59.08,0,0.1,0
285,TRANSFER,1628.18,C7420493866,1516.72,0.0,C9660523876,436.24,2064.42,1,0.03333333333333333,0
375,CASH_OUT,3527.49,C2351531223,4636.9,1109.41,M3846182436,0.0,0.0,1,0.01,0
159,PAYMENT,3.28,C5336127859,5.8,2.52,M3846182436,0.0,0.0,0,0.0,0
720,TRANSFER,404.61,C7430757004,1045.23,640.62,C1245522987,0.0,404.61,0,0.06,0
110,TRANSFER,2.07,C2771211118,2.85,0.78,C6691628146,0.0,2.07,0,0.18333333333333332,0
562,CASH_OUT,1750.78,C3722583581,2082.95,332.17,C8252045593,12360.88,12360.88,0,0.006666666666666667,0
200,CASH_OUT,10049.2,C3866755218,9111.32,0.0,M6932365592,0.0,0.0,1,0.09666666666666666,0
633,CASH_OUT,4221.38,C8684026200,5014.07,792.69,C6756711494,0.0,0.0,1,0.03,0
431,PAYMENT,118.69,C3722583581,332.17,213.48,M3469205576,0.0,0.0,0,0.0,0
53,TRANSFER,1537.33,C7403028869,2184.96,647.63,C2867302554,253.94,253.94,1,0.013333333333333334,0
301,PAYMENT,57.73,C3102209245,86.54,28.81,M4329446784,0.0,0.0,0,0.0,0
264,TRANSFER,93845.15,C2349406919,85723.83,0.0,C3995732958,419.31,419.31,1,0.3,0
709,CASH_IN,50688.07,C3380064537,53.94,50742.01,C5993571693,314.57,314.57,0,0.0,0
413,CASH_OUT,1.0,C2940955281,0.0,0.0,C4130305126,639.89,639.89,0,0.11,0
534,PAYMENT,349.45,C8832617672,475.54,126.09,M9916475897,0.0,0.0,0,0.0,0
426,CASH_OUT,1675.03,C9744120054,1712.67,37.64,C8252045593,12360.88,12360.88,1,0.06333333333333334,0
454,TRANSFER,520.48,C1730074215,460.74,0.0,M3636366799,0.0,0.0,1,0.23,0
505,TRANSFER,1.03,C5600836559,1.42,0.39,C2633177480,3.68,4.71,0,0.19333333333333333,0
26,PAYMENT,13.17,C6844582171,16.4,3.23,M6401844042,0.0,0.0,0,0.0,0
485,CASH_OUT,169.37,C9581991473,469.69,300.32,C4990452762,92.82,92.82,0,0.03,0
666,TRANSFER,1.52,C2962491159,1.89,0.37,C4524233168,807.64,809.16,0,0.07666666666666666,0
507,TRANSFER,1.0,C5489485517,0.0,0.0,C9309500117,55.44,56.44,0,0.17,0
677,TRANSFER,1208.25,C1036351450,1323.73,115.48,M3119908041,0.0,0.0,1,0.24,0
142,TRANSFER,1.0,C6955593943,0.0,0.0,C6289150149,0.0,1.0,0,0.21666666666666667,0
224,TRANSFER,46.49,C8832617672,126.09,79.6,C2181241943,18.84,65.33,0,0.12,0
565,DEBIT,4.28,C1361845490,5.87,1.59,M6401844042,0.0,0.0,0,0.04,0
16,TRANSFER,44113.73,C2877279755,41221.21,0.0,C7818568548,10168.35,10168.35,1,0.04666666666666667,0
101,PAYMENT,1.0,C7824150224,0.0,0.0,M5087280062,0.0,0.0,0,0.0,0
279,PAYMENT,1.0,C4248149900,0.41,0.0,M8548290298,0.0,0.0,0,0.0,0
382,TRANSFER,2424.13,C8033062794,3195.63,771.5,C7660157097,165230.97,165230.97,1,0.0,0
692,PAYMENT,530.4,C1958682846,623.66,93.26,M8858274691,0.0,0.0,0,0.0,0
272,CASH_IN,277.22,C1083651970,20.89,298.11,C5673482258,11483.81,11483.81,0,0.0,0
389,CASH_IN,75411.84,C6288227800,3877.48,79289.32,C7467073633,5.57,5.57,0,0.0,0
528,CASH_OUT,3235.44,C8331319481,2890.95,0.0,M3438830691,0.0,0.0,1,0.19333333333333333,0
314,PAYMENT,1.0,C6037168610,0.0,0.0,M1096405016,0.0,0.0,0,0.0,0
217,PAYMENT,21.78,C4096932037,45.9,24.12,M4522855590,0.0,0.0,0,0.0,0
95,DEBIT,5.76,C8281641403,21.7,15.94,M9900829971,0.0,0.0,0,0.02,0
701,PAYMENT,192.02,C7525240100,297.94,105.92,M2187592160,0.0,0.0,0,0.0,0
13,PAYMENT,1.0,C8243746556,0.0,0.0,M9900829971,0.0,0.0,0,0.0,0
173,CASH_OUT,1.0,C8236980551,0.0,0.0,C3887823121,384.11,384.11,0,0.0033333333333333335,0
556,TRANSFER,3.86,C8257484586,5.33,1.47,C3598862507,0.0,3.86,0,0.18333333333333332,0
161,TRANSFER,3080.76,C6910112521,3374.31,293.55,M1466305100,0.0,0.0,1,0.18333333333333332,0
678,PAYMENT,116.54,C5829062179,402.75,286.21,M6651020291,0.0,0.0,0,0.0,0
38,CASH_OUT,1.0,C9343730920,0.0,0.0,C4993808565,3.97,3.97,0,0.0033333333333333335,0
355,CASH_OUT,1.75,C9379439373,3.01,1.26,C9136780852,111.1,111.1,0,0.01,0
447,CASH_OUT,1.0,C1225447588,0.0,0.0,C9697354961,65.89,65.89,0,0.08,0
440,TRANSFER,5895.87,C3694860228,7149.95,1254.08,M6606958660,0.0,0.0,1,0.30333333333333334,0
240,PAYMENT,1215.94,C1290050198,5134.72,3918.78,M4158643786,0.0,0.0,0,0.0,0
107,CASH_OUT,1.0,C2073108894,0.0,0.0,C1173215225,0.0,0.0,0,0.0033333333333333335,0
624,CASH_OUT,47.15,C2524751277,67.17,20.02,M8667946580,0.0,0.0,1,0.03333333333333333,0
83,DEBIT,4102.53,C6618965944,23489.69,19387.16,M6101516825,0.0,0.0,0,0.016666666666666666,0
206,TRANSFER,1.92,C6517150278,7.84,5.92,C9303765140,0.0,1.92,0,0.16,0
546,CASH_OUT,6473.56,C2928130926,6087.39,0.0,C3185386258,0.17,0.17,1,0.21,0
666,CASH_OUT,111.87,C9539945315,165.44,53.57,C6691628146,2.07,2.07,0,0.02666666666666667,0
687,TRANSFER,723.12,C2916728422,2684.24,1961.12,C7887950851,1.57,724.69,0,0.08,0
603,CASH_OUT,1336.54,C4919706735,2324.12,987.58,C8543865915,0.26,0.26,0,0.02666666666666667,0
318,PAYMENT,324.0,C3377702111,16044.47,15720.47,M3438830691,0.0,0.0,0,0.0,0
692,PAYMENT,325.11,C1590985753,18362.71,18037.6,M4896576569,0.0,0.0,0,0.0,0
107,CASH_OUT,708.29,C8122042835,662.42,0.0,C4455798713,0.0,0.0,1,0.09333333333333334,0
243,TRANSFER,812.99,C2125089309,763.34,0.0,C4506639908,135.48,135.48,1,0.11,0
560,TRANSFER,16966.91,C7951902330,20893.41,3926.5,C7818568548,10168.35,27135.26,0,0.0,0
269,CASH_OUT,674.42,C1091729577,633.05,0.0,M9398575277,0.0,0.0,1,0.15,0
585,PAYMENT,118.74,C4638577630,273.65,154.91,M7532669066,0.0,0.0,0,0.0,0
114,PAYMENT,33.85,C6562434335,59.38,25.53,M3469205576,0.0,0.0,0,0.0,0
583,PAYMENT,1.0,C5512036684,0.0,0.0,M8727805468,0.0,0.0,0,0.0,0
521,TRANSFER,1.0,C9851745648,0.0,0.0,C5025070544,764.19,765.19,0,0.08,0
290,TRANSFER,2752.17,C9303765140,2458.65,0.0,M9255306810,0.0,0.0,1,0.75,1
156,PAYMENT,531.44,C5333183840,701.69,170.25,M1185303518,0.0,0.0,0,0.0,0
111,PAYMENT,1.0,C9327720702,0.0,0.0,M9590331226,0.0,0.0,0,0.0033333333333333335,0
70,CASH_OUT,213.01,C7961674558,242.49,29.48,M7437168216,0.0,0.0,1,0.0,0
436,PAYMENT,5.3,C3201397080,25.38,20.08,M6498703287,0.0,0.0,0,0.0,0
488,PAYMENT,1.02,C1834624758,171.13,170.11,M4211837506,0.0,0.0,0,0.0,0
180,TRANSFER,1.0,C7620473079,0.0,0.0,C3975704877,429.35,430.35,0,0.01,0
484,PAYMENT,812.66,C7166868574,986.06,173.4,M2418407139,0.0,0.0,0,0.0,0
96,PAYMENT,1.0,C9493209128,1.0,0.0,M8138332494,0.0,0.0,0,0.0,0
448,CASH_OUT,1.0,C1741134891,0.76,0.0,C1470939445,71.71,71.71,0,0.08,0
116,PAYMENT,1.0,C5600836559,0.39,0.0,M2187592160,0.0,0.0,0,0.0,0
90,PAYMENT,222.2,C4786674545,1548.2,1326.0,M1306420495,0.0,0.0,0,0.0,0
286,CASH_OUT,3781.18,C3436297208,3599.74,0.0,C7420846622,203.8,203.8,1,0.08333333333333333,0
356,DEBIT,241.7,C2612579345,284.96,43.26,M7651029165,0.0,0.0,0,0.02,0
472,TRANSFER,60.69,C3910678913,84.39,23.7,C7402059279,0.0,60.69,0,0.16666666666666666,0
505,TRANSFER,97.1,C2566942273,124.04,26.94,M9288057824,0.0,0.0,1,0.17666666666666667,0
171,TRANSFER,4546.57,C1594312071,4340.05,0.0,M3580582653,0.0,0.0,1,0.7666666666666667,1
629,CASH_OUT,36014.74,C8390631634,148884.26,112869.52,C9935429720,40.91,40.91,0,0.01,0
115,TRANSFER,1.0,C3587283948,0.0,0.0,C8370987661,0.0,1.0,0,0.22333333333333333,0
2,TRANSFER,193.65,C6596578419,232.52,38.87,M1732578761,0.0,0.0,1,0.15666666666666668,0
91,TRANSFER,19.59,C2960488639,31.22,11.63,C2879792991,0.0,19.59,0,0.16333333333333333,0
159,DEBIT,58.26,C8902114913,76.81,18.55,M7514017540,0.0,0.0,0,0.023333333333333334,0
472,TRANSFER,44.49,C7767834064,64.46,19.97,C9080621072,6598.81,6643.3,0,0.02666666666666667,0
438,TRANSFER,1.0,C6153541642,0.55,0.0,C9987064419,98.06,99.06,0,0.12666666666666668,0
167,TRANSFER,15339.64,C6877052039,76779.89,61440.25,C1682781467,18.8,15358.44,0,0.0,0
269,DEBIT,4030.68,C1795212538,17613.33,13582.65,M6053489772,0.0,0.0,0,0.016666666666666666,0
356,TRANSFER,11.63,C5431267548,15.68,4.05,C1589582865,167.44,179.07,0,0.023333333333333334,0
393,CASH_IN,16702.62,C3758823240,45.44,16748.06,C4460967357,0.0,0.0,0,0.0,0
240,CASH_OUT,3173.47,C5135595227,3366.75,193.28,C5646880148,28.98,28.98,0,0.0033333333333333335,0
223,TRANSFER,2795.54,C3102209245,2887.56,92.02,M7537130187,0.0,0.0,1,0.42,0
195,TRANSFER,734.03,C3338877621,844.5,110.47,C2866092821,8181.13,8915.16,1,0.0,0
485,CASH_OUT,408.48,C4503614567,536.72,128.24,M7928143230,0.0,0.0,1,0.04,0
17,CASH_OUT,5187.41,C2020262123,4438.54,0.0,M1694904767,0.0,0.0,1,0.03,0
674,PAYMENT,1.0,C2525930586,0.0,0.0,M9404002665,0.0,0.0,0,0.0,0
131,PAYMENT,1.0,C5078551333,0.0,0.0,M8667946580,0.0,0.0,0,0.0,0
632,CASH_OUT,431.56,C8995970241,416.59,0.0,C1772303297,0.0,0.0,1,0.08333333333333333,0
78,DEBIT,89.1,C2242377075,250.91,161.81,M5087280062,0.0,0.0,0,0.01,0
82,PAYMENT,5.5,C4820055862,8.59,3.09,M1802753761,0.0,0.0,0,0.0,0
625,CASH_OUT,3299.76,C9138644862,3401.98,102.22,C7845366946,0.0,0.0,1,0.05333333333333334,0
23,PAYMENT,264.6,C9303285822,285.39,20.79,M8874242713,0.0,0.0,0,0.0,0
363,DEBIT,6.9,C2224363672,7.95,1.05,M8102481401,0.0,0.0,0,0.03666666666666667,0
583,DEBIT,1.0,C1041531046,0.0,0.0,M2885370603,0.0,0.0,0,0.04666666666666667,0
417,TRANSFER,1.0,C3587283948,0.0,0.0,C4776436931,61831.17,61832.17,0,0.0033333333333333335,0
15,PAYMENT,280.21,C4524233168,809.16,528.95,M3297681898,0.0,0.0,0,0.0,0
161,CASH_OUT,1.0,C8291250562,0.0,0.0,C8189916797,3139.06,3139.06,0,0.0,0
273,PAYMENT,1.0,C3906611156,0.0,0.0,M4035639663,0.0,0.0,0,0.0,0
377,CASH_OUT,124.65,C1834624758,170.11,45.46,C5118430494,2.98,2.98,0,0.013333333333333334,0
59,CASH_OUT,23.58,C6237376063,36.32,12.74,C4921003983,261.16,261.16,0,0.0,0
263,PAYMENT,1091.35,C2476831585,9275.39,8184.04,M2121448210,0.0,0.0,0,0.0,0
393,CASH_OUT,59053.28,C2843567009,118146.94,59093.66,C6517150278,5.92,5.92,0,0.0033333333333333335,0
396,TRANSFER,3001.14,C6880115912,2962.09,0.0,C9033653743,480.78,480.78,1,0.16666666666666666,0
112,PAYMENT,1.6,C9433570024,2.02,0.42,M9098037639,0.0,0.0,0,0.0033333333333333335,0
665,TRANSFER,135918.8,C3465883999,121226.85,0.0,M5000316394,0.0,0.0,1,0.95,1
523,CASH_OUT,15892.84,C1643611097,15446.2,0.0,M3846182436,0.0,0.0,1,0.18333333333333332,0
674,CASH_OUT,1580.39,C9263135031,2082.65,502.26,C9337145038,595.39,595.39,1,0.013333333333333334,0
686,PAYMENT,1.0,C2771211118,0.78,0.0,M9255306810,0.0,0.0,0,0.0,0
591,TRANSFER,3174.65,C8757570742,2979.75,0.0,M6845287382,0.0,0.0,1,0.9466666666666667,1
597,PAYMENT,1034.19,C2020395327,2175.79,1141.6,M4952177946,0.0,0.0,0,0.0,0
704,TRANSFER,267.94,C2510308881,318.18,50.24,M2695447268,0.0,0.0,1,0.17,0
82,PAYMENT,34.25,C8531118333,92.9,58.65,M3476758136,0.0,0.0,0,0.0,0
644,CASH_OUT,1396.14,C1993998848,1769.59,373.45,C2616884203,585.46,585.46,1,0.013333333333333334,0
529,CASH_OUT,1.0,C3128675098,0.0,0.0,C1654477195,6.39,6.39,0,0.05333333333333334,0
555,CASH_IN,49661.69,C7920516981,7.78,49669.47,C9703905715,9.53,9.53,0,0.0,0
629,PAYMENT,59.31,C3291270703,95.81,36.5,M7168105904,0.0,0.0,0,0.0,0
67,CASH_OUT,3.92,C4302709858,5.21,1.29,C3651552513,0.0,0.0,0,0.0033333333333333335,0
513,TRANSFER,453.02,C5092199300,417.52,0.0,M5959736235,0.0,0.0,1,0.23333333333333334,0
488,TRANSFER,1.0,C1799718923,0.0,0.0,C4706249669,299.56,300.56,0,0.10333333333333333,0
508,PAYMENT,1.0,C2617999521,0.0,0.0,M8626371177,0.0,0.0,0,0.0,0
634,PAYMENT,13119.37,C6588252632,22918.96,9799.59,M7664045502,0.0,0.0,0,0.0,0
235,PAYMENT,1.0,C6448324230,0.0,0.0,M2328736852,0.0,0.0,0,0.0,0
720,PAYMENT,10.85,C1400330495,15.98,5.13,M9021793855,0.0,0.0,0,0.0,0
355,PAYMENT,1.0,C6124453431,0.0,0.0,M5815678365,0.0,0.0,0,0.0,0
151,TRANSFER,414.79,C6656646925,382.14,0.0,C7928074841,41.89,41.89,1,0.13,0
261,TRANSFER,418.62,C7823288650,361.47,0.0,C6447717367,3.36,3.36,1,0.23,0
252,CASH_OUT,175.59,C4564751926,213.98,38.39,C3271361431,0.0,0.0,0,0.0033333333333333335,0
262,PAYMENT,80.97,C3614915281,169.22,88.25,M1647181551,0.0,0.0,0,0.0,0
171,PAYMENT,1.0,C7305101214,0.0,0.0,M2916502228,0.0,0.0,0,0.0,0
344,CASH_IN,1976.29,C1131671246,57.02,2033.31,C6415031531,0.0,0.0,0,0.0,0
641,TRANSFER,16.36,C3319936135,19.4,3.04,C1817804383,0.0,16.36,0,0.18333333333333332,0
706,DEBIT,24.32,C6596578419,38.87,14.55,M4896576569,0.0,0.0,0,0.03,0
116,TRANSFER,1.0,C1484230338,0.0,0.0,C5150090143,0.0,1.0,0,0.22333333333333333,0
325,PAYMENT,1.0,C4277561834,0.0,0.0,M4896576569,0.0,0.0,0,0.0,0
27,DEBIT,80.4,C5283911723,105.52,25.12,M1357561213,0.0,0.0,0,0.02,0
464,CASH_OUT,261.43,C8854238082,226.55,0.0,C9704383251,0.0,0.0,1,0.10666666666666667,0
69,TRANSFER,5027.7,C2139078760,4836.29,0.0,M5919148165,0.0,0.0,1,0.8133333333333334,1
544,CASH_OUT,8.13,C4914929023,27.57,19.44,C2802141793,0.0,0.0,0,0.03333333333333333,0
19,TRANSFER,27832.08,C7920516981,49669.47,21837.39,C5129478722,423.96,28256.04,0,0.0,0
447,PAYMENT,1354.55,C4888749350,1627.13,272.58,M1096405016,0.0,0.0,0,0.0,0
171,CASH_OUT,2299.39,C6576426590,2534.26,234.87,M6130446648,0.0,0.0,1,0.0,0
616,CASH_OUT,267.94,C7665963761,300.81,32.87,M7351460539,0.0,0.0,1,0.04,0
457,PAYMENT,1.0,C8241550421,0.6,0.0,M8964269909,0.0,0.0,0,0.0,0
447,CASH_OUT,1761.76,C1383539822,2511.6,749.84,M6932365592,0.0,0.0,1,0.05,0
188,TRANSFER,1634.97,C2924568778,3049.56,1414.59,C8086172302,3500.47,5135.44,0,0.0,0
593,TRANSFER,3210.99,C1654477195,2870.35,0.0,C7772180882,1.0,1.0,1,0.9333333333333333,1
641,PAYMENT,858.13,C4536306171,945.55,87.42,M1783432867,0.0,0.0,0,0.0,0
567,CASH_OUT,87.77,C1940684569,131.43,43.66,C2960488639,11.63,11.63,0,0.03,0
576,TRANSFER,2608.98,C9503597301,2794.47,185.49,C8239941612,0.0,0.0,1,0.31,0
541,PAYMENT,7.98,C1817804383,16.36,8.38,M6401844042,0.0,0.0,0,0.0,0
612,TRANSFER,3744.18,C7380780055,4307.6,563.42,C7660157097,165230.97,165230.97,1,0.0033333333333333335,0
377,DEBIT,1.0,C7229869819,0.0,0.0,M8102481401,0.0,0.0,0,0.04,0
376,TRANSFER,5152.28,C6265016831,4380.31,0.0,M5194066484,0.0,0.0,1,0.7266666666666667,1
30,PAYMENT,1.0,C5294535887,0.0,0.0,M5315720088,0.0,0.0,0,0.0,0
134,PAYMENT,1.0,C4485356009,0.79,0.0,M3536590481,0.0,0.0,0,0.0,0
294,TRANSFER,1.0,C6037168610,0.0,0.0,C1983297492,99272.38,99273.38,0,0.0,0
711,TRANSFER,91.21,C5570828113,92.65,1.44,M6284297249,0.0,0.0,1,0.18666666666666668,0
143,PAYMENT,1.0,C5485387618,0.0,0.0,M5270048042,0.0,0.0,0,0.0,0
481,CASH_OUT,1.0,C2801177461,0.0,0.0,C8575707116,2.61,2.61,0,0.08333333333333333,0
135,TRANSFER,1.65,C4147025728,6.8,5.15,C5903457537,16.4,18.05,0,0.11333333333333333,0
602,PAYMENT,6.27,C4067213499,17.99,11.72,M7928143230,0.0,0.0,0,0.0,0
30,PAYMENT,1.0,C7070083150,0.0,0.0,M6651754819,0.0,0.0,0,0.0,0
566,PAYMENT,1.0,C3906611156,0.0,0.0,M8626371177,0.0,0.0,0,0.0,0
27,CASH_OUT,815.93,C7287517250,918.2,102.27,C7620473079,0.0,0.0,1,0.0033333333333333335,0
308,DEBIT,1.0,C4106464319,0.0,0.0,M9918338001,0.0,0.0,0,0.04,0
459,CASH_OUT,3369.14,C5160575046,3293.11,0.0,M4306983924,0.0,0.0,1,0.42333333333333334,0
221,PAYMENT,1.0,C7845366946,0.0,0.0,M6498703287,0.0,0.0,0,0.0,0
259,DEBIT,1.04,C8417757797,2.99,1.95,M4306983924,0.0,0.0,0,0.03,0
76,CASH_OUT,18723.46,C8086527181,92245.87,73522.41,C7561728644,1.0,1.0,0,0.0,0
89,PAYMENT,1.0,C7803990970,0.0,0.0,M6053489772,0.0,0.0,0,0.0,0
65,TRANSFER,147.1,C3205292512,347.17,200.07,C6583444930,3947.44,4094.54,0,0.0,0
360,CASH_OUT,105.17,C9546021691,91.27,0.0,M5815678365,0.0,0.0,1,0.043333333333333335,0
140,TRANSFER,981.03,C8025152555,1162.62,181.59,C9333490239,755.41,755.41,1,0.0,0
102,PAYMENT,2.67,C7010379415,3.62,0.95,M6744039057,0.0,0.0,0,0.0,0
590,TRANSFER,238.59,C9894264595,208.49,0.0,M9068916300,0.0,0.0,1,0.23666666666666666,0
635,CASH_OUT,141.78,C1065857791,158.49,16.71,M9752092528,0.0,0.0,1,0.03666666666666667,0
681,TRANSFER,63.63,C9434946584,58.53,0.0,M2328736852,0.0,0.0,1,0.22666666666666666,0
41,CASH_IN,8939.45,C3338877621,110.47,9049.92,C6732648420,85.33,85.33,0,0.0,0
53,CASH_OUT,16571.5,C2905584866,88352.89,71781.39,C7027529118,1.17,1.17,0,0.0,0
177,PAYMENT,240.33,C6218484323,305.55,65.22,M8869140487,0.0,0.0,0,0.0,0
538,PAYMENT,1.0,C3291226621,0.0,0.0,M5449848690,0.0,0.0,0,0.0,0
1,CASH_OUT,756.63,C5570828113,642.89,0.0,C3465740756,2395.08,2395.08,1,0.056666666666666664,0
649,PAYMENT,9.0,C4042413312,13.93,4.93,M6525576685,0.0,0.0,0,0.0,0
587,TRANSFER,504.66,C2616884203,585.46,80.8,C8791183272,3852.54,4357.2,1,0.03,0
189,CASH_OUT,1.0,C8300300577,0.0,0.0,C6237376063,12.74,12.74,0,0.013333333333333334,0
309,DEBIT,1.0,C1160913827,1.64,0.64,M3322580659,0.0,0.0,0,0.04,0
234,PAYMENT,42.16,C4645120421,111.33,69.17,M7270955446,0.0,0.0,0,0.0,0
683,PAYMENT,1.0,C7988845536,0.0,0.0,M7570511906,0.0,0.0,0,0.0,0
22,PAYMENT,7577.13,C2591414076,65564.01,57986.88,M6894024976,0.0,0.0,0,0.0,0
618,TRANSFER,2601.29,C1726990714,3203.03,601.74,M8548290298,0.0,0.0,1,0.2833333333333333,0
287,PAYMENT,1.0,C6961554653,0.0,0.0,M6771941776,0.0,0.0,0,0.0,0
148,PAYMENT,1.0,C9909257076,0.0,0.0,M7437168216,0.0,0.0,0,0.0,0
339,CASH_OUT,2481.34,C7638836058,3322.17,840.83,M5570190774,0.0,0.0,1,0.013333333333333334,0
209,TRANSFER,1024.05,C8750840032,994.24,0.0,M3508990774,0.0,0.0,1,0.33,0
199,TRANSFER,24060.81,C9462806178,21908.15,0.0,C6879428703,1332.25,25393.06,1,0.0,0
130,PAYMENT,4583.09,C9861449701,60736.7,56153.61,M4522855590,0.0,0.0,0,0.0,0
448,PAYMENT,581.48,C7527316141,1320.54,739.06,M4456193555,0.0,0.0,0,0.0,0
392,TRANSFER,248.94,C5802739154,339.37,90.43,C1470939445,71.71,320.65,0,0.01,0
426,DEBIT,204.25,C8691288568,316.97,112.72,M9900829971,0.0,0.0,0,0.023333333333333334,0
524,PAYMENT,1.0,C9592390865,0.0,0.0,M1908459040,0.0,0.0,0,0.0,0
416,PAYMENT,31.84,C2377246195,73.9,42.06,M8778927211,0.0,0.0,0,0.0,0
383,CASH_OUT,1709.77,C7199283151,2112.84,403.07,C6458544482,0.0,0.0,1,0.01,0
1,CASH_OUT,3498.61,C9503787171,3934.23,435.62,C7488943393,613.69,613.69,1,0.013333333333333334,0
605,CASH_OUT,1.0,C3178995337,1.0,0.0,C9318010743,103.39,103.39,0,0.05333333333333334,0
55,PAYMENT,68.24,C3245108207,724.71,656.47,M9021793855,0.0,0.0,0,0.0,0
446,PAYMENT,1.0,C2940955281,0.0,0.0,M3297681898,0.0,0.0,0,0.0,0
279,PAYMENT,2119.57,C7736142481,3144.64,1025.07,M4122901114,0.0,0.0,0,0.0,0
322,TRANSFER,7060.96,C3849232839,6741.3,0.0,M7192742877,0.0,0.0,1,0.7666666666666667,1
720,TRANSFER,1.0,C3710566582,0.0,0.0,C7664258343,14459.91,14460.91,0,0.0033333333333333335,0
573,PAYMENT,249.89,C1470939445,320.65,70.76,M9065458220,0.0,0.0,0,0.0,0
46,CASH_OUT,1.0,C8369792370,0.0,0.0,C2601198885,0.0,0.0,0,0.0033333333333333335,0
668,TRANSFER,352.81,C9123207735,569.58,216.77,C1106456634,5.26,358.07,0,0.05333333333333334,0
352,TRANSFER,269.01,C1754603440,268.45,0.0,C2941289685,0.0,0.0,1,0.23,0
97,PAYMENT,8.48,C6795522649,34.99,26.51,M6651020291,0.0,0.0,0,0.0,0
627,DEBIT,16797.91,C3438771483,25269.16,8471.25,M2249831874,0.0,0.0,0,0.03333333333333333,0
31,TRANSFER,23605.78,C2140169349,138326.26,114720.48,C3003484425,12.31,23618.09,0,0.0,0
295,PAYMENT,4088.46,C3343292475,10386.25,6297.79,M9288057824,0.0,0.0,0,0.0,0
693,CASH_OUT,5443.52,C5315211627,6757.38,1313.86,M8548290298,0.0,0.0,1,0.023333333333333334,0
595,PAYMENT,31.98,C7979466538,39.84,7.86,M2303835765,0.0,0.0,0,0.0,0
459,TRANSFER,963.46,C2753617371,837.52,0.0,M3831598303,0.0,0.0,1,0.4,0
263,CASH_OUT,1120.08,C3869963931,26985.96,25865.88,C7666129822,48.23,48.23,0,0.0,0
269,TRANSFER,899.73,C4039019230,2539.7,1639.97,C5785481124,0.0,899.73,0,0.0033333333333333335,0
397,CASH_OUT,1982.14,C8507497883,1881.65,0.0,M6053489772,0.0,0.0,1,0.12333333333333334,0
16,CASH_IN,140707.64,C2407863065,132.57,140840.21,C1304205279,0.72,0.72,0,0.0,0
266,PAYMENT,53.3,C6493800024,70.33,17.03,M3580582653,0.0,0.0,0,0.0,0
245,CASH_OUT,209.42,C1225953184,193.47,0.0,M8389750357,0.0,0.0,1,0.03333333333333333,0
215,PAYMENT,2642.64,C8189916797,3139.06,496.42,M1096405016,0.0,0.0,0,0.0,0
94,DEBIT,16.83,C4914929023,19.44,2.61,M9021793855,0.0,0.0,0,0.023333333333333334,0
287,TRANSFER,9.79,C6591038760,44.82,35.03,C2825957977,57.48,67.27,0,0.08333333333333333,0
273,TRANSFER,91.42,C8684942020,111.17,19.75,M6692705133,0.0,0.0,1,0.16333333333333333,0
392,CASH_OUT,218.59,C5992908271,222.39,3.8,C3362657890,280.69,280.69,1,0.023333333333333334,0
655,PAYMENT,666.19,C2965254350,1535.89,869.7,M7512767226,0.0,0.0,0,0.0,0
396,CASH_OUT,1.0,C2948728483,0.0,0.0,C3188382776,1351.37,1351.37,0,0.016666666666666666,0
611,TRANSFER,57016.02,C2075321966,59774.28,2758.26,M4329446784,0.0,0.0,1,0.32666666666666666,0
228,TRANSFER,1392.76,C5868640848,1466.42,73.66,M4122901114,0.0,0.0,1,0.21333333333333335,0
4,PAYMENT,7768.23,C3869963931,25865.88,18097.65,M2885370603,0.0,0.0,0,0.0,0
705,PAYMENT,9.83,C2266622851,21.95,12.12,M1099218439,0.0,0.0,0,0.0,0
446,CASH_IN,92890.56,C3319936135,3.04,92893.6,C1459442845,8.09,8.09,0,0.0,0
669,DEBIT,1.0,C8295757364,0.63,0.0,M4689605624,0.0,0.0,0,0.05,0
675,TRANSFER,11760.78,C4949801453,9813.8,0.0,C9292791081,109.56,109.56,1,0.52,1
259,CASH_OUT,3958.38,C4231729466,5356.84,1398.46,M8058679999,0.0,0.0,1,0.0033333333333333335,0
317,CASH_OUT,83.24,C4990452762,92.82,9.58,C8763140509,0.0,0.0,0,0.01,0
581,PAYMENT,1.0,C7161404428,1.0,0.0,M6384311581,0.0,0.0,0,0.0,0
354,TRANSFER,1.0,C2317723211,0.0,0.0,C8997701619,0.7,1.7,0,0.22,0
413,PAYMENT,1.0,C6588316233,0.0,0.0,M2695447268,0.0,0.0,0,0.0,0
41,PAYMENT,2.48,C3555656321,2.8,0.32,M9921025990,0.0,0.0,0,0.0,0
282,TRANSFER,29370.5,C3836517266,31907.13,2536.63,C4683935600,15193.6,15193.6,1,0.0,0
61,TRANSFER,1.0,C3106408413,0.0,0.0,C2570991899,0.0,1.0,0,0.23333333333333334,0
357,TRANSFER,2868.48,C2073108894,3019.53,151.05,M3846182436,0.0,0.0,1,0.23,0
644,DEBIT,1.0,C2224363672,1.05,0.05,M2541015125,0.0,0.0,0,0.05333333333333334,0
173,CASH_OUT,1.0,C1194576436,0.0,0.0,C9516893896,28181.38,28181.38,0,0.0,0
49,PAYMENT,5400.45,C2476831585,8184.04,2783.59,M4390543744,0.0,0.0,0,0.0,0
511,CASH_OUT,58.88,C9539945315,53.57,0.0,C6317889312,14.09,14.09,1,0.05333333333333334,0
326,CASH_OUT,369.65,C3426709025,315.88,0.0,M1099218439,0.0,0.0,1,0.05333333333333334,0
48,TRANSFER,182.41,C6341783555,229.96,47.55,C8880079328,4.19,4.19,1,0.12666666666666668,0
494,PAYMENT,1.0,C5634076661,1.33,0.33,M7948094928,0.0,0.0,0,0.0,0
545,PAYMENT,27.24,C9035194895,51.66,24.42,M9933702652,0.0,0.0,0,0.0,0
38,TRANSFER,1.0,C5281907480,0.0,0.0,C7627266377,2127.72,2128.72,0,0.0,0
293,PAYMENT,47.57,C8012696455,182.97,135.4,M3457877922,0.0,0.0,0,0.0,0
568,CASH_OUT,1.0,C2802141793,0.0,0.0,C9922723063,0.0,0.0,0,0.06333333333333334,0
439,CASH_OUT,132.05,C4946081594,144.03,11.98,C7603978731,126.25,126.25,0,0.05333333333333334,0
358,PAYMENT,1.0,C9067664957,0.0,0.0,M7713758036,0.0,0.0,0,0.0,0
198,DEBIT,118.58,C2351531223,1109.41,990.83,M6498703287,0.0,0.0,0,0.016666666666666666,0
54,PAYMENT,6395.63,C3389594115,7395.29,999.66,M3072183247,0.0,0.0,0,0.0,0
502,PAYMENT,1.0,C2267619081,0.0,0.0,M5194066484,0.0,0.0,0,0.0,0
284,DEBIT,4.11,C9929101065,7.01,2.9,M1099218439,0.0,0.0,0,0.03333333333333333,0
456,TRANSFER,1.17,C5689870435,1.26,0.09,C2050340486,1.0,2.17,0,0.22,0
522,PAYMENT,1.0,C5140460939,0.0,0.0,M7192742877,0.0,0.0,0,0.0,0
645,CASH_OUT,4.02,C4473306055,11.83,7.81,C8252045593,12360.88,12360.88,0,0.01,0
448,CASH_OUT,1962.52,C9661615016,1740.31,0.0,M4456193555,0.0,0.0,1,0.38,0
171,DEBIT,226.83,C3424843951,1300.32,1073.49,M8778927211,0.0,0.0,0,0.01,0
235,CASH_OUT,3011.95,C1099541460,3278.31,266.36,C2965254350,869.7,869.7,1,0.0,0
562,PAYMENT,1.0,C1484664056,0.0,0.0,M8778927211,0.0,0.0,0,0.0,0
274,TRANSFER,38.24,C1684598046,185.82,147.58,C9861449701,56153.61,56191.85,0,0.0,0
287,TRANSFER,4610.24,C8796293088,4022.2,0.0,M8861351706,0.0,0.0,1,0.7933333333333333,1
635,CASH_OUT,81570.32,C2082326234,102886.62,21316.3,C2610237679,0.0,0.0,0,0.016666666666666666,0
592,CASH_OUT,4.41,C2625792787,37843.6,37839.19,C3424843951,1073.49,1073.49,0,0.0033333333333333335,0
64,TRANSFER,3805.37,C1139082827,5429.83,1624.46,C5409514899,100.27,3905.64,0,0.0,0
619,DEBIT,1.04,C8199372599,3.96,2.92,M6866146362,0.0,0.0,0,0.043333333333333335,0
405,PAYMENT,23.09,C6353758928,40.08,16.99,M2695447268,0.0,0.0,0,0.0,0
524,TRANSFER,1.0,C4022360089,1.72,0.72,C2267619081,0.0,1.0,0,0.21666666666666667,0
706,DEBIT,4.33,C6884882440,7.29,2.96,M6282009986,0.0,0.0,0,0.043333333333333335,0
509,CASH_OUT,4261.13,C7823288650,4905.71,644.58,M6313472215,0.0,0.0,1,0.03,0
72,TRANSFER,346.36,C3316787198,330.06,0.0,M3355504998,0.0,0.0,1,0.24,0
34,CASH_OUT,3212.07,C8139209752,2749.43,0.0,C6299224734,16285.0,16285.0,1,0.0,0
479,PAYMENT,1.0,C2274350418,0.0,0.0,M5535650160,0.0,0.0,0,0.0,0
272,TRANSFER,3890.67,C1288335378,4210.17,319.5,M7750131975,0.0,0.0,1,0.23333333333333334,0
307,PAYMENT,122.61,C2720484983,420.98,298.37,M7969674420,0.0,0.0,0,0.0,0
707,PAYMENT,50.87,C3207160929,101855.9,101805.03,M3476758136,0.0,0.0,0,0.0,0
488,CASH_OUT,642.75,C2174793230,566.65,0.0,M2243802345,0.0,0.0,1,0.17333333333333334,0
472,TRANSFER,3426.83,C4431078106,3731.2,304.37,M3107992942,0.0,0.0,1,0.31,0
41,TRANSFER,1.0,C2183906581,0.0,0.0,C6844582171,3.23,4.23,0,0.21666666666666667,0
516,TRANSFER,1.7,C4882343658,1.95,0.25,C9660523876,2064.42,2066.12,0,0.07,0
604,CASH_OUT,8378.32,C2549748436,24653.6,16275.28,C7665963761,32.87,32.87,0,0.013333333333333334,0
478,CASH_OUT,1.0,C6097953682,0.0,0.0,C4130305126,639.89,639.89,0,0.1,0
155,CASH_OUT,366.59,C4524233168,528.95,162.36,C3465883999,0.0,0.0,0,0.006666666666666667,0
409,CASH_OUT,1.0,C7321180787,0.25,0.0,C5584288132,422.87,422.87,0,0.06333333333333334,0
624,PAYMENT,11.39,C3792347639,56.72,45.33,M2778069478,0.0,0.0,0,0.0,0
48,CASH_OUT,935.61,C9633533290,789.34,0.0,M6282009986,0.0,0.0,1,0.07333333333333333,0
320,TRANSFER,106182.87,C5856127658,102115.62,0.0,C3163970710,0.0,0.0,1,0.9433333333333334,1
135,CASH_OUT,609.2,C8055515912,579.93,0.0,M6130446648,0.0,0.0,1,0.10666666666666667,0
145,PAYMENT,4.79,C1736086849,8.27,3.48,M1122712790,0.0,0.0,0,0.0,0
117,CASH_OUT,4505.98,C3894673596,4657.85,151.87,C9049270990,0.0,0.0,1,0.0,0
18,PAYMENT,1.0,C4776677517,0.0,0.0,M1083302600,0.0,0.0,0,0.0,0
322,PAYMENT,155.57,C6910112521,293.55,137.98,M5067400473,0.0,0.0,0,0.0,0
486,PAYMENT,536.82,C8760642358,785.49,248.67,M8858274691,0.0,0.0,0,0.0,0
30,CASH_OUT,337.21,C4252504650,282.32,0.0,M4689605624,0.0,0.0,1,0.0033333333333333335,0
230,PAYMENT,12446.46,C6358023411,21010.27,8563.81,M2243802345,0.0,0.0,0,0.0,0
248,TRANSFER,7.66,C9182543558,15.58,7.92,C2879792991,19.59,27.25,0,0.11666666666666667,0
454,TRANSFER,1.19,C5578056564,1.69,0.5,C2351531223,990.83,992.02,0,0.08,0
685,CASH_OUT,645.13,C4131575764,858.78,213.65,M7537130187,0.0,0.0,1,0.03,0
657,CASH_OUT,1.0,C3777580509,0.0,0.0,C3258354191,0.0,0.0,0,0.056666666666666664,0
212,DEBIT,48.6,C8387664437,66.49,17.89,M6401844042,0.0,0.0,0,0.023333333333333334,0
320,CASH_OUT,762.04,C6471691689,663.68,0.0,M8063693463,0.0,0.0,1,0.18666666666666668,0
410,TRANSFER,1.0,C4602080228,0.0,0.0,C7045593274,1.31,2.31,0,0.19333333333333333,0
128,TRANSFER,777.14,C5306459450,735.37,0.0,M9900829971,0.0,0.0,1,0.2633333333333333,0
21,PAYMENT,53.07,C7292076361,144.2,91.13,M9631695368,0.0,0.0,0,0.0,0
644,TRANSFER,1735.66,C9546021691,1453.1,0.0,M7678293431,0.0,0.0,1,0.49333333333333335,0
231,TRANSFER,996.51,C2377246195,1242.24,245.73,C4683935600,15193.6,16190.11,1,0.0,0
302,CASH_IN,3461.83,C5998623100,33136.37,36598.2,C1415802902,2.38,2.38,0,0.0,0
280,PAYMENT,1.0,C5354747485,0.0,0.0,M5087280062,0.0,0.0,0,0.0,0
340,TRANSFER,2313.67,C3828935922,2792.4,478.73,C5975196341,91704.17,91704.17,1,0.0,0
583,PAYMENT,7.2,C3149533961,7.73,0.53,M8144889126,0.0,0.0,0,0.0,0
198,TRANSFER,29.04,C2181241943,65.33,36.29,C4274958945,3.8,32.84,0,0.12666666666666668,0
272,DEBIT,88.46,C2493660313,255.24,166.78,M9523139706,0.0,0.0,0,0.01,0
664,PAYMENT,1.0,C1205082311,0.0,0.0,M3960136787,0.0,0.0,0,0.0,0
63,PAYMENT,1.0,C6642201119,0.0,0.0,M9773795424,0.0,0.0,0,0.0,0
412,PAYMENT,23.84,C2566942273,26.94,3.1,M8083396378,0.0,0.0,0,0.0,0
644,PAYMENT,1.0,C4471642620,0.0,0.0,M5869990861,0.0,0.0,0,0.0,0
311,CASH_OUT,1.0,C1399546384,0.0,0.0,C7517938612,21.64,21.64,0,0.023333333333333334,0
495,CASH_OUT,1.0,C4655730355,0.0,0.0,C5344083406,3.88,3.88,0,0.056666666666666664,0
265,CASH_OUT,3594.1,C1674555072,4828.33,1234.23,C8285000265,12977.25,12977.25,1,0.0,0
304,PAYMENT,147.76,C8588769565,708.1,560.34,M9410569618,0.0,0.0,0,0.0,0
552,CASH_OUT,26.44,C4180599722,31.05,4.61,C3316787198,0.0,0.0,0,0.04666666666666667,0
123,CASH_OUT,1.0,C1643611097,0.0,0.0,C1257324536,123007.1,123007.1,0,0.0,0
202,CASH_OUT,1.0,C7061419749,0.48,0.0,C2242377075,161.81,161.81,0,0.0,0
638,CASH_OUT,279.93,C9798548049,283.51,3.58,M4122901114,0.0,0.0,1,0.05,0
672,PAYMENT,217.69,C7161887665,388.14,170.45,M4158643786,0.0,0.0,0,0.0,0
688,PAYMENT,3152.11,C3869963931,18097.65,14945.54,M4093474499,0.0,0.0,0,0.0,0
303,CASH_OUT,3891.04,C6134840512,3829.68,0.0,C1408988968,0.0,0.0,1,0.11333333333333333,0
639,PAYMENT,41.85,C9467483275,79.55,37.7,M6999146585,0.0,0.0,0,0.0,0
666,DEBIT,1.0,C6961554653,0.0,0.0,M8276498637,0.0,0.0,0,0.05333333333333334,0
540,CASH_OUT,3940.32,C7568980185,3798.99,0.0,M6498703287,0.0,0.0,1,0.21666666666666667,0
12,TRANSFER,1.0,C8624454880,0.0,0.0,C3780475472,10370.4,10371.4,0,0.0,0
314,PAYMENT,1.0,C5695387521,0.0,0.0,M7512767226,0.0,0.0,0,0.0,0
76,CASH_OUT,11.6,C7666129822,48.23,36.63,C2510308881,50.24,50.24,0,0.0,0
346,TRANSFER,264.05,C5025070544,765.19,501.14,C1276905285,0.0,264.05,0,0.01,0
64,DEBIT,152.32,C7628981661,275.06,122.74,M7951820749,0.0,0.0,0,0.016666666666666666,0
462,CASH_OUT,54.57,C4895020135,71.02,16.45,C8532327465,0.0,0.0,1,0.05333333333333334,0
455,DEBIT,29.93,C8598503901,48.49,18.56,M4588312351,0.0,0.0,0,0.02666666666666667,0
97,CASH_OUT,1036.62,C1754603440,1281.56,244.94,M8366710477,0.0,0.0,1,0.0033333333333333335,0
329,CASH_OUT,4.22,C3874432021,15.38,11.16,C5646880148,28.98,28.98,0,0.0033333333333333335,0
168,PAYMENT,1.04,C3660223333,2.37,1.33,M4306983924,0.0,0.0,0,0.0,0
200,TRANSFER,201.32,C2613385303,974.89,773.57,C2065354117,19.54,220.86,0,0.016666666666666666,0
605,PAYMENT,1.0,C7316122432,0.86,0.0,M8910440683,0.0,0.0,0,0.0,0
255,PAYMENT,1.0,C4486522557,1.0,0.0,M8325043570,0.0,0.0,0,0.0,0
708,PAYMENT,1.0,C9327720702,0.0,0.0,M1732578761,0.0,0.0,0,0.0033333333333333335,0
245,PAYMENT,1.3,C2254516608,12.16,10.86,M1732578761,0.0,0.0,0,0.0,0
450,PAYMENT,327.12,C3971203213,564.15,237.03,M5959736235,0.0,0.0,0,0.0,0
93,TRANSFER,110.65,C3597724331,139.57,28.92,C8199372599,2.92,113.57,0,0.11,0
406,DEBIT,1.0,C8795212264,0.0,0.0,M6932365592,0.0,0.0,0,0.043333333333333335,0
628,TRANSFER,1824.38,C2683446724,1848.34,23.96,M3660800029,0.0,0.0,1,0.4266666666666667,0
363,TRANSFER,81.87,C5419627962,78.17,0.0,M8058679999,0.0,0.0,1,0.23,0
26,PAYMENT,270.81,C3887823121,384.11,113.3,M7948094928,0.0,0.0,0,0.0,0
348,PAYMENT,1.0,C6974875750,0.0,0.0,M8218146534,0.0,0.0,0,0.0,0
521,PAYMENT,46.86,C7579604766,58.4,11.54,M3605446007,0.0,0.0,0,0.0,0
482,CASH_OUT,4964.53,C1614685938,4158.27,0.0,C3033747850,102.49,102.49,1,0.33,0
77,TRANSFER,1037.11,C8995970241,1117.87,80.76,M3469205576,0.0,0.0,1,0.2,0
667,CASH_OUT,1.0,C7633342225,0.46,0.0,C2351531223,992.02,992.02,0,0.04,0
70,PAYMENT,1.0,C5569145346,0.0,0.0,M2555936898,0.0,0.0,0,0.0,0
635,CASH_OUT,3078.35,C2075321966,2758.26,0.0,M8728631945,0.0,0.0,1,0.19333333333333333,0
136,CASH_OUT,3964.66,C7915226263,4796.26,831.6,C3768901084,16046.23,16046.23,1,0.0,0
165,PAYMENT,51.37,C4712367625,145.04,93.67,M9581187661,0.0,0.0,0,0.0,0
126,CASH_OUT,2873.9,C4602080228,4078.86,1204.96,C7757700186,0.0,0.0,1,0.0,0
630,TRANSFER,1.0,C2940955281,0.0,0.0,C1600337712,0.0,1.0,0,0.23333333333333334,0
619,PAYMENT,460.94,C9421518487,1077.19,616.25,M1368287033,0.0,0.0,0,0.0,0
519,PAYMENT,1.04,C9370133343,2.56,1.52,M3960136787,0.0,0.0,0,0.0,0
649,PAYMENT,12.83,C3305069227,26.16,13.33,M4456193555,0.0,0.0,0,0.0,0
498,PAYMENT,489.72,C7380780055,563.42,73.7,M8218146534,0.0,0.0,0,0.0,0
272,TRANSFER,90.85,C2419931729,92.41,1.56,C7540301973,17.59,108.44,1,0.10666666666666667,0
468,PAYMENT,1.0,C3363629219,0.0,0.0,M7651029165,0.0,0.0,0,0.0,0
215,TRANSFER,31321.09,C9523104008,53607.64,22286.55,C2020262123,0.0,31321.09,0,0.0,0
229,CASH_OUT,4099.18,C9182543558,4753.22,654.04,C2802141793,0.0,0.0,1,0.0,0
101,DEBIT,1.0,C5483308751,0.0,0.0,M9098037639,0.0,0.0,0,0.02666666666666667,0
280,TRANSFER,4851.79,C7061419749,4229.14,0.0,C3169561289,15554.33,20406.12,1,0.0033333333333333335,0
655,TRANSFER,63.93,C9461708554,83.95,20.02,C2445662585,1.07,1.07,1,0.17666666666666667,0
567,TRANSFER,4166.57,C9202102595,4710.94,544.37,M3192202822,0.0,0.0,1,0.3233333333333333,0
632,TRANSFER,188.2,C5135595227,193.28,5.08,C6655089949,144.24,144.24,1,0.08,0
501,PAYMENT,1.0,C3392080953,0.61,0.0,M9065458220,0.0,0.0,0,0.0,0
448,CASH_OUT,805.62,C4735334423,695.4,0.0,M3317856944,0.0,0.0,1,0.2,0
492,CASH_OUT,4008.4,C9484167278,3612.77,0.0,C8730507757,0.0,0.0,1,0.31666666666666665,0
527,CASH_OUT,3973.15,C7321180787,3959.96,0.0,C8137764127,0.0,0.0,1,0.22666666666666666,0
76,CASH_OUT,48187.33,C3369305560,70181.07,21993.74,C2761091683,161.5,161.5,0,0.0,0
122,PAYMENT,26.78,C3821211202,102.01,75.23,M8667946580,0.0,0.0,0,0.0,0
705,PAYMENT,1.0,C6544063167,0.0,0.0,M3094407076,0.0,0.0,0,0.0,0
90,PAYMENT,23.72,C2785736751,103.76,80.04,M1368287033,0.0,0.0,0,0.0,0
21,CASH_OUT,1.0,C1600337712,1.0,0.0,C3521300895,22.7,22.7,0,0.0,0
547,PAYMENT,17.84,C8636525027,36877.22,36859.38,M3313346852,0.0,0.0,0,0.0,0
117,CASH_IN,131648.05,C1131671246,2033.31,133681.36,C6115750294,15.46,15.46,0,0.0,0
115,CASH_OUT,506.79,C6923206003,707.49,200.7,M8778927211,0.0,0.0,1,0.0033333333333333335,0
688,TRANSFER,1.0,C1515024824,0.0,0.0,C7161887665,170.45,171.45,0,0.11,0
328,DEBIT,1.0,C7470843264,0.0,0.0,M8728631945,0.0,0.0,0,0.04,0
245,CASH_OUT,2968.09,C8168036130,3005.16,37.07,M5891831621,0.0,0.0,1,0.0033333333333333335,0
156,PAYMENT,1.0,C4026113008,2.1,1.1,M9918338001,0.0,0.0,0,0.0,0
201,TRANSFER,103.73,C1958682846,93.26,0.0,M7651029165,0.0,0.0,1,0.24,0
699,TRANSFER,4456.41,C7186766399,4213.39,0.0,C2586568081,5.59,5.59,1,0.8,1
85,TRANSFER,37.37,C7838460497,41.21,3.84,C3612617557,36353.14,36390.51,0,0.0,0
323,CASH_OUT,21497.01,C5945359606,29220.28,7723.27,C9049270990,0.0,0.0,0,0.0,0
57,CASH_OUT,3861.59,C3707166618,4094.13,232.54,M4160161496,0.0,0.0,1,0.0,0
392,PAYMENT,190.08,C4431078106,304.37,114.29,M8458323087,0.0,0.0,0,0.0,0
284,TRANSFER,3.91,C9805620900,5.8,1.89,C5695387521,0.0,3.91,0,0.17,0
603,TRANSFER,2894.55,C4485356009,2467.68,0.0,M4093474499,0.0,0.0,1,0.94,1
544,CASH_OUT,29044.07,C4308701294,36764.71,7720.64,C5077921573,242.18,242.18,0,0.0033333333333333335,0
409,TRANSFER,4295.48,C4308701294,7720.64,3425.16,C5689870435,0.09,4295.57,0,0.023333333333333334,0
4,TRANSFER,1.0,C2578662692,0.0,0.0,C8505373158,25.65,26.65,0,0.17333333333333334,0
300,PAYMENT,1.0,C8015775567,0.0,0.0,M1504729135,0.0,0.0,0,0.0,0
688,PAYMENT,7.24,C6923301988,7.82,0.58,M7948094928,0.0,0.0,0,0.0,0
65,CASH_OUT,18.67,C6218484323,65.22,46.55,C1364994639,621.39,621.39,0,0.006666666666666667,0
397,CASH_OUT,3703.79,C7951902330,3926.5,222.71,C6110943464,34.58,34.58,1,0.006666666666666667,0
592,CASH_OUT,4174.57,C7045593274,3872.59,0.0,C1106456634,358.07,358.07,1,0.22,0
274,PAYMENT,16.51,C2879792991,27.25,10.74,M3019265031,0.0,0.0,0,0.0,0
429,CASH_OUT,901.5,C6789448659,1551.01,649.51,C7470843264,0.0,0.0,0,0.04666666666666667,0
114,CASH_OUT,3968.2,C2139078760,3971.18,2.98,C6231117883,63.06,63.06,1,0.023333333333333334,0
94,CASH_OUT,178.37,C8261111839,143782.23,143603.86,C2464137110,1409.57,1409.57,0,0.0,0
94,PAYMENT,11.33,C5870268582,13.37,2.04,M9581187661,0.0,0.0,0,0.0,0
303,TRANSFER,3426.57,C2254516608,2905.78,0.0,M1099218439,0.0,0.0,1,0.81,1
651,PAYMENT,1.0,C9116428507,0.0,0.0,M2115862756,0.0,0.0,0,0.0,0
621,PAYMENT,1.0,C6124453431,0.0,0.0,M3457877922,0.0,0.0,0,0.0,0
357,PAYMENT,1.0,C6134840512,0.0,0.0,M1999913493,0.0,0.0,0,0.0,0
274,PAYMENT,4678.45,C4026379752,9397.84,4719.39,M4460319291,0.0,0.0,0,0.0,0
517,CASH_OUT,2523.46,C7882206934,2299.78,0.0,C1446457642,5389.69,5389.69,1,0.10333333333333333,0
148,PAYMENT,196.32,C9370133032,516.71,320.39,M9098037639,0.0,0.0,0,0.0,0
353,PAYMENT,1.0,C3303082117,1.21,0.21,M2115406331,0.0,0.0,0,0.0,0
244,CASH_OUT,15.64,C5400463094,37326.32,37310.68,C9437783771,0.0,0.0,0,0.0,0
457,CASH_OUT,13163.18,C5998623100,36598.2,23435.02,C9303765140,0.0,0.0,0,0.013333333333333334,0
492,CASH_OUT,21.13,C2510308881,50.24,29.11,C8375996697,0.0,0.0,0,0.03333333333333333,0
664,TRANSFER,229.05,C7977267911,206.22,0.0,C1257324536,123007.1,123007.1,1,0.0,0
296,PAYMENT,13143.77,C3987248494,15090.34,1946.57,M3208200227,0.0,0.0,0,0.0,0
106,PAYMENT,1.0,C9354711271,0.0,0.0,M5380159400,0.0,0.0,0,0.0033333333333333335,0
689,CASH_OUT,489.06,C9462806178,411.43,0.0,C5952163720,0.0,0.0,1,0.07,0
426,DEBIT,314.88,C4015479599,492.22,177.34,M2869931869,0.0,0.0,0,0.023333333333333334,0
146,TRANSFER,3728.81,C4022245086,3408.25,0.0,M5156392601,0.0,0.0,1,0.7933333333333333,1
526,PAYMENT,20.13,C7004964045,21.63,1.5,M3846182436,0.0,0.0,0,0.0,0
581,TRANSFER,643.06,C7527316141,739.06,96.0,C3420721027,1996.69,1996.69,1,0.04666666666666667,0
390,PAYMENT,1.0,C9081544414,0.0,0.0,M4641902461,0.0,0.0,0,0.0,0
398,TRANSFER,4432.41,C4877520294,3803.39,0.0,C9806189256,0.0,4432.41,1,0.03333333333333333,0
703,PAYMENT,257.53,C1770278136,445.37,187.84,M6011842297,0.0,0.0,0,0.0,0
263,PAYMENT,1.0,C2948728483,0.0,0.0,M4160161496,0.0,0.0,0,0.0,0
702,TRANSFER,125.15,C6623360831,141.05,15.9,C5689870435,4295.57,4420.72,1,0.023333333333333334,0
407,CASH_OUT,1954.77,C8270110908,1868.77,0.0,M3457877922,0.0,0.0,1,0.14333333333333334,0
143,TRANSFER,3675.76,C7229869819,4668.63,992.87,M4588312351,0.0,0.0,1,0.17,0
356,TRANSFER,1.0,C1664847319,0.0,0.0,C8180620422,0.0,1.0,0,0.22,0
263,CASH_OUT,153.48,C3853978147,172.95,19.47,C4636537575,0.0,0.0,0,0.01,0
715,PAYMENT,24949.22,C8318855178,60412.0,35462.78,M5585110649,0.0,0.0,0,0.0,0
607,PAYMENT,146.05,C9218363978,389.31,243.26,M3705237613,0.0,0.0,0,0.0,0
211,CASH_OUT,1493.08,C1749459431,1394.3,0.0,M4160161496,0.0,0.0,1,0.05,0
354,CASH_OUT,2028.05,C2416760621,2475.21,447.16,C4147025728,5.15,5.15,1,0.006666666666666667,0
163,PAYMENT,1.0,C6385791669,0.0,0.0,M2711123163,0.0,0.0,0,0.0,0
614,PAYMENT,24.11,C4681264539,37.01,12.9,M8138332494,0.0,0.0,0,0.0,0
323,PAYMENT,3.35,C3259520140,6.34,2.99,M4390543744,0.0,0.0,0,0.0,0
410,TRANSFER,133.62,C2947476917,219.2,85.58,C7937993287,166.25,299.87,0,0.03,0
512,PAYMENT,422.08,C4633257620,547.48,125.4,M2916502228,0.0,0.0,0,0.0,0
489,DEBIT,1.0,C6466597005,2.1,1.1,M7437168216,0.0,0.0,0,0.043333333333333335,0
22,CASH_OUT,105.35,C2891100776,146.89,41.54,C4765583254,4.69,4.69,0,0.0033333333333333335,0
56,TRANSFER,22.79,C2515672889,24.29,1.5,C2811967841,51.52,74.31,0,0.10666666666666667,0
335,PAYMENT,69.09,C4915196257,178.19,109.1,M8058679999,0.0,0.0,0,0.0,0
499,TRANSFER,2890.11,C2274350418,4110.61,1220.5,M7532669066,0.0,0.0,1,0.2966666666666667,0
342,PAYMENT,1.0,C8380312396,0.0,0.0,M2773408660,0.0,0.0,0,0.0,0
340,CASH_OUT,1.0,C1818112342,0.14,0.0,C7977267911,0.0,0.0,0,0.03333333333333333,0
300,CASH_OUT,2818.31,C9894264595,3234.52,416.21,M9631695368,0.0,0.0,1,0.006666666666666667,0
57,TRANSFER,4109.15,C4322510552,4888.08,778.93,C8453283834,0.0,4109.15,1,0.006666666666666667,0
263,PAYMENT,1.0,C4630196130,0.0,0.0,M2885370603,0.0,0.0,0,0.0,0
299,PAYMENT,1.0,C1160913827,0.64,0.0,M6282009986,0.0,0.0,0,0.0,0
425,PAYMENT,151.72,C4490722186,244.82,93.1,M4456193555,0.0,0.0,0,0.0,0
598,CASH_OUT,87.2,C2721355673,77.93,0.0,M5087280062,0.0,0.0,1,0.07333333333333333,0
67,CASH_OUT,114.26,C2953462417,137.18,22.92,M9441870024,0.0,0.0,1,0.006666666666666667,0
519,CASH_OUT,59.68,C2486744752,73.37,13.69,C4794276323,62.16,62.16,0,0.03333333333333333,0
617,PAYMENT,3.41,C6797174636,11.85,8.44,M1240140248,0.0,0.0,0,0.0,0
115,TRANSFER,1043.47,C2591589823,1192.99,149.52,C8293453178,0.75,1044.22,0,0.006666666666666667,0
348,PAYMENT,45.41,C2349641712,649.35,603.94,M8030400668,0.0,0.0,0,0.0,0
143,PAYMENT,4238.59,C5607762160,71979.59,67741.0,M1413599241,0.0,0.0,0,0.0,0
378,DEBIT,532.79,C4386667704,628.31,95.52,M6284297249,0.0,0.0,0,0.02,0
556,CASH_OUT,6426.91,C8578226896,6568.63,141.72,C9302705838,354.15,354.15,1,0.02666666666666667,0
164,CASH_OUT,128.2,C7568861677,520.9,392.7,C4914929023,2.61,2.61,0,0.006666666666666667,0
390,TRANSFER,73.04,C2017675569,65.25,0.0,C3772636814,402.29,402.29,1,0.013333333333333334,0
251,PAYMENT,1.0,C8795212264,0.0,0.0,M7343954769,0.0,0.0,0,0.0,0
531,PAYMENT,4863.65,C3758823240,16748.06,11884.41,M1199447370,0.0,0.0,0,0.0,0
643,CASH_OUT,75546.83,C3806215682,71009.48,0.0,C2646331504,113.72,113.72,1,0.25333333333333335,0
352,PAYMENT,459.52,C9337145038,595.39,135.87,M3145756342,0.0,0.0,0,0.0,0
460,PAYMENT,512.35,C9248046539,1228.63,716.28,M2655546199,0.0,0.0,0,0.0,0
556,PAYMENT,139.02,C1510289448,577.41,438.39,M8218146534,0.0,0.0,0,0.0,0
176,CASH_OUT,147.82,C8117478955,130.75,0.0,M2156184315,0.0,0.0,1,0.02,0
391,PAYMENT,1.0,C5508149905,0.0,0.0,M5412437658,0.0,0.0,0,0.0,0
544,PAYMENT,1.0,C1306702926,0.0,0.0,M4125758723,0.0,0.0,0,0.0,0
654,CASH_OUT,1.0,C8300300577,0.0,0.0,C8737025391,319.31,319.31,0,0.04666666666666667,0
647,CASH_OUT,8166.69,C3338877621,9049.92,883.23,C4765583254,4.69,4.69,1,0.023333333333333334,0
585,CASH_OUT,4040.05,C9526836552,4453.43,413.38,C6155234610,661.08,661.08,1,0.02,0
695,TRANSFER,1.0,C8394040015,0.0,0.0,C9981691030,29.34,30.34,0,0.18,0
396,PAYMENT,1.0,C1515024824,0.0,0.0,M1783432867,0.0,0.0,0,0.0,0
231,CASH_OUT,1.0,C5407856339,0.0,0.0,C3291270703,36.5,36.5,0,0.006666666666666667,0
573,PAYMENT,179.27,C4888749350,272.58,93.31,M7570511906,0.0,0.0,0,0.0,0
336,DEBIT,1.0,C2771211118,0.0,0.0,M3145756342,0.0,0.0,0,0.04,0
180,PAYMENT,1.0,C4632522232,0.0,0.0,M2249831874,0.0,0.0,0,0.0,0
504,CASH_OUT,1.0,C8303853049,0.11,0.0,C8779941999,4.1,4.1,0,0.056666666666666664,0
62,TRANSFER,2011.5,C7627266377,2128.72,117.22,C7049001493,128.31,2139.81,0,0.016666666666666666,0
106,TRANSFER,3104.77,C9663561486,4281.51,1176.74,M5959736235,0.0,0.0,1,0.2,0
533,CASH_OUT,67.05,C6463640105,85.12,18.07,C8854238082,0.0,0.0,0,0.03666666666666667,0
460,TRANSFER,154.3,C7825844140,140.4,0.0,C8084809436,0.0,154.3,1,0.15666666666666668,0
359,CASH_OUT,3289.31,C9493209128,4551.26,1261.95,M7282885927,0.0,0.0,1,0.013333333333333334,0
607,PAYMENT,8.93,C1659663750,27.08,18.15,M7192742877,0.0,0.0,0,0.0,0
516,CASH_OUT,895.01,C9493209128,1261.95,366.94,C6168291913,7.55,7.55,0,0.023333333333333334,0
142,TRANSFER,3880.13,C5212581851,4701.28,821.15,C1519709079,0.0,0.0,1,0.17333333333333334,0
61,TRANSFER,312.36,C4163119785,276.88,0.0,M7341757401,0.0,0.0,1,0.24,0
314,TRANSFER,34971.03,C9738752801,70710.25,35739.22,C3645901955,39848.22,74819.25,0,0.0,0
99,PAYMENT,17.87,C7248258423,77.77,59.9,M9625656293,0.0,0.0,0,0.0,0
635,PAYMENT,1.0,C3511301900,0.0,0.0,M6200141898,0.0,0.0,0,0.0,0
160,PAYMENT,166.89,C1121863227,185.41,18.52,M1694904767,0.0,0.0,0,0.0,0
82,CASH_OUT,1900.62,C4460967357,1597.74,0.0,C8208643631,385.07,385.07,1,0.06666666666666667,0
584,PAYMENT,264.42,C4972536230,348.28,83.86,M9916475897,0.0,0.0,0,0.0,0
696,DEBIT,47.54,C3781569954,207.67,160.13,M6865994703,0.0,0.0,0,0.023333333333333334,0
661,CASH_OUT,2481.03,C9279291478,3130.11,649.08,C6334440295,1012.86,1012.86,1,0.02,0
234,TRANSFER,153.42,C2041349374,365.46,212.04,C3693985578,0.0,153.42,0,0.013333333333333334,0
359,TRANSFER,63.14,C4440904834,82.85,19.71,C8229344434,0.0,63.14,0,0.15666666666666668,0
520,PAYMENT,46.46,C5400463094,37310.68,37264.22,M9640701016,0.0,0.0,0,0.0,0
127,TRANSFER,4175.13,C1553753599,4116.84,0.0,M3355504998,0.0,0.0,1,0.7466666666666667,1
22,TRANSFER,1923.37,C8721631198,1647.51,0.0,C6081137534,526.17,2449.54,1,0.023333333333333334,0
313,CASH_OUT,4537.95,C1225447588,3892.22,0.0,C2320763135,63.51,63.51,1,0.08,0
233,PAYMENT,21934.78,C2965164102,48748.5,26813.72,M9255306810,0.0,0.0,0,0.0,0
23,CASH_IN,17874.68,C2770980600,1254.38,19129.06,C4683935600,16190.11,16190.11,0,0.0,0
79,PAYMENT,1.0,C2721355673,0.0,0.0,M2228388623,0.0,0.0,0,0.0,0
718,TRANSFER,63.1,C5067116918,73.12,10.02,C4564751926,38.39,101.49,0,0.10333333333333333,0
153,TRANSFER,2048.15,C8055515912,2210.57,162.42,M8144889126,0.0,0.0,1,0.15666666666666668,0
299,CASH_IN,35967.33,C2068687175,6741.27,42708.6,C3667740351,0.0,0.0,0,0.0,0
548,PAYMENT,150.49,C8377088167,204.06,53.57,M2418407139,0.0,0.0,0,0.0,0
334,TRANSFER,11013.19,C7534583219,15325.3,4312.11,M9916475897,0.0,0.0,1,0.25,0
58,CASH_OUT,1103.47,C9958044697,1357.82,254.35,M3313346852,0.0,0.0,1,0.0,0
218,CASH_IN,73380.48,C9581991473,300.32,73680.8,C7517938612,21.64,21.64,0,0.0,0
338,CASH_OUT,572.36,C5982744929,728.25,155.89,M2518433834,0.0,0.0,1,0.013333333333333334,0
699,TRANSFER,59.94,C7965608188,60.56,0.62,C3380064537,50742.01,50801.95,0,0.01,0
334,TRANSFER,1.0,C2846465000,0.0,0.0,C1553155490,0.0,1.0,0,0.22,0
685,TRANSFER,138.46,C8084809436,154.3,15.84,C7596745715,1.54,140.0,0,0.09333333333333334,0
345,CASH_OUT,2997.06,C2140169349,114720.48,111723.42,C1510289448,438.39,438.39,0,0.0,0
451,PAYMENT,1.0,C9354711271,0.0,0.0,M7230477043,0.0,0.0,0,0.0,0
609,CASH_OUT,972.52,C1855256552,925.46,0.0,M6659847491,0.0,0.0,1,0.22,0
5,PAYMENT,4.51,C1600566083,8.13,3.62,M2155671697,0.0,0.0,0,0.0,0
154,PAYMENT,1.0,C4696689457,0.0,0.0,M7050091525,0.0,0.0,0,0.0,0
589,TRANSFER,5673.1,C2940955281,4738.42,0.0,M8778927211,0.0,0.0,1,0.96,1
642,PAYMENT,3.7,C4180599722,4.61,0.91,M2328736852,0.0,0.0,0,0.0,0
474,CASH_OUT,240.36,C5641959772,266.84,26.48,C2566942273,3.1,3.1,1,0.05,0
66,CASH_OUT,1038.86,C5634076661,1166.16,127.3,M2869931869,0.0,0.0,1,0.0033333333333333335,0
639,TRANSFER,221.13,C3971203213,237.03,15.9,C5736462531,0.0,221.13,0,0.1,0
297,TRANSFER,11201.05,C1551395583,18504.42,7303.37,C1288765093,88.05,11289.1,0,0.0,0
94,CASH_OUT,1676.04,C3480920839,1439.03,0.0,M1711271599,0.0,0.0,1,0.05,0
49,CASH_IN,79879.34,C2075321966,0.0,79879.34,C7579604766,11.54,11.54,0,0.0,0
544,CASH_OUT,1.0,C5751366455,1.0,0.0,C7608141858,56.9,56.9,0,0.05,0
306,TRANSFER,5868.52,C1785418196,33083.76,27215.24,C9919491730,45.04,5913.56,0,0.0,0
534,PAYMENT,3479.43,C9806189256,4432.41,952.98,M3156792018,0.0,0.0,0,0.0,0
587,CASH_OUT,1.0,C9922723063,0.0,0.0,C2400094541,243.7,243.7,0,0.05333333333333334,0
143,PAYMENT,1.06,C6645808194,1.39,0.33,M7651029165,0.0,0.0,0,0.0,0
147,CASH_OUT,290.44,C3338877621,883.23,592.79,C9019515562,749.74,749.74,0,0.01,0
363,TRANSFER,1.0,C6566372886,0.0,0.0,C9370133032,320.39,321.39,0,0.01,0
628,PAYMENT,436.13,C9626333315,511.61,75.48,M3965860354,0.0,0.0,0,0.0,0
104,CASH_IN,1764.88,C2683446724,23.96,1788.84,C9272277508,22.43,22.43,0,0.0,0
359,CASH_IN,115046.42,C4602080228,1204.96,116251.38,C7226553010,9.07,9.07,0,0.0,0
270,PAYMENT,1.0,C6880115912,0.0,0.0,M4865979921,0.0,0.0,0,0.0,0
692,TRANSFER,955.97,C2087974350,1328.58,372.61,C6628158856,53709.56,53709.56,1,0.0033333333333333335,0
136,TRANSFER,1.0,C1506211965,0.0,0.0,C4993808565,3.97,4.97,0,0.17,0
566,PAYMENT,28.67,C3190227431,93.59,64.92,M6790024996,0.0,0.0,0,0.0,0
545,CASH_OUT,101664.42,C6054421752,117978.13,16313.71,M2625035499,0.0,0.0,1,0.016666666666666666,0
531,TRANSFER,27.04,C5067245523,105.46,78.42,C9989642546,0.0,27.04,0,0.17,0
377,DEBIT,11.18,C1664885408,26.03,14.85,M8646369354,0.0,0.0,0,0.023333333333333334,0
233,PAYMENT,68.4,C8106906538,248.21,179.81,M3119908041,0.0,0.0,0,0.0,0
335,DEBIT,661.19,C5586143660,1172.29,511.1,M1711271599,0.0,0.0,0,0.013333333333333334,0
561,PAYMENT,1.0,C1741134891,0.0,0.0,M6744039057,0.0,0.0,0,0.0,0
436,TRANSFER,47.23,C8265834251,71.17,23.94,C5778781449,0.0,47.23,0,0.16666666666666666,0
435,PAYMENT,1.0,C9661615016,0.0,0.0,M4093474499,0.0,0.0,0,0.0,0
116,TRANSFER,247.34,C3744446292,207.46,0.0,M1096405016,0.0,0.0,1,0.23,0
272,CASH_OUT,88.85,C1036351450,115.48,26.63,C7852415525,0.1,0.1,0,0.0033333333333333335,0
529,TRANSFER,3061.74,C9327720702,3606.78,545.04,C2770980600,19129.06,22190.8,1,0.0033333333333333335,0
710,PAYMENT,1.0,C6289150149,1.0,0.0,M9921025990,0.0,0.0,0,0.0,0
338,CASH_OUT,368.13,C6329589780,354.17,0.0,M7702529931,0.0,0.0,1,0.05333333333333334,0
144,DEBIT,190.61,C2720484983,298.37,107.76,M6820149016,0.0,0.0,0,0.016666666666666666,0
665,CASH_OUT,1.21,C8925520026,5.91,4.7,C5923940434,69.01,69.01,0,0.03,0
407,PAYMENT,794.46,C6418365941,1786.59,992.13,M1692044390,0.0,0.0,0,0.0,0
654,PAYMENT,302.74,C9645619869,816.97,514.23,M3208200227,0.0,0.0,0,0.0,0
280,CASH_OUT,222.64,C8160279830,592.71,370.07,C7452729913,0.0,0.0,0,0.01,0
24,TRANSFER,1045.52,C1805492785,1274.95,229.43,M4896576569,0.0,0.0,1,0.10333333333333333,0
431,PAYMENT,334.81,C1667483244,472.99,138.18,M7951820749,0.0,0.0,0,0.0,0
559,PAYMENT,1.0,C8761956684,0.0,0.0,M2655546199,0.0,0.0,0,0.0,0
659,PAYMENT,17468.65,C8057994126,51931.4,34462.75,M6041646576,0.0,0.0,0,0.0,0
688,TRANSFER,1.0,C5600836559,0.0,0.0,C4776436931,61832.17,61833.17,0,0.01,0
241,PAYMENT,17.71,C9730449971,23.33,5.62,M2155671697,0.0,0.0,0,0.0,0
699,TRANSFER,2195.07,C6558450990,2224.04,28.97,M3119908041,0.0,0.0,1,0.49,0
521,TRANSFER,1.0,C1913706213,0.0,0.0,C8316648259,39.23,40.23,0,0.18333333333333332,0
278,TRANSFER,840.84,C7249213370,717.61,0.0,M5325865521,0.0,0.0,1,0.30333333333333334,0
582,PAYMENT,2.24,C4147025728,5.15,2.91,M2156184315,0.0,0.0,0,0.0,0
191,CASH_OUT,5272.48,C7059591606,4876.26,0.0,M7192742877,0.0,0.0,1,0.043333333333333335,0
526,CASH_IN,15470.19,C1594312071,0.0,15470.19,C8902114913,18.55,18.55,0,0.0,0
702,PAYMENT,520.32,C4202607993,805.97,285.65,M1357561213,0.0,0.0,0,0.0,0
554,CASH_IN,99692.38,C9182543558,654.04,100346.42,C2181241943,36.29,36.29,0,0.0,0
154,TRANSFER,3.08,C5184564874,3.83,0.75,C5724657556,165.41,168.49,0,0.03,0
46,CASH_OUT,92.48,C3615507143,139.36,46.88,C7292376027,43.37,43.37,0,0.0033333333333333335,0
202,TRANSFER,165.21,C9479654136,180.5,15.29,C5951406973,96.23,261.44,1,0.006666666666666667,0
504,PAYMENT,1.0,C3738900744,0.0,0.0,M6606958660,0.0,0.0,0,0.0,0
684,DEBIT,8176.06,C5100282913,50899.05,42722.99,M6495967005,0.0,0.0,0,0.02666666666666667,0
49,TRANSFER,3.76,C8235717104,12.57,8.81,C9481076448,4.23,7.99,0,0.13,0
188,PAYMENT,1.0,C9032096058,0.0,0.0,M9043367776,0.0,0.0,0,0.0,0
89,TRANSFER,1736.18,C7340498236,1464.32,0.0,M5990749811,0.0,0.0,1,0.38666666666666666,0
367,CASH_OUT,11.22,C9711080868,16.44,5.22,C2076151332,11420.23,11420.23,0,0.0,0
671,TRANSFER,321.96,C8734449371,348.01,26.05,C8132531532,0.0,0.0,1,0.17,0
705,CASH_OUT,190.74,C2493660313,166.78,0.0,C8012696455,135.4,135.4,1,0.056666666666666664,0
23,TRANSFER,1.0,C1306702926,0.0,0.0,C1792214339,0.0,1.0,0,0.21666666666666667,0
344,PAYMENT,81.39,C5474951950,358.96,277.57,M7717262223,0.0,0.0,0,0.0,0
650,PAYMENT,1.66,C9798548049,3.58,1.92,M6846530109,0.0,0.0,0,0.0,0
251,PAYMENT,48.35,C4633257620,125.4,77.05,M3119908041,0.0,0.0,0,0.0,0
590,PAYMENT,1.0,C7625464411,0.0,0.0,M2635881694,0.0,0.0,0,0.0,0
102,TRANSFER,834.44,C9623534576,858.39,23.95,C1983297492,99273.38,99273.38,1,0.0,0
179,CASH_OUT,1999.03,C5754363475,2320.33,321.3,M6525576685,0.0,0.0,1,0.0,0
28,PAYMENT,1.0,C6542943838,0.0,0.0,M5315720088,0.0,0.0,0,0.0,0
609,PAYMENT,1.4,C5976777081,3.3,1.9,M8874242713,0.0,0.0,0,0.0,0
644,PAYMENT,51.96,C7049001493,2139.81,2087.85,M2129491690,0.0,0.0,0,0.0,0
178,TRANSFER,1181.19,C1722124509,1534.6,353.41,M1647181551,0.0,0.0,1,0.10333333333333333,0
554,TRANSFER,1722.6,C6081137534,2449.54,726.94,C1457632732,487.6,487.6,1,0.10333333333333333,0
353,TRANSFER,1072.82,C2343100352,928.05,0.0,M6651020291,0.0,0.0,1,0.31333333333333335,0
99,TRANSFER,1924.33,C9894847574,1610.03,0.0,M6495967005,0.0,0.0,1,0.4266666666666667,0
63,CASH_OUT,91.86,C2591589823,149.52,57.66,C3058982440,441.36,441.36,0,0.006666666666666667,0
432,TRANSFER,28887.13,C5175416378,28064.82,0.0,M5985331805,0.0,0.0,1,0.94,1
541,PAYMENT,1.0,C4566852761,0.0,0.0,M6744039057,0.0,0.0,0,0.0,0
560,CASH_OUT,515.31,C9941564880,626.91,111.6,C7887950851,724.69,724.69,0,0.03333333333333333,0
145,DEBIT,186.56,C8160279830,370.07,183.51,M4160161496,0.0,0.0,0,0.01,0
443,PAYMENT,5930.27,C8394198376,7064.68,1134.41,M1368287033,0.0,0.0,0,0.0,0
500,PAYMENT,1.0,C2771211118,0.0,0.0,M8443061472,0.0,0.0,0,0.0,0
488,PAYMENT,61.64,C4026816435,193.11,131.47,M3322580659,0.0,0.0,0,0.0,0
577,CASH_IN,142118.03,C3412365931,69.84,142187.87,C5861829469,0.0,0.0,0,0.0,0
278,PAYMENT,1.0,C8369792370,0.0,0.0,M8667946580,0.0,0.0,0,0.0,0
504,TRANSFER,1616.19,C7431813987,1819.35,203.16,M7948094928,0.0,0.0,1,0.23333333333333334,0
407,CASH_IN,21.22,C3197757742,24.01,45.23,C4877520294,0.0,0.0,0,0.006666666666666667,0
197,DEBIT,1.0,C6186758088,0.0,0.0,M3355504998,0.0,0.0,0,0.03,0
256,CASH_OUT,188.12,C3655790301,194.24,6.12,M3438830691,0.0,0.0,1,0.016666666666666666,0
271,PAYMENT,42.12,C7393195616,53.47,11.35,M6732306182,0.0,0.0,0,0.0,0
210,TRANSFER,162.7,C9957643727,139.0,0.0,M3705237613,0.0,0.0,1,0.23666666666666666,0
260,TRANSFER,3224.72,C6613888489,2699.59,0.0,M3072183247,0.0,0.0,1,0.81,1
374,CASH_IN,139300.86,C3587283948,0.0,139300.86,C2879792991,10.74,10.74,0,0.0,0
457,PAYMENT,35.85,C3781569954,160.13,124.28,M5315720088,0.0,0.0,0,0.0,0
251,TRANSFER,798.18,C7981077394,894.04,95.86,M8030400668,0.0,0.0,1,0.18,0
369,PAYMENT,1.0,C3528924461,0.0,0.0,M3495411322,0.0,0.0,0,0.0,0
17,CASH_OUT,37.74,C4564751926,101.49,63.75,C9259157845,0.0,0.0,0,0.0033333333333333335,0
376,CASH_OUT,1084.48,C3483827971,996.55,0.0,M8218146534,0.0,0.0,1,0.16,0
703,TRANSFER,5749.83,C2602884797,8407.94,2658.11,C8285000265,12977.25,18727.08,0,0.0,0
45,CASH_OUT,367.62,C3515167269,514.69,147.07,C2633177480,4.71,4.71,1,0.0033333333333333335,0
318,PAYMENT,61.28,C4026816435,131.47,70.19,M1811839103,0.0,0.0,0,0.0,0
698,TRANSFER,219.87,C7568861677,392.7,172.83,C2139027119,934.35,1154.22,0,0.03333333333333333,0
353,CASH_OUT,29029.51,C4097887746,24818.21,0.0,M7960713821,0.0,0.0,1,0.04,0
132,PAYMENT,1.0,C6633778586,0.0,0.0,M8366710477,0.0,0.0,0,0.0,0
132,CASH_OUT,1.0,C5175416378,0.0,0.0,C8309221034,1.7,1.7,0,0.0033333333333333335,0
4,PAYMENT,22.46,C6924716023,41.65,19.19,M6932365592,0.0,0.0,0,0.0,0
308,PAYMENT,1.0,C1614685938,0.0,0.0,M6284297249,0.0,0.0,0,0.0,0
382,PAYMENT,104.84,C3722583581,213.48,108.64,M1692044390,0.0,0.0,0,0.0,0
685,PAYMENT,1.0,C5898890707,0.0,0.0,M1692044390,0.0,0.0,0,0.0,0
596,PAYMENT,819.9,C4353689019,1204.59,384.69,M8667946580,0.0,0.0,0,0.0,0
633,TRANSFER,1914.19,C7085004726,2711.35,797.16,C4683935600,16190.11,16190.11,1,0.013333333333333334,0
21,TRANSFER,4397.75,C6633778586,4387.5,0.0,M8144352013,0.0,0.0,1,0.74,1
448,CASH_OUT,16211.3,C9523104008,22286.55,6075.25,C2752536389,475.5,475.5,1,0.0033333333333333335,0
643,CASH_IN,56619.04,C6588316233,0.0,56619.04,C2178884276,63.38,63.38,0,0.0,0
14,CASH_IN,9279.91,C1011759631,0.0,9279.91,C4586139213,352.04,352.04,0,0.0,0
420,CASH_OUT,2084.85,C5150090143,2061.86,0.0,M2129491690,0.0,0.0,1,0.38,0
87,DEBIT,64.23,C2870403050,113.07,48.84,M1802753761,0.0,0.0,0,0.02,0
539,PAYMENT,155.28,C8953726023,166.61,11.33,M7928143230,0.0,0.0,0,0.0,0
129,CASH_OUT,2024.29,C8925520026,2250.48,226.19,C9136780852,111.1,111.1,1,0.0,0
621,PAYMENT,1.0,C6777263354,0.0,0.0,M8964269909,0.0,0.0,0,0.0,0
464,PAYMENT,58.52,C2647489402,99.98,41.46,M5937271321,0.0,0.0,0,0.0,0
589,PAYMENT,60.35,C2720484983,107.76,47.41,M1647181551,0.0,0.0,0,0.0,0
167,CASH_OUT,2380.01,C2566942273,1994.82,0.0,C2866092821,8915.16,8915.16,1,0.0033333333333333335,0
265,PAYMENT,33.42,C7533932947,72.62,39.2,M5270048042,0.0,0.0,0,0.0,0
359,CASH_IN,33.65,C3426665919,0.0,33.65,C1207916194,0.0,0.0,0,0.0033333333333333335,0
484,PAYMENT,43.43,C9806189256,952.98,909.55,M3438830691,0.0,0.0,0,0.0,0
175,TRANSFER,327.66,C7193532615,294.17,0.0,M6284297249,0.0,0.0,1,0.23,0
274,PAYMENT,4788.8,C1110724913,12630.86,7842.06,M9773795424,0.0,0.0,0,0.0,0
104,TRANSFER,1.0,C8380507338,0.0,0.0,C7483366056,248.89,249.89,0,0.023333333333333334,0
152,PAYMENT,90.42,C9337145038,135.87,45.45,M1666898313,0.0,0.0,0,0.0,0
575,TRANSFER,384.88,C7074050517,417.74,32.86,C7525240100,105.92,105.92,1,0.09,0
615,TRANSFER,1.0,C8015124886,1.0,0.0,C5982744929,155.89,156.89,0,0.12666666666666668,0
137,CASH_OUT,1035.84,C1033015788,986.08,0.0,M3156792018,0.0,0.0,1,0.07333333333333333,0
640,PAYMENT,2.13,C5610783750,5.66,3.53,M7192742877,0.0,0.0,0,0.0,0
36,CASH_OUT,1.0,C9166381136,0.0,0.0,C1225447588,0.0,0.0,0,0.0033333333333333335,0
349,DEBIT,1.0,C3783009621,0.0,0.0,M3223687972,0.0,0.0,0,0.04,0
639,TRANSFER,122.62,C6405851839,451.95,329.33,C7671041685,0.0,122.62,0,0.09333333333333334,0
706,TRANSFER,8.1,C8109891300,33.61,25.51,C2879792991,10.74,18.84,0,0.14,0
690,PAYMENT,1.0,C1399546384,0.0,0.0,M5869990861,0.0,0.0,0,0.0,0
110,CASH_OUT,126.26,C3521166052,118.15,0.0,C4460967357,0.0,0.0,1,0.006666666666666667,0
330,PAYMENT,1.0,C2379592595,0.0,0.0,M6763471833,0.0,0.0,0,0.0,0
52,TRANSFER,38541.48,C6628158856,53709.56,15168.08,C4042413312,4.93,38546.41,0,0.0,0
261,PAYMENT,1.0,C6773938304,0.0,0.0,M7951820749,0.0,0.0,0,0.0,0
75,CASH_OUT,1.0,C2578662692,0.0,0.0,C8721631198,0.0,0.0,0,0.006666666666666667,0
72,CASH_OUT,7053.25,C3343292475,6297.79,0.0,M8728631945,0.0,0.0,1,0.043333333333333335,0
298,TRANSFER,638.42,C1383539822,749.84,111.42,M4820942294,0.0,0.0,1,0.16,0
118,TRANSFER,1.0,C4203205881,0.0,0.0,C3271361431,0.0,1.0,0,0.22333333333333333,0
271,TRANSFER,7.33,C3971203213,15.9,8.57,C9245348297,55.62,62.95,0,0.09333333333333334,0
262,TRANSFER,1.0,C4034047118,0.0,0.0,C7088451458,595.03,596.03,0,0.016666666666666666,0
487,TRANSFER,7.97,C8366884200,19.59,11.62,C5646880148,28.98,36.95,0,0.13,0
37,TRANSFER,280.03,C6837975356,378.04,98.01,M6515490818,0.0,0.0,1,0.15333333333333332,0
523,TRANSFER,29635.48,C6879428703,25393.06,0.0,C7296658772,1350.61,1350.61,1,0.36666666666666664,0
89,PAYMENT,1.0,C3783009621,0.0,0.0,M4093474499,0.0,0.0,0,0.0,0
135,CASH_IN,3928.07,C6698759353,1143.37,5071.44,C9904586976,578.66,578.66,0,0.0,0
492,TRANSFER,1743.34,C9376277483,1622.86,0.0,C8556573246,18362.6,20105.94,1,0.05333333333333334,0
720,PAYMENT,140.34,C1067198189,1925.22,1784.88,M6011842297,0.0,0.0,0,0.0,0
364,PAYMENT,1.0,C5612645121,0.0,0.0,M3369412470,0.0,0.0,0,0.0,0
405,CASH_IN,26841.63,C8650676663,156.2,26997.83,C1572827654,0.0,0.0,0,0.0,0
395,CASH_OUT,1215.87,C1251837136,1472.41,256.54,C7333316743,1180.8,1180.8,1,0.0033333333333333335,0
561,TRANSFER,3.26,C5695387521,3.91,0.65,C8168394616,377.09,380.35,0,0.09,0
686,CASH_OUT,1010.21,C1084790270,1138.61,128.4,C2094024844,0.0,0.0,1,0.02666666666666667,0
450,CASH_OUT,122.06,C1131267917,128.17,6.11,C1952396600,7.54,7.54,1,0.056666666666666664,0
526,TRANSFER,3.81,C6469318275,11.74,7.93,C9533595495,2.23,6.04,0,0.16666666666666666,0
473,CASH_OUT,4814.89,C5141285960,4275.86,0.0,C7431813987,203.16,203.16,1,0.3466666666666667,0
91,CASH_IN,120479.9,C1717346250,28.45,120508.35,C8281641403,15.94,15.94,0,0.0,0
105,PAYMENT,13.22,C2962750929,24.71,11.49,M2773408660,0.0,0.0,0,0.0,0
490,CASH_OUT,54.22,C7417183769,497.55,443.33,C5077921573,242.18,242.18,0,0.02,0
591,PAYMENT,1.0,C6618926823,0.03,0.0,M6101516825,0.0,0.0,0,0.0,0
296,TRANSFER,23.16,C9673185158,85.82,62.66,C7660157097,165230.97,165254.13,0,0.0033333333333333335,0
471,PAYMENT,652.33,C3294092753,102627.11,101974.78,M6846530109,0.0,0.0,0,0.0,0
286,DEBIT,127.18,C2924568778,1414.59,1287.41,M7453081889,0.0,0.0,0,0.01,0
669,PAYMENT,1.0,C3774110439,0.0,0.0,M9620935604,0.0,0.0,0,0.0,0
222,PAYMENT,3.68,C2818381356,5.1,1.42,M6384311581,0.0,0.0,0,0.0,0
242,CASH_IN,36128.16,C3567900251,406.34,36534.5,C9981364488,0.0,0.0,0,0.0,0
361,DEBIT,55.82,C7340428136,106.16,50.34,M2303835765,0.0,0.0,0,0.023333333333333334,0
34,TRANSFER,3284.58,C5837082260,3342.83,58.25,M6495967005,0.0,0.0,1,0.41,0
397,TRANSFER,1.0,C2493660313,0.0,0.0,C5634076661,127.3,128.3,0,0.06,0
290,TRANSFER,1047.14,C1124331395,1049.18,2.04,C7666869046,213.2,1260.34,1,0.02666666666666667,0
131,CASH_OUT,23.28,C3615507143,46.88,23.6,C2237386857,0.0,0.0,0,0.0,0
385,TRANSFER,26.72,C6305160342,35.31,8.59,C4767539382,0.0,26.72,0,0.15666666666666668,0
14,PAYMENT,300.41,C3878719791,442.65,142.24,M3965860354,0.0,0.0,0,0.0,0
645,TRANSFER,274.92,C1726990714,601.74,326.82,C8235717104,8.81,283.73,0,0.06,0
407,PAYMENT,78.84,C6655089949,144.24,65.4,M3534186676,0.0,0.0,0,0.0,0
525,CASH_OUT,3411.57,C8570333548,3379.28,0.0,C4864126433,201.14,201.14,1,0.19333333333333333,0
312,PAYMENT,65.84,C7625389037,145.04,79.2,M8218146534,0.0,0.0,0,0.0,0
311,PAYMENT,1.0,C4882343658,0.25,0.0,M9576264323,0.0,0.0,0,0.0,0
417,DEBIT,1.0,C1094115188,0.0,0.0,M1504729135,0.0,0.0,0,0.05333333333333334,0
63,TRANSFER,105.5,C4508521152,94.39,0.0,M7351460539,0.0,0.0,1,0.24333333333333335,0
326,DEBIT,692.08,C8831899893,829.38,137.3,M3119908041,0.0,0.0,0,0.016666666666666666,0
299,PAYMENT,1.4,C1039262289,24.15,22.75,M3536590481,0.0,0.0,0,0.0,0
270,PAYMENT,1.0,C2295574037,0.22,0.0,M6498703287,0.0,0.0,0,0.0,0
362,CASH_OUT,131.5,C7627266377,117.22,0.0,C5489485517,0.0,0.0,1,0.03666666666666667,0
374,PAYMENT,961.15,C9858643842,1441.34,480.19,M4952177946,0.0,0.0,0,0.0,0
98,CASH_OUT,21265.4,C9516893896,28181.38,6915.98,C6448001026,130351.76,130351.76,0,0.0,0
301,PAYMENT,15.0,C4427620889,17.71,2.71,M7948094928,0.0,0.0,0,0.0,0
534,TRANSFER,264.73,C5829062179,286.21,21.48,C2075413763,0.0,264.73,0,0.08,0
553,TRANSFER,418.26,C9327720702,545.04,126.78,C9462806178,0.0,418.26,0,0.06333333333333334,0
36,TRANSFER,1.0,C7824150224,0.0,0.0,C5703357871,2554.18,2555.18,0,0.0,0
355,TRANSFER,16.81,C6837342064,52.19,35.38,C8215470878,1325.18,1341.99,0,0.0033333333333333335,0
540,CASH_OUT,3793.38,C5130589741,3998.36,204.98,C8902114913,18.55,18.55,1,0.03,0
633,TRANSFER,1.0,C7249213370,0.0,0.0,C9798548049,1.92,2.92,0,0.23333333333333334,0
438,CASH_OUT,152.17,C8025152555,181.59,29.42,C6340003593,1152.11,1152.11,0,0.05,0
67,DEBIT,112.85,C2173242669,171.77,58.92,M7514017540,0.0,0.0,0,0.016666666666666666,0
241,PAYMENT,59.56,C5416031878,62.96,3.4,M1099218439,0.0,0.0,0,0.0,0
457,PAYMENT,1162.48,C2390587865,6635.19,5472.71,M3156792018,0.0,0.0,0,0.0,0
678,CASH_IN,69688.67,C9697354961,65.89,69754.56,C6995554056,10.86,10.86,0,0.0,0
527,DEBIT,1.0,C5952894290,0.0,0.0,M5315720088,0.0,0.0,0,0.043333333333333335,0
718,TRANSFER,422.18,C5604529187,422.03,0.0,C5315211627,1313.86,1736.04,1,0.06333333333333334,0
352,TRANSFER,1506.3,C5750815980,1279.8,0.0,M5067400473,0.0,0.0,1,0.3566666666666667,0
149,CASH_OUT,1843.99,C7568980185,2525.29,681.3,C7465834732,3569.01,3569.01,1,0.0,0
70,CASH_OUT,712.41,C4130305126,639.89,0.0,M9441870024,0.0,0.0,1,0.09333333333333334,0
5,CASH_OUT,93.09,C7981077394,95.86,2.77,M8667946580,0.0,0.0,1,0.03666666666666667,0
68,CASH_IN,53030.33,C1664885408,14.85,53045.18,C7935554354,188.0,188.0,0,0.0,0
274,CASH_OUT,1.0,C3316787198,0.0,0.0,C9255898264,0.0,0.0,0,0.02666666666666667,0
201,CASH_OUT,99.07,C2848792488,109.74,10.67,C8282534126,125.51,125.51,0,0.0033333333333333335,0
359,PAYMENT,1.0,C6942989052,0.0,0.0,M6583604299,0.0,0.0,0,0.0,0
115,TRANSFER,72.37,C8695129534,335.77,263.4,C8721631198,0.0,72.37,0,0.08333333333333333,0
515,CASH_OUT,257.61,C5455441991,284.65,27.04,M5794335854,0.0,0.0,1,0.04,0
180,CASH_OUT,15500.6,C7920516981,21837.39,6336.79,C8578226896,141.72,141.72,1,0.0033333333333333335,0
152,PAYMENT,1.0,C5433722159,0.0,0.0,M2243802345,0.0,0.0,0,0.0,0
173,CASH_IN,138.49,C9579064478,240.38,378.87,C4277422858,1965.31,1965.31,0,0.0,0
444,CASH_OUT,4097.96,C9255898264,4969.93,871.97,M1647181551,0.0,0.0,1,0.03666666666666667,0
28,TRANSFER,3630.16,C3396953414,3068.77,0.0,M8366710477,0.0,0.0,1,0.7633333333333333,1
344,CASH_OUT,1.0,C8180620422,1.0,0.0,C6923893872,0.0,0.0,0,0.03666666666666667,0
425,TRANSFER,1.0,C4345526911,0.0,0.0,C8505373158,26.65,27.65,0,0.16666666666666666,0
513,CASH_OUT,183.63,C1251837136,256.54,72.91,M7192742877,0.0,0.0,1,0.03666666666666667,0
340,CASH_OUT,5.66,C4577406847,6.82,1.16,C5735817014,0.0,0.0,0,0.02666666666666667,0
530,TRANSFER,999.62,C3987248494,1946.57,946.95,C6619138852,0.0,999.62,0,0.06,0
314,PAYMENT,1.0,C6458544482,0.0,0.0,M6495967005,0.0,0.0,0,0.0,0
27,PAYMENT,144.72,C1805492785,229.43,84.71,M6401844042,0.0,0.0,0,0.0,0
518,CASH_OUT,140.73,C4714465905,195.83,55.1,C9306142066,0.21,0.21,0,0.03666666666666667,0
488,CASH_OUT,2315.43,C9611537583,2840.17,524.74,C6947080764,41.97,41.97,1,0.02666666666666667,0
255,TRANSFER,377.44,C7099469983,465.79,88.35,C7666869046,1260.34,1637.78,0,0.0033333333333333335,0
60,TRANSFER,1503.58,C7190276026,2597.67,1094.09,C1494287462,1.43,1505.01,0,0.01,0
433,PAYMENT,6.2,C5903457537,18.05,11.85,M5380159400,0.0,0.0,0,0.0,0
350,CASH_OUT,1.0,C4145461251,0.33,0.0,C3843139149,0.0,0.0,0,0.03333333333333333,0
220,PAYMENT,200.5,C3484872186,612.07,411.57,M9255306810,0.0,0.0,0,0.0,0
601,TRANSFER,1.0,C7825844140,0.0,0.0,C1754368373,6.18,7.18,0,0.20333333333333334,0
102,CASH_OUT,4213.71,C3149533961,4318.55,104.84,C9337145038,45.45,45.45,1,0.0033333333333333335,0
491,CASH_OUT,705.81,C4919706735,987.58,281.77,C3045102506,8.25,8.25,0,0.04,0
630,DEBIT,28.47,C7292376027,43.37,14.9,M3605446007,0.0,0.0,0,0.03,0
354,CASH_OUT,14.96,C7517938612,21.64,6.68,C6037168610,0.0,0.0,0,0.013333333333333334,0
643,TRANSFER,1.0,C1756345332,0.0,0.0,C9081544414,0.0,1.0,0,0.23,0
614,PAYMENT,1.0,C1306702926,0.0,0.0,M9631695368,0.0,0.0,0,0.0,0
176,TRANSFER,138.95,C8083175325,194.22,55.27,C5774080233,35.24,174.19,0,0.043333333333333335,0
48,TRANSFER,24465.67,C8650676663,26997.83,2532.16,M6771941776,0.0,0.0,1,0.24666666666666667,0
668,CASH_OUT,32.16,C9376711497,51.76,19.6,C4268713302,0.0,0.0,0,0.02666666666666667,0
534,TRANSFER,75441.83,C3589530484,94171.6,18729.77,C2732553940,924.98,924.98,1,0.06666666666666667,0
163,CASH_IN,97077.75,C9165632300,0.0,97077.75,C8377088167,53.57,53.57,0,0.0,0
414,DEBIT,5.02,C6493800024,17.03,12.01,M2555936898,0.0,0.0,0,0.03333333333333333,0
480,TRANSFER,48.53,C4645120421,69.17,20.64,C9306142066,0.21,48.74,0,0.17333333333333334,0
89,DEBIT,24275.15,C9411532909,32502.14,8226.99,M7340036327,0.0,0.0,0,0.016666666666666666,0
469,TRANSFER,1068.28,C4605117440,1443.22,374.94,M3322580659,0.0,0.0,1,0.15,0
579,TRANSFER,19171.47,C5272119095,17571.76,0.0,M9773795424,0.0,0.0,1,0.9633333333333334,1
252,PAYMENT,1.52,C2191714875,6.07,4.55,M5734228580,0.0,0.0,0,0.0,0
395,TRANSFER,1.0,C6656646925,0.0,0.0,C3338877621,592.79,593.79,0,0.013333333333333334,0
441,PAYMENT,294.57,C1370292681,429.9,135.33,M1711271599,0.0,0.0,0,0.0,0
702,PAYMENT,46.86,C3033747850,102.49,55.63,M3636366799,0.0,0.0,0,0.0,0
341,CASH_OUT,160.94,C9115282784,170.8,9.86,C3245108207,656.47,656.47,1,0.023333333333333334,0
360,TRANSFER,93.27,C5634076661,128.3,35.03,C5710360983,103.67,103.67,1,0.03666666666666667,0
524,TRANSFER,4056.39,C8664882079,4652.61,596.22,C5201221330,0.0,0.0,1,0.31,0
449,PAYMENT,181.2,C3828935922,478.73,297.53,M7512767226,0.0,0.0,0,0.0,0
110,CASH_OUT,2.39,C3713284816,7.99,5.6,C5856127658,0.0,0.0,0,0.0033333333333333335,0
210,CASH_OUT,24.88,C1045302356,42.22,17.34,C8833889083,456.57,456.57,0,0.0,0
610,TRANSFER,1.0,C5911625145,0.0,0.0,C4356175095,5.16,6.16,0,0.20333333333333334,0
305,DEBIT,1.0,C8291250562,0.0,0.0,M6041646576,0.0,0.0,0,0.04,0
223,CASH_IN,34575.13,C3716924538,1.0,34576.13,C6663846005,0.0,0.0,0,0.0,0
79,PAYMENT,1.0,C2183906581,0.0,0.0,M5585110649,0.0,0.0,0,0.0,0
304,TRANSFER,2502.22,C6618926823,3256.89,754.67,C2173242669,58.92,58.92,1,0.09666666666666666,0
462,PAYMENT,1.0,C8132531532,0.0,0.0,M6790024996,0.0,0.0,0,0.0,0
108,DEBIT,1.0,C2893321208,0.0,0.0,M6846530109,0.0,0.0,0,0.03,0
494,PAYMENT,1.0,C5763350700,0.69,0.0,M3317856944,0.0,0.0,0,0.0,0
52,TRANSFER,19068.09,C8556573246,20105.94,1037.85,C3667292043,788.4,19856.49,0,0.0,0
119,PAYMENT,639.02,C8556573246,1037.85,398.83,M6200141898,0.0,0.0,0,0.0,0
555,PAYMENT,3.69,C1660370908,5.67,1.98,M3660800029,0.0,0.0,0,0.0,0
115,DEBIT,31119.49,C5100282913,42722.99,11603.5,M4390543744,0.0,0.0,0,0.013333333333333334,0
519,PAYMENT,15.5,C6959501845,16.67,1.17,M8874242713,0.0,0.0,0,0.0,0
178,TRANSFER,103.85,C3019214800,167.81,63.96,C6496596008,0.0,103.85,0,0.09666666666666666,0
623,PAYMENT,32.12,C5376302686,47.26,15.14,M4641902461,0.0,0.0,0,0.0,0
521,TRANSFER,4000.35,C7517938612,4785.81,785.46,M3566125120,0.0,0.0,1,0.31333333333333335,0
124,PAYMENT,17555.73,C8285000265,18727.08,1171.35,M9933702652,0.0,0.0,0,0.0,0
348,TRANSFER,4697.78,C8388580360,4684.12,0.0,M8903212516,0.0,0.0,1,0.75,1
568,PAYMENT,1.0,C2428156550,0.0,0.0,M9822499208,0.0,0.0,0,0.0,0
471,CASH_OUT,11010.28,C7536876169,14491.81,3481.53,M7351460539,0.0,0.0,1,0.02,0
276,TRANSFER,1.0,C9388140708,0.0,0.0,C6942989052,0.0,1.0,0,0.23333333333333334,0
292,PAYMENT,63.98,C5150074940,69.12,5.14,M9933702652,0.0,0.0,0,0.0,0
497,CASH_OUT,79.97,C8663837890,97.0,17.03,C5419627962,0.0,0.0,0,0.03666666666666667,0
513,CASH_OUT,2870.15,C3918046336,3251.79,381.64,M9900829971,0.0,0.0,1,0.02666666666666667,0
424,CASH_OUT,1.0,C1553753599,0.0,0.0,C2137651678,45299.42,45299.42,0,0.05333333333333334,0
662,PAYMENT,1.0,C8180620422,0.0,0.0,M8366710477,0.0,0.0,0,0.0,0
577,PAYMENT,17.98,C9303285822,20.79,2.81,M7678293431,0.0,0.0,0,0.0,0
445,CASH_OUT,874.95,C5703357871,2555.18,1680.23,C1862812038,0.0,0.0,0,0.043333333333333335,0
192,CASH_OUT,3823.77,C7910439839,4661.62,837.85,M3469205576,0.0,0.0,1,0.0,0
656,CASH_OUT,1964.82,C1026224160,2024.83,60.01,C7638836058,840.83,840.83,1,0.023333333333333334,0
485,TRANSFER,20813.47,C8674224347,85453.86,64640.39,C8763140509,0.0,20813.47,0,0.0,0
290,CASH_OUT,6.4,C2266622851,12.12,5.72,C4067961943,1.0,1.0,0,0.013333333333333334,0
410,TRANSFER,1.0,C2149938334,0.0,0.0,C8370987661,1.0,2.0,0,0.19333333333333333,0
559,CASH_OUT,1006.62,C2732553940,924.98,0.0,M2910594463,0.0,0.0,1,0.23,0
617,DEBIT,121.76,C4713453204,141.59,19.83,M6846530109,0.0,0.0,0,0.03,0
358,PAYMENT,1.0,C1408988968,0.0,0.0,M7168105904,0.0,0.0,0,0.0,0
297,TRANSFER,4039.79,C5604529187,3999.65,0.0,C6715961218,11.48,11.48,1,0.6933333333333334,1
201,PAYMENT,9.11,C2848792488,10.67,1.56,M9576264323,0.0,0.0,0,0.0,0
139,PAYMENT,1.0,C8394040015,0.0,0.0,M5087280062,0.0,0.0,0,0.0,0
496,PAYMENT,1.0,C5151086814,0.0,0.0,M3660800029,0.0,0.0,0,0.0,0
27,TRANSFER,53582.35,C6588316233,56619.04,3036.69,M4865979921,0.0,0.0,1,0.22,0
81,CASH_OUT,33463.69,C2905584866,71781.39,38317.7,C2546720356,20.17,20.17,0,0.0,0
391,PAYMENT,54.63,C6719736115,94.53,39.9,M1811839103,0.0,0.0,0,0.0,0
226,TRANSFER,2712.3,C1519709079,3818.79,1106.49,M3580582653,0.0,0.0,1,0.17,0
560,PAYMENT,5.69,C4231729466,1398.46,1392.77,M9918338001,0.0,0.0,0,0.0,0
396,PAYMENT,833.84,C5703357871,1680.23,846.39,M9773795424,0.0,0.0,0,0.0,0
555,TRANSFER,182.47,C9703905715,233.13,50.66,C1234359689,92.83,92.83,1,0.09333333333333334,0
226,PAYMENT,1081.7,C8879525611,2144.11,1062.41,M9640701016,0.0,0.0,0,0.0,0
223,TRANSFER,3971.66,C2254516608,4157.76,186.1,C9894264595,416.21,416.21,1,0.0033333333333333335,0
537,TRANSFER,133.42,C2254516608,186.1,52.68,M5734228580,0.0,0.0,1,0.17,0
637,TRANSFER,1034.71,C6037168610,979.25,0.0,M5270048042,0.0,0.0,1,0.41333333333333333,0
299,TRANSFER,1.0,C6122110529,0.0,0.0,C2962750929,11.49,12.49,0,0.19,0
249,CASH_OUT,1.0,C9957643727,0.0,0.0,C1855256552,0.0,0.0,0,0.02666666666666667,0
43,PAYMENT,2.84,C5364727160,10.78,7.94,M9752092528,0.0,0.0,0,0.0,0
39,CASH_IN,75235.45,C4026113008,1.1,75236.55,C9660523876,2066.12,2066.12,0,0.0,0
18,TRANSFER,231.39,C6923893872,287.75,56.36,C1290050198,3918.78,4150.17,1,0.0,0
248,TRANSFER,206.43,C5064162365,183.47,0.0,M3811254192,0.0,0.0,1,0.24,0
584,DEBIT,742.33,C7638836058,840.83,98.5,M9068916300,0.0,0.0,0,0.03666666666666667,0
432,PAYMENT,1.0,C8833399096,0.0,0.0,M9933702652,0.0,0.0,0,0.0,0
532,CASH_OUT,1.0,C7575259637,0.0,0.0,C9381721143,4086.26,4086.26,0,0.03,0
588,TRANSFER,2171.92,C9303765140,2165.31,0.0,M2635881694,0.0,0.0,1,0.8433333333333334,1
216,TRANSFER,61.52,C9318010743,103.39,41.87,C4473306055,7.81,69.33,0,0.12666666666666668,0
86,PAYMENT,1.0,C6620138568,0.73,0.0,M6495967005,0.0,0.0,0,0.0,0
487,TRANSFER,619.17,C3197757742,574.62,0.0,M7282885927,0.0,0.0,1,0.26666666666666666,0
439,TRANSFER,175.46,C9503597301,185.49,10.03,C9432088993,0.0,175.46,0,0.08666666666666667,0
71,TRANSFER,1.0,C5789617427,0.0,0.0,C9462806178,418.26,419.26,0,0.016666666666666666,0
82,CASH_IN,9172.05,C2953462417,22.92,9194.97,C3664052763,22.2,22.2,0,0.0,0
520,TRANSFER,1534.69,C4039019230,1639.97,105.28,M6041646576,0.0,0.0,1,0.28,0
122,TRANSFER,2375.14,C2158638062,2148.48,0.0,M3660800029,0.0,0.0,1,0.6,1
38,TRANSFER,300.83,C3828935922,297.53,0.0,C2158638062,0.0,300.83,1,0.06333333333333334,0
409,PAYMENT,1.0,C9333798503,1.97,0.97,M3660800029,0.0,0.0,0,0.0,0
159,PAYMENT,1.0,C3843139149,0.0,0.0,M2541015125,0.0,0.0,0,0.0,0
567,PAYMENT,602.69,C5212581851,821.15,218.46,M8727805468,0.0,0.0,0,0.0,0
185,TRANSFER,21.64,C9035194895,24.42,2.78,C6102144947,0.0,21.64,0,0.17,0
686,PAYMENT,2380.48,C6272000062,3590.53,1210.05,M5194066484,0.0,0.0,0,0.0,0
479,PAYMENT,1.0,C8388580360,0.0,0.0,M1357561213,0.0,0.0,0,0.0,0
56,CASH_OUT,9.79,C5578929439,17.17,7.38,C4500557310,526.36,526.36,0,0.0033333333333333335,0
624,DEBIT,1.0,C7631970791,0.0,0.0,M7230477043,0.0,0.0,0,0.05333333333333334,0
607,TRANSFER,7877.01,C4880176825,8136.06,259.05,M6313472215,0.0,0.0,1,0.3466666666666667,0
177,DEBIT,401.18,C5785481124,899.73,498.55,M1888107487,0.0,0.0,0,0.013333333333333334,0
688,TRANSFER,2461.24,C3528924461,2185.18,0.0,C7420846622,203.8,2665.04,1,0.3,0
142,CASH_OUT,1.0,C6613888489,0.0,0.0,C1083651970,298.11,298.11,0,0.0033333333333333335,0
608,TRANSFER,966.34,C9481076448,884.82,0.0,M2156184315,0.0,0.0,1,0.4066666666666667,0
206,DEBIT,671.49,C8478529823,910.32,238.83,M5535650160,0.0,0.0,0,0.01,0
353,PAYMENT,2.91,C8953726023,11.33,8.42,M9020002737,0.0,0.0,0,0.0,0
373,TRANSFER,1.0,C4268713302,0.0,0.0,C2094024844,0.0,1.0,0,0.22,0
543,PAYMENT,1.0,C1484230338,0.0,0.0,M2910594463,0.0,0.0,0,0.0,0
327,TRANSFER,3436.32,C2891100776,4031.46,595.14,C5328166990,0.0,0.0,1,0.21333333333333335,0
97,PAYMENT,1.0,C4735334423,0.0,0.0,M2136107759,0.0,0.0,0,0.0,0
494,CASH_OUT,1840.66,C8388580360,2485.73,645.07,M6846530109,0.0,0.0,1,0.03,0
50,CASH_OUT,586.42,C9166381136,587.26,0.84,M2778069478,0.0,0.0,1,0.07,0
669,CASH_OUT,1.0,C1392245997,0.0,0.0,C4098389895,51.49,51.49,0,0.04666666666666667,0
268,CASH_OUT,56.97,C3190227431,64.92,7.95,C2311597141,0.0,0.0,0,0.01,0
654,TRANSFER,8.08,C8025152555,29.42,21.34,C1067198189,1784.88,1792.96,0,0.04666666666666667,0
367,CASH_IN,45762.38,C8235363119,23234.35,68996.73,C9730449971,5.62,5.62,0,0.0,0
611,PAYMENT,1.0,C5064162365,0.0,0.0,M3660800029,0.0,0.0,0,0.0,0
418,TRANSFER,1.0,C4248149900,0.0,0.0,C5184564874,0.75,1.75,0,0.20666666666666667,0
641,TRANSFER,20526.1,C7750819485,26105.28,5579.18,C6756711494,0.0,0.0,1,0.3233333333333333,0
472,TRANSFER,2433.53,C4492602049,3150.96,717.43,M5067400473,0.0,0.0,1,0.2733333333333333,0
73,PAYMENT,1.0,C2554039848,0.0,0.0,M1466305100,0.0,0.0,0,0.0,0
229,PAYMENT,1.0,C5667503195,0.0,0.0,M3355504998,0.0,0.0,0,0.0,0
716,TRANSFER,1513.54,C7471636437,1994.95,481.41,C3360791536,0.52,0.52,1,0.25,0
588,PAYMENT,7.57,C1045302356,17.34,9.77,M7343954769,0.0,0.0,0,0.0,0
18,DEBIT,1.0,C1515024824,0.0,0.0,M9918338001,0.0,0.0,0,0.023333333333333334,0
255,TRANSFER,21.12,C3615507143,23.6,2.48,C6910112521,137.98,159.1,0,0.02666666666666667,0
440,PAYMENT,1.0,C2379592595,0.0,0.0,M2655546199,0.0,0.0,0,0.0,0
644,CASH_OUT,1447.9,C1209063208,1643.21,195.31,M7050091525,0.0,0.0,1,0.02666666666666667,0
49,PAYMENT,1.0,C7505693643,0.0,0.0,M7340036327,0.0,0.0,0,0.0,0
680,PAYMENT,62.69,C8832617672,79.6,16.91,M2541015125,0.0,0.0,0,0.0,0
197,PAYMENT,107.38,C5625411308,167.47,60.09,M6692705133,0.0,0.0,0,0.0,0
278,PAYMENT,10309.63,C4482141802,133584.44,123274.81,M5156392601,0.0,0.0,0,0.0,0
632,PAYMENT,17.32,C7016293621,61.29,43.97,M1083302600,0.0,0.0,0,0.0,0
313,CASH_OUT,1.0,C1225953184,0.0,0.0,C5943324387,267.54,267.54,0,0.02,0
3,CASH_OUT,532.7,C6619138852,999.62,466.92,C9711080868,5.22,5.22,0,0.016666666666666666,0
541,CASH_OUT,9.28,C8902114913,18.55,9.27,C5931025271,471.23,471.23,0,0.03,0
420,CASH_OUT,3260.41,C6469458472,3188.8,0.0,M8366710477,0.0,0.0,1,0.38666666666666666,0
390,PAYMENT,1.0,C8117478955,0.0,0.0,M9977193987,0.0,0.0,0,0.0,0
593,PAYMENT,237.94,C7022683808,309.72,71.78,M3223687972,0.0,0.0,0,0.0,0
552,CASH_OUT,2615.61,C1207916194,3510.81,895.2,M2604788242,0.0,0.0,1,0.02666666666666667,0
177,CASH_OUT,546.21,C7556046460,921.05,374.84,C3142452709,19273.41,19273.41,0,0.0,0
467,TRANSFER,1.0,C8458717057,0.0,0.0,C3772636814,402.29,403.29,0,0.09,0
57,CASH_OUT,1960.67,C2602884797,2658.11,697.44,C6317189421,4782.07,4782.07,0,0.0,0
693,PAYMENT,1.43,C5800633419,1.61,0.18,M2115862756,0.0,0.0,0,0.0,0
65,PAYMENT,350.72,C5584288132,422.87,72.15,M6384311581,0.0,0.0,0,0.0,0
140,TRANSFER,75.45,C1547374338,72.4,0.0,M8235474949,0.0,0.0,1,0.22666666666666666,0
25,PAYMENT,339.28,C6043349038,1366.94,1027.66,M6282009986,0.0,0.0,0,0.0,0
530,TRANSFER,394.34,C9611537583,524.74,130.4,M6053489772,0.0,0.0,1,0.15333333333333332,0
435,PAYMENT,1.0,C8584566722,0.0,0.0,M9020002737,0.0,0.0,0,0.0,0
316,TRANSFER,435.57,C8796293088,392.23,0.0,C8612747444,0.0,0.0,1,0.24,0
662,TRANSFER,273.07,C8684026200,792.69,519.62,C6155234610,661.08,934.15,0,0.03,0
575,PAYMENT,1.43,C1676168421,4.7,3.27,M1504729135,0.0,0.0,0,0.0,0
394,PAYMENT,6.81,C4564751926,63.75,56.94,M7341757401,0.0,0.0,0,0.0,0
274,CASH_OUT,13.27,C6329323383,14.91,1.64,C7767834064,19.97,19.97,0,0.016666666666666666,0
649,PAYMENT,12.3,C2486744752,13.69,1.39,M9068916300,0.0,0.0,0,0.0,0
449,CASH_OUT,1.0,C5976777081,1.9,0.9,C5067116918,10.02,10.02,0,0.06333333333333334,0
193,CASH_OUT,5442.01,C6726515966,4684.5,0.0,M2249831874,0.0,0.0,1,0.043333333333333335,0
685,PAYMENT,70.26,C1383539822,111.42,41.16,M5535650160,0.0,0.0,0,0.0,0
309,TRANSFER,11.1,C8168204967,53.57,42.47,C7935554354,188.0,199.1,0,0.016666666666666666,0
655,PAYMENT,1.0,C2566942273,0.0,0.0,M5694439775,0.0,0.0,0,0.0,0
645,CASH_OUT,25352.94,C7873709012,35998.85,10645.91,C2602884797,697.44,697.44,0,0.0033333333333333335,0
609,CASH_OUT,927.44,C6418365941,992.13,64.69,M5380159400,0.0,0.0,1,0.043333333333333335,0
670,PAYMENT,1.0,C6448324230,0.0,0.0,M3355504998,0.0,0.0,0,0.0,0
281,TRANSFER,477.13,C7481631841,496.1,18.97,C3521166052,0.0,0.0,1,0.17333333333333334,0
237,CASH_IN,19044.55,C7271954644,30.17,19074.72,C4877520294,0.0,0.0,0,0.0,0
226,TRANSFER,3107.04,C1149460439,4027.49,920.45,M4399143287,0.0,0.0,1,0.21333333333333335,0
542,TRANSFER,1741.22,C7246858055,1808.54,67.32,M6786043791,0.0,0.0,1,0.3233333333333333,0
692,PAYMENT,229.1,C1276905285,264.05,34.95,M1647181551,0.0,0.0,0,0.0,0
575,CASH_OUT,107.84,C9292791081,109.56,1.72,M9410569618,0.0,0.0,1,0.05,0
553,PAYMENT,1.0,C6134840512,0.0,0.0,M2586712032,0.0,0.0,0,0.0,0
449,PAYMENT,1.0,C7904559790,0.0,0.0,M3223687972,0.0,0.0,0,0.0,0
384,CASH_OUT,1.0,C4518871744,0.0,0.0,C4277561834,0.0,0.0,0,0.03666666666666667,0
515,TRANSFER,3596.99,C8241550421,4242.63,645.64,C6892752604,232.95,232.95,1,0.10666666666666667,0
518,CASH_OUT,3652.74,C8730507757,3945.53,292.79,C2428156550,0.0,0.0,1,0.03,0
73,CASH_OUT,401.77,C1993998848,373.45,0.0,C9908115095,548.96,548.96,1,0.04,0
390,TRANSFER,3742.55,C1639509845,3596.17,0.0,M4329446784,0.0,0.0,1,0.7366666666666667,1
415,CASH_OUT,61360.08,C7127904756,68219.55,6859.47,M6199197408,0.0,0.0,1,0.02,0
248,TRANSFER,41410.46,C2068687175,42708.6,1298.14,M4456193555,0.0,0.0,1,0.25666666666666665,0
345,TRANSFER,1.0,C3482206102,0.02,0.0,C2237386857,0.0,1.0,0,0.22,0
50,DEBIT,39554.74,C7648059419,67490.27,27935.53,M1343875431,0.0,0.0,0,0.006666666666666667,0
118,TRANSFER,96.33,C6576426590,234.87,138.54,C9958044697,254.35,350.68,0,0.006666666666666667,0
678,TRANSFER,1.0,C7965608188,0.62,0.0,C6098775210,0.0,1.0,0,0.22333333333333333,0
546,CASH_OUT,180.7,C8287542751,272.03,91.33,C4277561834,0.0,0.0,0,0.03333333333333333,0
347,PAYMENT,1.0,C9484167278,0.0,0.0,M7453081889,0.0,0.0,0,0.0,0
703,PAYMENT,129.0,C2916728422,1961.12,1832.12,M4820942294,0.0,0.0,0,0.0,0
531,TRANSFER,207.58,C6572436051,221.5,13.92,C8417757797,1.95,1.95,1,0.17,0
488,TRANSFER,11250.05,C1594312071,15470.19,4220.14,M9255306810,0.0,0.0,1,0.32,0
209,PAYMENT,375.12,C2950049698,677.16,302.04,M6282009986,0.0,0.0,0,0.0,0
115,CASH_OUT,5163.33,C7305101214,4709.96,0.0,C9503597301,10.03,10.03,1,0.03666666666666667,0
716,DEBIT,1.0,C7316122432,0.0,0.0,M5585110649,0.0,0.0,0,0.04666666666666667,0
600,TRANSFER,3208.23,C6458544482,2713.2,0.0,M3660800029,0.0,0.0,1,0.9366666666666666,1
427,PAYMENT,302.44,C9894264595,416.21,113.77,M3355504998,0.0,0.0,0,0.0,0
284,TRANSFER,3880.4,C1955345537,4260.33,379.93,M2115406331,0.0,0.0,1,0.22666666666666666,0
626,TRANSFER,10.31,C2962750929,12.49,2.18,C4895020135,16.45,26.76,0,0.15666666666666668,0
377,CASH_OUT,60.79,C8131923452,82.2,21.41,C2082326234,21316.3,21316.3,0,0.0033333333333333335,0
668,TRANSFER,6730.15,C9411532909,8226.99,1496.84,M5919148165,0.0,0.0,1,0.3233333333333333,0
448,PAYMENT,1119.58,C4079223686,1212.52,92.94,M1257854279,0.0,0.0,0,0.0,0
632,PAYMENT,392.85,C1510289448,438.39,45.54,M1466305100,0.0,0.0,0,0.0,0
113,PAYMENT,1.0,C9229469952,0.0,0.0,M4522855590,0.0,0.0,0,0.0,0
149,TRANSFER,1.0,C8669484644,0.0,0.0,C8133593748,641.69,642.69,0,0.013333333333333334,0
251,TRANSFER,1269.55,C6237376063,1519.68,250.13,M8144889126,0.0,0.0,1,0.12,0
450,TRANSFER,16.49,C6171239466,24.42,7.93,C8867077130,1020.92,1037.41,0,0.05,0
368,CASH_OUT,1.0,C7573691558,0.0,0.0,C6415031531,0.0,0.0,0,0.03333333333333333,0
248,CASH_OUT,999.84,C3980491761,1289.53,289.69,C3799620568,318.32,318.32,0,0.006666666666666667,0
444,PAYMENT,1.0,C4630196130,0.0,0.0,M5990749811,0.0,0.0,0,0.0,0
655,CASH_OUT,3996.4,C8453283834,4109.15,112.75,M7366396017,0.0,0.0,1,0.056666666666666664,0
371,CASH_OUT,4462.98,C3434757387,4697.92,234.94,C5381866906,2066.11,2066.11,1,0.0033333333333333335,0
640,PAYMENT,48.58,C7873709012,10645.91,10597.33,M2155671697,0.0,0.0,0,0.0,0
699,TRANSFER,1661.68,C4745927824,1514.92,0.0,C5625980561,10.39,10.39,1,0.44,0
264,PAYMENT,35.82,C5759272717,40.64,4.82,M2391874847,0.0,0.0,0,0.0,0
335,PAYMENT,371.98,C7517938612,785.46,413.48,M7168105904,0.0,0.0,0,0.0,0
680,PAYMENT,639.96,C4231729466,1392.77,752.81,M7951820749,0.0,0.0,0,0.0,0
578,TRANSFER,204.37,C6171239466,225.23,20.86,M6790024996,0.0,0.0,1,0.17666666666666667,0
16,TRANSFER,4417.66,C7243352390,4955.19,537.53,M5067400473,0.0,0.0,1,0.16333333333333333,0
46,PAYMENT,20.7,C8039917766,34.75,14.05,M9021793855,0.0,0.0,0,0.0,0
52,PAYMENT,19.67,C1158998032,31.49,11.82,M8389750357,0.0,0.0,0,0.0,0
552,TRANSFER,1294.69,C7666869046,1637.78,343.09,C9851745648,0.0,0.0,1,0.18,0
186,CASH_OUT,1256.71,C4067919621,1199.25,0.0,C6544063167,0.0,0.0,1,0.05,0
647,CASH_OUT,4148.84,C3363629219,4127.55,0.0,M1802753761,0.0,0.0,1,0.25333333333333335,0
64,PAYMENT,168.5,C7519578899,13278.37,13109.87,M1711271599,0.0,0.0,0,0.0,0
130,TRANSFER,1.0,C5646751885,0.0,0.0,C7487012742,4.82,5.82,0,0.16666666666666666,0
50,PAYMENT,63.72,C2670036982,131.49,67.77,M9581187661,0.0,0.0,0,0.0,0
26,PAYMENT,8020.41,C3612617557,36390.51,28370.1,M9441870024,0.0,0.0,0,0.0,0
364,CASH_OUT,2804.78,C9370133343,3734.39,929.61,C9957643727,0.0,0.0,1,0.01,0
505,TRANSFER,4669.17,C3667740351,4378.04,0.0,C8339176912,0.0,0.0,1,0.9533333333333334,1
622,PAYMENT,7.67,C5891280823,11.93,4.26,M6606958660,0.0,0.0,0,0.0,0
424,DEBIT,1240.61,C1590985753,18037.6,16796.99,M2228388623,0.0,0.0,0,0.016666666666666666,0
609,CASH_OUT,1.37,C6952554500,1.5,0.13,C6102144947,21.64,21.64,0,0.05333333333333334,0
62,DEBIT,93.89,C8833889083,456.57,362.68,M8910440683,0.0,0.0,0,0.01,0
457,CASH_IN,872.83,C6698759353,5071.44,5944.27,C5031086659,47.54,47.54,0,0.0033333333333333335,0
78,TRANSFER,2.41,C4888749350,93.31,90.9,C2752536389,475.5,477.91,0,0.01,0
522,TRANSFER,4630.89,C9546021691,4206.58,0.0,C1977515194,470.2,470.2,1,0.48,0
712,TRANSFER,102.99,C6859286614,105.14,2.15,M5985331805,0.0,0.0,1,0.18666666666666668,0
528,TRANSFER,1.49,C8471762590,2.38,0.89,C4507822591,8.66,10.15,0,0.17,0
142,PAYMENT,13.76,C8274219704,19.74,5.98,M8235474949,0.0,0.0,0,0.0,0
172,TRANSFER,152.62,C8901585274,175.49,22.87,C6879428703,0.0,152.62,1,0.056666666666666664,0
255,CASH_OUT,1.0,C4776677517,0.0,0.0,C4928783441,1131.69,1131.69,0,0.01,0
454,TRANSFER,14.58,C7670476743,19.36,4.78,C7640122370,6.49,21.07,0,0.14333333333333334,0
607,PAYMENT,535.75,C9421518487,616.25,80.5,M8646369354,0.0,0.0,0,0.0,0
27,TRANSFER,244.07,C2405746777,1002.59,758.52,C8763140509,20813.47,21057.54,0,0.0,0
135,PAYMENT,186.5,C3362657890,280.69,94.19,M4242579642,0.0,0.0,0,0.0,0
429,CASH_OUT,95472.69,C2247484671,95298.84,0.0,M7717262223,0.0,0.0,1,0.28,0
226,PAYMENT,1.0,C8370987661,2.0,1.0,M1647181551,0.0,0.0,0,0.0,0
94,PAYMENT,45.23,C1261903104,73.03,27.8,M2604788242,0.0,0.0,0,0.0,0
264,PAYMENT,6848.74,C4037270171,8507.04,1658.3,M1096405016,0.0,0.0,0,0.0,0
398,PAYMENT,1.64,C5421592782,7.24,5.6,M5449848690,0.0,0.0,0,0.0,0
102,PAYMENT,13613.3,C1257324536,123007.1,109393.8,M9026301048,0.0,0.0,0,0.0,0
260,PAYMENT,154.3,C3051831252,186.26,31.96,M5815678365,0.0,0.0,0,0.0,0
421,PAYMENT,17.89,C9981691030,30.34,12.45,M3965860354,0.0,0.0,0,0.0,0
317,PAYMENT,351.18,C7915226263,831.6,480.42,M5694439775,0.0,0.0,0,0.0,0
526,DEBIT,641.17,C7648059419,27935.53,27294.36,M8044997538,0.0,0.0,0,0.02,0
277,TRANSFER,1101.23,C3623588379,1568.25,467.02,C3515167269,147.07,1248.3,1,0.0033333333333333335,0
82,CASH_OUT,1.0,C3109688769,0.0,0.0,C2965254350,869.7,869.7,0,0.01,0
527,CASH_OUT,93.78,C9611537583,130.4,36.62,C5067245523,78.42,78.42,0,0.03,0
643,PAYMENT,1.0,C7597996327,0.0,0.0,M6247463262,0.0,0.0,0,0.0,0
321,TRANSFER,1.0,C7894019119,0.0,0.0,C8854238082,0.0,1.0,0,0.22,0
592,TRANSFER,1.0,C5275521470,0.0,0.0,C4131356954,2931.55,2932.55,0,0.06,0
648,TRANSFER,610.18,C8823677798,680.23,70.05,C2067970820,10.75,620.93,0,0.056666666666666664,0
566,DEBIT,1.0,C9903351330,0.0,0.0,M1711271599,0.0,0.0,0,0.04666666666666667,0
571,PAYMENT,1.07,C6640801643,123.35,122.28,M7514017540,0.0,0.0,0,0.0,0
105,TRANSFER,79.43,C1149460439,920.45,841.02,C2295574037,0.0,79.43,0,0.09666666666666666,0
637,PAYMENT,1.0,C4302632494,0.0,0.0,M8667946580,0.0,0.0,0,0.0,0
342,PAYMENT,10.3,C6719736115,39.9,29.6,M1732578761,0.0,0.0,0,0.0,0
436,CASH_OUT,1.39,C9639245200,2.88,1.49,C8478529823,238.83,238.83,0,0.06,0
76,CASH_OUT,71.79,C7551874474,99.14,27.35,M5570190774,0.0,0.0,1,0.0033333333333333335,0
458,TRANSFER,102.02,C7603978731,126.25,24.23,C7452729913,0.0,102.02,0,0.12,0
254,CASH_IN,117637.89,C6466597005,1.1,117638.99,C9202102595,544.37,544.37,0,0.0,0
31,TRANSFER,263.85,C6470052645,374.32,110.47,C4880176825,259.05,259.05,1,0.0033333333333333335,0
115,CASH_OUT,27.58,C3426665919,33.65,6.07,C2079501936,4.27,4.27,0,0.0033333333333333335,0
513,TRANSFER,1767.01,C9730449971,1935.71,168.7,C1304205279,0.72,0.72,1,0.2866666666666667,0
359,PAYMENT,707.42,C8879525611,1062.41,354.99,M3072183247,0.0,0.0,0,0.0,0
38,PAYMENT,45.39,C1457632732,487.6,442.21,M1666898313,0.0,0.0,0,0.0,0
126,PAYMENT,1.0,C2232285036,0.0,0.0,M4125758723,0.0,0.0,0,0.0,0
665,TRANSFER,40.25,C6231117883,63.06,22.81,C4633987776,14425.64,14465.89,0,0.006666666666666667,0
368,PAYMENT,12.96,C9611537583,36.62,23.66,M6282009986,0.0,0.0,0,0.0,0
545,TRANSFER,874.82,C1422701550,922.01,47.19,M4892544235,0.0,0.0,1,0.22333333333333333,0
714,PAYMENT,1439.93,C7465834732,3569.01,2129.08,M2635881694,0.0,0.0,0,0.0,0
483,PAYMENT,1.0,C3843139149,0.0,0.0,M3156792018,0.0,0.0,0,0.0,0
629,TRANSFER,3317.88,C9744120054,3700.81,382.93,C3097302637,388.02,3705.9,1,0.04,0
127,PAYMENT,1.0,C9470922075,0.52,0.0,M1368287033,0.0,0.0,0,0.0,0
160,CASH_OUT,522.16,C9147736635,582.64,60.48,C4681264539,12.9,12.9,1,0.006666666666666667,0
483,TRANSFER,278.4,C7799567490,304.17,25.77,C5334769475,17269.62,17269.62,1,0.0033333333333333335,0
319,PAYMENT,1.0,C5569145346,0.0,0.0,M9576264323,0.0,0.0,0,0.0,0
450,PAYMENT,1.0,C1127978094,1.0,0.0,M4093474499,0.0,0.0,0,0.0,0
591,CASH_OUT,879.87,C5283911723,819.64,0.0,M3192202822,0.0,0.0,1,0.24333333333333335,0
442,PAYMENT,48.02,C7934137693,65.23,17.21,M2121448210,0.0,0.0,0,0.0,0
677,CASH_OUT,109.57,C8012696455,135.4,25.83,M7764117705,0.0,0.0,1,0.03,0
490,PAYMENT,165.34,C8934097788,201.98,36.64,M8790289305,0.0,0.0,0,0.0,0
111,CASH_OUT,2.62,C2180484299,5.92,3.3,C3722583581,108.64,108.64,0,0.0,0
207,PAYMENT,1.0,C6157617867,0.0,0.0,M8643636805,0.0,0.0,0,0.0,0
60,CASH_OUT,1010.13,C3958590550,1205.59,195.46,M5869990861,0.0,0.0,1,0.0,0
269,DEBIT,1.0,C5666504394,0.4,0.0,M8030400668,0.0,0.0,0,0.03666666666666667,0
258,DEBIT,232.37,C9411532909,1496.84,1264.47,M3297681898,0.0,0.0,0,0.01,0
714,CASH_OUT,122.22,C7389111087,107.68,0.0,C1084790270,128.4,128.4,1,0.05333333333333334,0
157,TRANSFER,1.0,C7575259637,0.0,0.0,C9730449971,168.7,169.7,0,0.043333333333333335,0
467,CASH_OUT,115.33,C3693985578,153.42,38.09,C7248258423,59.9,59.9,0,0.04,0
223,TRANSFER,1.0,C1553155490,1.0,0.0,C4853479481,0.0,1.0,0,0.23,0
307,PAYMENT,8.13,C9454207717,26.66,18.53,M7702529931,0.0,0.0,0,0.0,0
353,TRANSFER,1.0,C8291250562,0.0,0.0,C5010075517,3786.77,3787.77,0,0.0,0
492,TRANSFER,326.89,C9579064478,378.87,51.98,C6698759353,5944.27,5944.27,1,0.03,0
554,TRANSFER,4584.22,C8350384902,3872.94,0.0,M4242579642,0.0,0.0,1,0.95,1
619,PAYMENT,6902.52,C1011759631,9279.91,2377.39,M1343875431,0.0,0.0,0,0.0,0
433,PAYMENT,5592.64,C6299224734,16285.0,10692.36,M3580582653,0.0,0.0,0,0.0,0
417,CASH_IN,80035.19,C8669484644,0.0,80035.19,C9717175839,152.24,152.24,0,0.0,0
47,CASH_OUT,198.81,C7243352390,537.53,338.72,C8480622107,382.31,382.31,0,0.01,0
194,PAYMENT,3.55,C4572433066,17.47,13.92,M5270048042,0.0,0.0,0,0.0,0
158,PAYMENT,39.67,C3791027186,487.44,447.77,M1185303518,0.0,0.0,0,0.0,0
483,PAYMENT,1.0,C4268713302,0.0,0.0,M8044997538,0.0,0.0,0,0.0,0
523,PAYMENT,15.65,C6982610835,16.89,1.24,M9523139706,0.0,0.0,0,0.0,0
591,PAYMENT,88.12,C3144490990,712.09,623.97,M3965860354,0.0,0.0,0,0.0,0
611,CASH_IN,73649.21,C8033702319,0.0,73649.21,C6169243284,39.02,39.02,0,0.0,0
8,TRANSFER,1.89,C5992908271,3.8,1.91,C5694806361,0.0,1.89,0,0.14666666666666667,0
389,CASH_OUT,388.3,C7981077394,465.1,76.8,M2916502228,0.0,0.0,1,0.016666666666666666,0
656,TRANSFER,4123.39,C7420493866,4431.2,307.81,M1857561275,0.0,0.0,1,0.3433333333333333,0
229,PAYMENT,295.89,C9279291478,649.08,353.19,M8626371177,0.0,0.0,0,0.0,0
239,TRANSFER,503.86,C9343730920,614.64,110.78,M5270048042,0.0,0.0,1,0.17,0
647,PAYMENT,9.37,C9376711497,19.6,10.23,M1504729135,0.0,0.0,0,0.0,0
408,CASH_OUT,1.0,C5604529187,0.0,0.0,C6102144947,21.64,21.64,0,0.04666666666666667,0
522,CASH_IN,17584.15,C7038841740,48.71,17632.86,C7150970643,14.11,14.11,0,0.0,0
629,CASH_OUT,99.28,C6178804925,101.29,2.01,C4586139213,352.04,352.04,1,0.03333333333333333,0
243,TRANSFER,332.03,C8703867299,328.57,0.0,C4710967433,30.07,30.07,1,0.17333333333333334,0
151,TRANSFER,122.82,C2405746777,758.52,635.7,C5560712830,0.0,122.82,0,0.03666666666666667,0
370,TRANSFER,3409.9,C4143852021,4098.44,688.54,C1415802902,2.38,3412.28,1,0.0,0
293,CASH_OUT,4916.79,C6542943838,4933.95,17.16,C2515672889,1.5,1.5,1,0.016666666666666666,0
392,PAYMENT,1.0,C8182649048,0.0,0.0,M6845287382,0.0,0.0,0,0.0,0
212,DEBIT,10.74,C1195066088,14.21,3.47,M5535650160,0.0,0.0,0,0.023333333333333334,0
3,PAYMENT,1.0,C2745958114,0.0,0.0,M8903212516,0.0,0.0,0,0.0,0
86,CASH_OUT,174.06,C8879525611,354.99,180.93,C3931997465,13.44,13.44,0,0.0033333333333333335,0
541,PAYMENT,671.09,C3884642366,736.75,65.66,M8144889126,0.0,0.0,0,0.0,0
591,TRANSFER,1325.36,C4550353803,1277.18,0.0,C5474951950,277.57,1602.93,1,0.23333333333333334,0
176,PAYMENT,351.03,C7088451458,596.03,245.0,M5734228580,0.0,0.0,0,0.0,0
358,PAYMENT,6001.41,C5292015249,20685.91,14684.5,M2155671697,0.0,0.0,0,0.0,0
60,CASH_OUT,1227.6,C8663837890,1382.86,155.26,M4329446784,0.0,0.0,1,0.0,0
186,TRANSFER,220.33,C1182758417,321.31,100.98,C2941508568,3040.43,3260.76,0,0.0,0
234,TRANSFER,3788.55,C8243746556,3184.0,0.0,C4736031885,35581.72,35581.72,1,0.006666666666666667,0
251,PAYMENT,1.0,C7910817577,0.0,0.0,M8044997538,0.0,0.0,0,0.0,0
661,PAYMENT,2.92,C2869999754,9.47,6.55,M6999146585,0.0,0.0,0,0.0,0
238,CASH_OUT,369.07,C1674555072,1234.23,865.16,C5972484792,1023.58,1023.58,0,0.01,0
137,CASH_OUT,1.92,C5606736607,3.15,1.23,C3144490990,623.97,623.97,0,0.0033333333333333335,0
699,TRANSFER,62.02,C9421518487,80.5,18.48,C9717175839,152.24,214.26,0,0.07666666666666666,0
284,TRANSFER,1.0,C3815287619,1.0,0.0,C2653032484,0.0,1.0,0,0.22666666666666666,0
277,DEBIT,11.92,C9421518487,18.48,6.56,M7366396017,0.0,0.0,0,0.02,0
349,PAYMENT,31.0,C6341783555,47.55,16.55,M1185303518,0.0,0.0,0,0.0,0
387,TRANSFER,14.73,C4590711152,37.53,22.8,C9032096058,0.0,14.73,0,0.15333333333333332,0
275,PAYMENT,26.32,C3383331379,102.72,76.4,M8727805468,0.0,0.0,0,0.0,0
99,PAYMENT,1.0,C1487258103,0.0,0.0,M1676220116,0.0,0.0,0,0.0,0
50,TRANSFER,70.72,C3383331379,76.4,5.68,C2445662585,1.07,1.07,1,0.16333333333333333,0
295,CASH_OUT,5252.07,C7226553010,4685.3,0.0,C8243746556,0.0,0.0,1,0.10333333333333333,0
465,TRANSFER,51.76,C4647891535,57.21,5.45,M5990749811,0.0,0.0,1,0.16666666666666666,0
677,TRANSFER,1152.12,C8295757364,1553.43,401.31,M1466305100,0.0,0.0,1,0.17,0
102,CASH_OUT,101.33,C3734252963,112.94,11.61,M4908108692,0.0,0.0,1,0.0033333333333333335,0
451,CASH_OUT,372.85,C5082603360,373.96,1.11,C4282810353,44.01,44.01,1,0.07,0
252,TRANSFER,1.0,C4226113732,0.0,0.0,C5150074940,5.14,6.14,0,0.19666666666666666,0
528,PAYMENT,1.0,C7242730249,0.0,0.0,M5990749811,0.0,0.0,0,0.0,0
330,CASH_OUT,4710.12,C3376077463,4912.35,202.23,M7570511906,0.0,0.0,1,0.01,0
523,PAYMENT,20.6,C7340428136,50.34,29.74,M2625035499,0.0,0.0,0,0.0,0
58,CASH_OUT,222.73,C3313993297,194.32,0.0,M1647181551,0.0,0.0,1,0.006666666666666667,0
198,PAYMENT,10.4,C7579604766,11.54,1.14,M6525576685,0.0,0.0,0,0.0,0
111,CASH_OUT,228.45,C4997866845,292.58,64.13,C2625792787,37839.19,37839.19,1,0.0033333333333333335,0
629,CASH_OUT,1.0,C9912233947,0.0,0.0,C3574081104,1213.97,1213.97,0,0.04,0
371,TRANSFER,370.67,C7190276026,1094.09,723.42,C8122042835,0.0,370.67,0,0.01,0
480,PAYMENT,10.72,C7666129822,36.63,25.91,M3690714075,0.0,0.0,0,0.0,0
240,CASH_OUT,146.53,C7499349987,194.09,47.56,C1913706213,0.0,0.0,0,0.0033333333333333335,0
33,PAYMENT,181.68,C9858643842,480.19,298.51,M6199197408,0.0,0.0,0,0.0033333333333333335,0
154,PAYMENT,65.88,C1589582865,179.07,113.19,M3960136787,0.0,0.0,0,0.0,0
280,TRANSFER,383.43,C2752536389,477.91,94.48,C6704841644,209.54,592.97,0,0.006666666666666667,0
88,PAYMENT,1.0,C9995834531,0.0,0.0,M7343954769,0.0,0.0,0,0.0,0
561,TRANSFER,2.68,C4990452762,9.58,6.9,C3149533961,104.84,107.52,0,0.08666666666666667,0
405,TRANSFER,248.9,C2479679716,365.49,116.59,C7981077394,76.8,325.7,0,0.02,0
589,CASH_OUT,1257.61,C6645808194,1180.07,0.0,C9285415473,19.97,19.97,1,0.17,0
540,CASH_OUT,3856.73,C6756332150,4112.12,255.39,M4160161496,0.0,0.0,1,0.03333333333333333,0
431,PAYMENT,24348.29,C1667779376,121844.04,97495.75,M7678293431,0.0,0.0,0,0.0,0
539,PAYMENT,271.15,C9279291478,353.19,82.04,M7270955446,0.0,0.0,0,0.0,0
344,PAYMENT,55.43,C2173242669,58.92,3.49,M3965860354,0.0,0.0,0,0.0,0
494,CASH_OUT,2.95,C3149484176,5.24,2.29,C8137972345,0.0,0.0,0,0.04666666666666667,0
536,PAYMENT,87.2,C6470052645,110.47,23.27,M9441870024,0.0,0.0,0,0.0,0
701,TRANSFER,1750.41,C5278201677,2455.95,705.54,C3316277000,228.84,228.84,1,0.10666666666666667,0
635,CASH_OUT,1.0,C9981364488,0.0,0.0,C8076527214,0.0,0.0,0,0.06,0
510,PAYMENT,3874.0,C5515628633,4626.75,752.75,M8646369354,0.0,0.0,0,0.0,0
50,PAYMENT,495.67,C7430757004,640.62,144.95,M6361225622,0.0,0.0,0,0.0,0
206,PAYMENT,1.0,C2601198885,0.0,0.0,M8778927211,0.0,0.0,0,0.0,0
586,TRANSFER,12079.6,C3869963931,14945.54,2865.94,C1225953184,0.0,12079.6,0,0.013333333333333334,0
476,PAYMENT,28.8,C2654584280,94.7,65.9,M6130446648,0.0,0.0,0,0.0,0
336,CASH_OUT,6196.07,C5141593270,14847.55,8651.48,C4993808565,4.97,4.97,0,0.0,0
115,PAYMENT,18.9,C8012696455,25.83,6.93,M3223687972,0.0,0.0,0,0.0,0
708,PAYMENT,21380.57,C2625792787,37839.19,16458.62,M8144889126,0.0,0.0,0,0.0,0
247,PAYMENT,17.57,C3933213766,27.04,9.47,M7702529931,0.0,0.0,0,0.0,0
479,PAYMENT,10.65,C8281641403,15.94,5.29,M1257854279,0.0,0.0,0,0.0,0
282,CASH_OUT,52.36,C8322868827,51.06,0.0,C6618965944,19387.16,19387.16,1,0.0033333333333333335,0
352,PAYMENT,53.18,C4633257620,77.05,23.87,M4390543744,0.0,0.0,0,0.0,0
369,PAYMENT,5.67,C6797174636,8.44,2.77,M7750131975,0.0,0.0,0,0.0,0
272,PAYMENT,594.1,C9248046539,716.28,122.18,M8044997538,0.0,0.0,0,0.0,0
381,PAYMENT,255.17,C5993571693,314.57,59.4,M1999913493,0.0,0.0,0,0.0,0
160,CASH_OUT,222.98,C2065354117,220.86,0.0,C6491309593,31412.52,31412.52,1,0.006666666666666667,0
16,CASH_OUT,1.0,C7316122432,0.0,0.0,C7825844140,0.0,0.0,0,0.006666666666666667,0
565,PAYMENT,211.23,C4751509023,571.48,360.25,M2115862756,0.0,0.0,0,0.0,0
239,CASH_OUT,1908.18,C5269728610,1654.53,0.0,M7750131975,0.0,0.0,1,0.07333333333333333,0
562,PAYMENT,579.2,C3144490990,623.97,44.77,M5694439775,0.0,0.0,0,0.0,0
201,DEBIT,5.12,C9533595495,6.04,0.92,M3192202822,0.0,0.0,0,0.02666666666666667,0
59,PAYMENT,216.9,C8106401208,327.51,110.61,M1368287033,0.0,0.0,0,0.0,0
598,PAYMENT,1.0,C7389111087,0.0,0.0,M5564953924,0.0,0.0,0,0.0,0
120,TRANSFER,1.0,C8487449580,0.0,0.0,C2369705770,96283.33,96284.33,0,0.0,0
662,PAYMENT,2.18,C6305160342,8.59,6.41,M4158643786,0.0,0.0,0,0.0,0
231,CASH_OUT,41.85,C4734111722,115.11,73.26,C3304560537,1277.71,1277.71,0,0.006666666666666667,0
671,PAYMENT,1.0,C9995834531,0.0,0.0,M8044997538,0.0,0.0,0,0.0,0
661,CASH_OUT,1082.35,C1596471620,995.95,0.0,C9463197203,0.0,0.0,1,0.19,0
557,CASH_IN,136476.43,C3776011793,21.39,136497.82,C2178884276,63.38,63.38,0,0.0,0
582,TRANSFER,1832.79,C9080621072,6643.3,4810.51,C3420721027,1996.69,3829.48,0,0.023333333333333334,0
180,PAYMENT,21.09,C1182758417,100.98,79.89,M3476758136,0.0,0.0,0,0.0,0
526,CASH_OUT,78.38,C9597198563,104.95,26.57,C8394040015,0.0,0.0,0,0.03666666666666667,0
586,CASH_IN,6336.92,C7472806994,346.6,6683.52,C9673185158,62.66,62.66,0,0.0,0
510,PAYMENT,150.52,C4919706735,281.77,131.25,M7960713821,0.0,0.0,0,0.0,0
251,TRANSFER,12214.35,C6338036681,15414.0,3199.65,C4880176825,259.05,259.05,1,0.016666666666666666,0
712,TRANSFER,3613.21,C3933213766,4638.63,1025.42,M1099218439,0.0,0.0,1,0.2966666666666667,0
582,TRANSFER,225.47,C7801180691,487.77,262.3,C5418232833,27.59,253.06,0,0.056666666666666664,0
610,PAYMENT,8.69,C3371357111,9.61,0.92,M5449848690,0.0,0.0,0,0.0,0
371,PAYMENT,1.04,C2848792488,1.56,0.52,M3019265031,0.0,0.0,0,0.0,0
339,CASH_OUT,1434.63,C3674551397,2462.45,1027.82,C2224363672,0.05,0.05,0,0.013333333333333334,0
499,PAYMENT,1.0,C2801177461,0.0,0.0,M8643636805,0.0,0.0,0,0.0,0
290,PAYMENT,1.0,C8382963909,0.0,0.0,M2115406331,0.0,0.0,0,0.0,0
403,CASH_IN,128764.76,C6576426590,138.54,128903.3,C2753617371,0.0,0.0,0,0.0,0
522,CASH_OUT,1.0,C9857430687,0.0,0.0,C6633778586,0.0,0.0,0,0.06,0
207,PAYMENT,16.15,C6169243284,39.02,22.87,M8102481401,0.0,0.0,0,0.0,0
213,PAYMENT,3.69,C8902114913,9.27,5.58,M2555936898,0.0,0.0,0,0.0,0
456,CASH_OUT,1.0,C8418332121,0.0,0.0,C4287687478,59270.37,59270.37,0,0.06666666666666667,0
499,TRANSFER,87.97,C7872090713,110.23,22.26,C5115980792,94.15,182.12,0,0.08,0
440,CASH_OUT,5634.15,C8394040015,4984.73,0.0,C2242377075,161.81,161.81,1,0.2733333333333333,0
644,PAYMENT,1047.08,C7333316743,1180.8,133.72,M2635881694,0.0,0.0,0,0.0,0
655,TRANSFER,1.0,C9945002229,0.0,0.0,C5150074940,6.14,7.14,0,0.2,0
150,CASH_OUT,93.8,C5243939720,85.25,0.0,M4399143287,0.0,0.0,1,0.013333333333333334,0
664,PAYMENT,1.0,C1248704157,0.0,0.0,M3660800029,0.0,0.0,0,0.0,0
448,PAYMENT,6.26,C3971203213,8.57,2.31,M7570511906,0.0,0.0,0,0.0,0
604,TRANSFER,80.4,C1726990714,326.82,246.42,C7872090713,22.26,102.66,0,0.08333333333333333,0
423,CASH_OUT,4298.09,C8755749566,4507.0,208.91,C1364994639,621.39,621.39,1,0.04666666666666667,0
631,PAYMENT,49.62,C3639796200,91.72,42.1,M3636366799,0.0,0.0,0,0.0,0
46,TRANSFER,1930.2,C7805633786,1931.98,1.78,C4014119648,0.0,1930.2,1,0.11333333333333333,0
515,CASH_OUT,1974.6,C3147818256,2090.41,115.81,M8768773991,0.0,0.0,1,0.04,0
679,CASH_OUT,52.72,C5870891270,55.6,2.88,C4403845222,0.0,0.0,0,0.04,0
91,PAYMENT,127.97,C7596745715,140.0,12.03,M1240140248,0.0,0.0,0,0.0,0
507,PAYMENT,1.0,C1225052083,0.0,0.0,M6045729129,0.0,0.0,0,0.0,0
312,PAYMENT,1.0,C1572827654,0.0,0.0,M3495411322,0.0,0.0,0,0.0,0
484,TRANSFER,2387.4,C2941508568,3260.76,873.36,C3190227431,7.95,2395.35,0,0.03666666666666667,0
4,TRANSFER,628.72,C3574081104,1213.97,585.25,C5943324387,267.54,896.26,0,0.0033333333333333335,0
512,PAYMENT,12.08,C4586784711,28.54,16.46,M7514017540,0.0,0.0,0,0.0,0
252,CASH_OUT,334.62,C6868336102,468.83,134.21,C4509456565,38.27,38.27,1,0.0033333333333333335,0
101,CASH_OUT,40136.85,C2140169349,111723.42,71586.57,C8578226896,141.72,141.72,0,0.0,0
388,TRANSFER,281.09,C2524751277,255.76,0.0,C7928074841,41.89,41.89,1,0.13666666666666666,0
178,PAYMENT,492.57,C9354542654,994.24,501.67,M7960713821,0.0,0.0,0,0.0,0
572,PAYMENT,3.78,C8779941999,4.1,0.32,M6247463262,0.0,0.0,0,0.0,0
367,PAYMENT,11.8,C7640122370,21.07,9.27,M8548290298,0.0,0.0,0,0.0,0
323,TRANSFER,7189.18,C9441018790,15285.53,8096.35,C1526723719,44.36,7233.54,0,0.0,0
112,TRANSFER,68.5,C2654584280,65.9,0.0,C3698305085,84.18,84.18,1,0.11333333333333333,0
201,TRANSFER,1.41,C7759781156,6.58,5.17,C7602474923,1.98,3.39,0,0.16,0
625,CASH_OUT,40.12,C6075963527,94.93,54.81,C3910678913,23.7,23.7,0,0.03,0
42,TRANSFER,1.0,C7266763552,1.21,0.21,C4098389895,51.49,52.49,0,0.14,0
186,PAYMENT,698.8,C2965254350,869.7,170.9,M3536590481,0.0,0.0,0,0.0,0
101,TRANSFER,1.0,C5694190173,0.0,0.0,C9049270990,0.0,1.0,0,0.22666666666666666,0
401,PAYMENT,6.8,C7340428136,29.74,22.94,M7341757401,0.0,0.0,0,0.0,0
86,CASH_IN,122576.93,C2811967841,74.31,122651.24,C2660286914,3.61,3.61,0,0.0,0
306,PAYMENT,1.0,C1293864877,0.0,0.0,M9590331226,0.0,0.0,0,0.0,0
418,PAYMENT,1.0,C1862812038,0.0,0.0,M9581187661,0.0,0.0,0,0.0,0
111,TRANSFER,229.66,C1288335378,319.5,89.84,C7027529118,1.17,230.83,0,0.06666666666666667,0
653,CASH_OUT,344.56,C8556573246,398.83,54.27,M8964269909,0.0,0.0,1,0.03,0
344,PAYMENT,1.0,C7311011808,0.28,0.0,M8861351706,0.0,0.0,0,0.0,0
462,TRANSFER,148.09,C5333183840,170.25,22.16,M6101516825,0.0,0.0,1,0.16666666666666666,0
2,DEBIT,81.13,C4642197907,144.56,63.43,M8044997538,0.0,0.0,0,0.023333333333333334,0
121,PAYMENT,1.0,C9639245200,1.49,0.49,M6515490818,0.0,0.0,0,0.0,0
604,PAYMENT,1.0,C4256292393,1.34,0.34,M5270048042,0.0,0.0,0,0.0,0
478,CASH_OUT,1.0,C1547374338,0.0,0.0,C7340498236,0.0,0.0,0,0.09333333333333334,0
80,PAYMENT,101.72,C4506639908,135.48,33.76,M6732306182,0.0,0.0,0,0.0,0
169,CASH_OUT,483.97,C9904586976,578.66,94.69,C9837912162,0.0,0.0,1,0.016666666666666666,0
591,TRANSFER,3783.25,C2293434554,3493.91,0.0,M2243802345,0.0,0.0,1,0.95,1
90,PAYMENT,336.61,C7915226263,480.42,143.81,M8643636805,0.0,0.0,0,0.0033333333333333335,0
574,PAYMENT,33.41,C7981077394,325.7,292.29,M8102481401,0.0,0.0,0,0.0,0
634,TRANSFER,238.47,C7431813987,203.16,0.0,C8075122626,0.29,0.29,1,0.23666666666666666,0
319,CASH_OUT,242.37,C4530959836,271.62,29.25,M8325043570,0.0,0.0,1,0.013333333333333334,0
173,CASH_OUT,465.26,C3521166052,413.12,0.0,M1413599241,0.0,0.0,1,0.04666666666666667,0
63,CASH_IN,248.18,C9954587710,8.4,256.58,C8282534126,125.51,125.51,0,0.0,0
708,DEBIT,393.55,C2513206988,738.09,344.54,M8044997538,0.0,0.0,0,0.02666666666666667,0
455,CASH_OUT,1.0,C6982610835,1.24,0.24,C5418232833,253.06,253.06,0,0.08,0
561,PAYMENT,12.04,C9479654136,15.29,3.25,M4908108692,0.0,0.0,0,0.0,0
329,CASH_OUT,4617.38,C1383539822,3944.16,0.0,C7403028869,647.63,647.63,1,0.09666666666666666,0
674,CASH_IN,100.0,C4518871744,0.0,100.0,C7958672456,738.46,738.46,0,0.01,0
319,PAYMENT,1.0,C5150090143,0.0,0.0,M1357561213,0.0,0.0,0,0.0,0
717,TRANSFER,1.0,C4022360089,0.72,0.0,C2963288053,0.0,1.0,0,0.21333333333333335,0
428,CASH_OUT,72.04,C4579265601,67.15,0.0,C6218484323,46.55,46.55,1,0.08666666666666667,0
370,CASH_OUT,52275.95,C8033702319,73649.21,21373.26,C9116428507,0.0,0.0,1,0.0,0
231,TRANSFER,383.05,C7004510516,386.7,3.65,M5815678365,0.0,0.0,1,0.17333333333333334,0
63,PAYMENT,1.0,C6715705115,0.0,0.0,M3469205576,0.0,0.0,0,0.0,0
214,TRANSFER,1911.27,C5376302686,2320.75,409.48,M9590331226,0.0,0.0,1,0.19,0
432,PAYMENT,785.19,C4927019611,7561.31,6776.12,M5087280062,0.0,0.0,0,0.0,0
573,PAYMENT,36.81,C7083067988,71.03,34.22,M7453081889,0.0,0.0,0,0.0,0
83,PAYMENT,659.31,C4322510552,778.93,119.62,M1099218439,0.0,0.0,0,0.0,0
206,CASH_OUT,19658.01,C2965164102,26813.72,7155.71,C2180484299,3.3,3.3,0,0.0,0
542,TRANSFER,1185.06,C2571688961,1075.21,0.0,M6786043791,0.0,0.0,1,0.44666666666666666,0
707,PAYMENT,84.13,C4600630513,135.87,51.74,M8740820392,0.0,0.0,0,0.0033333333333333335,0
134,TRANSFER,1222.53,C9292791081,1743.11,520.58,C7229869819,992.87,992.87,1,0.0033333333333333335,0
405,PAYMENT,13.76,C3144490990,44.77,31.01,M3536590481,0.0,0.0,0,0.0,0
702,PAYMENT,1.0,C5151086814,0.0,0.0,M3119908041,0.0,0.0,0,0.0,0
426,CASH_OUT,23.71,C8168204967,42.47,18.76,C3875303857,82.29,82.29,0,0.04,0
600,TRANSFER,1643.97,C7552812957,1958.17,314.2,C4748302739,383.22,2027.19,1,0.06333333333333334,0
74,CASH_OUT,64.8,C8106906538,179.81,115.01,C9771848610,0.0,0.0,0,0.0033333333333333335,0
509,CASH_OUT,169.31,C7027529118,230.83,61.52,M8083396378,0.0,0.0,1,0.03666666666666667,0
243,CASH_OUT,390.65,C4747699292,426.92,36.27,M7951820749,0.0,0.0,1,0.006666666666666667,0
51,TRANSFER,1.0,C3465883999,0.0,0.0,C8517413631,682.87,683.87,0,0.013333333333333334,0
480,DEBIT,69.17,C3479708607,232.97,163.8,M2136107759,0.0,0.0,0,0.023333333333333334,0
292,CASH_OUT,3346.88,C7505693643,3496.99,150.11,M6932365592,0.0,0.0,1,0.006666666666666667,0
150,TRANSFER,2608.14,C7620473079,3491.79,883.65,M7570511906,0.0,0.0,1,0.12,0
312,CASH_OUT,78.16,C3149533961,107.52,29.36,C4492602049,717.43,717.43,0,0.01,0
103,CASH_OUT,648.18,C4248149900,591.14,0.0,C3884642366,65.66,65.66,1,0.08666666666666667,0
708,TRANSFER,295.71,C5996775663,283.05,0.0,M8218146534,0.0,0.0,1,0.23333333333333334,0
214,TRANSFER,1841.65,C5184564874,1746.66,0.0,M4665677395,0.0,0.0,1,0.4633333333333333,0
54,PAYMENT,43.7,C9432088993,175.46,131.76,M3156792018,0.0,0.0,0,0.0,0
301,PAYMENT,1.0,C2047905204,0.0,0.0,M8874242713,0.0,0.0,0,0.0,0
707,TRANSFER,708.46,C8664882079,596.22,0.0,C5694806361,1.89,1.89,1,0.26,0
246,TRANSFER,4874.38,C6402580787,4662.81,0.0,C7852415525,0.1,0.1,1,0.8166666666666667,1
468,PAYMENT,1.0,C9508499533,0.0,0.0,M9773795424,0.0,0.0,0,0.0,0
464,CASH_OUT,24.01,C7248258423,59.9,35.89,C6761084958,5.28,5.28,0,0.04666666666666667,0
33,PAYMENT,8.35,C7839819230,20.66,12.31,M6771941776,0.0,0.0,0,0.0,0
714,PAYMENT,122.77,C3894673596,151.87,29.1,M8903212516,0.0,0.0,0,0.0,0
397,PAYMENT,1.06,C9136780852,111.1,110.04,M5891831621,0.0,0.0,0,0.0,0
517,TRANSFER,323.41,C8730507757,292.79,0.0,M2773408660,0.0,0.0,1,0.23,0
672,CASH_OUT,32.42,C4509456565,38.27,5.85,C9182543558,100346.42,100346.42,0,0.0,0
652,TRANSFER,1.0,C9957813353,0.0,0.0,C4203205881,0.0,1.0,0,0.23,0
261,TRANSFER,3766.33,C6115750294,4732.23,965.9,C6804850108,260.45,4026.78,1,0.0,0
253,TRANSFER,481.55,C2879792991,558.04,76.49,M9822499208,0.0,0.0,1,0.17333333333333334,0
34,CASH_OUT,1.0,C1515024824,0.0,0.0,C6923206003,200.7,200.7,0,0.0,0
14,PAYMENT,86.92,C6882074066,224.46,137.54,M8144889126,0.0,0.0,0,0.0,0
146,PAYMENT,1.0,C2486744752,1.39,0.39,M6130446648,0.0,0.0,0,0.0,0
86,TRANSFER,1.0,C5952894290,0.0,0.0,C6882074066,137.54,138.54,0,0.05,0
85,TRANSFER,1.0,C5789617427,0.0,0.0,C8372755146,318.54,319.54,0,0.016666666666666666,0
131,CASH_OUT,8882.61,C5071218314,9043.84,161.23,M6498703287,0.0,0.0,1,0.0,0
151,TRANSFER,24045.68,C2756070122,24282.97,237.29,C5115980792,182.12,24227.8,0,0.0,0
22,PAYMENT,359.17,C5728897164,550.51,191.34,M3811254192,0.0,0.0,0,0.0,0
438,TRANSFER,4352.4,C5862655247,3714.77,0.0,M3107992942,0.0,0.0,1,0.8966666666666666,1
515,PAYMENT,8368.79,C6299224734,10692.36,2323.57,M8138332494,0.0,0.0,0,0.0,0
519,PAYMENT,170.6,C9263135031,502.26,331.66,M9068916300,0.0,0.0,0,0.0,0
678,CASH_OUT,16029.45,C5871743247,35136.19,19106.74,C5328166990,0.0,0.0,0,0.013333333333333334,0
5,PAYMENT,1.29,C6844582171,4.23,2.94,M5585110649,0.0,0.0,0,0.0,0
452,CASH_IN,52029.41,C8012696455,6.93,52036.34,C3045102506,8.25,8.25,0,0.0,0
412,DEBIT,10.78,C3305069227,13.33,2.55,M3107992942,0.0,0.0,0,0.04666666666666667,0
532,DEBIT,11.0,C9860949331,21.19,10.19,M4689605624,0.0,0.0,0,0.03,0
701,PAYMENT,81.73,C5083595988,86.11,4.38,M1442421654,0.0,0.0,0,0.0,0
670,PAYMENT,1.0,C6613888489,0.0,0.0,M3965860354,0.0,0.0,0,0.0,0
2,PAYMENT,1.0,C9974165440,0.81,0.0,M7366396017,0.0,0.0,0,0.0,0
234,PAYMENT,15.88,C9597198563,26.57,10.69,M4460319291,0.0,0.0,0,0.0,0
585,PAYMENT,9.98,C4201225242,49.2,39.22,M4329446784,0.0,0.0,0,0.0,0
476,TRANSFER,684.49,C8832617672,764.99,80.5,M1466305100,0.0,0.0,1,0.17333333333333334,0
451,CASH_IN,9243.48,C7573691558,0.0,9243.48,C5578929439,7.38,7.38,0,0.0,0
697,TRANSFER,125.74,C1870644102,155.03,29.29,C9369574998,0.0,0.0,1,0.17,0
683,TRANSFER,3090.69,C7536876169,3481.53,390.84,C1322401182,8.56,3099.25,0,0.043333333333333335,0
412,TRANSFER,1.0,C7070083150,0.0,0.0,C1847275937,0.0,1.0,0,0.20666666666666667,0
468,TRANSFER,11244.21,C3667292043,19856.49,8612.28,C4783282817,0.0,11244.21,0,0.0033333333333333335,0
107,TRANSFER,127.78,C8991977937,148.64,20.86,C2304963614,8099.94,8227.72,0,0.0,0
65,CASH_OUT,1362.3,C6959501845,1601.9,239.6,M3508990774,0.0,0.0,1,0.0,0
103,PAYMENT,1.0,C3128675098,0.0,0.0,M8910440683,0.0,0.0,0,0.0033333333333333335,0
414,CASH_OUT,649.79,C5278201677,705.54,55.75,M4456193555,0.0,0.0,1,0.05,0
514,PAYMENT,321.19,C6069848439,916.18,594.99,M8063693463,0.0,0.0,0,0.0,0
485,PAYMENT,20967.54,C6576426590,128903.3,107935.76,M6053489772,0.0,0.0,0,0.0,0
263,TRANSFER,4343.67,C7640122370,3972.97,0.0,M4211837506,0.0,0.0,1,0.82,1
87,PAYMENT,15.33,C6562434335,25.53,10.2,M6866146362,0.0,0.0,0,0.0,0
85,CASH_OUT,60312.96,C6576395496,84637.41,24324.45,C8669484644,80035.19,80035.19,1,0.0,0
20,CASH_OUT,1760.9,C1799718923,2283.49,522.59,C3667292043,8612.28,8612.28,1,0.0,0
58,TRANSFER,74.35,C7525240100,105.92,31.57,C2178158203,5361.52,5435.87,0,0.0033333333333333335,0
101,TRANSFER,9830.18,C9189503254,9577.52,0.0,C2984460654,0.0,0.0,1,0.79,1
361,PAYMENT,1.0,C9953716239,0.0,0.0,M3534186676,0.0,0.0,0,0.0,0
479,CASH_OUT,380.26,C3791027186,447.77,67.51,M8643636805,0.0,0.0,1,0.04666666666666667,0
10,TRANSFER,3290.93,C2331039957,2812.51,0.0,M6865994703,0.0,0.0,1,0.7,1
591,CASH_OUT,33.62,C6923893872,56.36,22.74,C8578226896,141.72,141.72,0,0.03,0
250,TRANSFER,465.31,C9305502799,505.56,40.25,M5270048042,0.0,0.0,1,0.17333333333333334,0
383,PAYMENT,1.0,C8211516617,0.0,0.0,M4952177946,0.0,0.0,0,0.0,0
295,PAYMENT,1.0,C6642201119,0.0,0.0,M4908108692,0.0,0.0,0,0.0,0
473,PAYMENT,1.0,C7186766399,0.0,0.0,M7570511906,0.0,0.0,0,0.0,0
686,TRANSFER,23812.25,C6317152031,22227.45,0.0,C2068687175,1298.14,25110.39,1,0.03666666666666667,0
443,CASH_OUT,2190.78,C5483308751,2203.28,12.5,M8869140487,0.0,0.0,1,0.12,0
649,PAYMENT,288.63,C1245522987,404.61,115.98,M1466305100,0.0,0.0,0,0.0,0
640,PAYMENT,1.0,C1361845490,1.59,0.59,M5869990861,0.0,0.0,0,0.0,0
500,PAYMENT,31.38,C9410288290,52.4,21.02,M7861571879,0.0,0.0,0,0.0,0
616,PAYMENT,1.58,C3362646960,4.28,2.7,M9933702652,0.0,0.0,0,0.0,0
576,TRANSFER,1.0,C3095318649,0.0,0.0,C6362597344,0.0,1.0,0,0.23,0
672,PAYMENT,10.94,C6463640105,18.07,7.13,M9640701016,0.0,0.0,0,0.0,0
183,PAYMENT,509.68,C3674551397,1027.82,518.14,M7050091525,0.0,0.0,0,0.0,0
247,CASH_OUT,4032.01,C7603978731,3806.34,0.0,M7713758036,0.0,0.0,1,0.08333333333333333,0
587,PAYMENT,18.66,C8684942020,19.75,1.09,M2518433834,0.0,0.0,0,0.0,0
136,TRANSFER,2823.98,C4172006012,2951.41,127.43,C3722583581,108.64,2932.62,1,0.023333333333333334,0
608,CASH_OUT,2.18,C4682870880,3.3,1.12,C1067198189,1792.96,1792.96,0,0.02666666666666667,0
683,CASH_OUT,296.96,C4574027737,1013.26,716.3,C7556078550,0.0,0.0,0,0.03333333333333333,0
442,CASH_IN,10482.43,C7114223633,2391.81,12874.24,C2780016559,96.74,96.74,0,0.0,0
123,CASH_OUT,827.66,C6720572969,1014.61,186.95,M3660800029,0.0,0.0,1,0.0,0
219,CASH_OUT,112.52,C7002076563,117.25,4.73,C2610237679,0.0,0.0,1,0.01,0
527,PAYMENT,1.0,C4745927824,0.0,0.0,M6992094064,0.0,0.0,0,0.0,0
366,TRANSFER,91.11,C4712367625,93.67,2.56,C1795212538,13582.65,13582.65,1,0.0033333333333333335,0
678,CASH_OUT,1.0,C7193532615,0.0,0.0,C1197092148,2.07,2.07,0,0.05333333333333334,0
436,TRANSFER,64.66,C2099184899,70.91,6.25,M2391874847,0.0,0.0,1,0.17,0
608,CASH_OUT,1.0,C3258354191,0.0,0.0,C7590302909,0.0,0.0,0,0.06333333333333334,0
419,PAYMENT,1211.87,C8674224347,64640.39,63428.52,M1647181551,0.0,0.0,0,0.0,0
463,PAYMENT,1.0,C5140460939,0.0,0.0,M1647181551,0.0,0.0,0,0.0,0
278,PAYMENT,1.0,C5201221330,0.0,0.0,M7168105904,0.0,0.0,0,0.0,0
505,CASH_OUT,4176.58,C3392080953,3930.45,0.0,M8325043570,0.0,0.0,1,0.27,0
258,PAYMENT,219.53,C2914590233,387.95,168.42,M7437168216,0.0,0.0,0,0.0,0
513,CASH_OUT,4168.64,C4470591645,3797.83,0.0,C4693510920,9219.76,9219.76,1,0.18333333333333332,0
129,PAYMENT,288.13,C8517413631,683.87,395.74,M4820942294,0.0,0.0,0,0.0,0
311,CASH_OUT,576.64,C5785481124,498.55,0.0,C1116402431,0.0,0.0,1,0.25,0
149,PAYMENT,81.23,C3147818256,115.81,34.58,M3580582653,0.0,0.0,0,0.0,0
119,TRANSFER,59.82,C2825957977,67.27,7.45,M1083302600,0.0,0.0,1,0.16666666666666666,0
683,TRANSFER,291.5,C5271453859,251.72,0.0,C4605117440,374.94,374.94,1,0.09,0
303,CASH_OUT,5150.9,C2178158203,5435.87,284.97,C6875597607,298.41,298.41,0,0.013333333333333334,0
137,PAYMENT,1.0,C7699500243,0.0,0.0,M4160161496,0.0,0.0,0,0.0,0
230,PAYMENT,1.0,C2753617371,0.0,0.0,M2328736852,0.0,0.0,0,0.0,0
408,PAYMENT,1.0,C8055556030,0.0,0.0,M2249831874,0.0,0.0,0,0.0,0
252,TRANSFER,3008.53,C1112794026,2788.93,0.0,C5884080139,96.95,96.95,1,0.35333333333333333,0
652,PAYMENT,1.0,C8575707116,2.61,1.61,M5194066484,0.0,0.0,0,0.0,0
639,CASH_OUT,266.87,C6875597607,298.41,31.54,M9752092528,0.0,0.0,1,0.03666666666666667,0
476,CASH_OUT,4086.43,C4427620889,3501.38,0.0,M8903212516,0.0,0.0,1,0.4066666666666667,0
197,CASH_OUT,46652.16,C3975418439,107144.43,60492.27,C8295757364,401.31,401.31,0,0.0,0
325,CASH_OUT,4273.8,C7928074841,4681.84,408.04,M6846530109,0.0,0.0,1,0.006666666666666667,0
449,CASH_OUT,113.55,C9327720702,126.78,13.23,C5613655595,0.0,0.0,0,0.056666666666666664,0
15,TRANSFER,959.22,C5539308214,1144.65,185.43,C8048810275,0.0,959.22,1,0.0,0
84,CASH_OUT,2408.87,C3392080953,3308.59,899.72,M1783432867,0.0,0.0,1,0.0,0
578,TRANSFER,2831.31,C3075362821,3751.94,920.63,C5333183840,22.16,2853.47,1,0.043333333333333335,0
338,CASH_OUT,1.0,C5082603360,1.11,0.11,C3623588379,467.02,467.02,0,0.03,0
93,CASH_OUT,3431.23,C3147818256,3201.25,0.0,M9896529524,0.0,0.0,1,0.04666666666666667,0
709,PAYMENT,1.0,C8624454880,0.0,0.0,M1357561213,0.0,0.0,0,0.0,0
271,TRANSFER,1.0,C5508149905,0.0,0.0,C3291270703,36.5,37.5,0,0.16666666666666666,0
347,CASH_OUT,4662.35,C1600406558,4279.65,0.0,M7960713821,0.0,0.0,1,0.13,0
635,PAYMENT,515.54,C3645901955,74819.25,74303.71,M5067400473,0.0,0.0,0,0.0,0
673,PAYMENT,138.43,C4413838650,213.68,75.25,M2155671697,0.0,0.0,0,0.0,0
379,PAYMENT,1.0,C4403845222,0.0,0.0,M6053489772,0.0,0.0,0,0.0,0
216,CASH_OUT,1.0,C9798613995,0.0,0.0,C7534583219,4312.11,4312.11,0,0.0,0
642,PAYMENT,3935.3,C7114223633,12874.24,8938.94,M1802753761,0.0,0.0,0,0.0,0
314,PAYMENT,170.45,C2513206988,344.54,174.09,M2655546199,0.0,0.0,0,0.0,0
48,PAYMENT,2.91,C7759781156,5.17,2.26,M6744039057,0.0,0.0,0,0.0,0
31,PAYMENT,23.97,C6795522649,26.51,2.54,M3317856944,0.0,0.0,0,0.0,0
603,CASH_OUT,2058.4,C7685540186,2143.74,85.34,M4896576569,0.0,0.0,1,0.04,0
612,PAYMENT,1308.94,C1011759631,2377.39,1068.45,M3223687972,0.0,0.0,0,0.0,0
223,TRANSFER,1.0,C6128695961,0.0,0.0,C2960488639,11.63,12.63,0,0.19333333333333333,0
169,PAYMENT,1.0,C9558091177,0.0,0.0,M7678293431,0.0,0.0,0,0.0,0
339,CASH_OUT,705.79,C3075362821,920.63,214.84,C7380780055,73.7,73.7,1,0.01,0
276,CASH_OUT,88.54,C3479708607,163.8,75.26,C9123612497,638.27,638.27,0,0.006666666666666667,0
557,PAYMENT,1.0,C1561417687,0.0,0.0,M4125758723,0.0,0.0,0,0.0,0
236,TRANSFER,127.83,C7568861677,172.83,45.0,C4015479599,177.34,177.34,1,0.02,0
24,PAYMENT,20.11,C6218484323,46.55,26.44,M8458323087,0.0,0.0,0,0.0,0
529,PAYMENT,674.74,C6340003593,1152.11,477.37,M5564953924,0.0,0.0,0,0.0,0
453,CASH_OUT,9033.99,C1110724913,7842.06,0.0,C1754368373,7.18,7.18,1,0.31,0
575,TRANSFER,1.0,C9067664957,0.0,0.0,C3799620568,318.32,319.32,0,0.10333333333333333,0
30,CASH_OUT,97.8,C8178361487,354.28,256.48,C4227004325,0.0,0.0,0,0.0033333333333333335,0
409,TRANSFER,3451.08,C9505085936,3701.45,250.37,C9248574674,0.0,0.0,1,0.27,0
621,CASH_IN,38972.47,C5667181604,48.32,39020.79,C9573276057,359.17,359.17,0,0.0,0
87,CASH_OUT,2765.54,C2878930355,3072.74,307.2,C9909257076,0.0,0.0,1,0.0,0
261,TRANSFER,3821.43,C6121801720,4689.25,867.82,M4160161496,0.0,0.0,1,0.22,0
610,CASH_OUT,216.44,C5694628398,388.1,171.66,C1276905285,34.95,34.95,0,0.02666666666666667,0
518,CASH_OUT,1531.79,C7049001493,2087.85,556.06,M2518433834,0.0,0.0,1,0.02666666666666667,0
627,DEBIT,20217.08,C3893976444,127647.75,107430.67,M5985331805,0.0,0.0,0,0.02,0
465,CASH_OUT,129.48,C7166868574,173.4,43.92,C4946081594,11.98,11.98,1,0.043333333333333335,0
307,PAYMENT,498.61,C2349641712,603.94,105.33,M4160161496,0.0,0.0,0,0.0,0
135,PAYMENT,1.0,C6092773357,0.0,0.0,M6763471833,0.0,0.0,0,0.0,0
631,PAYMENT,56.16,C5625411308,60.09,3.93,M9631695368,0.0,0.0,0,0.0,0
467,PAYMENT,1.0,C1248704157,0.0,0.0,M1802753761,0.0,0.0,0,0.0,0
702,TRANSFER,2673.08,C3429019820,3247.51,574.43,M9918338001,0.0,0.0,1,0.27666666666666667,0
244,TRANSFER,911.58,C5600836559,918.01,6.43,M3660800029,0.0,0.0,1,0.21333333333333335,0
554,DEBIT,1.0,C5996775663,0.0,0.0,M1504729135,0.0,0.0,0,0.043333333333333335,0
98,PAYMENT,1.0,C3738900744,0.0,0.0,M4820942294,0.0,0.0,0,0.0,0
276,TRANSFER,766.82,C6929897032,785.19,18.37,M4820942294,0.0,0.0,1,0.19,0
180,CASH_IN,24092.22,C2394868732,0.0,24092.22,C1590985753,16796.99,16796.99,0,0.0,0
242,CASH_OUT,7.21,C8118065825,8.39,1.18,C2250949136,2056.14,2056.14,0,0.0033333333333333335,0
160,PAYMENT,13.05,C9454207717,18.53,5.48,M3107992942,0.0,0.0,0,0.0,0
310,PAYMENT,3.2,C7092693247,8.78,5.58,M9410569618,0.0,0.0,0,0.0,0
14,TRANSFER,59.43,C7645527239,50.51,0.0,M1240140248,0.0,0.0,1,0.20333333333333334,0
354,TRANSFER,1.0,C5952163720,0.0,0.0,C7573691558,9243.48,9244.48,0,0.0,0
647,TRANSFER,1575.83,C8650676663,2532.16,956.33,C9312085761,105.78,1681.61,0,0.06,0
233,CASH_IN,1740.35,C3532855799,390.82,2131.17,C9303765140,0.0,0.0,0,0.0,0
559,TRANSFER,449.27,C3623588379,467.02,17.75,M1368287033,0.0,0.0,1,0.17333333333333334,0
335,CASH_OUT,2163.23,C8309221034,1943.7,0.0,M4211837506,0.0,0.0,1,0.12,0
87,PAYMENT,2.1,C2180484299,3.3,1.2,M3355504998,0.0,0.0,0,0.0,0
709,PAYMENT,312.53,C4574027737,716.3,403.77,M4460319291,0.0,0.0,0,0.0,0
454,PAYMENT,1.33,C7602474923,3.39,2.06,M7651029165,0.0,0.0,0,0.0,0
103,CASH_IN,32517.08,C7801948900,1104.29,33621.37,C5607762160,67741.0,67741.0,0,0.0,0
380,DEBIT,42.48,C4939447721,66.81,24.33,M3297681898,0.0,0.0,0,0.023333333333333334,0
632,PAYMENT,1.0,C7772180882,1.0,0.0,M7340036327,0.0,0.0,0,0.0,0
178,CASH_OUT,4148.84,C1596471620,3649.5,0.0,C5641959772,26.48,26.48,1,0.05,0
514,CASH_OUT,1.0,C2617999521,0.0,0.0,C6289150149,0.0,0.0,0,0.06,0
629,TRANSFER,1.0,C6566372886,0.0,0.0,C2525930586,0.0,1.0,0,0.23333333333333334,0
689,TRANSFER,303.25,C8458717057,360.33,57.08,C8057994126,34462.75,34462.75,1,0.0,0
141,TRANSFER,1264.68,C1367704871,1177.08,0.0,C6691628146,2.07,2.07,1,0.33666666666666667,0
468,PAYMENT,2596.45,C2394868732,24092.22,21495.77,M4896576569,0.0,0.0,0,0.0,0
289,CASH_OUT,45086.48,C8674224347,63428.52,18342.04,M6384311581,0.0,0.0,1,0.0033333333333333335,0
578,DEBIT,15536.19,C8674224347,18342.04,2805.85,M8626371177,0.0,0.0,0,0.03333333333333333,0
77,CASH_OUT,1260.19,C9558091177,1669.17,408.98,C9470922075,0.0,0.0,1,0.0,0
97,TRANSFER,1.0,C4427620889,0.0,0.0,C9457665185,5.35,6.35,0,0.2,0
113,PAYMENT,31.99,C6156843353,34.31,2.32,M7951820749,0.0,0.0,0,0.0,0
339,CASH_OUT,1052.41,C5694848867,1368.45,316.04,C6995554056,10.86,10.86,1,0.006666666666666667,0
298,PAYMENT,59.17,C1050899550,124.92,65.75,M2129491690,0.0,0.0,0,0.0,0
630,CASH_OUT,3.57,C6000009225,7.47,3.9,C1770278136,187.84,187.84,0,0.03333333333333333,0
264,PAYMENT,85.85,C5071218314,161.23,75.38,M3094407076,0.0,0.0,0,0.0,0
427,PAYMENT,130.4,C2503068227,166.57,36.17,M2604788242,0.0,0.0,0,0.0,0
496,DEBIT,1.0,C2311597141,0.0,0.0,M1783432867,0.0,0.0,0,0.043333333333333335,0
515,PAYMENT,108.5,C9621419224,449.66,341.16,M9933702652,0.0,0.0,0,0.0,0
544,TRANSFER,6760.54,C9270323795,7815.28,1054.74,C3623588379,17.75,6778.29,1,0.04666666666666667,0
423,TRANSFER,679.37,C6591038760,664.74,0.0,C3147818256,0.0,0.0,1,0.25,0
250,PAYMENT,102.46,C5728897164,191.34,88.88,M7960713821,0.0,0.0,0,0.0,0
697,CASH_OUT,199.37,C9218363978,243.26,43.89,M8366710477,0.0,0.0,1,0.03,0
253,PAYMENT,4.63,C3931997465,13.44,8.81,M8389750357,0.0,0.0,0,0.0,0
308,CASH_IN,44604.1,C6955593943,0.0,44604.1,C5647317872,0.0,0.0,0,0.0,0
382,PAYMENT,1.0,C5087357728,0.0,0.0,M8643636805,0.0,0.0,0,0.0,0
586,CASH_OUT,3047.8,C1657675888,2654.6,0.0,C4014119648,1930.2,1930.2,1,0.1,0
393,CASH_OUT,1.0,C5996775663,0.0,0.0,C8556573246,54.27,54.27,0,0.016666666666666666,0
209,CASH_OUT,2590.41,C3423086220,3424.05,833.64,M6045729129,0.0,0.0,1,0.0,0
503,PAYMENT,15.75,C4440904834,19.71,3.96,M8548290298,0.0,0.0,0,0.0,0
144,PAYMENT,1.0,C6797436140,0.0,0.0,M6011842297,0.0,0.0,0,0.0,0
664,PAYMENT,12.01,C7961674558,29.48,17.47,M1240140248,0.0,0.0,0,0.0,0
640,TRANSFER,573.52,C8684026200,519.62,0.0,M9640701016,0.0,0.0,1,0.27,0
289,TRANSFER,8.91,C1662259333,9.62,0.71,C5647317872,0.0,8.91,0,0.21666666666666667,0
282,TRANSFER,9.16,C1375899416,34.59,25.43,C2158638062,300.83,309.99,0,0.0033333333333333335,0
98,CASH_OUT,8.14,C1121863227,18.52,10.38,C3783290795,82.55,82.55,0,0.0,0
336,CASH_OUT,90.43,C4172006012,127.43,37.0,C2076341629,1.0,1.0,1,0.01,0
559,PAYMENT,1.0,C3185386258,0.17,0.0,M3438830691,0.0,0.0,0,0.0,0
352,CASH_IN,27002.96,C6887132821,564.02,27566.98,C3893976444,107430.67,107430.67,0,0.0,0
70,TRANSFER,1580.68,C6924716023,1318.44,0.0,C5633956194,0.0,1580.68,1,0.09666666666666666,0
303,CASH_OUT,459.14,C2613385303,773.57,314.43,C3178995337,0.0,0.0,0,0.02,0
275,CASH_OUT,1.0,C2149938334,0.0,0.0,C8719734235,3.31,3.31,0,0.023333333333333334,0
311,PAYMENT,2.12,C1696846464,2.37,0.25,M8667946580,0.0,0.0,0,0.0,0
289,TRANSFER,121.91,C8055515912,162.42,40.51,C3095318649,0.0,0.0,1,0.15666666666666668,0
672,CASH_OUT,483.57,C2893321208,479.86,0.0,M3438830691,0.0,0.0,1,0.09,0
571,DEBIT,28.71,C7525240100,31.57,2.86,M4399143287,0.0,0.0,0,0.04,0
441,CASH_OUT,2497.56,C9067664957,3152.69,655.13,C2756070122,237.29,237.29,1,0.03666666666666667,0
646,PAYMENT,12.11,C6110943464,34.58,22.47,M6651020291,0.0,0.0,0,0.0,0
327,TRANSFER,1.0,C1399546384,0.0,0.0,C2962750929,2.18,3.18,0,0.21666666666666667,0
702,CASH_OUT,330.67,C5144289583,537.7,207.03,C9255898264,871.97,871.97,0,0.023333333333333334,0
236,PAYMENT,2.91,C7393195616,11.35,8.44,M6515490818,0.0,0.0,0,0.0,0
374,PAYMENT,1.0,C9229469952,0.0,0.0,M2869931869,0.0,0.0,0,0.0,0
610,TRANSFER,65.85,C6745958212,172.31,106.46,C8291250562,0.0,65.85,0,0.17,0
322,TRANSFER,110.04,C5724657556,168.49,58.45,C8236980551,0.0,110.04,0,0.09,0
692,TRANSFER,53.75,C1141312095,79.64,25.89,C9166381136,0.84,54.59,0,0.17,0
137,PAYMENT,1.0,C7079234115,0.0,0.0,M8063693463,0.0,0.0,0,0.0,0
154,CASH_OUT,62.85,C6477862024,71.59,8.74,C7872873371,48.49,48.49,1,0.0033333333333333335,0
527,TRANSFER,12.13,C6353758928,16.99,4.86,C7573442717,0.0,12.13,0,0.17666666666666667,0
132,PAYMENT,6.94,C9911329062,31.01,24.07,M8144352013,0.0,0.0,0,0.0,0
393,TRANSFER,1.36,C8575707116,1.61,0.25,C1754603440,244.94,246.3,0,0.013333333333333334,0
94,CASH_OUT,2796.93,C8940731272,2664.21,0.0,M1999913493,0.0,0.0,1,0.05333333333333334,0
325,PAYMENT,1.0,C8137972345,0.0,0.0,M6732306182,0.0,0.0,0,0.0,0
657,PAYMENT,1.0,C8239941612,0.0,0.0,M3595066420,0.0,0.0,0,0.0,0
396,CASH_OUT,531.86,C8650676663,956.33,424.47,C4040409964,0.0,0.0,0,0.02,0
182,CASH_OUT,1191.31,C3304560537,1277.71,86.4,C1484664056,0.0,0.0,1,0.0,0
336,PAYMENT,1.0,C3250402001,0.0,0.0,M5891831621,0.0,0.0,0,0.0,0
603,PAYMENT,198.44,C8480622107,382.31,183.87,M8727805468,0.0,0.0,0,0.0,0
481,CASH_OUT,6.92,C8991514523,11.35,4.43,C5381866906,2066.11,2066.11,0,0.05333333333333334,0
622,TRANSFER,28.87,C5778781449,47.23,18.36,C5220094152,22717.49,22746.36,0,0.0,0
100,PAYMENT,1.0,C7015992643,0.0,0.0,M7512767226,0.0,0.0,0,0.0,0
340,TRANSFER,13.38,C6509985983,6898.82,6885.44,C2513206988,174.09,187.47,0,0.01,0
613,TRANSFER,1816.49,C9981364488,2101.45,284.96,C5033992825,1.0,1817.49,1,0.07666666666666666,0
596,PAYMENT,181.89,C7462972995,414.81,232.92,M8643636805,0.0,0.0,0,0.0,0
547,TRANSFER,680.52,C6471691689,608.8,0.0,M7514017540,0.0,0.0,1,0.26,0
634,TRANSFER,2174.84,C6447717367,2588.08,413.24,C2173242669,3.49,3.49,1,0.30333333333333334,0
713,TRANSFER,73.84,C6418365941,64.69,0.0,M5985331805,0.0,0.0,1,0.22,0
127,CASH_OUT,36.47,C1510289448,45.54,9.07,C9138644862,102.22,102.22,0,0.0,0
231,PAYMENT,939.32,C6043349038,1027.66,88.34,M4122901114,0.0,0.0,0,0.0,0
490,TRANSFER,4.79,C1510289448,9.07,4.28,C6789292252,0.0,4.79,0,0.18,0
460,CASH_OUT,1.0,C2777816561,0.0,0.0,C8055515912,40.51,40.51,0,0.08333333333333333,0
514,TRANSFER,997.2,C2439622619,932.16,0.0,M2655546199,0.0,0.0,1,0.4033333333333333,0
499,CASH_OUT,495.01,C6069848439,594.99,99.98,C4714465905,55.1,55.1,0,0.02666666666666667,0
20,TRANSFER,2524.62,C5952894290,2576.58,51.96,C9312085761,1681.61,1681.61,1,0.03,0
362,PAYMENT,1.0,C4226113732,0.0,0.0,M2885370603,0.0,0.0,0,0.0,0
180,PAYMENT,131.35,C6504099682,109905.8,109774.45,M7717262223,0.0,0.0,0,0.0,0
174,DEBIT,1.0,C4310415016,0.0,0.0,M4460319291,0.0,0.0,0,0.03,0
258,TRANSFER,700.56,C2720484983,660.3,0.0,C6557907251,234.46,234.46,1,0.11,0
86,PAYMENT,43.43,C9697414638,52.49,9.06,M3846182436,0.0,0.0,0,0.0,0
638,DEBIT,1.0,C6691628146,2.07,1.07,M9523139706,0.0,0.0,0,0.04666666666666667,0
364,CASH_IN,8195.6,C2079501936,4.27,8199.87,C8168204967,18.76,18.76,0,0.0,0
109,CASH_OUT,2062.61,C8309221034,1806.86,0.0,C5283911723,0.0,0.0,1,0.05,0
240,CASH_OUT,4135.04,C9388140708,4015.49,0.0,M5535650160,0.0,0.0,1,0.07666666666666666,0
511,CASH_OUT,1.0,C8137764127,0.0,0.0,C6121801720,867.82,867.82,0,0.05,0
123,DEBIT,16.4,C4282810353,44.01,27.61,M1711271599,0.0,0.0,0,0.016666666666666666,0
551,PAYMENT,242.27,C5951406973,261.44,19.17,M9773795424,0.0,0.0,0,0.0,0
72,TRANSFER,4.2,C6317889312,14.09,9.89,C4159699467,297.69,301.89,0,0.01,0
481,DEBIT,3.97,C6320115677,6.61,2.64,M4820942294,0.0,0.0,0,0.043333333333333335,0
692,PAYMENT,1.31,C6156843353,2.32,1.01,M9773795424,0.0,0.0,0,0.0,0
244,CASH_OUT,1.0,C4345526911,0.0,0.0,C9370133343,929.61,929.61,0,0.013333333333333334,0
20,CASH_OUT,36.3,C7452729913,102.02,65.72,C8316648259,40.23,40.23,0,0.0033333333333333335,0
125,CASH_OUT,1033.4,C1662976399,1330.95,297.55,M1857561275,0.0,0.0,1,0.0033333333333333335,0
291,TRANSFER,1297.06,C2924568778,1287.41,0.0,M2249831874,0.0,0.0,1,0.36333333333333334,0
204,DEBIT,35.79,C4873807154,65.3,29.51,M7969674420,0.0,0.0,0,0.02,0
200,PAYMENT,21.67,C7551874474,27.35,5.68,M4456193555,0.0,0.0,0,0.0,0
349,TRANSFER,47319.34,C2111272861,61377.77,14058.43,C4500557310,526.36,47845.7,0,0.0033333333333333335,0
587,TRANSFER,1558.01,C3057629778,1656.2,98.19,C2525930586,1.0,1559.01,1,0.09,0
222,PAYMENT,1.0,C4130305126,0.0,0.0,M1442421654,0.0,0.0,0,0.0,0
163,CASH_OUT,2038.17,C4635552887,2425.51,387.34,C9908115095,548.96,548.96,1,0.0,0
461,CASH_OUT,92.63,C1546696950,105.83,13.2,M8389750357,0.0,0.0,1,0.05333333333333334,0
520,PAYMENT,4.08,C9514255777,4.67,0.59,M6247463262,0.0,0.0,0,0.0,0
356,PAYMENT,1.0,C7186766399,0.0,0.0,M7678293431,0.0,0.0,0,0.0,0
126,PAYMENT,15398.59,C1387652480,85230.27,69831.68,M5000316394,0.0,0.0,0,0.0,0
224,TRANSFER,479.91,C3147818256,574.35,94.44,C1197449658,0.0,0.0,1,0.16666666666666666,0
56,PAYMENT,126.68,C1754603440,246.3,119.62,M6845287382,0.0,0.0,0,0.0,0
711,TRANSFER,136.61,C4202607993,285.65,149.04,C8991514523,4.43,141.04,0,0.06,0
88,PAYMENT,2089.17,C1290050198,4150.17,2061.0,M6865994703,0.0,0.0,0,0.0,0
29,TRANSFER,117355.82,C6576426590,107935.76,0.0,C2047905204,0.0,0.0,1,0.8866666666666667,1
317,PAYMENT,1.0,C6329589780,0.0,0.0,M6659847491,0.0,0.0,0,0.0,0
50,CASH_OUT,1401.89,C8380507338,1222.67,0.0,C2075321966,79879.34,79879.34,1,0.006666666666666667,0
691,PAYMENT,1.0,C5294535887,0.0,0.0,M4390543744,0.0,0.0,0,0.0,0
485,PAYMENT,2304.66,C4308701294,3425.16,1120.5,M7570511906,0.0,0.0,0,0.0,0
123,TRANSFER,1.0,C1664847319,0.0,0.0,C3893976444,107430.67,107431.67,0,0.0,0
689,DEBIT,338.45,C7620473079,883.65,545.2,M3595066420,0.0,0.0,0,0.03,0
559,PAYMENT,1.0,C2617999521,0.0,0.0,M8325043570,0.0,0.0,0,0.0,0
468,PAYMENT,6.1,C1261903104,27.8,21.7,M6247463262,0.0,0.0,0,0.0,0
300,CASH_IN,148988.35,C1036351450,26.63,149014.98,C8390631634,112869.52,112869.52,0,0.0,0
52,PAYMENT,4.33,C9457665185,6.35,2.02,M7366396017,0.0,0.0,0,0.0,0
714,CASH_OUT,160.0,C2513206988,187.47,27.47,C9623534576,23.95,23.95,1,0.03333333333333333,0
91,CASH_OUT,1.0,C3591527330,1.0,0.0,C9438411468,9.15,9.15,0,0.006666666666666667,0
475,TRANSFER,21.52,C6558450990,28.97,7.45,C8730507757,0.0,21.52,0,0.17,0
666,CASH_IN,1863.59,C3587283948,139300.86,141164.45,C6471691689,0.0,0.0,0,0.0,0
235,TRANSFER,1.0,C1430073711,0.89,0.0,C7472806994,6683.52,6684.52,0,0.0,0
97,CASH_OUT,105.07,C1421776124,89.61,0.0,M2243802345,0.0,0.0,1,0.013333333333333334,0
304,PAYMENT,7.7,C8366884200,11.62,3.92,M4522855590,0.0,0.0,0,0.0,0
180,PAYMENT,1.0,C5666504394,0.0,0.0,M5990749811,0.0,0.0,0,0.0,0
629,CASH_OUT,1.0,C6982610835,0.24,0.0,C4600630513,51.74,51.74,0,0.05,0
618,DEBIT,18.22,C2879792991,76.49,58.27,M6384311581,0.0,0.0,0,0.03,0
372,PAYMENT,14.21,C4668931881,29.92,15.71,M7928143230,0.0,0.0,0,0.0,0
487,PAYMENT,1.0,C6320115677,2.64,1.64,M9933702652,0.0,0.0,0,0.0,0
456,TRANSFER,5413.75,C6509985983,6885.44,1471.69,C8151583833,136.14,5549.89,0,0.03,0
645,PAYMENT,1.0,C9776185998,0.0,0.0,M3438830691,0.0,0.0,0,0.0,0
121,PAYMENT,274.91,C1710924824,1374.47,1099.56,M2571632270,0.0,0.0,0,0.0,0
415,CASH_OUT,386.58,C7340428136,457.02,70.44,C2064803502,179.35,179.35,1,0.043333333333333335,0
171,TRANSFER,3411.18,C4713453204,4563.35,1152.17,M8389750357,0.0,0.0,1,0.17,0
119,PAYMENT,134.42,C1726990714,246.42,112.0,M5156392601,0.0,0.0,0,0.0,0
375,CASH_OUT,5327.49,C8178927766,4603.39,0.0,C5686850445,0.0,0.0,1,0.15,0
240,PAYMENT,1.0,C9857430687,0.0,0.0,M1466305100,0.0,0.0,0,0.0,0
338,PAYMENT,118.43,C1084790270,128.4,9.97,M6583604299,0.0,0.0,0,0.0,0
505,CASH_OUT,4394.66,C7551874474,4056.67,0.0,C1288335378,89.84,89.84,1,0.25,0
553,TRANSFER,4258.66,C8316648259,3963.92,0.0,C8471762590,0.89,0.89,1,0.9333333333333333,1
214,PAYMENT,78.83,C6464693977,188.92,110.09,M1458227039,0.0,0.0,0,0.0,0
57,TRANSFER,51.49,C4714465905,55.1,3.61,C1519709079,1106.49,1157.98,0,0.01,0
607,PAYMENT,1.12,C3660223333,1.33,0.21,M1888107487,0.0,0.0,0,0.0,0
640,PAYMENT,21.11,C6043349038,88.34,67.23,M6865994703,0.0,0.0,0,0.0,0
183,PAYMENT,1492.41,C1139082827,1624.46,132.05,M8063693463,0.0,0.0,0,0.0,0
548,TRANSFER,1.0,C9504724761,0.0,0.0,C7767834064,19.97,20.97,0,0.18666666666666668,0
717,CASH_OUT,98.48,C6496596008,103.85,5.37,M5000316394,0.0,0.0,1,0.04,0
252,PAYMENT,1.0,C1643611097,0.0,0.0,M1694904767,0.0,0.0,0,0.0,0
517,CASH_OUT,2190.79,C9471306442,2766.31,575.52,M9590331226,0.0,0.0,1,0.02666666666666667,0
310,TRANSFER,2517.83,C3363629219,2530.17,12.34,M4211837506,0.0,0.0,1,0.42333333333333334,0
632,TRANSFER,1.0,C3476426797,0.0,0.0,C2480915452,135971.44,135972.44,0,0.0,0
97,TRANSFER,1.0,C2720484983,0.0,0.0,C6986770879,0.0,1.0,0,0.23333333333333334,0
35,DEBIT,5416.5,C4110258855,8326.73,2910.23,M7717262223,0.0,0.0,0,0.02,0
143,DEBIT,1.0,C5433722159,0.0,0.0,M9776500600,0.0,0.0,0,0.02666666666666667,0
469,TRANSFER,356.59,C4159699467,301.89,0.0,M1343875431,0.0,0.0,1,0.22666666666666666,0
416,PAYMENT,1.0,C9995834531,0.0,0.0,M6101516825,0.0,0.0,0,0.0,0
694,TRANSFER,3559.86,C8369792370,3153.61,0.0,M6790024996,0.0,0.0,1,0.8833333333333333,1
249,CASH_OUT,55.48,C5774080233,174.19,118.71,C5933179746,1908.55,1908.55,0,0.0033333333333333335,0
72,TRANSFER,1720.88,C7671625956,2044.74,323.86,M4460319291,0.0,0.0,1,0.15666666666666668,0
448,PAYMENT,22.44,C1375899416,25.43,2.99,M1692044390,0.0,0.0,0,0.0,0
648,PAYMENT,28.92,C2465576748,81.65,52.73,M7960713821,0.0,0.0,0,0.0,0
223,PAYMENT,94.87,C4921003983,261.16,166.29,M9631695368,0.0,0.0,0,0.0,0
176,PAYMENT,14954.22,C3412365931,142187.87,127233.65,M8861351706,0.0,0.0,0,0.0,0
301,PAYMENT,421.54,C8382488970,11205.6,10784.06,M6999146585,0.0,0.0,0,0.0,0
79,DEBIT,1.47,C8719734235,3.31,1.84,M1306420495,0.0,0.0,0,0.023333333333333334,0
390,PAYMENT,1.96,C8969097897,2.66,0.7,M5087280062,0.0,0.0,0,0.0,0
275,CASH_OUT,1.0,C4104309491,0.0,0.0,C8033702319,21373.26,21373.26,0,0.0033333333333333335,0
436,PAYMENT,1.0,C2052811909,0.0,0.0,M8858274691,0.0,0.0,0,0.0,0
127,CASH_OUT,878.6,C7460728316,1076.14,197.54,C3884642366,65.66,65.66,1,0.0,0
314,PAYMENT,1.0,C9546021691,0.0,0.0,M5194066484,0.0,0.0,0,0.0,0
442,PAYMENT,8684.92,C2704657157,13668.74,4983.82,M8325043570,0.0,0.0,0,0.0,0
233,TRANSFER,631.38,C9618334441,715.88,84.5,M8643636805,0.0,0.0,1,0.17333333333333334,0
310,TRANSFER,498.63,C3051831252,490.03,0.0,M7664045502,0.0,0.0,1,0.31,0
284,TRANSFER,1.0,C5140460939,0.0,0.0,C2770980600,22190.8,22191.8,0,0.0,0
610,TRANSFER,1.0,C4012917912,0.0,0.0,C7660157097,165254.13,165255.13,0,0.0,0
609,CASH_OUT,4.05,C1558631501,7.18,3.13,C2891100776,595.14,595.14,0,0.043333333333333335,0
122,PAYMENT,18.37,C5072538783,57.45,39.08,M2418407139,0.0,0.0,0,0.0,0
228,CASH_OUT,5590.39,C8272725281,132462.37,126871.98,C3297096148,1.26,1.26,0,0.0,0
492,PAYMENT,1.0,C5281907480,0.0,0.0,M1357561213,0.0,0.0,0,0.0,0
669,CASH_OUT,711.42,C2721355673,846.65,135.23,C1131267917,6.11,6.11,1,0.03,0
113,CASH_OUT,18.61,C8734449371,26.05,7.44,C9182543558,100346.42,100346.42,0,0.0,0
285,TRANSFER,430.21,C6402580787,495.52,65.31,M5734228580,0.0,0.0,1,0.16666666666666666,0
318,TRANSFER,661.3,C7049001493,556.06,0.0,C8757570742,0.0,0.0,1,0.2966666666666667,0
65,CASH_OUT,1813.08,C7103588071,2247.57,434.49,C4482141802,123274.81,123274.81,1,0.006666666666666667,0
236,CASH_OUT,46.8,C5802739154,90.43,43.63,C4353689019,384.69,384.69,0,0.0033333333333333335,0
499,TRANSFER,1.0,C4877520294,0.0,0.0,C4282810353,27.61,28.61,0,0.18333333333333332,0
321,PAYMENT,1.0,C4579265601,0.0,0.0,M5412437658,0.0,0.0,0,0.0,0
587,TRANSFER,1.1,C3305069227,2.55,1.45,C6711463258,0.0,1.1,0,0.18666666666666668,0
329,TRANSFER,1.0,C3328710672,0.0,0.0,C8695129534,263.4,264.4,0,0.013333333333333334,0
425,CASH_OUT,1.0,C2125089309,0.0,0.0,C7393195616,8.44,8.44,0,0.08,0
184,TRANSFER,16164.12,C2394868732,21495.77,5331.65,C2625792787,16458.62,16458.62,1,0.0,0
89,TRANSFER,65.6,C9987064419,99.06,33.46,C6288227800,79289.32,79354.92,0,0.0033333333333333335,0
439,DEBIT,1.0,C4714465905,3.61,2.61,M9410569618,0.0,0.0,0,0.043333333333333335,0
670,TRANSFER,7759.35,C1785418196,27215.24,19455.89,C5570828113,0.0,7759.35,0,0.013333333333333334,0
12,PAYMENT,66.15,C2789144223,76.95,10.8,M2571632270,0.0,0.0,0,0.0,0
254,PAYMENT,1.0,C7174772035,0.0,0.0,M5449848690,0.0,0.0,0,0.0,0
169,TRANSFER,1.0,C4531928910,0.0,0.0,C8650676663,424.47,425.47,0,0.01,0
393,TRANSFER,55.69,C4490722186,93.1,37.41,C6338036681,3199.65,3255.34,0,0.0033333333333333335,0
381,PAYMENT,258.23,C4706249669,300.56,42.33,M4641902461,0.0,0.0,0,0.0,0
434,TRANSFER,120.9,C7915226263,143.81,22.91,M1442421654,0.0,0.0,1,0.16666666666666666,0
211,CASH_OUT,4489.13,C1004665657,4076.42,0.0,M4601406440,0.0,0.0,1,0.05333333333333334,0
254,PAYMENT,14.68,C2612579345,43.26,28.58,M4641902461,0.0,0.0,0,0.0,0
693,PAYMENT,240.48,C8046300793,559.99,319.51,M4093474499,0.0,0.0,0,0.0,0
618,TRANSFER,1.74,C3615507143,2.48,0.74,C7665963761,32.87,34.61,0,0.16333333333333333,0
323,PAYMENT,1.0,C1408988968,0.0,0.0,M3476758136,0.0,0.0,0,0.0,0
634,TRANSFER,4878.94,C4735334423,4634.25,0.0,C8208584394,3721.52,3721.52,1,0.2733333333333333,0
103,TRANSFER,204.73,C3651552513,228.18,23.45,M2604788242,0.0,0.0,1,0.16,0
57,TRANSFER,185.88,C4015479599,177.34,0.0,C6153541642,0.0,0.0,1,0.24,0
497,TRANSFER,864.89,C6334440295,1012.86,147.97,M1666898313,0.0,0.0,1,0.18333333333333332,0
662,CASH_IN,90105.22,C6974875750,0.0,90105.22,C9388140708,0.0,0.0,0,0.0,0
21,PAYMENT,1.0,C8923555411,0.0,0.0,M2655546199,0.0,0.0,0,0.0,0
259,TRANSFER,2144.12,C4014119648,1930.2,0.0,C5870268582,2.04,2146.16,1,0.16,0
501,TRANSFER,332.79,C6496933442,399.14,66.35,C4022245086,0.0,0.0,1,0.17,0
381,TRANSFER,51.93,C3033747850,55.63,3.7,C9067664957,655.13,707.06,0,0.013333333333333334,0
344,CASH_OUT,157.83,C8737025391,319.31,161.48,C1276905285,34.95,34.95,0,0.0033333333333333335,0
128,TRANSFER,1.0,C6218955985,0.0,0.0,C9306142066,48.74,49.74,0,0.12,0
170,TRANSFER,115.81,C8453283834,112.75,0.0,M5869990861,0.0,0.0,1,0.23,0
141,PAYMENT,1.0,C9437783771,0.0,0.0,M1240140248,0.0,0.0,0,0.0,0
243,PAYMENT,44.13,C3878719791,142.24,98.11,M1306420495,0.0,0.0,0,0.0,0
200,PAYMENT,98.61,C3484872186,411.57,312.96,M8768773991,0.0,0.0,0,0.0,0
641,CASH_OUT,307.68,C6097953682,345.9,38.22,C6961554653,0.0,0.0,1,0.03333333333333333,0
43,TRANSFER,293.55,C9744120054,382.93,89.38,M3322580659,0.0,0.0,1,0.15666666666666668,0
168,TRANSFER,82.15,C4972536230,83.86,1.71,M3960136787,0.0,0.0,1,0.17666666666666667,0
307,PAYMENT,267.58,C2699887270,484.07,216.49,M7512767226,0.0,0.0,0,0.0,0
196,CASH_OUT,3111.66,C2612579345,4001.03,889.37,C4550353803,0.0,0.0,1,0.0,0
223,DEBIT,1.0,C5082603360,0.11,0.0,M9523139706,0.0,0.0,0,0.03,0
530,TRANSFER,476.98,C4274958945,443.45,0.0,M6992094064,0.0,0.0,1,0.23666666666666666,0
67,TRANSFER,16.47,C1513003815,57.89,41.42,C6534540349,387.72,404.19,0,0.006666666666666667,0
451,PAYMENT,1.0,C6633778586,0.0,0.0,M9020002737,0.0,0.0,0,0.0,0
660,TRANSFER,93751.42,C6963052185,79887.42,0.0,M6790024996,0.0,0.0,1,0.9066666666666666,1
80,TRANSFER,214.27,C9526836552,413.38,199.11,C4070964768,48608.51,48822.78,0,0.0,0
167,TRANSFER,788.19,C7229869819,992.87,204.68,C8109891300,25.51,25.51,1,0.06666666666666667,0
434,CASH_OUT,48915.79,C5607762160,67741.0,18825.21,M6659847491,0.0,0.0,1,0.01,0
77,PAYMENT,1.0,C9259157845,0.0,0.0,M9620935604,0.0,0.0,0,0.0,0
42,PAYMENT,20.51,C1276905285,34.95,14.44,M8903212516,0.0,0.0,0,0.0,0
256,TRANSFER,169.01,C4864126433,201.14,32.13,M8768773991,0.0,0.0,1,0.16,0
252,PAYMENT,1.0,C1798112150,1.05,0.05,M2910594463,0.0,0.0,0,0.0,0
211,TRANSFER,3687.57,C7070083150,4147.67,460.1,M9043367776,0.0,0.0,1,0.21333333333333335,0
46,TRANSFER,221.83,C9428056968,272.9,51.07,M8646369354,0.0,0.0,1,0.16,0
663,CASH_OUT,10511.76,C8252045593,12360.88,1849.12,C8995045543,2.87,2.87,1,0.016666666666666666,0
243,PAYMENT,135.1,C5144289583,207.03,71.93,M8821456242,0.0,0.0,0,0.0,0
402,TRANSFER,26473.02,C9165632300,97077.75,70604.73,C4507822591,10.15,26483.17,0,0.0,0
649,CASH_OUT,5086.71,C5899025962,29566.55,24479.84,C7839819230,12.31,12.31,0,0.013333333333333334,0
69,CASH_IN,49997.12,C9935429720,40.91,50038.03,C3567900251,36534.5,36534.5,0,0.0,0
251,CASH_OUT,37.29,C4518871744,100.0,62.71,C1770278136,187.84,187.84,0,0.0033333333333333335,0
89,PAYMENT,1.0,C5243939720,0.0,0.0,M1504729135,0.0,0.0,0,0.0,0
408,CASH_OUT,3653.43,C6353758928,3822.47,169.04,C8076527214,0.0,0.0,1,0.02666666666666667,0
55,TRANSFER,12.55,C4956843441,44.82,32.27,C5100282913,11603.5,11616.05,0,0.0,0
230,TRANSFER,1.0,C2801177461,0.0,0.0,C4877520294,0.0,1.0,0,0.23,0
372,PAYMENT,1.0,C1654477195,0.0,0.0,M3476758136,0.0,0.0,0,0.0,0
44,TRANSFER,185.38,C3434757387,234.94,49.56,C1392245997,0.0,185.38,0,0.06666666666666667,0
116,PAYMENT,1.0,C5296710795,0.0,0.0,M7453081889,0.0,0.0,0,0.0,0
325,TRANSFER,213.57,C7937993287,299.87,86.3,C8480622107,183.87,397.44,0,0.0,0
476,CASH_OUT,43.12,C9428056968,51.07,7.95,M2115406331,0.0,0.0,1,0.05333333333333334,0
576,PAYMENT,1.0,C8761956684,0.0,0.0,M5570190774,0.0,0.0,0,0.0,0
610,TRANSFER,1309.83,C6385791669,1188.8,0.0,C6710338189,0.0,1309.83,1,0.25333333333333335,0
293,TRANSFER,149.57,C7462972995,232.92,83.35,C5923940434,69.01,218.58,0,0.02666666666666667,0
511,TRANSFER,4930.1,C4655730355,4609.6,0.0,M8276498637,0.0,0.0,1,0.95,1
282,PAYMENT,1.0,C3521166052,0.0,0.0,M8861351706,0.0,0.0,0,0.0,0
246,TRANSFER,216.69,C1662976399,297.55,80.86,M8548290298,0.0,0.0,1,0.16,0
623,CASH_OUT,31.94,C7533932947,39.2,7.26,C4586784711,16.46,16.46,0,0.03,0
463,TRANSFER,966.53,C8757570742,899.0,0.0,C3476426797,0.0,0.0,1,0.39666666666666667,0
535,PAYMENT,10.05,C4073772623,14.59,4.54,M4125758723,0.0,0.0,0,0.0,0
268,PAYMENT,4.98,C1039887139,21.56,16.58,M9441870024,0.0,0.0,0,0.0,0
651,CASH_OUT,9819.23,C3400244542,9580.0,0.0,C9155819200,5.03,5.03,1,0.24333333333333335,0
650,TRANSFER,2216.66,C6418365941,2384.67,168.01,C3806215682,0.0,2216.66,1,0.10333333333333333,0
58,TRANSFER,1.59,C5759272717,4.82,3.23,C2289624427,0.0,1.59,0,0.17333333333333334,0
568,DEBIT,1.0,C2486744752,0.39,0.0,M4908108692,0.0,0.0,0,0.04666666666666667,0
599,TRANSFER,1.0,C9437783771,0.0,0.0,C5281907480,0.0,1.0,0,0.23333333333333334,0
86,CASH_OUT,549.97,C8468071953,502.45,0.0,M2635881694,0.0,0.0,1,0.13,0
541,CASH_IN,27611.32,C4308701294,1120.5,28731.82,C7022683808,71.78,71.78,0,0.0,0
517,TRANSFER,1.0,C5329194647,0.0,0.0,C9954587710,256.58,257.58,0,0.1,0
716,PAYMENT,1.12,C4993808565,4.97,3.85,M8325043570,0.0,0.0,0,0.0,0
509,DEBIT,1.0,C5476654128,0.0,0.0,M6932365592,0.0,0.0,0,0.043333333333333335,0
42,TRANSFER,1336.65,C8796293088,1693.07,356.42,M7928143230,0.0,0.0,1,0.12333333333333334,0
518,DEBIT,673.08,C4750707607,1756.45,1083.37,M9822499208,0.0,0.0,0,0.03,0
155,CASH_OUT,182.19,C9292791081,520.58,338.39,C5992908271,1.91,1.91,0,0.006666666666666667,0
475,PAYMENT,1.0,C9081544414,1.0,0.0,M1185303518,0.0,0.0,0,0.0,0
218,DEBIT,22.17,C6638034087,52.84,30.67,M1442421654,0.0,0.0,0,0.016666666666666666,0
648,PAYMENT,7.44,C2424706705,32.3,24.86,M4093474499,0.0,0.0,0,0.0,0
482,CASH_OUT,85.82,C7951902330,222.71,136.89,C3045102506,8.25,8.25,0,0.02666666666666667,0
87,CASH_OUT,3327.19,C6777263354,3386.82,59.63,C3567900251,36534.5,36534.5,1,0.0,0
539,TRANSFER,112.69,C2721355673,135.23,22.54,M6130446648,0.0,0.0,1,0.17333333333333334,0
166,DEBIT,1.0,C9857430687,0.0,0.0,M2869931869,0.0,0.0,0,0.03,0
289,TRANSFER,1.0,C9661615016,0.0,0.0,C8453283834,0.0,1.0,0,0.22666666666666666,0
547,TRANSFER,609.15,C2409274786,712.17,103.02,M8643636805,0.0,0.0,1,0.17333333333333334,0
247,TRANSFER,2559.37,C5344083406,2197.68,0.0,M2635881694,0.0,0.0,1,0.7,1
468,PAYMENT,5.0,C5625980561,10.39,5.39,M9576264323,0.0,0.0,0,0.0,0
156,CASH_OUT,1146.65,C8666074487,29606.24,28459.59,C4605117440,374.94,374.94,0,0.0,0
93,TRANSFER,252.1,C2878930355,307.2,55.1,M9773795424,0.0,0.0,1,0.16333333333333333,0
454,PAYMENT,1.0,C7010379415,0.95,0.0,M4865979921,0.0,0.0,0,0.0,0
81,PAYMENT,41.87,C2320763135,63.51,21.64,M4588312351,0.0,0.0,0,0.0,0
605,CASH_OUT,5690.48,C1818520766,4927.98,0.0,M6992094064,0.0,0.0,1,0.20333333333333334,0
351,TRANSFER,3776.72,C1361845490,3780.55,3.83,M1413599241,0.0,0.0,1,0.49333333333333335,0
481,PAYMENT,1.0,C3815287619,0.0,0.0,M4158643786,0.0,0.0,0,0.0,0
25,CASH_OUT,1.0,C6244338653,0.0,0.0,C2431779064,333.0,333.0,0,0.0033333333333333335,0
264,CASH_OUT,22745.64,C9420979586,87355.79,64610.15,C6425814872,0.0,0.0,0,0.0,0
454,CASH_OUT,3062.49,C5483308751,3108.87,46.38,C9479654136,3.25,3.25,1,0.12,0
469,TRANSFER,141.25,C7161887665,171.45,30.2,C6469458472,0.0,141.25,0,0.08666666666666667,0
358,CASH_OUT,99896.64,C5975196341,91704.17,0.0,M3690714075,0.0,0.0,1,0.04,0
358,PAYMENT,1.0,C2176904638,0.0,0.0,M7514017540,0.0,0.0,0,0.0,0
481,CASH_OUT,3550.02,C5634076661,4945.78,1395.76,M4160161496,0.0,0.0,1,0.03,0
459,TRANSFER,3922.28,C6852312425,4611.59,689.31,C1141312095,25.89,25.89,1,0.22666666666666666,0
693,TRANSFER,1.0,C4226113732,0.0,0.0,C3528924461,0.0,1.0,0,0.22,0
67,DEBIT,1.0,C1749459431,0.0,0.0,M6101516825,0.0,0.0,0,0.02666666666666667,0
220,TRANSFER,4461.66,C5951406973,4803.78,342.12,C6618926823,754.67,754.67,1,0.0033333333333333335,0
710,TRANSFER,113.84,C9292791081,338.39,224.55,C7519578899,13109.87,13223.71,0,0.0033333333333333335,0
556,TRANSFER,25183.47,C3645901955,74303.71,49120.24,C1004665657,0.0,25183.47,0,0.0033333333333333335,0
701,CASH_OUT,5101.1,C8382488970,10784.06,5682.96,C6649827836,1534.56,1534.56,0,0.01,0
124,PAYMENT,14.87,C3521300895,22.7,7.83,M8728631945,0.0,0.0,0,0.0,0
304,TRANSFER,6.3,C5307145891,9.15,2.85,C4921003983,166.29,172.59,0,0.023333333333333334,0
283,TRANSFER,162.26,C7430757004,144.95,0.0,M8910440683,0.0,0.0,1,0.23666666666666666,0
525,PAYMENT,16.77,C6947080764,41.97,25.2,M2773408660,0.0,0.0,0,0.0,0
264,PAYMENT,1.0,C5269728610,0.0,0.0,M4306983924,0.0,0.0,0,0.0,0
601,PAYMENT,1.0,C7640122370,0.0,0.0,M6932365592,0.0,0.0,0,0.0,0
95,CASH_OUT,441.12,C2052811909,564.86,123.74,C4440904834,3.96,3.96,1,0.01,0
541,PAYMENT,194.46,C7483366056,249.89,55.43,M5570190774,0.0,0.0,0,0.0,0
311,CASH_IN,6655.06,C3363629219,12.34,6667.4,C8208584394,3721.52,3721.52,0,0.0,0
57,TRANSFER,22.08,C5358791907,36.93,14.85,C6461974809,29.68,51.76,0,0.11666666666666667,0
222,TRANSFER,15.31,C4939447721,24.33,9.02,C2293434554,0.0,15.31,0,0.16,0
261,PAYMENT,1.0,C8471762590,0.89,0.0,M2518433834,0.0,0.0,0,0.0,0
536,PAYMENT,1.0,C2877279755,0.0,0.0,M3208200227,0.0,0.0,0,0.0,0
446,TRANSFER,1.0,C3710566582,0.0,0.0,C6704841644,592.97,593.97,0,0.08333333333333333,0
502,PAYMENT,61.2,C1288335378,89.84,28.64,M3094407076,0.0,0.0,0,0.0,0
463,PAYMENT,5.11,C7979466538,7.86,2.75,M6659847491,0.0,0.0,0,0.0,0
595,CASH_OUT,580.69,C5025070544,501.14,0.0,C3365835550,0.0,0.0,1,0.13,0
284,CASH_OUT,4773.96,C8761956684,4632.71,0.0,C8809871735,133.69,133.69,1,0.08,0
119,CASH_OUT,1.0,C5735817014,0.0,0.0,C1430073711,0.0,0.0,0,0.0033333333333333335,0
300,PAYMENT,23510.53,C8942167666,65980.13,42469.6,M8138332494,0.0,0.0,0,0.0,0
6,PAYMENT,1.0,C8624454880,0.0,0.0,M1888107487,0.0,0.0,0,0.0,0
141,TRANSFER,19.81,C7099469983,88.35,68.54,C9557663181,9.61,29.42,0,0.11666666666666667,0
301,CASH_OUT,4059.7,C8505373158,4983.05,923.35,C8339176912,0.0,0.0,1,0.006666666666666667,0
220,CASH_OUT,1.0,C7397963801,0.0,0.0,C9611537583,23.66,23.66,0,0.01,0
54,PAYMENT,3060.07,C5523703900,4891.13,1831.06,M9441870024,0.0,0.0,0,0.0,0
533,CASH_OUT,19.73,C8901585274,22.87,3.14,C7465834732,2129.08,2129.08,0,0.02666666666666667,0
470,TRANSFER,3893.78,C4147025728,4309.55,415.77,M8276498637,0.0,0.0,1,0.30333333333333334,0
591,CASH_OUT,46.39,C2227193073,67.16,20.77,C1121863227,10.38,10.38,0,0.03333333333333333,0
293,PAYMENT,47.05,C2465576748,52.73,5.68,M2839566253,0.0,0.0,0,0.0,0
5,CASH_OUT,3164.57,C6369130994,3010.68,0.0,M5919148165,0.0,0.0,1,0.09666666666666666,0
274,PAYMENT,220.89,C1624173500,738.45,517.56,M8030400668,0.0,0.0,0,0.0,0
552,PAYMENT,250.04,C9558091177,408.98,158.94,M6866146362,0.0,0.0,0,0.0,0
342,CASH_OUT,3185.34,C1230249217,3043.39,0.0,C6674372082,0.0,0.0,1,0.12666666666666668,0
95,TRANSFER,4172.49,C6072939882,4231.13,58.64,C9441018790,8096.35,8096.35,1,0.0033333333333333335,0
290,TRANSFER,4732.52,C3365835550,4221.65,0.0,M5564953924,0.0,0.0,1,0.79,1
625,PAYMENT,1.0,C2017675569,0.0,0.0,M7192742877,0.0,0.0,0,0.0,0
49,CASH_OUT,670.91,C5935852056,567.6,0.0,C4178659381,93.5,93.5,1,0.07666666666666666,0
50,CASH_OUT,412.69,C6792661894,432.22,19.53,C7243352390,338.72,338.72,1,0.006666666666666667,0
71,TRANSFER,5035.55,C7146318035,4323.97,0.0,M5412437658,0.0,0.0,1,0.8066666666666666,1
674,DEBIT,4.52,C1546696950,13.2,8.68,M5270048042,0.0,0.0,0,0.03,0
243,TRANSFER,31.42,C2970753705,142.68,111.26,C3846570058,92682.88,92714.3,0,0.0,0
297,TRANSFER,18.6,C4907446848,26.29,7.69,C4152835101,0.0,18.6,0,0.15666666666666668,0
617,CASH_OUT,1.0,C3396953414,0.0,0.0,C9806189256,909.55,909.55,0,0.05,0
11,PAYMENT,1.0,C9376277483,0.0,0.0,M8548290298,0.0,0.0,0,0.0,0
331,PAYMENT,4.84,C9285415473,19.97,15.13,M8728631945,0.0,0.0,0,0.0,0
572,CASH_OUT,468.87,C8370987661,423.15,0.0,M6865994703,0.0,0.0,1,0.08666666666666667,0
216,CASH_OUT,762.46,C9409682410,666.57,0.0,M3297681898,0.0,0.0,1,0.09333333333333334,0
222,TRANSFER,1.59,C9711080868,5.22,3.63,C2654584280,0.0,1.59,0,0.17,0
670,TRANSFER,751.81,C8048810275,959.22,207.41,C5626388820,138.8,138.8,1,0.08,0
340,PAYMENT,153.04,C7190276026,723.42,570.38,M7050091525,0.0,0.0,0,0.0,0
478,PAYMENT,428.34,C2067970820,620.93,192.59,M7861571879,0.0,0.0,0,0.0,0
383,CASH_OUT,407.05,C6619138852,466.92,59.87,M2418407139,0.0,0.0,1,0.02,0
182,CASH_OUT,312.85,C5376302686,409.48,96.63,C8261111839,143603.86,143603.86,1,0.0,0
417,TRANSFER,1.63,C9929101065,2.9,1.27,C1264739091,1.31,2.94,0,0.16333333333333333,0
660,PAYMENT,17.35,C5646880148,36.95,19.6,M7512767226,0.0,0.0,0,0.0,0
556,TRANSFER,7160.49,C3369305560,21993.74,14833.25,C8137972345,0.0,7160.49,0,0.013333333333333334,0
255,CASH_OUT,1.0,C4526242854,0.0,0.0,C3664052763,22.2,22.2,0,0.02,0
667,TRANSFER,33351.35,C5129478722,28256.04,0.0,C4486522557,0.0,0.0,1,0.9233333333333333,1
466,TRANSFER,4080.22,C7316122432,3880.15,0.0,C8390631634,112869.52,112869.52,1,0.016666666666666666,0
445,PAYMENT,320.47,C6448001026,130351.76,130031.29,M8869140487,0.0,0.0,0,0.0,0
187,PAYMENT,29.92,C6097953682,38.22,8.3,M2635881694,0.0,0.0,0,0.0,0
459,TRANSFER,2699.25,C7567496105,2641.14,0.0,M6790024996,0.0,0.0,1,0.87,1
400,PAYMENT,33.22,C2254516608,52.68,19.46,M1666898313,0.0,0.0,0,0.0,0
587,TRANSFER,1.0,C9592390865,0.0,0.0,C4287687478,59270.37,59271.37,0,0.01,0
258,CASH_OUT,123.33,C8737025391,161.48,38.15,C7305101214,0.0,0.0,0,0.0033333333333333335,0
20,TRANSFER,14.81,C8001729836,28.06,13.25,C7471636437,481.41,496.22,0,0.01,0
31,CASH_IN,131485.1,C4147025728,415.77,131900.87,C8441393731,7266.51,7266.51,0,0.0,0
374,PAYMENT,1.0,C6620138568,0.0,0.0,M7717262223,0.0,0.0,0,0.0,0
115,CASH_OUT,48.71,C4264134512,163.38,114.67,C2963288053,1.0,1.0,0,0.0033333333333333335,0
501,PAYMENT,1.0,C5275521470,0.0,0.0,M8858274691,0.0,0.0,0,0.0,0
517,PAYMENT,7.47,C7185179917,11.96,4.49,M7537130187,0.0,0.0,0,0.0,0
650,PAYMENT,107.03,C8106906538,115.01,7.98,M2869931869,0.0,0.0,0,0.0,0
588,CASH_IN,53732.75,C2510308881,29.11,53761.86,C3837784389,131.76,131.76,0,0.0,0
652,PAYMENT,188.57,C7620473079,545.2,356.63,M9773795424,0.0,0.0,0,0.0,0
215,CASH_OUT,738.25,C4159699467,956.53,218.28,C2843567009,59093.66,59093.66,1,0.0,0
220,CASH_OUT,2099.54,C5268845844,2981.76,882.22,C4643576871,53839.48,53839.48,1,0.0,0
614,PAYMENT,1.0,C4630196130,0.0,0.0,M4820942294,0.0,0.0,0,0.0,0
569,CASH_OUT,3313.55,C5689870435,4420.72,1107.17,C4807122420,0.0,0.0,1,0.02,0
199,CASH_OUT,3584.99,C5118430494,4617.25,1032.26,M6771941776,0.0,0.0,1,0.0,0
404,PAYMENT,1.0,C3185386258,0.0,0.0,M3072183247,0.0,0.0,0,0.0,0
217,CASH_OUT,3659.57,C2963288053,4411.38,751.81,C6880115912,0.0,0.0,1,0.0,0
287,PAYMENT,1.0,C2050340486,2.17,1.17,M2518433834,0.0,0.0,0,0.0,0
239,PAYMENT,16.94,C8093179263,18.51,1.57,M4601406440,0.0,0.0,0,0.0,0
392,DEBIT,85.48,C6464693977,110.09,24.61,M9410569618,0.0,0.0,0,0.02666666666666667,0
246,PAYMENT,1.0,C8453283834,1.0,0.0,M6845287382,0.0,0.0,0,0.0,0
387,TRANSFER,3667.01,C3051831252,3392.1,0.0,M1999913493,0.0,0.0,1,0.7366666666666667,1
233,CASH_OUT,2762.8,C1408988968,2792.71,29.91,C8057994126,34462.75,34462.75,1,0.0,0
452,CASH_OUT,1859.26,C5082603360,2639.43,780.17,M7341757401,0.0,0.0,1,0.05,0
682,CASH_OUT,608.56,C9704383251,765.28,156.72,C5903457537,11.85,11.85,1,0.02,0
493,CASH_OUT,1.0,C2753617371,0.0,0.0,C8879525611,180.93,180.93,0,0.05,0
665,PAYMENT,1.0,C3371357111,0.92,0.0,M2773408660,0.0,0.0,0,0.0,0
126,CASH_OUT,61.43,C5144289583,71.93,10.5,C9623534576,23.95,23.95,1,0.0033333333333333335,0
637,PAYMENT,227.95,C5754363475,321.3,93.35,M7453081889,0.0,0.0,0,0.0,0
246,TRANSFER,3335.33,C6587537178,4281.98,946.65,C5584288132,72.15,72.15,1,0.12666666666666668,0
310,PAYMENT,9.0,C1870644102,29.29,20.29,M6558769264,0.0,0.0,0,0.0,0
573,PAYMENT,3.56,C8846861559,3.83,0.27,M2604788242,0.0,0.0,0,0.0,0
337,TRANSFER,1.0,C2050340486,1.17,0.17,C3615507143,0.74,1.74,0,0.22,0
317,TRANSFER,693.49,C7887950851,724.69,31.2,C5570828113,7759.35,7759.35,1,0.0,0
671,TRANSFER,3424.71,C7059726570,3027.38,0.0,M5449848690,0.0,0.0,1,0.9066666666666666,1
162,PAYMENT,1.0,C2540492440,0.0,0.0,M1122712790,0.0,0.0,0,0.0,0
331,TRANSFER,2771.5,C7481631841,3021.04,249.54,C8106906538,7.98,7.98,1,0.13666666666666666,0
710,TRANSFER,1.0,C7645527239,0.0,0.0,C6156843353,1.01,2.01,0,0.21333333333333335,0
673,PAYMENT,5.63,C4405620755,307.44,301.81,M6284297249,0.0,0.0,0,0.0,0
515,TRANSFER,1.0,C6982610835,0.0,0.0,C5082603360,780.17,781.17,0,0.08,0
159,CASH_OUT,47631.05,C3380064537,50801.95,3170.9,C6640801643,122.28,122.28,1,0.0,0
61,CASH_OUT,93.33,C2349641712,105.33,12.0,C3651552513,23.45,23.45,1,0.0033333333333333335,0
157,PAYMENT,58.91,C5539308214,185.43,126.52,M8058679999,0.0,0.0,0,0.0,0
231,CASH_OUT,1.67,C9805620900,1.89,0.22,C7818568548,27135.26,27135.26,0,0.0,0
468,CASH_IN,22635.43,C4242550727,0.0,22635.43,C6894699853,16.05,16.05,0,0.0,0
30,PAYMENT,20.33,C5072538783,39.08,18.75,M3072183247,0.0,0.0,0,0.0,0
390,CASH_OUT,16105.32,C3768901084,16046.23,0.0,M6744039057,0.0,0.0,1,0.13666666666666666,0
45,CASH_IN,15892.55,C6128695961,0.0,15892.55,C6237376063,250.13,250.13,0,0.0,0
307,CASH_OUT,1.0,C2720484983,0.0,0.0,C3245108207,656.47,656.47,0,0.03,0
108,TRANSFER,98066.74,C6466597005,117638.99,19572.25,C9470922075,0.0,98066.74,0,0.0,0
456,PAYMENT,57.48,C5868640848,73.66,16.18,M8325043570,0.0,0.0,0,0.0,0
208,CASH_OUT,9346.17,C6358023411,8563.81,0.0,M4865979921,0.0,0.0,1,0.08,0
95,PAYMENT,1.0,C8471762590,0.0,0.0,M8626371177,0.0,0.0,0,0.0,0
573,PAYMENT,93.46,C3837784389,131.76,38.3,M4399143287,0.0,0.0,0,0.0,0
1,TRANSFER,4750.73,C1613549255,4721.48,0.0,C9526836552,199.11,199.11,1,0.25333333333333335,0
587,DEBIT,2.11,C4714465905,2.61,0.5,M6200141898,0.0,0.0,0,0.04666666666666667,0
117,PAYMENT,1.0,C2687477596,0.0,0.0,M6659847491,0.0,0.0,0,0.0,0
334,PAYMENT,113.09,C3722583581,2932.62,2819.53,M8643636805,0.0,0.0,0,0.0,0
213,TRANSFER,2.52,C5375461598,2.76,0.24,C9857430687,0.0,2.52,0,0.23,0
578,CASH_OUT,7.03,C7227593033,7.45,0.42,C1626733282,21.63,21.63,0,0.05333333333333334,0
478,CASH_IN,42674.91,C1614685938,0.0,42674.91,C7792729530,13.34,13.34,0,0.0,0
377,PAYMENT,4.41,C9421518487,6.56,2.15,M3605446007,0.0,0.0,0,0.0,0
683,CASH_OUT,1.0,C4735313433,0.0,0.0,C8791183272,4357.2,4357.2,0,0.02,0
466,CASH_OUT,4090.98,C4594787485,4438.61,347.63,M4158643786,0.0,0.0,1,0.043333333333333335,0
59,PAYMENT,1.0,C2388450337,0.0,0.0,M3811254192,0.0,0.0,0,0.0,0
546,TRANSFER,1.0,C3768901084,0.0,0.0,C6231117883,22.81,23.81,0,0.18333333333333332,0
661,TRANSFER,16.15,C4659306670,68.23,52.08,C8674224347,2805.85,2822.0,0,0.03333333333333333,0
107,TRANSFER,32643.81,C4643576871,53839.48,21195.67,C1149460439,841.02,33484.83,0,0.0,0
416,CASH_IN,72316.5,C5872148707,76.24,72392.74,C6804850108,4026.78,4026.78,0,0.0,0
543,CASH_OUT,1773.49,C9098129449,1878.95,105.46,M4689605624,0.0,0.0,1,0.043333333333333335,0
150,PAYMENT,1.0,C5686850445,0.0,0.0,M6313472215,0.0,0.0,0,0.0,0
292,PAYMENT,1.0,C2952996248,1.29,0.29,M7453081889,0.0,0.0,0,0.0,0
33,CASH_OUT,81.81,C9751963589,86.7,4.89,C5416031878,3.4,3.4,0,0.006666666666666667,0
424,CASH_OUT,3930.83,C3128675098,4377.14,446.31,C3739951076,57.99,57.99,1,0.03666666666666667,0
35,TRANSFER,1.0,C4655730355,0.0,0.0,C1484664056,0.0,1.0,0,0.22333333333333333,0
446,TRANSFER,1144.18,C3171050399,1039.2,0.0,C7660157097,165255.13,165255.13,1,0.006666666666666667,0
643,CASH_OUT,12.12,C8387664437,17.89,5.77,C9080621072,4810.51,4810.51,0,0.016666666666666666,0
459,CASH_OUT,3.69,C3426665919,6.07,2.38,C8235363119,68996.73,68996.73,0,0.01,0
595,DEBIT,1596.37,C1290050198,2061.0,464.63,M1466305100,0.0,0.0,0,0.03,0
86,TRANSFER,412.61,C4586139213,352.04,0.0,C5515628633,752.75,752.75,1,0.016666666666666666,0
660,CASH_OUT,9.8,C9327720702,13.23,3.43,C3758823240,11884.41,11884.41,0,0.006666666666666667,0
693,TRANSFER,2163.82,C2745958114,2905.36,741.54,M8458323087,0.0,0.0,1,0.2833333333333333,0
141,CASH_OUT,573.55,C4062777850,699.98,126.43,C4683935600,16190.11,16190.11,1,0.0,0
401,TRANSFER,3411.14,C3109688769,3783.91,372.77,M6771941776,0.0,0.0,1,0.22333333333333333,0
429,PAYMENT,1.0,C2524751277,0.0,0.0,M4329446784,0.0,0.0,0,0.0,0
418,PAYMENT,15.7,C3894673596,29.1,13.4,M2328736852,0.0,0.0,0,0.0,0
501,TRANSFER,2463.53,C1596471620,2249.6,0.0,M3094407076,0.0,0.0,1,0.9166666666666666,1
513,CASH_OUT,880.18,C2020395327,1141.6,261.42,C4386667704,95.52,95.52,0,0.02666666666666667,0
192,TRANSFER,3799.75,C1281199333,4782.04,982.29,M2711123163,0.0,0.0,1,0.19666666666666666,0
625,PAYMENT,1.96,C1510289448,4.28,2.32,M6999146585,0.0,0.0,0,0.0,0
662,PAYMENT,1.57,C5578929439,7.38,5.81,M9441870024,0.0,0.0,0,0.0,0
214,PAYMENT,285.52,C7536876169,390.84,105.32,M2129491690,0.0,0.0,0,0.0,0
655,CASH_OUT,9300.19,C6336171726,13923.16,4622.97,C1116402431,0.0,0.0,0,0.016666666666666666,0
366,TRANSFER,962.72,C9963334018,1142.06,179.34,C1654477195,0.0,0.0,1,0.11,0
594,CASH_OUT,1.0,C2720484983,0.0,0.0,C2704657157,4983.82,4983.82,0,0.023333333333333334,0
145,CASH_OUT,4.4,C9751963589,4.89,0.49,C6214917780,121.03,121.03,0,0.0,0
463,CASH_OUT,1.0,C8625905455,0.0,0.0,C9333798503,0.97,0.97,0,0.09333333333333334,0
175,DEBIT,35.45,C9626333315,75.48,40.03,M4641902461,0.0,0.0,0,0.02,0
314,CASH_OUT,69.99,C3035761595,183.75,113.76,C3567900251,36534.5,36534.5,0,0.0033333333333333335,0
230,PAYMENT,64.68,C4734111722,73.26,8.58,M3355504998,0.0,0.0,0,0.0,0
546,CASH_OUT,1792.89,C3190227431,2395.35,602.46,M6992094064,0.0,0.0,1,0.02666666666666667,0
56,TRANSFER,4764.28,C4012917912,4805.99,41.71,M2586712032,0.0,0.0,1,0.47,0
612,CASH_OUT,3.26,C3713284816,5.6,2.34,C3880327491,0.0,0.0,0,0.04666666666666667,0
92,PAYMENT,399.98,C2612579345,889.37,489.39,M2655546199,0.0,0.0,0,0.0,0
631,TRANSFER,168.88,C6959501845,239.6,70.72,C1306702926,0.0,168.88,0,0.09666666666666666,0
14,CASH_OUT,746.56,C7568980185,681.3,0.0,C7227593033,0.42,0.42,1,0.07333333333333333,0
132,TRANSFER,2.44,C8316205130,3.32,0.88,C7839819230,12.31,14.75,0,0.14,0
205,TRANSFER,1.0,C8532327465,0.0,0.0,C2613385303,314.43,315.43,0,0.01,0
73,CASH_OUT,61784.1,C8086527181,73522.41,11738.31,C8025152555,21.34,21.34,0,0.0,0
311,TRANSFER,2205.93,C5072538783,2278.98,73.05,C9744120054,89.38,2295.31,1,0.03,0
19,TRANSFER,37.11,C7660813178,53.83,16.72,C3480920839,0.0,37.11,0,0.15,0
255,PAYMENT,10008.85,C5588254555,29184.27,19175.42,M1240140248,0.0,0.0,0,0.0,0
355,PAYMENT,1.0,C2928130926,0.0,0.0,M2695447268,0.0,0.0,0,0.0,0
372,PAYMENT,1.0,C3615507143,1.74,0.74,M5449848690,0.0,0.0,0,0.0,0
68,TRANSFER,1.44,C6673381261,2.04,0.6,C2510308881,53761.86,53763.3,0,0.0,0
539,CASH_OUT,375.82,C2050340486,520.28,144.46,M1999913493,0.0,0.0,1,0.03,0
235,TRANSFER,102933.84,C1131671246,133681.36,30747.52,C6515369278,70.23,103004.07,0,0.0,0
419,TRANSFER,3043.32,C1862812038,2877.74,0.0,M9021793855,0.0,0.0,1,0.87,1
91,CASH_OUT,4098.46,C2173242669,4528.72,430.26,M7951820749,0.0,0.0,1,0.0,0
638,TRANSFER,1.0,C2654584280,1.59,0.59,C8418332121,0.0,1.0,0,0.22333333333333333,0
284,TRANSFER,70.48,C7246858055,67.32,0.0,M6498703287,0.0,0.0,1,0.23666666666666666,0
166,CASH_OUT,84.96,C4413838650,75.25,0.0,C9546021691,0.0,0.0,1,0.023333333333333334,0
145,CASH_OUT,4.03,C7637761996,18.14,14.11,C6947080764,25.2,25.2,0,0.0,0
280,TRANSFER,220.29,C5510938155,318.46,98.17,C5364727160,7.94,228.23,0,0.043333333333333335,0
396,PAYMENT,1.0,C8275679594,0.0,0.0,M2869931869,0.0,0.0,0,0.0,0
146,PAYMENT,5.59,C2227193073,20.77,15.18,M8366710477,0.0,0.0,0,0.0,0
349,CASH_IN,22066.34,C3589530484,18729.77,40796.11,C5703357871,846.39,846.39,0,0.0,0
694,TRANSFER,81163.31,C1387652480,69831.68,0.0,C7420493866,307.81,307.81,1,0.37333333333333335,0
110,PAYMENT,1.0,C9116428507,0.0,0.0,M6495967005,0.0,0.0,0,0.0033333333333333335,0
453,PAYMENT,16.48,C2721355673,22.54,6.06,M2156184315,0.0,0.0,0,0.0,0
212,PAYMENT,914.11,C9553561889,122679.85,121765.74,M5990749811,0.0,0.0,0,0.0,0
120,TRANSFER,1.0,C9639245200,0.49,0.0,C7625389037,79.2,80.2,0,0.12,0
541,TRANSFER,2838.43,C8025152555,3998.8,1160.37,M2418407139,0.0,0.0,1,0.2966666666666667,0
183,PAYMENT,1880.47,C3869963931,2865.94,985.47,M6659847491,0.0,0.0,0,0.0,0
182,TRANSFER,1614.94,C9327720702,1613.55,0.0,C6572436051,13.92,13.92,1,0.3566666666666667,0
399,PAYMENT,51.08,C4207337120,120.93,69.85,M6651020291,0.0,0.0,0,0.0,0
415,PAYMENT,109.09,C9202102595,544.37,435.28,M6606958660,0.0,0.0,0,0.0,0
112,PAYMENT,691.42,C2464137110,1409.57,718.15,M4125758723,0.0,0.0,0,0.0,0
456,CASH_OUT,1869.49,C3783009621,2462.84,593.35,M5714658227,0.0,0.0,1,0.05,0
198,CASH_IN,552.57,C1798112150,0.05,552.62,C5667503195,0.0,0.0,0,0.0,0
385,TRANSFER,34051.38,C3893976444,107431.67,73380.29,C7873709012,10597.33,44648.71,0,0.0,0
425,TRANSFER,5164.15,C7573442717,4395.48,0.0,M1185303518,0.0,0.0,1,0.88,1
677,CASH_OUT,34400.94,C3589530484,40796.11,6395.17,M3223687972,0.0,0.0,1,0.013333333333333334,0
710,CASH_OUT,4227.99,C9557663181,3577.71,0.0,C6674372082,0.0,0.0,1,0.22666666666666666,0
469,TRANSFER,379.28,C6092773357,346.01,0.0,C6307626407,149.81,529.09,1,0.08,0
415,CASH_IN,82072.96,C6884333221,3.4,82076.36,C8083175325,55.27,55.27,0,0.0,0
251,TRANSFER,5984.06,C4927019611,6776.12,792.06,M3094407076,0.0,0.0,1,0.22333333333333333,0
151,CASH_OUT,3538.08,C6789292252,3435.0,0.0,C6317889312,9.89,9.89,1,0.06,0
454,PAYMENT,9.01,C2960488639,12.63,3.62,M9620935604,0.0,0.0,0,0.0,0
320,CASH_OUT,1.0,C3483827971,0.0,0.0,C8906163641,9.6,9.6,0,0.03,0
182,TRANSFER,1772.54,C8093179263,1644.34,0.0,M2518433834,0.0,0.0,1,0.4066666666666667,0
675,CASH_OUT,287.9,C8796293088,356.42,68.52,C6995554056,10.86,10.86,1,0.02666666666666667,0
248,TRANSFER,2125.94,C5578056564,2457.35,331.41,C3088517710,218.68,218.68,1,0.023333333333333334,0
363,CASH_OUT,3.95,C4765583254,4.69,0.74,C7183058541,24.49,24.49,0,0.013333333333333334,0
696,PAYMENT,1.0,C5996775663,0.0,0.0,M8821456242,0.0,0.0,0,0.0,0
212,CASH_OUT,182.26,C5951406973,342.12,159.86,C7431813987,0.0,0.0,0,0.0,0
80,CASH_OUT,2567.84,C4681264539,3456.4,888.56,M9933702652,0.0,0.0,1,0.0,0
210,TRANSFER,2.91,C4673457063,7.66,4.75,C9306142066,49.74,52.65,0,0.1,0
308,CASH_OUT,3750.29,C3250402001,4321.91,571.62,M8643636805,0.0,0.0,1,0.006666666666666667,0
429,DEBIT,1.0,C9759180824,0.0,0.0,M7437168216,0.0,0.0,0,0.04666666666666667,0
540,PAYMENT,13411.65,C7019900273,16651.25,3239.6,M4689605624,0.0,0.0,0,0.0,0
657,CASH_OUT,15.61,C1271730355,26.8,11.19,C3874432021,11.16,11.16,0,0.023333333333333334,0
384,TRANSFER,81.35,C5710360983,103.67,22.32,M6515490818,0.0,0.0,1,0.16,0
532,TRANSFER,828.2,C9805620900,782.32,0.0,M2303835765,0.0,0.0,1,0.4066666666666667,0
218,DEBIT,1.0,C6773938304,0.0,0.0,M4588312351,0.0,0.0,0,0.03,0
245,CASH_OUT,1632.18,C2094024844,1475.62,0.0,C1422701550,47.19,47.19,1,0.06666666666666667,0
552,PAYMENT,1.0,C5271453859,0.0,0.0,M7343954769,0.0,0.0,0,0.0,0
121,DEBIT,401.65,C2464137110,718.15,316.5,M6992094064,0.0,0.0,0,0.01,0
381,PAYMENT,1.19,C8995970241,80.76,79.57,M9441870024,0.0,0.0,0,0.0,0
650,CASH_OUT,2.37,C2079770569,4.01,1.64,C3389594115,999.66,999.66,0,0.03,0
115,TRANSFER,3373.41,C2099184899,2846.24,0.0,M4641902461,0.0,0.0,1,0.8,1
469,TRANSFER,47.77,C2073108894,151.05,103.28,C8317619798,84.36,132.13,0,0.08666666666666667,0
590,TRANSFER,167.96,C7460728316,197.54,29.58,C7706193636,914.51,1082.47,0,0.05333333333333334,0
189,TRANSFER,3.99,C3367665472,6.31,2.32,C3115806625,3459.1,3463.09,0,0.0,0
353,CASH_OUT,3278.38,C2224363672,4068.03,789.65,C3971203213,2.31,2.31,1,0.013333333333333334,0
277,PAYMENT,145.45,C6405851839,329.33,183.88,M1257854279,0.0,0.0,0,0.0,0
54,TRANSFER,2582.74,C7430757004,2957.22,374.48,C9270323795,1054.74,1054.74,1,0.0033333333333333335,0
89,PAYMENT,51.77,C8663837890,155.26,103.49,M1676220116,0.0,0.0,0,0.0,0
478,TRANSFER,3691.01,C9547119184,4663.45,972.44,M9098037639,0.0,0.0,1,0.31333333333333335,0
629,PAYMENT,180.13,C8506931282,610.35,430.22,M5919148165,0.0,0.0,0,0.0,0
431,PAYMENT,1.0,C8180620422,0.0,0.0,M4242579642,0.0,0.0,0,0.0,0
675,CASH_OUT,65.66,C6402580787,65.31,0.0,M3580582653,0.0,0.0,1,0.06333333333333334,0
154,CASH_OUT,2160.15,C8366884200,2297.54,137.39,M3705237613,0.0,0.0,1,0.0,0
712,PAYMENT,1.0,C6691628146,1.07,0.07,M3495411322,0.0,0.0,0,0.0,0
463,PAYMENT,1.17,C5744003377,4.48,3.31,M2773408660,0.0,0.0,0,0.0,0
1,CASH_OUT,17.38,C9392707144,63.13,45.75,C2965164102,7155.71,7155.71,0,0.01,0
157,TRANSFER,17912.9,C1131671246,30747.52,12834.62,C6645808194,0.0,17912.9,0,0.0,0
313,TRANSFER,434.93,C2745958114,741.54,306.61,C5536224717,0.0,434.93,0,0.0033333333333333335,0
513,TRANSFER,18.48,C8168036130,37.07,18.59,C3744446292,0.0,18.48,0,0.17,0
502,CASH_OUT,93.97,C2646331504,113.72,19.75,M1368287033,0.0,0.0,1,0.03666666666666667,0
577,TRANSFER,424.26,C8293453178,1044.22,619.96,C4026113008,75236.55,75660.81,0,0.0033333333333333335,0
648,CASH_OUT,95.06,C8419590655,396.75,301.69,C2670036982,67.77,67.77,0,0.02,0
326,PAYMENT,1.0,C3828935922,0.0,0.0,M4035639663,0.0,0.0,0,0.0,0
375,CASH_IN,15059.64,C3651552513,23.45,15083.09,C9557663181,0.0,0.0,0,0.0,0
22,PAYMENT,661.39,C6121801720,867.82,206.43,M8058679999,0.0,0.0,0,0.0,0
11,TRANSFER,736.1,C1674755608,810.29,74.19,C8880184233,2.66,738.76,0,0.016666666666666666,0
596,CASH_OUT,4146.71,C9318010743,3522.94,0.0,M5380159400,0.0,0.0,1,0.23,0
408,PAYMENT,1.0,C8624454880,0.0,0.0,M6932365592,0.0,0.0,0,0.0,0
180,CASH_OUT,3782.81,C1375899416,3914.06,131.25,C1993998848,0.0,0.0,1,0.0,0
153,DEBIT,1.0,C6124453431,0.0,0.0,M3208200227,0.0,0.0,0,0.03,0
451,PAYMENT,1.0,C6714723660,0.0,0.0,M7713758036,0.0,0.0,0,0.0,0
78,TRANSFER,1646.86,C4470591645,1825.66,178.8,C9842186844,51.92,51.92,1,0.1,0
449,CASH_OUT,1.0,C7316122432,0.0,0.0,C8949781901,141733.54,141733.54,0,0.006666666666666667,0
79,TRANSFER,15.9,C7196439534,84.13,68.23,C7533932947,7.26,23.16,0,0.13,0
540,PAYMENT,84.02,C9941564880,111.6,27.58,M2418407139,0.0,0.0,0,0.0,0
694,CASH_OUT,314.01,C5646880148,305.41,0.0,C4572433066,13.92,13.92,1,0.06333333333333334,0
719,CASH_OUT,572.13,C9645619869,514.23,0.0,C9776185998,0.0,0.0,1,0.14333333333333334,0
270,PAYMENT,1.0,C4566852761,0.0,0.0,M6583604299,0.0,0.0,0,0.0,0
607,PAYMENT,64.31,C3035761595,113.76,49.45,M5000316394,0.0,0.0,0,0.0,0
256,TRANSFER,3230.15,C8689593739,3905.69,675.54,M1368287033,0.0,0.0,1,0.21666666666666667,0
120,CASH_OUT,221.17,C3376077463,202.23,0.0,C6463640105,7.13,7.13,1,0.006666666666666667,0
88,TRANSFER,1.0,C6385791669,0.0,0.0,C7154795660,0.0,1.0,0,0.23333333333333334,0
61,PAYMENT,1320.27,C6974875750,90105.22,88784.95,M9558906999,0.0,0.0,0,0.0,0
473,TRANSFER,3319.93,C5856127658,3148.02,0.0,C9557663181,0.0,0.0,1,0.91,1
700,CASH_OUT,63897.2,C2075321966,79879.34,15982.14,C1039887139,16.58,16.58,0,0.023333333333333334,0
21,DEBIT,1.0,C9953716239,0.0,0.0,M6771941776,0.0,0.0,0,0.023333333333333334,0
415,CASH_OUT,1.0,C4636537575,0.0,0.0,C8350384902,0.0,0.0,0,0.09666666666666666,0
88,TRANSFER,902.06,C2962750929,1100.55,198.49,M4390543744,0.0,0.0,1,0.10333333333333333,0
443,PAYMENT,1.0,C7389111087,0.0,0.0,M7437168216,0.0,0.0,0,0.0,0
296,TRANSFER,4684.8,C9995834531,3915.03,0.0,M7340036327,0.0,0.0,1,0.7933333333333333,1
448,CASH_OUT,2.32,C9798548049,2.92,0.6,C2293434554,15.31,15.31,0,0.06333333333333334,0
252,PAYMENT,1.0,C3297096148,1.26,0.26,M9558906999,0.0,0.0,0,0.0,0
508,CASH_OUT,1.0,C1529290976,0.0,0.0,C3639796200,42.1,42.1,0,0.05,0
72,TRANSFER,3078.86,C5763350700,3524.54,445.68,M9896529524,0.0,0.0,1,0.20333333333333334,0
577,DEBIT,753.94,C3746317213,1268.01,514.07,M3094407076,0.0,0.0,0,0.03,0
441,DEBIT,17.22,C9218363978,43.89,26.67,M3566125120,0.0,0.0,0,0.03,0
544,TRANSFER,375.13,C3918046336,381.64,6.51,M4641902461,0.0,0.0,1,0.17333333333333334,0
456,CASH_OUT,3313.84,C6464693977,3763.46,449.62,C3362657890,94.19,94.19,1,0.043333333333333335,0
596,PAYMENT,154.24,C3962452613,461.67,307.43,M7537130187,0.0,0.0,0,0.0,0
354,PAYMENT,97.17,C5297902885,227.2,130.03,M8548290298,0.0,0.0,0,0.0,0
580,CASH_OUT,1.0,C3127657643,0.0,0.0,C1754603440,119.62,119.62,0,0.05333333333333334,0
21,CASH_OUT,45.54,C4536306171,87.42,41.88,C2369705770,96284.33,96284.33,0,0.0033333333333333335,0
261,PAYMENT,32.57,C5952894290,51.96,19.39,M1711271599,0.0,0.0,0,0.0,0
230,TRANSFER,1241.35,C6797436140,1246.47,5.12,C6859286614,2.15,2.15,1,0.22,0
408,CASH_OUT,490.05,C3250402001,571.62,81.57,M7651029165,0.0,0.0,1,0.03333333333333333,0
95,TRANSFER,1.0,C2537965898,0.28,0.0,C7818568548,27135.26,27136.26,0,0.0,0
180,CASH_OUT,179.58,C9302705838,354.15,174.57,C6288227800,79354.92,79354.92,0,0.0,0
100,PAYMENT,1.0,C9434946584,0.0,0.0,M5815678365,0.0,0.0,0,0.0,0
266,CASH_OUT,4156.75,C2289624427,4484.13,327.38,C9312085761,1681.61,1681.61,1,0.0,0
300,PAYMENT,4748.26,C6582557981,69691.21,64942.95,M2243802345,0.0,0.0,0,0.0,0
269,PAYMENT,1.0,C6725038117,0.0,0.0,M1857561275,0.0,0.0,0,0.0,0
193,TRANSFER,3077.78,C3280805846,3420.99,343.21,C2260326267,48.7,3126.48,1,0.0033333333333333335,0
345,TRANSFER,1133.61,C6218484323,1476.96,343.35,C6982610835,0.0,0.0,1,0.11333333333333333,0
214,CASH_OUT,38.02,C7499349987,47.56,9.54,C4873807154,29.51,29.51,0,0.0,0
434,TRANSFER,3589.28,C3758823240,11884.41,8295.13,C3710566582,0.0,3589.28,0,0.023333333333333334,0
476,TRANSFER,4567.17,C2099184899,4906.41,339.24,M9900829971,0.0,0.0,1,0.32666666666666666,0
311,CASH_OUT,2632.49,C5031086659,3524.5,892.01,M1099218439,0.0,0.0,1,0.006666666666666667,0
549,PAYMENT,904.48,C4752171298,2588.96,1684.48,M3156792018,0.0,0.0,0,0.0,0
247,PAYMENT,1.0,C6358023411,0.0,0.0,M9773795424,0.0,0.0,0,0.0,0
444,CASH_OUT,888.47,C7799567490,1123.11,234.64,M3536590481,0.0,0.0,1,0.06333333333333334,0
472,CASH_OUT,375.1,C1248786714,902.64,527.54,C4928783441,1131.69,1131.69,0,0.03666666666666667,0
84,CASH_IN,1353.2,C1602569046,1.76,1354.96,C9272277508,22.43,22.43,0,0.0,0
444,CASH_OUT,1.0,C8750840032,0.0,0.0,C9633533290,0.0,0.0,0,0.09333333333333334,0
277,CASH_OUT,369.42,C7103588071,434.49,65.07,M8458323087,0.0,0.0,1,0.0033333333333333335,0
563,TRANSFER,24446.82,C8666074487,28459.59,4012.77,M5891831621,0.0,0.0,1,0.33,0
622,PAYMENT,19.74,C8991977937,20.86,1.12,M1466305100,0.0,0.0,0,0.0,0
692,PAYMENT,1.0,C6942989052,1.0,0.0,M6558769264,0.0,0.0,0,0.0,0
318,PAYMENT,1.0,C3553440342,0.0,0.0,M8821456242,0.0,0.0,0,0.0,0
581,PAYMENT,249.18,C5022964382,283.91,34.73,M6651754819,0.0,0.0,0,0.0,0
505,PAYMENT,1.0,C6134840512,0.0,0.0,M3019265031,0.0,0.0,0,0.0,0
288,CASH_OUT,1.0,C2349406919,0.0,0.0,C8394198376,1134.41,1134.41,0,0.016666666666666666,0
164,TRANSFER,7.19,C4946081594,11.98,4.79,C6534540349,404.19,411.38,0,0.006666666666666667,0
610,PAYMENT,4800.62,C2079501936,8199.87,3399.25,M3636366799,0.0,0.0,0,0.0,0
659,PAYMENT,132.57,C1282103057,187.29,54.72,M8044997538,0.0,0.0,0,0.0,0
37,TRANSFER,1.0,C4460967357,0.0,0.0,C9272277508,22.43,23.43,0,0.17,0
331,TRANSFER,2466.65,C4201225242,2509.63,42.98,M2228388623,0.0,0.0,1,0.4033333333333333,0
591,PAYMENT,162.51,C7981077394,292.29,129.78,M8083396378,0.0,0.0,0,0.0,0
64,PAYMENT,11.2,C9306142066,52.65,41.45,M8548290298,0.0,0.0,0,0.0,0
530,PAYMENT,1.0,C6242173772,0.0,0.0,M1096405016,0.0,0.0,0,0.0,0
427,CASH_OUT,4679.75,C8503368512,4269.19,0.0,C6402580787,0.0,0.0,1,0.33666666666666667,0
110,PAYMENT,60.87,C3304560537,86.4,25.53,M8910440683,0.0,0.0,0,0.0,0
70,CASH_OUT,91.97,C2308638549,147.22,55.25,C5695387521,0.65,0.65,0,0.0033333333333333335,0
557,PAYMENT,12.77,C2546720356,20.17,7.4,M8366710477,0.0,0.0,0,0.0,0
185,TRANSFER,3073.52,C2610237679,3629.2,555.68,M6275155878,0.0,0.0,1,0.19333333333333333,0
29,PAYMENT,13099.59,C5400463094,37264.22,24164.63,M2187592160,0.0,0.0,0,0.0,0
697,PAYMENT,1427.99,C9744120054,2295.31,867.32,M6275155878,0.0,0.0,0,0.0,0
707,TRANSFER,57.52,C4794276323,62.16,4.64,C9957643727,0.0,57.52,0,0.19,0
217,PAYMENT,1.0,C2267619081,1.0,0.0,M4665677395,0.0,0.0,0,0.0,0
158,TRANSFER,1.0,C3891796055,0.0,0.0,C4696689457,0.0,1.0,0,0.21666666666666667,0
655,TRANSFER,2446.88,C6338036681,3255.34,808.46,C8833399096,0.0,0.0,1,0.2966666666666667,0
220,CASH_OUT,458.11,C6443749394,539.81,81.7,C3605585995,109716.83,109716.83,1,0.0033333333333333335,0
288,CASH_OUT,102539.94,C9470922075,98066.74,0.0,M4908108692,0.0,0.0,1,0.03666666666666667,0
282,CASH_OUT,2585.1,C2311597141,2341.4,0.0,M8643636805,0.0,0.0,1,0.16333333333333333,0
166,PAYMENT,2.01,C1754368373,7.18,5.17,M4952177946,0.0,0.0,0,0.0,0
595,PAYMENT,2.9,C7529817193,9.38,6.48,M6763471833,0.0,0.0,0,0.0,0
317,PAYMENT,1.0,C6092773357,0.0,0.0,M9558906999,0.0,0.0,0,0.0,0
550,CASH_OUT,25666.39,C6576395496,24324.45,0.0,M5194066484,0.0,0.0,1,0.15333333333333332,0
450,PAYMENT,1.0,C6157617867,0.0,0.0,M7664045502,0.0,0.0,0,0.0,0
349,PAYMENT,285.27,C2214741296,5335.88,5050.61,M5985331805,0.0,0.0,0,0.0,0
646,PAYMENT,91.4,C2407863065,140840.21,140748.81,M4820942294,0.0,0.0,0,0.0,0
184,CASH_OUT,1468.36,C6466597005,19572.25,18103.89,C7519578899,13223.71,13223.71,0,0.0,0
354,PAYMENT,1.0,C5140460939,0.0,0.0,M1466305100,0.0,0.0,0,0.0,0
452,TRANSFER,4421.5,C9786748825,3974.39,0.0,M9068916300,0.0,0.0,1,0.9,1
651,PAYMENT,26.6,C8493451569,28.99,2.39,M8063693463,0.0,0.0,0,0.0,0
190,CASH_IN,16117.15,C8664882079,0.0,16117.15,C2416760621,447.16,447.16,0,0.0,0
1,CASH_OUT,98.54,C4398953973,109.52,10.98,C2812140441,0.0,0.0,0,0.023333333333333334,0
56,TRANSFER,2591.43,C5710360983,2888.13,296.7,C3910678913,23.7,23.7,1,0.12333333333333334,0
245,PAYMENT,3.06,C4734111722,8.58,5.52,M2635881694,0.0,0.0,0,0.0,0
260,TRANSFER,7859.68,C1541964762,8927.99,1068.31,M8144352013,0.0,0.0,1,0.22333333333333333,0
256,TRANSFER,1041.92,C9463197203,1291.29,249.37,M6515490818,0.0,0.0,1,0.11666666666666667,0
468,CASH_OUT,309.91,C5578056564,331.41,21.5,C6991473746,0.0,0.0,1,0.05333333333333334,0
225,DEBIT,137.79,C7229869819,204.68,66.89,M6361225622,0.0,0.0,0,0.016666666666666666,0
659,CASH_IN,8236.05,C9138644862,102.22,8338.27,C3623588379,6778.29,6778.29,0,0.0,0
261,CASH_OUT,33909.98,C8617360361,41370.3,7460.32,C2464137110,316.5,316.5,1,0.0,0
486,TRANSFER,1556.52,C3843139149,1358.93,0.0,C9279291478,82.04,82.04,1,0.4,0
170,TRANSFER,1.0,C3965572185,0.0,0.0,C9470922075,0.0,1.0,0,0.22,0
298,TRANSFER,1.0,C5336127859,2.52,1.52,C3088517710,218.68,219.68,0,0.02666666666666667,0
420,CASH_OUT,502.51,C2173242669,430.26,0.0,C7004510516,3.65,3.65,1,0.11333333333333333,0
661,CASH_OUT,89.74,C9136780852,110.04,20.3,C6157617867,0.0,0.0,0,0.03,0
559,DEBIT,1.64,C8387664437,5.77,4.13,M8102481401,0.0,0.0,0,0.04,0
571,TRANSFER,1.0,C5243939720,0.0,0.0,C7625389037,80.2,81.2,0,0.17,0
291,PAYMENT,7.45,C6300607425,34.99,27.54,M8044997538,0.0,0.0,0,0.0,0
192,DEBIT,2158.23,C6698759353,5944.27,3786.04,M3469205576,0.0,0.0,0,0.016666666666666666,0
234,TRANSFER,3875.71,C3163970710,3483.31,0.0,M1676220116,0.0,0.0,1,0.8366666666666667,1
466,PAYMENT,1.0,C1173215225,0.0,0.0,M7702529931,0.0,0.0,0,0.0,0
20,TRANSFER,860.81,C5118430494,1032.26,171.45,M2121448210,0.0,0.0,1,0.09333333333333334,0
294,PAYMENT,642.13,C7706193636,1082.47,440.34,M5985331805,0.0,0.0,0,0.0,0
219,CASH_OUT,3981.96,C9080621072,4810.51,828.55,C7337225482,0.0,0.0,0,0.0,0
302,CASH_OUT,89.18,C3923699745,80.84,0.0,M8102481401,0.0,0.0,1,0.043333333333333335,0
164,CASH_OUT,29.1,C7887950851,31.2,2.1,C7019900273,3239.6,3239.6,0,0.0,0
665,TRANSFER,3.37,C2633177480,4.71,1.34,C8055556030,0.0,3.37,0,0.18333333333333332,0
536,TRANSFER,9800.46,C5673482258,11483.81,1683.35,M6845287382,0.0,0.0,1,0.31666666666666665,0
584,PAYMENT,3684.46,C5334769475,17269.62,13585.16,M8728631945,0.0,0.0,0,0.0,0
85,PAYMENT,115.94,C3075362821,214.84,98.9,M2136107759,0.0,0.0,0,0.0,0
85,PAYMENT,1.0,C8243746556,0.0,0.0,M2555936898,0.0,0.0,0,0.0,0
710,TRANSFER,38.75,C3362657890,94.19,55.44,C4719780110,787.2,825.95,0,0.05,0
690,CASH_OUT,2900.53,C4658080160,2855.61,0.0,M7340036327,0.0,0.0,1,0.18,0
692,TRANSFER,3836.77,C2191714875,4962.67,1125.9,C5523703900,1831.06,1831.06,1,0.03333333333333333,0
245,CASH_OUT,13.8,C2191714875,1125.9,1112.1,C1160913827,0.0,0.0,0,0.006666666666666667,0
84,PAYMENT,272.71,C2394868732,5331.65,5058.94,M7270955446,0.0,0.0,0,0.0,0
112,TRANSFER,3993.84,C3815389788,4328.62,334.78,C6477862024,8.74,4002.58,0,0.01,0
156,CASH_OUT,1347.18,C6110646714,1253.37,0.0,C7567496105,0.0,0.0,1,0.05,0
168,TRANSFER,4223.59,C5199176431,4968.44,744.85,C1209063208,195.31,195.31,1,0.016666666666666666,0
349,CASH_OUT,20.85,C3304560537,25.53,4.68,C1654477195,0.0,0.0,0,0.03,0
439,CASH_OUT,3186.93,C2486744752,4077.79,890.86,C1367704871,0.0,0.0,1,0.043333333333333335,0
363,TRANSFER,24031.16,C3169561289,20406.12,0.0,M4093474499,0.0,0.0,1,0.7266666666666667,1
445,PAYMENT,1.0,C5646880148,0.0,0.0,M7928143230,0.0,0.0,0,0.0,0
422,PAYMENT,239.94,C1563524533,378.04,138.1,M8728631945,0.0,0.0,0,0.0,0
249,PAYMENT,11.37,C4098389895,52.49,41.12,M8083396378,0.0,0.0,0,0.0,0
8,DEBIT,1.0,C5461537013,0.0,0.0,M5570190774,0.0,0.0,0,0.023333333333333334,0
500,CASH_OUT,1.34,C7004964045,1.5,0.16,C9663561486,1176.74,1176.74,0,0.043333333333333335,0
678,CASH_OUT,36.35,C2479679716,116.59,80.24,C7648059419,27294.36,27294.36,0,0.01,0
308,DEBIT,3.07,C5421592782,5.6,2.53,M2121448210,0.0,0.0,0,0.03333333333333333,0
197,TRANSFER,1.0,C5329194647,0.0,0.0,C2612579345,489.39,490.39,0,0.013333333333333334,0
535,CASH_OUT,2961.19,C9776185998,3570.31,609.12,C2846465000,0.0,0.0,1,0.02666666666666667,0
469,CASH_OUT,4050.55,C5215140451,4180.57,130.02,C1110533960,0.0,0.0,1,0.07666666666666666,0
317,TRANSFER,4746.79,C5829062179,4853.34,106.55,C4921003983,172.59,4919.38,1,0.006666666666666667,0
616,PAYMENT,233.68,C2486744752,890.86,657.18,M8869140487,0.0,0.0,0,0.0,0
583,DEBIT,1.11,C1264739091,2.94,1.83,M6515490818,0.0,0.0,0,0.04,0
216,PAYMENT,459.39,C7488943393,613.69,154.3,M7343954769,0.0,0.0,0,0.0,0
690,TRANSFER,3430.03,C1664847319,3089.82,0.0,M5000316394,0.0,0.0,1,0.88,1
113,CASH_OUT,744.39,C3392080953,899.72,155.33,M3297681898,0.0,0.0,1,0.0033333333333333335,0
652,DEBIT,1.0,C1981049082,1.0,0.0,M2155671697,0.0,0.0,0,0.05333333333333334,0
490,TRANSFER,4300.83,C1293864877,3648.37,0.0,C3250402001,81.57,81.57,1,0.6733333333333333,1
544,PAYMENT,474.99,C9123612497,638.27,163.28,M7351460539,0.0,0.0,0,0.0,0
113,TRANSFER,5818.17,C7665963761,4949.5,0.0,M1122712790,0.0,0.0,1,0.79,1
124,CASH_OUT,503.95,C7949795085,631.87,127.92,M8102481401,0.0,0.0,1,0.0033333333333333335,0
150,DEBIT,1564.99,C6583444930,4094.54,2529.55,M7951820749,0.0,0.0,0,0.013333333333333334,0
436,TRANSFER,299.82,C1099541460,266.36,0.0,M6732306182,0.0,0.0,1,0.22666666666666666,0
142,CASH_OUT,839.32,C8943866829,816.32,0.0,M1692044390,0.0,0.0,1,0.08666666666666667,0
136,TRANSFER,4352.07,C1885113834,4271.33,0.0,C6591038760,0.0,0.0,1,0.7333333333333333,1
469,TRANSFER,1838.26,C3305069227,1978.27,140.01,C3480920839,37.11,37.11,1,0.2633333333333333,0
242,TRANSFER,30124.27,C1004665657,25183.47,0.0,C6038780151,40.08,40.08,1,0.6133333333333333,1
301,CASH_OUT,1.68,C7185179917,4.49,2.81,C3163970710,0.0,0.0,0,0.023333333333333334,0
611,CASH_OUT,493.08,C2349641712,515.08,22.0,C9504724761,0.0,0.0,1,0.04,0
679,TRANSFER,1.0,C3978287288,0.0,0.0,C6336171726,4622.97,4623.97,0,0.04,0
160,PAYMENT,1189.0,C9381721143,4086.26,2897.26,M5585110649,0.0,0.0,0,0.0,0
441,CASH_OUT,1358.11,C8257484586,1251.34,0.0,C4536306171,41.88,41.88,1,0.37666666666666665,0
16,PAYMENT,3740.5,C7920516981,6336.79,2596.29,M3208200227,0.0,0.0,0,0.0,0
266,PAYMENT,17025.72,C1983297492,99273.38,82247.66,M5919148165,0.0,0.0,0,0.0,0
620,PAYMENT,1.0,C2645272822,1.0,0.0,M2655546199,0.0,0.0,0,0.0,0
361,TRANSFER,88.62,C1726990714,112.0,23.38,C6880115912,0.0,0.0,1,0.16,0
560,CASH_OUT,1028.81,C3465740756,2395.08,1366.27,C8293453178,619.96,619.96,0,0.006666666666666667,0
327,PAYMENT,1.0,C5476654128,0.0,0.0,M6525576685,0.0,0.0,0,0.0,0
435,PAYMENT,17133.72,C4242550727,22635.43,5501.71,M9752092528,0.0,0.0,0,0.0,0
639,DEBIT,1.0,C7705605962,0.0,0.0,M3660800029,0.0,0.0,0,0.05333333333333334,0
213,PAYMENT,1.0,C6265016831,0.0,0.0,M2156184315,0.0,0.0,0,0.0,0
107,CASH_OUT,105.71,C5625342041,328.89,223.18,C6942989052,0.0,0.0,0,0.0033333333333333335,0
438,CASH_OUT,404.17,C9033653743,480.78,76.61,M5990749811,0.0,0.0,1,0.05333333333333334,0
557,PAYMENT,26.15,C6638034087,30.67,4.52,M8858274691,0.0,0.0,0,0.0,0
664,TRANSFER,1921.82,C2237386857,2238.99,317.17,M7270955446,0.0,0.0,1,0.31333333333333335,0
234,CASH_OUT,5739.32,C8948573913,4839.34,0.0,C7088451458,245.0,245.0,1,0.06333333333333334,0
87,PAYMENT,55.27,C6069848439,99.98,44.71,M1096405016,0.0,0.0,0,0.0,0
123,PAYMENT,1.0,C1399546384,0.0,0.0,M6651754819,0.0,0.0,0,0.0,0
567,CASH_OUT,1.68,C4509456565,5.85,4.17,C5951406973,159.86,159.86,0,0.03666666666666667,0
404,PAYMENT,1.0,C9639245200,0.0,0.0,M6361225622,0.0,0.0,0,0.0,0
441,CASH_IN,1.03,C8982597239,678.83,679.86,C4163119785,0.0,0.0,0,0.006666666666666667,0
449,CASH_IN,125658.5,C4956362540,2806.63,128465.13,C7127904756,6859.47,6859.47,0,0.0,0
369,PAYMENT,287.2,C7671625956,323.86,36.66,M2773408660,0.0,0.0,0,0.0,0
535,PAYMENT,1.0,C2830154607,0.0,0.0,M1908459040,0.0,0.0,0,0.0,0
569,CASH_OUT,2280.61,C2984460654,2304.56,23.95,C2227193073,15.18,15.18,1,0.043333333333333335,0
628,CASH_IN,88880.87,C4928783441,1131.69,90012.56,C7185179917,2.81,2.81,0,0.0,0
525,PAYMENT,25.14,C3147818256,94.44,69.3,M1676220116,0.0,0.0,0,0.0,0
301,PAYMENT,603.64,C4752171298,1684.48,1080.84,M8548290298,0.0,0.0,0,0.0,0
101,CASH_OUT,1.0,C9433570024,0.42,0.0,C8117478955,0.0,0.0,0,0.0033333333333333335,0
712,CASH_OUT,152.89,C6405851839,183.88,30.99,C7846365089,337.13,337.13,0,0.02666666666666667,0
75,TRANSFER,1.0,C7805633786,1.78,0.78,C7415801613,2575.69,2576.69,0,0.0033333333333333335,0
524,CASH_IN,3685.98,C4572433066,13.92,3699.9,C8394198376,1134.41,1134.41,0,0.0,0
365,PAYMENT,462.56,C6155234610,934.15,471.59,M9043367776,0.0,0.0,0,0.0,0
521,PAYMENT,1.0,C7977267911,0.0,0.0,M6845287382,0.0,0.0,0,0.0,0
606,CASH_OUT,2002.2,C5476654128,2766.22,764.02,M8790289305,0.0,0.0,1,0.02666666666666667,0
134,CASH_OUT,1.0,C8675071314,0.0,0.0,C4042413312,38546.41,38546.41,0,0.0,0
605,TRANSFER,3.52,C7951902330,136.89,133.37,C3003484425,23618.09,23621.61,0,0.0,0
32,TRANSFER,134.53,C4470591645,178.8,44.27,M2418407139,0.0,0.0,1,0.16,0
570,TRANSFER,55.94,C6204862411,51.48,0.0,M1676220116,0.0,0.0,1,0.23333333333333334,0
580,PAYMENT,1.93,C1965067727,3.96,2.03,M9026301048,0.0,0.0,0,0.0,0
177,TRANSFER,773.61,C6875597607,740.58,0.0,M9916475897,0.0,0.0,1,0.29,0
129,CASH_IN,17090.79,C7027529118,61.52,17152.31,C9463197203,249.37,249.37,0,0.0,0
720,TRANSFER,617.02,C3190227431,602.46,0.0,M5380159400,0.0,0.0,1,0.25,0
631,TRANSFER,56.15,C2148679234,134.69,78.54,C8012696455,52036.34,52092.49,0,0.0,0
707,CASH_OUT,283.11,C2020395327,261.42,0.0,M9410569618,0.0,0.0,1,0.07333333333333333,0
276,PAYMENT,5395.32,C3334938378,42713.73,37318.41,M6786043791,0.0,0.0,0,0.0,0
34,PAYMENT,1.0,C7772180882,0.0,0.0,M3223687972,0.0,0.0,0,0.0,0
449,CASH_OUT,310.1,C5071897791,345.14,35.04,C8086527181,11738.31,11738.31,0,0.03,0
335,TRANSFER,148.19,C7691931213,187.31,39.12,M6558769264,0.0,0.0,1,0.15,0
127,PAYMENT,111.02,C7935554354,199.1,88.08,M6866146362,0.0,0.0,0,0.0,0
712,PAYMENT,1.0,C1847275937,1.0,0.0,M6247463262,0.0,0.0,0,0.0,0
362,CASH_OUT,1572.49,C5976777081,1767.67,195.18,M1666898313,0.0,0.0,1,0.01,0
333,DEBIT,1.0,C5604529187,0.0,0.0,M1802753761,0.0,0.0,0,0.04,0
242,TRANSFER,1.0,C4277561834,0.0,0.0,C2295574037,79.43,80.43,0,0.11666666666666667,0
385,CASH_OUT,8438.47,C8669484644,80035.19,71596.72,C1722124509,353.41,353.41,0,0.0,0
315,TRANSFER,1.0,C7603978731,0.0,0.0,C7488943393,154.3,155.3,0,0.04666666666666667,0
318,DEBIT,1.0,C9771848610,0.0,0.0,M8869140487,0.0,0.0,0,0.04,0
262,PAYMENT,30.28,C7196439534,68.23,37.95,M7664045502,0.0,0.0,0,0.0,0
313,TRANSFER,96.52,C7846365089,337.13,240.61,C4524233168,162.36,258.88,0,0.0,0
293,TRANSFER,1746.14,C8487449580,2134.15,388.01,C3144490990,31.01,31.01,1,0.12,0
393,CASH_OUT,1744.55,C2802141793,1710.24,0.0,C8313706299,1.53,1.53,1,0.12666666666666668,0
426,TRANSFER,1.0,C7337225482,0.0,0.0,C7333678472,1850.1,1851.1,0,0.06666666666666667,0
554,CASH_OUT,1.0,C7100408092,0.0,0.0,C5993571693,59.4,59.4,0,0.05,0
339,TRANSFER,2593.55,C4268713302,2395.89,0.0,M9620935604,0.0,0.0,1,0.7133333333333334,1
319,PAYMENT,1.0,C5612645121,0.0,0.0,M1442421654,0.0,0.0,0,0.0,0
326,CASH_OUT,49.3,C2148679234,78.54,29.24,C8588769565,560.34,560.34,0,0.01,0
349,PAYMENT,1.0,C8382963909,0.0,0.0,M3605446007,0.0,0.0,0,0.0,0
371,TRANSFER,55.36,C7666869046,343.09,287.73,C6732648420,85.33,140.69,0,0.016666666666666666,0
696,TRANSFER,13908.23,C6628158856,15168.08,1259.85,M9773795424,0.0,0.0,1,0.3233333333333333,0
509,TRANSFER,1209.35,C8055515912,1708.33,498.98,C2635231601,8.68,1218.03,1,0.04,0
153,TRANSFER,3178.79,C3597724331,4241.73,1062.94,M6247463262,0.0,0.0,1,0.16333333333333333,0
299,PAYMENT,85.62,C2970753705,111.26,25.64,M1732578761,0.0,0.0,0,0.0,0
124,CASH_OUT,2210.54,C6804850108,4026.78,1816.24,C6072939882,58.64,58.64,0,0.0,0
607,CASH_OUT,3227.56,C2331039957,3114.78,0.0,C7981077394,129.78,129.78,1,0.18666666666666668,0
573,TRANSFER,1.0,C9844874547,0.0,0.0,C2645272822,0.0,1.0,0,0.23,0
76,PAYMENT,21.36,C2761091683,161.5,140.14,M5990749811,0.0,0.0,0,0.0,0
170,CASH_OUT,4.68,C6493800024,12.01,7.33,C4405620755,301.81,301.81,0,0.0,0
494,PAYMENT,3.03,C4482238042,5.15,2.12,M2391874847,0.0,0.0,0,0.0,0
645,CASH_OUT,34201.68,C4308701294,28731.82,0.0,C3188382776,1351.37,1351.37,1,0.11,0
577,PAYMENT,1.0,C6642201119,0.0,0.0,M8964269909,0.0,0.0,0,0.0,0
191,PAYMENT,1.0,C2578662692,0.0,0.0,M4093474499,0.0,0.0,0,0.0,0
226,TRANSFER,2559.21,C7596745715,2337.74,0.0,M8643636805,0.0,0.0,1,0.79,1
103,CASH_OUT,681.79,C9806189256,909.55,227.76,C9903351330,0.0,0.0,0,0.0033333333333333335,0
177,PAYMENT,1.0,C5785481124,0.0,0.0,M5990749811,0.0,0.0,0,0.0,0
407,CASH_OUT,5507.2,C8151583833,5549.89,42.69,M8030400668,0.0,0.0,1,0.03,0
3,CASH_OUT,399.65,C7556046460,374.84,0.0,M5087280062,0.0,0.0,1,0.043333333333333335,0
520,CASH_OUT,3643.88,C3483827971,3362.26,0.0,M6992094064,0.0,0.0,1,0.21,0
471,DEBIT,687.86,C5943324387,896.26,208.4,M8626371177,0.0,0.0,0,0.03,0
185,PAYMENT,1.0,C4040409964,0.0,0.0,M1099218439,0.0,0.0,0,0.0,0
173,DEBIT,1.0,C8507497883,0.0,0.0,M2328736852,0.0,0.0,0,0.03,0
177,CASH_OUT,1.0,C4203205881,1.0,0.0,C7059591606,0.0,0.0,0,0.013333333333333334,0
607,TRANSFER,7.75,C4026113008,75660.81,75653.06,C7660813178,16.72,24.47,0,0.13666666666666666,0
294,CASH_OUT,2252.69,C3343292475,2226.82,0.0,C4907446848,7.69,7.69,1,0.12,0
222,PAYMENT,1282.93,C4847761430,2413.24,1130.31,M3145756342,0.0,0.0,0,0.0,0
57,CASH_OUT,1.0,C9303285822,2.81,1.81,C7185179917,2.81,2.81,0,0.0033333333333333335,0
566,PAYMENT,2.46,C6000009225,3.9,1.44,M8144889126,0.0,0.0,0,0.0,0
695,TRANSFER,3006.45,C3074232200,3411.67,405.22,C3367665472,2.32,2.32,1,0.2966666666666667,0
355,PAYMENT,2878.61,C7519578899,13223.71,10345.1,M8458323087,0.0,0.0,0,0.0,0
169,TRANSFER,876.94,C1519709079,1157.98,281.04,C6544063167,0.0,876.94,0,0.0,0
613,TRANSFER,1.0,C8274273035,0.0,0.0,C4482141802,123274.81,123275.81,0,0.0,0
419,TRANSFER,2327.27,C4277561834,2073.58,0.0,M6101516825,0.0,0.0,1,0.73,1
233,PAYMENT,63.88,C3294092753,101974.78,101910.9,M5990749811,0.0,0.0,0,0.0,0
88,DEBIT,1.0,C4486522557,0.0,0.0,M7948094928,0.0,0.0,0,0.03,0
568,TRANSFER,1297.81,C5673482258,1683.35,385.54,C6880115912,0.0,1297.81,0,0.05333333333333334,0
462,CASH_OUT,175.72,C5254923696,206.97,31.25,M8366710477,0.0,0.0,1,0.05333333333333334,0
393,CASH_OUT,1213.04,C6715961218,1065.21,0.0,M5919148165,0.0,0.0,1,0.14,0
135,TRANSFER,386.5,C5151887478,704.73,318.23,C9080621072,828.55,1215.05,0,0.0033333333333333335,0
308,DEBIT,42.47,C5837082260,58.25,15.78,M8276498637,0.0,0.0,0,0.023333333333333334,0
167,PAYMENT,32.28,C2647489402,41.46,9.18,M2249831874,0.0,0.0,0,0.0,0
240,CASH_OUT,1998.08,C5022964382,2656.94,658.86,C2965164102,7155.71,7155.71,1,0.0,0
710,TRANSFER,3002.93,C8382488970,5682.96,2680.03,C6320115677,1.64,3004.57,0,0.03,0
142,PAYMENT,7.91,C3293560436,8.52,0.61,M1811839103,0.0,0.0,0,0.0,0
522,CASH_OUT,77.87,C8709361138,236.96,159.09,C3294092753,101910.9,101910.9,0,0.0,0
669,PAYMENT,25.14,C6075963527,54.81,29.67,M7969674420,0.0,0.0,0,0.0,0
684,TRANSFER,4468.83,C2926780541,4282.59,0.0,M9620935604,0.0,0.0,1,0.9133333333333333,1
510,PAYMENT,19.97,C5483308751,46.38,26.41,M6282009986,0.0,0.0,0,0.0,0
575,CASH_OUT,2563.82,C3894673596,3496.93,933.11,M7050091525,0.0,0.0,1,0.02666666666666667,0
401,TRANSFER,1.0,C8684026200,0.0,0.0,C7556078550,0.0,1.0,0,0.22,0
227,TRANSFER,1.0,C7311011808,0.0,0.0,C3426665919,2.38,3.38,0,0.22666666666666666,0
201,TRANSFER,1.0,C7174772035,0.0,0.0,C6844582171,2.94,3.94,0,0.22666666666666666,0
711,CASH_OUT,37.52,C7937993287,86.3,48.78,C3946766309,75.79,75.79,0,0.02666666666666667,0
36,PAYMENT,8.91,C3384006407,24.05,15.14,M4892544235,0.0,0.0,0,0.0,0
200,PAYMENT,1.0,C3293560436,0.61,0.0,M6846530109,0.0,0.0,0,0.0,0
590,TRANSFER,530.15,C2405746777,635.7,105.55,C7767834064,20.97,551.12,0,0.05333333333333334,0
717,PAYMENT,9210.99,C7519578899,10345.1,1134.11,M6282009986,0.0,0.0,0,0.0,0
265,TRANSFER,246.72,C8650676663,425.47,178.75,C6879428703,152.62,399.34,0,0.0,0
634,TRANSFER,7.52,C7915226263,22.91,15.39,C9717175839,214.26,221.78,0,0.08,0
150,CASH_OUT,1.0,C6289150149,0.0,0.0,C3799620568,319.32,319.32,0,0.0033333333333333335,0
70,PAYMENT,1.0,C5439176290,1.0,0.0,M5270048042,0.0,0.0,0,0.0,0
448,CASH_OUT,640.58,C4681264539,888.56,247.98,M6130446648,0.0,0.0,1,0.06333333333333334,0
93,CASH_IN,30445.63,C1862812038,0.0,30445.63,C4965395580,15.85,15.85,0,0.0,0
584,CASH_OUT,51.92,C9309500117,56.44,4.52,C4325878813,75.16,75.16,0,0.03666666666666667,0
469,TRANSFER,4196.78,C3291270703,4491.67,294.89,M1368287033,0.0,0.0,1,0.32,0
101,PAYMENT,10120.31,C3645901955,49120.24,38999.93,M4908108692,0.0,0.0,0,0.0,0
389,PAYMENT,2505.87,C3645901955,38999.93,36494.06,M1257854279,0.0,0.0,0,0.0,0
6,CASH_OUT,5.43,C8906163641,9.6,4.17,C4794276323,4.64,4.64,0,0.023333333333333334,0
580,PAYMENT,1.0,C3528924461,1.0,0.0,M8728631945,0.0,0.0,0,0.0,0
36,TRANSFER,63.52,C3946766309,75.79,12.27,M4125758723,0.0,0.0,1,0.16666666666666666,0
390,CASH_OUT,4573.74,C8243746556,3946.08,0.0,M5585110649,0.0,0.0,1,0.12666666666666668,0
353,CASH_OUT,3790.31,C6642201119,4314.77,524.46,M7512767226,0.0,0.0,1,0.013333333333333334,0
89,TRANSFER,936.83,C6009268066,1336.41,399.58,M4908108692,0.0,0.0,1,0.10666666666666667,0
572,TRANSFER,2556.71,C1510289448,3125.61,568.9,C2379592595,0.0,0.0,1,0.2866666666666667,0
434,TRANSFER,2165.38,C6336171726,4623.97,2458.59,C8779941999,0.32,2165.7,0,0.05,0
29,CASH_OUT,447.36,C9908115095,548.96,101.6,C8617360361,7460.32,7460.32,0,0.013333333333333334,0
566,CASH_OUT,104.67,C8199372599,113.57,8.9,C8906163641,4.17,4.17,0,0.03666666666666667,0
224,CASH_OUT,355.26,C4636537575,360.08,4.82,M9288057824,0.0,0.0,1,0.013333333333333334,0
269,TRANSFER,1660.51,C3396953414,2264.99,604.48,C6859286614,2.15,2.15,1,0.18666666666666668,0
336,DEBIT,8.55,C9115282784,9.86,1.31,M7537130187,0.0,0.0,0,0.03666666666666667,0
566,PAYMENT,2385.96,C1378134712,9855.65,7469.69,M3636366799,0.0,0.0,0,0.0,0
285,CASH_IN,2038.17,C9523104008,6075.25,8113.42,C6075963527,29.67,29.67,0,0.0,0
408,CASH_IN,87500.43,C9916336966,422.09,87922.52,C5403510324,16.88,16.88,0,0.0,0
477,TRANSFER,289.59,C1722124509,353.41,63.82,C4956362540,128465.13,128754.72,0,0.0,0
482,PAYMENT,36.3,C7872090713,102.66,66.36,M1999913493,0.0,0.0,0,0.0,0
365,CASH_OUT,51.89,C6892752604,232.95,181.06,C7915226263,15.39,15.39,0,0.0,0
471,PAYMENT,10.19,C6596578419,14.55,4.36,M8144352013,0.0,0.0,0,0.0,0
455,CASH_OUT,1794.61,C3710566582,3589.28,1794.67,C9573276057,359.17,359.17,0,0.03666666666666667,0
147,PAYMENT,1.0,C5375461598,0.24,0.0,M1442421654,0.0,0.0,0,0.0,0
149,CASH_OUT,1.0,C6661014794,0.0,0.0,C8453283834,0.0,0.0,0,0.0033333333333333335,0
384,TRANSFER,7454.94,C2076151332,11420.23,3965.29,C4681264539,247.98,7702.92,0,0.0,0
402,CASH_OUT,4112.55,C9553561889,121765.74,117653.19,C9557663181,0.0,0.0,0,0.0,0
199,CASH_IN,20111.21,C4655935832,18.69,20129.9,C5483308751,26.41,26.41,0,0.0,0
253,TRANSFER,2597.67,C9711080868,2858.48,260.81,M3145756342,0.0,0.0,1,0.19,0
698,TRANSFER,5080.31,C6566372886,4835.73,0.0,M7713758036,0.0,0.0,1,0.9133333333333333,1
220,DEBIT,317.05,C2274350418,1220.5,903.45,M2555936898,0.0,0.0,0,0.01,0
667,CASH_IN,35497.95,C4403845222,0.0,35497.95,C5952163720,0.0,0.0,0,0.0,0
183,TRANSFER,1201.14,C1952396600,1283.71,82.57,M5000316394,0.0,0.0,1,0.19,0
591,TRANSFER,263.36,C7481631841,249.54,0.0,M3019265031,0.0,0.0,1,0.23666666666666666,0
628,TRANSFER,1.0,C4776677517,0.0,0.0,C4062777850,126.43,127.43,0,0.13666666666666666,0
378,TRANSFER,6749.19,C9138644862,8338.27,1589.08,C6923206003,200.7,6949.89,0,0.0,0
590,PAYMENT,2820.16,C8137972345,7160.49,4340.33,M2156184315,0.0,0.0,0,0.0,0
683,TRANSFER,35.36,C9626333315,40.03,4.67,C5704029171,0.0,35.36,0,0.18,0
575,TRANSFER,1223.32,C3515167269,1248.3,24.98,C7266763552,0.21,1223.53,1,0.09333333333333334,0
407,TRANSFER,1376.9,C6585609060,1671.34,294.44,M9404002665,0.0,0.0,1,0.15666666666666668,0
127,TRANSFER,1.0,C6566372886,0.0,0.0,C8487449580,388.01,389.01,0,0.01,0
78,PAYMENT,1.0,C5129478722,0.0,0.0,M6651020291,0.0,0.0,0,0.0,0
90,TRANSFER,1048.24,C6509985983,1471.69,423.45,C4586784711,16.46,1064.7,0,0.01,0
70,TRANSFER,5.34,C3946766309,12.27,6.93,C2009317340,0.0,5.34,0,0.16333333333333333,0
476,CASH_OUT,288.8,C9858643842,298.51,9.71,C4067919621,0.0,0.0,1,0.056666666666666664,0
569,TRANSFER,251.19,C7467073633,355.58,104.39,C8547068234,149.54,149.54,1,0.07666666666666666,0
132,CASH_OUT,17.9,C4767539382,26.72,8.82,C3521300895,7.83,7.83,0,0.0033333333333333335,0
68,TRANSFER,213.06,C2178158203,284.97,71.91,C1613549255,0.0,213.06,0,0.06666666666666667,0
333,PAYMENT,1.0,C6244338653,0.0,0.0,M9043367776,0.0,0.0,0,0.0,0
560,DEBIT,1.0,C2493660313,0.0,0.0,M5270048042,0.0,0.0,0,0.043333333333333335,0
397,PAYMENT,141.79,C8925520026,226.19,84.4,M2625035499,0.0,0.0,0,0.0,0
646,PAYMENT,2155.98,C5789633176,14774.9,12618.92,M7713758036,0.0,0.0,0,0.0,0
693,PAYMENT,93.37,C1684598046,147.58,54.21,M3660800029,0.0,0.0,0,0.0,0
110,CASH_IN,5569.73,C1225052083,0.0,5569.73,C4325878813,75.16,75.16,0,0.0,0
589,PAYMENT,12137.5,C6618965944,19387.16,7249.66,M6495967005,0.0,0.0,0,0.0,0
681,TRANSFER,1563.1,C8215470878,1341.99,0.0,C1726990714,23.38,23.38,1,0.4033333333333333,0
12,CASH_OUT,1126.56,C3188382776,1351.37,224.81,C6156843353,2.01,2.01,0,0.0,0
119,CASH_OUT,4294.6,C7750819485,5579.18,1284.58,C7127904756,6859.47,6859.47,0,0.0,0
456,CASH_OUT,27873.24,C3716924538,34576.13,6702.89,M3369412470,0.0,0.0,1,0.013333333333333334,0
91,TRANSFER,314.09,C5022964382,658.86,344.77,C7635473142,0.0,314.09,0,0.016666666666666666,0
617,TRANSFER,1.0,C4745927824,0.0,0.0,C5704029171,35.36,36.36,0,0.19333333333333333,0
66,PAYMENT,1.0,C8543865915,0.26,0.0,M7713758036,0.0,0.0,0,0.0,0
515,PAYMENT,1.0,C5140460939,0.0,0.0,M1888107487,0.0,0.0,0,0.0,0
196,TRANSFER,1209.39,C4734111722,1301.55,92.16,C8612747444,0.0,1209.39,1,0.016666666666666666,0
410,PAYMENT,1.0,C1730074215,0.0,0.0,M5067400473,0.0,0.0,0,0.0,0
395,CASH_OUT,2127.03,C4590711152,1852.91,0.0,C5689870435,1107.17,1107.17,1,0.07,0
122,TRANSFER,1.0,C7852415525,0.1,0.0,C1600566083,3.62,4.62,0,0.17666666666666667,0
607,TRANSFER,2367.03,C2846465000,2977.12,610.09,M6401844042,0.0,0.0,1,0.29,0
694,PAYMENT,2.35,C4647891535,5.45,3.1,M6401844042,0.0,0.0,0,0.0,0
242,PAYMENT,1.0,C3667740351,0.0,0.0,M9752092528,0.0,0.0,0,0.0,0
408,PAYMENT,1.0,C8075122626,0.29,0.0,M3536590481,0.0,0.0,0,0.0,0
259,TRANSFER,10.82,C9981691030,12.45,1.63,C9433570024,0.0,10.82,0,0.17666666666666667,0
180,PAYMENT,2.84,C6517150278,5.92,3.08,M5564953924,0.0,0.0,0,0.0,0
440,CASH_OUT,1378.92,C3710566582,1794.67,415.75,M9896529524,0.0,0.0,1,0.05,0
569,PAYMENT,22.18,C2878930355,55.1,32.92,M3355504998,0.0,0.0,0,0.0,0
518,PAYMENT,71.09,C1952396600,82.57,11.48,M7437168216,0.0,0.0,0,0.0,0
638,PAYMENT,8.14,C5837082260,15.78,7.64,M4665677395,0.0,0.0,0,0.0,0
353,CASH_OUT,1.0,C7556078550,1.0,0.0,C7638836058,98.5,98.5,0,0.013333333333333334,0
664,PAYMENT,1.0,C4332894265,0.0,0.0,M1306420495,0.0,0.0,0,0.0,0
612,PAYMENT,80.56,C2075413763,264.73,184.17,M9918338001,0.0,0.0,0,0.0,0
22,TRANSFER,3.3,C4594787485,347.63,344.33,C8318855178,35462.78,35466.08,0,0.0,0
127,PAYMENT,1.0,C5375461598,0.0,0.0,M2695447268,0.0,0.0,0,0.0,0
67,CASH_OUT,86.77,C1242425303,171.29,84.52,C8118065825,1.18,1.18,0,0.0033333333333333335,0
372,TRANSFER,1.0,C9771848610,0.0,0.0,C1197449658,0.0,1.0,0,0.22,0
652,DEBIT,3144.21,C3589530484,6395.17,3250.96,M8276498637,0.0,0.0,0,0.03333333333333333,0
370,CASH_OUT,7.27,C6201313620,8.47,1.2,C1039887139,16.58,16.58,0,0.013333333333333334,0
212,TRANSFER,2664.9,C2524751277,2343.34,0.0,M6790024996,0.0,0.0,1,0.7866666666666666,1
115,PAYMENT,2694.46,C7019900273,3239.6,545.14,M7168105904,0.0,0.0,0,0.0,0
370,CASH_IN,2207.85,C8995045543,2.87,2210.72,C1798112150,552.62,552.62,0,0.0,0
123,PAYMENT,5577.4,C6027311960,39370.97,33793.57,M3457877922,0.0,0.0,0,0.0,0
234,TRANSFER,1.0,C3841827734,0.8,0.0,C4311931853,0.0,1.0,0,0.23,0
251,CASH_OUT,1.0,C7154795660,1.0,0.0,C2076341629,1.0,1.0,0,0.02666666666666667,0
269,PAYMENT,2162.34,C3115806625,3463.09,1300.75,M2604788242,0.0,0.0,0,0.0,0
478,PAYMENT,33.5,C9908115095,101.6,68.1,M6130446648,0.0,0.0,0,0.0,0
524,PAYMENT,1.0,C9929101065,1.27,0.27,M9026301048,0.0,0.0,0,0.0,0
441,CASH_OUT,1.11,C4636537575,4.82,3.71,C2227193073,15.18,15.18,0,0.07,0
452,PAYMENT,1719.48,C8382488970,2680.03,960.55,M6894024976,0.0,0.0,0,0.0,0
227,PAYMENT,1.0,C7894019119,0.0,0.0,M9068916300,0.0,0.0,0,0.0,0
390,CASH_OUT,112.99,C1139082827,132.05,19.06,M9822499208,0.0,0.0,1,0.02,0
112,PAYMENT,71.12,C7209571615,96.99,25.87,M9523139706,0.0,0.0,0,0.0,0
21,TRANSFER,1.0,C8507497883,0.0,0.0,C5710360983,296.7,297.7,0,0.013333333333333334,0
91,PAYMENT,1.0,C1430073711,0.0,0.0,M2303835765,0.0,0.0,0,0.0,0
716,CASH_IN,56832.2,C8110054933,525.37,57357.57,C6611356986,10.87,10.87,0,0.0,0
580,CASH_OUT,1002.12,C3866755218,1075.84,73.72,C6859286614,2.15,2.15,1,0.043333333333333335,0
406,CASH_OUT,1.0,C4302632494,0.0,0.0,C7823288650,644.58,644.58,0,0.04,0
316,PAYMENT,34.59,C2591589823,57.66,23.07,M1999913493,0.0,0.0,0,0.0,0
68,CASH_OUT,1.14,C9421518487,2.15,1.01,C4930438209,24.26,24.26,0,0.0,0
716,TRANSFER,5359.82,C6493800024,4978.92,0.0,M3469205576,0.0,0.0,1,0.8766666666666667,1
684,PAYMENT,2.02,C1676168421,3.27,1.25,M3355504998,0.0,0.0,0,0.0,0
47,CASH_OUT,855.89,C3107125807,1038.22,182.33,M2518433834,0.0,0.0,1,0.0,0
76,TRANSFER,52.78,C9908115095,68.1,15.32,M3438830691,0.0,0.0,1,0.17,0
524,PAYMENT,6.04,C1459442845,8.09,2.05,M6515490818,0.0,0.0,0,0.0,0
268,DEBIT,8.3,C8046300793,319.51,311.21,M8063693463,0.0,0.0,0,0.01,0
192,TRANSFER,5.97,C6572436051,13.92,7.95,C3169561289,0.0,5.97,0,0.16,0
408,CASH_OUT,1.0,C4227004325,0.0,0.0,C6246716604,109.48,109.48,0,0.04,0
655,CASH_OUT,74.92,C6443749394,81.7,6.78,M6932365592,0.0,0.0,1,0.03333333333333333,0
171,CASH_OUT,308.2,C1106456634,358.07,49.87,C7536876169,105.32,105.32,0,0.0,0
537,CASH_OUT,3143.86,C7059726570,3200.98,57.12,M2115862756,0.0,0.0,1,0.056666666666666664,0
412,PAYMENT,1.0,C2173242669,0.0,0.0,M3469205576,0.0,0.0,0,0.0,0
210,TRANSFER,1518.14,C9138644862,1589.08,70.94,C5625411308,3.93,3.93,1,0.19666666666666666,0
329,PAYMENT,1917.68,C1526723719,7233.54,5315.86,M1466305100,0.0,0.0,0,0.0,0
457,TRANSFER,59.84,C4600630513,51.74,0.0,C9981364488,284.96,284.96,1,0.09,0
23,DEBIT,1184.11,C9103115140,3348.26,2164.15,M3469205576,0.0,0.0,0,0.01,0
92,CASH_OUT,15227.53,C5292015249,14684.5,0.0,M3846182436,0.0,0.0,1,0.1,0
78,PAYMENT,16.04,C2178884276,63.38,47.34,M7514017540,0.0,0.0,0,0.0,0
700,PAYMENT,3.11,C3946766309,6.93,3.82,M8443061472,0.0,0.0,0,0.0,0
220,PAYMENT,302.84,C6272000062,1210.05,907.21,M1711271599,0.0,0.0,0,0.0,0
680,TRANSFER,1.0,C7185179917,2.81,1.81,C5606736607,1.23,2.23,0,0.18666666666666668,0
347,TRANSFER,1.0,C8923555411,0.0,0.0,C2295574037,80.43,81.43,0,0.11333333333333333,0
62,CASH_IN,70128.86,C9581991473,73680.8,143809.66,C4645120421,20.64,20.64,0,0.0,0
186,TRANSFER,1.0,C4630196130,0.0,0.0,C7660157097,165255.13,165256.13,0,0.0,0
357,CASH_OUT,333.93,C1624173500,517.56,183.63,C5492496998,47.29,47.29,0,0.01,0
194,TRANSFER,1543.33,C4277422858,1965.31,421.98,C3725152347,74.43,74.43,1,0.09666666666666666,0
221,TRANSFER,1.63,C4482238042,2.12,0.49,C6231117883,23.81,25.44,0,0.16666666666666666,0
218,PAYMENT,92.41,C8366884200,137.39,44.98,M6313472215,0.0,0.0,0,0.0,0
285,CASH_OUT,824.52,C5409514899,3905.64,3081.12,C9523104008,8113.42,8113.42,0,0.0,0
386,PAYMENT,381.13,C8241550421,645.64,264.51,M9631695368,0.0,0.0,0,0.0,0
561,TRANSFER,50.44,C7059726570,57.12,6.68,C7452729913,65.72,65.72,1,0.12666666666666668,0
611,PAYMENT,3.94,C6496933442,66.35,62.41,M7960713821,0.0,0.0,0,0.0,0
523,PAYMENT,1.0,C1091729577,0.0,0.0,M5315720088,0.0,0.0,0,0.0,0
507,TRANSFER,3929.77,C3777580509,3646.15,0.0,M6498703287,0.0,0.0,1,0.94,1
323,PAYMENT,11246.99,C3319936135,92893.6,81646.61,M8740820392,0.0,0.0,0,0.0,0
17,PAYMENT,1.64,C4647891535,3.1,1.46,M4908108692,0.0,0.0,0,0.0,0
341,PAYMENT,16493.24,C9581991473,143809.66,127316.42,M3107992942,0.0,0.0,0,0.0,0
496,CASH_IN,3196.53,C8816681105,0.0,3196.53,C6974875750,88784.95,88784.95,0,0.0,0
716,TRANSFER,508.02,C9392515666,441.31,0.0,C9844874547,0.0,0.0,1,0.22333333333333333,0
330,PAYMENT,1.0,C4508521152,0.0,0.0,M7537130187,0.0,0.0,0,0.0,0
495,PAYMENT,1.0,C4106464319,0.0,0.0,M1783432867,0.0,0.0,0,0.0,0
118,CASH_OUT,1363.22,C5667503195,1862.52,499.3,M7453081889,0.0,0.0,1,0.0,0
381,TRANSFER,2.27,C4073772623,4.54,2.27,C2537965898,0.0,2.27,0,0.17,0
698,CASH_OUT,5219.38,C6944371787,5786.2,566.82,M2129491690,0.0,0.0,1,0.02666666666666667,0
153,CASH_OUT,5748.79,C2283298067,4885.32,0.0,M7960713821,0.0,0.0,1,0.04666666666666667,0
100,TRANSFER,966.06,C1288335378,986.38,20.32,M2604788242,0.0,0.0,1,0.18666666666666668,0
720,PAYMENT,35.06,C6496933442,62.41,27.35,M7651029165,0.0,0.0,0,0.0,0
561,PAYMENT,34.89,C3362657890,55.44,20.55,M2129491690,0.0,0.0,0,0.0,0
603,PAYMENT,1.71,C7369118672,2.41,0.7,M1711271599,0.0,0.0,0,0.0,0
501,TRANSFER,361.45,C3975704877,430.35,68.9,C3291270703,294.89,656.34,0,0.05,0
136,PAYMENT,1235.21,C1602569046,1354.96,119.75,M2711123163,0.0,0.0,0,0.0,0
288,PAYMENT,4.7,C7487012742,5.82,1.12,M6744039057,0.0,0.0,0,0.0,0
244,PAYMENT,3.56,C5510938155,98.17,94.61,M1357561213,0.0,0.0,0,0.0,0
659,PAYMENT,222.2,C8241550421,264.51,42.31,M6865994703,0.0,0.0,0,0.0,0
32,CASH_OUT,4.32,C8168036130,18.59,14.27,C7415801613,2576.69,2576.69,0,0.0,0
621,TRANSFER,1.0,C9369574998,0.0,0.0,C5407856339,0.0,1.0,0,0.23333333333333334,0
352,PAYMENT,28.45,C2181241943,36.29,7.84,M9916475897,0.0,0.0,0,0.0,0
678,CASH_IN,55195.17,C9318010743,0.0,55195.17,C2065354117,0.0,0.0,0,0.0,0
63,CASH_OUT,683.77,C5744003377,605.76,0.0,M5794335854,0.0,0.0,1,0.09666666666666666,0
126,PAYMENT,804.01,C1541964762,1068.31,264.3,M5714658227,0.0,0.0,0,0.0,0
288,CASH_OUT,2581.86,C8417757797,2887.58,305.72,C6415031531,0.0,0.0,1,0.01,0
622,TRANSFER,1.0,C5344083406,0.0,0.0,C3127657643,0.0,1.0,0,0.23333333333333334,0
331,TRANSFER,57.1,C4915196257,109.1,52.0,C5375461598,0.0,57.1,0,0.15,0
543,CASH_OUT,115308.42,C3294092753,101910.9,0.0,M6583604299,0.0,0.0,1,0.15333333333333332,0
700,PAYMENT,120.89,C9573276057,359.17,238.28,M9752092528,0.0,0.0,0,0.0,0
373,PAYMENT,1.0,C2388450337,0.0,0.0,M7750131975,0.0,0.0,0,0.0,0
570,TRANSFER,2172.37,C6329323383,2175.51,3.14,C7015992643,0.0,0.0,1,0.59,1
255,TRANSFER,906.78,C3424843951,1073.49,166.71,M9098037639,0.0,0.0,1,0.11,0
227,PAYMENT,1.0,C8239941612,0.0,0.0,M2243802345,0.0,0.0,0,0.0,0
81,TRANSFER,5080.05,C5182110973,6364.75,1284.7,C3214080278,3.01,5083.06,0,0.0033333333333333335,0
377,CASH_OUT,6439.36,C7805745017,5512.71,0.0,C1855256552,0.0,0.0,1,0.13333333333333333,0
619,PAYMENT,8867.43,C1288765093,11289.1,2421.67,M5990749811,0.0,0.0,0,0.0,0
407,CASH_OUT,182.28,C3424843951,166.71,0.0,M1888107487,0.0,0.0,1,0.07666666666666666,0
272,CASH_OUT,19.77,C4490722186,37.41,17.64,C2099184899,339.24,339.24,0,0.0,0
395,CASH_OUT,193.05,C6557907251,234.46,41.41,M9410569618,0.0,0.0,1,0.016666666666666666,0
498,CASH_OUT,3782.7,C9741628563,4603.87,821.17,M1185303518,0.0,0.0,1,0.02666666666666667,0
139,CASH_OUT,75.19,C4888749350,90.9,15.71,C3271361431,1.0,1.0,0,0.0033333333333333335,0
290,PAYMENT,1.82,C1736086849,3.48,1.66,M2695447268,0.0,0.0,0,0.0,0
129,PAYMENT,60.16,C6745958212,106.46,46.3,M6498703287,0.0,0.0,0,0.0,0
542,PAYMENT,4.5,C2073755632,6.25,1.75,M6790024996,0.0,0.0,0,0.0,0
14,PAYMENT,1.0,C5646880148,0.0,0.0,M4122901114,0.0,0.0,0,0.0,0
710,CASH_OUT,9.51,C3098948446,15.47,5.96,C7227593033,0.42,0.42,0,0.03,0
510,TRANSFER,108.11,C3707166618,232.54,124.43,C5613655595,0.0,108.11,0,0.10333333333333333,0
696,CASH_OUT,19971.63,C1590985753,16796.99,0.0,C2950049698,302.04,302.04,1,0.17333333333333334,0
507,PAYMENT,162.59,C4921003983,4919.38,4756.79,M5714658227,0.0,0.0,0,0.0,0
203,PAYMENT,1.0,C8532327465,0.0,0.0,M2303835765,0.0,0.0,0,0.0,0
315,TRANSFER,204.13,C9302705838,174.57,0.0,M5449848690,0.0,0.0,1,0.23666666666666666,0
539,CASH_OUT,24.52,C2503068227,36.17,11.65,C3470617247,370.01,370.01,0,0.02666666666666667,0
283,PAYMENT,3923.84,C3758823240,8295.13,4371.29,M7570511906,0.0,0.0,0,0.0,0
533,TRANSFER,1554.23,C6894808149,1450.73,0.0,C3799620568,319.32,319.32,1,0.31333333333333335,0
631,TRANSFER,312.32,C6618926823,754.67,442.35,C2409274786,103.02,415.34,0,0.05,0
683,DEBIT,2630.61,C1415802902,3412.28,781.67,M6999146585,0.0,0.0,0,0.03333333333333333,0
635,DEBIT,55.68,C6334440295,147.97,92.29,M8643636805,0.0,0.0,0,0.02666666666666667,0
235,CASH_OUT,705.29,C2602884797,697.44,0.0,C5744003377,0.0,0.0,1,0.13333333333333333,0
10,CASH_OUT,41253.38,C2905584866,38317.7,0.0,C3484872186,312.96,312.96,1,0.01,0
169,PAYMENT,81.99,C3772636814,403.29,321.3,M3517195150,0.0,0.0,0,0.0,0
626,CASH_OUT,4.82,C8265834251,23.94,19.12,C1194576436,0.0,0.0,0,0.03,0
561,PAYMENT,1.27,C5694848867,316.04,314.77,M2156184315,0.0,0.0,0,0.0,0
23,PAYMENT,1.0,C6884882440,2.96,1.96,M4390543744,0.0,0.0,0,0.0,0
461,TRANSFER,3984.63,C4014119648,4713.42,728.79,C6557907251,41.41,41.41,1,0.22333333333333333,0
169,CASH_OUT,3686.24,C7805633786,3477.82,0.0,M9620935604,0.0,0.0,1,0.056666666666666664,0
584,PAYMENT,1.0,C4658080160,0.0,0.0,M3072183247,0.0,0.0,0,0.0,0
606,PAYMENT,384.23,C4786674545,1326.0,941.77,M3536590481,0.0,0.0,0,0.0,0
379,TRANSFER,275.75,C2464137110,316.5,40.75,C9592390865,0.0,275.75,0,0.02666666666666667,0
577,TRANSFER,36.81,C7505693643,150.11,113.3,C4460967357,0.0,36.81,0,0.17,0
125,TRANSFER,53.65,C4642197907,63.43,9.78,C3987248494,946.95,1000.6,0,0.01,0
62,CASH_OUT,1.0,C5646880148,0.0,0.0,C6493800024,0.0,0.0,0,0.0033333333333333335,0
63,PAYMENT,1.0,C2232285036,0.0,0.0,M4588312351,0.0,0.0,0,0.0,0
177,PAYMENT,1.33,C5625980561,5.39,4.06,M2249831874,0.0,0.0,0,0.0,0
253,TRANSFER,461.18,C4256292393,511.59,50.41,M1306420495,0.0,0.0,1,0.17333333333333334,0
315,CASH_OUT,1.0,C7977267911,0.0,0.0,C5877639950,186.64,186.64,0,0.016666666666666666,0
152,DEBIT,2218.8,C6336171726,2458.59,239.79,M1811839103,0.0,0.0,0,0.016666666666666666,0
567,PAYMENT,1.0,C8313706299,1.53,0.53,M3107992942,0.0,0.0,0,0.0,0
443,PAYMENT,1.0,C1561417687,0.0,0.0,M5087280062,0.0,0.0,0,0.0,0
385,CASH_OUT,3958.51,C7665963761,4537.74,579.23,C5220094152,22746.36,22746.36,1,0.0,0
77,TRANSFER,46766.8,C6582557981,64942.95,18176.15,C7757700186,0.0,46766.8,1,0.0,0
290,TRANSFER,1148.32,C9981691030,1044.33,0.0,M7168105904,0.0,0.0,1,0.33,0
559,PAYMENT,1.0,C9354711271,0.0,0.0,M2586712032,0.0,0.0,0,0.0,0
209,CASH_OUT,22.47,C2168041588,32.74,10.27,C9645619869,0.0,0.0,0,0.0,0
692,PAYMENT,1.0,C2854772804,0.0,0.0,M7928143230,0.0,0.0,0,0.0,0
125,CASH_OUT,85.43,C6246716604,109.48,24.05,C6329323383,3.14,3.14,0,0.0033333333333333335,0
287,TRANSFER,72.61,C6655089949,65.4,0.0,M2243802345,0.0,0.0,1,0.23333333333333334,0
710,PAYMENT,1.0,C9945002229,0.0,0.0,M6384311581,0.0,0.0,0,0.0,0
430,PAYMENT,45.56,C4062777850,127.43,81.87,M2910594463,0.0,0.0,0,0.0,0
297,PAYMENT,75.89,C9618334441,84.5,8.61,M6790024996,0.0,0.0,0,0.0,0
674,TRANSFER,981.8,C2073755632,909.84,0.0,M3297681898,0.0,0.0,1,0.38666666666666666,0
482,PAYMENT,178.03,C3799620568,319.32,141.29,M8821456242,0.0,0.0,0,0.0,0
79,PAYMENT,1.0,C5175416378,0.0,0.0,M4952177946,0.0,0.0,0,0.0,0
496,CASH_OUT,3350.35,C1248704157,3145.21,0.0,M6495967005,0.0,0.0,1,0.27666666666666667,0
206,TRANSFER,21527.28,C1862812038,30445.63,8918.35,C9547119184,972.44,22499.72,1,0.0,0
496,CASH_OUT,2.88,C7002076563,4.73,1.85,C8012696455,52092.49,52092.49,0,0.03,0
575,PAYMENT,64.55,C8287542751,91.33,26.78,M8910440683,0.0,0.0,0,0.0,0
242,TRANSFER,1521.72,C1639509845,1452.95,0.0,M9977193987,0.0,0.0,1,0.37666666666666665,0
548,CASH_OUT,2286.02,C6000009225,2009.29,0.0,C4310415016,0.0,0.0,1,0.18333333333333332,0
584,TRANSFER,74.17,C3866755218,73.72,0.0,M9631695368,0.0,0.0,1,0.24,0
380,TRANSFER,2353.97,C9858643842,2509.88,155.91,C2867302554,253.94,253.94,1,0.02666666666666667,0
94,DEBIT,203.41,C9717175839,221.78,18.37,M4211837506,0.0,0.0,0,0.02,0
589,TRANSFER,1.0,C8215470878,0.0,0.0,C3376077463,0.0,1.0,0,0.23,0
203,TRANSFER,905.89,C7920516981,2596.29,1690.4,C2416760621,447.16,1353.05,0,0.0033333333333333335,0
529,PAYMENT,658.07,C1207916194,895.2,237.13,M1666898313,0.0,0.0,0,0.0,0
410,PAYMENT,639.07,C5476654128,764.02,124.95,M5919148165,0.0,0.0,0,0.0,0
500,PAYMENT,1.0,C7894019119,0.0,0.0,M2885370603,0.0,0.0,0,0.0,0
267,DEBIT,418.07,C6338036681,808.46,390.39,M9576264323,0.0,0.0,0,0.013333333333333334,0
228,CASH_OUT,1.0,C5292015249,0.0,0.0,C9421518487,1.01,1.01,0,0.013333333333333334,0
454,CASH_OUT,47.23,C7376649850,189.21,141.98,C7088451458,245.0,245.0,0,0.03333333333333333,0
91,PAYMENT,17.27,C4026816435,70.19,52.92,M3192202822,0.0,0.0,0,0.0,0
542,TRANSFER,181.98,C6952554500,207.9,25.92,C2370592316,46.25,46.25,1,0.12666666666666668,0
219,CASH_OUT,2906.08,C5759272717,2949.93,43.85,M4242579642,0.0,0.0,1,0.0,0
654,PAYMENT,582.89,C1036351450,149014.98,148432.09,M2541015125,0.0,0.0,0,0.0,0
337,PAYMENT,1.0,C9484167278,0.0,0.0,M6498703287,0.0,0.0,0,0.0,0
16,PAYMENT,167.43,C7928074841,408.04,240.61,M1083302600,0.0,0.0,0,0.0,0
347,PAYMENT,9.09,C8287542751,26.78,17.69,M8964269909,0.0,0.0,0,0.0,0
27,CASH_OUT,1910.94,C7166868574,2175.63,264.69,C4750707607,1083.37,1083.37,1,0.0,0
33,PAYMENT,6.86,C5647317872,8.91,2.05,M2156184315,0.0,0.0,0,0.0,0
244,PAYMENT,1.0,C4102872611,0.0,0.0,M5000316394,0.0,0.0,0,0.0,0
281,TRANSFER,1.0,C4022360089,0.0,0.0,C7472806994,6684.52,6685.52,0,0.0,0
427,CASH_IN,30054.35,C6868336102,134.21,30188.56,C9581991473,127316.42,127316.42,0,0.0,0
661,TRANSFER,12.3,C7666129822,25.91,13.61,C1506211965,0.0,12.3,0,0.16666666666666666,0
210,CASH_IN,1879.2,C4405620755,301.81,2181.01,C6097953682,8.3,8.3,0,0.0,0
441,PAYMENT,1.0,C1654477195,0.0,0.0,M1692044390,0.0,0.0,0,0.0,0
415,TRANSFER,781.78,C8880184233,738.76,0.0,C4636537575,3.71,3.71,1,0.22333333333333333,0
697,DEBIT,1.48,C7185179917,1.81,0.33,M9065458220,0.0,0.0,0,0.05,0
87,PAYMENT,1.0,C4949801453,0.0,0.0,M9043367776,0.0,0.0,0,0.0,0
217,TRANSFER,9489.67,C9441018790,8096.35,0.0,C3734252963,11.61,11.61,1,0.7133333333333334,1
593,TRANSFER,333.44,C7767834064,551.12,217.68,C7668801906,631.58,965.02,0,0.03333333333333333,0
639,CASH_OUT,19537.78,C8763140509,21057.54,1519.76,M7664045502,0.0,0.0,1,0.016666666666666666,0
423,TRANSFER,122.83,C2612579345,490.39,367.56,C3792347639,45.33,168.16,0,0.04666666666666667,0
307,PAYMENT,1.41,C6496596008,5.37,3.96,M7969674420,0.0,0.0,0,0.0,0
362,TRANSFER,1397.02,C1965067727,1648.18,251.16,C3197757742,0.0,0.0,1,0.14,0
2,PAYMENT,1.0,C6789292252,0.0,0.0,M8235474949,0.0,0.0,0,0.0,0
308,PAYMENT,1.0,C5789617427,0.0,0.0,M6282009986,0.0,0.0,0,0.0,0
233,TRANSFER,1.0,C8380507338,0.0,0.0,C9094089209,227.56,228.56,0,0.04666666666666667,0
574,TRANSFER,66.64,C2770980600,22191.8,22125.16,C8309221034,0.0,66.64,0,0.23666666666666666,0
601,DEBIT,46689.05,C4602080228,116251.38,69562.33,M9977193987,0.0,0.0,0,0.016666666666666666,0
589,TRANSFER,933.79,C1261903104,1091.06,157.27,M8138332494,0.0,0.0,1,0.16333333333333333,0
404,CASH_OUT,1442.76,C9957813353,1737.94,295.18,C9218363978,26.67,26.67,1,0.0033333333333333335,0
549,TRANSFER,711.56,C5515628633,752.75,41.19,C3483827971,0.0,0.0,1,0.17333333333333334,0
504,PAYMENT,1.0,C6186758088,0.0,0.0,M7514017540,0.0,0.0,0,0.0,0
405,TRANSFER,3341.54,C7596745715,3147.95,0.0,C3923823693,3000.56,3000.56,1,0.08,0
156,CASH_OUT,1.0,C4283432667,0.0,0.0,C1149460439,33484.83,33484.83,0,0.0,0
675,PAYMENT,15.56,C4747699292,36.27,20.71,M3846182436,0.0,0.0,0,0.0,0
557,PAYMENT,1.0,C7049001493,0.0,0.0,M8727805468,0.0,0.0,0,0.0,0
24,TRANSFER,392.79,C3117951204,452.31,59.52,C3058982440,441.36,834.15,0,0.006666666666666667,0
103,TRANSFER,1.0,C1383539822,0.0,0.0,C4990452762,6.9,7.9,0,0.19333333333333333,0
413,PAYMENT,24.99,C9305502799,40.25,15.26,M2885370603,0.0,0.0,0,0.0,0
82,PAYMENT,951.92,C2774884818,1116.57,164.65,M5869990861,0.0,0.0,0,0.0,0
38,CASH_OUT,1.0,C2173242669,0.0,0.0,C1322401182,3099.25,3099.25,0,0.0,0
415,PAYMENT,43.1,C2616884203,80.8,37.7,M3208200227,0.0,0.0,0,0.0,0
102,CASH_OUT,3331.45,C3384006407,3136.73,0.0,M3846182436,0.0,0.0,1,0.05,0
211,TRANSFER,547.23,C5931025271,471.23,0.0,C4635552887,387.34,387.34,1,0.013333333333333334,0
670,DEBIT,1.0,C4566852761,0.0,0.0,M6846530109,0.0,0.0,0,0.05,0
675,PAYMENT,5.7,C6470052645,23.27,17.57,M6525576685,0.0,0.0,0,0.0,0
178,PAYMENT,1.0,C8796286443,0.0,0.0,M9043367776,0.0,0.0,0,0.0,0
182,DEBIT,168.41,C3980491761,289.69,121.28,M6999146585,0.0,0.0,0,0.016666666666666666,0
693,PAYMENT,1018.69,C7333678472,1851.1,832.41,M7340036327,0.0,0.0,0,0.0,0
97,TRANSFER,1.0,C6961554653,0.0,0.0,C5667181604,39020.79,39021.79,0,0.0,0
48,CASH_OUT,1.0,C8584566722,0.0,0.0,C7099469983,68.54,68.54,0,0.0,0
673,CASH_OUT,388.85,C2087974350,372.61,0.0,C2014766981,1200.9,1200.9,1,0.05333333333333334,0
320,PAYMENT,26.98,C9147687657,75.86,48.88,M8083396378,0.0,0.0,0,0.0,0
199,PAYMENT,11.88,C4012917912,41.71,29.83,M4329446784,0.0,0.0,0,0.0,0
718,CASH_OUT,5127.64,C5141285960,4928.01,0.0,M8667946580,0.0,0.0,1,0.2733333333333333,0
432,TRANSFER,2728.7,C2087974350,2289.32,0.0,M7512767226,0.0,0.0,1,0.8633333333333333,1
257,CASH_OUT,1307.4,C5800633419,1515.31,207.91,C5151086814,0.0,0.0,1,0.0033333333333333335,0
353,PAYMENT,3.42,C5625980561,4.06,0.64,M3705237613,0.0,0.0,0,0.0,0
565,TRANSFER,61.05,C7402059279,60.69,0.0,M6845287382,0.0,0.0,1,0.23,0
485,PAYMENT,1.96,C3149484176,2.29,0.33,M5087280062,0.0,0.0,0,0.0,0
177,PAYMENT,193.37,C4277422858,421.98,228.61,M5990749811,0.0,0.0,0,0.0,0
527,TRANSFER,1.0,C2176904638,0.0,0.0,C1375899416,131.25,132.25,0,0.12666666666666668,0
391,CASH_OUT,1.0,C1197449658,1.0,0.0,C3951331472,2.09,2.09,0,0.03333333333333333,0
549,CASH_OUT,751.07,C4586784711,1064.7,313.63,C1563524533,138.1,138.1,0,0.03666666666666667,0
557,CASH_OUT,422.52,C2612579345,367.56,0.0,M5000316394,0.0,0.0,1,0.08,0
169,PAYMENT,1.07,C3421719519,1.26,0.19,M6313472215,0.0,0.0,0,0.0,0
185,PAYMENT,89.76,C4159699467,218.28,128.52,M2249831874,0.0,0.0,0,0.0,0
155,TRANSFER,529.68,C8131923452,621.63,91.95,M6313472215,0.0,0.0,1,0.15666666666666668,0
627,PAYMENT,583.79,C8674224347,2822.0,2238.21,M6200141898,0.0,0.0,0,0.0,0
648,TRANSFER,3474.67,C8503368512,4616.73,1142.06,M7230477043,0.0,0.0,1,0.32,0
236,CASH_OUT,927.34,C6122110529,787.55,0.0,M2869931869,0.0,0.0,1,0.11666666666666667,0
444,TRANSFER,1.0,C5296710795,0.0,0.0,C2173242669,0.0,1.0,0,0.22,0
661,PAYMENT,45.52,C5993571693,59.4,13.88,M5937271321,0.0,0.0,0,0.0,0
298,CASH_OUT,38.55,C5375461598,57.1,18.55,C8934927891,270.09,270.09,0,0.0033333333333333335,0
110,PAYMENT,4.65,C3169561289,5.97,1.32,M2773408660,0.0,0.0,0,0.0,0
506,TRANSFER,54.15,C7229869819,66.89,12.74,M5564953924,0.0,0.0,1,0.17666666666666667,0
5,TRANSFER,65.09,C8832617672,80.5,15.41,C2254516608,19.46,84.55,0,0.11666666666666667,0
652,CASH_OUT,3110.46,C4130305126,3372.85,262.39,M5570190774,0.0,0.0,1,0.02666666666666667,0
142,PAYMENT,1.0,C6369130994,0.0,0.0,M5585110649,0.0,0.0,0,0.0,0
358,PAYMENT,1.0,C5028688786,0.0,0.0,M3960136787,0.0,0.0,0,0.0,0
145,CASH_OUT,55.08,C9673185158,62.66,7.58,M6866146362,0.0,0.0,1,0.006666666666666667,0
452,PAYMENT,817.75,C6299224734,2323.57,1505.82,M3660800029,0.0,0.0,0,0.0,0
454,CASH_OUT,215.5,C5364727160,228.23,12.73,C5272119095,0.0,0.0,1,0.056666666666666664,0
295,PAYMENT,80.14,C3088517710,219.68,139.54,M2418407139,0.0,0.0,0,0.0,0
646,TRANSFER,58.56,C8229344434,63.14,4.58,M6011842297,0.0,0.0,1,0.19,0
52,TRANSFER,3441.57,C2439622619,3014.35,0.0,C2068687175,25110.39,28551.96,1,0.006666666666666667,0
353,PAYMENT,1.53,C2825957977,7.45,5.92,M7960713821,0.0,0.0,0,0.0,0
622,PAYMENT,46.27,C9894264595,113.77,67.5,M3705237613,0.0,0.0,0,0.0,0
365,PAYMENT,1.0,C3483827971,0.0,0.0,M5985331805,0.0,0.0,0,0.0,0
272,TRANSFER,684.55,C9471306442,575.52,0.0,C7415801613,2576.69,2576.69,1,0.006666666666666667,0
129,PAYMENT,1.0,C6329589780,0.0,0.0,M3438830691,0.0,0.0,0,0.0,0
281,TRANSFER,3817.06,C7481631841,3561.53,0.0,M3831598303,0.0,0.0,1,0.8266666666666667,1
704,PAYMENT,31.71,C6206015111,39.17,7.46,M2187592160,0.0,0.0,0,0.0,0
393,CASH_OUT,58.91,C8578226896,141.72,82.81,C7915226263,15.39,15.39,0,0.006666666666666667,0
668,CASH_OUT,1.0,C6358023411,0.0,0.0,C7505693643,113.3,113.3,0,0.04666666666666667,0
704,PAYMENT,40.28,C1026224160,60.01,19.73,M2228388623,0.0,0.0,0,0.0,0
614,PAYMENT,1.0,C3815287619,0.0,0.0,M1368287033,0.0,0.0,0,0.0,0
226,TRANSFER,113.83,C3343459102,213.95,100.12,C2149938334,0.0,113.83,0,0.09666666666666666,0
206,PAYMENT,1.0,C1489726608,0.0,0.0,M6790024996,0.0,0.0,0,0.0,0
668,PAYMENT,124.26,C5523703900,1831.06,1706.8,M3534186676,0.0,0.0,0,0.0,0
673,TRANSFER,1757.86,C5759234471,2361.93,604.07,C3768901084,0.0,0.0,1,0.2866666666666667,0
169,TRANSFER,78.76,C7710396573,86.68,7.92,M7713758036,0.0,0.0,1,0.16,0
195,PAYMENT,10773.42,C6955593943,44604.1,33830.68,M2773408660,0.0,0.0,0,0.0,0
630,CASH_OUT,994.33,C3694860228,1254.08,259.75,C1993998848,0.0,0.0,0,0.02666666666666667,0
661,CASH_OUT,1854.03,C4572433066,3699.9,1845.87,C9842186844,51.92,51.92,0,0.02,0
431,PAYMENT,61.54,C7292076361,91.13,29.59,M8858274691,0.0,0.0,0,0.0,0
335,TRANSFER,13808.94,C6645808194,17912.9,4103.96,C4277422858,228.61,14037.55,0,0.0,0
38,PAYMENT,1.93,C4440904834,3.96,2.03,M3960136787,0.0,0.0,0,0.0,0
529,PAYMENT,1.0,C9248574674,0.0,0.0,M3831598303,0.0,0.0,0,0.0,0
214,CASH_OUT,2639.31,C8757570742,2400.08,0.0,C3383331379,5.68,5.68,1,0.056666666666666664,0
277,TRANSFER,2.94,C6443749394,6.78,3.84,C1983297492,82247.66,82250.6,0,0.0,0
598,PAYMENT,4183.27,C9078786223,30915.88,26732.61,M8626371177,0.0,0.0,0,0.0,0
536,CASH_IN,70581.03,C6517150278,3.08,70584.11,C4536306171,41.88,41.88,0,0.0,0
623,CASH_OUT,7466.69,C5945359606,7723.27,256.58,C4683585586,864.44,864.44,1,0.02666666666666667,0
634,CASH_OUT,132.82,C8809871735,133.69,0.87,M1099218439,0.0,0.0,1,0.05333333333333334,0
680,PAYMENT,1.0,C7808938880,0.0,0.0,M2129491690,0.0,0.0,0,0.0,0
123,DEBIT,1.0,C8826851692,0.0,0.0,M8821456242,0.0,0.0,0,0.023333333333333334,0
284,TRANSFER,756.59,C4485356009,867.5,110.91,C5724657556,58.45,58.45,1,0.10333333333333333,0
354,CASH_OUT,3101.47,C3097302637,3705.9,604.43,C3098948446,5.96,5.96,1,0.006666666666666667,0
178,TRANSFER,176.61,C3815389788,334.78,158.17,C9924456994,0.0,176.61,0,0.013333333333333334,0
441,CASH_IN,21240.86,C7666869046,287.73,21528.59,C8906163641,4.17,4.17,0,0.0,0
229,PAYMENT,124.45,C9463197203,249.37,124.92,M9918338001,0.0,0.0,0,0.0,0
354,PAYMENT,101.98,C8419590655,301.69,199.71,M9065458220,0.0,0.0,0,0.0,0
519,TRANSFER,2044.06,C6982610835,2190.23,146.17,C7625464411,0.0,0.0,1,0.36,0
439,TRANSFER,2.09,C5610783750,3.53,1.44,C5184564874,0.0,2.09,0,0.17666666666666667,0
264,CASH_OUT,1276.61,C5633956194,1580.68,304.07,C1818520766,0.0,0.0,0,0.0033333333333333335,0
352,CASH_OUT,2712.59,C3316787198,2560.55,0.0,C7799567490,234.64,234.64,1,0.10666666666666667,0
353,CASH_OUT,1545.01,C6496933442,2198.39,653.38,M6771941776,0.0,0.0,1,0.013333333333333334,0
589,PAYMENT,34.16,C9245348297,62.95,28.79,M2156184315,0.0,0.0,0,0.0,0
669,TRANSFER,846.52,C5269015757,763.2,0.0,M2885370603,0.0,0.0,1,0.26666666666666666,0
186,PAYMENT,683.07,C5293274004,830.98,147.91,M6313472215,0.0,0.0,0,0.0,0
658,CASH_OUT,1.0,C4590711152,0.0,0.0,C4440904834,2.03,2.03,0,0.05333333333333334,0
449,TRANSFER,2693.19,C6562457052,2589.29,0.0,M4035639663,0.0,0.0,1,0.87,1
235,PAYMENT,909.05,C2620054076,1167.48,258.43,M7192742877,0.0,0.0,0,0.0,0
265,PAYMENT,18.33,C5254923696,31.25,12.92,M9098037639,0.0,0.0,0,0.0,0
33,CASH_OUT,2582.71,C8943866829,2706.04,123.33,M2586712032,0.0,0.0,1,0.0033333333333333335,0
71,CASH_OUT,3808.21,C1913706213,4161.73,353.52,M9581187661,0.0,0.0,1,0.0,0
436,CASH_OUT,3154.65,C6698759353,3786.04,631.39,M9590331226,0.0,0.0,1,0.043333333333333335,0
708,TRANSFER,32316.28,C6887132821,27566.98,0.0,C7249213370,0.0,32316.28,1,0.09,0
14,PAYMENT,92.53,C5633956194,304.07,211.54,M5564953924,0.0,0.0,0,0.0,0
716,PAYMENT,1.0,C1521521078,0.0,0.0,M4306983924,0.0,0.0,0,0.0,0
309,TRANSFER,13.75,C4460967357,36.81,23.06,C9573276057,238.28,252.03,0,0.0,0
18,PAYMENT,12.48,C8168204967,18.76,6.28,M4158643786,0.0,0.0,0,0.0,0
260,PAYMENT,281.08,C3746317213,514.07,232.99,M2155671697,0.0,0.0,0,0.0,0
170,CASH_OUT,4.45,C6131005449,13.38,8.93,C9333798503,0.97,0.97,0,0.0,0
291,TRANSFER,2910.58,C8703867299,3152.01,241.43,C4470591645,44.27,2954.85,1,0.006666666666666667,0
712,TRANSFER,233.44,C7061419749,220.39,0.0,C5512036684,0.0,0.0,1,0.22,0
94,CASH_OUT,1.0,C2578662692,0.0,0.0,C4067961943,1.0,1.0,0,0.0033333333333333335,0
500,PAYMENT,15.18,C2984460654,23.95,8.77,M3846182436,0.0,0.0,0,0.0,0
425,CASH_OUT,5634.39,C3434757387,4735.21,0.0,C6128695961,15892.55,15892.55,1,0.12333333333333334,0
224,TRANSFER,393.16,C9437783771,457.39,64.23,M7951820749,0.0,0.0,1,0.16,0
73,TRANSFER,1.0,C6458544482,0.0,0.0,C5087357728,0.0,1.0,0,0.23333333333333334,0
692,TRANSFER,10822.87,C9547119184,22499.72,11676.85,C1399546384,0.0,10822.87,0,0.0,0
495,TRANSFER,97.23,C4131575764,213.65,116.42,C2802141793,0.0,97.23,0,0.14666666666666667,0
229,TRANSFER,34.37,C7949795085,127.92,93.55,C5870268582,2146.16,2180.53,0,0.0,0
623,TRANSFER,2300.99,C5625980561,3056.08,755.09,M6247463262,0.0,0.0,1,0.29333333333333333,0
361,DEBIT,1.0,C5952163720,0.0,0.0,M7664045502,0.0,0.0,0,0.04,0
518,CASH_OUT,195.19,C1364994639,621.39,426.2,C2041349374,212.04,212.04,0,0.023333333333333334,0
375,TRANSFER,1.0,C9471306442,0.0,0.0,C6921525436,99.35,100.35,0,0.06666666666666667,0
521,TRANSFER,4499.61,C2394868732,5058.94,559.33,C8906163641,4.17,4503.78,1,0.043333333333333335,0
713,CASH_OUT,2211.53,C2349641712,2153.97,0.0,M9026301048,0.0,0.0,1,0.17,0
87,DEBIT,1.0,C3313993297,0.0,0.0,M9523139706,0.0,0.0,0,0.03,0
650,TRANSFER,3663.8,C7088949191,3660.44,0.0,C3869963931,985.47,985.47,1,0.39,0
145,PAYMENT,1.0,C5306459450,0.0,0.0,M7928143230,0.0,0.0,0,0.0,0
77,TRANSFER,1.8,C5870891270,2.88,1.08,C1322401182,3099.25,3101.05,0,0.0033333333333333335,0
650,CASH_IN,8355.45,C9626333315,4.67,8360.12,C8709361138,159.09,159.09,0,0.0,0
668,CASH_OUT,61.75,C2178158203,71.91,10.16,M7437168216,0.0,0.0,1,0.03,0
360,TRANSFER,863.66,C5884391502,17193.33,16329.67,C7665963761,579.23,1442.89,0,0.006666666666666667,0
257,PAYMENT,1.0,C1725783958,0.0,0.0,M8548290298,0.0,0.0,0,0.0,0
661,TRANSFER,3518.18,C3051831252,3251.79,0.0,M3811254192,0.0,0.0,1,0.9266666666666666,1
383,PAYMENT,6.66,C9618334441,8.61,1.95,M2555936898,0.0,0.0,0,0.0,0
292,DEBIT,90.24,C3075362821,98.9,8.66,M6495967005,0.0,0.0,0,0.02666666666666667,0
437,TRANSFER,1.0,C6012067717,0.0,0.0,C1870644102,20.29,21.29,0,0.18333333333333332,0
82,CASH_OUT,1957.81,C7710396573,2389.33,431.52,C6124453431,0.0,0.0,1,0.0,0
138,PAYMENT,1.94,C6638034087,4.52,2.58,M3355504998,0.0,0.0,0,0.0,0
304,PAYMENT,329.04,C4466589567,1376.28,1047.24,M1888107487,0.0,0.0,0,0.0,0
687,PAYMENT,6454.54,C7127904756,6859.47,404.93,M6651020291,0.0,0.0,0,0.0,0
384,CASH_OUT,147.05,C1083651970,298.11,151.06,C7625464411,0.0,0.0,0,0.013333333333333334,0
50,TRANSFER,128951.01,C6287793163,140173.95,11222.94,C6611356986,10.87,128961.88,0,0.0,0
185,DEBIT,35.61,C2479679716,80.24,44.63,M6525576685,0.0,0.0,0,0.02,0
577,TRANSFER,251.36,C6307626407,529.09,277.73,C9771848610,0.0,251.36,0,0.06333333333333334,0
339,CASH_OUT,1.0,C2247484671,0.0,0.0,C6046864799,85.66,85.66,0,0.013333333333333334,0
10,CASH_OUT,22.85,C6405851839,30.99,8.14,C5754363475,93.35,93.35,0,0.0033333333333333335,0
250,CASH_OUT,1.65,C1431494396,5.74,4.09,C7857580528,226.93,226.93,0,0.01,0
589,PAYMENT,1.0,C3841827734,0.0,0.0,M3811254192,0.0,0.0,0,0.0,0
168,TRANSFER,5059.06,C7808938880,4409.36,0.0,M3297681898,0.0,0.0,1,0.76,1
85,TRANSFER,3231.9,C9539945315,2860.8,0.0,C3746317213,232.99,3464.89,1,0.07,0
621,TRANSFER,5947.66,C1939042955,24728.4,18780.74,C5183211669,201.1,6148.76,0,0.0033333333333333335,0
111,PAYMENT,1.0,C4914929023,2.61,1.61,M8058679999,0.0,0.0,0,0.0,0
405,PAYMENT,96.1,C6474354351,113.28,17.18,M2635881694,0.0,0.0,0,0.0,0
706,TRANSFER,5.96,C9673185158,7.58,1.62,C3117951204,59.52,65.48,0,0.14,0
428,CASH_OUT,2930.63,C1322401182,3101.05,170.42,M4242579642,0.0,0.0,1,0.056666666666666664,0
10,PAYMENT,1.49,C2419931729,1.56,0.07,M5067400473,0.0,0.0,0,0.0,0
27,PAYMENT,1509.49,C6477862024,4002.58,2493.09,M6744039057,0.0,0.0,0,0.0,0
200,PAYMENT,1.0,C5638860656,0.0,0.0,M7951820749,0.0,0.0,0,0.0,0
391,TRANSFER,1.0,C2830154607,0.0,0.0,C9987064419,33.46,34.46,0,0.16,0
298,PAYMENT,1.0,C8926438617,1.0,0.0,M8858274691,0.0,0.0,0,0.0,0
573,PAYMENT,1.0,C3196545325,0.0,0.0,M6045729129,0.0,0.0,0,0.0,0
184,PAYMENT,1.54,C3791815554,1.72,0.18,M6284297249,0.0,0.0,0,0.0,0
417,CASH_OUT,768.36,C3421719519,880.2,111.84,M7570511906,0.0,0.0,1,0.09666666666666666,0
148,TRANSFER,14.16,C4422700486,47.88,33.72,C9751963589,0.49,14.65,0,0.14666666666666667,0
504,CASH_OUT,1.0,C2753617371,0.0,0.0,C4147025728,131900.87,131900.87,0,0.0,0
671,TRANSFER,1.0,C3891796055,0.0,0.0,C4627032705,3.04,4.04,0,0.21333333333333335,0
377,TRANSFER,1.0,C1707196784,0.0,0.0,C6128695961,15892.55,15893.55,0,0.0,0
584,PAYMENT,1.0,C7186766399,0.0,0.0,M5794335854,0.0,0.0,0,0.0,0
91,TRANSFER,190.59,C8902275119,203.27,12.68,C7620473079,356.63,356.63,1,0.01,0
592,PAYMENT,20427.06,C7666869046,21528.59,1101.53,M9640701016,0.0,0.0,0,0.0,0
209,TRANSFER,1.0,C2612579345,0.0,0.0,C3271361431,1.0,2.0,0,0.23,0
169,TRANSFER,4614.95,C3127657643,4549.84,0.0,C2224363672,789.65,789.65,1,0.14666666666666667,0
426,CASH_OUT,1306.2,C1430073711,1806.65,500.45,C5307145891,2.85,2.85,1,0.04666666666666667,0
359,PAYMENT,137.89,C9771848610,251.36,113.47,M2115406331,0.0,0.0,0,0.0,0
198,PAYMENT,218.76,C4277581356,410.37,191.61,M8058679999,0.0,0.0,0,0.0,0
237,PAYMENT,6.62,C5868640848,16.18,9.56,M2228388623,0.0,0.0,0,0.0,0
595,PAYMENT,1.0,C2419931729,0.07,0.0,M9558906999,0.0,0.0,0,0.0,0
615,CASH_OUT,60.29,C3479708607,75.26,14.97,M1343875431,0.0,0.0,1,0.03666666666666667,0
427,PAYMENT,14.95,C8309221034,66.64,51.69,M9576264323,0.0,0.0,0,0.0,0
714,PAYMENT,1.0,C1110724913,0.0,0.0,M7664045502,0.0,0.0,0,0.0,0
149,PAYMENT,1.0,C1127978094,0.0,0.0,M2885370603,0.0,0.0,0,0.0,0
668,DEBIT,1.0,C3095318649,0.0,0.0,M3636366799,0.0,0.0,0,0.05,0
695,PAYMENT,1.0,C7508522951,1.26,0.26,M3831598303,0.0,0.0,0,0.0,0
82,PAYMENT,1.3,C3304560537,4.68,3.38,M3119908041,0.0,0.0,0,0.0,0
23,PAYMENT,44.61,C9098129449,105.46,60.85,M9900829971,0.0,0.0,0,0.0,0
435,PAYMENT,13.5,C6557907251,41.41,27.91,M4820942294,0.0,0.0,0,0.0,0
489,TRANSFER,1229.21,C5689870435,1107.17,0.0,C2647489402,9.18,9.18,1,0.42333333333333334,0
675,TRANSFER,13.84,C1439427140,16.81,2.97,C7623575561,6.36,20.2,0,0.15,0
421,PAYMENT,1.0,C6656646925,0.0,0.0,M1783432867,0.0,0.0,0,0.0,0
690,PAYMENT,427.62,C6081137534,726.94,299.32,M7702529931,0.0,0.0,0,0.0,0
44,CASH_OUT,3401.34,C3400244542,4677.37,1276.03,C6952291828,0.0,0.0,1,0.0,0
581,PAYMENT,10.54,C3587283948,141164.45,141153.91,M5067400473,0.0,0.0,0,0.0,0
645,TRANSFER,1471.99,C7292076361,1301.06,0.0,C1725783958,0.0,1471.99,1,0.25,0
549,CASH_OUT,25.64,C6300607425,27.54,1.9,C5284391408,1.29,1.29,0,0.04666666666666667,0
423,CASH_OUT,844.31,C3869963931,985.47,141.16,C5162260671,0.0,0.0,1,0.056666666666666664,0
677,CASH_IN,131602.02,C4719780110,825.95,132427.97,C1749459431,0.0,0.0,0,0.0,0
620,PAYMENT,1.0,C6725038117,0.0,0.0,M1908459040,0.0,0.0,0,0.0,0
89,PAYMENT,2.36,C4993808565,3.85,1.49,M6053489772,0.0,0.0,0,0.0,0
69,DEBIT,1.0,C4040409964,0.0,0.0,M3705237613,0.0,0.0,0,0.02666666666666667,0
548,CASH_OUT,2348.32,C2476831585,2783.59,435.27,C2850820685,0.0,0.0,1,0.023333333333333334,0
129,PAYMENT,1.0,C4566852761,0.0,0.0,M4460319291,0.0,0.0,0,0.0,0
34,PAYMENT,143.18,C6704841644,593.97,450.79,M9631695368,0.0,0.0,0,0.0,0
552,PAYMENT,1.0,C9805620900,0.0,0.0,M9933702652,0.0,0.0,0,0.0,0
46,PAYMENT,152.73,C8695129534,264.4,111.67,M5412437658,0.0,0.0,0,0.0,0
320,DEBIT,13.17,C5578056564,21.5,8.33,M2910594463,0.0,0.0,0,0.023333333333333334,0
623,PAYMENT,7.31,C3144490990,31.01,23.7,M5959736235,0.0,0.0,0,0.0,0
223,PAYMENT,34.86,C7088451458,245.0,210.14,M7532669066,0.0,0.0,0,0.0,0
619,CASH_OUT,28888.51,C8636525027,36859.38,7970.87,C2041349374,212.04,212.04,0,0.013333333333333334,0
214,TRANSFER,207.58,C7767834064,217.68,10.1,M4952177946,0.0,0.0,1,0.16333333333333333,0
233,TRANSFER,58102.22,C9318010743,55195.17,0.0,M1099218439,0.0,0.0,1,0.7433333333333333,1
433,PAYMENT,172.78,C2756070122,237.29,64.51,M6606958660,0.0,0.0,0,0.0,0
662,TRANSFER,344.75,C3520417815,1300.64,955.89,C4997866845,64.13,408.88,0,0.06,0
379,TRANSFER,32.22,C5884080139,96.95,64.73,C9250327663,150.55,182.77,0,0.02666666666666667,0
249,CASH_OUT,1.0,C9085085822,0.0,0.0,C9523104008,8113.42,8113.42,0,0.0033333333333333335,0
133,PAYMENT,1.0,C8493451569,2.39,1.39,M6282009986,0.0,0.0,0,0.0,0
559,CASH_OUT,1.0,C4586139213,0.0,0.0,C8833399096,0.0,0.0,0,0.06,0
634,CASH_OUT,1510.41,C6425814872,1674.53,164.12,C1375899416,132.25,132.25,1,0.023333333333333334,0
518,TRANSFER,615.21,C4203205881,695.84,80.63,C3550908958,0.0,0.0,1,0.17333333333333334,0
259,PAYMENT,29.89,C4564751926,56.94,27.05,M5869990861,0.0,0.0,0,0.0,0
599,TRANSFER,1425.79,C3550908958,1850.7,424.91,C4277422858,14037.55,14037.55,1,0.006666666666666667,0
49,TRANSFER,5084.3,C6754503097,4661.83,0.0,M4329446784,0.0,0.0,1,0.7833333333333333,1
513,PAYMENT,1.0,C3434757387,0.0,0.0,M1185303518,0.0,0.0,0,0.0,0
279,CASH_OUT,427.52,C6155234610,471.59,44.07,C2350701477,0.82,0.82,1,0.006666666666666667,0
134,PAYMENT,1.4,C2537965898,2.27,0.87,M5449848690,0.0,0.0,0,0.0,0
486,PAYMENT,1.0,C7059591606,0.0,0.0,M6130446648,0.0,0.0,0,0.0,0
712,CASH_OUT,2990.01,C6317189421,4782.07,1792.06,C3515167269,24.98,24.98,0,0.02,0
620,TRANSFER,36882.86,C3846570058,92714.3,55831.44,C3019214800,63.96,36946.82,0,0.0,0
540,PAYMENT,63.2,C5584288132,72.15,8.95,M8861351706,0.0,0.0,0,0.0,0
534,CASH_OUT,2677.41,C3693985578,2416.57,0.0,M3534186676,0.0,0.0,1,0.17333333333333334,0
4,CASH_OUT,2950.78,C3106408413,3052.91,102.13,M4865979921,0.0,0.0,1,0.016666666666666666,0
146,PAYMENT,1.0,C9333798503,0.97,0.0,M7192742877,0.0,0.0,0,0.0,0
332,TRANSFER,931.09,C8880079328,1177.54,246.45,C5704029171,36.36,967.45,1,0.0,0
668,CASH_IN,135510.19,C3933213766,1025.42,136535.61,C6576395496,0.0,0.0,0,0.0,0
512,TRANSFER,6020.03,C7539399243,10893.48,4873.45,C1408988968,29.91,6049.94,0,0.03333333333333333,0
390,PAYMENT,1.0,C9851745648,0.0,0.0,M7960713821,0.0,0.0,0,0.0,0
528,CASH_OUT,12165.75,C3651552513,15083.09,2917.34,C5294535887,0.0,0.0,0,0.016666666666666666,0
159,PAYMENT,1.0,C6204862411,0.0,0.0,M8235474949,0.0,0.0,0,0.0,0
437,DEBIT,23.97,C1602569046,119.75,95.78,M9255306810,0.0,0.0,0,0.02666666666666667,0
450,TRANSFER,3170.38,C1271730355,3025.21,0.0,M8626371177,0.0,0.0,1,0.8966666666666666,1
660,CASH_OUT,59.04,C9894264595,67.5,8.46,C4026379752,4719.39,4719.39,0,0.016666666666666666,0
408,TRANSFER,58.79,C7872090713,66.36,7.57,C9851745648,0.0,58.79,0,0.17666666666666667,0
76,CASH_IN,86932.25,C8075122626,0.0,86932.25,C3781569954,124.28,124.28,0,0.0,0
454,PAYMENT,2632.74,C3589530484,3250.96,618.22,M2916502228,0.0,0.0,0,0.0,0
205,PAYMENT,1.0,C6092773357,0.0,0.0,M2586712032,0.0,0.0,0,0.0,0
590,PAYMENT,671.85,C6488854841,1034.45,362.6,M1083302600,0.0,0.0,0,0.0,0
449,TRANSFER,281.55,C8907752604,252.24,0.0,M3457877922,0.0,0.0,1,0.22666666666666666,0
372,CASH_IN,101380.24,C7475684019,284.73,101664.97,C9410288290,21.02,21.02,0,0.0,0
589,PAYMENT,100.75,C7088451458,210.14,109.39,M8443061472,0.0,0.0,0,0.0,0
697,CASH_OUT,211.59,C8293928340,199.4,0.0,M2129491690,0.0,0.0,1,0.07,0
605,CASH_OUT,1.0,C2073755632,0.0,0.0,C1654602021,111.5,111.5,0,0.05333333333333334,0
243,DEBIT,20488.37,C9078786223,26732.61,6244.24,M8063693463,0.0,0.0,0,0.02,0
679,PAYMENT,16.7,C6069848439,44.71,28.01,M2249831874,0.0,0.0,0,0.0,0
359,PAYMENT,1.0,C6717963562,1.0,0.0,M7341757401,0.0,0.0,0,0.0,0
686,CASH_OUT,1.0,C4040409964,0.0,0.0,C6134840512,0.0,0.0,0,0.056666666666666664,0
112,PAYMENT,288.39,C5183211669,6148.76,5860.37,M4399143287,0.0,0.0,0,0.0,0
640,PAYMENT,1.0,C1792214339,1.0,0.0,M2228388623,0.0,0.0,0,0.0,0
376,PAYMENT,465.17,C4927019611,792.06,326.89,M3476758136,0.0,0.0,0,0.0,0
620,CASH_OUT,1471.98,C6469318275,1946.52,474.54,M1676220116,0.0,0.0,1,0.02666666666666667,0
143,PAYMENT,325.99,C6338036681,390.39,64.4,M1368287033,0.0,0.0,0,0.0,0
438,PAYMENT,1.0,C6691628146,0.07,0.0,M8548290298,0.0,0.0,0,0.0,0
596,PAYMENT,1620.65,C6491309593,31412.52,29791.87,M7341757401,0.0,0.0,0,0.0,0
229,TRANSFER,19.61,C8366884200,44.98,25.37,C6673381261,0.6,20.21,0,0.15666666666666668,0
340,PAYMENT,25.18,C4282810353,28.61,3.43,M3831598303,0.0,0.0,0,0.0,0
99,PAYMENT,379.86,C7464468567,791.04,411.18,M2243802345,0.0,0.0,0,0.0,0
450,TRANSFER,1.0,C1654477195,0.0,0.0,C5184564874,2.09,3.09,0,0.21666666666666667,0
413,PAYMENT,66.93,C9274189261,83.0,16.07,M5694439775,0.0,0.0,0,0.0,0
172,TRANSFER,2870.68,C8617360361,7460.32,4589.64,C1664885408,53045.18,55915.86,0,0.0,0
596,DEBIT,1.0,C3095318649,0.0,0.0,M9822499208,0.0,0.0,0,0.04666666666666667,0
214,PAYMENT,1.0,C8015775567,0.0,0.0,M2115406331,0.0,0.0,0,0.0,0
682,CASH_OUT,17.55,C3691864041,38.09,20.54,C2486744752,657.18,657.18,0,0.023333333333333334,0
489,PAYMENT,30.87,C2870403050,48.84,17.97,M8063693463,0.0,0.0,0,0.0,0
36,CASH_OUT,1171.75,C1818520766,1067.59,0.0,C7568861677,45.0,45.0,1,0.043333333333333335,0
276,CASH_OUT,36.06,C6921525436,100.35,64.29,C5407856339,1.0,1.0,0,0.0033333333333333335,0
302,TRANSFER,260.41,C8902275119,300.5,40.09,M6361225622,0.0,0.0,1,0.15666666666666668,0
233,PAYMENT,85.76,C6469458472,141.25,55.49,M8821456242,0.0,0.0,0,0.0,0
432,PAYMENT,1.0,C3196545325,0.0,0.0,M4158643786,0.0,0.0,0,0.0,0
209,CASH_OUT,2.89,C1558631501,3.13,0.24,C9263135031,331.66,331.66,0,0.0033333333333333335,0
616,CASH_OUT,148.07,C8760642358,248.67,100.6,C1940684569,43.66,43.66,0,0.03,0
65,PAYMENT,1.0,C7640122370,0.0,0.0,M9410569618,0.0,0.0,0,0.0,0
287,PAYMENT,135.54,C5714169271,675.75,540.21,M4093474499,0.0,0.0,0,0.0,0
31,CASH_OUT,395.14,C9508499533,443.98,48.84,M1240140248,0.0,0.0,1,0.0033333333333333335,0
483,PAYMENT,11905.54,C2369705770,96284.33,84378.79,M1306420495,0.0,0.0,0,0.0,0
279,TRANSFER,131.11,C2237386857,317.17,186.06,C5184564874,3.09,134.2,0,0.04666666666666667,0
98,PAYMENT,3532.11,C8137972345,4340.33,808.22,M7366396017,0.0,0.0,0,0.0,0
102,PAYMENT,32.13,C4256292393,50.41,18.28,M6525576685,0.0,0.0,0,0.0,0
355,PAYMENT,195.01,C7517938612,413.48,218.47,M6011842297,0.0,0.0,0,0.0,0
108,PAYMENT,429.54,C1415802902,781.67,352.13,M7282885927,0.0,0.0,0,0.0,0
12,CASH_OUT,5275.19,C4427620889,4896.14,0.0,C8684942020,1.09,1.09,1,0.03,0
203,PAYMENT,1.0,C3185386258,0.0,0.0,M9640701016,0.0,0.0,0,0.0,0
654,TRANSFER,331.94,C8137764127,413.3,81.36,M8728631945,0.0,0.0,1,0.17333333333333334,0
249,CASH_OUT,65.26,C5067245523,78.42,13.16,M5067400473,0.0,0.0,1,0.0033333333333333335,0
398,CASH_OUT,1349.11,C2683446724,1788.84,439.73,C7858937483,327.15,327.15,1,0.01,0
81,TRANSFER,1.0,C8923555411,0.0,0.0,C8295757364,401.31,402.31,0,0.016666666666666666,0
301,CASH_IN,44212.51,C7249213370,32316.28,76528.79,C1050899550,65.75,65.75,0,0.0,0
197,PAYMENT,10134.73,C6582557981,18176.15,8041.42,M7948094928,0.0,0.0,0,0.0,0
137,CASH_OUT,104683.53,C3587283948,141153.91,36470.38,C3147818256,69.3,69.3,1,0.0,0
425,DEBIT,16.72,C9611537583,23.66,6.94,M4896576569,0.0,0.0,0,0.02666666666666667,0
199,PAYMENT,1.0,C7784217828,0.0,0.0,M6247463262,0.0,0.0,0,0.0,0
513,PAYMENT,1.0,C3693985578,0.0,0.0,M7713758036,0.0,0.0,0,0.0,0
113,CASH_OUT,9658.53,C3142452709,19273.41,9614.88,C2148679234,29.24,29.24,0,0.0,0
678,PAYMENT,1.36,C3033747850,3.7,2.34,M7861571879,0.0,0.0,0,0.0,0
515,CASH_IN,67923.38,C5666504394,0.0,67923.38,C4231729466,752.81,752.81,0,0.0,0
335,DEBIT,41.56,C2052811909,123.74,82.18,M3107992942,0.0,0.0,0,0.023333333333333334,0
358,CASH_OUT,1.0,C6369130994,0.0,0.0,C1158998032,11.82,11.82,0,0.023333333333333334,0
717,PAYMENT,1.0,C1818520766,0.0,0.0,M5919148165,0.0,0.0,0,0.0,0
269,PAYMENT,162.96,C5763350700,445.68,282.72,M2155671697,0.0,0.0,0,0.0,0
95,CASH_OUT,105.3,C1245522987,115.98,10.68,M1257854279,0.0,0.0,1,0.0033333333333333335,0
478,PAYMENT,29.38,C7540301973,108.44,79.06,M2839566253,0.0,0.0,0,0.0,0
434,TRANSFER,1.0,C5271453859,0.0,0.0,C5666504394,67923.38,67924.38,0,0.0,0
278,TRANSFER,3.02,C4673457063,4.75,1.73,C1110724913,0.0,3.02,0,0.17666666666666667,0
264,PAYMENT,1.0,C2612579345,0.0,0.0,M8790289305,0.0,0.0,0,0.0,0
203,PAYMENT,213.93,C8184602688,311.81,97.88,M6045729129,0.0,0.0,0,0.0,0
546,CASH_OUT,725.02,C1316756902,776.46,51.44,M9098037639,0.0,0.0,1,0.04,0
451,CASH_OUT,369.97,C8506931282,430.22,60.25,C9409682410,0.0,0.0,0,0.05,0
29,TRANSFER,95.83,C1589582865,113.19,17.36,C5659161352,167.87,263.7,0,0.01,0
457,TRANSFER,242.27,C5673482258,385.54,143.27,C2878930355,32.92,275.19,0,0.04666666666666667,0
505,TRANSFER,3218.17,C5862655247,3183.95,0.0,C1561417687,0.0,0.0,1,0.9366666666666666,1
12,CASH_OUT,15993.29,C7038841740,17632.86,1639.57,M6247463262,0.0,0.0,1,0.0,0
327,CASH_OUT,200.27,C6353758928,169.04,0.0,M4158643786,0.0,0.0,1,0.056666666666666664,0
456,PAYMENT,11.7,C2479679716,44.63,32.93,M6771941776,0.0,0.0,0,0.0,0
646,CASH_OUT,1.0,C7305101214,0.0,0.0,C7648059419,27294.36,27294.36,0,0.013333333333333334,0
53,TRANSFER,44.09,C6777263354,59.63,15.54,M1504729135,0.0,0.0,1,0.16666666666666666,0
285,DEBIT,1.2,C8387664437,4.13,2.93,M2655546199,0.0,0.0,0,0.03333333333333333,0
415,TRANSFER,199.07,C2274350418,903.45,704.38,C2047905204,0.0,199.07,0,0.06,0
374,CASH_OUT,1637.21,C5759761714,1772.36,135.15,C2777816561,0.0,0.0,0,0.016666666666666666,0
7,PAYMENT,32.03,C2370592316,46.25,14.22,M5694439775,0.0,0.0,0,0.0,0
49,DEBIT,6.76,C6673381261,20.21,13.45,M7351460539,0.0,0.0,0,0.02,0
426,PAYMENT,1.0,C7602474923,2.06,1.06,M6275155878,0.0,0.0,0,0.0,0
3,PAYMENT,6580.7,C5607762160,18825.21,12244.51,M2571632270,0.0,0.0,0,0.0,0
405,PAYMENT,1.0,C7100408092,0.0,0.0,M8366710477,0.0,0.0,0,0.0,0
167,PAYMENT,22.12,C6046864799,85.66,63.54,M3297681898,0.0,0.0,0,0.0,0
713,PAYMENT,16574.45,C2020262123,31321.09,14746.64,M6361225622,0.0,0.0,0,0.0,0
465,DEBIT,29.32,C2405746777,105.55,76.23,M6651754819,0.0,0.0,0,0.02666666666666667,0
529,PAYMENT,1.0,C8690920484,0.0,0.0,M7717262223,0.0,0.0,0,0.0,0
589,PAYMENT,1.0,C1287814151,0.0,0.0,M4896576569,0.0,0.0,0,0.0,0
53,CASH_OUT,1758.19,C7508522951,2219.4,461.21,C8285786023,0.0,0.0,1,0.0,0
228,TRANSFER,3415.3,C5461537013,4527.36,1112.06,M3566125120,0.0,0.0,1,0.21333333333333335,0
471,TRANSFER,7.23,C8598503901,18.56,11.33,C1664885408,55915.86,55923.09,0,0.0033333333333333335,0
198,TRANSFER,1.03,C7895255573,2.01,0.98,C9333490239,755.41,756.44,0,0.01,0
24,DEBIT,69.61,C2295574037,81.43,11.82,M3072183247,0.0,0.0,0,0.023333333333333334,0
51,CASH_OUT,13.46,C9717175839,18.37,4.91,C6463640105,7.13,7.13,0,0.0033333333333333335,0
283,PAYMENT,1.0,C5328166990,0.0,0.0,M1908459040,0.0,0.0,0,0.0,0
146,CASH_OUT,639.08,C9454207717,539.45,0.0,M2303835765,0.0,0.0,1,0.11,0
335,CASH_OUT,62.84,C2947476917,85.58,22.74,C6214917780,121.03,121.03,1,0.006666666666666667,0
437,TRANSFER,41710.45,C2137651678,45299.42,3588.97,C8664882079,16117.15,57827.6,0,0.0,0
558,CASH_OUT,1.0,C4471642620,0.0,0.0,C6311894154,138959.91,138959.91,0,0.0,0
247,CASH_OUT,3311.27,C9337145038,3018.63,0.0,M4892544235,0.0,0.0,1,0.08333333333333333,0
125,PAYMENT,4.86,C1952396600,11.48,6.62,M1096405016,0.0,0.0,0,0.0,0
260,CASH_OUT,568.72,C2602884797,763.63,194.91,C2994056084,592.14,592.14,1,0.0033333333333333335,0
29,CASH_OUT,3.95,C3383331379,5.68,1.73,C9381721143,2897.26,2897.26,0,0.0,0
309,PAYMENT,1.0,C3376077463,1.0,0.0,M3536590481,0.0,0.0,0,0.0,0
80,TRANSFER,535.7,C9912233947,717.64,181.94,M6247463262,0.0,0.0,1,0.09,0
700,CASH_OUT,306.06,C1311570307,289.26,0.0,M1458227039,0.0,0.0,1,0.07,0
714,CASH_OUT,312.79,C4997866845,408.88,96.09,C8282534126,125.51,125.51,0,0.02666666666666667,0
75,TRANSFER,2212.74,C1139082827,2241.97,29.23,C7640078465,9.41,9.41,1,0.38,0
17,CASH_OUT,2000.84,C5315211627,1736.04,0.0,M8325043570,0.0,0.0,1,0.03666666666666667,0
184,PAYMENT,1.0,C4471642620,0.0,0.0,M1504729135,0.0,0.0,0,0.0,0
291,TRANSFER,1.0,C9333798503,0.0,0.0,C4073772623,2.27,3.27,0,0.22333333333333333,0
242,PAYMENT,7.27,C7792729530,13.34,6.07,M5734228580,0.0,0.0,0,0.0,0
407,TRANSFER,1762.45,C5421051452,1529.83,0.0,M9020002737,0.0,0.0,1,0.4,0
542,TRANSFER,2806.68,C1657675888,3089.63,282.95,M8768773991,0.0,0.0,1,0.2966666666666667,0
312,TRANSFER,1.0,C8757570742,0.0,0.0,C1657675888,282.95,283.95,0,0.01,0
415,PAYMENT,1.0,C2247484671,0.0,0.0,M2155671697,0.0,0.0,0,0.0,0
32,PAYMENT,1.0,C8313706299,0.53,0.0,M9523139706,0.0,0.0,0,0.0,0
100,PAYMENT,1.0,C4807122420,0.0,0.0,M6992094064,0.0,0.0,0,0.0,0
383,PAYMENT,70.57,C2752536389,94.48,23.91,M6692705133,0.0,0.0,0,0.0,0
4,CASH_OUT,3151.88,C7671625956,3658.91,507.03,C9943959352,4.34,4.34,1,0.013333333333333334,0
326,TRANSFER,12.38,C1834624758,45.46,33.08,C6043349038,67.23,79.61,0,0.08,0
7,CASH_OUT,6702.04,C7418301077,6382.46,0.0,C1408988968,6049.94,6049.94,1,0.023333333333333334,0
686,PAYMENT,1.0,C1099541460,0.0,0.0,M6932365592,0.0,0.0,0,0.0,0
567,TRANSFER,819.87,C1654477195,1133.09,313.22,M6313472215,0.0,0.0,1,0.16333333333333333,0
360,TRANSFER,1.0,C4345526911,0.0,0.0,C2173242669,1.0,2.0,0,0.22,0
34,PAYMENT,1.0,C7597996327,0.0,0.0,M7453081889,0.0,0.0,0,0.0,0
480,TRANSFER,2.09,C2181241943,7.84,5.75,C4864126433,32.13,34.22,0,0.13,0
720,PAYMENT,12341.48,C8318855178,35466.08,23124.6,M2625035499,0.0,0.0,0,0.0033333333333333335,0
660,CASH_OUT,94.63,C3980491761,121.28,26.65,C6081137534,299.32,299.32,1,0.02666666666666667,0
48,TRANSFER,1188.66,C7431813987,1285.92,97.26,M1666898313,0.0,0.0,1,0.19,0
531,CASH_OUT,1516.36,C4914929023,1411.94,0.0,C7083067988,34.22,34.22,1,0.16666666666666666,0
283,TRANSFER,34739.02,C2811967841,122651.24,87912.22,C6618965944,7249.66,41988.68,0,0.0,0
359,PAYMENT,1.0,C2247484671,0.0,0.0,M5325865521,0.0,0.0,0,0.0,0
350,PAYMENT,1.26,C1439427140,2.97,1.71,M3192202822,0.0,0.0,0,0.0,0
296,PAYMENT,1.0,C9454207717,0.0,0.0,M5156392601,0.0,0.0,0,0.0,0
383,TRANSFER,1.0,C2941289685,0.0,0.0,C5607762160,12244.51,12245.51,0,0.0,0
84,TRANSFER,430.89,C5428082088,1020.3,589.41,C6265016831,0.0,430.89,0,0.01,0
185,PAYMENT,1.0,C5744003377,0.0,0.0,M3094407076,0.0,0.0,0,0.0,0
41,TRANSFER,2787.65,C4422700486,3927.06,1139.41,C2254516608,84.55,84.55,1,0.07333333333333333,0
685,PAYMENT,1051.71,C6884333221,82076.36,81024.65,M9026301048,0.0,0.0,0,0.0,0
376,TRANSFER,1992.66,C5523703900,1706.8,0.0,M4399143287,0.0,0.0,1,0.4166666666666667,0
183,PAYMENT,64.52,C1602569046,95.78,31.26,M1999913493,0.0,0.0,0,0.0,0
387,CASH_OUT,3776.71,C6661014794,4811.8,1035.09,C7103588071,65.07,65.07,1,0.006666666666666667,0
358,PAYMENT,1.0,C1691293717,0.0,0.0,M1676220116,0.0,0.0,0,0.0,0
107,TRANSFER,1.0,C3343292475,0.0,0.0,C5625342041,223.18,224.18,0,0.05,0
298,PAYMENT,179.61,C5418232833,253.06,73.45,M9255306810,0.0,0.0,0,0.0,0
250,PAYMENT,1.0,C6098775210,1.0,0.0,M9918338001,0.0,0.0,0,0.0,0
120,CASH_OUT,636.24,C3587283948,36470.38,35834.14,C2962750929,198.49,198.49,0,0.0,0
524,CASH_OUT,504.27,C3806215682,2216.66,1712.39,C5578929439,5.81,5.81,0,0.023333333333333334,0
135,CASH_OUT,2625.15,C4482238042,3451.73,826.58,C3280805846,343.21,343.21,1,0.0033333333333333335,0
155,PAYMENT,11.71,C4012917912,29.83,18.12,M4390543744,0.0,0.0,0,0.0,0
343,CASH_OUT,43.14,C5072538783,73.05,29.91,C7685540186,85.34,85.34,0,0.006666666666666667,0
175,TRANSFER,10620.85,C1614685938,42674.91,32054.06,C3205292512,200.07,10820.92,0,0.0,0
293,PAYMENT,1.39,C5421592782,2.53,1.14,M7230477043,0.0,0.0,0,0.0,0
39,PAYMENT,1.44,C7568861677,45.0,43.56,M9065458220,0.0,0.0,0,0.0,0
639,TRANSFER,14.14,C5310195918,23.1,8.96,C3045102506,8.25,22.39,0,0.14333333333333334,0
134,CASH_OUT,1.42,C4440904834,2.03,0.61,C6674372082,0.0,0.0,0,0.0033333333333333335,0
372,PAYMENT,4658.1,C1408988968,6049.94,1391.84,M9065458220,0.0,0.0,0,0.0,0
269,TRANSFER,47.68,C4277581356,191.61,143.93,C9806189256,227.76,275.44,0,0.0033333333333333335,0
564,CASH_OUT,3468.72,C9630522755,4915.14,1446.42,M1199447370,0.0,0.0,1,0.02,0
368,CASH_OUT,2374.43,C6795522649,2376.63,2.2,C1084790270,9.97,9.97,1,0.07333333333333333,0
501,CASH_OUT,1.0,C7193532615,0.0,0.0,C3088517710,139.54,139.54,0,0.05,0
364,PAYMENT,1.0,C2877279755,0.0,0.0,M2541015125,0.0,0.0,0,0.0,0
382,TRANSFER,43094.5,C8110054933,57357.57,14263.07,M2604788242,0.0,0.0,1,0.22333333333333333,0
563,PAYMENT,1.0,C9974165440,0.0,0.0,M6845287382,0.0,0.0,0,0.0,0
319,PAYMENT,100.22,C6720572969,186.95,86.73,M6732306182,0.0,0.0,0,0.0,0
633,TRANSFER,21.92,C5071897791,35.04,13.12,C7402059279,0.0,21.92,0,0.17333333333333334,0
510,TRANSFER,72.62,C2670036982,67.77,0.0,M8646369354,0.0,0.0,1,0.23333333333333334,0
365,CASH_OUT,7.32,C5071897791,13.12,5.8,C6392415228,0.0,0.0,0,0.013333333333333334,0
436,CASH_OUT,1997.81,C8211516617,2123.44,125.63,M2885370603,0.0,0.0,1,0.07666666666666666,0
466,PAYMENT,25.22,C3884642366,65.66,40.44,M6659847491,0.0,0.0,0,0.0,0
496,TRANSFER,293.92,C2982979741,679.29,385.37,C9123207735,216.77,510.69,0,0.04666666666666667,0
246,CASH_OUT,4170.25,C4939447721,3779.71,0.0,C9945002229,0.0,0.0,1,0.08,0
599,CASH_OUT,5.69,C1121863227,10.38,4.69,C2064803502,179.35,179.35,0,0.03666666666666667,0
311,CASH_IN,8220.41,C3464975279,157.69,8378.1,C3878201524,2.72,2.72,0,0.0,0
493,PAYMENT,51.99,C1667483244,138.18,86.19,M6606958660,0.0,0.0,0,0.0,0
184,TRANSFER,5.16,C9935429720,50038.03,50032.87,C7004964045,0.16,5.32,0,0.16333333333333333,0
445,PAYMENT,1.0,C1004665657,0.0,0.0,M5270048042,0.0,0.0,0,0.0,0
182,TRANSFER,2.36,C2825957977,5.92,3.56,C3853978147,19.47,21.83,0,0.12333333333333334,0
436,TRANSFER,4435.07,C7337225482,3796.99,0.0,C5187948804,329.01,4764.08,1,0.26,0
62,CASH_OUT,85.79,C1674755608,74.19,0.0,C4268713302,0.0,0.0,1,0.013333333333333334,0
223,PAYMENT,123.23,C6588252632,9799.59,9676.36,M6865994703,0.0,0.0,0,0.0,0
99,PAYMENT,207.62,C8033702319,21373.26,21165.64,M6932365592,0.0,0.0,0,0.0,0
516,CASH_IN,44681.82,C6392415228,0.0,44681.82,C8809871735,0.87,0.87,0,0.0,0
182,PAYMENT,9.84,C9623534576,23.95,14.11,M5000316394,0.0,0.0,0,0.0,0
648,PAYMENT,1.0,C7625464411,0.0,0.0,M4641902461,0.0,0.0,0,0.0,0
575,PAYMENT,4.79,C3918046336,6.51,1.72,M4641902461,0.0,0.0,0,0.0,0
395,TRANSFER,23.45,C6719736115,29.6,6.15,C6963052185,0.0,23.45,0,0.15666666666666668,0
598,PAYMENT,3.45,C3734252963,11.61,8.16,M2773408660,0.0,0.0,0,0.0,0
543,PAYMENT,22.7,C6921525436,64.29,41.59,M7948094928,0.0,0.0,0,0.0,0
646,CASH_OUT,121765.97,C4719780110,132427.97,10662.0,M4554178984,0.0,0.0,1,0.013333333333333334,0
490,PAYMENT,32.29,C7685540186,85.34,53.05,M2885370603,0.0,0.0,0,0.0,0
500,TRANSFER,4.5,C9305502799,15.26,10.76,C5297902885,130.03,134.53,0,0.08666666666666667,0
511,PAYMENT,49.12,C2683446724,439.73,390.61,M5959736235,0.0,0.0,0,0.0,0
47,TRANSFER,3445.68,C6402580787,3093.39,0.0,M3636366799,0.0,0.0,1,0.8066666666666666,1
10,TRANSFER,119.79,C1209063208,195.31,75.52,C8285000265,1171.35,1291.14,0,0.006666666666666667,0
719,PAYMENT,28.53,C5693307665,108.87,80.34,M1783432867,0.0,0.0,0,0.0,0
284,PAYMENT,28.01,C4956362540,128754.72,128726.71,M2115862756,0.0,0.0,0,0.0,0
230,TRANSFER,188.69,C6892752604,181.06,0.0,M9255306810,0.0,0.0,1,0.23666666666666666,0
379,CASH_OUT,405.72,C8208643631,385.07,0.0,C7579604766,1.14,1.14,1,0.07333333333333333,0
79,CASH_OUT,1.0,C4277561834,0.0,0.0,C9958044697,350.68,350.68,0,0.006666666666666667,0
701,TRANSFER,1.0,C7895255573,0.98,0.0,C6402580787,0.0,1.0,0,0.22,0
417,TRANSFER,649.63,C7311011808,639.65,0.0,C6214917780,121.03,121.03,1,0.14333333333333334,0
241,DEBIT,8815.88,C8086527181,11738.31,2922.43,M4035639663,0.0,0.0,0,0.02,0
519,TRANSFER,7309.32,C3623588379,6778.29,0.0,C5028688786,0.0,0.0,1,0.95,1
333,CASH_OUT,20.06,C6246716604,24.05,3.99,C7825844140,0.0,0.0,0,0.023333333333333334,0
137,TRANSFER,1.0,C2818381356,1.42,0.42,C5646751885,0.0,1.0,0,0.21333333333333335,0
449,CASH_OUT,1.79,C3878201524,2.72,0.93,C3884642366,40.44,40.44,0,0.06,0
260,CASH_OUT,1.0,C4579265601,0.0,0.0,C8906163641,4503.78,4503.78,0,0.0033333333333333335,0
295,PAYMENT,3.11,C7529817193,6.48,3.37,M6845287382,0.0,0.0,0,0.0,0
342,TRANSFER,588.47,C5201221330,807.22,218.75,M2778069478,0.0,0.0,1,0.1,0
483,PAYMENT,1023.54,C6611356986,128961.88,127938.34,M8874242713,0.0,0.0,0,0.0,0
662,TRANSFER,4096.73,C2168041588,4223.08,126.35,C6576395496,0.0,0.0,1,0.42,0
95,PAYMENT,557.34,C6587537178,946.65,389.31,M7351460539,0.0,0.0,0,0.0,0
23,PAYMENT,1.0,C1205082311,0.0,0.0,M2625035499,0.0,0.0,0,0.0,0
715,TRANSFER,893.84,C5144289583,1229.2,335.36,M4390543744,0.0,0.0,1,0.14333333333333334,0
463,CASH_IN,24006.72,C3587283948,35834.14,59840.86,C3878719791,98.11,98.11,0,0.0,0
333,CASH_OUT,1740.61,C7196439534,1926.14,185.53,M7341757401,0.0,0.0,1,0.01,0
480,TRANSFER,91.91,C4159699467,128.52,36.61,C8394040015,0.0,91.91,0,0.16666666666666666,0
7,CASH_OUT,1.0,C7772180882,0.0,0.0,C7640078465,9.41,9.41,0,0.01,0
305,PAYMENT,14.28,C4012917912,18.12,3.84,M8869140487,0.0,0.0,0,0.0,0
577,PAYMENT,1.0,C4735334423,0.0,0.0,M7343954769,0.0,0.0,0,0.0,0
660,TRANSFER,3742.16,C3420671425,4409.81,667.65,C3734252963,8.16,8.16,1,0.26666666666666666,0
602,CASH_OUT,2594.66,C7772180882,3218.75,624.09,C6587537178,389.31,389.31,1,0.013333333333333334,0
164,PAYMENT,5.0,C3783290795,82.55,77.55,M2916502228,0.0,0.0,0,0.0,0
267,TRANSFER,1.0,C8178927766,0.0,0.0,C3115806625,1300.75,1301.75,0,0.013333333333333334,0
224,DEBIT,1.0,C5284391408,1.29,0.29,M6053489772,0.0,0.0,0,0.03,0
492,TRANSFER,175.14,C7801180691,262.3,87.16,C9434946584,0.0,175.14,0,0.09333333333333334,0
153,TRANSFER,2771.39,C9035194895,2380.04,0.0,C7472806994,6685.52,9456.91,1,0.03,0
519,CASH_IN,423.93,C1614685938,32054.06,32477.99,C9725528903,316.9,316.9,0,0.0,0
455,CASH_OUT,71515.82,C6884333221,81024.65,9508.83,C4040409964,0.0,0.0,0,0.02,0
380,PAYMENT,11.03,C3107125807,182.33,171.3,M5067400473,0.0,0.0,0,0.0,0
308,CASH_OUT,47.81,C7103588071,65.07,17.26,C5606736607,2.23,2.23,1,0.006666666666666667,0
501,PAYMENT,1.0,C2753617371,0.0,0.0,M4093474499,0.0,0.0,0,0.0,0
36,PAYMENT,74.97,C5774080233,118.71,43.74,M2249831874,0.0,0.0,0,0.0,0
74,TRANSFER,3341.31,C5569145346,3261.66,0.0,C9505085936,250.37,250.37,1,0.22666666666666666,0
328,CASH_OUT,11.64,C1288335378,20.32,8.68,C6882074066,138.54,138.54,0,0.0033333333333333335,0
1,PAYMENT,2.91,C6443749394,3.84,0.93,M3595066420,0.0,0.0,0,0.0,0
675,TRANSFER,4.68,C6463640105,7.13,2.45,C7246858055,0.0,4.68,0,0.18,0
165,PAYMENT,1.0,C7556046460,0.0,0.0,M6865994703,0.0,0.0,0,0.0,0
127,CASH_OUT,5297.08,C1644608746,4428.87,0.0,M8740820392,0.0,0.0,1,0.04,0
466,CASH_IN,8867.1,C5515628633,41.19,8908.29,C7451071432,355.57,355.57,0,0.0,0
684,PAYMENT,471.66,C8588769565,560.34,88.68,M3690714075,0.0,0.0,0,0.0,0
209,CASH_OUT,789.87,C7910439839,837.85,47.98,C3365835550,0.0,0.0,0,0.0,0
150,PAYMENT,1.0,C8350384902,0.0,0.0,M1343875431,0.0,0.0,0,0.0,0
679,TRANSFER,1474.47,C9945002229,1275.67,0.0,C4972536230,1.71,1476.18,1,0.24,0
86,DEBIT,41043.93,C7757700186,46766.8,5722.87,M4211837506,0.0,0.0,0,0.013333333333333334,0
389,TRANSFER,9.47,C4864126433,34.22,24.75,C9376277483,0.0,9.47,0,0.15333333333333332,0
405,TRANSFER,34.19,C7935554354,88.08,53.89,C3555656321,0.32,34.51,0,0.17333333333333334,0
431,TRANSFER,954.53,C3987248494,1000.6,46.07,M1999913493,0.0,0.0,1,0.21,0
437,TRANSFER,10.65,C8287542751,17.69,7.04,C7186766399,0.0,10.65,0,0.16333333333333333,0
578,CASH_OUT,564.35,C5913767020,696.74,132.39,M3313346852,0.0,0.0,1,0.03,0
84,CASH_OUT,1.0,C1547374338,0.0,0.0,C7299420031,13179.8,13179.8,0,0.01,0
29,TRANSFER,53.7,C9094089209,228.56,174.86,C2180484299,1.2,54.9,0,0.08,0
33,CASH_IN,3498.96,C6558450990,7.45,3506.41,C9327720702,0.0,0.0,0,0.0,0
366,PAYMENT,186.03,C6336171726,239.79,53.76,M4456193555,0.0,0.0,0,0.0,0
313,PAYMENT,1.0,C7292076361,0.0,0.0,M5985331805,0.0,0.0,0,0.0,0
292,PAYMENT,1.0,C5296710795,0.0,0.0,M4399143287,0.0,0.0,0,0.0,0
453,PAYMENT,1.0,C5750815980,0.0,0.0,M4601406440,0.0,0.0,0,0.0,0
685,PAYMENT,7.25,C1104906255,8.56,1.31,M3369412470,0.0,0.0,0,0.0,0
152,CASH_OUT,940.08,C2174793230,842.8,0.0,C4550353803,0.0,0.0,1,0.08333333333333333,0
29,DEBIT,5374.55,C9523104008,8113.42,2738.87,M6401844042,0.0,0.0,0,0.02,0
238,PAYMENT,344.06,C3109688769,372.77,28.71,M9752092528,0.0,0.0,0,0.0,0
706,PAYMENT,1.0,C5512036684,0.0,0.0,M7340036327,0.0,0.0,0,0.0,0
276,TRANSFER,233.43,C5130589741,204.98,0.0,M3495411322,0.0,0.0,1,0.24,0
57,CASH_OUT,5008.34,C3815287619,4546.05,0.0,C4098389895,41.12,41.12,1,0.03333333333333333,0
686,PAYMENT,334.09,C5972484792,1023.58,689.49,M6495967005,0.0,0.0,0,0.0,0
560,TRANSFER,1.0,C5646880148,0.0,0.0,C2260326267,3126.48,3127.48,0,0.06,0
396,PAYMENT,227.25,C5082603360,781.17,553.92,M1458227039,0.0,0.0,0,0.0,0
630,TRANSFER,103.05,C6099808894,100.26,0.0,C4040409964,0.0,0.0,1,0.24333333333333335,0
454,CASH_IN,28666.23,C7858937483,327.15,28993.38,C9409682410,0.0,0.0,0,0.0,0
466,PAYMENT,6.79,C1045302356,9.77,2.98,M9933702652,0.0,0.0,0,0.0,0
449,PAYMENT,1591.26,C2625792787,16458.62,14867.36,M2187592160,0.0,0.0,0,0.0,0
215,TRANSFER,948.36,C8503368512,1142.06,193.7,C1039262289,22.75,971.11,0,0.0,0
148,CASH_OUT,4502.94,C7825844140,4820.81,317.87,M7537130187,0.0,0.0,1,0.0,0
622,DEBIT,1.0,C9369574998,0.0,0.0,M4093474499,0.0,0.0,0,0.05333333333333334,0
354,TRANSFER,2161.8,C3841827734,2249.55,87.75,M3457877922,0.0,0.0,1,0.38333333333333336,0
156,TRANSFER,73.2,C1251837136,72.91,0.0,C2515672889,1.5,74.7,1,0.22333333333333333,0
319,CASH_OUT,811.68,C7186766399,830.48,18.8,C4361393222,1.0,1.0,1,0.016666666666666666,0
226,TRANSFER,4.98,C5578929439,5.81,0.83,C9953941533,3.61,8.59,0,0.15666666666666668,0
644,PAYMENT,2.01,C4642197907,9.78,7.77,M6045729129,0.0,0.0,0,0.0,0
185,TRANSFER,113.97,C4102821948,126.67,12.7,M5564953924,0.0,0.0,1,0.16666666666666666,0
270,TRANSFER,428.43,C5759234471,604.07,175.64,C9035194895,0.0,428.43,0,0.006666666666666667,0
130,PAYMENT,6.9,C2178158203,10.16,3.26,M2604788242,0.0,0.0,0,0.0,0
156,PAYMENT,59.93,C4638577630,154.91,94.98,M4456193555,0.0,0.0,0,0.0,0
616,DEBIT,1.0,C3738900744,0.0,0.0,M7969674420,0.0,0.0,0,0.05333333333333334,0
200,PAYMENT,2.91,C3098948446,5.96,3.05,M8858274691,0.0,0.0,0,0.0,0
247,CASH_OUT,1409.47,C6092773357,1948.68,539.21,M9896529524,0.0,0.0,1,0.0033333333333333335,0
419,PAYMENT,1.0,C9421518487,1.01,0.01,M3094407076,0.0,0.0,0,0.0,0
632,DEBIT,1.0,C8180620422,0.0,0.0,M7951820749,0.0,0.0,0,0.05333333333333334,0
355,CASH_OUT,752.46,C9370133343,929.61,177.15,M4158643786,0.0,0.0,1,0.013333333333333334,0
525,TRANSFER,3.12,C2546720356,7.4,4.28,C4558302256,59.17,62.29,0,0.13333333333333333,0
613,PAYMENT,8665.28,C6054421752,16313.71,7648.43,M8102481401,0.0,0.0,0,0.0,0
674,CASH_IN,8995.45,C8636525027,7970.87,16966.32,C1431494396,4.09,4.09,0,0.0,0
289,CASH_OUT,1.0,C5028688786,0.0,0.0,C4659306670,52.08,52.08,0,0.013333333333333334,0
463,CASH_OUT,3063.76,C2458198451,3372.08,308.32,C6879428703,399.34,399.34,1,0.04666666666666667,0
282,PAYMENT,6.45,C9433570024,10.82,4.37,M3355504998,0.0,0.0,0,0.0,0
291,TRANSFER,237.62,C3674551397,518.14,280.52,C1526723719,5315.86,5553.48,0,0.0,0
87,CASH_OUT,1.0,C8076527214,0.0,0.0,C9263135031,331.66,331.66,0,0.006666666666666667,0
117,PAYMENT,3242.51,C5183211669,5860.37,2617.86,M9640701016,0.0,0.0,0,0.0,0
481,PAYMENT,1.0,C3297096148,0.26,0.0,M2518433834,0.0,0.0,0,0.0,0
687,PAYMENT,20810.48,C3893976444,73380.29,52569.81,M9398575277,0.0,0.0,0,0.0,0
432,TRANSFER,1.0,C7627266377,0.0,0.0,C5492496998,47.29,48.29,0,0.16,0
94,PAYMENT,263.91,C3058982440,834.15,570.24,M2586712032,0.0,0.0,0,0.0,0
20,PAYMENT,32.75,C4536306171,41.88,9.13,M5714658227,0.0,0.0,0,0.0,0
360,DEBIT,1.0,C4102872611,0.0,0.0,M5891831621,0.0,0.0,0,0.04,0
550,TRANSFER,4367.65,C8370987661,4106.19,0.0,C4990452762,7.9,7.9,1,0.8466666666666667,1
463,TRANSFER,3120.39,C1251837136,2813.75,0.0,C3975704877,68.9,68.9,1,0.65,1
187,CASH_IN,145997.53,C4919706735,131.25,146128.78,C6242173772,0.0,0.0,0,0.0,0
468,PAYMENT,108.43,C7166868574,264.69,156.26,M8858274691,0.0,0.0,0,0.0,0
388,TRANSFER,132.67,C4322510552,119.62,0.0,C3653594796,0.0,0.0,1,0.23,0
303,DEBIT,190.35,C2400094541,243.7,53.35,M5535650160,0.0,0.0,0,0.02,0
187,CASH_OUT,1136.32,C3796581976,1267.47,131.15,C5492496998,48.29,48.29,1,0.0,0
409,PAYMENT,84.82,C9924456994,176.61,91.79,M4035639663,0.0,0.0,0,0.0,0
88,PAYMENT,14.46,C5696548897,42.21,27.75,M2155671697,0.0,0.0,0,0.0,0
26,PAYMENT,1.0,C4015479599,0.0,0.0,M7928143230,0.0,0.0,0,0.0,0
54,CASH_OUT,2.75,C4500557310,47845.7,47842.95,C4930438209,24.26,24.26,0,0.0,0
696,PAYMENT,163.15,C9573276057,252.03,88.88,M8964269909,0.0,0.0,0,0.0,0
217,PAYMENT,9632.27,C2068687175,28551.96,18919.69,M3355504998,0.0,0.0,0,0.0,0
45,PAYMENT,7.5,C3744446292,18.48,10.98,M3119908041,0.0,0.0,0,0.0,0
585,TRANSFER,86060.85,C8075122626,86932.25,871.4,M3831598303,0.0,0.0,1,0.33666666666666667,0
677,DEBIT,292.84,C7403028869,647.63,354.79,M1096405016,0.0,0.0,0,0.023333333333333334,0
156,PAYMENT,1.0,C1383539822,0.0,0.0,M8144352013,0.0,0.0,0,0.0,0
448,CASH_OUT,1.0,C6317152031,0.0,0.0,C8287542751,7.04,7.04,0,0.08333333333333333,0
189,PAYMENT,635.18,C2268523764,745.83,110.65,M5087280062,0.0,0.0,0,0.0,0
688,CASH_OUT,1.0,C7645527239,0.0,0.0,C4466589567,1047.24,1047.24,0,0.04,0
601,CASH_OUT,51.14,C2780016559,96.74,45.6,C7799567490,234.64,234.64,0,0.03,0
578,CASH_OUT,24.47,C5455441991,27.04,2.57,C7505693643,113.3,113.3,0,0.03666666666666667,0
532,TRANSFER,7.79,C3910678913,23.7,15.91,C5269015757,0.0,7.79,0,0.17,0
672,TRANSFER,211.51,C5144289583,335.36,123.85,C7706193636,440.34,651.85,0,0.04,0
334,CASH_OUT,60.52,C4026816435,52.92,0.0,C2952996248,0.29,0.29,1,0.03333333333333333,0
543,TRANSFER,2370.2,C4745927824,3256.6,886.4,M5919148165,0.0,0.0,1,0.2833333333333333,0
358,PAYMENT,17.08,C4256292393,18.28,1.2,M8626371177,0.0,0.0,0,0.0,0
118,PAYMENT,18.46,C6338036681,64.4,45.94,M7960713821,0.0,0.0,0,0.0,0
351,TRANSFER,8047.31,C6588252632,9676.36,1629.05,C2953462417,9194.97,9194.97,1,0.0,0
50,CASH_OUT,2486.56,C3426665919,2458.04,0.0,M9441870024,0.0,0.0,1,0.043333333333333335,0
672,DEBIT,1.0,C6656646925,0.0,0.0,M4689605624,0.0,0.0,0,0.05,0
137,PAYMENT,17.55,C2180484299,54.9,37.35,M6651020291,0.0,0.0,0,0.0,0
153,PAYMENT,1.0,C1981049082,0.0,0.0,M7537130187,0.0,0.0,0,0.0,0
414,DEBIT,1.0,C3260842187,0.0,0.0,M7453081889,0.0,0.0,0,0.05333333333333334,0
291,CASH_OUT,2166.07,C2549748436,16275.28,14109.21,C3389594115,999.66,999.66,0,0.0033333333333333335,0
525,CASH_OUT,1.0,C4310415016,0.0,0.0,C9929101065,0.27,0.27,0,0.06,0
678,PAYMENT,717.45,C8394198376,1134.41,416.96,M9255306810,0.0,0.0,0,0.0,0
238,TRANSFER,108.01,C3887823121,113.3,5.29,M4554178984,0.0,0.0,1,0.16666666666666666,0
428,PAYMENT,4.77,C8761469117,7.2,2.43,M2571632270,0.0,0.0,0,0.0,0
86,PAYMENT,5685.69,C1378134712,7469.69,1784.0,M9752092528,0.0,0.0,0,0.0,0
279,TRANSFER,1308.38,C2370592316,1102.81,0.0,M6932365592,0.0,0.0,1,0.36333333333333334,0
346,TRANSFER,4245.29,C9911329062,4609.7,364.41,C1484230338,0.0,4245.29,1,0.0033333333333333335,0
509,PAYMENT,1.0,C7311011808,0.0,0.0,M1711271599,0.0,0.0,0,0.0,0
269,CASH_OUT,6502.19,C6923206003,6949.89,447.7,C4914929023,0.0,0.0,0,0.0033333333333333335,0
237,CASH_OUT,50.01,C8083175325,55.27,5.26,C4752171298,1080.84,1080.84,0,0.0033333333333333335,0
367,PAYMENT,213.3,C7620473079,356.63,143.33,M1357561213,0.0,0.0,0,0.0,0
193,TRANSFER,341.91,C4353689019,384.69,42.78,C8313706299,0.0,341.91,0,0.023333333333333334,0
184,PAYMENT,62.94,C3250402001,81.57,18.63,M7651029165,0.0,0.0,0,0.0,0
525,CASH_OUT,40767.77,C1717346250,120508.35,79740.58,C7369118672,0.7,0.7,0,0.01,0
443,CASH_OUT,514.42,C4102821948,499.99,0.0,M8858274691,0.0,0.0,1,0.21666666666666667,0
63,TRANSFER,1236.4,C1710924824,1099.56,0.0,C8117478955,0.0,1236.4,1,0.09,0
29,TRANSFER,217.14,C8235717104,283.73,66.59,C1639509845,0.0,217.14,0,0.06333333333333334,0
708,CASH_OUT,54.01,C8823677798,70.05,16.04,C8478529823,238.83,238.83,0,0.02666666666666667,0
358,PAYMENT,1.0,C5419627962,0.0,0.0,M8325043570,0.0,0.0,0,0.0,0
59,TRANSFER,193.31,C9868845806,655.59,462.28,C7470843264,0.0,193.31,0,0.02666666666666667,0
72,CASH_OUT,39.03,C2452066459,75.2,36.17,C3178995337,0.0,0.0,0,0.0033333333333333335,0
584,PAYMENT,8.31,C7150970643,14.11,5.8,M2418407139,0.0,0.0,0,0.0,0
382,TRANSFER,14.53,C1065857791,16.71,2.18,C4506639908,33.76,48.29,0,0.11666666666666667,0
473,TRANSFER,789.29,C3389594115,999.66,210.37,C1091729577,0.0,0.0,1,0.15,0
700,CASH_IN,16939.63,C1487258103,0.0,16939.63,C8879525611,180.93,180.93,0,0.0,0
564,CASH_OUT,495.69,C1513003815,553.58,57.89,C8168036130,14.27,14.27,1,0.03333333333333333,0
259,TRANSFER,110.35,C2289624427,327.38,217.03,C6186758088,0.0,110.35,0,0.04666666666666667,0
531,PAYMENT,1170.78,C9411532909,1264.47,93.69,M9020002737,0.0,0.0,0,0.0,0
199,PAYMENT,140.5,C6447717367,413.24,272.74,M2303835765,0.0,0.0,0,0.0,0
578,TRANSFER,3123.36,C2854772804,4207.26,1083.9,M7570511906,0.0,0.0,1,0.30333333333333334,0
344,TRANSFER,50646.37,C5058691146,61136.21,10489.84,M8821456242,0.0,0.0,1,0.22333333333333333,0
119,CASH_OUT,10769.86,C1225953184,12079.6,1309.74,M7750131975,0.0,0.0,1,0.0,0
30,TRANSFER,1.0,C8375996697,0.0,0.0,C3869963931,141.16,142.16,0,0.04666666666666667,0
445,TRANSFER,3108.82,C2830154607,3378.73,269.91,C7015992643,0.0,0.0,1,0.30333333333333334,0
375,DEBIT,67.55,C7488943393,155.3,87.75,M7168105904,0.0,0.0,0,0.02,0
304,TRANSFER,128.11,C9771848610,113.47,0.0,C1306702926,168.88,168.88,1,0.04666666666666667,0
104,PAYMENT,76.21,C2431779064,333.0,256.79,M8727805468,0.0,0.0,0,0.0,0
383,CASH_OUT,1.0,C6961554653,0.0,0.0,C5933179746,1908.55,1908.55,0,0.01,0
186,CASH_OUT,4476.74,C9471306442,4535.16,58.42,M8778927211,0.0,0.0,1,0.0,0
140,CASH_OUT,244.05,C1248786714,527.54,283.49,C7801948900,33621.37,33621.37,0,0.0033333333333333335,0
41,DEBIT,7.89,C5364727160,12.73,4.84,M6771941776,0.0,0.0,0,0.023333333333333334,0
141,PAYMENT,176.13,C8313706299,341.91,165.78,M7351460539,0.0,0.0,0,0.0,0
75,TRANSFER,119.31,C6640801643,122.28,2.97,M8325043570,0.0,0.0,1,0.17666666666666667,0
47,PAYMENT,189.79,C1408988968,1391.84,1202.05,M7713758036,0.0,0.0,0,0.0,0
463,CASH_OUT,2586.42,C2479679716,2886.67,300.25,M5067400473,0.0,0.0,1,0.05333333333333334,0
494,PAYMENT,41.08,C4277581356,143.93,102.85,M3605446007,0.0,0.0,0,0.0,0
184,CASH_OUT,1.0,C1561417687,0.0,0.0,C2591589823,23.07,23.07,0,0.01,0
316,PAYMENT,694.85,C4972536230,1476.18,781.33,M9410569618,0.0,0.0,0,0.0,0
406,TRANSFER,1.0,C1225447588,0.0,0.0,C4750707607,1083.37,1084.37,0,0.023333333333333334,0
232,TRANSFER,1851.04,C2094024844,2397.55,546.51,C8351491401,0.0,0.0,1,0.19333333333333333,0
662,TRANSFER,3347.24,C2540492440,4489.87,1142.63,M8063693463,0.0,0.0,1,0.31,0
517,PAYMENT,79.32,C2878930355,275.19,195.87,M9631695368,0.0,0.0,0,0.0,0
611,TRANSFER,135.83,C9730449971,169.7,33.87,M2869931869,0.0,0.0,1,0.17333333333333334,0
693,TRANSFER,4362.74,C1173215225,4526.66,163.92,C2308496151,77848.95,77848.95,1,0.0033333333333333335,0
576,TRANSFER,110.59,C5613655595,108.11,0.0,M1096405016,0.0,0.0,1,0.24,0
713,TRANSFER,97.01,C5759761714,135.15,38.14,C9704383251,156.72,253.73,0,0.06,0
390,PAYMENT,421.05,C6469318275,474.54,53.49,M7270955446,0.0,0.0,0,0.0,0
119,CASH_IN,123420.17,C3476426797,0.0,123420.17,C7242730249,0.0,0.0,0,0.0,0
590,CASH_OUT,6.64,C2513206988,27.47,20.83,C8940731272,0.0,0.0,0,0.03333333333333333,0
287,PAYMENT,8.72,C3874432021,11.16,2.44,M3223687972,0.0,0.0,0,0.0,0
350,CASH_OUT,1127.52,C1725783958,1471.99,344.47,C9420979586,64610.15,64610.15,1,0.0033333333333333335,0
277,CASH_OUT,1.0,C4015479599,0.0,0.0,C3346569443,14.27,14.27,0,0.023333333333333334,0
25,CASH_OUT,1.0,C4735313433,0.0,0.0,C4633257620,23.87,23.87,0,0.0,0
254,PAYMENT,91.67,C1913706213,353.52,261.85,M8728631945,0.0,0.0,0,0.0,0
104,TRANSFER,1.0,C9844874547,0.0,0.0,C8429141456,0.0,1.0,0,0.22666666666666666,0
242,TRANSFER,4583.19,C4693510920,9219.76,4636.57,C6892752604,0.0,4583.19,0,0.0,0
472,PAYMENT,282.17,C2854772804,1083.9,801.73,M3438830691,0.0,0.0,0,0.0,0
552,TRANSFER,6.83,C3734252963,8.16,1.33,C8235717104,66.59,73.42,0,0.14,0
676,TRANSFER,845.61,C9067664957,707.06,0.0,M1504729135,0.0,0.0,1,0.26,0
6,TRANSFER,107.31,C3815389788,158.17,50.86,C4572433066,1845.87,1953.18,0,0.006666666666666667,0
293,PAYMENT,2158.61,C5333183840,2853.47,694.86,M1083302600,0.0,0.0,0,0.0,0
568,PAYMENT,1.0,C8833399096,0.0,0.0,M6495967005,0.0,0.0,0,0.0,0
667,TRANSFER,1.0,C8236361108,0.0,0.0,C9516893896,6915.98,6916.98,0,0.04,0
594,CASH_OUT,629.75,C5689870435,632.17,2.42,M7651029165,0.0,0.0,1,0.08666666666666667,0
671,DEBIT,1.0,C1818112342,0.0,0.0,M6771941776,0.0,0.0,0,0.05,0
712,CASH_OUT,1604.15,C6797174636,1504.41,0.0,C3894673596,933.11,933.11,1,0.13666666666666666,0
547,PAYMENT,1.0,C1707196784,0.0,0.0,M7713758036,0.0,0.0,0,0.0,0
458,TRANSFER,12.95,C9410288290,21.02,8.07,C3738900744,0.0,12.95,0,0.16333333333333333,0
134,PAYMENT,208.16,C6852312425,689.31,481.15,M7192742877,0.0,0.0,0,0.0,0
51,PAYMENT,1.0,C5729866281,0.0,0.0,M1811839103,0.0,0.0,0,0.0,0
240,PAYMENT,1.0,C5087357728,1.0,0.0,M6763471833,0.0,0.0,0,0.0,0
233,TRANSFER,60.92,C9904586976,94.69,33.77,C6128695961,15893.55,15954.47,0,0.0033333333333333335,0
503,CASH_OUT,1.0,C1116402431,0.0,0.0,C9285415473,15.13,15.13,0,0.05333333333333334,0
363,DEBIT,1.0,C1792214339,0.0,0.0,M4892544235,0.0,0.0,0,0.04,0
111,PAYMENT,1.0,C2801177461,0.0,0.0,M6515490818,0.0,0.0,0,0.0033333333333333335,0
484,PAYMENT,574.6,C8382488970,960.55,385.95,M3156792018,0.0,0.0,0,0.0,0
190,TRANSFER,1.0,C6725038117,0.0,0.0,C7534583219,4312.11,4313.11,0,0.0,0
61,PAYMENT,804.98,C4750707607,1084.37,279.39,M5449848690,0.0,0.0,0,0.0,0
641,TRANSFER,3681.74,C4765583254,3261.23,0.0,M1504729135,0.0,0.0,1,0.9533333333333334,1
203,CASH_OUT,7186.57,C2304963614,8227.72,1041.15,C3722583581,2819.53,2819.53,0,0.0,0
468,CASH_OUT,3012.82,C6317889312,3322.7,309.88,C2149938334,113.83,113.83,1,0.05333333333333334,0
566,CASH_OUT,3896.61,C1139082827,3961.93,65.32,C7910817577,0.0,0.0,1,0.05333333333333334,0
682,CASH_OUT,98.11,C8691288568,112.72,14.61,C6089026099,254.21,254.21,0,0.023333333333333334,0
92,CASH_OUT,119.64,C8419590655,199.71,80.07,C9533595495,0.92,0.92,0,0.0033333333333333335,0
68,CASH_OUT,136.35,C1965067727,251.16,114.81,C5696548897,27.75,27.75,0,0.0033333333333333335,0
540,CASH_OUT,197.51,C9963334018,179.34,0.0,M3156792018,0.0,0.0,1,0.07333333333333333,0
685,TRANSFER,388.22,C3280805846,343.21,0.0,M5585110649,0.0,0.0,1,0.22666666666666666,0
627,DEBIT,25629.98,C7560389844,132205.88,106575.9,M8443061472,0.0,0.0,0,0.02,0
719,TRANSFER,3664.71,C5567816720,4167.49,502.78,M7960713821,0.0,0.0,1,0.29,0
66,CASH_OUT,4113.98,C9392707144,3974.11,0.0,M3965860354,0.0,0.0,1,0.043333333333333335,0
662,TRANSFER,1.0,C7760554363,0.0,0.0,C8578226896,82.81,83.81,0,0.16333333333333333,0
20,CASH_OUT,1553.14,C5898890707,1672.49,119.35,M6820149016,0.0,0.0,1,0.0,0
600,PAYMENT,1.0,C7551874474,0.0,0.0,M8325043570,0.0,0.0,0,0.0,0
198,TRANSFER,68.23,C5071218314,75.38,7.15,C1741134891,0.0,68.23,0,0.16333333333333333,0
490,CASH_OUT,13.53,C2293434554,15.31,1.78,C3667740351,0.0,0.0,0,0.056666666666666664,0
262,TRANSFER,1979.58,C4683935600,16190.11,14210.53,C2524751277,0.0,1979.58,0,0.0,0
563,TRANSFER,42170.76,C7873709012,44648.71,2477.95,C8261111839,143603.86,185774.62,0,0.0,0
156,CASH_OUT,1.17,C1541964762,264.3,263.13,C1515024824,0.0,0.0,0,0.0033333333333333335,0
117,CASH_OUT,569.74,C6496933442,653.38,83.64,C8084809436,15.84,15.84,0,0.0033333333333333335,0
313,CASH_OUT,1.0,C1099541460,0.0,0.0,C4039019230,105.28,105.28,0,0.013333333333333334,0
569,CASH_OUT,5444.39,C4633987776,14465.89,9021.5,C7590302909,0.0,0.0,0,0.016666666666666666,0
510,PAYMENT,119.01,C8991514523,141.04,22.03,M1357561213,0.0,0.0,0,0.0033333333333333335,0
680,TRANSFER,1118.4,C9798613995,1341.26,222.86,M3508990774,0.0,0.0,1,0.16333333333333333,0
673,PAYMENT,128.51,C6121801720,206.43,77.92,M6498703287,0.0,0.0,0,0.0,0
37,CASH_IN,2238.6,C7536876169,105.32,2343.92,C5092199300,0.0,0.0,0,0.0,0
581,PAYMENT,163.86,C5625342041,224.18,60.32,M3660800029,0.0,0.0,0,0.0,0
312,CASH_IN,10199.59,C8382963909,0.0,10199.59,C7763765757,84.85,84.85,0,0.0,0
15,PAYMENT,1.0,C8706093841,0.0,0.0,M8389750357,0.0,0.0,0,0.0,0
303,CASH_OUT,14690.76,C8942167666,42469.6,27778.84,C4202607993,149.04,149.04,0,0.0033333333333333335,0
143,CASH_OUT,147.43,C2064803502,179.35,31.92,M8964269909,0.0,0.0,1,0.006666666666666667,0
170,TRANSFER,1994.16,C3716924538,6702.89,4708.73,C8942167666,27778.84,29773.0,0,0.0,0
371,PAYMENT,1.0,C9303765140,0.0,0.0,M3534186676,0.0,0.0,0,0.0,0
716,TRANSFER,1.0,C5296710795,0.0,0.0,C5625342041,60.32,61.32,0,0.15,0
220,TRANSFER,13237.95,C5220094152,22746.36,9508.41,C7857580528,226.93,13464.88,0,0.0,0
24,PAYMENT,1.0,C2645272822,1.0,0.0,M3705237613,0.0,0.0,0,0.0,0
229,CASH_OUT,1.0,C3482206102,0.0,0.0,C7832220535,745.42,745.42,0,0.006666666666666667,0
147,TRANSFER,634.77,C1039262289,971.11,336.34,C5694848867,314.77,949.54,0,0.0,0
590,TRANSFER,1.0,C5455441991,2.57,1.57,C5612645121,0.0,1.0,0,0.18666666666666668,0
353,PAYMENT,3.49,C5891280823,4.26,0.77,M2243802345,0.0,0.0,0,0.0,0
447,PAYMENT,1.0,C6633778586,0.0,0.0,M3605446007,0.0,0.0,0,0.0,0
204,TRANSFER,8.58,C1586412136,16.52,7.94,C3280805846,0.0,8.58,0,0.16,0
20,PAYMENT,1185.58,C2079501936,3399.25,2213.67,M6361225622,0.0,0.0,0,0.0,0
303,TRANSFER,61.84,C4203205881,80.63,18.79,M1732578761,0.0,0.0,1,0.16,0
139,CASH_OUT,3557.53,C1245522987,4009.08,451.55,M7948094928,0.0,0.0,1,0.0,0
517,TRANSFER,1.0,C2445662585,1.07,0.07,C1676168421,1.25,2.25,0,0.22333333333333333,0
300,TRANSFER,1.0,C4413838650,0.0,0.0,C3476426797,123420.17,123421.17,0,0.0,0
483,PAYMENT,815.43,C6710338189,1309.83,494.4,M6282009986,0.0,0.0,0,0.0,0
427,CASH_OUT,1939.91,C8706093841,2256.9,316.99,M8646369354,0.0,0.0,1,0.056666666666666664,0
542,TRANSFER,75.89,C5754363475,93.35,17.46,M8858274691,0.0,0.0,1,0.17666666666666667,0
295,PAYMENT,1.0,C3511301900,0.0,0.0,M5449848690,0.0,0.0,0,0.0,0
627,TRANSFER,1.0,C6711463258,1.1,0.1,C6171239466,20.86,21.86,0,0.19666666666666666,0
427,CASH_IN,40533.07,C8274219704,5.98,40539.05,C7420493866,307.81,307.81,0,0.0,0
617,TRANSFER,1.0,C2732553940,0.0,0.0,C8039917766,14.05,15.05,0,0.20333333333333334,0
565,TRANSFER,9.16,C9245348297,28.79,19.63,C2311597141,0.0,9.16,0,0.17,0
720,TRANSFER,1.0,C3313993297,0.0,0.0,C4455798713,0.0,1.0,0,0.21333333333333335,0
130,PAYMENT,1.0,C2349641712,0.0,0.0,M8458323087,0.0,0.0,0,0.0,0
409,TRANSFER,4303.07,C7059726570,3816.54,0.0,M8910440683,0.0,0.0,1,0.7966666666666666,1
27,TRANSFER,3761.79,C9929101065,3137.86,0.0,M9043367776,0.0,0.0,1,0.7666666666666667,1
297,PAYMENT,1.0,C3623588379,0.0,0.0,M4306983924,0.0,0.0,0,0.0,0
565,CASH_OUT,393.18,C3980491761,337.83,0.0,C3106408413,102.13,102.13,1,0.06333333333333334,0
429,TRANSFER,3274.52,C7227593033,4207.8,933.28,M5380159400,0.0,0.0,1,0.2733333333333333,0
714,PAYMENT,863.37,C4470591645,2954.85,2091.48,M7537130187,0.0,0.0,0,0.0,0
148,CASH_OUT,1.0,C6000009225,0.0,0.0,C7824150224,0.0,0.0,0,0.0033333333333333335,0
506,CASH_OUT,1.0,C1116402431,0.0,0.0,C3597724331,1062.94,1062.94,0,0.04666666666666667,0
423,PAYMENT,33.85,C8458717057,57.08,23.23,M2129491690,0.0,0.0,0,0.0,0
358,PAYMENT,2126.15,C9523104008,2738.87,612.72,M4554178984,0.0,0.0,0,0.0,0
614,PAYMENT,582.05,C9381721143,2897.26,2315.21,M8643636805,0.0,0.0,0,0.0,0
684,CASH_OUT,1146.31,C5600836559,959.82,0.0,C7083067988,34.22,34.22,1,0.16,0
433,PAYMENT,12.58,C4472312361,21.74,9.16,M3705237613,0.0,0.0,0,0.0,0
325,CASH_OUT,977.31,C5461537013,1112.06,134.75,C2617999521,0.0,0.0,1,0.01,0
148,PAYMENT,1.0,C5283911723,0.0,0.0,M6045729129,0.0,0.0,0,0.0,0
633,CASH_OUT,3609.77,C2327372855,3283.21,0.0,C4022245086,0.0,0.0,1,0.20666666666666667,0
678,PAYMENT,1.0,C6156843353,2.01,1.01,M5714658227,0.0,0.0,0,0.0,0
377,CASH_OUT,1885.27,C8180620422,1896.16,10.89,M3208200227,0.0,0.0,1,0.02,0
596,PAYMENT,68.62,C3421719519,111.84,43.22,M2243802345,0.0,0.0,0,0.0,0
208,PAYMENT,1.0,C8991977937,1.12,0.12,M6101516825,0.0,0.0,0,0.0,0
330,TRANSFER,503.17,C4308701294,506.29,3.12,C8270110908,0.0,0.0,1,0.20333333333333334,0
527,PAYMENT,1.0,C2343100352,0.0,0.0,M7764117705,0.0,0.0,0,0.0,0
18,TRANSFER,15337.35,C4643576871,21195.67,5858.32,C7374584386,0.0,0.0,1,0.19666666666666666,0
545,CASH_IN,21697.59,C6425814872,164.12,21861.71,C6548442140,20.19,20.19,0,0.0,0
634,CASH_OUT,1522.4,C7465834732,2129.08,606.68,M8044997538,0.0,0.0,1,0.02666666666666667,0
632,PAYMENT,96.05,C3429019820,574.43,478.38,M1199447370,0.0,0.0,0,0.0,0
616,CASH_OUT,1141.56,C3980491761,1208.77,67.21,C2566942273,0.0,0.0,1,0.04,0
42,CASH_OUT,149.14,C4014119648,728.79,579.65,C9441018790,0.0,0.0,0,0.006666666666666667,0
509,CASH_OUT,1.0,C9421518487,0.01,0.0,C8134112721,0.0,0.0,0,0.06,0
217,TRANSFER,24.36,C6469318275,53.49,29.13,C9493209128,366.94,391.3,0,0.0033333333333333335,0
525,PAYMENT,50.23,C8506931282,60.25,10.02,M4952177946,0.0,0.0,0,0.0,0
617,PAYMENT,1.0,C7627266377,0.0,0.0,M3846182436,0.0,0.0,0,0.0,0
233,PAYMENT,207.97,C3710566582,415.75,207.78,M8727805468,0.0,0.0,0,0.0,0
699,PAYMENT,963.06,C5115980792,24227.8,23264.74,M1458227039,0.0,0.0,0,0.0,0
47,PAYMENT,372.46,C1281199333,982.29,609.83,M6866146362,0.0,0.0,0,0.0,0
50,PAYMENT,144.97,C2099184899,339.24,194.27,M6866146362,0.0,0.0,0,0.0,0
577,TRANSFER,3.52,C8598503901,11.33,7.81,C5512036684,0.0,3.52,0,0.17333333333333334,0
19,CASH_OUT,15.0,C6069848439,28.01,13.01,C9421518487,0.0,0.0,0,0.0,0
30,TRANSFER,3908.71,C2645272822,3862.91,0.0,M7764117705,0.0,0.0,1,0.7566666666666667,1
261,CASH_OUT,140.87,C5694628398,171.66,30.79,C9806189256,275.44,275.44,0,0.01,0
575,PAYMENT,65.73,C3841827734,87.75,22.02,M8910440683,0.0,0.0,0,0.0,0
597,PAYMENT,1.06,C5610783750,1.44,0.38,M2885370603,0.0,0.0,0,0.0,0
28,CASH_IN,100696.09,C5837082260,7.64,100703.73,C9255898264,871.97,871.97,0,0.0,0
653,CASH_IN,115322.66,C1862812038,8918.35,124241.01,C3875303857,82.29,82.29,0,0.0,0
393,TRANSFER,95.23,C3614915281,88.25,0.0,M8643636805,0.0,0.0,1,0.23,0
440,PAYMENT,1.46,C2869999754,6.55,5.09,M1811839103,0.0,0.0,0,0.0,0
697,CASH_OUT,62.29,C9579064478,51.98,0.0,M8903212516,0.0,0.0,1,0.056666666666666664,0
416,TRANSFER,305.93,C5634076661,1395.76,1089.83,C7568980185,0.0,305.93,0,0.043333333333333335,0
647,CASH_IN,11025.76,C8868054898,1.0,11026.76,C8760642358,100.6,100.6,0,0.0,0
299,CASH_OUT,28093.41,C4736031885,35581.72,7488.31,M4399143287,0.0,0.0,1,0.0,0
360,TRANSFER,713.48,C5694628398,719.99,6.51,C7004964045,5.32,5.32,1,0.15333333333333332,0
248,TRANSFER,33.91,C6837975356,98.01,64.1,C4972536230,781.33,815.24,0,0.01,0
318,DEBIT,1.0,C7556078550,0.0,0.0,M6732306182,0.0,0.0,0,0.04,0
608,CASH_OUT,622.13,C2224363672,789.65,167.52,M7343954769,0.0,0.0,1,0.04,0
167,TRANSFER,1433.86,C6656646925,1950.21,516.35,C9957813353,295.18,295.18,1,0.013333333333333334,0
523,CASH_OUT,279.52,C5135595227,245.17,0.0,C7049001493,0.0,0.0,1,0.07333333333333333,0
589,CASH_OUT,1.0,C9333798503,0.0,0.0,C6458544482,0.0,0.0,0,0.06333333333333334,0
613,PAYMENT,1.0,C9677466102,0.0,0.0,M9640701016,0.0,0.0,0,0.0,0
503,PAYMENT,1.0,C8102515984,0.0,0.0,M3072183247,0.0,0.0,0,0.0,0
264,PAYMENT,124.8,C7818568548,27136.26,27011.46,M3534186676,0.0,0.0,0,0.0,0
220,CASH_OUT,6.6,C6557907251,27.91,21.31,C3436297208,0.0,0.0,0,0.0,0
89,TRANSFER,7452.88,C1131671246,12834.62,5381.74,C5078551333,0.0,7452.88,0,0.0,0
378,TRANSFER,9.83,C5993571693,13.88,4.05,C5759234471,175.64,185.47,0,0.03,0
515,TRANSFER,300.16,C4574027737,403.77,103.61,C2699887270,216.49,516.65,0,0.05,0
79,PAYMENT,3.04,C9623534576,14.11,11.07,M7969674420,0.0,0.0,0,0.0,0
292,PAYMENT,571.35,C1785418196,19455.89,18884.54,M6659847491,0.0,0.0,0,0.0,0
357,PAYMENT,3.56,C3598862507,3.86,0.3,M8218146534,0.0,0.0,0,0.0,0
537,TRANSFER,17765.58,C2068687175,18919.69,1154.11,C4062777850,81.87,17847.45,0,0.01,0
434,CASH_OUT,2418.59,C7805633786,2172.85,0.0,M9404002665,0.0,0.0,1,0.36666666666666664,0
503,PAYMENT,150.45,C5022964382,344.77,194.32,M6284297249,0.0,0.0,0,0.0,0
445,CASH_OUT,744.02,C9630522755,1446.42,702.4,C8033702319,21165.64,21165.64,0,0.04666666666666667,0
478,CASH_IN,2.72,C6338036681,45.94,48.66,C8293928340,0.0,0.0,0,0.01,0
327,TRANSFER,1574.15,C3360791536,1346.61,0.0,C6922713963,484.14,484.14,1,0.09333333333333334,0
4,PAYMENT,5988.28,C8012696455,52092.49,46104.21,M6200141898,0.0,0.0,0,0.0,0
514,CASH_OUT,163.95,C2878930355,195.87,31.92,C1626733282,21.63,21.63,0,0.03666666666666667,0
26,PAYMENT,1.0,C7226553010,0.0,0.0,M7750131975,0.0,0.0,0,0.0,0
64,CASH_OUT,855.9,C2973888646,740.02,0.0,M2586712032,0.0,0.0,1,0.07,0
295,CASH_OUT,4.65,C2158638062,309.99,305.34,C5735817014,0.0,0.0,0,0.0033333333333333335,0
661,TRANSFER,2583.91,C4636537575,3356.15,772.24,M2187592160,0.0,0.0,1,0.28,0
637,CASH_IN,73876.23,C3887823121,5.29,73881.52,C8109891300,25.51,25.51,0,0.0,0
521,PAYMENT,17812.85,C9697354961,69754.56,51941.71,M6101516825,0.0,0.0,0,0.0,0
594,CASH_IN,1416.4,C8982597239,679.86,2096.26,C2075321966,15982.14,15982.14,0,0.0,0
459,PAYMENT,68.82,C4586784711,313.63,244.81,M2869931869,0.0,0.0,0,0.0,0
239,TRANSFER,792.47,C6155234610,748.89,0.0,M1857561275,0.0,0.0,1,0.3,0
308,DEBIT,448.25,C8505373158,923.35,475.1,M1857561275,0.0,0.0,0,0.013333333333333334,0
475,TRANSFER,1.0,C3866755218,0.0,0.0,C8684026200,0.0,1.0,0,0.23,0
612,PAYMENT,1.0,C8300300577,0.0,0.0,M1368287033,0.0,0.0,0,0.0,0
261,PAYMENT,1.0,C7049001493,0.0,0.0,M6866146362,0.0,0.0,0,0.0,0
10,TRANSFER,427.46,C3783009621,593.35,165.89,C5489485517,0.0,427.46,0,0.006666666666666667,0
275,TRANSFER,1.0,C2428156550,0.0,0.0,C8816681105,3196.53,3197.53,0,0.0,0
179,TRANSFER,48.1,C9166381136,54.59,6.49,C6663846005,0.0,48.1,0,0.15666666666666668,0
166,PAYMENT,62.39,C3781569954,124.28,61.89,M6275155878,0.0,0.0,0,0.0,0
248,CASH_OUT,1.17,C5992908271,1.91,0.74,C5271453859,0.0,0.0,0,0.023333333333333334,0
447,TRANSFER,77.19,C8236980551,110.04,32.85,C8663837890,103.49,180.68,0,0.07,0
407,PAYMENT,1.0,C1529290976,0.0,0.0,M6011842297,0.0,0.0,0,0.0,0
703,CASH_OUT,1.0,C5294535887,0.0,0.0,C1037811610,0.0,0.0,0,0.056666666666666664,0
541,CASH_OUT,1.0,C1939777262,0.0,0.0,C4564751926,27.05,27.05,0,0.05,0
629,CASH_OUT,1.0,C4345526911,0.0,0.0,C5344083406,0.0,0.0,0,0.06,0
225,PAYMENT,204.91,C8689593739,675.54,470.63,M3811254192,0.0,0.0,0,0.0,0
543,TRANSFER,5892.81,C2704657157,4983.82,0.0,C4681264539,7702.92,7702.92,1,0.23,0
88,TRANSFER,1.0,C5862655247,0.0,0.0,C6153541642,0.0,1.0,0,0.23333333333333334,0
341,CASH_OUT,70.68,C5625342041,61.32,0.0,M7928143230,0.0,0.0,1,0.04,0
344,CASH_OUT,51.08,C9573276057,88.88,37.8,C2854772804,801.73,801.73,0,0.01,0
532,PAYMENT,1.17,C3098948446,3.05,1.88,M3705237613,0.0,0.0,0,0.0,0
38,DEBIT,2.0,C2009317340,5.34,3.34,M7969674420,0.0,0.0,0,0.023333333333333334,0
197,PAYMENT,1.0,C3777580509,0.0,0.0,M5869990861,0.0,0.0,0,0.0,0
620,CASH_OUT,4.13,C4767539382,8.82,4.69,C4202607993,149.04,149.04,0,0.03666666666666667,0
717,TRANSFER,12763.06,C3377702111,15720.47,2957.41,M3580582653,0.0,0.0,1,0.30666666666666664,0
70,CASH_OUT,1414.95,C3722583581,2819.53,1404.58,C5184564874,134.2,134.2,0,0.0,0
206,TRANSFER,48.74,C2879792991,58.27,9.53,M7282885927,0.0,0.0,1,0.16333333333333333,0
597,TRANSFER,1.0,C9318010743,0.0,0.0,C5976777081,195.18,196.18,0,0.12333333333333334,0
676,DEBIT,1.09,C6329323383,3.14,2.05,M1732578761,0.0,0.0,0,0.043333333333333335,0
191,DEBIT,332.07,C8480622107,397.44,65.37,M3313346852,0.0,0.0,0,0.016666666666666666,0
139,CASH_OUT,6025.88,C1446457642,5389.69,0.0,M8874242713,0.0,0.0,1,0.04666666666666667,0
479,DEBIT,262.45,C5536224717,434.93,172.48,M5815678365,0.0,0.0,0,0.023333333333333334,0
615,CASH_OUT,70.36,C2149938334,113.83,43.47,C1364994639,426.2,426.2,0,0.03,0
152,PAYMENT,153.94,C3429019820,478.38,324.44,M4601406440,0.0,0.0,0,0.0,0
501,CASH_OUT,644.57,C9544423456,1036.33,391.76,C3781569954,61.89,61.89,0,0.02666666666666667,0
666,CASH_OUT,1.0,C4531928910,0.0,0.0,C2479679716,300.25,300.25,0,0.04666666666666667,0
429,PAYMENT,155.47,C5022964382,194.32,38.85,M5937271321,0.0,0.0,0,0.0,0
26,TRANSFER,5298.93,C7792729530,4462.09,0.0,C3030106617,24.86,24.86,1,0.61,1
7,TRANSFER,1.76,C4356175095,6.16,4.4,C5087357728,0.0,1.76,0,0.14333333333333334,0
147,TRANSFER,105.73,C3707166618,124.43,18.7,C1515024824,0.0,0.0,1,0.15333333333333332,0
195,PAYMENT,1.0,C8300300577,0.0,0.0,M7861571879,0.0,0.0,0,0.0,0
247,PAYMENT,1.0,C8796286443,0.0,0.0,M2249831874,0.0,0.0,0,0.0,0
520,CASH_OUT,1.0,C6714723660,0.0,0.0,C9626333315,8360.12,8360.12,0,0.023333333333333334,0
486,TRANSFER,3349.04,C4239406957,2914.8,0.0,M8389750357,0.0,0.0,1,0.9366666666666666,1
34,TRANSFER,155.32,C9094089209,174.86,19.54,C9410288290,8.07,8.07,1,0.12666666666666668,0
220,CASH_IN,21514.82,C3360791536,0.0,21514.82,C8995970241,79.57,79.57,0,0.0,0
128,PAYMENT,115.42,C4586784711,244.81,129.39,M6495967005,0.0,0.0,0,0.0,0
79,PAYMENT,151.45,C9123612497,163.28,11.83,M6692705133,0.0,0.0,0,0.0,0
185,TRANSFER,1959.94,C3424843951,2730.82,770.88,M3960136787,0.0,0.0,1,0.17,0
719,CASH_OUT,4198.64,C8734449371,3773.98,0.0,M1666898313,0.0,0.0,1,0.27,0
357,CASH_OUT,3253.65,C5667181604,39021.79,35768.14,C9503597301,10.03,10.03,0,0.0,0
94,CASH_OUT,4302.65,C5993571693,3791.51,0.0,M5734228580,0.0,0.0,1,0.043333333333333335,0
86,CASH_OUT,2420.86,C7805633786,2733.33,312.47,M2328736852,0.0,0.0,1,0.0,0
570,CASH_OUT,519.81,C3574081104,585.25,65.44,M3072183247,0.0,0.0,1,0.03666666666666667,0
648,CASH_OUT,1459.61,C9807209816,1463.46,3.85,M9640701016,0.0,0.0,1,0.09666666666666666,0
674,CASH_OUT,672.02,C7736142481,1025.07,353.05,C3698343112,1.0,1.0,0,0.03,0
319,TRANSFER,2784.72,C8471762590,3660.34,875.62,C5381866906,2066.11,4850.83,1,0.0,0
61,CASH_OUT,25.58,C4264134512,114.67,89.09,C2916728422,1832.12,1832.12,0,0.0033333333333333335,0
45,PAYMENT,1.0,C8380507338,0.0,0.0,M8138332494,0.0,0.0,0,0.0,0
176,PAYMENT,408.63,C3567900251,36534.5,36125.87,M4908108692,0.0,0.0,0,0.0,0
594,CASH_OUT,332.0,C7608153267,444.2,112.2,C5306459450,0.0,0.0,1,0.03333333333333333,0
645,TRANSFER,536.02,C2486744752,657.18,121.16,M7702529931,0.0,0.0,1,0.15666666666666668,0
481,CASH_OUT,1.0,C3343292475,0.0,0.0,C6591038760,0.0,0.0,0,0.08666666666666667,0
244,CASH_OUT,11.69,C6557907251,21.31,9.62,C9597198563,10.69,10.69,0,0.0,0
502,TRANSFER,33.74,C8151583833,42.69,8.95,C2973888646,0.0,33.74,0,0.17,0
443,CASH_OUT,560.95,C2394868732,559.33,0.0,M6651754819,0.0,0.0,1,0.22,0
196,CASH_OUT,9943.67,C7472806994,9456.91,0.0,M8325043570,0.0,0.0,1,0.08333333333333333,0
712,TRANSFER,54.69,C1684598046,54.21,0.0,M8728631945,0.0,0.0,1,0.21666666666666667,0
637,TRANSFER,109.09,C5898890707,119.35,10.26,C2067970820,192.59,192.59,1,0.08333333333333333,0
10,TRANSFER,1.0,C1885113834,0.0,0.0,C1547374338,0.0,1.0,0,0.19666666666666666,0
18,TRANSFER,369.47,C5333183840,694.86,325.39,C3380064537,3170.9,3540.37,0,0.0,0
651,PAYMENT,599.33,C4422700486,1139.41,540.08,M7230477043,0.0,0.0,0,0.0,0
556,TRANSFER,56985.51,C6517150278,70584.11,13598.6,C5144289583,123.85,123.85,1,0.10333333333333333,0
45,TRANSFER,14.41,C7183058541,24.49,10.08,C8942167666,29773.0,29787.41,0,0.0,0
319,TRANSFER,15.42,C7934137693,17.21,1.79,C6201313620,1.2,16.62,0,0.17333333333333334,0
473,PAYMENT,82.87,C8695129534,111.67,28.8,M3705237613,0.0,0.0,0,0.0,0
266,CASH_OUT,747.41,C8880184233,1004.57,257.16,M8728631945,0.0,0.0,1,0.006666666666666667,0
101,CASH_OUT,468.7,C7127904756,404.93,0.0,M2555936898,0.0,0.0,1,0.03666666666666667,0
144,CASH_OUT,1.0,C9248574674,0.0,0.0,C4095476665,0.0,0.0,0,0.0033333333333333335,0
120,CASH_IN,72498.81,C6218484323,343.35,72842.16,C5376302686,96.63,96.63,0,0.0,0
376,TRANSFER,66.49,C8313706299,165.78,99.29,C1207916194,237.13,303.62,0,0.006666666666666667,0
100,CASH_OUT,211.06,C4482238042,826.58,615.52,C7431813987,97.26,97.26,0,0.0033333333333333335,0
31,TRANSFER,971.82,C7296658772,1350.61,378.79,C3528924461,0.0,971.82,0,0.0,0
317,TRANSFER,2447.33,C1197449658,3196.88,749.55,M7192742877,0.0,0.0,1,0.18666666666666668,0
606,CASH_OUT,71.27,C7380780055,73.7,2.43,M8626371177,0.0,0.0,1,0.05,0
20,CASH_IN,107711.43,C3128675098,446.31,108157.74,C8270110908,0.0,0.0,0,0.0,0
501,CASH_OUT,37885.86,C9916336966,87922.52,50036.66,C1251837136,0.0,0.0,0,0.01,0
466,PAYMENT,1.0,C3190227431,0.0,0.0,M4211837506,0.0,0.0,0,0.0,0
224,TRANSFER,262.01,C2377246195,245.73,0.0,C9403748506,113.32,113.32,1,0.06333333333333334,0
281,PAYMENT,10649.08,C4482141802,123275.81,112626.73,M8778927211,0.0,0.0,0,0.0,0
675,CASH_OUT,120.51,C7951902330,133.37,12.86,C9155819200,5.03,5.03,0,0.03,0
346,CASH_OUT,3645.47,C4490722186,3218.9,0.0,M2571632270,0.0,0.0,1,0.13333333333333333,0
641,TRANSFER,8238.8,C7573691558,9244.48,1005.68,C8293453178,619.96,619.96,1,0.09,0
415,PAYMENT,1062.72,C4037270171,1658.3,595.58,M3831598303,0.0,0.0,0,0.0,0
241,PAYMENT,108.19,C1563524533,138.1,29.91,M1857561275,0.0,0.0,0,0.0,0
192,DEBIT,31.99,C2756070122,64.51,32.52,M5891831621,0.0,0.0,0,0.02,0
595,CASH_OUT,137.29,C9202102595,435.28,297.99,C4662861038,420.86,420.86,0,0.023333333333333334,0
87,CASH_OUT,410.02,C5871743247,19106.74,18696.72,C3550908958,424.91,424.91,0,0.0,0
1,CASH_IN,48964.19,C7467073633,104.39,49068.58,C3645901955,36494.06,36494.06,0,0.0,0
641,DEBIT,238.76,C6089026099,254.21,15.45,M7270955446,0.0,0.0,0,0.03,0
534,TRANSFER,4748.79,C4015479599,4148.92,0.0,C4398953973,10.98,4759.77,1,0.35,0
411,PAYMENT,1.0,C2349641712,0.0,0.0,M5194066484,0.0,0.0,0,0.0,0
132,TRANSFER,50349.07,C8235363119,68996.73,18647.66,C6491309593,29791.87,80140.94,0,0.0,0
347,PAYMENT,240.8,C5659161352,263.7,22.9,M1306420495,0.0,0.0,0,0.0,0
157,TRANSFER,378.3,C5333183840,325.39,0.0,M4306983924,0.0,0.0,1,0.22333333333333333,0
323,PAYMENT,546.36,C9270323795,1054.74,508.38,M6384311581,0.0,0.0,0,0.0,0
227,TRANSFER,1.0,C5292015249,0.0,0.0,C1795212538,13582.65,13583.65,0,0.0,0
341,CASH_OUT,330.43,C5082603360,553.92,223.49,C6517150278,13598.6,13598.6,0,0.01,0
567,PAYMENT,1.97,C3033747850,2.34,0.37,M7343954769,0.0,0.0,0,0.0,0
680,PAYMENT,65.19,C9411532909,93.69,28.5,M1343875431,0.0,0.0,0,0.0,0
696,PAYMENT,106.27,C4202607993,149.04,42.77,M1666898313,0.0,0.0,0,0.0,0
638,CASH_OUT,395.51,C5067116918,356.96,0.0,C5182110973,1284.7,1284.7,1,0.056666666666666664,0
443,CASH_OUT,12.13,C4965395580,15.85,3.72,C1158998032,11.82,11.82,0,0.07,0
282,TRANSFER,3342.8,C5292015249,2868.65,0.0,M3457877922,0.0,0.0,1,0.82,1
321,TRANSFER,2667.41,C4873807154,3563.86,896.45,M6744039057,0.0,0.0,1,0.16666666666666666,0
213,CASH_OUT,11.37,C1026224160,19.73,8.36,C4696689457,1.0,1.0,0,0.006666666666666667,0
512,PAYMENT,1147.68,C3746317213,3464.89,2317.21,M2773408660,0.0,0.0,0,0.0,0
649,DEBIT,1.0,C8858766173,0.0,0.0,M5564953924,0.0,0.0,0,0.05333333333333334,0
140,CASH_OUT,1.0,C6178804925,2.01,1.01,C5736462531,221.13,221.13,0,0.0,0
495,TRANSFER,1601.95,C6171239466,1865.22,263.27,C2670036982,0.0,0.0,1,0.2733333333333333,0
44,CASH_OUT,3367.52,C6714723660,3840.01,472.49,C7299420031,13179.8,13179.8,1,0.0,0
456,TRANSFER,12199.35,C7299420031,13179.8,980.45,M6200141898,0.0,0.0,1,0.31333333333333335,0
94,DEBIT,1.0,C7226553010,0.0,0.0,M1099218439,0.0,0.0,0,0.02666666666666667,0
122,CASH_OUT,4080.54,C4302709858,4218.56,138.02,M5087280062,0.0,0.0,1,0.0033333333333333335,0
63,PAYMENT,22.84,C3884642366,40.44,17.6,M7678293431,0.0,0.0,0,0.0,0
409,PAYMENT,1.0,C3598862507,0.3,0.0,M3476758136,0.0,0.0,0,0.0,0
38,CASH_OUT,12.07,C2870403050,17.97,5.9,C5735817014,0.0,0.0,0,0.0033333333333333335,0
611,PAYMENT,1.0,C7487012742,1.12,0.12,M4601406440,0.0,0.0,0,0.0,0
537,TRANSFER,1098.94,C5638860656,1233.1,134.16,M6992094064,0.0,0.0,1,0.19666666666666666,0
372,PAYMENT,29.21,C4353689019,42.78,13.57,M5156392601,0.0,0.0,0,0.0,0
219,CASH_OUT,973.01,C8300300577,1299.26,326.25,M9255306810,0.0,0.0,1,0.0,0
350,TRANSFER,1276.75,C3660223333,1720.1,443.35,M2129491690,0.0,0.0,1,0.13333333333333333,0
82,DEBIT,1.0,C2653032484,1.0,0.0,M8869140487,0.0,0.0,0,0.03,0
275,PAYMENT,196.22,C8478529823,238.83,42.61,M9255306810,0.0,0.0,0,0.0,0
294,CASH_OUT,5163.93,C4990452762,4808.24,0.0,C7736142481,353.05,353.05,1,0.09,0
264,TRANSFER,1771.69,C9086117171,2016.37,244.68,C8543865915,0.0,0.0,1,0.17666666666666667,0
495,TRANSFER,5023.76,C7625464411,4744.84,0.0,M9020002737,0.0,0.0,1,0.9466666666666667,1
113,TRANSFER,1.0,C3906611156,0.0,0.0,C2377246195,0.0,1.0,0,0.22333333333333333,0
17,TRANSFER,1826.36,C2072355594,2468.8,642.44,M7192742877,0.0,0.0,1,0.16,0
281,TRANSFER,17974.9,C6466597005,18103.89,128.99,M3517195150,0.0,0.0,1,0.4533333333333333,0
508,PAYMENT,105.74,C9493209128,391.3,285.56,M7861571879,0.0,0.0,0,0.0,0
35,PAYMENT,1011.09,C8441393731,7266.51,6255.42,M5067400473,0.0,0.0,0,0.0,0
282,CASH_OUT,4224.67,C9327720702,3974.76,0.0,C4067961943,1.0,1.0,1,0.15,0
225,TRANSFER,9.18,C3691864041,20.54,11.36,C3127657643,0.0,9.18,0,0.16,0
49,CASH_OUT,1998.33,C3841827734,2732.65,734.32,C2878930355,31.92,31.92,1,0.0,0
49,CASH_OUT,1.0,C4508521152,0.0,0.0,C6358023411,0.0,0.0,0,0.0033333333333333335,0
367,TRANSFER,4266.43,C6156843353,4515.23,248.8,C5759234471,185.47,185.47,1,0.03,0
300,PAYMENT,22.89,C2052811909,82.18,59.29,M4035639663,0.0,0.0,0,0.0,0
224,TRANSFER,1.0,C5433722159,0.0,0.0,C7706193636,651.85,652.85,0,0.013333333333333334,0
400,TRANSFER,3.16,C8168036130,14.27,11.11,C4736031885,7488.31,7491.47,0,0.0,0
98,CASH_OUT,231.15,C7825844140,317.87,86.72,M5959736235,0.0,0.0,1,0.0,0
457,TRANSFER,587.09,C7910439839,774.89,187.8,M6361225622,0.0,0.0,1,0.11666666666666667,0
702,PAYMENT,5.04,C3479708607,14.97,9.93,M3355504998,0.0,0.0,0,0.0,0
474,TRANSFER,1.0,C5862655247,0.0,0.0,C5485387618,0.0,1.0,0,0.22,0
543,CASH_OUT,50.77,C4264134512,89.09,38.32,C6566372886,0.0,0.0,0,0.03666666666666667,0
327,TRANSFER,14.92,C1726990714,23.38,8.46,C6246716604,3.99,18.91,0,0.11666666666666667,0
8,CASH_OUT,1.0,C7631970791,0.0,0.0,C1945826486,61.27,61.27,0,0.0033333333333333335,0
389,DEBIT,11.83,C3109688769,28.71,16.88,M5937271321,0.0,0.0,0,0.02666666666666667,0
270,CASH_OUT,3383.92,C3294092753,3923.12,539.2,C3780475472,10371.4,10371.4,1,0.0,0
258,PAYMENT,22.3,C2464137110,40.75,18.45,M2839566253,0.0,0.0,0,0.0,0
556,CASH_OUT,2133.65,C9354711271,2527.25,393.6,M1666898313,0.0,0.0,1,0.02666666666666667,0
717,TRANSFER,504.73,C7417183769,443.33,0.0,M2328736852,0.0,0.0,1,0.22333333333333333,0
636,PAYMENT,35.75,C8831899893,137.3,101.55,M3107992942,0.0,0.0,0,0.0,0
148,PAYMENT,98.46,C9250327663,182.77,84.31,M6275155878,0.0,0.0,0,0.0,0
35,CASH_OUT,165.36,C3869963931,142.16,0.0,C2268006448,86.42,86.42,1,0.006666666666666667,0
414,CASH_OUT,41.62,C4207337120,69.85,28.23,C1041531046,0.0,0.0,0,0.05,0
512,CASH_OUT,185.73,C6418365941,168.01,0.0,C7598745558,3737.17,3737.17,1,0.04,0
392,PAYMENT,24.92,C7540301973,79.06,54.14,M6606958660,0.0,0.0,0,0.0,0
44,PAYMENT,1.0,C1484664056,1.0,0.0,M8821456242,0.0,0.0,0,0.0,0
570,TRANSFER,1.14,C5884080139,64.73,63.59,C6562144159,259.92,261.06,0,0.07333333333333333,0
690,TRANSFER,1.0,C6691628146,0.0,0.0,C3367665472,2.32,3.32,0,0.21666666666666667,0
362,TRANSFER,70.36,C6317889312,309.88,239.52,C6687206971,411.02,481.38,0,0.01,0
574,PAYMENT,15.82,C3515167269,24.98,9.16,M3660800029,0.0,0.0,0,0.0,0
356,TRANSFER,3225.17,C5856127658,2924.33,0.0,C1939042955,18780.74,18780.74,1,0.01,0
167,PAYMENT,128.74,C2224363672,167.52,38.78,M6361225622,0.0,0.0,0,0.0,0
334,PAYMENT,57.65,C6837975356,64.1,6.45,M1666898313,0.0,0.0,0,0.0,0
407,TRANSFER,75.88,C5913767020,132.39,56.51,C3163970710,0.0,75.88,0,0.16666666666666666,0
342,TRANSFER,472.39,C2610237679,555.68,83.29,C7958672456,738.46,1210.85,0,0.006666666666666667,0
704,PAYMENT,10.54,C8737025391,38.15,27.61,M1199447370,0.0,0.0,0,0.0,0
643,PAYMENT,1.0,C5421051452,0.0,0.0,M9933702652,0.0,0.0,0,0.0,0
579,CASH_OUT,953.37,C4847761430,1130.31,176.94,C5759234471,185.47,185.47,0,0.02666666666666667,0
320,PAYMENT,8517.15,C8110054933,14263.07,5745.92,M3605446007,0.0,0.0,0,0.0,0
520,TRANSFER,1.65,C5071218314,7.15,5.5,C7603978731,0.0,1.65,0,0.17,0
590,TRANSFER,50248.85,C2591414076,57986.88,7738.03,C4907446848,7.69,50256.54,1,0.0,0
186,TRANSFER,440.22,C7671625956,507.03,66.81,C5877639950,186.64,186.64,1,0.02666666666666667,0
706,PAYMENT,7.48,C2879792991,9.53,2.05,M6790024996,0.0,0.0,0,0.0,0
157,CASH_OUT,1.0,C1772303297,0.0,0.0,C4997866845,96.09,96.09,0,0.0,0
263,TRANSFER,1107.33,C2014766981,1200.9,93.57,C1251837136,0.0,1107.33,0,0.016666666666666666,0
25,TRANSFER,3091.42,C1484230338,4245.29,1153.87,C2843567009,59093.66,62185.08,1,0.0,0
719,PAYMENT,1.0,C1205082311,0.0,0.0,M3072183247,0.0,0.0,0,0.0,0
630,PAYMENT,1.0,C3465883999,0.0,0.0,M3690714075,0.0,0.0,0,0.0,0
703,TRANSFER,60.73,C7763765757,84.85,24.12,C7533932947,23.16,83.89,0,0.13333333333333333,0
20,CASH_IN,456.76,C1083651970,151.06,607.82,C9182543558,100346.42,100346.42,0,0.0,0
716,TRANSFER,780.25,C9306142066,988.77,208.52,M9921025990,0.0,0.0,1,0.14666666666666667,0
535,TRANSFER,1742.42,C4037867512,1879.51,137.09,M8058679999,0.0,0.0,1,0.33,0
242,PAYMENT,1.0,C2952996248,0.29,0.0,M6865994703,0.0,0.0,0,0.0,0
335,TRANSFER,512.38,C1083651970,607.82,95.44,M9620935604,0.0,0.0,1,0.15666666666666668,0
161,DEBIT,1.0,C7417183769,0.0,0.0,M2778069478,0.0,0.0,0,0.03,0
159,CASH_IN,24614.29,C2416760621,1353.05,25967.34,C8868054898,11026.76,11026.76,0,0.0,0
379,CASH_OUT,34.58,C1182758417,79.89,45.31,C2914590233,168.42,168.42,0,0.006666666666666667,0
385,PAYMENT,1.0,C1772303297,0.0,0.0,M3317856944,0.0,0.0,0,0.0,0
135,TRANSFER,598.01,C1510289448,568.9,0.0,C4558302256,62.29,62.29,1,0.16666666666666666,0
663,PAYMENT,1.0,C5694806361,1.89,0.89,M6361225622,0.0,0.0,0,0.0,0
415,CASH_OUT,1206.31,C7002076563,1416.53,210.22,M9043367776,0.0,0.0,1,0.06333333333333334,0
254,CASH_OUT,381.58,C9035194895,428.43,46.85,C8285786023,0.0,0.0,1,0.0033333333333333335,0
592,TRANSFER,186.06,C9704383251,253.73,67.67,C4345526911,0.0,186.06,0,0.09666666666666666,0
456,CASH_OUT,340.58,C7403028869,354.79,14.21,C3515167269,9.16,9.16,1,0.05333333333333334,0
178,TRANSFER,3437.3,C6576426590,2894.6,0.0,C9392707144,0.0,3437.3,1,0.16333333333333333,0
434,TRANSFER,12553.67,C2071552532,10750.89,0.0,M1999913493,0.0,0.0,1,0.8633333333333333,1
87,PAYMENT,1.0,C7894019119,0.0,0.0,M5067400473,0.0,0.0,0,0.0,0
469,CASH_OUT,1.0,C5646751885,1.0,0.0,C9691572571,49.04,49.04,0,0.08,0
3,CASH_OUT,1123.49,C5067116918,1054.0,0.0,C1730074215,0.0,0.0,1,0.09333333333333334,0
490,PAYMENT,1.0,C1590985753,0.0,0.0,M7351460539,0.0,0.0,0,0.0,0
615,TRANSFER,2758.48,C2390587865,5472.71,2714.23,C3894673596,933.11,3691.59,0,0.03,0
327,CASH_OUT,1138.57,C5275521470,1071.6,0.0,M7514017540,0.0,0.0,1,0.14,0
107,PAYMENT,50.1,C8419590655,80.07,29.97,M5937271321,0.0,0.0,0,0.0,0
436,CASH_OUT,84167.25,C2140169349,71586.57,0.0,C2777816561,0.0,0.0,1,0.26,0
640,PAYMENT,3.76,C8229344434,4.58,0.82,M9916475897,0.0,0.0,0,0.0,0
608,PAYMENT,136.44,C2836553621,192.48,56.04,M3605446007,0.0,0.0,0,0.0,0
609,PAYMENT,1.0,C4252504650,0.0,0.0,M9288057824,0.0,0.0,0,0.0,0
449,TRANSFER,4706.64,C5606736607,4236.63,0.0,C5604529187,0.0,0.0,1,0.9,1
18,PAYMENT,197.12,C8189916797,496.42,299.3,M2228388623,0.0,0.0,0,0.0,0
136,PAYMENT,1.7,C8281641403,5.29,3.59,M4125758723,0.0,0.0,0,0.0,0
472,PAYMENT,1.0,C5433722159,0.0,0.0,M5380159400,0.0,0.0,0,0.0,0
639,PAYMENT,26.92,C7016293621,43.97,17.05,M7270955446,0.0,0.0,0,0.0,0
468,PAYMENT,2.75,C5364727160,4.84,2.09,M4665677395,0.0,0.0,0,0.0,0
212,CASH_OUT,1480.02,C8001729836,1918.64,438.62,C1290050198,464.63,464.63,1,0.0033333333333333335,0
87,TRANSFER,3006.15,C8638763775,3375.03,368.88,C2009317340,3.34,3.34,1,0.21,0
2,PAYMENT,19.49,C9911329062,364.41,344.92,M7366396017,0.0,0.0,0,0.0,0
366,CASH_OUT,22.17,C8527715219,52.93,30.76,C9343730920,110.78,110.78,0,0.0033333333333333335,0
287,PAYMENT,361.44,C7710396573,431.52,70.08,M3317856944,0.0,0.0,0,0.0,0
214,TRANSFER,192.94,C7196439534,185.53,0.0,M4399143287,0.0,0.0,1,0.23666666666666666,0
420,CASH_OUT,189.61,C6265016831,430.89,241.28,C7430757004,374.48,374.48,0,0.03666666666666667,0
268,DEBIT,4.04,C8506931282,10.02,5.98,M1908459040,0.0,0.0,0,0.02,0
627,PAYMENT,1.0,C6458544482,0.0,0.0,M2555936898,0.0,0.0,0,0.0,0
383,PAYMENT,1.0,C8453283834,0.0,0.0,M6401844042,0.0,0.0,0,0.0,0
614,PAYMENT,1.0,C1271730355,0.0,0.0,M1711271599,0.0,0.0,0,0.0,0
133,CASH_OUT,1.0,C1104906255,1.31,0.31,C9327720702,0.0,0.0,0,0.0033333333333333335,0
409,CASH_OUT,1.0,C2343100352,0.0,0.0,C5667503195,499.3,499.3,0,0.07,0
652,PAYMENT,1.0,C6613888489,0.0,0.0,M2243802345,0.0,0.0,0,0.0,0
43,TRANSFER,3.05,C3304560537,3.38,0.33,C7045593274,0.0,3.05,0,0.22333333333333333,0
696,TRANSFER,44351.31,C6392415228,44681.82,330.51,C7628981661,122.74,122.74,1,0.17,0
456,PAYMENT,1.0,C9302705838,0.0,0.0,M6384311581,0.0,0.0,0,0.0,0
675,CASH_OUT,249.11,C5212581851,218.46,0.0,M8821456242,0.0,0.0,1,0.07,0
600,TRANSFER,18914.06,C5115980792,23264.74,4350.68,C8235363119,18647.66,37561.72,0,0.0033333333333333335,0
672,TRANSFER,1863.48,C4110258855,2910.23,1046.75,C2513206988,20.83,1884.31,0,0.05333333333333334,0
622,PAYMENT,356.36,C7823288650,644.58,288.22,M4865979921,0.0,0.0,0,0.0,0
392,PAYMENT,1995.19,C2825989011,2346.59,351.4,M1692044390,0.0,0.0,0,0.0,0
652,CASH_OUT,3917.82,C9908115095,3897.14,0.0,M3156792018,0.0,0.0,1,0.22666666666666666,0
324,CASH_OUT,9.52,C8299146480,10.28,0.76,C7666869046,1101.53,1101.53,0,0.02,0
26,PAYMENT,1.0,C1104906255,0.31,0.0,M3223687972,0.0,0.0,0,0.0,0
19,TRANSFER,1.0,C5336127859,1.52,0.52,C2465576748,5.68,6.68,0,0.18,0
234,CASH_OUT,1081.29,C1494287462,1505.01,423.72,C7103588071,17.26,17.26,0,0.0033333333333333335,0
52,CASH_OUT,4817.7,C4440904834,4085.28,0.0,C5433722159,0.0,0.0,1,0.03333333333333333,0
638,CASH_OUT,441.78,C4662861038,420.86,0.0,C3550908958,424.91,424.91,1,0.08333333333333333,0
364,TRANSFER,45.53,C6619138852,59.87,14.34,C2914126243,0.0,45.53,0,0.16,0
361,CASH_OUT,1.0,C3799264931,0.0,0.0,C3553440342,0.0,0.0,0,0.03333333333333333,0
658,CASH_OUT,1854.17,C3035761595,2518.28,664.11,M7366396017,0.0,0.0,1,0.02666666666666667,0
623,TRANSFER,2380.29,C4405620755,2181.01,0.0,C4752171298,1080.84,1080.84,1,0.35333333333333333,0
710,TRANSFER,1.0,C4655730355,0.0,0.0,C9218363978,26.67,27.67,0,0.17333333333333334,0
408,CASH_OUT,55706.85,C1664885408,55923.09,216.24,C1230249217,0.0,0.0,0,0.016666666666666666,0
43,PAYMENT,115.84,C4847761430,176.94,61.1,M8778927211,0.0,0.0,0,0.0,0
508,TRANSFER,198.51,C6156843353,248.8,50.29,M4588312351,0.0,0.0,1,0.17,0
592,PAYMENT,349.01,C9523104008,612.72,263.71,M8910440683,0.0,0.0,0,0.0,0
663,CASH_OUT,45235.21,C3893976444,52569.81,7334.6,C5115980792,4350.68,4350.68,0,0.0033333333333333335,0
592,CASH_OUT,170.95,C9493209128,285.56,114.61,C8675071314,0.0,0.0,0,0.03333333333333333,0
457,TRANSFER,1.0,C7305101214,0.0,0.0,C4106464319,0.0,1.0,0,0.22,0
173,PAYMENT,1.74,C2960488639,3.62,1.88,M9444143872,0.0,0.0,0,0.0,0
397,CASH_OUT,14.68,C8366884200,25.37,10.69,C2017675569,0.0,0.0,0,0.013333333333333334,0
433,PAYMENT,1.0,C7803990970,0.0,0.0,M8646369354,0.0,0.0,0,0.0,0
168,PAYMENT,2.84,C1361845490,3.83,0.99,M7437168216,0.0,0.0,0,0.0,0
689,PAYMENT,64.5,C3821211202,75.23,10.73,M9773795424,0.0,0.0,0,0.0,0
176,TRANSFER,3924.96,C9196564761,3847.15,0.0,C4096932037,24.12,3949.08,1,0.05333333333333334,0
385,PAYMENT,1.0,C4914929023,0.0,0.0,M4820942294,0.0,0.0,0,0.0,0
549,CASH_OUT,4717.44,C9573276057,4142.18,0.0,M2249831874,0.0,0.0,1,0.23333333333333334,0
228,TRANSFER,1.0,C2979958124,1.42,0.42,C2836553621,56.04,57.04,0,0.11666666666666667,0
463,TRANSFER,594.76,C7519578899,1134.11,539.35,C9941564880,27.58,622.34,0,0.03666666666666667,0
325,TRANSFER,38.32,C9098129449,60.85,22.53,C2020395327,0.0,38.32,0,0.15,0
634,PAYMENT,54.39,C4847761430,61.1,6.71,M5000316394,0.0,0.0,0,0.0,0
544,PAYMENT,50.38,C1513003815,57.89,7.51,M1357561213,0.0,0.0,0,0.0,0
691,CASH_OUT,597.8,C3520417815,955.89,358.09,C3739951076,57.99,57.99,0,0.02666666666666667,0
505,PAYMENT,1.0,C5407856339,1.0,0.0,M6845287382,0.0,0.0,0,0.0,0
327,PAYMENT,385.42,C9123207735,510.69,125.27,M6495967005,0.0,0.0,0,0.0,0
450,CASH_OUT,1.0,C8991977937,0.12,0.0,C2653032484,0.0,0.0,0,0.09,0
658,CASH_OUT,1178.13,C5344083406,1451.59,273.46,C4647891535,1.46,1.46,1,0.02666666666666667,0
322,PAYMENT,1329.34,C9312085761,1681.61,352.27,M4554178984,0.0,0.0,0,0.0,0
214,TRANSFER,184.4,C1624173500,183.63,0.0,M7437168216,0.0,0.0,1,0.23666666666666666,0
459,TRANSFER,6.16,C9989642546,27.04,20.88,C3291226621,0.0,6.16,0,0.16333333333333333,0
384,TRANSFER,454.97,C8115628227,496.0,41.03,C3392080953,155.33,610.3,0,0.013333333333333334,0
416,PAYMENT,1.66,C8999963054,6.17,4.51,M2187592160,0.0,0.0,0,0.0,0
538,CASH_OUT,3766.27,C1684598046,4462.03,695.76,M2839566253,0.0,0.0,1,0.02666666666666667,0
682,PAYMENT,1.0,C3623588379,0.0,0.0,M8548290298,0.0,0.0,0,0.0,0
510,TRANSFER,1.0,C5613655595,0.0,0.0,C3360791536,21514.82,21515.82,0,0.0,0
342,PAYMENT,4.48,C9597198563,10.69,6.21,M2635881694,0.0,0.0,0,0.0,0
64,CASH_OUT,265.42,C2825989011,351.4,85.98,C3476426797,123421.17,123421.17,0,0.0033333333333333335,0
652,TRANSFER,1137.97,C2308496151,77848.95,76710.98,C8480622107,65.37,1203.34,0,0.02,0
559,CASH_OUT,703.82,C8241550421,905.89,202.07,C3906611156,0.0,0.0,1,0.04,0
325,TRANSFER,1.0,C5275521470,0.0,0.0,C3746317213,2317.21,2318.21,0,0.0,0
7,PAYMENT,123.7,C8046300793,311.21,187.51,M2115862756,0.0,0.0,0,0.0,0
256,TRANSFER,17.48,C9471306442,58.42,40.94,C6470052645,17.57,35.05,0,0.11666666666666667,0
347,CASH_OUT,2635.5,C3206955437,2860.93,225.43,M1857561275,0.0,0.0,1,0.013333333333333334,0
690,TRANSFER,2385.22,C6231117883,2384.89,0.0,C1205082311,0.0,2385.22,1,0.44333333333333336,0
144,TRANSFER,27.94,C6461974809,51.76,23.82,C2304963614,1041.15,1069.09,0,0.006666666666666667,0
390,TRANSFER,1.0,C9333798503,0.0,0.0,C6128695961,15954.47,15955.47,0,0.0,0
560,TRANSFER,1.0,C9786748825,0.0,0.0,C9306142066,208.52,209.52,0,0.11666666666666667,0
73,PAYMENT,3200.24,C5187948804,4764.08,1563.84,M7512767226,0.0,0.0,0,0.0,0
687,TRANSFER,1.0,C8257484586,0.0,0.0,C9526836552,199.11,200.11,0,0.11,0
14,PAYMENT,1.0,C6329589780,0.0,0.0,M8667946580,0.0,0.0,0,0.0,0
590,PAYMENT,1.0,C1624173500,0.0,0.0,M1199447370,0.0,0.0,0,0.0,0
119,TRANSFER,3434.16,C9305502799,3279.02,0.0,M2625035499,0.0,0.0,1,0.81,1
148,PAYMENT,677.65,C4110258855,1046.75,369.1,M9043367776,0.0,0.0,0,0.0,0
351,TRANSFER,1798.69,C4748302739,2027.19,228.5,C7246858055,4.68,1803.37,0,0.006666666666666667,0
711,PAYMENT,1.0,C7481631841,0.0,0.0,M6515490818,0.0,0.0,0,0.0,0
286,CASH_OUT,6645.1,C3464975279,8378.1,1733.0,C2493660313,0.0,0.0,0,0.01,0
442,PAYMENT,1.0,C3376077463,0.0,0.0,M5714658227,0.0,0.0,0,0.0,0
409,CASH_OUT,1146.68,C8047877267,1434.19,287.51,M3705237613,0.0,0.0,1,0.03333333333333333,0
187,PAYMENT,1.0,C8316648259,0.0,0.0,M8646369354,0.0,0.0,0,0.0,0
223,TRANSFER,342.06,C5428082088,589.41,247.35,C9851745648,58.79,400.85,0,0.0033333333333333335,0
546,PAYMENT,1.34,C6884882440,1.96,0.62,M3566125120,0.0,0.0,0,0.0,0
250,DEBIT,10.88,C7637761996,14.11,3.23,M3145756342,0.0,0.0,0,0.03,0
349,PAYMENT,64.2,C2242377075,161.81,97.61,M7678293431,0.0,0.0,0,0.0,0
500,PAYMENT,1.0,C7590302909,0.0,0.0,M4460319291,0.0,0.0,0,0.0,0
3,CASH_OUT,1.0,C2570991899,1.0,0.0,C9626333315,8360.12,8360.12,0,0.01,0
328,PAYMENT,87.28,C7671041685,122.62,35.34,M2625035499,0.0,0.0,0,0.0,0
124,CASH_OUT,9088.47,C3605585995,109716.83,100628.36,C2377246195,1.0,1.0,0,0.0,0
700,PAYMENT,58.96,C2405746777,76.23,17.27,M6992094064,0.0,0.0,0,0.0,0
37,TRANSFER,5116.76,C9479654136,4768.95,0.0,C5785481124,0.0,0.0,1,0.7633333333333333,1
278,TRANSFER,29.37,C2973888646,33.74,4.37,C4655935832,20129.9,20159.27,0,0.0,0
199,PAYMENT,357.98,C1457632732,442.21,84.23,M3107992942,0.0,0.0,0,0.0,0
363,CASH_OUT,1.0,C9677466102,0.0,0.0,C9248574674,0.0,0.0,0,0.03333333333333333,0
534,TRANSFER,2.92,C3479708607,9.93,7.01,C5087357728,1.76,4.68,0,0.17,0
249,CASH_OUT,1.0,C2653032484,0.0,0.0,C9189503254,0.0,0.0,0,0.02666666666666667,0
16,TRANSFER,21.63,C4460967357,23.06,1.43,C8382963909,10199.59,10221.22,0,0.0,0
255,PAYMENT,79.5,C5293274004,147.91,68.41,M5564953924,0.0,0.0,0,0.0,0
407,PAYMENT,1413.49,C6868336102,30188.56,28775.07,M2541015125,0.0,0.0,0,0.0,0
371,PAYMENT,1.0,C1772303297,0.0,0.0,M9410569618,0.0,0.0,0,0.0,0
268,PAYMENT,31.89,C4098389895,41.12,9.23,M5570190774,0.0,0.0,0,0.0,0
308,DEBIT,31.13,C4325878813,75.16,44.03,M6771941776,0.0,0.0,0,0.023333333333333334,0
170,CASH_OUT,712.54,C9381721143,2315.21,1602.67,C8372755146,319.54,319.54,0,0.0033333333333333335,0
340,CASH_OUT,71.18,C7823288650,288.22,217.04,C3346569443,14.27,14.27,0,0.0,0
218,CASH_OUT,105.34,C6009268066,399.58,294.24,C3185386258,0.0,0.0,0,0.0,0
253,CASH_OUT,175.95,C7243352390,338.72,162.77,C1572827654,0.0,0.0,0,0.0033333333333333335,0
434,CASH_OUT,258.02,C6392415228,330.51,72.49,C5033992825,1817.49,1817.49,0,0.03666666666666667,0
132,TRANSFER,22.02,C8236980551,32.85,10.83,C2431779064,256.79,278.81,0,0.0033333333333333335,0
688,CASH_OUT,515.06,C9333798503,647.62,132.56,C6859286614,2.15,2.15,1,0.02666666666666667,0
361,TRANSFER,543.82,C4014119648,579.65,35.83,M6999146585,0.0,0.0,1,0.16666666666666666,0
284,TRANSFER,125.85,C9544423456,391.76,265.91,C2830154607,269.91,395.76,0,0.0,0
520,PAYMENT,1.0,C7321180787,0.0,0.0,M3636366799,0.0,0.0,0,0.0,0
684,PAYMENT,70.95,C4736031885,7491.47,7420.52,M4908108692,0.0,0.0,0,0.0,0
488,PAYMENT,1.0,C7369118672,0.7,0.0,M9590331226,0.0,0.0,0,0.0,0
411,CASH_IN,100834.78,C5141285960,0.0,100834.78,C1037811610,0.0,0.0,0,0.0,0
481,CASH_OUT,9923.65,C5058691146,10489.84,566.19,C8617360361,4589.64,4589.64,1,0.01,0
573,CASH_IN,99287.21,C4353689019,13.57,99300.78,C3555656321,34.51,34.51,0,0.0,0
399,TRANSFER,100131.74,C5837082260,100703.73,571.99,M2187592160,0.0,0.0,1,0.31,0
128,DEBIT,1.0,C8015124886,0.0,0.0,M4306983924,0.0,0.0,0,0.023333333333333334,0
682,TRANSFER,102.8,C7431813987,97.26,0.0,C4264134512,38.32,38.32,1,0.18666666666666668,0
153,CASH_OUT,3698.27,C8527715219,4340.79,642.52,C8987073217,83.31,83.31,1,0.0,0
422,DEBIT,1.0,C6991473746,0.0,0.0,M4456193555,0.0,0.0,0,0.04666666666666667,0
459,CASH_OUT,3445.06,C8468071953,3873.29,428.23,C1952396600,6.62,6.62,1,0.04,0
156,TRANSFER,44.79,C1316756902,51.44,6.65,C1569113257,1019.13,1063.92,0,0.006666666666666667,0
347,CASH_OUT,180.81,C2962750929,198.49,17.68,M8458323087,0.0,0.0,1,0.02,0
384,PAYMENT,1.4,C7045593274,3.05,1.65,M3660800029,0.0,0.0,0,0.0,0
576,CASH_OUT,62.58,C7533932947,83.89,21.31,M6558769264,0.0,0.0,1,0.03666666666666667,0
28,PAYMENT,6969.62,C4482141802,112626.73,105657.11,M6846530109,0.0,0.0,0,0.0,0
112,CASH_OUT,3234.3,C3291226621,4153.15,918.85,C2331039957,0.0,0.0,1,0.0,0
14,PAYMENT,1.0,C8418332121,1.0,0.0,M9921025990,0.0,0.0,0,0.0,0
284,PAYMENT,747.44,C8285000265,1291.14,543.7,M3965860354,0.0,0.0,0,0.0,0
61,PAYMENT,373.96,C2369705770,84378.79,84004.83,M2839566253,0.0,0.0,0,0.0,0
21,PAYMENT,40.72,C9919491730,5913.56,5872.84,M6247463262,0.0,0.0,0,0.0,0
98,PAYMENT,16080.46,C4353689019,99300.78,83220.32,M4160161496,0.0,0.0,0,0.0,0
413,PAYMENT,22.56,C9035194895,46.85,24.29,M7570511906,0.0,0.0,0,0.0,0
226,PAYMENT,22.67,C6186758088,110.35,87.68,M6361225622,0.0,0.0,0,0.0,0
258,PAYMENT,1.0,C9470922075,1.0,0.0,M2155671697,0.0,0.0,0,0.0,0
604,PAYMENT,1.0,C5354747485,0.0,0.0,M6845287382,0.0,0.0,0,0.0,0
480,PAYMENT,243.26,C4492602049,717.43,474.17,M9822499208,0.0,0.0,0,0.0,0
282,CASH_OUT,87.98,C5693307665,80.34,0.0,M4689605624,0.0,0.0,1,0.05333333333333334,0
89,PAYMENT,1.0,C4586139213,0.0,0.0,M7230477043,0.0,0.0,0,0.0,0
709,TRANSFER,5591.52,C4022245086,4995.08,0.0,C6720572969,86.73,5678.25,1,0.26,0
120,TRANSFER,599.07,C9630522755,702.4,103.33,C4026816435,0.0,599.07,0,0.016666666666666666,0
719,TRANSFER,4237.74,C1626733282,4428.29,190.55,M1083302600,0.0,0.0,1,0.31333333333333335,0
449,PAYMENT,41.39,C8531118333,58.65,17.26,M2839566253,0.0,0.0,0,0.0,0
247,CASH_IN,82087.27,C3095318649,0.0,82087.27,C1182758417,45.31,45.31,0,0.0,0
469,TRANSFER,1.0,C9248574674,0.0,0.0,C6242173772,0.0,1.0,0,0.22,0
45,TRANSFER,78.19,C8106401208,110.61,32.42,M2518433834,0.0,0.0,1,0.16333333333333333,0
571,CASH_OUT,2756.05,C7340498236,2406.67,0.0,C8203447752,4926.38,4926.38,1,0.10333333333333333,0
498,TRANSFER,4.67,C8953726023,8.42,3.75,C4642197907,7.77,12.44,0,0.14666666666666667,0
362,CASH_OUT,254.04,C7552812957,314.2,60.16,M8964269909,0.0,0.0,1,0.013333333333333334,0
42,TRANSFER,17.11,C9035194895,24.29,7.18,C7805633786,312.47,329.58,0,0.006666666666666667,0
637,PAYMENT,1.0,C6576395496,0.0,0.0,M1466305100,0.0,0.0,0,0.0,0
485,CASH_OUT,3.37,C8832617672,15.41,12.04,C1083651970,95.44,95.44,0,0.04,0
162,PAYMENT,69.61,C7420493866,307.81,238.2,M8858274691,0.0,0.0,0,0.0,0
443,CASH_OUT,3312.95,C4682870880,3110.56,0.0,C9388140708,0.0,0.0,1,0.42333333333333334,0
93,CASH_OUT,88.7,C8317619798,132.13,43.43,C2439622619,0.0,0.0,0,0.0033333333333333335,0
526,PAYMENT,914.67,C2304963614,1069.09,154.42,M4554178984,0.0,0.0,0,0.0,0
182,PAYMENT,13.57,C9094089209,19.54,5.97,M9021793855,0.0,0.0,0,0.0,0
183,PAYMENT,20.24,C7460728316,29.58,9.34,M7437168216,0.0,0.0,0,0.0,0
647,DEBIT,15956.38,C6448001026,130031.29,114074.91,M5087280062,0.0,0.0,0,0.02,0
292,CASH_OUT,219.65,C6092773357,539.21,319.56,C4882343658,0.0,0.0,0,0.013333333333333334,0
201,PAYMENT,6.74,C9860949331,10.19,3.45,M7948094928,0.0,0.0,0,0.0,0
225,CASH_OUT,624.01,C2274350418,704.38,80.37,C1506211965,12.3,12.3,0,0.0033333333333333335,0
571,DEBIT,3886.42,C7027529118,17152.31,13265.89,M6820149016,0.0,0.0,0,0.03333333333333333,0
577,CASH_OUT,4486.87,C4460967357,4375.56,0.0,C5870268582,2180.53,2180.53,1,0.19,0
30,DEBIT,5.66,C3250402001,18.63,12.97,M6011842297,0.0,0.0,0,0.02,0
77,CASH_OUT,410.4,C4492602049,474.17,63.77,C9303765140,0.0,0.0,0,0.006666666666666667,0
231,TRANSFER,5175.05,C5861829469,4946.2,0.0,M6200141898,0.0,0.0,1,0.8133333333333334,1
581,PAYMENT,24.97,C2960432117,38.65,13.68,M9021793855,0.0,0.0,0,0.0,0
566,PAYMENT,5.24,C8084809436,15.84,10.6,M9933702652,0.0,0.0,0,0.0,0
224,CASH_OUT,85.9,C5539308214,126.52,40.62,C4526242854,0.0,0.0,0,0.0033333333333333335,0
540,PAYMENT,36.04,C8184602688,97.88,61.84,M3192202822,0.0,0.0,0,0.0,0
318,CASH_OUT,71.8,C8235717104,73.42,1.62,C7183058541,10.08,10.08,1,0.02666666666666667,0
612,TRANSFER,1.0,C7061419749,0.0,0.0,C6341783555,16.55,17.55,0,0.20333333333333334,0
393,CASH_OUT,2216.4,C2524751277,1979.58,0.0,C5714169271,540.21,540.21,1,0.1,0
480,PAYMENT,1.0,C2612579345,0.0,0.0,M8030400668,0.0,0.0,0,0.0,0
326,CASH_OUT,11.96,C5659161352,22.9,10.94,C7161404428,0.0,0.0,0,0.006666666666666667,0
681,CASH_IN,48917.09,C2918260963,551.09,49468.18,C8650676663,178.75,178.75,0,0.0,0
116,CASH_OUT,60.42,C7462972995,83.35,22.93,C3698343112,1.0,1.0,0,0.0033333333333333335,0
714,DEBIT,1.0,C6655089949,0.0,0.0,M1413599241,0.0,0.0,0,0.04666666666666667,0
386,TRANSFER,119332.28,C9581991473,127316.42,7984.14,C8033702319,21165.64,21165.64,1,0.006666666666666667,0
69,TRANSFER,25.87,C6338036681,48.66,22.79,C1160913827,0.0,25.87,0,0.16,0
68,CASH_OUT,131.16,C5626388820,138.8,7.64,C6691628146,0.0,0.0,1,0.01,0
154,PAYMENT,10.12,C4888749350,15.71,5.59,M8910440683,0.0,0.0,0,0.0,0
325,CASH_OUT,1.0,C2948728483,0.0,0.0,C3906611156,0.0,0.0,0,0.03333333333333333,0
256,CASH_OUT,1.0,C1471997674,0.0,0.0,C1590985753,0.0,0.0,0,0.02666666666666667,0
545,CASH_OUT,1.0,C6231117883,0.0,0.0,C8109891300,25.51,25.51,0,0.05,0
251,CASH_OUT,20.65,C6072939882,58.64,37.99,C5998623100,23435.02,23435.02,0,0.0,0
366,CASH_IN,23341.82,C7670476743,4.78,23346.6,C2970753705,25.64,25.64,0,0.0,0
51,CASH_OUT,16972.89,C6311894154,138959.91,121987.02,C1792214339,0.0,0.0,0,0.0,0
312,CASH_OUT,20274.96,C4507822591,26483.17,6208.21,C4427620889,0.0,0.0,1,0.0,0
655,PAYMENT,1.0,C8299146480,0.76,0.0,M3145756342,0.0,0.0,0,0.0,0
156,PAYMENT,1011.92,C7958672456,1210.85,198.93,M3156792018,0.0,0.0,0,0.0,0
206,TRANSFER,5295.47,C3334938378,37318.41,32022.94,C2237386857,186.06,5481.53,0,0.0,0
15,TRANSFER,3668.16,C6415031531,3542.97,0.0,M4892544235,0.0,0.0,1,0.6966666666666667,1
321,PAYMENT,32.7,C3421719519,43.22,10.52,M7366396017,0.0,0.0,0,0.0,0
592,TRANSFER,3579.02,C9903351330,3343.12,0.0,C3891796055,0.0,0.0,1,0.95,1
207,PAYMENT,69.04,C4039019230,105.28,36.24,M7282885927,0.0,0.0,0,0.0,0
656,PAYMENT,181.34,C1654477195,313.22,131.88,M3223687972,0.0,0.0,0,0.0,0
232,TRANSFER,1.0,C9539945315,0.0,0.0,C5569295400,440.79,441.79,0,0.01,0
436,PAYMENT,1.45,C9526836552,200.11,198.66,M3495411322,0.0,0.0,0,0.0,0
303,TRANSFER,25240.2,C7858937483,28993.38,3753.18,C3520417815,358.09,25598.29,0,0.0,0
196,TRANSFER,3.46,C9309500117,4.52,1.06,C3965572185,0.0,3.46,0,0.17666666666666667,0
372,PAYMENT,101.9,C1541964762,263.13,161.23,M7366396017,0.0,0.0,0,0.0,0
306,TRANSFER,1.0,C6098775210,0.0,0.0,C7010379415,0.0,1.0,0,0.22666666666666666,0
611,PAYMENT,1.0,C3169561289,1.32,0.32,M3534186676,0.0,0.0,0,0.0,0
52,PAYMENT,3389.66,C8617360361,4589.64,1199.98,M9021793855,0.0,0.0,0,0.0,0
2,PAYMENT,843.43,C8117478955,1236.4,392.97,M1413599241,0.0,0.0,0,0.0,0
684,CASH_OUT,4673.14,C8690920484,4675.99,2.85,C6892752604,4583.19,4583.19,1,0.1,0
342,TRANSFER,1.0,C1293864877,0.0,0.0,C5419627962,0.0,1.0,0,0.22,0
333,CASH_OUT,216.55,C8487449580,389.01,172.46,C2095286033,31.39,31.39,0,0.0033333333333333335,0
137,TRANSFER,3588.15,C7699500243,4645.01,1056.86,C2214741296,5050.61,8638.76,1,0.0,0
568,TRANSFER,3887.97,C1736086849,4267.32,379.35,C8270110908,0.0,0.0,1,0.31333333333333335,0
217,TRANSFER,1.0,C1037811610,0.0,0.0,C2087974350,0.0,1.0,0,0.23,0
588,TRANSFER,60.14,C4178659381,93.5,33.36,C2984460654,8.77,68.91,0,0.14666666666666667,0
53,PAYMENT,3.49,C6596578419,4.36,0.87,M8626371177,0.0,0.0,0,0.0,0
359,TRANSFER,1.0,C8093179263,0.0,0.0,C5227828349,52.64,53.64,0,0.13,0
519,PAYMENT,1.0,C7590302909,0.0,0.0,M1783432867,0.0,0.0,0,0.0,0
437,PAYMENT,8.99,C8180620422,10.89,1.9,M1711271599,0.0,0.0,0,0.0,0
334,TRANSFER,2844.3,C4642197907,2414.51,0.0,M5919148165,0.0,0.0,1,0.7533333333333333,1
218,PAYMENT,1.0,C5569145346,0.0,0.0,M5891831621,0.0,0.0,0,0.0,0
185,CASH_OUT,75.78,C7625389037,81.2,5.42,M9918338001,0.0,0.0,1,0.01,0
461,PAYMENT,1.0,C3693985578,0.0,0.0,M9776500600,0.0,0.0,0,0.0,0
659,CASH_OUT,13.73,C6548442140,20.19,6.46,C7645527239,0.0,0.0,0,0.03,0
6,TRANSFER,3278.41,C1521521078,3514.29,235.88,M7651029165,0.0,0.0,1,0.19333333333333333,0
106,PAYMENT,1.0,C2979958124,0.42,0.0,M8144889126,0.0,0.0,0,0.0033333333333333335,0
120,PAYMENT,1.0,C8625905455,0.0,0.0,M7750131975,0.0,0.0,0,0.0,0
18,CASH_OUT,1507.38,C3384006407,1260.68,0.0,M9625656293,0.0,0.0,1,0.03666666666666667,0
37,PAYMENT,30.56,C9250327663,84.31,53.75,M5937271321,0.0,0.0,0,0.0,0
257,PAYMENT,390.69,C3291270703,656.34,265.65,M2541015125,0.0,0.0,0,0.0,0
11,PAYMENT,44.05,C4638577630,94.98,50.93,M8740820392,0.0,0.0,0,0.0,0
102,PAYMENT,1.0,C2224336336,0.0,0.0,M7192742877,0.0,0.0,0,0.0033333333333333335,0
194,PAYMENT,11.48,C4152835101,18.6,7.12,M1442421654,0.0,0.0,0,0.0,0
64,CASH_OUT,1611.17,C5022964382,1681.01,69.84,M2885370603,0.0,0.0,1,0.0033333333333333335,0
716,PAYMENT,1.0,C5695387521,0.65,0.0,M8083396378,0.0,0.0,0,0.0,0
225,PAYMENT,20.15,C4492602049,63.77,43.62,M9640701016,0.0,0.0,0,0.0,0
150,PAYMENT,15.95,C8730507757,21.52,5.57,M1857561275,0.0,0.0,0,0.0,0
294,PAYMENT,413.93,C6687206971,481.38,67.45,M4122901114,0.0,0.0,0,0.0033333333333333335,0
436,PAYMENT,15.92,C4710967433,30.07,14.15,M9896529524,0.0,0.0,0,0.0,0
318,CASH_OUT,62.12,C8925520026,84.4,22.28,C7464468567,411.18,411.18,1,0.01,0
558,TRANSFER,3805.65,C4877520294,3548.97,0.0,C1952396600,6.62,6.62,1,0.8533333333333334,1
263,TRANSFER,1.0,C5284391408,0.29,0.0,C6797174636,0.0,1.0,0,0.23333333333333334,0
342,TRANSFER,347.58,C2158638062,305.34,0.0,M8548290298,0.0,0.0,1,0.23,0
418,PAYMENT,1.0,C8854238082,1.0,0.0,M6130446648,0.0,0.0,0,0.0,0
194,TRANSFER,29782.69,C8057994126,34462.75,4680.06,C6201313620,16.62,16.62,1,0.19,0
370,PAYMENT,693.63,C5031086659,892.01,198.38,M6045729129,0.0,0.0,0,0.0,0
340,PAYMENT,4.73,C8083175325,5.26,0.53,M5919148165,0.0,0.0,0,0.0,0
314,PAYMENT,102.23,C6214917780,121.03,18.8,M4125758723,0.0,0.0,0,0.0,0
295,TRANSFER,1614.33,C7882206934,1914.93,300.6,M6384311581,0.0,0.0,1,0.17333333333333334,0
628,PAYMENT,229.23,C9312085761,352.27,123.04,M9065458220,0.0,0.0,0,0.0,0
558,CASH_OUT,184.68,C3780475472,10371.4,10186.72,C5861829469,0.0,0.0,0,0.016666666666666666,0
387,TRANSFER,25.67,C4783282817,11244.21,11218.54,C7488943393,87.75,113.42,0,0.05333333333333334,0
241,CASH_OUT,553.83,C7699500243,1056.86,503.03,C7928074841,240.61,240.61,0,0.006666666666666667,0
439,TRANSFER,74.85,C6732648420,140.69,65.84,C7845366946,0.0,74.85,0,0.16,0
12,TRANSFER,134.63,C3245108207,656.47,521.84,C8299146480,0.0,134.63,0,0.05,0
119,TRANSFER,582.7,C8236980551,698.16,115.46,C8178927766,0.0,0.0,1,0.16333333333333333,0
10,CASH_OUT,10.46,C8106401208,32.42,21.96,C6942989052,0.0,0.0,0,0.0033333333333333335,0
385,CASH_OUT,642.79,C1691293717,575.08,0.0,M4522855590,0.0,0.0,1,0.2,0
252,TRANSFER,1.85,C4847761430,6.71,4.86,C2377246195,1.0,2.85,0,0.16666666666666666,0
537,CASH_OUT,4050.74,C6892752604,4583.19,532.45,C9981691030,0.0,0.0,0,0.03333333333333333,0
15,CASH_OUT,821.2,C7590302909,952.04,130.84,M6041646576,0.0,0.0,1,0.0,0
68,TRANSFER,1.0,C3313993297,0.0,0.0,C9626333315,8360.12,8361.12,0,0.0,0
258,PAYMENT,1.0,C8675071314,0.0,0.0,M1458227039,0.0,0.0,0,0.0,0
372,TRANSFER,3068.79,C1993998848,4300.91,1232.12,C9392707144,3437.3,3437.3,1,0.0,0
162,TRANSFER,1.0,C1041531046,0.0,0.0,C6715705115,0.0,1.0,0,0.22,0
609,TRANSFER,5130.08,C8757570742,4327.62,0.0,C2424706705,24.86,5154.94,1,0.3466666666666667,0
607,CASH_OUT,1.0,C1446362270,2.96,1.96,C2818381356,0.42,0.42,0,0.04666666666666667,0
139,TRANSFER,2299.86,C4765583254,2000.4,0.0,M7717262223,0.0,0.0,1,0.5966666666666667,1
26,TRANSFER,2841.89,C7839819230,2971.25,129.36,C8075122626,871.4,871.4,1,0.02666666666666667,0
223,CASH_IN,126840.13,C1392245997,185.38,127025.51,C9986353481,10347.95,10347.95,0,0.0,0
643,TRANSFER,2177.93,C3047869247,2184.3,6.37,M1676220116,0.0,0.0,1,0.52,1
288,CASH_OUT,3747.01,C8636525027,16966.32,13219.31,C3097302637,604.43,604.43,0,0.0033333333333333335,0
708,CASH_OUT,5200.78,C5381866906,4850.83,0.0,C8282534126,125.51,125.51,1,0.22,0
633,CASH_OUT,1.0,C6894808149,0.0,0.0,C4536306171,9.13,9.13,0,0.05333333333333334,0
638,DEBIT,5.32,C3421719519,10.52,5.2,M8964269909,0.0,0.0,0,0.03,0
36,TRANSFER,240.99,C8902275119,290.94,49.95,C6562144159,261.06,261.06,1,0.0033333333333333335,0
415,PAYMENT,87.95,C2914590233,168.42,80.47,M9900829971,0.0,0.0,0,0.0,0
93,PAYMENT,1.0,C6124453431,0.0,0.0,M7651029165,0.0,0.0,0,0.0,0
491,TRANSFER,2.18,C8366884200,10.69,8.51,C4067919621,0.0,2.18,0,0.17,0
486,TRANSFER,1187.98,C6098775210,1146.18,0.0,C5407856339,0.0,0.0,1,0.4633333333333333,0
412,CASH_OUT,1.0,C7010379415,1.0,0.0,C9505085936,250.37,250.37,0,0.09,0
644,PAYMENT,2.07,C8287542751,7.04,4.97,M8728631945,0.0,0.0,0,0.0,0
487,CASH_IN,134858.76,C7508522951,461.21,135319.97,C9558091177,158.94,158.94,0,0.0,0
246,PAYMENT,259.74,C2683446724,390.61,130.87,M8903212516,0.0,0.0,0,0.0,0
68,TRANSFER,311.44,C6618926823,442.35,130.91,C1106456634,49.87,361.31,1,0.02,0
677,DEBIT,1.0,C6000009225,0.0,0.0,M7532669066,0.0,0.0,0,0.05,0
313,CASH_IN,11606.07,C6289150149,0.0,11606.07,C8695129534,28.8,28.8,0,0.0,0
450,PAYMENT,26.25,C2756070122,32.52,6.27,M4892544235,0.0,0.0,0,0.0,0
59,TRANSFER,3866.26,C4693510920,4636.57,770.31,C1225447588,0.0,0.0,1,0.20333333333333334,0
98,PAYMENT,1405.79,C6313758032,2802.3,1396.51,M9043367776,0.0,0.0,0,0.0,0
711,PAYMENT,165.54,C4130305126,262.39,96.85,M5270048042,0.0,0.0,0,0.0,0
348,CASH_OUT,5559.17,C3639796200,4758.33,0.0,M8276498637,0.0,0.0,1,0.12666666666666668,0
12,PAYMENT,327.18,C6710338189,494.4,167.22,M6732306182,0.0,0.0,0,0.0,0
17,PAYMENT,7149.81,C2843567009,62185.08,55035.27,M2778069478,0.0,0.0,0,0.0,0
419,CASH_OUT,1355.5,C7292376027,1343.93,0.0,C9857430687,2.52,2.52,1,0.3933333333333333,0
457,PAYMENT,1.0,C5891280823,0.77,0.0,M6498703287,0.0,0.0,0,0.0,0
136,CASH_OUT,1.0,C4939447721,0.0,0.0,C2721355673,6.06,6.06,0,0.0033333333333333335,0
124,CASH_IN,105709.63,C4783282817,11218.54,116928.17,C7977267911,0.0,0.0,0,0.0,0
590,PAYMENT,2.78,C3691864041,11.36,8.58,M3595066420,0.0,0.0,0,0.0,0
548,CASH_OUT,831.25,C1993998848,1232.12,400.87,C3725152347,74.43,74.43,0,0.023333333333333334,0
657,CASH_OUT,3673.53,C2237386857,5481.53,1808.0,C2183906581,0.0,0.0,0,0.023333333333333334,0
31,TRANSFER,34601.66,C8942167666,29787.41,0.0,M6515490818,0.0,0.0,1,0.6866666666666666,1
218,CASH_IN,12948.8,C4203205881,18.79,12967.59,C1322401182,170.42,170.42,0,0.0,0
54,PAYMENT,1.0,C5243939720,0.0,0.0,M8102481401,0.0,0.0,0,0.0,0
113,CASH_OUT,1.0,C8178927766,0.0,0.0,C8282534126,125.51,125.51,0,0.0,0
8,TRANSFER,199.28,C2867302554,253.94,54.66,C3343459102,100.12,299.4,0,0.006666666666666667,0
634,TRANSFER,3635.8,C5693307665,3955.08,319.28,M2635881694,0.0,0.0,1,0.33,0
197,TRANSFER,1334.98,C2960488639,1746.13,411.15,M2249831874,0.0,0.0,1,0.13,0
49,PAYMENT,1.0,C8942167666,0.0,0.0,M9098037639,0.0,0.0,0,0.0,0
80,TRANSFER,2696.56,C4268713302,2344.43,0.0,M8903212516,0.0,0.0,1,0.7966666666666666,1
706,CASH_OUT,17.79,C5819946657,79.2,61.41,C8270110908,0.0,0.0,0,0.03,0
642,TRANSFER,1330.66,C2554039848,1226.4,0.0,M4329446784,0.0,0.0,1,0.4633333333333333,0
238,TRANSFER,2860.46,C4405620755,2514.45,0.0,C5161807235,35841.25,35841.25,1,0.016666666666666666,0
125,TRANSFER,1.37,C6463640105,2.45,1.08,C4550353803,0.0,1.37,0,0.15666666666666668,0
489,PAYMENT,1.0,C4735334423,0.0,0.0,M9773795424,0.0,0.0,0,0.0,0
30,TRANSFER,1198.46,C2720484983,1394.53,196.07,C8907752604,0.0,0.0,1,0.10333333333333333,0
535,CASH_OUT,5330.01,C6072939882,4924.2,0.0,M6932365592,0.0,0.0,1,0.20666666666666667,0
699,CASH_OUT,1.0,C6633778586,0.0,0.0,C4538382315,0.0,0.0,0,0.056666666666666664,0
563,DEBIT,87.06,C5144289583,123.85,36.79,M4865979921,0.0,0.0,0,0.03,0
494,CASH_OUT,227.16,C5943324387,208.4,0.0,M6992094064,0.0,0.0,1,0.07333333333333333,0
460,PAYMENT,1.0,C4647891535,1.46,0.46,M1676220116,0.0,0.0,0,0.0,0
61,PAYMENT,146.16,C7772180882,624.09,477.93,M6011842297,0.0,0.0,0,0.0,0
64,TRANSFER,6837.74,C8235363119,37561.72,30723.98,C8669484644,71596.72,78434.46,0,0.0,0
174,TRANSFER,3720.89,C6726515966,3327.24,0.0,M3469205576,0.0,0.0,1,0.7866666666666666,1
448,PAYMENT,54.25,C5082603360,223.49,169.24,M3369412470,0.0,0.0,0,0.0,0
563,PAYMENT,1.0,C4311931853,1.0,0.0,M3595066420,0.0,0.0,0,0.0,0
502,CASH_OUT,287.17,C8372755146,319.54,32.37,C9309500117,1.06,1.06,0,0.04,0
159,PAYMENT,161.52,C4748302739,228.5,66.98,M7351460539,0.0,0.0,0,0.0,0
192,TRANSFER,1.0,C5381866906,0.0,0.0,C1417436465,2.97,3.97,0,0.22666666666666666,0
175,PAYMENT,1.0,C5433722159,0.0,0.0,M5570190774,0.0,0.0,0,0.0,0
622,CASH_OUT,381.72,C5151086814,352.04,0.0,M6275155878,0.0,0.0,1,0.07666666666666666,0
298,PAYMENT,129.3,C5763350700,282.72,153.42,M9896529524,0.0,0.0,0,0.0,0
518,CASH_IN,12350.5,C6463640105,1.08,12351.58,C6081137534,299.32,299.32,0,0.0,0
277,CASH_OUT,3972.63,C7402059279,3514.6,0.0,C6633778586,0.0,0.0,1,0.09333333333333334,0
36,TRANSFER,375.84,C9621419224,341.16,0.0,M9625656293,0.0,0.0,1,0.23,0
135,TRANSFER,23108.99,C2770980600,22125.16,0.0,C2620054076,258.43,258.43,1,0.19666666666666666,0
213,CASH_OUT,1466.8,C3293560436,1285.0,0.0,M5570190774,0.0,0.0,1,0.05,0
248,CASH_OUT,4154.17,C5281907480,4114.4,0.0,C1439427140,1.71,1.71,1,0.08666666666666667,0
59,TRANSFER,3153.97,C1026224160,3529.69,375.72,M5412437658,0.0,0.0,1,0.21,0
558,TRANSFER,3506.32,C3304560537,3077.52,0.0,M3566125120,0.0,0.0,1,0.9433333333333334,1
652,TRANSFER,22111.81,C4655935832,20159.27,0.0,M9065458220,0.0,0.0,1,0.8966666666666666,1
469,PAYMENT,1.0,C2965718821,0.0,0.0,M6558769264,0.0,0.0,0,0.0,0
649,CASH_OUT,3721.21,C2879792991,3587.06,0.0,C3528924461,971.82,971.82,1,0.2,0
630,CASH_OUT,1816.39,C4907446848,50256.54,48440.15,C4745927824,886.4,886.4,0,0.0,0
90,TRANSFER,1.0,C9546021691,0.0,0.0,C1037811610,0.0,1.0,0,0.23333333333333334,0
177,TRANSFER,753.99,C1625217504,1027.56,273.57,C2423995953,269.48,269.48,1,0.006666666666666667,0
136,CASH_OUT,970.64,C8369792370,833.92,0.0,C2394868732,0.0,0.0,1,0.08,0
6,TRANSFER,12.23,C9250327663,53.75,41.52,C2914126243,45.53,57.76,0,0.08,0
646,PAYMENT,1.0,C5789617427,0.0,0.0,M5412437658,0.0,0.0,0,0.0,0
624,PAYMENT,1.0,C7894019119,0.0,0.0,M5891831621,0.0,0.0,0,0.0,0
489,CASH_OUT,3969.13,C4921003983,4756.79,787.66,C4623960580,149.32,149.32,0,0.03,0
718,TRANSFER,18.77,C2591589823,23.07,4.3,C3910678913,15.91,34.68,0,0.14666666666666667,0
174,PAYMENT,1.0,C4632522232,0.0,0.0,M9916475897,0.0,0.0,0,0.0,0
24,TRANSFER,224.16,C4524233168,258.88,34.72,M9558906999,0.0,0.0,1,0.15333333333333332,0
166,DEBIT,1.14,C8997701619,1.7,0.56,M9576264323,0.0,0.0,0,0.03,0
83,TRANSFER,1736.2,C8208584394,3721.52,1985.32,C1726990714,8.46,1744.66,0,0.01,0
331,TRANSFER,1.0,C3734252963,1.33,0.33,C9697414638,9.06,10.06,0,0.18333333333333332,0
134,CASH_OUT,349.86,C3470617247,370.01,20.15,C4594787485,344.33,344.33,1,0.0033333333333333335,0
278,PAYMENT,1.0,C1471997674,0.0,0.0,M9026301048,0.0,0.0,0,0.0,0
593,PAYMENT,848.45,C1487258103,16939.63,16091.18,M3094407076,0.0,0.0,0,0.0,0
646,TRANSFER,264.96,C7635473142,314.09,49.13,M1413599241,0.0,0.0,1,0.17333333333333334,0
228,PAYMENT,85.49,C8934927891,270.09,184.6,M6894024976,0.0,0.0,0,0.0,0
654,TRANSFER,1044.47,C7077131430,1486.24,441.77,C5033992825,1817.49,2861.96,0,0.03,0
706,PAYMENT,1.76,C7979466538,2.75,0.99,M8727805468,0.0,0.0,0,0.0,0
584,TRANSFER,1.0,C4853479481,1.0,0.0,C8832617672,12.04,13.04,0,0.2,0
398,PAYMENT,323.8,C5569295400,441.79,117.99,M9640701016,0.0,0.0,0,0.0,0
594,TRANSFER,760.4,C1051354601,653.36,0.0,M8646369354,0.0,0.0,1,0.2633333333333333,0
669,DEBIT,1.0,C5975196341,0.0,0.0,M2885370603,0.0,0.0,0,0.05,0
146,TRANSFER,4000.11,C4460967357,4152.36,152.25,C8189916797,299.3,299.3,1,0.016666666666666666,0
422,PAYMENT,46.72,C4659306670,52.08,5.36,M3660800029,0.0,0.0,0,0.0,0
164,PAYMENT,5.78,C5067245523,13.16,7.38,M3019265031,0.0,0.0,0,0.0,0
675,TRANSFER,7.45,C7640078465,9.41,1.96,C6924716023,0.0,7.45,0,0.18333333333333332,0
493,TRANSFER,15242.48,C1487258103,16091.18,848.7,C7910817577,0.0,0.0,1,0.3333333333333333,0
247,TRANSFER,1.0,C3693985578,0.0,0.0,C4636537575,772.24,773.24,0,0.016666666666666666,0
570,TRANSFER,676.26,C1643611097,625.5,0.0,C1993998848,400.87,400.87,1,0.13333333333333333,0
534,CASH_OUT,40584.26,C2407863065,140748.81,100164.55,C7199283151,403.07,403.07,0,0.0,0
106,TRANSFER,3606.77,C1513003815,3795.14,188.37,M2518433834,0.0,0.0,1,0.21333333333333335,0
246,DEBIT,2590.27,C5033992825,2861.96,271.69,M6247463262,0.0,0.0,0,0.013333333333333334,0
286,PAYMENT,1.0,C4015479599,0.0,0.0,M1504729135,0.0,0.0,0,0.0,0
480,TRANSFER,69.01,C1770278136,187.84,118.83,C3206955437,225.43,294.44,0,0.05333333333333334,0
564,TRANSFER,258.53,C6009268066,294.24,35.71,C6822870815,65.35,323.88,1,0.07,0
562,PAYMENT,3.61,C2869999754,5.09,1.48,M3156792018,0.0,0.0,0,0.0,0
415,TRANSFER,74.16,C5800633419,207.91,133.75,C7536876169,2343.92,2418.08,0,0.013333333333333334,0
105,PAYMENT,1498.74,C8208584394,1985.32,486.58,M3476758136,0.0,0.0,0,0.0,0
549,CASH_IN,62732.98,C1847275937,0.0,62732.98,C9581991473,7984.14,7984.14,0,0.0,0
547,CASH_OUT,4460.08,C6305160342,3832.93,0.0,C6272000062,907.21,907.21,1,0.23333333333333334,0
384,PAYMENT,146.31,C8285000265,543.7,397.39,M9977193987,0.0,0.0,0,0.0,0
530,PAYMENT,86.82,C2050340486,144.46,57.64,M9590331226,0.0,0.0,0,0.0,0
283,TRANSFER,928.18,C3655790301,781.66,0.0,M4306983924,0.0,0.0,1,0.33,0
226,TRANSFER,1625.19,C3521166052,1723.27,98.08,C5227828349,53.64,53.64,1,0.16333333333333333,0
568,PAYMENT,9.1,C8991514523,22.03,12.93,M9021793855,0.0,0.0,0,0.0,0
382,CASH_OUT,1.0,C9484167278,0.0,0.0,C2774884818,164.65,164.65,0,0.013333333333333334,0
19,TRANSFER,3592.89,C3693985578,3465.09,0.0,C8934097788,36.64,36.64,1,0.5866666666666667,1
470,PAYMENT,1.42,C3098948446,1.88,0.46,M3508990774,0.0,0.0,0,0.0,0
176,PAYMENT,571.92,C8293453178,619.96,48.04,M7764117705,0.0,0.0,0,0.0,0
469,TRANSFER,1.0,C2174793230,0.0,0.0,C4353689019,83220.32,83221.32,0,0.0,0
531,PAYMENT,4.91,C1485574228,14.52,9.61,M8910440683,0.0,0.0,0,0.0,0
193,PAYMENT,58.99,C4518871744,62.71,3.72,M2635881694,0.0,0.0,0,0.0,0
49,PAYMENT,1.0,C7015992643,0.0,0.0,M3960136787,0.0,0.0,0,0.0,0
565,TRANSFER,75118.61,C1983297492,82250.6,7131.99,C1245522987,451.55,451.55,1,0.09666666666666666,0
467,PAYMENT,1.0,C9837912162,0.0,0.0,M7437168216,0.0,0.0,0,0.0,0
695,PAYMENT,1.0,C2771211118,0.0,0.0,M1504729135,0.0,0.0,0,0.0,0
269,TRANSFER,4150.61,C6069848439,4694.9,544.29,M8903212516,0.0,0.0,1,0.22333333333333333,0
115,DEBIT,1.0,C1361845490,0.99,0.0,M2121448210,0.0,0.0,0,0.02666666666666667,0
49,PAYMENT,3537.69,C6218484323,72842.16,69304.47,M6932365592,0.0,0.0,0,0.0,0
344,PAYMENT,1.0,C8380507338,0.0,0.0,M4554178984,0.0,0.0,0,0.0,0
114,CASH_OUT,270.21,C4482238042,615.52,345.31,C7292076361,0.0,0.0,0,0.0033333333333333335,0
299,PAYMENT,66.93,C8831899893,101.55,34.62,M7651029165,0.0,0.0,0,0.0,0
2,CASH_OUT,305.2,C5710360983,297.7,0.0,M9773795424,0.0,0.0,1,0.03333333333333333,0
626,PAYMENT,19.96,C5072538783,29.91,9.95,M2555936898,0.0,0.0,0,0.0,0
73,PAYMENT,1.0,C4022245086,0.0,0.0,M4952177946,0.0,0.0,0,0.0,0
145,PAYMENT,1.0,C9837912162,0.0,0.0,M7951820749,0.0,0.0,0,0.0,0
445,CASH_OUT,4807.39,C8375996697,4706.16,0.0,M1458227039,0.0,0.0,1,0.30666666666666664,0
249,TRANSFER,1857.3,C9660523876,2066.12,208.82,C2065354117,0.0,1857.3,0,0.006666666666666667,0
444,PAYMENT,63.95,C7949795085,93.55,29.6,M9288057824,0.0,0.0,0,0.0,0
360,CASH_OUT,93940.31,C6504099682,109774.45,15834.14,M3297681898,0.0,0.0,1,0.0033333333333333335,0
133,CASH_OUT,1.0,C7904559790,0.0,0.0,C9354542654,501.67,501.67,0,0.01,0
51,PAYMENT,368.87,C2994056084,592.14,223.27,M7270955446,0.0,0.0,0,0.0,0
459,TRANSFER,35.36,C5215140451,130.02,94.66,C4248149900,0.0,35.36,0,0.16,0
560,CASH_OUT,3340.75,C9196564761,3935.42,594.67,C5268845844,882.22,882.22,1,0.013333333333333334,0
10,PAYMENT,1.62,C6761084958,5.28,3.66,M4093474499,0.0,0.0,0,0.0,0
93,CASH_OUT,2416.88,C3271361431,2763.5,346.62,C7393195616,8.44,8.44,1,0.0,0
394,PAYMENT,1.0,C1662259333,0.71,0.0,M8626371177,0.0,0.0,0,0.0,0
398,TRANSFER,2737.3,C5271453859,2944.8,207.5,M9620935604,0.0,0.0,1,0.18666666666666668,0
694,PAYMENT,1688.16,C6645808194,4103.96,2415.8,M2121448210,0.0,0.0,0,0.0,0
192,PAYMENT,1.0,C7010379415,0.0,0.0,M7717262223,0.0,0.0,0,0.0,0
415,TRANSFER,1.0,C3777580509,0.0,0.0,C7465834732,606.68,607.68,0,0.06333333333333334,0
6,TRANSFER,942.7,C9318010743,853.29,0.0,M6130446648,0.0,0.0,1,0.31666666666666665,0
43,PAYMENT,68.7,C2014766981,93.57,24.87,M5869990861,0.0,0.0,0,0.0,0
348,TRANSFER,541.44,C4946081594,590.59,49.15,C9196564761,594.67,594.67,1,0.0033333333333333335,0
47,TRANSFER,3165.16,C7402059279,2701.26,0.0,C9481076448,0.0,0.0,1,0.7866666666666666,1
7,CASH_OUT,1086.72,C1067198189,1792.96,706.24,C1149460439,33484.83,33484.83,0,0.0,0
561,CASH_OUT,1275.89,C9381721143,1602.67,326.78,C6425814872,21861.71,21861.71,1,0.006666666666666667,0
236,TRANSFER,3341.45,C7004964045,4226.85,885.4,M8667946580,0.0,0.0,1,0.21666666666666667,0
703,CASH_IN,1003.73,C9751963589,14.65,1018.38,C3591527330,0.0,0.0,0,0.0,0
133,TRANSFER,298.65,C2479679716,300.25,1.6,M8874242713,0.0,0.0,1,0.15333333333333332,0
650,PAYMENT,641.54,C6027311960,33793.57,33152.03,M9921025990,0.0,0.0,0,0.0,0
519,CASH_IN,12243.66,C4143852021,688.54,12932.2,C7635473142,49.13,49.13,0,0.0,0
617,TRANSFER,2.89,C6797436140,5.12,2.23,C1282103057,54.72,57.61,0,0.14333333333333334,0
208,CASH_OUT,3179.44,C5735817014,3693.53,514.09,C6714723660,472.49,472.49,1,0.0033333333333333335,0
335,PAYMENT,1.0,C9318010743,0.0,0.0,M6894024976,0.0,0.0,0,0.0,0
75,PAYMENT,268.31,C3962452613,307.43,39.12,M7168105904,0.0,0.0,0,0.0,0
116,CASH_OUT,1.93,C5647317872,2.05,0.12,C6037168610,0.0,0.0,0,0.0033333333333333335,0
151,PAYMENT,2800.38,C3142452709,9614.88,6814.5,M4689605624,0.0,0.0,0,0.0,0
195,PAYMENT,1.0,C7751356568,0.0,0.0,M7750131975,0.0,0.0,0,0.0,0
522,TRANSFER,1300.54,C4308701294,1499.48,198.94,M7702529931,0.0,0.0,1,0.17,0
236,PAYMENT,11874.95,C4783282817,116928.17,105053.22,M2328736852,0.0,0.0,0,0.0,0
327,PAYMENT,128.55,C6923206003,447.7,319.15,M2604788242,0.0,0.0,0,0.0,0
242,TRANSFER,1785.7,C2525930586,1559.01,0.0,M7713758036,0.0,0.0,1,0.4066666666666667,0
244,TRANSFER,1.0,C6942989052,0.0,0.0,C9309500117,1.06,2.06,0,0.23333333333333334,0
420,CASH_OUT,3145.71,C3421719519,2852.04,0.0,C9305502799,0.0,0.0,1,0.38333333333333336,0
188,TRANSFER,5147.4,C6859286614,4925.98,0.0,M4306983924,0.0,0.0,1,0.7966666666666666,1
119,CASH_OUT,880.54,C6562457052,812.35,0.0,M4865979921,0.0,0.0,1,0.08,0
56,CASH_IN,13777.15,C3305069227,140.01,13917.16,C5588254555,19175.42,19175.42,0,0.0,0
603,CASH_OUT,121.31,C6805759868,169.91,48.6,C9618334441,1.95,1.95,0,0.03666666666666667,0
338,PAYMENT,2733.87,C5871743247,18696.72,15962.85,M5869990861,0.0,0.0,0,0.0,0
554,PAYMENT,10.62,C8039917766,15.05,4.43,M4158643786,0.0,0.0,0,0.0,0
570,TRANSFER,13436.96,C2075321966,15982.14,2545.18,C6879428703,399.34,399.34,1,0.12,0
334,PAYMENT,34.61,C3574081104,65.44,30.83,M8728631945,0.0,0.0,0,0.0,0
119,TRANSFER,1.58,C8761469117,2.43,0.85,C1112794026,0.0,1.58,0,0.18333333333333332,0
240,DEBIT,71.46,C5923940434,218.58,147.12,M1692044390,0.0,0.0,0,0.016666666666666666,0
31,CASH_OUT,1.0,C4577406847,1.16,0.16,C8274219704,40539.05,40539.05,0,0.0,0
519,PAYMENT,1.0,C2965718821,0.0,0.0,M7969674420,0.0,0.0,0,0.0,0
184,PAYMENT,6.01,C9166381136,6.49,0.48,M3846182436,0.0,0.0,0,0.0,0
510,PAYMENT,137.93,C7772180882,477.93,340.0,M3119908041,0.0,0.0,0,0.0,0
135,TRANSFER,2.06,C1809283659,4.21,2.15,C3555656321,34.51,36.57,0,0.11,0
720,CASH_OUT,4.26,C9623534576,11.07,6.81,C1977515194,470.2,470.2,0,0.03333333333333333,0
523,DEBIT,3.9,C9433570024,4.37,0.47,M1413599241,0.0,0.0,0,0.043333333333333335,0
349,TRANSFER,123.28,C9123207735,125.27,1.99,M9021793855,0.0,0.0,1,0.16666666666666666,0
614,PAYMENT,1.0,C5036200310,0.0,0.0,M2604788242,0.0,0.0,0,0.0,0
487,TRANSFER,1328.79,C2616884203,1768.21,439.42,C5952163720,0.0,1328.79,1,0.043333333333333335,0
525,TRANSFER,1.0,C4067919621,2.18,1.18,C9954587710,257.58,258.58,0,0.07666666666666666,0
73,PAYMENT,1.0,C3693985578,0.0,0.0,M9581187661,0.0,0.0,0,0.0,0
278,PAYMENT,14.18,C1945826486,61.27,47.09,M8821456242,0.0,0.0,0,0.0,0
233,PAYMENT,545.94,C3097302637,604.43,58.49,M6515490818,0.0,0.0,0,0.0,0
185,PAYMENT,2188.21,C6517150278,13598.6,11410.39,M8874242713,0.0,0.0,0,0.0,0
119,CASH_OUT,548.55,C2283298067,555.5,6.95,M3705237613,0.0,0.0,1,0.03333333333333333,0
74,PAYMENT,5.1,C6719736115,6.15,1.05,M6846530109,0.0,0.0,0,0.0,0
506,PAYMENT,38.14,C3980491761,67.21,29.07,M1199447370,0.0,0.0,0,0.0,0
30,PAYMENT,151.35,C8117478955,392.97,241.62,M9404002665,0.0,0.0,0,0.0,0
622,PAYMENT,6.36,C4207337120,28.23,21.87,M6200141898,0.0,0.0,0,0.0,0
295,CASH_OUT,114.07,C6882074066,138.54,24.47,C2111272861,14058.43,14058.43,1,0.006666666666666667,0
494,PAYMENT,238.47,C7215110267,291.4,52.93,M4892544235,0.0,0.0,0,0.0,0
625,TRANSFER,704.77,C2870403050,955.57,250.8,M3438830691,0.0,0.0,1,0.15666666666666668,0
231,PAYMENT,1.0,C7576309274,0.0,0.0,M1306420495,0.0,0.0,0,0.0,0
386,PAYMENT,206.12,C9806189256,275.44,69.32,M8821456242,0.0,0.0,0,0.0,0
367,PAYMENT,4.45,C9249923427,9.77,5.32,M8058679999,0.0,0.0,0,0.0,0
480,CASH_OUT,31.95,C6470052645,35.05,3.1,C9274189261,16.07,16.07,0,0.06,0
650,PAYMENT,1.0,C5694806361,0.89,0.0,M2391874847,0.0,0.0,0,0.0,0
281,DEBIT,3218.12,C3716924538,4708.73,1490.61,M8366710477,0.0,0.0,0,0.02,0
324,PAYMENT,1.43,C6329323383,2.05,0.62,M1504729135,0.0,0.0,0,0.0,0
366,PAYMENT,23.96,C4997866845,96.09,72.13,M8667946580,0.0,0.0,0,0.0,0
329,TRANSFER,116.69,C4485356009,110.91,0.0,M3072183247,0.0,0.0,1,0.23,0
304,PAYMENT,3.82,C2756070122,6.27,2.45,M2604788242,0.0,0.0,0,0.0,0
526,TRANSFER,68.05,C1306702926,168.88,100.83,C4067961943,1.0,69.05,0,0.16666666666666666,0
91,TRANSFER,4.31,C6548442140,6.46,2.15,C9860949331,3.45,7.76,0,0.17333333333333334,0
147,TRANSFER,3696.86,C8846861559,4335.52,638.66,M6130446648,0.0,0.0,1,0.17,0
340,PAYMENT,1.0,C6717963562,0.0,0.0,M2711123163,0.0,0.0,0,0.0,0
403,TRANSFER,2792.69,C8737025391,3306.89,514.2,M1908459040,0.0,0.0,1,0.18,0
52,CASH_OUT,3788.2,C8325222092,3272.27,0.0,C7556078550,0.0,0.0,1,0.043333333333333335,0
584,CASH_IN,829.38,C1194576436,0.0,829.38,C1083651970,95.44,95.44,0,0.0,0
575,TRANSFER,54233.38,C8086684009,58223.6,3990.22,C1197092148,2.07,54235.45,1,0.0033333333333333335,0
507,TRANSFER,1272.75,C6894699853,1170.76,0.0,C5328166990,0.0,0.0,1,0.45666666666666667,0
571,TRANSFER,761.45,C1569113257,1063.92,302.47,C4302632494,0.0,0.0,1,0.16333333333333333,0
370,CASH_OUT,279.31,C7420493866,238.2,0.0,C7508522951,135319.97,135319.97,1,0.013333333333333334,0
138,PAYMENT,2249.53,C7598745558,3737.17,1487.64,M5734228580,0.0,0.0,0,0.0,0
491,TRANSFER,1.0,C3791815554,0.18,0.0,C4880176825,259.05,260.05,0,0.10333333333333333,0
22,PAYMENT,10.81,C9780187424,44.87,34.06,M3534186676,0.0,0.0,0,0.0,0
312,CASH_OUT,2693.26,C5911625145,3351.8,658.54,C7792729530,0.0,0.0,1,0.006666666666666667,0
421,PAYMENT,1.0,C4227004325,0.0,0.0,M8727805468,0.0,0.0,0,0.0,0
291,CASH_OUT,16.73,C3853978147,21.83,5.1,C8721631198,72.37,72.37,0,0.0,0
476,CASH_OUT,167.69,C1521521078,235.88,68.19,M1357561213,0.0,0.0,1,0.05,0
126,CASH_OUT,2304.85,C9623534576,3165.06,860.21,C2928130926,0.0,0.0,1,0.0,0
418,PAYMENT,1.0,C2076341629,1.0,0.0,M6011842297,0.0,0.0,0,0.0,0
217,TRANSFER,2.56,C3965572185,3.46,0.9,C7529817193,3.37,5.93,0,0.18333333333333332,0
228,DEBIT,1.0,C7305101214,0.0,0.0,M8768773991,0.0,0.0,0,0.03,0
538,TRANSFER,123.18,C8933377472,136.55,13.37,M6495967005,0.0,0.0,1,0.17333333333333334,0
232,CASH_OUT,1.0,C1600337712,0.0,0.0,C1207916194,303.62,303.62,0,0.0033333333333333335,0
500,TRANSFER,1378.7,C8584566722,1181.26,0.0,C9633533290,0.0,0.0,1,0.45666666666666667,0
200,TRANSFER,4055.82,C1561417687,3988.74,0.0,C1691293717,0.0,0.0,1,0.8066666666666666,1
46,PAYMENT,31.09,C3088517710,139.54,108.45,M3317856944,0.0,0.0,0,0.0,0
194,PAYMENT,509.68,C9830946410,824.09,314.41,M6401844042,0.0,0.0,0,0.0,0
609,TRANSFER,1.0,C7321180787,0.0,0.0,C6789292252,0.0,1.0,0,0.23333333333333334,0
701,PAYMENT,25.14,C3480920839,37.11,11.97,M9098037639,0.0,0.0,0,0.0,0
384,PAYMENT,2.15,C4930438209,24.26,22.11,M7861571879,0.0,0.0,0,0.0,0
28,CASH_OUT,1.0,C3891796055,0.0,0.0,C7074050517,32.86,32.86,0,0.0,0
159,CASH_OUT,184.86,C1626733282,190.55,5.69,C2181241943,5.75,5.75,1,0.01,0
594,PAYMENT,92.81,C1083651970,95.44,2.63,M8366710477,0.0,0.0,0,0.0,0
622,PAYMENT,3355.77,C6065662867,77136.26,73780.49,M9916475897,0.0,0.0,0,0.0,0
126,CASH_OUT,948.79,C7760554363,1222.33,273.54,M4329446784,0.0,0.0,1,0.0,0
113,CASH_OUT,106.04,C1654477195,131.88,25.84,M2518433834,0.0,0.0,1,0.006666666666666667,0
277,TRANSFER,2570.11,C2612579345,2665.24,95.13,C5578056564,8.33,8.33,1,0.30666666666666664,0
187,TRANSFER,106.76,C6317889312,239.52,132.76,C7473868020,63.1,169.86,0,0.03,0
612,CASH_OUT,2945.13,C6655089949,3235.53,290.4,C4642197907,0.0,0.0,1,0.02666666666666667,0
365,CASH_OUT,36.93,C1741134891,68.23,31.3,C1546696950,8.68,8.68,0,0.006666666666666667,0
354,TRANSFER,4727.22,C7808938880,4272.81,0.0,M2115862756,0.0,0.0,1,0.7433333333333333,1
92,CASH_OUT,79321.92,C5872148707,72392.74,0.0,M4125758723,0.0,0.0,1,0.043333333333333335,0
128,CASH_OUT,3688.92,C8106906538,3743.88,54.96,M4125758723,0.0,0.0,1,0.0033333333333333335,0
409,PAYMENT,2.73,C4627032705,4.04,1.31,M3960136787,0.0,0.0,0,0.0,0
683,TRANSFER,525.84,C1798112150,552.62,26.78,C2850820685,0.0,0.0,1,0.18,0
283,DEBIT,20.77,C1234359689,92.83,72.06,M6495967005,0.0,0.0,0,0.023333333333333334,0
11,TRANSFER,1.0,C8243746556,0.0,0.0,C6922713963,484.14,485.14,0,0.016666666666666666,0
507,PAYMENT,1.0,C8543865915,0.0,0.0,M5990749811,0.0,0.0,0,0.0,0
326,CASH_OUT,1.0,C7059591606,0.0,0.0,C9035194895,7.18,7.18,0,0.02666666666666667,0
328,PAYMENT,7986.66,C6288227800,79354.92,71368.26,M2869931869,0.0,0.0,0,0.0,0
598,TRANSFER,2681.54,C7248258423,2741.44,59.9,C3713284816,2.34,2.34,1,0.4766666666666667,0
651,PAYMENT,5.32,C8168204967,6.28,0.96,M6401844042,0.0,0.0,0,0.0,0
609,CASH_OUT,279.92,C4283432667,281.78,1.86,C5736462531,221.13,221.13,1,0.04666666666666667,0
355,CASH_OUT,1.35,C7934137693,1.79,0.44,C8906163641,4503.78,4503.78,0,0.006666666666666667,0
219,DEBIT,1.0,C5407856339,0.0,0.0,M9620935604,0.0,0.0,0,0.03,0
10,CASH_OUT,1.0,C1225447588,0.0,0.0,C3791815554,0.0,0.0,0,0.006666666666666667,0
244,TRANSFER,76.68,C3316277000,228.84,152.16,C7801948900,33621.37,33698.05,0,0.0,0
296,DEBIT,8.01,C6947080764,25.2,17.19,M2156184315,0.0,0.0,0,0.023333333333333334,0
258,PAYMENT,188.14,C9957813353,295.18,107.04,M5585110649,0.0,0.0,0,0.0,0
708,PAYMENT,1.0,C1104906255,0.0,0.0,M8858274691,0.0,0.0,0,0.0033333333333333335,0
240,TRANSFER,2249.28,C6161147047,2340.47,91.19,C3436297208,0.0,0.0,1,0.42333333333333334,0
1,TRANSFER,1.0,C4274374218,0.0,0.0,C6515369278,103004.07,103005.07,0,0.0033333333333333335,0
355,PAYMENT,1.0,C8575707116,0.25,0.0,M9933702652,0.0,0.0,0,0.0,0
496,TRANSFER,18253.32,C9420979586,64610.15,46356.83,C8625905455,0.0,18253.32,0,0.0,0
354,TRANSFER,1847.82,C6804850108,1816.24,0.0,C4398953973,4759.77,4759.77,1,0.013333333333333334,0
361,PAYMENT,162.47,C3389594115,210.37,47.9,M3636366799,0.0,0.0,0,0.0,0
326,CASH_OUT,2747.68,C2260326267,3127.48,379.8,C4638577630,50.93,50.93,0,0.006666666666666667,0
199,PAYMENT,30.96,C9471306442,40.94,9.98,M3145756342,0.0,0.0,0,0.0,0
528,CASH_OUT,1.0,C1596471620,0.0,0.0,C6924716023,7.45,7.45,0,0.05333333333333334,0
317,TRANSFER,1388.31,C5694806361,1310.85,0.0,C6944371787,566.82,566.82,1,0.08,0
40,PAYMENT,30.64,C4159699467,36.61,5.97,M3965860354,0.0,0.0,0,0.0,0
528,PAYMENT,1.0,C7305101214,0.0,0.0,M8102481401,0.0,0.0,0,0.0,0
142,PAYMENT,13.8,C2646331504,19.75,5.95,M6659847491,0.0,0.0,0,0.0,0
444,CASH_OUT,8.89,C2405746777,17.27,8.38,C7915226263,15.39,15.39,0,0.05333333333333334,0
621,TRANSFER,17.53,C4930438209,22.11,4.58,C3360791536,21515.82,21533.35,0,0.0,0
387,PAYMENT,351.55,C7430757004,374.48,22.93,M4820942294,0.0,0.0,0,0.0,0
224,PAYMENT,34.25,C2785736751,80.04,45.79,M4665677395,0.0,0.0,0,0.0,0
448,PAYMENT,1.0,C5135595227,0.0,0.0,M7340036327,0.0,0.0,0,0.0,0
484,DEBIT,2.51,C1195066088,3.47,0.96,M1504729135,0.0,0.0,0,0.043333333333333335,0
121,TRANSFER,23368.21,C6425814872,21861.71,0.0,M5380159400,0.0,0.0,1,0.81,1
6,TRANSFER,1062.88,C7573691558,1005.68,0.0,C7337225482,0.0,0.0,1,0.31666666666666665,0
159,CASH_OUT,143.53,C7823288650,217.04,73.51,C1834624758,33.08,33.08,0,0.0033333333333333335,0
514,TRANSFER,2860.55,C7074050517,2813.99,0.0,C6687206971,67.45,67.45,1,0.68,1
577,CASH_OUT,1815.6,C2176904638,2120.89,305.29,M8458323087,0.0,0.0,1,0.03,0
43,TRANSFER,1.0,C3293560436,0.0,0.0,C1261903104,157.27,158.27,0,0.04666666666666667,0
521,PAYMENT,6.25,C7961674558,17.47,11.22,M6515490818,0.0,0.0,0,0.0,0
669,TRANSFER,1.0,C1643611097,0.0,0.0,C8779941999,2165.7,2166.7,0,0.056666666666666664,0
368,TRANSFER,79.33,C8943866829,123.33,44.0,C1541964762,161.23,240.56,0,0.01,0
360,CASH_OUT,2170.29,C6663846005,1817.94,0.0,C9471306442,9.98,9.98,1,0.12,0
71,CASH_OUT,10.97,C2020395327,38.32,27.35,C8394040015,91.91,91.91,0,0.0,0
700,CASH_IN,7880.36,C7915226263,15.39,7895.75,C4627032705,1.31,1.31,0,0.0,0
76,CASH_OUT,4777.22,C6548442140,4724.67,0.0,M6525576685,0.0,0.0,1,0.043333333333333335,0
322,TRANSFER,501.5,C6509985983,423.45,0.0,M8276498637,0.0,0.0,1,0.23333333333333334,0
28,PAYMENT,1.0,C4993808565,1.49,0.49,M6401844042,0.0,0.0,0,0.0,0
600,TRANSFER,1.0,C5943324387,0.0,0.0,C3149533961,29.36,30.36,0,0.19333333333333333,0
121,PAYMENT,1.0,C8841851495,0.0,0.0,M1357561213,0.0,0.0,0,0.0,0
35,PAYMENT,112.67,C8235363119,30723.98,30611.31,M3690714075,0.0,0.0,0,0.0,0
411,TRANSFER,372.97,C8285000265,397.39,24.42,C5254923696,12.92,385.89,0,0.04666666666666667,0
234,TRANSFER,1.0,C6369130994,0.0,0.0,C7161404428,0.0,1.0,0,0.23,0
74,TRANSFER,450.5,C7077131430,441.77,0.0,M8643636805,0.0,0.0,1,0.24666666666666667,0
685,TRANSFER,2269.08,C5294535887,2217.88,0.0,C1378134712,1784.0,4053.08,1,0.24666666666666667,0
266,PAYMENT,1366.61,C6477862024,2493.09,1126.48,M9441870024,0.0,0.0,0,0.0,0
719,PAYMENT,1.0,C8229344434,0.82,0.0,M9020002737,0.0,0.0,0,0.0,0
48,TRANSFER,1.0,C9837912162,0.0,0.0,C5604529187,0.0,1.0,0,0.22333333333333333,0
233,TRANSFER,122.62,C9370133343,177.15,54.53,C7287517250,102.27,224.89,0,0.02,0
564,TRANSFER,21.25,C9138644862,70.94,49.69,C3774110439,0.0,21.25,0,0.17,0
381,CASH_OUT,4.09,C6924716023,7.45,3.36,C1225447588,0.0,0.0,0,0.023333333333333334,0
401,CASH_OUT,11367.52,C6504099682,15834.14,4466.62,C7671041685,35.34,35.34,0,0.0,0
104,PAYMENT,2882.05,C4643576871,5858.32,2976.27,M7948094928,0.0,0.0,0,0.0,0
227,TRANSFER,87.23,C2914590233,80.47,0.0,M7537130187,0.0,0.0,1,0.24,0
215,PAYMENT,1.0,C2071552532,0.0,0.0,M8790289305,0.0,0.0,0,0.0,0
488,TRANSFER,82.72,C3163970710,75.88,0.0,M5734228580,0.0,0.0,1,0.24,0
467,CASH_OUT,43.0,C3815389788,50.86,7.86,C9697354961,51941.71,51941.71,0,0.03333333333333333,0
237,TRANSFER,18.0,C8578226896,83.81,65.81,C7665963761,1442.89,1460.89,0,0.006666666666666667,0
68,DEBIT,1.0,C4641561499,0.0,0.0,M2916502228,0.0,0.0,0,0.02666666666666667,0
710,TRANSFER,1199.15,C7508522951,135319.97,134120.82,C1104906255,0.0,1199.15,0,0.02666666666666667,0
427,PAYMENT,218.69,C4594787485,344.33,125.64,M5990749811,0.0,0.0,0,0.0,0
348,TRANSFER,1189.23,C7666869046,1101.53,0.0,M3322580659,0.0,0.0,1,0.33666666666666667,0
203,TRANSFER,146.83,C5560712830,122.82,0.0,M7951820749,0.0,0.0,1,0.23666666666666666,0
517,CASH_OUT,18.67,C1141312095,25.89,7.22,C2247484671,0.0,0.0,0,0.03666666666666667,0
662,PAYMENT,1.0,C9081544414,0.0,0.0,M8083396378,0.0,0.0,0,0.0,0
706,PAYMENT,1.0,C6493800024,0.0,0.0,M2635881694,0.0,0.0,0,0.0,0
83,CASH_OUT,971.77,C6633778586,1151.34,179.57,C3098948446,0.46,0.46,1,0.0,0
380,CASH_OUT,3675.73,C6358023411,3683.91,8.18,C9409682410,0.0,0.0,1,0.02666666666666667,0
389,PAYMENT,124.78,C9455610447,309.45,184.67,M5270048042,0.0,0.0,0,0.0,0
109,TRANSFER,1.0,C2232285036,0.0,0.0,C8949781901,141733.54,141734.54,0,0.0033333333333333335,0
153,PAYMENT,1.0,C8316648259,0.0,0.0,M3517195150,0.0,0.0,0,0.0,0
423,PAYMENT,1.0,C7154795660,0.0,0.0,M9398575277,0.0,0.0,0,0.0,0
187,PAYMENT,121.79,C4037270171,595.58,473.79,M3846182436,0.0,0.0,0,0.0,0
201,CASH_OUT,4896.36,C6504099682,4466.62,0.0,M7270955446,0.0,0.0,1,0.04666666666666667,0
703,CASH_OUT,1.0,C1818520766,0.0,0.0,C6642201119,524.46,524.46,0,0.06,0
296,CASH_OUT,431.43,C6464693977,449.62,18.19,M7678293431,0.0,0.0,1,0.023333333333333334,0
6,PAYMENT,1.0,C7602474923,1.06,0.06,M4820942294,0.0,0.0,0,0.0,0
56,PAYMENT,307.96,C4482238042,345.31,37.35,M3965860354,0.0,0.0,0,0.0,0
577,PAYMENT,1.0,C9303765140,0.0,0.0,M7514017540,0.0,0.0,0,0.0,0
293,CASH_OUT,2447.41,C5686850445,3455.23,1007.82,M3156792018,0.0,0.0,1,0.006666666666666667,0
697,PAYMENT,1.0,C7174772035,0.0,0.0,M6932365592,0.0,0.0,0,0.0,0
315,PAYMENT,1.0,C5891280823,0.0,0.0,M6763471833,0.0,0.0,0,0.0,0
612,CASH_OUT,700.19,C3297096148,652.41,0.0,M9620935604,0.0,0.0,1,0.13666666666666666,0
447,PAYMENT,2.44,C3362646960,2.7,0.26,M7928143230,0.0,0.0,0,0.0,0
635,DEBIT,1.0,C5292015249,0.0,0.0,M4329446784,0.0,0.0,0,0.05333333333333334,0
505,CASH_OUT,382.44,C8991514523,346.16,0.0,C9067664957,0.0,0.0,1,0.07333333333333333,0
52,PAYMENT,2.93,C1485574228,9.61,6.68,M2571632270,0.0,0.0,0,0.0,0
130,PAYMENT,10104.72,C9182543558,100346.42,90241.7,M7713758036,0.0,0.0,0,0.0,0
531,DEBIT,1074.73,C9078786223,6244.24,5169.51,M8325043570,0.0,0.0,0,0.02666666666666667,0
73,CASH_IN,1696.37,C7751356568,0.0,1696.37,C9248574674,0.0,0.0,0,0.0,0
574,PAYMENT,1.26,C2139078760,2.98,1.72,M2228388623,0.0,0.0,0,0.0,0
626,PAYMENT,1.0,C4322510552,0.0,0.0,M8626371177,0.0,0.0,0,0.0,0
524,CASH_OUT,2321.43,C8429141456,3287.86,966.43,C9904586976,33.77,33.77,1,0.023333333333333334,0
281,CASH_IN,149164.38,C6027311960,33152.03,182316.41,C8999963054,4.51,4.51,0,0.0,0
289,PAYMENT,11026.36,C6218484323,69304.47,58278.11,M3960136787,0.0,0.0,0,0.0,0
546,PAYMENT,1.0,C1484664056,0.0,0.0,M7366396017,0.0,0.0,0,0.0,0
267,PAYMENT,1.0,C9189503254,0.0,0.0,M2115406331,0.0,0.0,0,0.0,0
533,CASH_OUT,1.0,C8991514523,0.0,0.0,C3739951076,57.99,57.99,0,0.05,0
633,CASH_OUT,1.0,C7910817577,0.0,0.0,C2566942273,0.0,0.0,0,0.06,0
124,CASH_OUT,671.96,C7038841740,1639.57,967.61,C8997701619,0.56,0.56,0,0.0033333333333333335,0
316,TRANSFER,90.43,C2423995953,269.48,179.05,C3057629778,98.19,188.62,0,0.006666666666666667,0
470,DEBIT,36.08,C2515672889,74.7,38.62,M5694439775,0.0,0.0,0,0.02666666666666667,0
248,TRANSFER,684.34,C4026816435,599.07,0.0,C4026113008,75653.06,75653.06,1,0.0,0
494,CASH_OUT,284.57,C2188332531,273.6,0.0,M4896576569,0.0,0.0,1,0.07333333333333333,0
703,CASH_OUT,1.0,C6317152031,0.0,0.0,C3197757742,0.0,0.0,0,0.056666666666666664,0
486,TRANSFER,752.49,C8133593748,642.69,0.0,M5270048042,0.0,0.0,1,0.2633333333333333,0
146,TRANSFER,377.13,C3772636814,321.3,0.0,M5990749811,0.0,0.0,1,0.22333333333333333,0
369,TRANSFER,3474.63,C3362646960,3981.26,506.63,M4865979921,0.0,0.0,1,0.21666666666666667,0
546,PAYMENT,63.07,C1234359689,72.06,8.99,M3831598303,0.0,0.0,0,0.0,0
628,CASH_OUT,162.35,C3799620568,141.29,0.0,M7230477043,0.0,0.0,1,0.07333333333333333,0
444,TRANSFER,3911.65,C8110054933,5745.92,1834.27,C3550908958,424.91,4336.56,0,0.02666666666666667,0
160,PAYMENT,1.65,C7887950851,2.1,0.45,M3534186676,0.0,0.0,0,0.0,0
113,PAYMENT,3113.82,C8791183272,4357.2,1243.38,M1888107487,0.0,0.0,0,0.0,0
565,PAYMENT,1.0,C5856127658,0.0,0.0,M4460319291,0.0,0.0,0,0.0,0
478,TRANSFER,8388.71,C6054421752,7648.43,0.0,M2228388623,0.0,0.0,1,0.95,1
54,PAYMENT,9.11,C3201397080,20.08,10.97,M3094407076,0.0,0.0,0,0.0,0
301,TRANSFER,250.54,C9354711271,393.6,143.06,C2537965898,0.87,251.41,0,0.013333333333333334,0
58,PAYMENT,418.61,C8033062794,771.5,352.89,M7351460539,0.0,0.0,0,0.0,0
466,DEBIT,439.02,C2137651678,3588.97,3149.95,M2328736852,0.0,0.0,0,0.02666666666666667,0
382,CASH_OUT,382.57,C1430073711,500.45,117.88,C7872873371,48.49,48.49,0,0.013333333333333334,0
346,PAYMENT,2912.72,C6287793163,11222.94,8310.22,M6284297249,0.0,0.0,0,0.0,0
535,PAYMENT,1.0,C7161404428,1.0,0.0,M7512767226,0.0,0.0,0,0.0,0
19,PAYMENT,3839.61,C4026379752,4719.39,879.78,M6401844042,0.0,0.0,0,0.0,0
160,PAYMENT,5360.89,C4070964768,48822.78,43461.89,M4122901114,0.0,0.0,0,0.0,0
563,TRANSFER,832.74,C3528924461,971.82,139.08,M3846182436,0.0,0.0,1,0.18333333333333332,0
368,CASH_OUT,334.75,C4713453204,1152.17,817.42,C7186766399,18.8,18.8,0,0.01,0
102,TRANSFER,3633.06,C7539399243,4873.45,1240.39,M8548290298,0.0,0.0,1,0.2,0
662,TRANSFER,6.95,C5269015757,7.79,0.84,C1139082827,65.32,72.27,0,0.15,0
470,CASH_OUT,4311.26,C9807209816,4886.42,575.16,C5150074940,7.14,7.14,1,0.03,0
296,PAYMENT,6629.03,C7648059419,27294.36,20665.33,M7230477043,0.0,0.0,0,0.0,0
537,CASH_OUT,835.58,C2645272822,918.39,82.81,M5714658227,0.0,0.0,1,0.04666666666666667,0
230,CASH_IN,25496.84,C6642201119,524.46,26021.3,C7784217828,0.0,0.0,0,0.0,0
546,PAYMENT,18.88,C4248149900,35.36,16.48,M6275155878,0.0,0.0,0,0.0,0
665,PAYMENT,1.0,C3383331379,1.73,0.73,M1122712790,0.0,0.0,0,0.0,0
62,PAYMENT,1.32,C5748253283,1.73,0.41,M6361225622,0.0,0.0,0,0.0,0
564,PAYMENT,1.0,C4993808565,0.49,0.0,M5585110649,0.0,0.0,0,0.0,0
386,CASH_OUT,183.86,C7736142481,353.05,169.19,C7637761996,3.23,3.23,0,0.013333333333333334,0
447,CASH_OUT,2203.21,C1225447588,1997.76,0.0,M5067400473,0.0,0.0,1,0.38333333333333336,0
171,TRANSFER,2749.81,C6837342064,2852.66,102.85,M8740820392,0.0,0.0,1,0.37333333333333335,0
188,CASH_OUT,2846.86,C3482206102,3912.33,1065.47,M5067400473,0.0,0.0,1,0.0,0
688,TRANSFER,60.12,C4915196257,52.0,0.0,M8964269909,0.0,0.0,1,0.22333333333333333,0
369,DEBIT,4.65,C2295574037,11.82,7.17,M8144352013,0.0,0.0,0,0.023333333333333334,0
629,CASH_OUT,211.28,C9954587710,258.58,47.3,M8790289305,0.0,0.0,1,0.03333333333333333,0
172,PAYMENT,2504.9,C3420721027,3829.48,1324.58,M4952177946,0.0,0.0,0,0.0,0
209,CASH_OUT,102.93,C1613549255,213.06,110.13,C6596578419,0.87,0.87,0,0.0,0
631,CASH_IN,31.3,C3598862507,0.0,31.3,C4572433066,1953.18,1953.18,0,0.006666666666666667,0
156,CASH_OUT,832.61,C3841827734,734.32,0.0,M9026301048,0.0,0.0,1,0.08,0
374,PAYMENT,3.36,C4710967433,14.15,10.79,M8144352013,0.0,0.0,0,0.0,0
178,PAYMENT,1.0,C6153541642,1.0,0.0,M8869140487,0.0,0.0,0,0.0,0
479,CASH_IN,1136.39,C5184564874,134.2,1270.59,C9229469952,0.0,0.0,0,0.0,0
400,CASH_OUT,1395.72,C8106401208,1700.5,304.78,M8218146534,0.0,0.0,1,0.006666666666666667,0
187,PAYMENT,23.27,C8556573246,54.27,31.0,M6525576685,0.0,0.0,0,0.0,0
655,CASH_OUT,2.62,C2178158203,3.26,0.64,C6720572969,5678.25,5678.25,0,0.013333333333333334,0
675,TRANSFER,136578.12,C4147025728,131900.87,0.0,M1199447370,0.0,0.0,1,0.97,1
623,CASH_IN,14461.64,C1664847319,0.0,14461.64,C3791815554,0.0,0.0,0,0.0,0
426,TRANSFER,398.79,C3589530484,618.22,219.43,C1547374338,1.0,399.79,0,0.04,0
684,CASH_OUT,70.79,C9343730920,110.78,39.99,C9388140708,0.0,0.0,0,0.03,0
474,PAYMENT,1.0,C6458544482,0.0,0.0,M3534186676,0.0,0.0,0,0.0,0
132,PAYMENT,18534.68,C6027311960,182316.41,163781.73,M6041646576,0.0,0.0,0,0.0,0
593,CASH_OUT,1209.72,C3384006407,1064.91,0.0,M8548290298,0.0,0.0,1,0.19333333333333333,0
464,PAYMENT,86.46,C8706093841,316.99,230.53,M4665677395,0.0,0.0,0,0.0,0
240,PAYMENT,1171.21,C3465740756,1366.27,195.06,M8643636805,0.0,0.0,0,0.0,0
693,TRANSFER,64.87,C9147736635,60.48,0.0,C6000009225,0.0,64.87,1,0.22333333333333333,0
364,TRANSFER,5.18,C9597198563,6.21,1.03,C9894264595,8.46,13.64,0,0.14666666666666667,0
494,PAYMENT,5.6,C3664052763,22.2,16.6,M3107992942,0.0,0.0,0,0.0,0
142,TRANSFER,3.32,C2579206999,4.76,1.44,C2670036982,0.0,3.32,0,0.16333333333333333,0
351,CASH_OUT,2762.77,C6557907251,3655.01,892.24,M6558769264,0.0,0.0,1,0.013333333333333334,0
716,CASH_OUT,4.37,C3127657643,9.18,4.81,C6879428703,399.34,399.34,0,0.043333333333333335,0
11,PAYMENT,13.47,C2962750929,17.68,4.21,M6651754819,0.0,0.0,0,0.0,0
413,TRANSFER,1.67,C8719734235,1.84,0.17,C9196564761,594.67,596.34,0,0.06,0
48,PAYMENT,1.0,C9189503254,0.0,0.0,M7192742877,0.0,0.0,0,0.0,0
36,TRANSFER,2.09,C5083595988,4.38,2.29,C5254923696,385.89,387.98,0,0.006666666666666667,0
415,CASH_OUT,96.65,C1242425303,84.52,0.0,C2377246195,2.85,2.85,1,0.10333333333333333,0
457,TRANSFER,29.34,C3598862507,31.3,1.96,C1798112150,26.78,56.12,0,0.13666666666666666,0
134,TRANSFER,5857.75,C5789633176,12618.92,6761.17,C1276905285,14.44,5872.19,0,0.0,0
71,CASH_OUT,3002.24,C3465883999,3631.03,628.79,M2625035499,0.0,0.0,1,0.0,0
262,PAYMENT,123.5,C1439921366,470.08,346.58,M9640701016,0.0,0.0,0,0.0,0
328,CASH_OUT,4194.37,C7185179917,4013.79,0.0,C4026113008,75653.06,75653.06,1,0.016666666666666666,0
245,PAYMENT,88.87,C7333316743,133.72,44.85,M9558906999,0.0,0.0,0,0.0,0
591,CASH_OUT,311.66,C8122042835,370.67,59.01,C9673185158,1.62,1.62,0,0.03666666666666667,0
240,TRANSFER,65.64,C4473306055,69.33,3.69,C6509985983,0.0,65.64,0,0.17333333333333334,0
198,TRANSFER,2432.73,C6804850108,2378.24,0.0,C8380507338,0.0,0.0,1,0.7933333333333333,1
694,TRANSFER,545.58,C7706193636,652.85,107.27,C5201221330,218.75,764.33,0,0.05333333333333334,0
90,TRANSFER,1.0,C3693985578,0.0,0.0,C7525240100,2.86,3.86,0,0.23,0
283,DEBIT,6405.34,C5789633176,6761.17,355.83,M3438830691,0.0,0.0,0,0.02,0
251,TRANSFER,3722.02,C2188332531,3981.44,259.42,C1792214339,0.0,0.0,1,0.23333333333333334,0
58,TRANSFER,112.26,C5569295400,117.99,5.73,M8058679999,0.0,0.0,1,0.17,0
621,TRANSFER,10.21,C4710967433,10.79,0.58,C1257324536,109393.8,109404.01,0,0.0,0
56,PAYMENT,1.0,C8243746556,0.0,0.0,M7168105904,0.0,0.0,0,0.0,0
296,CASH_OUT,3026.2,C6496596008,3085.15,58.95,M4952177946,0.0,0.0,1,0.01,0
356,PAYMENT,2.14,C6241752544,2.55,0.41,M6820149016,0.0,0.0,0,0.0,0
683,PAYMENT,1.0,C2879792991,0.0,0.0,M5067400473,0.0,0.0,0,0.0,0
677,PAYMENT,12085.42,C9165632300,70604.73,58519.31,M6583604299,0.0,0.0,0,0.0033333333333333335,0
78,PAYMENT,1.0,C6620138568,0.0,0.0,M4093474499,0.0,0.0,0,0.0,0
35,PAYMENT,2.36,C1121863227,4.69,2.33,M8548290298,0.0,0.0,0,0.0,0
361,CASH_OUT,1.6,C9123207735,1.99,0.39,C8867077130,1037.41,1037.41,0,0.02,0
127,DEBIT,1.0,C2850820685,0.0,0.0,M1647181551,0.0,0.0,0,0.023333333333333334,0
34,PAYMENT,10.51,C9285415473,15.13,4.62,M9410569618,0.0,0.0,0,0.0,0
31,TRANSFER,1642.2,C4590711152,1432.95,0.0,C4325878813,44.03,1686.23,1,0.06333333333333334,0
218,PAYMENT,1.0,C2524751277,0.0,0.0,M5380159400,0.0,0.0,0,0.0,0
209,TRANSFER,29279.38,C1149460439,33484.83,4205.45,M9581187661,0.0,0.0,1,0.25,0
276,TRANSFER,1698.13,C8624454880,1809.03,110.9,C2419931729,0.0,1698.13,1,0.03,0
244,TRANSFER,264.83,C6069848439,544.29,279.46,C8339176912,0.0,264.83,0,0.01,0
51,CASH_OUT,26.74,C9138644862,49.69,22.95,C4877520294,0.0,0.0,0,0.0,0
393,CASH_OUT,48.94,C5884080139,63.59,14.65,C2601198885,0.0,0.0,0,0.016666666666666666,0
418,CASH_OUT,1.0,C9573276057,0.0,0.0,C7508080884,0.76,0.76,0,0.09666666666666666,0
715,CASH_OUT,642.87,C4636537575,773.24,130.37,M1466305100,0.0,0.0,1,0.03,0
21,PAYMENT,110.47,C5877639950,186.64,76.17,M5067400473,0.0,0.0,0,0.0,0
161,PAYMENT,1.0,C4877520294,0.0,0.0,M4641902461,0.0,0.0,0,0.0,0
656,CASH_OUT,2.38,C4159699467,5.97,3.59,C7579604766,1.14,1.14,0,0.04,0
654,PAYMENT,1.0,C6663846005,0.0,0.0,M4390543744,0.0,0.0,0,0.0,0
393,CASH_OUT,1168.01,C9123207735,1525.69,357.68,C9702693937,631.4,631.4,1,0.0,0
129,PAYMENT,1655.09,C8669484644,78434.46,76779.37,M5570190774,0.0,0.0,0,0.0,0
340,TRANSFER,72.43,C7825844140,86.72,14.29,M1257854279,0.0,0.0,1,0.15666666666666668,0
21,TRANSFER,6.0,C3480920839,11.97,5.97,C1569113257,302.47,308.47,0,0.006666666666666667,0
434,CASH_OUT,384.99,C9958044697,350.68,0.0,C7631970791,0.0,0.0,1,0.10666666666666667,0
418,CASH_OUT,1.0,C2178158203,0.64,0.0,C8709361138,159.09,159.09,0,0.08666666666666667,0
674,PAYMENT,10.5,C3362657890,20.55,10.05,M1357561213,0.0,0.0,0,0.0,0
364,TRANSFER,1.0,C4067919621,1.18,0.18,C1506211965,12.3,13.3,0,0.18333333333333332,0
293,CASH_OUT,372.81,C6944371787,566.82,194.01,C3774110439,21.25,21.25,0,0.01,0
383,PAYMENT,134.21,C2780136605,282.5,148.29,M7512767226,0.0,0.0,0,0.0,0
385,PAYMENT,2.77,C3367665472,3.32,0.55,M4689605624,0.0,0.0,0,0.0,0
431,PAYMENT,1313.72,C2214741296,8638.76,7325.04,M1458227039,0.0,0.0,0,0.0,0
517,TRANSFER,5.28,C9376711497,10.23,4.95,C1257324536,109404.01,109409.29,0,0.0,0
148,PAYMENT,1133.66,C5871743247,15962.85,14829.19,M2625035499,0.0,0.0,0,0.0,0
33,TRANSFER,256.0,C6110646714,255.64,0.0,M5985331805,0.0,0.0,1,0.23,0
579,TRANSFER,1.0,C7637761996,3.23,2.23,C6929897032,18.37,19.37,0,0.15333333333333332,0
51,TRANSFER,4114.72,C7333316743,3601.95,0.0,M7702529931,0.0,0.0,1,0.8033333333333333,1
131,CASH_OUT,687.36,C2770980600,591.58,0.0,M1306420495,0.0,0.0,1,0.10333333333333333,0
569,CASH_IN,176.18,C5428082088,247.35,423.53,C1011759631,1068.45,1068.45,0,0.006666666666666667,0
170,TRANSFER,1.0,C6844582171,3.94,2.94,C5641959772,26.48,27.48,0,0.11333333333333333,0
554,PAYMENT,2.75,C3259520140,2.99,0.24,M6999146585,0.0,0.0,0,0.0,0
660,CASH_IN,10377.29,C4577406847,0.16,10377.45,C3316277000,152.16,152.16,0,0.0,0
10,PAYMENT,1.0,C7625464411,0.0,0.0,M6200141898,0.0,0.0,0,0.0,0
533,CASH_IN,31051.71,C2416760621,25967.34,57019.05,C5689870435,2.42,2.42,0,0.0,0
190,PAYMENT,89.41,C8211516617,125.63,36.22,M7948094928,0.0,0.0,0,0.0,0
533,PAYMENT,1.0,C3171050399,0.0,0.0,M8389750357,0.0,0.0,0,0.0,0
528,TRANSFER,221.13,C5945359606,256.58,35.45,C3362657890,10.05,231.18,0,0.08,0
201,CASH_OUT,1.0,C1696846464,0.25,0.0,C7640078465,1.96,1.96,0,0.013333333333333334,0
95,CASH_OUT,2312.96,C9798548049,2693.16,380.2,M6932365592,0.0,0.0,1,0.0,0
73,TRANSFER,1.0,C6620138568,0.0,0.0,C7872873371,48.49,49.49,0,0.14666666666666667,0
335,TRANSFER,2728.65,C6645808194,2415.8,0.0,C2941508568,873.36,873.36,1,0.14333333333333334,0
705,TRANSFER,25166.16,C4042413312,38546.41,13380.25,C4632522232,0.0,25166.16,0,0.006666666666666667,0
364,CASH_OUT,1.0,C4590711152,0.0,0.0,C4993808565,0.0,0.0,0,0.03333333333333333,0
506,CASH_OUT,1641.29,C6894808149,2018.4,377.11,M4820942294,0.0,0.0,1,0.02666666666666667,0
594,TRANSFER,1.0,C7551874474,0.0,0.0,C7166868574,156.26,157.26,0,0.12333333333333334,0
113,PAYMENT,131.76,C2761091683,140.14,8.38,M6247463262,0.0,0.0,0,0.0,0
393,PAYMENT,372.64,C2510308881,53763.3,53390.66,M2773408660,0.0,0.0,0,0.0,0
293,PAYMENT,3571.81,C5010075517,3787.77,215.96,M2635881694,0.0,0.0,0,0.0,0
643,CASH_OUT,1.0,C3799620568,0.0,0.0,C2830154607,395.76,395.76,0,0.05333333333333334,0
523,PAYMENT,17.77,C7949795085,29.6,11.83,M2328736852,0.0,0.0,0,0.0,0
508,CASH_OUT,1.0,C5862655247,0.0,0.0,C7633342225,0.0,0.0,0,0.06,0
280,PAYMENT,655.8,C6515369278,103005.07,102349.27,M2604788242,0.0,0.0,0,0.0,0
198,TRANSFER,1.0,C5064162365,0.0,0.0,C4647891535,0.46,1.46,0,0.23,0
53,CASH_OUT,5132.73,C4915196257,4537.98,0.0,M3297681898,0.0,0.0,1,0.03333333333333333,0
559,PAYMENT,6174.45,C7114223633,8938.94,2764.49,M2885370603,0.0,0.0,0,0.0,0
189,TRANSFER,240.3,C9523104008,263.71,23.41,M9523139706,0.0,0.0,1,0.16333333333333333,0
719,TRANSFER,220.39,C2331039957,205.57,0.0,M7343954769,0.0,0.0,1,0.22,0
508,TRANSFER,27.58,C1457632732,84.23,56.65,C7369118672,0.0,27.58,0,0.17,0
405,CASH_OUT,81.82,C7022683808,71.78,0.0,M7340036327,0.0,0.0,1,0.05,0
450,CASH_OUT,1.0,C8841851495,0.0,0.0,C9547119184,11676.85,11676.85,0,0.043333333333333335,0
384,TRANSFER,5.72,C9098129449,22.53,16.81,C6894808149,377.11,382.83,0,0.01,0
9,PAYMENT,1.0,C8350384902,0.0,0.0,M9404002665,0.0,0.0,0,0.0,0
314,TRANSFER,1.0,C5646880148,0.0,0.0,C9392707144,3437.3,3438.3,0,0.0,0
369,CASH_OUT,813.63,C7161887665,715.52,0.0,C1515024824,0.0,0.0,1,0.17,0
373,TRANSFER,14775.55,C4042413312,13380.25,0.0,C8795212264,0.0,14775.55,1,0.02,0
458,TRANSFER,9783.63,C6289150149,11606.07,1822.44,C5819946657,61.41,9845.04,1,0.016666666666666666,0
179,CASH_OUT,3.14,C7838460497,3.84,0.7,C1116402431,0.0,0.0,0,0.01,0
226,CASH_OUT,2001.57,C3030106617,2421.07,419.5,M7532669066,0.0,0.0,1,0.0,0
326,PAYMENT,1.0,C9857430687,2.52,1.52,M8646369354,0.0,0.0,0,0.0,0
76,TRANSFER,5.34,C8531118333,17.26,11.92,C1785418196,18884.54,18889.88,0,0.0,0
130,CASH_OUT,139.62,C7628981661,122.74,0.0,M5412437658,0.0,0.0,1,0.013333333333333334,0
429,CASH_OUT,1.0,C1041531046,0.0,0.0,C6725038117,0.0,0.0,0,0.08666666666666667,0
41,PAYMENT,450.78,C5634076661,1089.83,639.05,M4641902461,0.0,0.0,0,0.0,0
412,PAYMENT,239.35,C8189916797,299.3,59.95,M8276498637,0.0,0.0,0,0.0,0
472,PAYMENT,9700.18,C6611356986,127938.34,118238.16,M8443061472,0.0,0.0,0,0.0,0
628,CASH_OUT,6.73,C8531118333,11.92,5.19,C9250327663,41.52,41.52,0,0.02666666666666667,0
290,PAYMENT,13.99,C2464137110,18.45,4.46,M3156792018,0.0,0.0,0,0.0,0
80,CASH_OUT,60.01,C2867302554,54.66,0.0,M1504729135,0.0,0.0,1,0.006666666666666667,0
163,PAYMENT,1.0,C7784217828,0.0,0.0,M1711271599,0.0,0.0,0,0.0,0
336,CASH_OUT,230.93,C6092773357,319.56,88.63,M5794335854,0.0,0.0,1,0.01,0
252,PAYMENT,691.38,C1251837136,1107.33,415.95,M2839566253,0.0,0.0,0,0.0,0
201,TRANSFER,460.05,C5714169271,540.21,80.16,M3580582653,0.0,0.0,1,0.17333333333333334,0
32,TRANSFER,392.75,C8689593739,470.63,77.88,M7537130187,0.0,0.0,1,0.15666666666666668,0
350,PAYMENT,36.4,C1457632732,56.65,20.25,M6011842297,0.0,0.0,0,0.0,0
640,PAYMENT,1.0,C5354747485,0.0,0.0,M5734228580,0.0,0.0,0,0.0,0
712,PAYMENT,1.0,C4508521152,0.0,0.0,M9620935604,0.0,0.0,0,0.0,0
553,DEBIT,5213.77,C3780475472,10186.72,4972.95,M3192202822,0.0,0.0,0,0.03666666666666667,0
173,PAYMENT,1.0,C5067116918,0.0,0.0,M9752092528,0.0,0.0,0,0.0,0
668,PAYMENT,68.18,C3291270703,265.65,197.47,M1240140248,0.0,0.0,0,0.0,0
90,CASH_OUT,280.14,C8505373158,475.1,194.96,C3365835550,0.0,0.0,0,0.0,0
21,TRANSFER,18620.01,C8033702319,21165.64,2545.63,C3674551397,280.52,18900.53,0,0.0,0
298,PAYMENT,14.19,C8372755146,32.37,18.18,M5990749811,0.0,0.0,0,0.0,0
63,CASH_OUT,1.0,C9995834531,0.0,0.0,C2870403050,250.8,250.8,0,0.0033333333333333335,0
315,CASH_OUT,21.85,C8419590655,29.97,8.12,C3465883999,628.79,628.79,0,0.01,0
352,PAYMENT,18593.43,C9916336966,50036.66,31443.23,M9441870024,0.0,0.0,0,0.0,0
708,TRANSFER,2168.69,C4656572173,2061.31,0.0,M6790024996,0.0,0.0,1,0.7466666666666667,1
117,TRANSFER,64.07,C5418232833,73.45,9.38,C4681264539,7702.92,7766.99,0,0.0033333333333333335,0
720,PAYMENT,1.0,C2140169349,0.0,0.0,M2839566253,0.0,0.0,0,0.0,0
412,TRANSFER,75316.29,C3605585995,100628.36,25312.07,C7070083150,460.1,460.1,1,0.09333333333333334,0
389,DEBIT,1.82,C3280805846,8.58,6.76,M3297681898,0.0,0.0,0,0.02666666666666667,0
467,PAYMENT,1.0,C3426665919,0.0,0.0,M1122712790,0.0,0.0,0,0.0,0
197,CASH_OUT,157.19,C3589530484,219.43,62.24,C8948573913,0.0,0.0,0,0.0,0
655,CASH_OUT,603.09,C2072355594,642.44,39.35,M8443061472,0.0,0.0,1,0.02666666666666667,0
209,CASH_OUT,14.77,C2148679234,29.24,14.47,C1370292681,135.33,135.33,0,0.0,0
668,PAYMENT,737.09,C9420979586,46356.83,45619.74,M9773795424,0.0,0.0,0,0.0,0
642,CASH_OUT,3364.51,C6341783555,3201.17,0.0,C1340272119,74347.64,74347.64,1,0.07333333333333333,0
126,PAYMENT,1087.06,C1104906255,1199.15,112.09,M4160161496,0.0,0.0,0,0.0,0
56,PAYMENT,1.0,C1099541460,0.0,0.0,M9773795424,0.0,0.0,0,0.0,0
382,TRANSFER,2.15,C1417436465,3.97,1.82,C8868054898,11026.76,11028.91,0,0.0,0
20,DEBIT,304.59,C5789633176,355.83,51.24,M2711123163,0.0,0.0,0,0.013333333333333334,0
500,TRANSFER,9.36,C9136780852,20.3,10.94,C5036200310,0.0,9.36,0,0.17,0
87,TRANSFER,21.03,C8377088167,53.57,32.54,C4714465905,0.5,21.53,0,0.16,0
447,PAYMENT,700.51,C8252816758,785.01,84.5,M3831598303,0.0,0.0,0,0.0,0
140,CASH_OUT,2.52,C7092693247,5.58,3.06,C9759180824,0.0,0.0,0,0.0033333333333333335,0
542,PAYMENT,18.16,C2914126243,57.76,39.6,M6744039057,0.0,0.0,0,0.0,0
413,CASH_OUT,29.29,C9467483275,37.7,8.41,C8377088167,32.54,32.54,0,0.05333333333333334,0
250,DEBIT,3.05,C3521300895,7.83,4.78,M6130446648,0.0,0.0,0,0.03,0
160,CASH_OUT,394.05,C9409682410,387.51,0.0,C6156843353,50.29,50.29,1,0.02666666666666667,0
288,DEBIT,1.0,C2350701477,0.82,0.0,M8861351706,0.0,0.0,0,0.04,0
651,CASH_IN,101298.65,C8281641403,3.59,101302.24,C6633778586,179.57,179.57,0,0.0,0
431,TRANSFER,1.52,C1485574228,6.68,5.16,C9663561486,1176.74,1178.26,0,0.04666666666666667,0
491,PAYMENT,145.12,C4242550727,5501.71,5356.59,M6200141898,0.0,0.0,0,0.0,0
192,PAYMENT,1.56,C8531118333,5.19,3.63,M8768773991,0.0,0.0,0,0.0,0
704,TRANSFER,315.75,C9381721143,326.78,11.03,C9630522755,103.33,103.33,1,0.08666666666666667,0
720,CASH_IN,31063.45,C7397963801,0.0,31063.45,C3258354191,0.0,0.0,0,0.0,0
373,TRANSFER,3574.66,C9438411468,3674.0,99.34,M3107992942,0.0,0.0,1,0.4066666666666667,0
246,PAYMENT,1.0,C9974165440,0.0,0.0,M3705237613,0.0,0.0,0,0.0,0
229,CASH_IN,9104.67,C9916336966,31443.23,40547.9,C4067961943,69.05,69.05,0,0.0,0
504,PAYMENT,1.0,C5606736607,0.0,0.0,M9068916300,0.0,0.0,0,0.0,0
356,CASH_OUT,263.55,C8991678061,340.28,76.73,C7568980185,305.93,305.93,0,0.01,0
501,PAYMENT,1.0,C3434757387,0.0,0.0,M7861571879,0.0,0.0,0,0.0,0
133,PAYMENT,4538.37,C6877052039,61440.25,56901.88,M8325043570,0.0,0.0,0,0.0,0
368,CASH_OUT,10.55,C3738900744,12.95,2.4,C2941289685,0.0,0.0,0,0.023333333333333334,0
322,PAYMENT,6211.43,C3776011793,136497.82,130286.39,M7168105904,0.0,0.0,0,0.0,0
346,PAYMENT,4.56,C1952396600,6.62,2.06,M1811839103,0.0,0.0,0,0.0,0
419,PAYMENT,1.0,C5744003377,0.0,0.0,M2586712032,0.0,0.0,0,0.0,0
246,TRANSFER,138.01,C8236980551,115.46,0.0,M3495411322,0.0,0.0,1,0.23666666666666666,0
500,CASH_OUT,3851.35,C9573276057,3855.28,3.93,M2156184315,0.0,0.0,1,0.16,0
703,CASH_IN,4029.92,C5862655247,0.0,4029.92,C5647317872,0.12,0.12,0,0.0,0
214,PAYMENT,279.97,C7464468567,411.18,131.21,M3965860354,0.0,0.0,0,0.0,0
146,TRANSFER,65.53,C8252816758,84.5,18.97,M6247463262,0.0,0.0,1,0.15333333333333332,0
527,TRANSFER,5438.31,C5613655595,4934.34,0.0,C4993808565,0.0,0.0,1,0.95,1
706,PAYMENT,1.0,C6923301988,0.58,0.0,M5734228580,0.0,0.0,0,0.0,0
240,DEBIT,1.0,C1094115188,0.0,0.0,M1908459040,0.0,0.0,0,0.03666666666666667,0
696,PAYMENT,1.0,C3436297208,0.0,0.0,M1185303518,0.0,0.0,0,0.0,0
10,CASH_OUT,108.92,C3088517710,108.45,0.0,C3555656321,36.57,36.57,1,0.016666666666666666,0
502,PAYMENT,123.21,C2351531223,992.02,868.81,M3636366799,0.0,0.0,0,0.0,0
513,CASH_OUT,13.56,C3910678913,34.68,21.12,C6307626407,277.73,277.73,0,0.02666666666666667,0
111,CASH_OUT,366.14,C6892752604,532.45,166.31,C4486522557,0.0,0.0,0,0.0033333333333333335,0
659,PAYMENT,1.47,C4659306670,5.36,3.89,M5714658227,0.0,0.0,0,0.0,0
301,PAYMENT,1.0,C6725038117,0.0,0.0,M3072183247,0.0,0.0,0,0.0,0
74,PAYMENT,5527.19,C1340272119,74347.64,68820.45,M6790024996,0.0,0.0,0,0.0,0
393,DEBIT,7.42,C3470617247,20.15,12.73,M6045729129,0.0,0.0,0,0.02666666666666667,0
508,CASH_IN,135490.25,C4289233844,1953.28,137443.53,C7059591606,0.0,0.0,0,0.0,0
404,TRANSFER,1.0,C1271730355,0.0,0.0,C4949801453,0.0,1.0,0,0.22,0
157,PAYMENT,152.76,C3003484425,23621.61,23468.85,M8458323087,0.0,0.0,0,0.0,0
686,PAYMENT,118.65,C2613385303,315.43,196.78,M6999146585,0.0,0.0,0,0.0,0
238,PAYMENT,2961.85,C1664847319,14461.64,11499.79,M1185303518,0.0,0.0,0,0.0,0
330,TRANSFER,3492.76,C7872090713,4556.41,1063.65,M3119908041,0.0,0.0,1,0.21333333333333335,0
385,PAYMENT,774.15,C7114223633,2764.49,1990.34,M1811839103,0.0,0.0,0,0.0,0
425,DEBIT,6.1,C5898890707,10.26,4.16,M9444143872,0.0,0.0,0,0.04,0
617,CASH_OUT,2057.73,C5175416378,1770.93,0.0,M8728631945,0.0,0.0,1,0.17,0
78,TRANSFER,2113.09,C5625342041,2537.83,424.74,M6651754819,0.0,0.0,1,0.18666666666666668,0
117,TRANSFER,1776.95,C1288765093,2421.67,644.72,C2745958114,306.61,306.61,1,0.02,0
622,TRANSFER,33.25,C9437783771,64.23,30.98,C2428156550,0.0,33.25,0,0.17666666666666667,0
495,TRANSFER,138.69,C7981077394,129.78,0.0,C9677466102,0.0,138.69,1,0.16333333333333333,0
568,PAYMENT,69.74,C6121801720,77.92,8.18,M8458323087,0.0,0.0,0,0.0,0
450,TRANSFER,29.79,C5957341287,82.66,52.87,C7215110267,52.93,82.72,0,0.12,0
110,TRANSFER,96571.03,C6974875750,88784.95,0.0,C7596745715,0.0,0.0,1,0.9166666666666666,1
198,PAYMENT,1.0,C2914590233,0.0,0.0,M4952177946,0.0,0.0,0,0.0,0
473,TRANSFER,1.0,C5028688786,0.0,0.0,C2761091683,8.38,9.38,0,0.19,0
90,TRANSFER,73.34,C9711080868,260.81,187.47,C2905584866,0.0,73.34,0,0.08333333333333333,0
658,CASH_OUT,164.28,C4345526911,186.06,21.78,M7514017540,0.0,0.0,1,0.03333333333333333,0
466,CASH_OUT,357.08,C1364994639,426.2,69.12,C6340003593,477.37,477.37,0,0.04,0
645,PAYMENT,1.7,C5945359606,35.45,33.75,M7570511906,0.0,0.0,0,0.0,0
684,CASH_OUT,149.57,C6710338189,167.22,17.65,C2283298067,6.95,6.95,0,0.03,0
496,TRANSFER,111.22,C6837342064,102.85,0.0,C2452066459,36.17,36.17,1,0.19,0
284,PAYMENT,1.0,C4147025728,0.0,0.0,M9065458220,0.0,0.0,0,0.0,0
183,TRANSFER,524.69,C8075122626,871.4,346.71,C4927019611,326.89,851.58,0,0.0,0
498,CASH_OUT,142.12,C8487449580,172.46,30.34,C4180599722,0.91,0.91,0,0.04,0
209,PAYMENT,2729.39,C8086684009,3990.22,1260.83,M8458323087,0.0,0.0,0,0.0,0
250,TRANSFER,715.14,C2351531223,868.81,153.67,M1694904767,0.0,0.0,1,0.10666666666666667,0
623,TRANSFER,1.0,C1383539822,0.0,0.0,C6859286614,0.0,1.0,0,0.23333333333333334,0
198,TRANSFER,478.56,C7199283151,403.07,0.0,M6651754819,0.0,0.0,1,0.24,0
22,PAYMENT,1.0,C8584566722,0.0,0.0,M3495411322,0.0,0.0,0,0.0,0
383,TRANSFER,57.62,C9704383251,67.67,10.05,C3470617247,12.73,12.73,1,0.12666666666666668,0
703,PAYMENT,495.38,C3464975279,1733.0,1237.62,M7282885927,0.0,0.0,0,0.0,0
712,TRANSFER,20.32,C9508499533,48.84,28.52,C9717175839,4.91,25.23,0,0.13333333333333333,0
675,PAYMENT,18104.42,C2082326234,21316.3,3211.88,M5919148165,0.0,0.0,0,0.0,0
93,CASH_OUT,128780.63,C6611356986,118238.16,0.0,C8241550421,202.07,202.07,1,0.06666666666666667,0
147,PAYMENT,6.59,C1039887139,16.58,9.99,M3965860354,0.0,0.0,0,0.0,0
62,PAYMENT,22.51,C8487449580,30.34,7.83,M1083302600,0.0,0.0,0,0.0,0
141,TRANSFER,492.43,C8570850267,601.23,108.8,C8997701619,0.56,492.99,0,0.013333333333333334,0
699,CASH_IN,10754.47,C6244338653,0.0,10754.47,C4714465905,21.53,21.53,0,0.0,0
499,CASH_OUT,1659.64,C7246858055,1803.37,143.73,C6720572969,5678.25,5678.25,0,0.016666666666666666,0
196,PAYMENT,2056.5,C9626333315,8361.12,6304.62,M8325043570,0.0,0.0,0,0.0,0
378,DEBIT,11.9,C4524233168,34.72,22.82,M6820149016,0.0,0.0,0,0.02,0
712,PAYMENT,11.88,C6463640105,12351.58,12339.7,M8138332494,0.0,0.0,0,0.0,0
206,TRANSFER,1.0,C5935852056,0.0,0.0,C8684026200,1.0,2.0,0,0.23,0
478,TRANSFER,1534.31,C3343292475,1393.55,0.0,M3517195150,0.0,0.0,1,0.48,0
222,CASH_OUT,202.64,C7799567490,234.64,32.0,M3595066420,0.0,0.0,1,0.0033333333333333335,0
116,TRANSFER,1.0,C3874432021,2.44,1.44,C2984460654,68.91,69.91,0,0.09666666666666666,0
574,PAYMENT,471.6,C1799718923,522.59,50.99,M6247463262,0.0,0.0,0,0.0,0
685,DEBIT,1.0,C9922723063,0.0,0.0,M3534186676,0.0,0.0,0,0.05,0
549,PAYMENT,76.1,C7088451458,109.39,33.29,M8058679999,0.0,0.0,0,0.0,0
579,PAYMENT,15.01,C1005502537,54.49,39.48,M4892544235,0.0,0.0,0,0.0,0
56,CASH_OUT,2.43,C2546720356,4.28,1.85,C1993998848,400.87,400.87,0,0.0,0
383,CASH_OUT,2217.63,C8418332121,3100.72,883.09,M4160161496,0.0,0.0,1,0.01,0
511,TRANSFER,122235.36,C6027311960,163781.73,41546.37,M8138332494,0.0,0.0,1,0.31,0
186,TRANSFER,1.0,C7305101214,0.0,0.0,C7483366056,55.43,56.43,0,0.13333333333333333,0
7,TRANSFER,1.0,C9673185158,1.62,0.62,C2137651678,3149.95,3150.95,0,0.0,0
629,CASH_OUT,465.75,C6661014794,1035.09,569.34,C1749459431,0.0,0.0,0,0.03666666666666667,0
691,PAYMENT,122.99,C2994056084,223.27,100.28,M9255306810,0.0,0.0,0,0.0,0
9,TRANSFER,1362.18,C9953716239,1924.31,562.13,C4466589567,1047.24,1047.24,1,0.0,0
192,PAYMENT,34.46,C6469458472,55.49,21.03,M3145756342,0.0,0.0,0,0.0,0
291,PAYMENT,1.0,C6329323383,0.62,0.0,M4329446784,0.0,0.0,0,0.0,0
512,DEBIT,38.71,C8478529823,42.61,3.9,M7343954769,0.0,0.0,0,0.04,0
427,PAYMENT,1.0,C3259520140,0.24,0.0,M9977193987,0.0,0.0,0,0.0,0
673,PAYMENT,676.88,C8025152555,1160.37,483.49,M1999913493,0.0,0.0,0,0.0,0
8,CASH_OUT,85.0,C8987073217,83.31,0.0,C7074050517,0.0,0.0,1,0.02,0
6,TRANSFER,1.0,C6448324230,0.0,0.0,C6719736115,1.05,2.05,0,0.22666666666666666,0
120,PAYMENT,1.0,C2869999754,1.48,0.48,M7664045502,0.0,0.0,0,0.0,0
638,PAYMENT,1.0,C1981049082,0.0,0.0,M9752092528,0.0,0.0,0,0.0,0
515,PAYMENT,5.74,C8933377472,13.37,7.63,M8548290298,0.0,0.0,0,0.0,0
532,PAYMENT,208.99,C5694848867,949.54,740.55,M4908108692,0.0,0.0,0,0.0,0
223,PAYMENT,655.12,C1194576436,829.38,174.26,M2391874847,0.0,0.0,0,0.0,0
152,PAYMENT,1.0,C9903351330,0.0,0.0,M8646369354,0.0,0.0,0,0.0,0
43,CASH_OUT,3.12,C4012917912,3.84,0.72,C1654477195,25.84,25.84,0,0.0,0
118,PAYMENT,120.9,C5536224717,172.48,51.58,M7570511906,0.0,0.0,0,0.0,0
552,PAYMENT,249.23,C3660223333,443.35,194.12,M4522855590,0.0,0.0,0,0.0,0
461,TRANSFER,2151.79,C6715961218,2508.78,356.99,C7872090713,1063.65,1063.65,1,0.06,0
72,TRANSFER,372.1,C7070083150,460.1,88.0,M5985331805,0.0,0.0,1,0.16,0
129,PAYMENT,30.63,C2780016559,45.6,14.97,M8821456242,0.0,0.0,0,0.0,0
642,CASH_OUT,165.16,C8663837890,180.68,15.52,C7920516981,1690.4,1690.4,1,0.02666666666666667,0
180,PAYMENT,683.57,C5268845844,882.22,198.65,M3605446007,0.0,0.0,0,0.0,0
306,TRANSFER,1938.38,C8110054933,1834.27,0.0,C2941289685,0.0,0.0,1,0.5733333333333334,1
571,CASH_OUT,251.35,C1639509845,217.14,0.0,C7920516981,1690.4,1690.4,1,0.04666666666666667,0
447,TRANSFER,7.59,C1234359689,8.99,1.4,C7226553010,0.0,7.59,0,0.17666666666666667,0
713,DEBIT,1.0,C1367704871,0.0,0.0,M2121448210,0.0,0.0,0,0.04666666666666667,0
69,TRANSFER,1.0,C2928130926,0.0,0.0,C3144490990,23.7,24.7,0,0.17666666666666667,0
227,PAYMENT,1673.25,C8272725281,126871.98,125198.73,M9068916300,0.0,0.0,0,0.0,0
642,TRANSFER,1.96,C5364727160,2.09,0.13,C3188382776,224.81,226.77,0,0.12,0
421,PAYMENT,3.03,C2670036982,3.32,0.29,M8727805468,0.0,0.0,0,0.0,0
630,TRANSFER,1.0,C6642266247,0.0,0.0,C9411532909,28.5,29.5,0,0.19333333333333333,0
67,PAYMENT,1.0,C2801177461,0.0,0.0,M9398575277,0.0,0.0,0,0.0,0
392,TRANSFER,469.77,C8208584394,486.58,16.81,C3250402001,12.97,12.97,1,0.13333333333333333,0
89,CASH_IN,108.23,C1857596764,95.3,203.53,C5381866906,0.0,0.0,0,0.0033333333333333335,0
655,TRANSFER,807.82,C4847761430,782.56,0.0,M3580582653,0.0,0.0,1,0.4066666666666667,0
705,PAYMENT,1.0,C4490722186,0.0,0.0,M8778927211,0.0,0.0,0,0.0,0
54,PAYMENT,1001.51,C5607762160,12245.51,11244.0,M9288057824,0.0,0.0,0,0.0,0
413,TRANSFER,5325.41,C6756711494,4875.65,0.0,C9863781331,58.61,58.61,1,0.6433333333333333,1
321,PAYMENT,1.0,C8331319481,0.0,0.0,M4122901114,0.0,0.0,0,0.0,0
23,TRANSFER,261.38,C1207916194,303.62,42.24,C8532327465,0.0,261.38,0,0.03,0
479,TRANSFER,7.1,C5418232833,9.38,2.28,C5071218314,5.5,12.6,0,0.15333333333333332,0
355,PAYMENT,182.9,C9255898264,871.97,689.07,M2303835765,0.0,0.0,0,0.0,0
588,PAYMENT,3.9,C2311597141,9.16,5.26,M7437168216,0.0,0.0,0,0.0,0
388,TRANSFER,848.25,C8293928340,1040.01,191.76,C1563524533,29.91,29.91,1,0.07666666666666666,0
309,TRANSFER,1.0,C7784217828,0.0,0.0,C5646751885,0.0,1.0,0,0.22666666666666666,0
503,PAYMENT,4.81,C8419590655,8.12,3.31,M4122901114,0.0,0.0,0,0.0,0
678,TRANSFER,529.25,C5625980561,755.09,225.84,C7575259637,0.0,0.0,1,0.12,0
298,CASH_OUT,3.73,C1400330495,5.13,1.4,C9911329062,344.92,344.92,0,0.013333333333333334,0
438,CASH_OUT,136.98,C2846465000,610.09,473.11,C1818520766,0.0,0.0,0,0.04666666666666667,0
174,CASH_OUT,168.23,C2613385303,196.78,28.55,C1306702926,100.83,100.83,1,0.0033333333333333335,0
379,CASH_OUT,308.43,C5344083406,273.46,0.0,C7799567490,32.0,32.0,1,0.03333333333333333,0
162,CASH_OUT,9.25,C2914126243,39.6,30.35,C1939042955,18780.74,18780.74,0,0.0,0
563,PAYMENT,101.27,C8833889083,362.68,261.41,M3566125120,0.0,0.0,0,0.0,0
701,CASH_OUT,1.0,C3436297208,0.0,0.0,C8331319481,0.0,0.0,0,0.056666666666666664,0
175,DEBIT,44612.33,C4907446848,48440.15,3827.82,M3469205576,0.0,0.0,0,0.016666666666666666,0
76,CASH_OUT,4554.51,C8285786023,4096.77,0.0,M4035639663,0.0,0.0,1,0.05,0
620,PAYMENT,6133.34,C1785418196,18889.88,12756.54,M7437168216,0.0,0.0,0,0.0,0
515,PAYMENT,1.0,C4097887746,0.0,0.0,M2655546199,0.0,0.0,0,0.0,0
90,TRANSFER,3037.59,C8761956684,3846.46,808.87,M2655546199,0.0,0.0,1,0.2,0
394,PAYMENT,48.41,C1805492785,84.71,36.3,M9026301048,0.0,0.0,0,0.0,0
121,CASH_OUT,1.0,C7784217828,0.0,0.0,C7979466538,0.99,0.99,0,0.0033333333333333335,0
181,CASH_OUT,1.0,C7374584386,0.0,0.0,C3791027186,67.51,67.51,0,0.0,0
40,PAYMENT,326.39,C6704841644,450.79,124.4,M7678293431,0.0,0.0,0,0.0,0
105,CASH_OUT,50.84,C9858643842,155.91,105.07,C3667740351,0.0,0.0,0,0.0033333333333333335,0
23,CASH_OUT,4585.43,C4102821948,3986.32,0.0,M5067400473,0.0,0.0,1,0.03,0
344,PAYMENT,7401.85,C8669484644,76779.37,69377.52,M3094407076,0.0,0.0,0,0.0,0
292,PAYMENT,21.19,C9370133343,54.53,33.34,M4665677395,0.0,0.0,0,0.0,0
440,CASH_OUT,2257.42,C9327720702,3169.92,912.5,C9702693937,631.4,631.4,1,0.03666666666666667,0
151,CASH_OUT,7849.2,C5035765954,20718.32,12869.12,C2351531223,153.67,153.67,0,0.0,0
257,PAYMENT,5.41,C2416760621,57019.05,57013.64,M8144352013,0.0,0.0,0,0.0,0
603,CASH_OUT,1.0,C6369130994,0.0,0.0,C1037811610,1.0,1.0,0,0.06333333333333334,0
634,PAYMENT,3.73,C5694628398,6.51,2.78,M9404002665,0.0,0.0,0,0.0,0
558,TRANSFER,23.94,C5945359606,33.75,9.81,C5567816720,502.78,526.72,0,0.05333333333333334,0
178,PAYMENT,1.0,C5364727160,0.13,0.0,M7702529931,0.0,0.0,0,0.0,0
73,PAYMENT,10.23,C8823677798,16.04,5.81,M2555936898,0.0,0.0,0,0.0,0
541,TRANSFER,3391.43,C5659161352,3524.35,132.92,C4735334423,0.0,3391.43,1,0.08666666666666667,0
566,CASH_OUT,103295.21,C1862812038,124241.01,20945.8,C3149484176,0.33,0.33,0,0.016666666666666666,0
633,CASH_OUT,189.99,C6944371787,194.01,4.02,C5272119095,0.0,0.0,1,0.05,0
713,DEBIT,1.0,C9481076448,0.0,0.0,M3313346852,0.0,0.0,0,0.04666666666666667,0
591,CASH_OUT,1.0,C7808938880,0.0,0.0,C5646880148,0.0,0.0,0,0.06333333333333334,0
335,PAYMENT,1.0,C7311011808,0.0,0.0,M7713758036,0.0,0.0,0,0.0,0
538,PAYMENT,1.0,C5943324387,0.0,0.0,M3705237613,0.0,0.0,0,0.0,0
10,PAYMENT,3.6,C2962750929,4.21,0.61,M2115862756,0.0,0.0,0,0.0,0
350,CASH_IN,96517.79,C2965718821,0.0,96517.79,C2753617371,0.0,0.0,0,0.0,0
687,DEBIT,118.62,C8299146480,134.63,16.01,M1676220116,0.0,0.0,0,0.03333333333333333,0
577,PAYMENT,1743.43,C5078551333,7452.88,5709.45,M5570190774,0.0,0.0,0,0.0,0
333,PAYMENT,1.0,C5067116918,0.0,0.0,M1783432867,0.0,0.0,0,0.0,0
194,PAYMENT,1.0,C2145921803,0.0,0.0,M8325043570,0.0,0.0,0,0.0,0
436,PAYMENT,1.0,C9539945315,0.0,0.0,M9098037639,0.0,0.0,0,0.0,0
471,TRANSFER,1506.47,C7575259637,1903.86,397.39,M6866146362,0.0,0.0,1,0.26,0
291,CASH_IN,1131.03,C7829772942,1.33,1132.36,C1798112150,56.12,56.12,0,0.0,0
352,CASH_OUT,38.94,C3057629778,188.62,149.68,C4207337120,21.87,21.87,0,0.0,0
633,PAYMENT,25.32,C1139082827,72.27,46.95,M6045729129,0.0,0.0,0,0.0,0
515,TRANSFER,102.33,C8178361487,256.48,154.15,C9639245200,0.0,102.33,0,0.09,0
116,CASH_OUT,4132.03,C8180620422,4313.57,181.54,C9155819200,5.03,5.03,1,0.0,0
305,CASH_OUT,74.55,C5187948804,1563.84,1489.29,C8274219704,40539.05,40539.05,0,0.0033333333333333335,0
206,TRANSFER,1.0,C6218955985,0.0,0.0,C9147736635,0.0,1.0,0,0.23,0
384,CASH_OUT,173.57,C5625980561,225.84,52.27,C9986353481,10347.95,10347.95,0,0.01,0
565,DEBIT,406.01,C9503787171,435.62,29.61,M6763471833,0.0,0.0,0,0.03,0
337,TRANSFER,104.37,C4734111722,92.16,0.0,C6121801720,8.18,112.55,1,0.16333333333333333,0
551,TRANSFER,2464.73,C2095286033,2317.44,0.0,M9900829971,0.0,0.0,1,0.92,1
613,PAYMENT,2.39,C3821211202,10.73,8.34,M6845287382,0.0,0.0,0,0.0,0
150,PAYMENT,21.57,C6496596008,58.95,37.38,M7343954769,0.0,0.0,0,0.0,0
597,CASH_OUT,1.55,C9376711497,4.95,3.4,C5381866906,0.0,0.0,0,0.04666666666666667,0
133,PAYMENT,3.18,C4631048029,10.06,6.88,M6692705133,0.0,0.0,0,0.0,0
390,PAYMENT,2.13,C5569295400,5.73,3.6,M5815678365,0.0,0.0,0,0.0,0
672,CASH_OUT,65.74,C1209063208,75.52,9.78,C3623588379,0.0,0.0,1,0.03,0
467,PAYMENT,199.38,C9123207735,357.68,158.3,M6282009986,0.0,0.0,0,0.0,0
401,TRANSFER,1.0,C1459442845,2.05,1.05,C2540492440,1142.63,1143.63,0,0.01,0
479,CASH_OUT,1618.19,C6986770879,1922.76,304.57,M6606958660,0.0,0.0,1,0.05,0
598,CASH_IN,141124.81,C5150090143,0.0,141124.81,C2274350418,80.37,80.37,0,0.0,0
338,CASH_OUT,957.99,C8373547961,66027.82,65069.83,C3434757387,0.0,0.0,0,0.0,0
159,PAYMENT,1.0,C5856127658,0.0,0.0,M1096405016,0.0,0.0,0,0.0,0
204,TRANSFER,1883.57,C4660390742,1726.04,0.0,M5570190774,0.0,0.0,1,0.45666666666666667,0
409,PAYMENT,23.23,C3837784389,38.3,15.07,M3317856944,0.0,0.0,0,0.0,0
445,PAYMENT,704.75,C3722583581,1404.58,699.83,M7948094928,0.0,0.0,0,0.0,0
198,PAYMENT,1.0,C9229469952,0.0,0.0,M6866146362,0.0,0.0,0,0.0,0
416,PAYMENT,33.83,C8902275119,49.95,16.12,M9590331226,0.0,0.0,0,0.0,0
636,TRANSFER,247.87,C8737025391,514.2,266.33,C8973989997,491.62,739.49,0,0.03666666666666667,0
416,CASH_OUT,152.91,C2289624427,217.03,64.12,C3952295757,4610.86,4610.86,1,0.03,0
400,PAYMENT,1.0,C2877279755,0.0,0.0,M9576264323,0.0,0.0,0,0.0,0
11,PAYMENT,1.0,C4015479599,0.0,0.0,M1343875431,0.0,0.0,0,0.0,0
599,CASH_OUT,56.36,C8189916797,59.95,3.59,C3098948446,0.46,0.46,1,0.05,0
542,DEBIT,2397.35,C6583444930,2529.55,132.2,M6820149016,0.0,0.0,0,0.043333333333333335,0
262,PAYMENT,3.79,C1589582865,17.36,13.57,M3960136787,0.0,0.0,0,0.0,0
67,TRANSFER,90.46,C9798613995,222.86,132.4,C6204041308,1088.34,1178.8,0,0.01,0
373,TRANSFER,33.28,C3875303857,82.29,49.01,C5403510324,16.88,50.16,0,0.11666666666666667,0
559,CASH_OUT,173.59,C7517938612,218.47,44.88,C8625774078,153.16,153.16,0,0.03333333333333333,0
366,PAYMENT,65.33,C3660223333,194.12,128.79,M4329446784,0.0,0.0,0,0.0,0
325,TRANSFER,1.0,C3376077463,0.0,0.0,C6910112521,159.1,160.1,0,0.04666666666666667,0
17,TRANSFER,1974.54,C8086172302,5135.44,3160.9,C3188382776,226.77,2201.31,0,0.0,0
231,CASH_OUT,1.0,C2394868732,0.0,0.0,C1065857791,2.18,2.18,0,0.016666666666666666,0
178,PAYMENT,10.31,C7016293621,17.05,6.74,M1504729135,0.0,0.0,0,0.0,0
222,PAYMENT,1325.99,C9697354961,51941.71,50615.72,M8768773991,0.0,0.0,0,0.0,0
158,CASH_OUT,3185.91,C1471997674,4196.21,1010.3,M4460319291,0.0,0.0,1,0.0,0
620,DEBIT,1.0,C3483827971,0.0,0.0,M2156184315,0.0,0.0,0,0.05333333333333334,0
660,CASH_OUT,2.61,C8039917766,4.43,1.82,C6582557981,8041.42,8041.42,0,0.013333333333333334,0
274,TRANSFER,37689.8,C3645901955,36494.06,0.0,C3363629219,6667.4,6667.4,1,0.06333333333333334,0
339,TRANSFER,9280.88,C3205292512,10820.92,1540.04,C1529290976,0.0,0.0,1,0.22333333333333333,0
172,TRANSFER,302.08,C1245522987,451.55,149.47,C7757700186,5722.87,6024.95,0,0.0,0
601,TRANSFER,68.15,C8578226896,65.81,0.0,C7640078465,1.96,70.11,1,0.23666666666666666,0
359,TRANSFER,720.72,C9741628563,821.17,100.45,C8779941999,2166.7,2166.7,1,0.006666666666666667,0
90,PAYMENT,145.38,C5010075517,215.96,70.58,M7960713821,0.0,0.0,0,0.0,0
677,CASH_OUT,3390.59,C9471306442,2977.51,0.0,M2129491690,0.0,0.0,1,0.18333333333333332,0
293,PAYMENT,52.21,C5976777081,196.18,143.97,M9620935604,0.0,0.0,0,0.0,0
675,TRANSFER,325.38,C7668801906,965.02,639.64,C7209571615,25.87,351.25,0,0.06666666666666667,0
562,CASH_OUT,82.87,C6496933442,83.64,0.77,C6402580787,1.0,1.0,1,0.05,0
633,PAYMENT,1.0,C1553155490,0.0,0.0,M2885370603,0.0,0.0,0,0.0,0
498,CASH_OUT,4116.91,C5729866281,4704.5,587.59,M6999146585,0.0,0.0,1,0.03,0
279,PAYMENT,1.0,C4531928910,0.0,0.0,M9404002665,0.0,0.0,0,0.0,0
521,PAYMENT,1.0,C7154795660,0.0,0.0,M4306983924,0.0,0.0,0,0.0,0
695,TRANSFER,4856.72,C6153541642,4888.03,31.31,C7710396573,70.08,70.08,1,0.35,0
384,TRANSFER,1863.91,C6596578419,1892.52,28.61,M3660800029,0.0,0.0,1,0.32,0
703,CASH_OUT,45.98,C4638577630,50.93,4.95,C7895255573,0.0,0.0,0,0.04,0
124,TRANSFER,1099.76,C8809871735,1360.59,260.83,M8102481401,0.0,0.0,1,0.09333333333333334,0
464,PAYMENT,1.0,C6425814872,0.0,0.0,M6525576685,0.0,0.0,0,0.0,0
687,DEBIT,14.43,C1282103057,57.61,43.18,M1343875431,0.0,0.0,0,0.02666666666666667,0
231,PAYMENT,1.0,C7645527239,0.0,0.0,M6498703287,0.0,0.0,0,0.0,0
592,TRANSFER,2751.21,C6642266247,2562.68,0.0,M6771941776,0.0,0.0,1,0.9266666666666666,1
524,CASH_OUT,205.38,C5736462531,221.13,15.75,C2830154607,395.76,395.76,0,0.03333333333333333,0
669,PAYMENT,93.55,C6534540349,411.38,317.83,M9020002737,0.0,0.0,0,0.0,0
693,PAYMENT,1.0,C3843139149,0.0,0.0,M8389750357,0.0,0.0,0,0.0,0
354,CASH_OUT,1.0,C2924568778,0.0,0.0,C2260326267,379.8,379.8,0,0.02,0
683,TRANSFER,1.0,C2879792991,0.0,0.0,C4693510920,770.31,771.31,0,0.07333333333333333,0
148,TRANSFER,2800.29,C4642197907,2949.09,148.8,M1199447370,0.0,0.0,1,0.32666666666666666,0
398,CASH_OUT,1403.74,C1004665657,1587.41,183.67,M9288057824,0.0,0.0,1,0.01,0
278,TRANSFER,255.24,C7882206934,300.6,45.36,C4605117440,374.94,630.18,1,0.006666666666666667,0
151,TRANSFER,1.0,C5485387618,1.0,0.0,C6923206003,319.15,320.15,0,0.01,0
139,CASH_IN,31092.79,C5600836559,0.0,31092.79,C8285000265,24.42,24.42,0,0.0,0
229,TRANSFER,26.27,C8025152555,483.49,457.22,C4659306670,3.89,30.16,0,0.06666666666666667,0
674,PAYMENT,5.77,C8151583833,8.95,3.18,M7340036327,0.0,0.0,0,0.0,0
221,PAYMENT,8681.85,C7271954644,19074.72,10392.87,M8861351706,0.0,0.0,0,0.0,0
592,PAYMENT,338.81,C4242550727,5356.59,5017.78,M6495967005,0.0,0.0,0,0.0,0
34,PAYMENT,1.0,C6242173772,1.0,0.0,M8728631945,0.0,0.0,0,0.0,0
231,PAYMENT,1.19,C9312085761,123.04,121.85,M5087280062,0.0,0.0,0,0.0,0
545,PAYMENT,1.0,C4332894265,0.0,0.0,M3317856944,0.0,0.0,0,0.0,0
454,TRANSFER,3373.98,C1660370908,2976.11,0.0,M3156792018,0.0,0.0,1,0.8966666666666666,1
472,DEBIT,5.81,C8902275119,16.12,10.31,M2625035499,0.0,0.0,0,0.02666666666666667,0
181,TRANSFER,117057.79,C9553561889,117653.19,595.4,M8548290298,0.0,0.0,1,0.3,0
126,TRANSFER,9.28,C9730449971,33.87,24.59,C7915226263,7895.75,7905.03,0,0.0,0
700,TRANSFER,1508.69,C5175416378,1779.45,270.76,M9288057824,0.0,0.0,1,0.22333333333333333,0
195,CASH_OUT,2778.87,C2914126243,2750.08,0.0,C4921003983,787.66,787.66,1,0.043333333333333335,0
526,TRANSFER,1268.56,C2419931729,1698.13,429.57,M9523139706,0.0,0.0,1,0.19333333333333333,0
455,DEBIT,58.04,C7671625956,66.81,8.77,M7532669066,0.0,0.0,0,0.03,0
711,CASH_OUT,3426.55,C4645120421,4198.52,771.97,C1036351450,148432.09,148432.09,1,0.0,0
402,PAYMENT,1273.26,C5183211669,2617.86,1344.6,M5937271321,0.0,0.0,0,0.0,0
269,PAYMENT,1.0,C5783809766,0.0,0.0,M3369412470,0.0,0.0,0,0.0,0
311,DEBIT,120.16,C1983297492,7131.99,7011.83,M1240140248,0.0,0.0,0,0.01,0
95,PAYMENT,1.0,C5870891270,1.08,0.08,M3145756342,0.0,0.0,0,0.0,0
439,TRANSFER,87840.41,C7249213370,76528.79,0.0,M3534186676,0.0,0.0,1,0.9133333333333333,1
201,PAYMENT,91.55,C3965676060,215.4,123.85,M3495411322,0.0,0.0,0,0.0,0
12,PAYMENT,17547.57,C9916336966,40547.9,23000.33,M1257854279,0.0,0.0,0,0.0,0
160,TRANSFER,1.0,C8110054933,0.0,0.0,C9704383251,10.05,11.05,0,0.18333333333333332,0
302,TRANSFER,2273.07,C2948728483,2313.25,40.18,M9581187661,0.0,0.0,1,0.42333333333333334,0
513,TRANSFER,120.88,C9248046539,122.18,1.3,C1367704871,0.0,0.0,1,0.18666666666666668,0
117,TRANSFER,2621.74,C8953726023,3098.99,477.25,C7556046460,0.0,0.0,1,0.16333333333333333,0
327,TRANSFER,431.85,C2960488639,411.15,0.0,M3965860354,0.0,0.0,1,0.23333333333333334,0
451,PAYMENT,1.0,C4734111722,0.0,0.0,M7969674420,0.0,0.0,0,0.0,0
616,CASH_OUT,1.0,C5129478722,0.0,0.0,C4919706735,146128.78,146128.78,0,0.0,0
76,TRANSFER,4295.04,C4538382315,4773.96,478.92,C7596745715,0.0,4295.04,1,0.01,0
77,PAYMENT,35.07,C1378134712,4053.08,4018.01,M3469205576,0.0,0.0,0,0.0,0
547,PAYMENT,1.0,C1041531046,0.0,0.0,M9255306810,0.0,0.0,0,0.0,0
616,CASH_OUT,1.0,C5578929439,0.83,0.0,C8057994126,4680.06,4680.06,0,0.023333333333333334,0
131,PAYMENT,2.19,C1494287462,423.72,421.53,M1732578761,0.0,0.0,0,0.0,0
493,PAYMENT,3.57,C2295574037,7.17,3.6,M2778069478,0.0,0.0,0,0.0,0
136,PAYMENT,1.0,C3169561289,0.32,0.0,M9581187661,0.0,0.0,0,0.0,0
285,TRANSFER,2602.51,C2850820685,3114.34,511.83,M8646369354,0.0,0.0,1,0.17666666666666667,0
231,PAYMENT,266.73,C1736086849,379.35,112.62,M1199447370,0.0,0.0,0,0.0,0
260,PAYMENT,1.0,C1099541460,0.0,0.0,M8443061472,0.0,0.0,0,0.0,0
199,CASH_OUT,103.33,C2486744752,121.16,17.83,C1037811610,1.0,1.0,1,0.01,0
575,PAYMENT,11.06,C6474354351,17.18,6.12,M8083396378,0.0,0.0,0,0.0,0
122,TRANSFER,354.75,C6329323383,368.7,13.95,C4163119785,0.0,0.0,1,0.14666666666666667,0
486,PAYMENT,22.06,C7685540186,53.05,30.99,M5194066484,0.0,0.0,0,0.0,0
173,PAYMENT,310.07,C7333678472,832.41,522.34,M6651754819,0.0,0.0,0,0.0,0
106,PAYMENT,894.53,C5182110973,1284.7,390.17,M7532669066,0.0,0.0,0,0.0,0
464,PAYMENT,109.65,C6618926823,130.91,21.26,M7168105904,0.0,0.0,0,0.0,0
320,TRANSFER,3329.35,C9147687657,3639.33,309.98,M8144889126,0.0,0.0,1,0.23,0
606,CASH_OUT,1.0,C8139209752,0.0,0.0,C2994056084,100.28,100.28,0,0.05333333333333334,0
3,PAYMENT,3.01,C1857596764,203.53,200.52,M4460319291,0.0,0.0,0,0.0,0
234,TRANSFER,385.75,C6822870815,323.88,0.0,M9977193987,0.0,0.0,1,0.23666666666666666,0
605,CASH_OUT,3480.13,C2579206999,2955.9,0.0,C8831899893,34.62,34.62,1,0.15333333333333332,0
93,PAYMENT,157.5,C7465834732,607.68,450.18,M1647181551,0.0,0.0,0,0.0,0
299,TRANSFER,198.83,C6447717367,272.74,73.91,C5118430494,171.45,171.45,1,0.016666666666666666,0
3,PAYMENT,50.72,C7243352390,162.77,112.05,M8821456242,0.0,0.0,0,0.0,0
6,CASH_OUT,1266.22,C4579265601,1589.14,322.92,M6284297249,0.0,0.0,1,0.013333333333333334,0
74,CASH_OUT,253.7,C6534540349,317.83,64.13,C2009317340,3.34,3.34,0,0.0,0
5,TRANSFER,162.26,C9196564761,596.34,434.08,C1233079614,776.18,938.44,0,0.006666666666666667,0
528,PAYMENT,9.34,C3396953414,604.48,595.14,M9640701016,0.0,0.0,0,0.0,0
491,TRANSFER,9.35,C4201225242,42.98,33.63,C7215110267,82.72,92.07,0,0.12666666666666668,0
226,TRANSFER,1.0,C1439427140,1.71,0.71,C8025152555,457.22,458.22,0,0.006666666666666667,0
337,PAYMENT,67.39,C5923940434,147.12,79.73,M5959736235,0.0,0.0,0,0.0,0
450,TRANSFER,4325.56,C5694806361,4582.42,256.86,M3965860354,0.0,0.0,1,0.31,0
127,CASH_OUT,136.89,C5759234471,185.47,48.58,C4492602049,43.62,43.62,1,0.0033333333333333335,0
49,CASH_OUT,2639.63,C9376277483,2516.87,0.0,C2660286914,3.61,3.61,1,0.043333333333333335,0
246,PAYMENT,29.8,C1131671246,5381.74,5351.94,M5564953924,0.0,0.0,0,0.0,0
287,TRANSFER,3568.4,C6542943838,4296.84,728.44,M8727805468,0.0,0.0,1,0.21666666666666667,0
37,TRANSFER,3086.4,C8497938394,2687.72,0.0,M5891831621,0.0,0.0,1,0.7633333333333333,1
282,TRANSFER,192.85,C8532327465,261.38,68.53,C3259520140,0.0,192.85,0,0.05333333333333334,0
660,PAYMENT,30.31,C2802141793,97.23,66.92,M2778069478,0.0,0.0,0,0.0,0
677,TRANSFER,422.49,C7465834732,450.18,27.69,C5421051452,0.0,422.49,0,0.07666666666666666,0
157,TRANSFER,54127.4,C4602080228,69562.33,15434.93,C6171239466,263.27,263.27,1,0.016666666666666666,0
25,PAYMENT,6.72,C6168291913,7.55,0.83,M7969674420,0.0,0.0,0,0.0,0
414,TRANSFER,1482.49,C7568861677,1828.97,346.48,C9370133343,33.34,1515.83,1,0.03666666666666667,0
522,TRANSFER,5.12,C8730507757,5.57,0.45,C4623960580,149.32,154.44,0,0.11666666666666667,0
89,PAYMENT,28.05,C8556573246,31.0,2.95,M7453081889,0.0,0.0,0,0.0,0
357,PAYMENT,1.0,C9479654136,0.0,0.0,M5156392601,0.0,0.0,0,0.0,0
712,TRANSFER,1679.23,C8750840032,2241.1,561.87,M1783432867,0.0,0.0,1,0.27666666666666667,0
343,TRANSFER,1246.3,C8086684009,1260.83,14.53,M4665677395,0.0,0.0,1,0.19666666666666666,0
640,TRANSFER,142798.09,C4919706735,146128.78,3330.69,M7270955446,0.0,0.0,1,0.34,0
48,PAYMENT,1.03,C6797436140,2.23,1.2,M4306983924,0.0,0.0,0,0.0,0
311,CASH_OUT,158.36,C6852312425,481.15,322.79,C7061419749,0.0,0.0,0,0.016666666666666666,0
21,CASH_OUT,9877.5,C6868336102,28775.07,18897.57,C2250949136,2056.14,2056.14,0,0.0,0
466,TRANSFER,1269.95,C5307145891,1372.2,102.25,C2111272861,14058.43,14058.43,1,0.01,0
446,TRANSFER,3.42,C5358791907,14.85,11.43,C3188382776,2201.31,2204.73,0,0.04,0
557,TRANSFER,12.05,C5754363475,17.46,5.41,C3987248494,46.07,58.12,0,0.12666666666666668,0
378,PAYMENT,5192.16,C7896596272,21002.26,15810.1,M6659847491,0.0,0.0,0,0.0,0
615,CASH_OUT,9.01,C1546957087,10.51,1.5,C7085004726,797.16,797.16,0,0.043333333333333335,0
188,TRANSFER,1.0,C3553440342,0.0,0.0,C1977515194,470.2,471.2,0,0.01,0
331,CASH_OUT,15604.23,C2625792787,14867.36,0.0,M6199197408,0.0,0.0,1,0.2,0
684,TRANSFER,1.0,C7242730249,0.0,0.0,C3615507143,0.74,1.74,0,0.22,0
427,PAYMENT,33.64,C1050899550,65.75,32.11,M5270048042,0.0,0.0,0,0.0,0
586,PAYMENT,1.0,C5281907480,0.0,0.0,M2129491690,0.0,0.0,0,0.0,0
41,TRANSFER,124.48,C5763350700,153.42,28.94,M6744039057,0.0,0.0,1,0.16,0
391,PAYMENT,76.24,C3106408413,102.13,25.89,M1694904767,0.0,0.0,0,0.0,0
632,TRANSFER,2155.75,C8779941999,2166.7,10.95,M2916502228,0.0,0.0,1,0.47,0
620,TRANSFER,1820.92,C4252504650,2001.78,180.86,M1783432867,0.0,0.0,1,0.2966666666666667,0
38,PAYMENT,1.83,C5087357728,4.68,2.85,M3536590481,0.0,0.0,0,0.0,0
568,DEBIT,33.58,C4172006012,37.0,3.42,M1257854279,0.0,0.0,0,0.04,0
133,PAYMENT,1.0,C8132531532,0.0,0.0,M7230477043,0.0,0.0,0,0.0,0
453,CASH_OUT,96.84,C1613549255,110.13,13.29,C7100408092,0.0,0.0,0,0.05333333333333334,0
636,TRANSFER,1.0,C3303082117,0.21,0.0,C7560389844,106575.9,106576.9,0,0.0,0
499,PAYMENT,1.0,C3434757387,0.0,0.0,M7192742877,0.0,0.0,0,0.0,0
652,CASH_IN,3207.95,C5025070544,0.0,3207.95,C1182758417,45.31,45.31,0,0.0,0
241,CASH_OUT,90.08,C7527316141,96.0,5.92,C5913767020,56.51,56.51,1,0.0033333333333333335,0
190,CASH_OUT,3668.6,C6618926823,3763.6,95.0,C8370987661,0.0,0.0,1,0.0,0
208,TRANSFER,1732.04,C2178884276,2388.72,656.68,M6820149016,0.0,0.0,1,0.18333333333333332,0
362,CASH_OUT,285.35,C9505085936,250.37,0.0,M1185303518,0.0,0.0,1,0.05333333333333334,0
216,PAYMENT,69.88,C6048096802,106.7,36.82,M3469205576,0.0,0.0,0,0.0,0
64,CASH_OUT,265.1,C5667503195,499.3,234.2,C6619138852,14.34,14.34,0,0.0033333333333333335,0
482,CASH_IN,6070.72,C1245522987,149.47,6220.19,C9218363978,27.67,27.67,0,0.0,0
662,PAYMENT,1.0,C3051831252,0.0,0.0,M5449848690,0.0,0.0,0,0.0,0
88,TRANSFER,157.15,C9912233947,181.94,24.79,M9900829971,0.0,0.0,1,0.16333333333333333,0
216,PAYMENT,2.91,C3047869247,6.37,3.46,M1096405016,0.0,0.0,0,0.0,0
463,PAYMENT,1.0,C4882343658,0.0,0.0,M4896576569,0.0,0.0,0,0.0,0
429,TRANSFER,288.11,C2458198451,308.32,20.21,C4180599722,0.91,0.91,1,0.15333333333333332,0
705,PAYMENT,2.67,C7004510516,3.65,0.98,M9776500600,0.0,0.0,0,0.0,0
380,TRANSFER,214.3,C7321180787,292.09,77.79,M7678293431,0.0,0.0,1,0.15666666666666668,0
205,TRANSFER,3087.37,C8199372599,3468.94,381.57,M6606958660,0.0,0.0,1,0.21333333333333335,0
712,CASH_OUT,1.0,C4095476665,0.0,0.0,C1626733282,5.69,5.69,0,0.04666666666666667,0
500,TRANSFER,580.62,C4012917912,809.63,229.01,M7453081889,0.0,0.0,1,0.15333333333333332,0
18,TRANSFER,594.0,C3115806625,1301.75,707.75,C9166381136,0.48,594.48,0,0.0,0
13,TRANSFER,3772.8,C1182758417,3748.31,0.0,C2188332531,259.42,259.42,1,0.2,0
496,TRANSFER,1.0,C3367665472,0.55,0.0,C2602884797,194.91,195.91,0,0.11666666666666667,0
708,CASH_OUT,1.0,C2653032484,0.0,0.0,C3420671425,667.65,667.65,0,0.06,0
465,PAYMENT,112.77,C9354711271,143.06,30.29,M2869931869,0.0,0.0,0,0.0,0
580,PAYMENT,2936.64,C1378134712,4018.01,1081.37,M9620935604,0.0,0.0,0,0.0,0
155,CASH_OUT,68.77,C1657675888,283.95,215.18,C4752171298,1080.84,1080.84,0,0.01,0
115,PAYMENT,1.0,C6157617867,0.0,0.0,M6999146585,0.0,0.0,0,0.0,0
549,CASH_IN,128874.46,C3781569954,61.89,128936.35,C7808938880,0.0,0.0,0,0.0,0
57,PAYMENT,73.14,C2242377075,97.61,24.47,M4641902461,0.0,0.0,0,0.0,0
238,TRANSFER,1.0,C4097887746,0.0,0.0,C3075362821,8.66,9.66,0,0.19333333333333333,0
409,TRANSFER,1.0,C5789617427,0.0,0.0,C4627032705,1.31,2.31,0,0.19666666666666666,0
611,PAYMENT,1.0,C3841827734,0.0,0.0,M7532669066,0.0,0.0,0,0.0,0
426,TRANSFER,1.0,C8243746556,0.0,0.0,C8638763775,368.88,369.88,0,0.07666666666666666,0
399,CASH_OUT,1.0,C5212581851,0.0,0.0,C1981049082,0.0,0.0,0,0.03666666666666667,0
43,CASH_OUT,193.94,C5633956194,211.54,17.6,M4689605624,0.0,0.0,1,0.0,0
178,PAYMENT,1.0,C7316122432,0.0,0.0,M6275155878,0.0,0.0,0,0.0,0
668,PAYMENT,75.62,C8282534126,125.51,49.89,M4211837506,0.0,0.0,0,0.0,0
30,CASH_IN,78341.74,C8115628227,41.03,78382.77,C6075963527,29.67,29.67,0,0.0,0
554,CASH_OUT,465.99,C2174793230,495.67,29.68,C6043349038,79.61,79.61,1,0.03666666666666667,0
5,PAYMENT,15145.79,C5141285960,100834.78,85688.99,M6692705133,0.0,0.0,0,0.0,0
301,TRANSFER,639.11,C1067198189,706.24,67.13,C3316277000,152.16,152.16,1,0.02666666666666667,0
1,TRANSFER,45.35,C9842186844,51.92,6.57,C2452066459,36.17,81.52,0,0.11333333333333333,0
19,CASH_OUT,959.68,C2139027119,1154.22,194.54,C3149484176,0.33,0.33,0,0.0,0
169,DEBIT,938.03,C7664258343,14460.91,13522.88,M9822499208,0.0,0.0,0,0.01,0
368,TRANSFER,1.0,C6961554653,0.0,0.0,C4693510920,771.31,772.31,0,0.013333333333333334,0
708,PAYMENT,3035.7,C3550908958,4336.56,1300.86,M7230477043,0.0,0.0,0,0.0,0
85,TRANSFER,4428.28,C2232285036,4626.19,197.91,M9620935604,0.0,0.0,1,0.21666666666666667,0
533,TRANSFER,1.0,C4939447721,0.0,0.0,C1660370908,0.0,1.0,0,0.22333333333333333,0
435,CASH_OUT,69.11,C7340428136,70.44,1.33,C6241752544,0.41,0.41,1,0.07333333333333333,0
546,TRANSFER,19839.49,C7648059419,20665.33,825.84,M9021793855,0.0,0.0,1,0.31666666666666665,0
609,CASH_OUT,1409.7,C2224363672,1328.34,0.0,C7059726570,0.0,0.0,1,0.18,0
197,TRANSFER,1218.69,C8867077130,1037.41,0.0,M3595066420,0.0,0.0,1,0.34,0
469,TRANSFER,5404.06,C4067919621,4747.28,0.0,M6846530109,0.0,0.0,1,0.91,1
12,DEBIT,272.09,C9663561486,1178.26,906.17,M3476758136,0.0,0.0,0,0.01,0
213,CASH_IN,23266.51,C9981364488,284.96,23551.47,C8999963054,4.51,4.51,0,0.0,0
473,CASH_OUT,33599.81,C1257324536,109409.29,75809.48,C3694860228,259.75,259.75,0,0.0,0
282,CASH_OUT,79.5,C7751356568,1696.37,1616.87,C9376277483,0.0,0.0,0,0.013333333333333334,0
431,TRANSFER,122.29,C4277581356,102.85,0.0,M1240140248,0.0,0.0,1,0.21333333333333335,0
573,PAYMENT,12.58,C6923893872,22.74,10.16,M1083302600,0.0,0.0,0,0.0,0
17,TRANSFER,4524.72,C1674755608,4126.41,0.0,C5033992825,271.69,271.69,1,0.2,0
102,PAYMENT,1.66,C6924716023,3.36,1.7,M3965860354,0.0,0.0,0,0.0,0
61,TRANSFER,1890.17,C8995045543,2210.72,320.55,C4277422858,14037.55,15927.72,0,0.0,0
552,CASH_OUT,364.36,C8382488970,385.95,21.59,C1553155490,0.0,0.0,0,0.04,0
369,TRANSFER,16984.69,C1590838716,22209.88,5225.19,C7573691558,0.0,16984.69,0,0.0,0
550,PAYMENT,9707.25,C3207160929,101805.03,92097.78,M5449848690,0.0,0.0,0,0.0,0
475,CASH_OUT,1.0,C3258354191,0.0,0.0,C2409274786,415.34,415.34,0,0.09333333333333334,0
363,PAYMENT,61.34,C9306142066,209.52,148.18,M7537130187,0.0,0.0,0,0.0,0
392,TRANSFER,5046.43,C2570991899,4229.23,0.0,M3223687972,0.0,0.0,1,0.7233333333333334,1
380,CASH_OUT,242.13,C8995045543,320.55,78.42,C5439176290,0.0,0.0,1,0.013333333333333334,0
92,CASH_OUT,3.67,C6358023411,8.18,4.51,C2075413763,184.17,184.17,0,0.0,0
224,CASH_OUT,438.54,C6698759353,631.39,192.85,C9623534576,860.21,860.21,0,0.016666666666666666,0
290,PAYMENT,1.0,C4274374218,0.0,0.0,M5570190774,0.0,0.0,0,0.0,0
403,CASH_OUT,3.35,C6995554056,10.86,7.51,C6879428703,399.34,399.34,0,0.01,0
151,PAYMENT,279.17,C9147687657,309.98,30.81,M1099218439,0.0,0.0,0,0.0,0
365,PAYMENT,13.34,C6201313620,16.62,3.28,M2625035499,0.0,0.0,0,0.0,0
687,TRANSFER,9513.57,C8636525027,13219.31,3705.74,M4689605624,0.0,0.0,1,0.32,0
47,PAYMENT,1.0,C8948573913,0.0,0.0,M8643636805,0.0,0.0,0,0.0,0
372,PAYMENT,88.3,C1173215225,163.92,75.62,M4865979921,0.0,0.0,0,0.0,0
265,PAYMENT,2.09,C5078551333,5709.45,5707.36,M3605446007,0.0,0.0,0,0.0,0
185,CASH_OUT,1876.7,C5778781449,2129.18,252.48,M6992094064,0.0,0.0,1,0.0,0
337,CASH_OUT,81.17,C8033062794,352.89,271.72,C8880079328,246.45,246.45,0,0.006666666666666667,0
576,CASH_IN,32533.72,C7608141858,56.9,32590.62,C5855415646,0.0,0.0,0,0.0,0
291,PAYMENT,87.48,C5215140451,94.66,7.18,M7270955446,0.0,0.0,0,0.0,0
485,CASH_OUT,7364.87,C2866092821,8915.16,1550.29,C8309221034,51.69,51.69,0,0.023333333333333334,0
559,PAYMENT,32.64,C1430073711,117.88,85.24,M7948094928,0.0,0.0,0,0.0,0
408,TRANSFER,12885.9,C1399546384,10822.87,0.0,M6498703287,0.0,0.0,1,0.7366666666666667,1
496,DEBIT,1.0,C5996775663,0.0,0.0,M3811254192,0.0,0.0,0,0.043333333333333335,0
367,PAYMENT,61.05,C5659161352,132.92,71.87,M7960713821,0.0,0.0,0,0.0,0
666,TRANSFER,1.0,C8507497883,0.0,0.0,C4526242854,0.0,1.0,0,0.22333333333333333,0
298,TRANSFER,1.25,C7340428136,1.33,0.08,C9945002229,0.0,1.25,0,0.22666666666666666,0
685,PAYMENT,168.98,C8293928340,191.76,22.78,M8235474949,0.0,0.0,0,0.0,0
647,PAYMENT,271.62,C4507822591,6208.21,5936.59,M6606958660,0.0,0.0,0,0.0,0
86,CASH_OUT,213.54,C1857596764,200.52,0.0,C3532855799,2131.17,2131.17,1,0.016666666666666666,0
493,PAYMENT,16.35,C3389594115,47.9,31.55,M4908108692,0.0,0.0,0,0.0,0
638,CASH_OUT,64.52,C7321180787,77.79,13.27,M3636366799,0.0,0.0,1,0.03333333333333333,0
135,PAYMENT,12.04,C4564751926,27.05,15.01,M9631695368,0.0,0.0,0,0.0,0
309,DEBIT,420.64,C7085004726,797.16,376.52,M2156184315,0.0,0.0,0,0.013333333333333334,0
158,CASH_OUT,1190.58,C1553155490,1343.81,153.23,M3208200227,0.0,0.0,1,0.0,0
149,PAYMENT,200.68,C6879428703,399.34,198.66,M9043367776,0.0,0.0,0,0.0,0
301,CASH_OUT,168.47,C9306142066,148.18,0.0,C7988845536,0.0,0.0,1,0.05333333333333334,0
687,PAYMENT,16201.25,C2843567009,55035.27,38834.02,M1442421654,0.0,0.0,0,0.0,0
506,CASH_OUT,43394.65,C4287687478,59271.37,15876.72,C2452066459,81.52,81.52,1,0.01,0
259,CASH_OUT,668.66,C4097887746,630.93,0.0,C7857580528,13464.88,13464.88,1,0.03,0
585,CASH_OUT,46.71,C5923940434,79.73,33.02,C7061419749,0.0,0.0,0,0.03666666666666667,0
203,TRANSFER,1030.89,C5748253283,1465.3,434.41,C7977267911,0.0,1030.89,1,0.0,0
144,CASH_OUT,2.58,C1485574228,5.16,2.58,C4473306055,3.69,3.69,0,0.0033333333333333335,0
38,TRANSFER,96.75,C3102209245,92.02,0.0,M5194066484,0.0,0.0,1,0.23333333333333334,0
633,TRANSFER,1.0,C7645527239,0.0,0.0,C8235717104,1.62,2.62,0,0.23333333333333334,0
37,CASH_OUT,350.35,C6142469284,408.99,58.64,C1624173500,0.0,0.0,1,0.0,0
709,CASH_OUT,1.0,C6691628146,0.0,0.0,C6852312425,322.79,322.79,0,0.043333333333333335,0
707,CASH_OUT,472.43,C8055515912,498.98,26.55,M6515490818,0.0,0.0,1,0.04,0
668,PAYMENT,1.0,C7666869046,0.0,0.0,M3595066420,0.0,0.0,0,0.0,0
394,TRANSFER,2698.58,C7305101214,3844.26,1145.68,M2155671697,0.0,0.0,1,0.17333333333333334,0
286,CASH_OUT,1134.03,C4752171298,1080.84,0.0,M4390543744,0.0,0.0,1,0.15,0
527,CASH_OUT,4640.71,C6443749394,4841.06,200.35,C3019214800,36946.82,36946.82,1,0.013333333333333334,0
109,TRANSFER,165.93,C8547068234,149.54,0.0,M1811839103,0.0,0.0,1,0.23333333333333334,0
573,PAYMENT,59.17,C2274350418,80.37,21.2,M2885370603,0.0,0.0,0,0.0,0
469,TRANSFER,1.0,C3051831252,0.0,0.0,C8674224347,2238.21,2239.21,0,0.06,0
16,TRANSFER,3834.22,C3772636814,3218.38,0.0,M6865994703,0.0,0.0,1,0.71,1
397,PAYMENT,1.0,C3361388464,0.0,0.0,M9773795424,0.0,0.0,0,0.0,0
15,TRANSFER,987.13,C6155234610,1160.08,172.95,M8366710477,0.0,0.0,1,0.09333333333333334,0
257,CASH_OUT,1.0,C9557663181,0.0,0.0,C6169243284,22.87,22.87,0,0.02,0
540,TRANSFER,5464.31,C4630196130,4976.82,0.0,C8755749566,208.91,208.91,1,0.5233333333333333,1
535,CASH_OUT,2540.27,C5744003377,2849.55,309.28,C1519709079,281.04,281.04,1,0.013333333333333334,0
601,TRANSFER,6.06,C8779941999,10.95,4.89,C6562457052,0.0,6.06,0,0.18333333333333332,0
445,TRANSFER,1027.78,C3550908958,1300.86,273.08,C3780475472,4972.95,6000.73,0,0.02666666666666667,0
55,CASH_OUT,5.63,C6246716604,18.91,13.28,C7759781156,2.26,2.26,0,0.0,0
399,CASH_IN,89211.72,C3777580509,0.0,89211.72,C7736142481,169.19,169.19,0,0.0,0
390,CASH_OUT,1.0,C7059726570,0.0,0.0,C6009268066,35.71,35.71,0,0.02,0
685,TRANSFER,1.89,C6470052645,3.1,1.21,C3952295757,4610.86,4612.75,0,0.023333333333333334,0
704,CASH_OUT,3050.06,C4096932037,3949.08,899.02,C2465576748,6.68,6.68,1,0.023333333333333334,0
390,TRANSFER,2.08,C5416031878,3.4,1.32,C5275521470,0.0,2.08,0,0.17333333333333334,0
306,PAYMENT,27.77,C4530959836,29.25,1.48,M8903212516,0.0,0.0,0,0.0,0
254,TRANSFER,19673.72,C1197092148,54235.45,34561.73,C7311011808,0.0,19673.72,0,0.0,0
202,CASH_OUT,852.13,C1484230338,1153.87,301.74,C4039019230,36.24,36.24,0,0.0,0
408,CASH_OUT,197.74,C2537965898,251.41,53.67,M5869990861,0.0,0.0,1,0.03,0
648,CASH_OUT,338.92,C3591527330,402.8,63.88,M3107992942,0.0,0.0,1,0.03,0
524,TRANSFER,1699.28,C5367513465,2012.16,312.88,M2328736852,0.0,0.0,1,0.28,0
476,PAYMENT,1.0,C1553753599,0.0,0.0,M4601406440,0.0,0.0,0,0.0,0
6,TRANSFER,799.04,C2941508568,873.36,74.32,M2121448210,0.0,0.0,1,0.17,0
113,CASH_OUT,4249.86,C4659306670,4386.47,136.61,M7282885927,0.0,0.0,1,0.0033333333333333335,0
339,TRANSFER,9764.91,C4143852021,12932.2,3167.29,C7019900273,545.14,545.14,1,0.0033333333333333335,0
643,TRANSFER,1.0,C5306459450,0.0,0.0,C4882343658,0.0,1.0,0,0.23,0
197,PAYMENT,71.65,C5510938155,94.61,22.96,M6659847491,0.0,0.0,0,0.0,0
543,TRANSFER,38.81,C6092773357,88.63,49.82,C4873807154,896.45,935.26,0,0.05,0
657,TRANSFER,19.57,C8184602688,61.84,42.27,C7648059419,825.84,845.41,0,0.05333333333333334,0
415,CASH_OUT,2072.05,C3780439666,1939.0,0.0,M9933702652,0.0,0.0,1,0.38333333333333336,0
347,PAYMENT,1.02,C4039019230,36.24,35.22,M1888107487,0.0,0.0,0,0.0,0
152,TRANSFER,44.93,C3796581976,131.15,86.22,C9470922075,0.0,44.93,0,0.14,0
571,PAYMENT,60.25,C9279291478,82.04,21.79,M7951820749,0.0,0.0,0,0.0,0
124,PAYMENT,1.0,C6663846005,0.0,0.0,M7351460539,0.0,0.0,0,0.0,0
300,TRANSFER,9489.35,C9935429720,50032.87,40543.52,C6471691689,0.0,9489.35,0,0.0,0
135,TRANSFER,643.22,C4713453204,817.42,174.2,C2867302554,0.0,643.22,0,0.0,0
265,PAYMENT,1.0,C8453283834,0.0,0.0,M7928143230,0.0,0.0,0,0.0,0
294,TRANSFER,4438.97,C9376277483,4717.07,278.1,M5734228580,0.0,0.0,1,0.23333333333333334,0
249,PAYMENT,222.66,C5175416378,270.76,48.1,M6790024996,0.0,0.0,0,0.0,0
696,CASH_IN,2579.2,C2963288053,751.81,3331.01,C9019515562,749.74,749.74,0,0.006666666666666667,0
129,PAYMENT,1.0,C3951331472,2.09,1.09,M1999913493,0.0,0.0,0,0.0,0
637,CASH_IN,28758.98,C8867077130,0.0,28758.98,C1209063208,9.78,9.78,0,0.0,0
718,CASH_OUT,3791.33,C4895020135,3452.4,0.0,M8869140487,0.0,0.0,1,0.25333333333333335,0
27,PAYMENT,1.0,C5695387521,0.0,0.0,M8044997538,0.0,0.0,0,0.0,0
472,TRANSFER,5.83,C6947080764,17.19,11.36,C7872873371,49.49,55.32,0,0.12,0
688,TRANSFER,2057.75,C4022245086,2352.07,294.32,M5990749811,0.0,0.0,1,0.30666666666666664,0
403,PAYMENT,1.0,C5975196341,0.0,0.0,M3965860354,0.0,0.0,0,0.0,0
87,TRANSFER,3965.63,C5870891270,4815.63,850.0,M9620935604,0.0,0.0,1,0.20333333333333334,0
187,PAYMENT,541.12,C5686850445,1007.82,466.7,M7343954769,0.0,0.0,0,0.0,0
212,PAYMENT,4.98,C9279291478,21.79,16.81,M3660800029,0.0,0.0,0,0.0,0
548,CASH_IN,96934.67,C3305069227,13917.16,110851.83,C4731897202,29.48,29.48,0,0.0,0
156,CASH_OUT,137.74,C7736142481,169.19,31.45,C7635473142,49.13,49.13,0,0.006666666666666667,0
263,CASH_OUT,2.42,C4172006012,3.42,1.0,C1885113834,0.0,0.0,0,0.023333333333333334,0
655,PAYMENT,1.0,C5067116918,0.0,0.0,M3223687972,0.0,0.0,0,0.0,0
298,PAYMENT,22.56,C3962452613,39.12,16.56,M5919148165,0.0,0.0,0,0.0,0
597,TRANSFER,584.21,C8189916797,790.21,206.0,C7022683808,0.0,0.0,1,0.15666666666666668,0
428,TRANSFER,6.09,C9381721143,11.03,4.94,C7508080884,0.76,6.85,0,0.16333333333333333,0
261,PAYMENT,1.23,C8151583833,3.18,1.95,M3965860354,0.0,0.0,0,0.0,0
522,TRANSFER,4429.49,C6418365941,4023.85,0.0,C3906611156,0.0,4429.49,1,0.37,0
316,PAYMENT,1.0,C8987073217,0.0,0.0,M9068916300,0.0,0.0,0,0.0,0
682,PAYMENT,201.1,C8880079328,246.45,45.35,M3690714075,0.0,0.0,0,0.0,0
160,TRANSFER,1186.98,C5689870435,1184.97,0.0,C2510308881,53390.66,53390.66,1,0.0033333333333333335,0
704,CASH_OUT,52.89,C2099184899,194.27,141.38,C8923555411,0.0,0.0,0,0.023333333333333334,0
172,CASH_OUT,1157.19,C2183906581,1049.09,0.0,M8235474949,0.0,0.0,1,0.07,0
158,PAYMENT,1.0,C7640122370,0.0,0.0,M3208200227,0.0,0.0,0,0.0,0
662,CASH_OUT,54.35,C1798112150,56.12,1.77,C4531928910,0.0,0.0,1,0.04,0
4,CASH_OUT,3554.42,C3841827734,3921.24,366.82,C1487258103,848.7,848.7,1,0.016666666666666666,0
501,TRANSFER,298.06,C4022245086,294.32,0.0,C2905584866,73.34,73.34,1,0.16333333333333333,0
254,PAYMENT,1.72,C1045302356,2.98,1.26,M1694904767,0.0,0.0,0,0.0,0
139,PAYMENT,1.0,C1707196784,0.0,0.0,M9576264323,0.0,0.0,0,0.0,0
658,PAYMENT,12.36,C4956843441,32.27,19.91,M6498703287,0.0,0.0,0,0.0,0
653,CASH_OUT,1.59,C5067245523,7.38,5.79,C8477300991,46694.41,46694.41,0,0.013333333333333334,0
434,PAYMENT,61.29,C5728897164,88.88,27.59,M9921025990,0.0,0.0,0,0.0,0
263,TRANSFER,1.0,C5275521470,2.08,1.08,C7664258343,13522.88,13523.88,0,0.0,0
30,PAYMENT,1.0,C2095286033,0.0,0.0,M4093474499,0.0,0.0,0,0.0,0
166,CASH_OUT,173.31,C6792661894,239.64,66.33,M5270048042,0.0,0.0,1,0.0,0
215,TRANSFER,7148.44,C3587283948,59840.86,52692.42,C5118430494,171.45,7319.89,0,0.0,0
13,CASH_OUT,2.47,C4631048029,6.88,4.41,C1182758417,0.0,0.0,0,0.006666666666666667,0
44,PAYMENT,13.08,C3739951076,57.99,44.91,M2635881694,0.0,0.0,0,0.0,0
14,TRANSFER,778.69,C5336127859,926.71,148.02,M3534186676,0.0,0.0,1,0.14,0
335,CASH_OUT,2083.47,C5539308214,2118.75,35.28,C1785418196,12756.54,12756.54,1,0.0,0
695,TRANSFER,1.0,C3772636814,0.0,0.0,C8109891300,25.51,26.51,0,0.18,0
391,PAYMENT,1.0,C6991473746,0.0,0.0,M9900829971,0.0,0.0,0,0.0,0
281,PAYMENT,14.29,C1870644102,21.29,7.0,M2303835765,0.0,0.0,0,0.0,0
88,PAYMENT,1.0,C5647317872,0.12,0.0,M8276498637,0.0,0.0,0,0.0,0
388,PAYMENT,1.0,C4227004325,0.0,0.0,M6558769264,0.0,0.0,0,0.0,0
144,PAYMENT,79.05,C5476654128,124.95,45.9,M6130446648,0.0,0.0,0,0.0,0
208,PAYMENT,374.88,C5748253283,434.41,59.53,M1096405016,0.0,0.0,0,0.0,0
553,TRANSFER,668.58,C3115806625,707.75,39.17,C2616884203,439.42,1108.0,0,0.04666666666666667,0
408,PAYMENT,19.77,C3149533961,30.36,10.59,M4908108692,0.0,0.0,0,0.0,0
165,PAYMENT,1.0,C3102209245,0.0,0.0,M8443061472,0.0,0.0,0,0.0,0
46,PAYMENT,1.0,C5610783750,0.38,0.0,M4211837506,0.0,0.0,0,0.0,0
108,PAYMENT,20.26,C8458717057,23.23,2.97,M6606958660,0.0,0.0,0,0.0,0
109,TRANSFER,40.85,C9703905715,50.66,9.81,M4399143287,0.0,0.0,1,0.16333333333333333,0
192,TRANSFER,36.64,C3319936135,81646.61,81609.97,C9730449971,24.59,61.23,0,0.09,0
660,TRANSFER,1.0,C1952396600,2.06,1.06,C6754503097,0.0,1.0,0,0.19,0
189,CASH_OUT,4110.37,C4227004325,4936.5,826.13,M9620935604,0.0,0.0,1,0.0,0
293,TRANSFER,3291.41,C8182649048,4262.19,970.78,C3476426797,123421.17,123421.17,1,0.0,0
36,CASH_OUT,2074.25,C8816681105,3197.53,1123.28,C8480622107,1203.34,1203.34,0,0.0,0
331,CASH_OUT,618.06,C1613549255,784.37,166.31,M5315720088,0.0,0.0,1,0.013333333333333334,0
323,TRANSFER,13.91,C8377088167,32.54,18.63,C2317723211,0.0,13.91,0,0.14666666666666667,0
710,TRANSFER,179.19,C7519578899,539.35,360.16,C2283298067,6.95,186.14,0,0.05333333333333334,0
57,PAYMENT,206.56,C9544423456,265.91,59.35,M4588312351,0.0,0.0,0,0.0,0
286,PAYMENT,4.96,C3691864041,8.58,3.62,M1257854279,0.0,0.0,0,0.0,0
576,PAYMENT,9.43,C7027529118,13265.89,13256.46,M1666898313,0.0,0.0,0,0.0,0
132,TRANSFER,787.95,C4683585586,864.44,76.49,C6081137534,299.32,1087.27,0,0.006666666666666667,0
617,CASH_OUT,1274.22,C6789292252,1445.38,171.16,C6186758088,87.68,87.68,1,0.023333333333333334,0
188,TRANSFER,1.0,C5130589741,0.0,0.0,C6618926823,95.0,96.0,0,0.06666666666666667,0
28,PAYMENT,16541.42,C5600836559,31092.79,14551.37,M8910440683,0.0,0.0,0,0.0,0
241,TRANSFER,468.28,C8761956684,808.87,340.59,C1494287462,421.53,889.81,0,0.0,0
610,TRANSFER,226.64,C6265016831,241.28,14.64,C9581991473,7984.14,7984.14,1,0.01,0
502,CASH_OUT,681.97,C9573276057,849.44,167.47,M8626371177,0.0,0.0,1,0.04,0
304,TRANSFER,223.31,C7772180882,340.0,116.69,C1772303297,0.0,223.31,0,0.04,0
546,PAYMENT,42.56,C7406579219,59.08,16.52,M4554178984,0.0,0.0,0,0.0,0
361,CASH_OUT,149.45,C3783009621,165.89,16.44,C3806215682,1712.39,1712.39,1,0.02,0
417,PAYMENT,1.0,C1127978094,0.0,0.0,M8044997538,0.0,0.0,0,0.0,0
650,PAYMENT,22776.56,C4776436931,61833.17,39056.61,M7341757401,0.0,0.0,0,0.0,0
105,TRANSFER,199.73,C2602884797,195.91,0.0,M5000316394,0.0,0.0,1,0.23333333333333334,0
437,PAYMENT,205.58,C4880176825,260.05,54.47,M6583604299,0.0,0.0,0,0.0,0
479,CASH_OUT,2169.98,C9546021691,2483.47,313.49,C7305101214,1145.68,1145.68,1,0.043333333333333335,0
613,PAYMENT,1.0,C4239406957,0.0,0.0,M7512767226,0.0,0.0,0,0.0,0
634,CASH_OUT,286.05,C3550908958,273.08,0.0,M2303835765,0.0,0.0,1,0.07333333333333333,0
649,TRANSFER,602.55,C4526242854,768.25,165.7,M5315720088,0.0,0.0,1,0.12333333333333334,0
609,TRANSFER,464.23,C8556573246,457.87,0.0,M2156184315,0.0,0.0,1,0.24666666666666667,0
654,TRANSFER,2448.78,C2250949136,2056.14,0.0,M7351460539,0.0,0.0,1,0.79,1
308,TRANSFER,1.0,C1674755608,0.0,0.0,C3367665472,0.0,1.0,0,0.22666666666666666,0
87,CASH_OUT,3253.09,C8832617672,4430.89,1177.8,C6102144947,21.64,21.64,1,0.0,0
122,CASH_IN,91810.74,C4252504650,180.86,91991.6,C8388580360,645.07,645.07,0,0.0,0
541,TRANSFER,2202.87,C2125089309,2423.63,220.76,M7764117705,0.0,0.0,1,0.31333333333333335,0
42,PAYMENT,9.57,C6562434335,10.2,0.63,M2635881694,0.0,0.0,0,0.0,0
2,TRANSFER,3528.2,C8086684009,4107.7,579.5,M3317856944,0.0,0.0,1,0.19333333333333333,0
252,TRANSFER,4064.7,C9856756553,4477.68,412.98,M5570190774,0.0,0.0,1,0.22333333333333333,0
278,TRANSFER,4354.25,C9945002229,3811.47,0.0,M6041646576,0.0,0.0,1,0.82,1
423,DEBIT,31.29,C3097302637,58.49,27.2,M9896529524,0.0,0.0,0,0.02666666666666667,0
639,CASH_OUT,1609.46,C9903351330,1681.02,71.56,C7246858055,143.73,143.73,1,0.03333333333333333,0
339,PAYMENT,4.25,C5736462531,15.75,11.5,M5412437658,0.0,0.0,0,0.0,0
656,DEBIT,1.0,C5439176290,0.0,0.0,M6199197408,0.0,0.0,0,0.05333333333333334,0
254,CASH_OUT,94.64,C7488943393,113.42,18.78,C1383539822,0.0,0.0,0,0.0033333333333333335,0
532,CASH_OUT,1.65,C1586412136,7.94,6.29,C6504099682,0.0,0.0,0,0.03666666666666667,0
586,CASH_OUT,6.89,C9428056968,7.95,1.06,C9677466102,138.69,138.69,0,0.03666666666666667,0
44,TRANSFER,970.81,C1847275937,62732.98,61762.17,C8926438617,0.0,970.81,0,0.006666666666666667,0
415,TRANSFER,1887.7,C4040409964,2556.47,668.77,C6704841644,124.4,124.4,1,0.12333333333333334,0
551,CASH_OUT,118.98,C1104906255,112.09,0.0,M6275155878,0.0,0.0,1,0.07666666666666666,0
216,TRANSFER,5886.19,C3780475472,6000.73,114.54,C7699500243,503.03,503.03,1,0.03666666666666667,0
369,CASH_OUT,3627.12,C6493800024,3929.86,302.74,M6282009986,0.0,0.0,1,0.01,0
363,DEBIT,1.0,C8168204967,0.96,0.0,M8235474949,0.0,0.0,0,0.04,0
551,PAYMENT,4.0,C8372755146,18.18,14.18,M6199197408,0.0,0.0,0,0.0,0
303,CASH_OUT,1795.82,C9909257076,1535.02,0.0,M1199447370,0.0,0.0,1,0.11333333333333333,0
539,CASH_OUT,29.37,C5774080233,43.74,14.37,C8458717057,2.97,2.97,0,0.03333333333333333,0
382,PAYMENT,1.92,C6206015111,7.46,5.54,M7717262223,0.0,0.0,0,0.0,0
88,CASH_OUT,1141.89,C1225052083,5569.73,4427.84,C9302705838,0.0,0.0,0,0.0,0
639,TRANSFER,3284.55,C3384006407,3233.71,0.0,M2910594463,0.0,0.0,1,0.9466666666666667,1
272,CASH_OUT,372.36,C5686850445,466.7,94.34,M2778069478,0.0,0.0,1,0.0033333333333333335,0
437,DEBIT,1.0,C3178995337,0.0,0.0,M2541015125,0.0,0.0,0,0.05,0
401,TRANSFER,915.74,C7299420031,980.45,64.71,C5072538783,9.95,925.69,0,0.02,0
143,CASH_OUT,1.64,C4473306055,3.69,2.05,C2311597141,5.26,5.26,0,0.0033333333333333335,0
565,PAYMENT,21.69,C8831899893,34.62,12.93,M5412437658,0.0,0.0,0,0.0,0
4,PAYMENT,340.02,C5729866281,587.59,247.57,M7651029165,0.0,0.0,0,0.0,0
322,CASH_OUT,4617.59,C6904897514,4953.18,335.59,M4865979921,0.0,0.0,1,0.006666666666666667,0
602,TRANSFER,267.09,C9911329062,344.92,77.83,M2129491690,0.0,0.0,1,0.17333333333333334,0
655,TRANSFER,2140.26,C4536306171,1923.63,0.0,C7333678472,522.34,522.34,1,0.37,0
237,CASH_OUT,114.54,C2139027119,194.54,80.0,C1741134891,31.3,31.3,0,0.0,0
666,PAYMENT,40.94,C9730449971,61.23,20.29,M6583604299,0.0,0.0,0,0.0,0
94,PAYMENT,160.53,C6986770879,304.57,144.04,M3369412470,0.0,0.0,0,0.0,0
311,TRANSFER,1.0,C5381866906,0.0,0.0,C7620473079,143.33,144.33,0,0.04666666666666667,0
560,CASH_OUT,181.63,C2232285036,197.91,16.28,C7951902330,12.86,12.86,0,0.03666666666666667,0
498,PAYMENT,623.49,C1471997674,1010.3,386.81,M8044997538,0.0,0.0,0,0.0,0
368,CASH_OUT,2575.53,C6072939882,2184.44,0.0,M4242579642,0.0,0.0,1,0.13333333333333333,0
144,CASH_OUT,1.0,C6663846005,0.0,0.0,C4046558332,3.85,3.85,0,0.0033333333333333335,0
207,CASH_OUT,1793.22,C3553440342,1629.42,0.0,C1613549255,166.31,166.31,1,0.03333333333333333,0
710,TRANSFER,603.71,C7894019119,747.31,143.6,C5610783750,0.0,0.0,1,0.14,0
146,TRANSFER,1.0,C7645527239,0.0,0.0,C2878930355,31.92,32.92,0,0.15666666666666668,0
481,TRANSFER,17679.02,C3674551397,18900.53,1221.51,C9019515562,749.74,749.74,1,0.07666666666666666,0
480,PAYMENT,279.25,C5600836559,14551.37,14272.12,M7702529931,0.0,0.0,0,0.0,0
257,TRANSFER,105.4,C5336127859,148.02,42.62,C3369305560,14833.25,14938.65,0,0.0,0
340,CASH_OUT,2.34,C8387664437,2.93,0.59,C5913767020,56.51,56.51,0,0.01,0
290,CASH_OUT,1.0,C6974875750,0.0,0.0,C5539308214,35.28,35.28,0,0.016666666666666666,0
365,PAYMENT,18.31,C6043349038,79.61,61.3,M7270955446,0.0,0.0,0,0.0,0
687,CASH_OUT,1.0,C6797174636,1.0,0.0,C4098389895,9.23,9.23,0,0.05,0
444,PAYMENT,569.5,C3674551397,1221.51,652.01,M3508990774,0.0,0.0,0,0.0,0
1,CASH_OUT,1.0,C1558631501,0.24,0.0,C5578929439,0.0,0.0,0,0.02666666666666667,0
347,PAYMENT,129.24,C6715961218,356.99,227.75,M4865979921,0.0,0.0,0,0.0,0
163,CASH_OUT,62.54,C9312085761,121.85,59.31,C6732648420,65.84,65.84,0,0.0033333333333333335,0
87,CASH_OUT,5.55,C8168036130,11.11,5.56,C5033992825,271.69,271.69,0,0.0,0
557,CASH_OUT,2448.16,C7852415525,2736.89,288.73,M3107992942,0.0,0.0,1,0.02666666666666667,0
6,CASH_OUT,600.45,C2178884276,656.68,56.23,C7665963761,1460.89,1460.89,1,0.013333333333333334,0
562,PAYMENT,126.5,C8417757797,305.72,179.22,M8443061472,0.0,0.0,0,0.0,0
326,TRANSFER,3036.13,C8991514523,3158.57,122.44,M6384311581,0.0,0.0,1,0.37666666666666665,0
171,TRANSFER,151.66,C5982744929,156.89,5.23,C6153541642,31.31,31.31,1,0.10666666666666667,0
337,PAYMENT,969.83,C3806215682,1712.39,742.56,M1199447370,0.0,0.0,0,0.0,0
1,DEBIT,1.0,C3169561289,0.0,0.0,M1096405016,0.0,0.0,0,0.03333333333333333,0
191,CASH_OUT,11.39,C6246716604,13.28,1.89,C3528924461,139.08,139.08,0,0.0,0
435,CASH_OUT,4725.3,C6797174636,4606.76,0.0,C4927019611,851.58,851.58,1,0.30666666666666664,0
564,CASH_OUT,323.72,C6880115912,1297.81,974.09,C5297902885,134.53,134.53,0,0.03,0
241,TRANSFER,1.0,C9539945315,0.0,0.0,C2979958124,0.0,1.0,0,0.23,0
600,CASH_OUT,485.91,C7631970791,545.66,59.75,M5869990861,0.0,0.0,1,0.03666666666666667,0
133,CASH_OUT,17.08,C4880176825,54.47,37.39,C9103115140,2164.15,2164.15,0,0.0,0
189,PAYMENT,13402.4,C5998623100,23435.02,10032.62,M4035639663,0.0,0.0,0,0.0,0
436,CASH_OUT,1.0,C3169561289,0.0,0.0,C3799264931,0.0,0.0,0,0.09333333333333334,0
269,PAYMENT,1.0,C8239941612,0.0,0.0,M6525576685,0.0,0.0,0,0.0,0
40,CASH_OUT,1.57,C2646331504,5.95,4.38,C8578226896,0.0,0.0,0,0.0033333333333333335,0
59,CASH_OUT,46.53,C8131923452,91.95,45.42,C7699500243,503.03,503.03,0,0.006666666666666667,0
412,CASH_OUT,1.0,C3843139149,0.0,0.0,C4683935600,14210.53,14210.53,0,0.043333333333333335,0
343,CASH_OUT,1308.92,C6504099682,1696.9,387.98,C6065662867,73780.49,73780.49,1,0.0,0
257,TRANSFER,9837.58,C8115628227,78382.77,68545.19,C2960432117,13.68,9851.26,0,0.0,0
683,PAYMENT,1.0,C7402059279,0.0,0.0,M9576264323,0.0,0.0,0,0.0,0
116,CASH_OUT,3994.66,C5695387521,4012.52,17.86,M5156392601,0.0,0.0,1,0.006666666666666667,0
501,PAYMENT,354.42,C5634076661,639.05,284.63,M1732578761,0.0,0.0,0,0.0,0
473,PAYMENT,3.05,C9943959352,4.34,1.29,M2249831874,0.0,0.0,0,0.0,0
18,PAYMENT,1.0,C2140169349,0.0,0.0,M1802753761,0.0,0.0,0,0.0,0
156,PAYMENT,1.0,C9786748825,0.0,0.0,M2885370603,0.0,0.0,0,0.0,0
344,TRANSFER,129.58,C6155234610,172.95,43.37,M4160161496,0.0,0.0,1,0.15,0
131,CASH_OUT,1164.57,C5523703900,1484.54,319.97,C7340498236,0.0,0.0,1,0.0,0
660,PAYMENT,1.0,C4877520294,0.0,0.0,M7514017540,0.0,0.0,0,0.0,0
298,CASH_IN,13778.18,C8953271391,5.29,13783.47,C2331039957,0.0,0.0,0,0.0,0
119,PAYMENT,158.81,C7852415525,288.73,129.92,M9398575277,0.0,0.0,0,0.0,0
391,CASH_IN,69554.83,C5296710795,0.0,69554.83,C7376649850,141.98,141.98,0,0.0,0
409,PAYMENT,1.0,C2566942273,0.0,0.0,M6845287382,0.0,0.0,0,0.0,0
553,TRANSFER,176.09,C9660523876,208.82,32.73,M6101516825,0.0,0.0,1,0.17333333333333334,0
292,TRANSFER,1.0,C4262396395,0.0,0.0,C8471762590,875.62,876.62,0,0.013333333333333334,0
3,PAYMENT,11.26,C2232285036,16.28,5.02,M1083302600,0.0,0.0,0,0.0,0
531,PAYMENT,252.64,C2867302554,643.22,390.58,M4460319291,0.0,0.0,0,0.0,0
216,CASH_OUT,730.66,C2311597141,859.0,128.34,C1722124509,63.82,63.82,1,0.0033333333333333335,0
596,DEBIT,1.0,C3304560537,0.0,0.0,M7437168216,0.0,0.0,0,0.04666666666666667,0
111,PAYMENT,1.0,C6124453431,0.0,0.0,M2115406331,0.0,0.0,0,0.0033333333333333335,0
278,TRANSFER,1300.32,C8816681105,1123.28,0.0,C6097953682,8.3,8.3,1,0.32666666666666666,0
252,CASH_OUT,1.0,C6756711494,0.0,0.0,C7823288650,73.51,73.51,0,0.01,0
644,TRANSFER,2967.04,C5375461598,3835.54,868.5,M7230477043,0.0,0.0,1,0.31,0
271,PAYMENT,62.13,C2720484983,196.07,133.94,M2655546199,0.0,0.0,0,0.0,0
672,CASH_OUT,92.96,C1415802902,352.13,259.17,C4656572173,0.0,0.0,0,0.023333333333333334,0
379,CASH_OUT,1439.16,C4765583254,1224.43,0.0,C6789292252,171.16,171.16,1,0.10666666666666667,0
56,TRANSFER,1732.77,C6572436051,1836.78,104.01,M7341757401,0.0,0.0,1,0.29333333333333333,0
386,PAYMENT,1002.18,C3380064537,3540.37,2538.19,M8366710477,0.0,0.0,0,0.0,0
656,CASH_OUT,3730.99,C8575707116,3722.78,0.0,C3147818256,69.3,69.3,1,0.19666666666666666,0
567,PAYMENT,1135.27,C7670476743,23346.6,22211.33,M9752092528,0.0,0.0,0,0.0,0
702,PAYMENT,48.28,C1484230338,301.74,253.46,M5270048042,0.0,0.0,0,0.0,0
335,TRANSFER,4929.15,C1590838716,5225.19,296.04,C9523104008,23.41,4952.56,0,0.0033333333333333335,0
208,TRANSFER,259.38,C4180599722,227.48,0.0,C9376277483,278.1,278.1,1,0.01,0
317,TRANSFER,3347.34,C9085085822,2927.28,0.0,C8272725281,125198.73,125198.73,1,0.01,0
582,TRANSFER,9764.6,C3887823121,73881.52,64116.92,C9741628563,100.45,9865.05,0,0.0,0
99,CASH_OUT,4804.77,C7808938880,4195.47,0.0,M4306983924,0.0,0.0,1,0.04,0
324,CASH_OUT,1.0,C3550908958,0.0,0.0,C5150090143,141124.81,141124.81,0,0.0,0
31,TRANSFER,6.07,C8695129534,28.8,22.73,C6963052185,23.45,29.52,0,0.11,0
192,CASH_IN,2122.56,C1050899550,32.11,2154.67,C3567900251,36125.87,36125.87,0,0.0,0
363,PAYMENT,1.0,C5891280823,0.0,0.0,M7050091525,0.0,0.0,0,0.0,0
417,TRANSFER,76.72,C8721631198,72.37,0.0,M2328736852,0.0,0.0,1,0.21333333333333335,0
289,TRANSFER,1.0,C9484167278,0.0,0.0,C2237386857,1808.0,1809.0,0,0.006666666666666667,0
281,CASH_OUT,1398.18,C8039917766,1745.18,347.0,M2156184315,0.0,0.0,1,0.006666666666666667,0
458,CASH_IN,20073.78,C1248786714,283.49,20357.27,C9916336966,23000.33,23000.33,0,0.0,0
67,CASH_OUT,2.33,C4965395580,3.72,1.39,C7640122370,0.0,0.0,0,0.0033333333333333335,0
650,TRANSFER,1.0,C7579604766,1.14,0.14,C6544063167,876.94,877.94,0,0.08,0
687,CASH_IN,131.38,C5819946657,9845.04,9976.42,C4012917912,229.01,229.01,0,0.0,0
179,CASH_OUT,105.8,C2351531223,153.67,47.87,C1691293717,0.0,0.0,0,0.0,0
345,CASH_IN,19935.13,C3429019820,324.44,20259.57,C8598503901,7.81,7.81,0,0.0,0
199,PAYMENT,4.33,C9274189261,16.07,11.74,M1458227039,0.0,0.0,0,0.0,0
35,PAYMENT,17796.41,C4783282817,105053.22,87256.81,M3094407076,0.0,0.0,0,0.0,0
326,CASH_OUT,2814.62,C7915226263,7905.03,5090.41,C7070083150,88.0,88.0,0,0.0,0
363,TRANSFER,1152.89,C1676168421,1344.44,191.55,M3960136787,0.0,0.0,1,0.11333333333333333,0
314,TRANSFER,2441.9,C7625464411,3009.02,567.12,C7196439534,0.0,2441.9,1,0.0033333333333333335,0
50,TRANSFER,1.0,C9303765140,0.0,0.0,C3384006407,0.0,1.0,0,0.22333333333333333,0
272,PAYMENT,225.1,C5694806361,256.86,31.76,M3534186676,0.0,0.0,0,0.0,0
202,PAYMENT,1.0,C5578929439,0.0,0.0,M6384311581,0.0,0.0,0,0.0,0
133,CASH_OUT,195.31,C3338877621,593.79,398.48,C7135394336,0.0,0.0,0,0.0033333333333333335,0
163,TRANSFER,1761.99,C4264134512,2145.2,383.21,M8727805468,0.0,0.0,1,0.14,0
438,PAYMENT,1933.5,C5161807235,35841.25,33907.75,M1466305100,0.0,0.0,0,0.0,0
526,PAYMENT,1.0,C5294535887,0.0,0.0,M4820942294,0.0,0.0,0,0.0,0
331,CASH_OUT,4614.96,C8236361108,4564.28,0.0,M5412437658,0.0,0.0,1,0.12,0
508,TRANSFER,1501.86,C6241752544,1703.11,201.25,C8901585274,3.14,1505.0,1,0.056666666666666664,0
25,DEBIT,17336.79,C6065662867,73780.49,56443.7,M7951820749,0.0,0.0,0,0.006666666666666667,0
38,TRANSFER,3.44,C2464137110,4.46,1.02,C4386667704,95.52,98.96,0,0.05333333333333334,0
606,PAYMENT,1.0,C8547068234,0.0,0.0,M9576264323,0.0,0.0,0,0.0,0
698,CASH_OUT,3344.0,C6663846005,3388.08,44.08,C7406579219,16.52,16.52,1,0.05,0
18,CASH_OUT,4975.62,C6469458472,4681.99,0.0,M2243802345,0.0,0.0,1,0.03,0
479,PAYMENT,1.0,C2095286033,0.0,0.0,M5000316394,0.0,0.0,0,0.0,0
108,CASH_OUT,43.82,C5022964382,69.84,26.02,C9123612497,11.83,11.83,0,0.0033333333333333335,0
555,TRANSFER,2550.86,C4440904834,2402.9,0.0,C3047869247,3.46,3.46,1,0.91,1
592,TRANSFER,7065.49,C7311011808,19673.72,12608.23,C2394868732,0.0,7065.49,0,0.016666666666666666,0
77,CASH_OUT,61631.36,C2369705770,84004.83,22373.47,C4600630513,0.0,0.0,1,0.0,0
325,TRANSFER,2632.65,C3698343112,2394.64,0.0,C6544063167,877.94,877.94,1,0.14333333333333334,0
238,PAYMENT,27.1,C9147687657,30.81,3.71,M5449848690,0.0,0.0,0,0.0,0
122,PAYMENT,1.0,C4026816435,0.0,0.0,M9026301048,0.0,0.0,0,0.0,0
428,TRANSFER,564.93,C4353689019,83221.32,82656.39,C9196564761,434.08,999.01,0,0.013333333333333334,0
569,CASH_OUT,3420.58,C6469318275,4719.66,1299.08,C9516893896,6916.98,6916.98,1,0.01,0
220,PAYMENT,1.0,C4807122420,0.0,0.0,M3223687972,0.0,0.0,0,0.0,0
24,CASH_OUT,2656.1,C6204862411,2609.66,0.0,C6756711494,0.0,0.0,1,0.04,0
188,PAYMENT,1.0,C1674755608,0.0,0.0,M3369412470,0.0,0.0,0,0.0,0
656,CASH_OUT,79.29,C1039262289,336.34,257.05,C7671041685,35.34,35.34,0,0.02,0
503,PAYMENT,1.0,C2940955281,0.0,0.0,M6515490818,0.0,0.0,0,0.0,0
157,CASH_IN,134060.49,C3097302637,27.2,134087.69,C7243352390,112.05,112.05,0,0.0,0
694,CASH_OUT,1.0,C5710360983,0.0,0.0,C6458544482,0.0,0.0,0,0.056666666666666664,0
251,PAYMENT,31.02,C6572436051,104.01,72.99,M2910594463,0.0,0.0,0,0.0,0
120,TRANSFER,650.81,C3423086220,833.64,182.83,M6846530109,0.0,0.0,1,0.1,0
226,TRANSFER,437.95,C3962452613,443.84,5.89,M5734228580,0.0,0.0,1,0.16666666666666666,0
138,TRANSFER,486.56,C2191714875,1112.1,625.54,C8106906538,54.96,541.52,0,0.0,0
636,PAYMENT,92.61,C1625217504,273.57,180.96,M8102481401,0.0,0.0,0,0.0,0
540,TRANSFER,1.0,C7637761996,2.23,1.23,C7935554354,53.89,54.89,0,0.14,0
463,TRANSFER,28.77,C9904586976,33.77,5.0,C8760642358,100.6,129.37,0,0.07666666666666666,0
322,PAYMENT,1.0,C9471306442,0.0,0.0,M9620935604,0.0,0.0,0,0.0,0
172,CASH_OUT,62.08,C4558302256,62.29,0.21,M9921025990,0.0,0.0,1,0.02,0
322,TRANSFER,3.31,C4356175095,4.4,1.09,C4073772623,3.27,6.58,0,0.16333333333333333,0
119,PAYMENT,6.5,C5036200310,9.36,2.86,M8727805468,0.0,0.0,0,0.0,0
438,TRANSFER,51.05,C1625217504,180.96,129.91,C9894847574,0.0,51.05,0,0.14,0
320,TRANSFER,1290.6,C4311931853,1389.1,98.5,M4329446784,0.0,0.0,1,0.19,0
288,CASH_OUT,1.0,C1110533960,0.0,0.0,C7872090713,1063.65,1063.65,0,0.016666666666666666,0
611,CASH_OUT,244.54,C8706093841,230.53,0.0,C9894264595,13.64,13.64,1,0.07,0
501,PAYMENT,1.0,C8015775567,0.0,0.0,M6361225622,0.0,0.0,0,0.0,0
588,TRANSFER,515.58,C9166381136,594.48,78.9,C2079501936,2213.67,2213.67,1,0.04,0
647,PAYMENT,290.06,C1197092148,34561.73,34271.67,M5270048042,0.0,0.0,0,0.0,0
591,TRANSFER,1.73,C3738900744,2.4,0.67,C3476426797,123421.17,123422.9,0,0.0,0
28,PAYMENT,1.0,C3149484176,0.33,0.0,M5449848690,0.0,0.0,0,0.0,0
227,TRANSFER,113.83,C8117478955,241.62,127.79,C6048096802,36.82,150.65,0,0.03666666666666667,0
658,PAYMENT,1.0,C8285786023,0.0,0.0,M6846530109,0.0,0.0,0,0.0,0
589,CASH_OUT,1.0,C7910817577,0.0,0.0,C1667779376,97495.75,97495.75,0,0.0,0
517,CASH_OUT,319.83,C2846465000,473.11,153.28,C3196545325,0.0,0.0,0,0.03,0
680,DEBIT,35.38,C8282534126,49.89,14.51,M5380159400,0.0,0.0,0,0.03,0
405,TRANSFER,2399.42,C2848792488,3012.97,613.55,C7801948900,33698.05,36097.47,1,0.0,0
568,TRANSFER,3.87,C6131005449,8.93,5.06,C8366884200,8.51,12.38,0,0.14333333333333334,0
17,PAYMENT,1.0,C7431813987,0.0,0.0,M3072183247,0.0,0.0,0,0.0,0
461,CASH_OUT,2082.04,C4939447721,2119.38,37.34,C7801948900,36097.47,36097.47,1,0.09666666666666666,0
493,TRANSFER,1.0,C7556046460,0.0,0.0,C5862655247,4029.92,4030.92,0,0.056666666666666664,0
600,PAYMENT,16.22,C6043349038,61.3,45.08,M4908108692,0.0,0.0,0,0.0,0
718,CASH_OUT,2026.05,C9470922075,1824.58,0.0,C3369305560,14938.65,14938.65,1,0.13666666666666666,0
201,DEBIT,1.0,C9306142066,0.0,0.0,M9021793855,0.0,0.0,0,0.03,0
11,DEBIT,1.0,C4405620755,0.0,0.0,M7351460539,0.0,0.0,0,0.023333333333333334,0
402,DEBIT,1.0,C9505085936,0.0,0.0,M7512767226,0.0,0.0,0,0.043333333333333335,0
258,TRANSFER,78.93,C5728765136,111.51,32.58,M7512767226,0.0,0.0,1,0.16333333333333333,0
457,PAYMENT,1.0,C1242425303,0.0,0.0,M6744039057,0.0,0.0,0,0.0,0
23,CASH_OUT,73.87,C8039917766,347.0,273.13,C8132531532,0.0,0.0,0,0.0033333333333333335,0
357,TRANSFER,4154.29,C6837975356,3665.71,0.0,C7660813178,24.47,24.47,1,0.59,1
164,CASH_OUT,18512.41,C4062777850,17847.45,0.0,M7366396017,0.0,0.0,1,0.13,0
210,TRANSFER,2325.57,C4643576871,2976.27,650.7,C9544423456,59.35,2384.92,1,0.0,0
340,PAYMENT,1.48,C4518871744,3.72,2.24,M8727805468,0.0,0.0,0,0.0,0
371,PAYMENT,3.56,C8487449580,7.83,4.27,M9921025990,0.0,0.0,0,0.0,0
176,TRANSFER,7157.18,C3412365931,127233.65,120076.47,C6761084958,3.66,7160.84,0,0.0,0
715,TRANSFER,56.45,C5482431018,132.08,75.63,C1684598046,695.76,752.21,0,0.05,0
164,TRANSFER,84.28,C3698305085,84.18,0.0,C5439176290,0.0,0.0,1,0.23,0
92,PAYMENT,17.36,C1945826486,47.09,29.73,M7341757401,0.0,0.0,0,0.0,0
316,CASH_OUT,100.79,C2612579345,95.13,0.0,M7532669066,0.0,0.0,1,0.04666666666666667,0
529,PAYMENT,6.47,C6554972315,9.2,2.73,M8058679999,0.0,0.0,0,0.0,0
33,PAYMENT,1.0,C3163970710,0.0,0.0,M7050091525,0.0,0.0,0,0.0,0
205,TRANSFER,1.0,C5419627962,1.0,0.0,C5774080233,14.37,15.37,0,0.19333333333333333,0
528,TRANSFER,5583.75,C4586139213,4724.88,0.0,C7808938880,0.0,5583.75,1,0.35,0
21,CASH_OUT,5017.4,C8015124886,4243.27,0.0,M2885370603,0.0,0.0,1,0.02666666666666667,0
280,PAYMENT,1812.56,C4572433066,1953.18,140.62,M2129491690,0.0,0.0,0,0.0,0
76,TRANSFER,9.78,C3470617247,12.73,2.95,C5130589741,0.0,9.78,0,0.17333333333333334,0
570,CASH_OUT,56.19,C8796293088,68.52,12.33,M4329446784,0.0,0.0,1,0.03666666666666667,0
352,PAYMENT,54.92,C5748253283,59.53,4.61,M1783432867,0.0,0.0,0,0.0,0
551,CASH_OUT,1.0,C9392515666,0.0,0.0,C2327372855,0.0,0.0,0,0.06,0
2,TRANSFER,2936.12,C8942167666,3742.39,806.27,C7666129822,13.61,13.61,1,0.15333333333333332,0
417,CASH_OUT,29.42,C6009268066,35.71,6.29,C1855256552,0.0,0.0,0,0.06,0
178,TRANSFER,1.0,C4630196130,0.0,0.0,C9539945315,0.0,1.0,0,0.22333333333333333,0
370,PAYMENT,394.39,C4645120421,771.97,377.58,M6692705133,0.0,0.0,0,0.0,0
219,PAYMENT,838.63,C2616884203,1108.0,269.37,M4892544235,0.0,0.0,0,0.0,0
74,CASH_OUT,325.76,C3910678913,334.87,9.11,M6865994703,0.0,0.0,1,0.0,0
135,CASH_OUT,5394.44,C5578929439,4864.57,0.0,M5564953924,0.0,0.0,1,0.043333333333333335,0
72,CASH_OUT,3406.51,C1282103057,4098.85,692.34,M7750131975,0.0,0.0,1,0.0,0
198,PAYMENT,120.28,C8934927891,184.6,64.32,M4689605624,0.0,0.0,0,0.0,0
43,CASH_IN,55.85,C7581349462,49816.8,49872.65,C9573276057,167.47,167.47,0,0.0,0
382,CASH_OUT,262.96,C2549748436,14109.21,13846.25,C5744003377,309.28,309.28,0,0.0,0
394,TRANSFER,2489.63,C1654477195,2561.44,71.81,C1513003815,188.37,2678.0,1,0.023333333333333334,0
323,DEBIT,272.48,C3420671425,667.65,395.17,M6846530109,0.0,0.0,0,0.016666666666666666,0
162,PAYMENT,25.21,C7517938612,44.88,19.67,M5990749811,0.0,0.0,0,0.0,0
294,CASH_OUT,1.0,C3483827971,0.0,0.0,C3774110439,21.25,21.25,0,0.023333333333333334,0
528,PAYMENT,593.35,C6469318275,1299.08,705.73,M3355504998,0.0,0.0,0,0.0,0
201,PAYMENT,25.27,C7540301973,54.14,28.87,M5570190774,0.0,0.0,0,0.0,0
179,CASH_OUT,67.22,C1470939445,70.76,3.54,M6498703287,0.0,0.0,1,0.01,0
341,CASH_OUT,1028.75,C3744446292,1279.56,250.81,C5703357871,846.39,846.39,1,0.0,0
527,CASH_OUT,1.0,C1818112342,0.0,0.0,C2476831585,435.27,435.27,0,0.06,0
3,TRANSFER,106.94,C5778781449,252.48,145.54,C5141593270,8651.48,8758.42,0,0.006666666666666667,0
480,DEBIT,49.76,C4386667704,98.96,49.2,M1083302600,0.0,0.0,0,0.03,0
349,PAYMENT,4624.02,C3142452709,6814.5,2190.48,M1888107487,0.0,0.0,0,0.0,0
376,CASH_OUT,22.86,C3796581976,86.22,63.36,C7451071432,355.57,355.57,0,0.006666666666666667,0
429,DEBIT,356.13,C9354542654,501.67,145.54,M4952177946,0.0,0.0,0,0.02666666666666667,0
475,PAYMENT,1.0,C9857430687,1.52,0.52,M2695447268,0.0,0.0,0,0.0,0
449,TRANSFER,1.0,C8015124886,0.0,0.0,C6717963562,0.0,1.0,0,0.22,0
67,CASH_OUT,2203.94,C8991977937,2213.59,9.65,C6169243284,22.87,22.87,1,0.01,0
238,TRANSFER,54.57,C2984460654,69.91,15.34,M8044997538,0.0,0.0,1,0.16666666666666666,0
26,PAYMENT,98.99,C6986770879,144.04,45.05,M6361225622,0.0,0.0,0,0.0,0
492,TRANSFER,134413.25,C8272725281,125198.73,0.0,C2869999754,0.48,134413.73,1,0.02666666666666667,0
576,PAYMENT,40.34,C2802141793,66.92,26.58,M6313472215,0.0,0.0,0,0.0,0
486,PAYMENT,1.0,C6369130994,0.0,0.0,M6275155878,0.0,0.0,0,0.0,0
203,PAYMENT,10.83,C9954587710,47.3,36.47,M2228388623,0.0,0.0,0,0.0,0
560,TRANSFER,4023.66,C7027529118,13256.46,9232.8,C3971203213,2.31,4025.97,0,0.023333333333333334,0
535,TRANSFER,1332.5,C7920516981,1690.4,357.9,C4820055862,3.09,1335.59,0,0.043333333333333335,0
358,TRANSFER,1.0,C8178927766,0.0,0.0,C5877639950,76.17,77.17,0,0.11333333333333333,0
502,CASH_IN,105587.99,C2591414076,7738.03,113326.02,C9292791081,224.55,224.55,0,0.0,0
124,CASH_OUT,1695.24,C9544423456,2384.92,689.68,C5140460939,0.0,0.0,0,0.0,0
165,CASH_OUT,1.0,C7135394336,0.0,0.0,C1590838716,296.04,296.04,0,0.0033333333333333335,0
533,CASH_IN,18179.74,C5714169271,80.16,18259.9,C5071897791,5.8,5.8,0,0.0,0
513,TRANSFER,577.4,C8750840032,561.87,0.0,M3355504998,0.0,0.0,1,0.26,0
237,TRANSFER,17080.33,C3429019820,20259.57,3179.24,C1955345537,379.93,17460.26,0,0.0,0
592,TRANSFER,60.93,C8995970241,79.57,18.64,M3355504998,0.0,0.0,1,0.18,0
581,PAYMENT,1.0,C5212581851,0.0,0.0,M1647181551,0.0,0.0,0,0.0,0
112,PAYMENT,364.99,C6588252632,1629.05,1264.06,M9822499208,0.0,0.0,0,0.0,0
635,CASH_OUT,3093.2,C4207337120,3600.86,507.66,C5891280823,0.0,0.0,1,0.02666666666666667,0
608,PAYMENT,1.0,C5284391408,0.0,0.0,M7512767226,0.0,0.0,0,0.0,0
268,PAYMENT,1.0,C5129478722,0.0,0.0,M5156392601,0.0,0.0,0,0.0,0
504,CASH_OUT,1681.83,C8380312396,1443.91,0.0,C1248786714,20357.27,20357.27,1,0.15333333333333332,0
86,CASH_OUT,6.44,C7226553010,7.59,1.15,C9457665185,2.02,2.02,0,0.0033333333333333335,0
135,CASH_OUT,3.23,C4046558332,3.85,0.62,C6717963562,1.0,1.0,0,0.0033333333333333335,0
496,PAYMENT,42.46,C6092773357,49.82,7.36,M3536590481,0.0,0.0,0,0.0,0
599,CASH_OUT,3424.41,C6470052645,3903.31,478.9,M3846182436,0.0,0.0,1,0.023333333333333334,0
127,CASH_OUT,5452.51,C8322868827,4843.23,0.0,M3846182436,0.0,0.0,1,0.04,0
383,CASH_OUT,141.32,C6910112521,160.1,18.78,C3095318649,82087.27,82087.27,0,0.006666666666666667,0
683,PAYMENT,21.27,C8517413631,395.74,374.47,M2121448210,0.0,0.0,0,0.0,0
368,PAYMENT,1298.39,C2513206988,1884.31,585.92,M5412437658,0.0,0.0,0,0.0,0
332,PAYMENT,41.59,C7631970791,59.75,18.16,M5937271321,0.0,0.0,0,0.0,0
472,PAYMENT,544.74,C1282103057,692.34,147.6,M1676220116,0.0,0.0,0,0.0,0
720,CASH_OUT,171.67,C6715961218,227.75,56.08,C5151887478,318.23,318.23,0,0.03,0
327,TRANSFER,1.0,C8719734235,0.17,0.0,C3338877621,398.48,399.48,0,0.01,0
266,TRANSFER,3698.86,C9771848610,4172.81,473.95,C7103588071,17.26,17.26,1,0.16666666666666666,0
473,TRANSFER,18830.12,C3612617557,28370.1,9539.98,C7227593033,933.28,19763.4,0,0.0,0
302,TRANSFER,653.22,C5439176290,692.63,39.41,M9444143872,0.0,0.0,1,0.16666666666666666,0
320,CASH_OUT,4781.48,C1225052083,4427.84,0.0,M8218146534,0.0,0.0,1,0.11,0
114,PAYMENT,385.33,C7648059419,845.41,460.08,M3495411322,0.0,0.0,0,0.0,0
385,CASH_OUT,376.12,C5254923696,387.98,11.86,M9773795424,0.0,0.0,1,0.03,0
445,PAYMENT,317.35,C9255898264,689.07,371.72,M9288057824,0.0,0.0,0,0.0,0
138,PAYMENT,163.16,C8417757797,179.22,16.06,M4211837506,0.0,0.0,0,0.0,0
654,PAYMENT,1.0,C6178804925,1.01,0.01,M7861571879,0.0,0.0,0,0.0,0
261,CASH_OUT,1785.27,C3698343112,2403.72,618.45,C2158638062,0.0,0.0,1,0.0033333333333333335,0
13,PAYMENT,1793.45,C1594312071,4220.14,2426.69,M1185303518,0.0,0.0,0,0.0,0
361,TRANSFER,3855.96,C7803990970,4237.67,381.71,M1368287033,0.0,0.0,1,0.22,0
655,TRANSFER,92.89,C5489485517,427.46,334.57,C6558450990,3506.41,3599.3,0,0.016666666666666666,0
165,PAYMENT,103.75,C2745958114,306.61,202.86,M5087280062,0.0,0.0,0,0.0,0
111,CASH_OUT,83.17,C7608153267,112.2,29.03,M8058679999,0.0,0.0,1,0.0033333333333333335,0
94,PAYMENT,7.1,C3841827734,366.82,359.72,M4689605624,0.0,0.0,0,0.0,0
220,TRANSFER,273.71,C5315211627,292.91,19.2,C9457665185,2.02,2.02,1,0.15333333333333332,0
413,CASH_OUT,141.71,C9434946584,175.14,33.43,C7099469983,68.54,68.54,1,0.05,0
400,TRANSFER,1.0,C4566852761,0.0,0.0,C6131005449,5.06,6.06,0,0.18333333333333332,0
479,CASH_OUT,541.19,C6204862411,692.05,150.86,M4093474499,0.0,0.0,1,0.04,0
169,CASH_OUT,1345.87,C6588252632,1264.06,0.0,C9860949331,7.76,7.76,1,0.05,0
643,PAYMENT,1.0,C1225447588,0.0,0.0,M3960136787,0.0,0.0,0,0.0,0
293,CASH_OUT,981.43,C8832617672,1177.8,196.37,M2916502228,0.0,0.0,1,0.006666666666666667,0
338,TRANSFER,283.86,C3074232200,405.22,121.36,C8270110908,0.0,0.0,1,0.14,0
311,CASH_OUT,5.48,C9611537583,6.94,1.46,C7420493866,0.0,0.0,0,0.02666666666666667,0
476,CASH_OUT,1.35,C2232285036,5.02,3.67,C7248258423,59.9,59.9,0,0.06333333333333334,0
97,TRANSFER,307.05,C3271361431,346.62,39.57,M6692705133,0.0,0.0,1,0.16333333333333333,0
301,CASH_OUT,2046.98,C8316648259,2485.14,438.16,C3821211202,8.34,8.34,1,0.006666666666666667,0
600,PAYMENT,18.04,C2613385303,28.55,10.51,M3536590481,0.0,0.0,0,0.0,0
584,TRANSFER,816.16,C8999963054,681.59,0.0,M6384311581,0.0,0.0,1,0.2633333333333333,0
161,TRANSFER,8353.93,C3667292043,8612.28,258.35,M6846530109,0.0,0.0,1,0.19333333333333333,0
574,TRANSFER,1893.17,C7333316743,1897.64,4.47,C4386667704,49.2,1942.37,1,0.23333333333333334,0
598,TRANSFER,711.85,C4466589567,1047.24,335.39,C3746317213,2318.21,3030.06,0,0.02,0
169,PAYMENT,1.0,C2928130926,0.0,0.0,M3019265031,0.0,0.0,0,0.0,0
537,CASH_OUT,2486.79,C5884391502,16329.67,13842.88,C4586784711,129.39,129.39,0,0.01,0
592,PAYMENT,1.0,C5275521470,1.08,0.08,M3508990774,0.0,0.0,0,0.0,0
380,TRANSFER,1.29,C5036200310,2.86,1.57,C5694628398,2.78,4.07,0,0.17,0
705,CASH_OUT,296.19,C8394198376,416.96,120.77,M7230477043,0.0,0.0,1,0.02666666666666667,0
700,DEBIT,86.65,C9558091177,158.94,72.29,M2910594463,0.0,0.0,0,0.02666666666666667,0
119,PAYMENT,316.76,C2848792488,613.55,296.79,M6101516825,0.0,0.0,0,0.0,0
247,CASH_OUT,1.0,C1696846464,0.0,0.0,C4440904834,0.0,0.0,0,0.02666666666666667,0
61,PAYMENT,6.82,C3201397080,10.97,4.15,M5919148165,0.0,0.0,0,0.0,0
169,CASH_OUT,2629.64,C7873709012,2477.95,0.0,M1458227039,0.0,0.0,1,0.056666666666666664,0
330,CASH_IN,35218.84,C3365835550,0.0,35218.84,C3190227431,0.0,0.0,0,0.0,0
204,PAYMENT,17.16,C1945826486,29.73,12.57,M9020002737,0.0,0.0,0,0.0,0
228,CASH_OUT,185.94,C6720396142,296.89,110.95,C5570828113,7759.35,7759.35,0,0.006666666666666667,0
568,PAYMENT,117.09,C6955593943,33830.68,33713.59,M6651020291,0.0,0.0,0,0.0,0
514,PAYMENT,1.0,C3918046336,1.72,0.72,M8083396378,0.0,0.0,0,0.0,0
335,PAYMENT,39.32,C9957643727,57.52,18.2,M8044997538,0.0,0.0,0,0.0,0
162,CASH_OUT,1.0,C8493451569,1.39,0.39,C6110646714,0.0,0.0,0,0.013333333333333334,0
56,TRANSFER,3164.05,C2349641712,3744.48,580.43,M2655546199,0.0,0.0,1,0.20333333333333334,0
238,DEBIT,1.0,C9337145038,0.0,0.0,M8768773991,0.0,0.0,0,0.03666666666666667,0
452,DEBIT,1.0,C9470922075,0.0,0.0,M1442421654,0.0,0.0,0,0.04666666666666667,0
490,CASH_OUT,2512.16,C6887132821,2399.36,0.0,C5036200310,1.57,1.57,1,0.25333333333333335,0
168,CASH_IN,583.16,C1644608746,0.0,583.16,C7887950851,0.45,0.45,0,0.0,0
372,TRANSFER,1.0,C2979958124,1.0,0.0,C7527316141,5.92,6.92,0,0.18333333333333332,0
374,CASH_OUT,2938.69,C7045593274,3580.7,642.01,M6786043791,0.0,0.0,1,0.01,0
713,TRANSFER,3637.26,C9245348297,3751.37,114.11,M3476758136,0.0,0.0,1,0.45666666666666667,0
139,PAYMENT,641.78,C5884391502,13842.88,13201.1,M4242579642,0.0,0.0,0,0.0,0
329,CASH_OUT,334.05,C8295757364,402.31,68.26,C7896596272,15810.1,15810.1,0,0.006666666666666667,0
113,CASH_OUT,1.45,C5455441991,1.57,0.12,C9182543558,90241.7,90241.7,0,0.0,0
318,TRANSFER,102875.09,C4482141802,105657.11,2782.02,M6498703287,0.0,0.0,1,0.27666666666666667,0
674,PAYMENT,2.81,C4888749350,5.59,2.78,M1732578761,0.0,0.0,0,0.0,0
17,TRANSFER,1654.4,C1045302356,1955.59,301.19,M4306983924,0.0,0.0,1,0.13666666666666666,0
121,PAYMENT,5077.01,C1664847319,11499.79,6422.78,M7512767226,0.0,0.0,0,0.0,0
204,TRANSFER,3265.55,C9067664957,3978.74,713.19,M9404002665,0.0,0.0,1,0.21,0
487,CASH_OUT,2635.25,C2139078760,2628.73,0.0,C1862812038,20945.8,20945.8,1,0.23333333333333334,0
157,PAYMENT,1.0,C9533595495,0.92,0.0,M4908108692,0.0,0.0,0,0.0,0
240,CASH_OUT,1801.77,C4274958945,1647.94,0.0,C3946766309,3.82,3.82,1,0.07333333333333333,0
542,PAYMENT,93.89,C9868845806,462.28,368.39,M5815678365,0.0,0.0,0,0.0,0
119,CASH_OUT,45.45,C5625980561,52.27,6.82,C7311011808,12608.23,12608.23,0,0.0,0
237,CASH_OUT,1.31,C5087357728,2.85,1.54,C5364727160,0.0,0.0,0,0.02,0
297,TRANSFER,1488.27,C5646751885,1358.75,0.0,M9620935604,0.0,0.0,1,0.37,0
31,TRANSFER,8821.42,C8382963909,10221.22,1399.8,C2370592316,0.0,8821.42,0,0.0,0
22,TRANSFER,1.0,C5381866906,0.0,0.0,C6317189421,1792.06,1793.06,0,0.006666666666666667,0
436,TRANSFER,2764.78,C6942989052,2389.87,0.0,M4865979921,0.0,0.0,1,0.87,1
266,CASH_OUT,1559.3,C5187948804,1489.29,0.0,C8275679594,0.0,0.0,1,0.08666666666666667,0
88,CASH_OUT,42358.89,C6065662867,56443.7,14084.81,C5485387618,0.0,0.0,0,0.0,0
445,TRANSFER,33.2,C5913767020,56.51,23.31,C5606736607,0.0,33.2,0,0.16333333333333333,0
563,PAYMENT,111.08,C7699500243,503.03,391.95,M1647181551,0.0,0.0,0,0.0,0
676,CASH_OUT,1.0,C9837912162,0.0,0.0,C1855256552,0.0,0.0,0,0.056666666666666664,0
298,TRANSFER,227.52,C2067970820,192.59,0.0,C4026379752,879.78,879.78,1,0.013333333333333334,0
562,TRANSFER,3.95,C6777263354,15.54,11.59,C1939042955,18780.74,18784.69,0,0.0033333333333333335,0
651,TRANSFER,24.64,C7638836058,98.5,73.86,C5306459450,0.0,24.64,0,0.17333333333333334,0
469,PAYMENT,1.0,C1643611097,0.0,0.0,M3595066420,0.0,0.0,0,0.0,0
560,PAYMENT,9439.61,C4026113008,75653.06,66213.45,M7960713821,0.0,0.0,0,0.0,0
604,TRANSFER,1310.67,C6628158856,1259.85,0.0,M1199447370,0.0,0.0,1,0.4666666666666667,0
162,CASH_OUT,1.35,C4530959836,1.48,0.13,C3521166052,98.08,98.08,0,0.0,0
491,PAYMENT,292.51,C7560389844,106576.9,106284.39,M4456193555,0.0,0.0,0,0.0,0
25,TRANSFER,1.0,C8093179263,0.0,0.0,C2510308881,53390.66,53391.66,0,0.0,0
326,PAYMENT,27.48,C6583444930,132.2,104.72,M2391874847,0.0,0.0,0,0.0,0
160,DEBIT,1.23,C1485574228,2.58,1.35,M7512767226,0.0,0.0,0,0.02666666666666667,0
486,CASH_IN,946.3,C3178995337,0.0,946.3,C8675071314,0.0,0.0,0,0.0,0
523,CASH_OUT,1.0,C5935852056,0.0,0.0,C2928130926,0.0,0.0,0,0.06,0
693,TRANSFER,5404.75,C8057994126,4680.06,0.0,C9202102595,297.99,297.99,1,0.4666666666666667,0
681,CASH_OUT,25.62,C9250327663,41.52,15.9,C6341783555,0.0,0.0,0,0.02666666666666667,0
522,TRANSFER,653.1,C9544423456,689.68,36.58,M7366396017,0.0,0.0,1,0.17333333333333334,0
473,PAYMENT,40.76,C8160279830,183.51,142.75,M7717262223,0.0,0.0,0,0.0,0
128,CASH_OUT,1.0,C4658080160,0.0,0.0,C2549748436,13846.25,13846.25,0,0.0,0
232,PAYMENT,1.0,C5344083406,0.0,0.0,M9021793855,0.0,0.0,0,0.0,0
526,PAYMENT,71.37,C5686850445,94.34,22.97,M9404002665,0.0,0.0,0,0.0,0
460,TRANSFER,2665.67,C4042413312,3489.68,824.01,C6923206003,320.15,2985.82,1,0.03333333333333333,0
117,PAYMENT,60.14,C8295757364,68.26,8.12,M4456193555,0.0,0.0,0,0.0,0
54,TRANSFER,324.06,C6656646925,516.35,192.29,C5306459450,24.64,348.7,0,0.013333333333333334,0
321,TRANSFER,2997.05,C6300607425,3826.39,829.34,C7242730249,0.0,2997.05,1,0.0,0
287,CASH_OUT,142.57,C2168041588,126.35,0.0,C5140460939,0.0,0.0,1,0.056666666666666664,0
327,TRANSFER,792.42,C6469318275,705.73,0.0,M3355504998,0.0,0.0,1,0.2866666666666667,0
72,TRANSFER,1.0,C6562434335,0.63,0.0,C8493451569,0.39,1.39,0,0.23333333333333334,0
286,PAYMENT,1.0,C7100408092,0.0,0.0,M1504729135,0.0,0.0,0,0.0,0
325,TRANSFER,61.38,C5957341287,52.87,0.0,M1811839103,0.0,0.0,1,0.22333333333333333,0
459,PAYMENT,1.71,C3127657643,4.81,3.1,M5564953924,0.0,0.0,0,0.0,0
690,PAYMENT,1.0,C7418301077,0.0,0.0,M9918338001,0.0,0.0,0,0.0,0
617,TRANSFER,8.83,C5763350700,28.94,20.11,C6447717367,73.91,82.74,0,0.13,0
207,PAYMENT,1.0,C3149484176,0.0,0.0,M5194066484,0.0,0.0,0,0.0,0
606,PAYMENT,814.28,C2137651678,3150.95,2336.67,M9752092528,0.0,0.0,0,0.0,0
385,CASH_IN,33849.66,C1050899550,2154.67,36004.33,C5067245523,5.79,5.79,0,0.0,0
618,TRANSFER,3.13,C8295757364,8.12,4.99,C3553440342,0.0,3.13,0,0.17333333333333334,0
670,TRANSFER,3.82,C9381721143,4.94,1.12,C6720572969,5678.25,5682.07,0,0.02666666666666667,0
191,PAYMENT,6620.63,C6287793163,8310.22,1689.59,M1368287033,0.0,0.0,0,0.0,0
246,PAYMENT,1.0,C6173344564,0.0,0.0,M3119908041,0.0,0.0,0,0.0,0
383,TRANSFER,11544.71,C6868336102,18897.57,7352.86,C7070083150,88.0,11632.71,0,0.0,0
29,PAYMENT,6.89,C7825844140,14.29,7.4,M7340036327,0.0,0.0,0,0.0,0
285,PAYMENT,1.0,C9428056968,1.06,0.06,M2604788242,0.0,0.0,0,0.0,0
429,CASH_OUT,1207.5,C4325878813,1686.23,478.73,M3536590481,0.0,0.0,1,0.04666666666666667,0
593,TRANSFER,28.42,C2428156550,33.25,4.83,C1553155490,153.23,181.65,0,0.08666666666666667,0
24,TRANSFER,1.0,C1600337712,0.0,0.0,C9410288290,8.07,9.07,0,0.18333333333333332,0
97,TRANSFER,580.27,C2879792991,547.65,0.0,M6865994703,0.0,0.0,1,0.3,0
287,CASH_OUT,1.0,C7666869046,0.0,0.0,C7882206934,45.36,45.36,0,0.013333333333333334,0
117,PAYMENT,1.0,C1678500147,2.78,1.78,M8778927211,0.0,0.0,0,0.0,0
55,PAYMENT,1.0,C5283911723,0.0,0.0,M7366396017,0.0,0.0,0,0.0,0
229,PAYMENT,304.13,C3396953414,595.14,291.01,M8276498637,0.0,0.0,0,0.0,0
596,CASH_OUT,48637.54,C2918260963,49468.18,830.64,M5959736235,0.0,0.0,1,0.016666666666666666,0
544,PAYMENT,1.0,C4102821948,0.0,0.0,M2541015125,0.0,0.0,0,0.0,0
604,TRANSFER,26.01,C5307145891,102.25,76.24,C1625217504,129.91,155.92,0,0.08,0
584,PAYMENT,388.67,C8997701619,492.99,104.32,M3495411322,0.0,0.0,0,0.0,0
385,CASH_OUT,1.0,C4310415016,0.0,0.0,C6717963562,1.0,1.0,0,0.03666666666666667,0
490,CASH_OUT,23310.4,C8867077130,28758.98,5448.58,M8235474949,0.0,0.0,1,0.013333333333333334,0
597,TRANSFER,351.95,C4751509023,360.25,8.3,C3426665919,0.0,0.0,1,0.17666666666666667,0
685,PAYMENT,3.07,C1431494396,4.09,1.02,M2916502228,0.0,0.0,0,0.0,0
256,CASH_OUT,1.0,C2349406919,0.0,0.0,C1194576436,174.26,174.26,0,0.01,0
654,PAYMENT,43.16,C5735817014,514.09,470.93,M2249831874,0.0,0.0,0,0.0,0
35,CASH_OUT,4070.55,C5115980792,4350.68,280.13,C8388580360,645.07,645.07,1,0.0,0
470,TRANSFER,556.5,C2191714875,625.54,69.04,C6879428703,198.66,198.66,1,0.06666666666666667,0
189,CASH_OUT,3187.93,C9916336966,23000.33,19812.4,C8418332121,883.09,883.09,0,0.0,0
442,TRANSFER,5441.46,C7805745017,4538.83,0.0,M4122901114,0.0,0.0,1,0.8933333333333333,1
446,TRANSFER,1.0,C9248574674,0.0,0.0,C6726515966,0.0,1.0,0,0.22,0
424,DEBIT,6.86,C7666129822,13.61,6.75,M8063693463,0.0,0.0,0,0.02666666666666667,0
480,TRANSFER,1.0,C5943324387,0.0,0.0,C6171239466,263.27,264.27,0,0.10666666666666667,0
561,TRANSFER,69.84,C6517150278,11410.39,11340.55,C3815389788,7.86,77.7,0,0.2,0
508,CASH_OUT,3815.89,C5433722159,4016.43,200.54,M2869931869,0.0,0.0,1,0.03333333333333333,0
269,PAYMENT,6.51,C7767834064,10.1,3.59,M1368287033,0.0,0.0,0,0.0,0
668,PAYMENT,1.0,C4310415016,0.0,0.0,M2187592160,0.0,0.0,0,0.0,0
230,CASH_OUT,10.27,C1457632732,20.25,9.98,C3316277000,152.16,152.16,0,0.0,0
158,CASH_OUT,4290.42,C4073772623,3641.54,0.0,C5898890707,4.16,4.16,1,0.05,0
140,PAYMENT,112.4,C5976777081,143.97,31.57,M7764117705,0.0,0.0,0,0.0,0
309,PAYMENT,54.6,C8570850267,108.8,54.2,M7437168216,0.0,0.0,0,0.0,0
75,PAYMENT,1.0,C7059726570,0.0,0.0,M9933702652,0.0,0.0,0,0.0,0
281,TRANSFER,1187.2,C2075321966,2545.18,1357.98,C8969097897,0.7,1187.9,0,0.0033333333333333335,0
315,CASH_IN,1.0,C8001729836,438.62,439.62,C9103115140,2164.15,2164.15,0,0.0,0
160,CASH_OUT,1.0,C5569145346,0.0,0.0,C3313993297,0.0,0.0,0,0.013333333333333334,0
677,TRANSFER,232.83,C4248149900,228.75,0.0,M6866146362,0.0,0.0,1,0.23,0
535,CASH_OUT,338.04,C1589582865,457.67,119.63,C6204041308,1178.8,1178.8,1,0.03,0
354,PAYMENT,1.0,C4658080160,0.0,0.0,M7343954769,0.0,0.0,0,0.0,0
614,TRANSFER,52.92,C6156843353,50.29,0.0,M3145756342,0.0,0.0,1,0.23666666666666666,0
386,CASH_IN,8063.24,C5634076661,284.63,8347.87,C4143852021,3167.29,3167.29,0,0.0,0
715,CASH_OUT,313.41,C6171239466,264.27,0.0,C4226113732,0.0,0.0,1,0.07333333333333333,0
313,PAYMENT,85.12,C5376302686,96.63,11.51,M3145756342,0.0,0.0,0,0.0,0
281,CASH_OUT,1.0,C2017675569,0.0,0.0,C3528924461,139.08,139.08,0,0.013333333333333334,0
707,TRANSFER,216.91,C2870403050,250.8,33.89,C7590302909,130.84,347.75,1,0.07,0
634,TRANSFER,351.3,C5421051452,422.49,71.19,C6493800024,302.74,654.04,0,0.05333333333333334,0
256,CASH_OUT,1.0,C1182758417,0.0,0.0,C5184564874,1270.59,1270.59,0,0.006666666666666667,0
74,TRANSFER,1999.18,C2984460654,2091.97,92.79,C9751963589,1018.38,1018.38,1,0.016666666666666666,0
69,CASH_OUT,18.79,C1005502537,39.48,20.69,C4750707607,279.39,279.39,0,0.0,0
630,CASH_OUT,4210.68,C1316756902,3906.05,0.0,M2129491690,0.0,0.0,1,0.24333333333333335,0
189,PAYMENT,1.92,C1124331395,2.04,0.12,M7951820749,0.0,0.0,0,0.0,0
680,PAYMENT,1.0,C9929101065,0.0,0.0,M6053489772,0.0,0.0,0,0.0,0
95,PAYMENT,1.0,C2267619081,0.0,0.0,M7453081889,0.0,0.0,0,0.0,0
74,PAYMENT,3.01,C2646331504,4.38,1.37,M7951820749,0.0,0.0,0,0.0,0
52,DEBIT,20.92,C9272277508,23.43,2.51,M6247463262,0.0,0.0,0,0.023333333333333334,0
657,TRANSFER,4.73,C4472312361,9.16,4.43,C7074050517,0.0,4.73,0,0.18333333333333332,0
628,CASH_OUT,876.98,C4356175095,749.41,0.0,C6558450990,3599.3,3599.3,1,0.056666666666666664,0
293,TRANSFER,8016.98,C6761084958,7160.84,0.0,M6200141898,0.0,0.0,1,0.7866666666666666,1
624,PAYMENT,31.23,C1173215225,75.62,44.39,M6498703287,0.0,0.0,0,0.0,0
402,TRANSFER,6.69,C7393195616,8.44,1.75,C7146318035,0.0,6.69,0,0.17333333333333334,0
281,TRANSFER,1.0,C8493451569,1.39,0.39,C7799567490,32.0,33.0,0,0.17,0
382,CASH_OUT,1.71,C5150074940,7.14,5.43,C1182758417,0.0,0.0,0,0.013333333333333334,0
673,TRANSFER,6186.1,C1551395583,7303.37,1117.27,M3223687972,0.0,0.0,1,0.31666666666666665,0
480,PAYMENT,92.18,C4466589567,335.39,243.21,M1694904767,0.0,0.0,0,0.0,0
627,CASH_OUT,3235.42,C9995834531,2911.58,0.0,M8058679999,0.0,0.0,1,0.19333333333333333,0
201,CASH_OUT,1.0,C5292015249,0.0,0.0,C4070964768,43461.89,43461.89,0,0.0,0
154,TRANSFER,1.29,C3713284816,2.34,1.05,C1209063208,9.78,11.07,0,0.13333333333333333,0
560,TRANSFER,10.22,C2785736751,45.79,35.57,C9454207717,0.0,10.22,0,0.16666666666666666,0
644,CASH_OUT,47341.99,C3846570058,55831.44,8489.45,C1104906255,0.0,0.0,1,0.01,0
385,CASH_OUT,3291.11,C3837784389,3995.54,704.43,M7192742877,0.0,0.0,1,0.01,0
593,CASH_OUT,103.63,C7801180691,87.16,0.0,C2017675569,0.0,0.0,1,0.07333333333333333,0
478,PAYMENT,592.6,C7665963761,1460.89,868.29,M1185303518,0.0,0.0,0,0.0,0
650,TRANSFER,138.39,C6698759353,192.85,54.46,C7527316141,6.92,6.92,1,0.14,0
269,TRANSFER,20.51,C9343730920,39.99,19.48,C9661615016,0.0,20.51,0,0.15666666666666668,0
8,TRANSFER,5701.11,C8684942020,4816.29,0.0,M5449848690,0.0,0.0,1,0.7033333333333334,1
2,CASH_OUT,982.08,C3849232839,1392.02,409.94,M6790024996,0.0,0.0,1,0.016666666666666666,0
256,TRANSFER,82.95,C5862655247,4030.92,3947.97,C1242425303,0.0,82.95,0,0.17,0
106,PAYMENT,63.61,C7845366946,74.85,11.24,M2418407139,0.0,0.0,0,0.0,0
9,PAYMENT,16.79,C9461708554,20.02,3.23,M5194066484,0.0,0.0,0,0.0,0
475,TRANSFER,1246.17,C3102209245,1249.7,3.53,M3072183247,0.0,0.0,1,0.3333333333333333,0
697,TRANSFER,1333.98,C1726990714,1744.66,410.68,C3343459102,299.4,1633.38,0,0.03333333333333333,0
110,PAYMENT,2.61,C3821211202,8.34,5.73,M8643636805,0.0,0.0,0,0.0,0
702,PAYMENT,59.73,C4130305126,96.85,37.12,M6932365592,0.0,0.0,0,0.0,0
142,TRANSFER,124623.55,C2480915452,135972.44,11348.89,C7627266377,0.0,124623.55,0,0.0,0
412,PAYMENT,23.66,C3115806625,39.17,15.51,M7343954769,0.0,0.0,0,0.0,0
272,PAYMENT,2.12,C7759781156,2.26,0.14,M3508990774,0.0,0.0,0,0.0,0
76,PAYMENT,1.0,C5275521470,0.08,0.0,M5815678365,0.0,0.0,0,0.0,0
200,CASH_OUT,5.72,C1005502537,20.69,14.97,C5418232833,2.28,2.28,0,0.0,0
53,TRANSFER,3913.09,C8293453178,3852.56,0.0,C3260842187,0.0,3913.09,1,0.08,0
72,CASH_OUT,1.0,C3371357111,0.0,0.0,C7226553010,1.15,1.15,0,0.006666666666666667,0
150,DEBIT,2.58,C8295757364,4.99,2.41,M3476758136,0.0,0.0,0,0.023333333333333334,0
5,CASH_OUT,4355.7,C2224363672,3672.97,0.0,C6186758088,87.68,87.68,1,0.07666666666666666,0
397,PAYMENT,33.42,C4574027737,103.61,70.19,M7664045502,0.0,0.0,0,0.0,0
497,TRANSFER,20607.88,C1955345537,17460.26,0.0,M9410569618,0.0,0.0,1,0.92,1
470,PAYMENT,354.63,C4042413312,824.01,469.38,M4689605624,0.0,0.0,0,0.0,0
48,TRANSFER,1.0,C7576309274,0.0,0.0,C2125089309,220.76,221.76,0,0.04666666666666667,0
117,TRANSFER,11600.89,C7857580528,13464.88,1863.99,C6944371787,4.02,11604.91,0,0.0,0
480,CASH_OUT,1429.53,C4776677517,1250.53,0.0,C9954587710,36.47,36.47,1,0.31333333333333335,0
120,PAYMENT,20.86,C6447717367,82.74,61.88,M8858274691,0.0,0.0,0,0.0,0
471,TRANSFER,101.47,C5829062179,106.55,5.08,M2121448210,0.0,0.0,1,0.17,0
85,PAYMENT,1.0,C9479654136,0.0,0.0,M1888107487,0.0,0.0,0,0.0,0
58,TRANSFER,4.79,C6169243284,22.87,18.08,C1772303297,223.31,228.1,0,0.02666666666666667,0
424,PAYMENT,2499.47,C3260842187,3913.09,1413.62,M8325043570,0.0,0.0,0,0.0,0
265,TRANSFER,3176.14,C1051354601,3160.32,0.0,M2916502228,0.0,0.0,1,0.8366666666666667,1
560,PAYMENT,1.0,C7561728644,1.0,0.0,M9896529524,0.0,0.0,0,0.0,0
19,TRANSFER,7.52,C9704383251,11.05,3.53,C2866092821,1550.29,1557.81,0,0.0033333333333333335,0
68,PAYMENT,1.2,C9611537583,1.46,0.26,M3119908041,0.0,0.0,0,0.0,0
655,PAYMENT,1.0,C3878201524,0.93,0.0,M3536590481,0.0,0.0,0,0.0,0
642,CASH_OUT,364.2,C6329323383,414.51,50.31,M9640701016,0.0,0.0,1,0.03333333333333333,0
281,TRANSFER,1296.45,C1131267917,1601.34,304.89,C5751366455,0.0,0.0,1,0.13666666666666666,0
124,CASH_OUT,1.79,C9860949331,7.76,5.97,C5082603360,169.24,169.24,0,0.0,0
665,TRANSFER,108.37,C3057629778,149.68,41.31,C1993998848,400.87,509.24,0,0.06333333333333334,0
303,PAYMENT,10668.67,C1682781467,15358.44,4689.77,M9896529524,0.0,0.0,0,0.0,0
491,TRANSFER,1720.52,C4147025728,1798.45,77.93,C3520417815,25598.29,25598.29,1,0.006666666666666667,0
5,PAYMENT,70.75,C7620473079,144.33,73.58,M3705237613,0.0,0.0,0,0.0,0
494,CASH_OUT,3325.88,C7981077394,4219.69,893.81,C7602474923,0.06,0.06,1,0.02666666666666667,0
403,PAYMENT,173.06,C4750707607,279.39,106.33,M2303835765,0.0,0.0,0,0.0,0
716,PAYMENT,3.98,C2486744752,17.83,13.85,M5067400473,0.0,0.0,0,0.0,0
171,CASH_OUT,11.76,C8372755146,14.18,2.42,C2818381356,0.42,0.42,0,0.006666666666666667,0
136,PAYMENT,1.0,C1083651970,2.63,1.63,M1357561213,0.0,0.0,0,0.0,0
156,PAYMENT,9.81,C9032096058,14.73,4.92,M8325043570,0.0,0.0,0,0.0,0
236,PAYMENT,432.91,C1993998848,509.24,76.33,M8964269909,0.0,0.0,0,0.0,0
554,CASH_OUT,10.36,C5606736607,33.2,22.84,C4807122420,0.0,0.0,0,0.03333333333333333,0
558,PAYMENT,3.25,C3515167269,9.16,5.91,M5694439775,0.0,0.0,0,0.0,0
277,TRANSFER,52.67,C9333798503,132.56,79.89,C6789292252,171.16,223.83,0,0.02,0
522,CASH_OUT,18412.61,C3003484425,23468.85,5056.24,M9916475897,0.0,0.0,1,0.013333333333333334,0
83,CASH_OUT,212.55,C7451071432,355.57,143.02,C4264134512,383.21,383.21,0,0.0033333333333333335,0
493,TRANSFER,378.95,C4972536230,815.24,436.29,C8706093841,0.0,378.95,0,0.07,0
595,PAYMENT,6621.9,C2370592316,8821.42,2199.52,M3156792018,0.0,0.0,0,0.0,0
524,PAYMENT,1.28,C6474354351,6.12,4.84,M6932365592,0.0,0.0,0,0.0,0
672,CASH_OUT,1.0,C7838460497,0.7,0.0,C4847761430,0.0,0.0,0,0.056666666666666664,0
713,TRANSFER,1830.59,C1225447588,2015.55,184.96,M9410569618,0.0,0.0,1,0.26666666666666666,0
449,PAYMENT,1.21,C9943959352,1.29,0.08,M8063693463,0.0,0.0,0,0.0,0
79,TRANSFER,3720.78,C6745958212,4857.21,1136.43,C2994056084,100.28,100.28,1,0.06,0
297,PAYMENT,232.2,C6904897514,335.59,103.39,M9065458220,0.0,0.0,0,0.0,0
607,PAYMENT,6584.14,C5634076661,8347.87,1763.73,M8869140487,0.0,0.0,0,0.0,0
238,CASH_OUT,1.0,C8229344434,0.0,0.0,C8471762590,876.62,876.62,0,0.013333333333333334,0
250,CASH_IN,65782.2,C9986353481,10347.95,76130.15,C8796286443,0.0,0.0,0,0.0,0
652,DEBIT,5.1,C4152835101,7.12,2.02,M6011842297,0.0,0.0,0,0.043333333333333335,0
580,CASH_OUT,1.0,C8272725281,0.0,0.0,C8084809436,10.6,10.6,0,0.056666666666666664,0
459,CASH_OUT,3816.37,C4398953973,4759.77,943.4,M6763471833,0.0,0.0,1,0.03666666666666667,0
461,CASH_OUT,2497.66,C3923823693,3000.56,502.9,M4390543744,0.0,0.0,1,0.04666666666666667,0
488,PAYMENT,1333.02,C2076151332,3965.29,2632.27,M7343954769,0.0,0.0,0,0.0,0
176,TRANSFER,4.29,C7321180787,13.27,8.98,C3107125807,171.3,175.59,0,0.023333333333333334,0
328,TRANSFER,33164.76,C4070964768,43461.89,10297.13,C8691288568,14.61,33179.37,0,0.0,0
446,TRANSFER,1.0,C1818112342,0.0,0.0,C8287542751,4.97,5.97,0,0.19,0
149,PAYMENT,1.0,C7059726570,0.0,0.0,M6771941776,0.0,0.0,0,0.0,0
32,PAYMENT,1.0,C1230249217,0.0,0.0,M1783432867,0.0,0.0,0,0.0,0
17,CASH_IN,1366.92,C3933213766,136535.61,137902.53,C4956843441,19.91,19.91,0,0.0,0
699,TRANSFER,1.0,C3258354191,0.0,0.0,C2073755632,0.0,1.0,0,0.22,0
44,CASH_OUT,1.0,C1182758417,0.0,0.0,C2173242669,2.0,2.0,0,0.0033333333333333335,0
481,CASH_IN,18225.47,C3003484425,5056.24,23281.71,C6714723660,472.49,472.49,0,0.0,0
182,TRANSFER,71.26,C5010075517,70.58,0.0,C6272000062,907.21,907.21,1,0.02,0
422,TRANSFER,603.18,C4927019611,851.58,248.4,C9067664957,713.19,1316.37,0,0.03666666666666667,0
194,TRANSFER,1.0,C3098948446,0.46,0.0,C1659663750,18.15,19.15,0,0.18666666666666668,0
407,PAYMENT,1023.67,C3260842187,1413.62,389.95,M9065458220,0.0,0.0,0,0.0,0
115,DEBIT,489.59,C7977267911,1030.89,541.3,M5067400473,0.0,0.0,0,0.01,0
568,PAYMENT,1005.22,C7750819485,1284.58,279.36,M8366710477,0.0,0.0,0,0.0,0
420,CASH_OUT,6112.84,C5118430494,7319.89,1207.05,M6053489772,0.0,0.0,1,0.02,0
14,TRANSFER,184.9,C4623960580,154.44,0.0,M9020002737,0.0,0.0,1,0.20666666666666667,0
29,CASH_OUT,1051.52,C3894673596,3691.59,2640.07,C4786674545,941.77,941.77,0,0.0033333333333333335,0
685,CASH_OUT,1.0,C9388140708,0.0,0.0,C5512036684,3.52,3.52,0,0.05333333333333334,0
18,PAYMENT,575.16,C7038841740,967.61,392.45,M5270048042,0.0,0.0,0,0.0,0
354,CASH_OUT,1346.85,C8684026200,1336.18,0.0,M9065458220,0.0,0.0,1,0.13333333333333333,0
355,CASH_OUT,579.76,C7374584386,679.25,99.49,M8728631945,0.0,0.0,1,0.016666666666666666,0
447,CASH_OUT,1.0,C4558302256,0.21,0.0,C4751509023,8.3,8.3,0,0.08333333333333333,0
502,PAYMENT,15.16,C9660523876,32.73,17.57,M3192202822,0.0,0.0,0,0.0,0
145,PAYMENT,3.03,C9376711497,3.4,0.37,M8790289305,0.0,0.0,0,0.0,0
20,CASH_OUT,3874.22,C6128695961,15955.47,12081.25,C3894673596,2640.07,2640.07,0,0.0,0
82,CASH_OUT,7.53,C5763350700,20.11,12.58,C4503614567,128.24,128.24,0,0.0,0
601,TRANSFER,2256.18,C4752171298,1901.27,0.0,M8443061472,0.0,0.0,1,0.77,1
523,PAYMENT,2770.72,C2960432117,9851.26,7080.54,M9916475897,0.0,0.0,0,0.0,0
365,PAYMENT,1.0,C3550908958,0.0,0.0,M6846530109,0.0,0.0,0,0.0,0
50,CASH_OUT,807.58,C3645901955,749.21,0.0,M9410569618,0.0,0.0,1,0.06666666666666667,0
689,DEBIT,65.37,C9558091177,72.29,6.92,M9977193987,0.0,0.0,0,0.03333333333333333,0
719,CASH_OUT,77.82,C9526836552,198.66,120.84,C8285786023,0.0,0.0,0,0.03,0
8,CASH_OUT,378.25,C6474354351,427.74,49.49,M8058679999,0.0,0.0,1,0.0033333333333333335,0
145,TRANSFER,2916.17,C5633956194,2978.91,62.74,M1908459040,0.0,0.0,1,0.4266666666666667,0
338,DEBIT,1.0,C2183906581,0.0,0.0,M5694439775,0.0,0.0,0,0.04,0
204,CASH_OUT,7.66,C8796293088,12.33,4.67,C6655089949,290.4,290.4,0,0.0,0
345,TRANSFER,2.92,C9279291478,16.81,13.89,C9592390865,275.75,278.67,0,0.0033333333333333335,0
19,CASH_OUT,711.47,C9196564761,999.01,287.54,M8443061472,0.0,0.0,1,0.0033333333333333335,0
527,PAYMENT,4423.7,C2549748436,13846.25,9422.55,M8144352013,0.0,0.0,0,0.0,0
500,TRANSFER,59.9,C8689593739,77.88,17.98,M9441870024,0.0,0.0,1,0.17666666666666667,0
192,PAYMENT,1.22,C3047869247,3.46,2.24,M8144352013,0.0,0.0,0,0.0,0
594,DEBIT,9.43,C2254516608,84.55,75.12,M3580582653,0.0,0.0,0,0.03,0
97,PAYMENT,8.62,C3250402001,12.97,4.35,M6866146362,0.0,0.0,0,0.0,0
541,CASH_OUT,4826.35,C1225052083,4049.06,0.0,C6544063167,877.94,877.94,1,0.23666666666666666,0
350,PAYMENT,56.35,C5461537013,134.75,78.4,M4306983924,0.0,0.0,0,0.0,0
28,TRANSFER,2200.24,C7406579219,1881.27,0.0,C9661615016,20.51,2220.75,1,0.12666666666666668,0
325,PAYMENT,4.06,C1288335378,8.68,4.62,M3605446007,0.0,0.0,0,0.0,0
512,CASH_OUT,1007.95,C7767834064,1173.36,165.41,C7665963761,868.29,868.29,1,0.016666666666666666,0
142,PAYMENT,1.0,C5789617427,0.0,0.0,M5794335854,0.0,0.0,0,0.0,0
393,PAYMENT,1.0,C5935852056,0.0,0.0,M1783432867,0.0,0.0,0,0.0,0
626,PAYMENT,1.0,C5067116918,0.0,0.0,M9410569618,0.0,0.0,0,0.0,0
170,PAYMENT,1.0,C6773938304,0.0,0.0,M6651754819,0.0,0.0,0,0.0,0
228,TRANSFER,1.0,C8721631198,0.0,0.0,C9409682410,0.0,1.0,0,0.23,0
394,PAYMENT,29.27,C9677466102,138.69,109.42,M7532669066,0.0,0.0,0,0.0,0
65,CASH_OUT,88.61,C3521166052,98.08,9.47,M1732578761,0.0,0.0,1,0.0033333333333333335,0
653,TRANSFER,4104.54,C5418232833,3436.87,0.0,M9398575277,0.0,0.0,1,0.9433333333333334,1
41,PAYMENT,1.0,C4847761430,0.0,0.0,M3223687972,0.0,0.0,0,0.0,0
112,CASH_OUT,1.0,C6837342064,0.0,0.0,C2962491159,0.37,0.37,0,0.0033333333333333335,0
689,TRANSFER,1.0,C2224363672,0.0,0.0,C1131671246,5351.94,5352.94,0,0.03666666666666667,0
606,PAYMENT,27.18,C6496596008,37.38,10.2,M2303835765,0.0,0.0,0,0.0,0
493,PAYMENT,896.04,C7266763552,1223.53,327.49,M3508990774,0.0,0.0,0,0.0,0
523,TRANSFER,25419.69,C5899025962,24479.84,0.0,M3369412470,0.0,0.0,1,0.9833333333333333,1
256,PAYMENT,2833.27,C4735334423,3391.43,558.16,M7750131975,0.0,0.0,0,0.0,0
371,TRANSFER,2992.83,C3836517266,2536.63,0.0,M3517195150,0.0,0.0,1,0.7366666666666667,1
292,PAYMENT,1.0,C2293434554,1.78,0.78,M7702529931,0.0,0.0,0,0.0,0
643,TRANSFER,2292.55,C1546957087,2434.84,142.29,C8831899893,12.93,12.93,1,0.33666666666666667,0
262,TRANSFER,4.64,C5868640848,9.56,4.92,C5871743247,14829.19,14833.83,0,0.0,0
588,TRANSFER,82.37,C1770278136,118.83,36.46,C3358880404,82936.86,83019.23,0,0.0033333333333333335,0
134,PAYMENT,1.0,C4361393222,1.0,0.0,M7282885927,0.0,0.0,0,0.0,0
408,TRANSFER,86.69,C9438411468,99.34,12.65,C2950049698,302.04,388.73,0,0.03333333333333333,0
415,TRANSFER,1814.5,C4470591645,2091.48,276.98,C3003484425,23281.71,25096.21,1,0.0033333333333333335,0
93,TRANSFER,2958.69,C7146318035,3287.58,328.89,M3072183247,0.0,0.0,1,0.21333333333333335,0
394,TRANSFER,1.0,C4486522557,0.0,0.0,C5703357871,846.39,847.39,0,0.013333333333333334,0
240,TRANSFER,3159.83,C9860949331,3301.94,142.11,C8948573913,0.0,0.0,1,0.4033333333333333,0
231,CASH_IN,592.49,C1242425303,82.95,675.44,C8809871735,260.83,260.83,0,0.0,0
75,CASH_OUT,242.57,C2476831585,435.27,192.7,C8664882079,57827.6,57827.6,0,0.0,0
501,PAYMENT,2060.81,C3438771483,8471.25,6410.44,M2136107759,0.0,0.0,0,0.0,0
664,PAYMENT,1.0,C2331039957,0.0,0.0,M1199447370,0.0,0.0,0,0.0,0
464,PAYMENT,1.0,C6306523372,0.0,0.0,M4211837506,0.0,0.0,0,0.0,0
158,TRANSFER,4786.58,C6464693977,4290.87,0.0,C7074050517,4.73,4791.31,1,0.05,0
649,PAYMENT,1.49,C3520417815,25598.29,25596.8,M3322580659,0.0,0.0,0,0.0,0
205,TRANSFER,255.31,C8703867299,241.43,0.0,M5570190774,0.0,0.0,1,0.23666666666666666,0
248,PAYMENT,1.0,C9597198563,1.03,0.03,M6515490818,0.0,0.0,0,0.0,0
712,CASH_OUT,1.0,C1124331395,0.12,0.0,C3623588379,0.0,0.0,0,0.05333333333333334,0
654,PAYMENT,54.27,C3710566582,207.78,153.51,M1083302600,0.0,0.0,0,0.0,0
185,PAYMENT,1.0,C8015124886,0.0,0.0,M3508990774,0.0,0.0,0,0.0,0
145,PAYMENT,172.88,C5077921573,242.18,69.3,M3595066420,0.0,0.0,0,0.0,0
464,CASH_OUT,2815.32,C1207916194,3987.57,1172.25,C1194576436,174.26,174.26,1,0.04,0
447,PAYMENT,1.0,C4630196130,0.0,0.0,M2121448210,0.0,0.0,0,0.0,0
660,PAYMENT,1.0,C9337145038,0.0,0.0,M3208200227,0.0,0.0,0,0.0,0
126,TRANSFER,51729.19,C8373547961,65069.83,13340.64,M3811254192,0.0,0.0,1,0.21333333333333335,0
223,PAYMENT,5562.56,C3846570058,8489.45,2926.89,M7928143230,0.0,0.0,0,0.0,0
588,TRANSFER,3536.69,C6797174636,3491.76,0.0,C3713284816,1.05,1.05,1,0.94,1
128,PAYMENT,133.38,C1613549255,166.31,32.93,M8548290298,0.0,0.0,0,0.0,0
407,CASH_OUT,2406.32,C5135595227,2062.25,0.0,M9410569618,0.0,0.0,1,0.14666666666666667,0
414,PAYMENT,1.0,C4332894265,0.0,0.0,M6763471833,0.0,0.0,0,0.0,0
183,CASH_OUT,8233.63,C9516893896,6916.98,0.0,C6974875750,0.0,0.0,1,0.043333333333333335,0
393,CASH_IN,253.74,C4638577630,4.95,258.69,C8001729836,439.62,439.62,0,0.0033333333333333335,0
321,TRANSFER,1.0,C5407856339,0.0,0.0,C6619138852,14.34,15.34,0,0.18333333333333332,0
73,CASH_OUT,3772.92,C5010075517,3715.41,0.0,M7512767226,0.0,0.0,1,0.043333333333333335,0
700,PAYMENT,1395.15,C3019214800,36946.82,35551.67,M5087280062,0.0,0.0,0,0.0,0
439,PAYMENT,23931.21,C9861449701,56191.85,32260.64,M8869140487,0.0,0.0,0,0.0,0
146,PAYMENT,553.42,C8926438617,970.81,417.39,M5985331805,0.0,0.0,0,0.0,0
713,CASH_OUT,52.85,C7935554354,54.89,2.04,C4274374218,0.0,0.0,1,0.04,0
356,TRANSFER,134.45,C6317889312,132.76,0.0,M3517195150,0.0,0.0,1,0.23,0
369,CASH_OUT,2683.15,C5358791907,3656.5,973.35,C7415801613,2576.69,2576.69,1,0.0033333333333333335,0
650,CASH_OUT,2.44,C4159699467,3.59,1.15,C4152835101,2.02,2.02,0,0.03666666666666667,0
676,CASH_OUT,488.45,C1644608746,583.16,94.71,C6448324230,0.0,0.0,0,0.02666666666666667,0
681,CASH_OUT,16.32,C2878930355,32.92,16.6,C4536306171,0.0,0.0,0,0.02666666666666667,0
552,TRANSFER,2906.85,C4734111722,3579.68,672.83,C3197757742,0.0,0.0,1,0.2966666666666667,0
525,PAYMENT,34.72,C2050340486,57.64,22.92,M3965860354,0.0,0.0,0,0.0,0
22,PAYMENT,4.07,C9343730920,19.48,15.41,M4908108692,0.0,0.0,0,0.0,0
239,TRANSFER,3444.23,C3971203213,4025.97,581.74,M1711271599,0.0,0.0,1,0.21666666666666667,0
206,CASH_OUT,76.7,C2311597141,128.34,51.64,C3280805846,6.76,6.76,0,0.0,0
491,TRANSFER,1.0,C4485356009,0.0,0.0,C9433570024,0.47,1.47,0,0.22666666666666666,0
187,TRANSFER,338.67,C1726990714,410.68,72.01,M1676220116,0.0,0.0,1,0.15666666666666668,0
243,DEBIT,26.04,C6075963527,29.67,3.63,M9918338001,0.0,0.0,0,0.03,0
607,CASH_OUT,152.52,C3744446292,250.81,98.29,C1569113257,308.47,308.47,0,0.02666666666666667,0
227,DEBIT,987.05,C7539399243,1240.39,253.34,M1185303518,0.0,0.0,0,0.01,0
655,CASH_OUT,183.82,C2075413763,184.17,0.35,M2695447268,0.0,0.0,1,0.07,0
12,PAYMENT,9.87,C8417757797,16.06,6.19,M2391874847,0.0,0.0,0,0.0,0
365,PAYMENT,1.0,C3799620568,0.0,0.0,M4908108692,0.0,0.0,0,0.0,0
448,PAYMENT,1.0,C2601198885,0.0,0.0,M3369412470,0.0,0.0,0,0.0,0
437,PAYMENT,11.29,C9912233947,24.79,13.5,M9398575277,0.0,0.0,0,0.0,0
569,TRANSFER,4201.5,C2571688961,3530.88,0.0,C6214917780,18.8,4220.3,1,0.37333333333333335,0
73,TRANSFER,1845.0,C2073755632,2570.6,725.6,M1908459040,0.0,0.0,1,0.18333333333333332,0
700,PAYMENT,325.61,C1248786714,20357.27,20031.66,M2625035499,0.0,0.0,0,0.0,0
422,CASH_OUT,89.05,C8638763775,369.88,280.83,C8178927766,0.0,0.0,0,0.03666666666666667,0
153,PAYMENT,1.0,C5281907480,0.0,0.0,M2571632270,0.0,0.0,0,0.0,0
39,TRANSFER,1.0,C2224363672,0.0,0.0,C9333798503,79.89,80.89,0,0.12333333333333334,0
683,PAYMENT,67.07,C8737025391,266.33,199.26,M7351460539,0.0,0.0,0,0.0,0
203,CASH_OUT,202.42,C7645527239,204.31,1.89,M3476758136,0.0,0.0,1,0.01,0
15,PAYMENT,3145.86,C8867077130,5448.58,2302.72,M9404002665,0.0,0.0,0,0.0,0
208,TRANSFER,4866.37,C4163119785,4696.79,0.0,M2243802345,0.0,0.0,1,0.81,1
345,CASH_OUT,9.75,C9343730920,15.41,5.66,C7666129822,6.75,6.75,0,0.006666666666666667,0
227,PAYMENT,1.0,C7979466538,0.99,0.0,M1908459040,0.0,0.0,0,0.0,0
584,CASH_OUT,3.02,C5215140451,7.18,4.16,C5141285960,85688.99,85688.99,0,0.0033333333333333335,0
669,CASH_OUT,449.29,C8953726023,477.25,27.96,C6515369278,102349.27,102349.27,1,0.01,0
437,CASH_OUT,956.86,C9479654136,857.33,0.0,C6161147047,91.19,91.19,1,0.3933333333333333,0
379,PAYMENT,15.88,C2180484299,37.35,21.47,M1099218439,0.0,0.0,0,0.0,0
700,PAYMENT,1.0,C8703867299,0.0,0.0,M4125758723,0.0,0.0,0,0.0,0
407,CASH_OUT,328.76,C8086684009,579.5,250.74,C1367704871,0.0,0.0,0,0.03,0
466,TRANSFER,43828.67,C1392245997,127025.51,83196.84,C5428082088,423.53,44252.2,0,0.0,0
696,TRANSFER,1.0,C9461708554,3.23,2.23,C5329194647,0.0,1.0,0,0.18333333333333332,0
485,TRANSFER,428.67,C7803990970,381.71,0.0,C8235363119,30611.31,30611.31,1,0.0,0
39,PAYMENT,346.03,C3392080953,610.3,264.27,M6282009986,0.0,0.0,0,0.0,0
64,CASH_OUT,27362.44,C3003484425,25096.21,0.0,M6282009986,0.0,0.0,1,0.04666666666666667,0
643,PAYMENT,2195.2,C7915226263,5090.41,2895.21,M2571632270,0.0,0.0,0,0.0,0
